-16
-15
-10
-10
-17
-18
-16
-14
-12
-11
-13
-13
-10
-9
-11
-13
-9
-11
-12
-7
-5
-10
-5
-4
-5
-8
-9
-5
-8
-6
-6
-10
-5
-7
-4
-6
-6
-4
-5
-7
-7
-2
-6
-4
-5
-5
-5
-6
-5
-7
-9
-4
-4
-3
-1
-5
-3
-2
1
3
7
5
1
7
6
9
9
6
13
8
11
11
6
11
8
12
11
10
9
7
12
7
12
10
6
6
16
17
14
17
12
17
22
20
16
16
17
18
18
17
15
19
16
14
14
14
12
10
11
6
10
8
8
5
5
10
7
5
3
3
9
5
2
3
4
1
-1
-1
1
-3
-4
-2
-4
-2
-2
-1
-1
0
-3
-7
0
-3
-4
-4
-7
-8
-11
-11
-12
-9
-9
-9
-9
-7
-6
-5
-3
-7
-7
-8
-10
-4
-3
-5
-6
-4
-4
-5
-1
-7
-7
-5
-8
-8
-5
-3
-7
-3
-9
-8
-5
-10
-7
-7
-4
-5
-5
-3
-7
-9
-9
-7
-4
-5
-3
3
8
4
-1
1
6
4
4
5
6
1
0
9
10
10
9
12
14
13
12
15
16
15
17
18
15
16
18
14
15
14
12
16
12
9
9
11
11
10
9
9
12
13
13
9
8
8
10
11
11
12
11
13
13
17
21
22
17
22
23
20
25
27
24
21
25
22
20
20
22
18
21
22
17
18
21
19
20
21
22
17
22
22
19
25
21
24
24
19
18
20
18
15
18
17
16
14
13
12
9
12
9
8
10
11
10
9
5
8
10
8
8
9
6
8
7
2
-1
-3
-2
-5
-3
-3
-2
0
-2
-2
-1
-1
-5
-6
-1
-4
-4
-7
-6
-6
-8
-3
-5
-5
-4
-2
0
0
-4
-3
-2
1
1
3
3
5
2
4
3
5
4
1
5
7
9
8
6
4
5
6
13
10
13
13
9
11
8
9
4
5
6
5
7
5
5
4
6
9
11
9
4
9
7
6
8
7
6
5
5
6
11
4
5
5
7
10
9
12
12
11
15
15
14
13
16
16
11
15
15
15
12
13
16
17
20
20
18
20
19
24
20
26
24
21
26
28
28
24
29
26
28
29
31
29
27
25
23
25
25
24
25
26
27
28
25
24
29
26
27
27
26
28
28
27
30
24
25
24
20
22
22
25
23
21
18
18
16
14
16
17
21
21
22
17
15
18
14
8
13
13
11
9
10
9
8
6
12
11
6
9
3
4
7
1
3
4
7
2
0
0
1
2
-3
-1
-1
0
-2
5
5
0
2
0
2
3
7
4
3
6
5
9
8
8
3
6
6
5
8
10
10
8
9
6
7
12
7
7
8
8
10
12
8
7
7
12
9
4
10
9
12
14
14
13
11
13
13
12
14
11
10
12
11
11
13
13
15
17
18
17
18
20
18
20
20
24
21
20
21
20
18
23
18
19
20
23
19
16
21
16
21
23
22
23
24
22
26
27
29
27
29
30
28
27
31
31
32
35
29
33
32
33
34
32
32
38
36
36
31
29
31
29
28
25
25
20
31
31
28
25
24
28
27
28
25
27
26
26
22
24
27
27
26
21
23
23
24
22
21
22
19
19
19
15
13
15
9
14
11
13
10
7
10
6
8
9
13
12
9
12
10
11
11
12
10
11
10
6
7
9
8
8
6
7
5
8
8
6
10
8
9
5
1
2
6
3
6
6
4
1
1
-1
-7
-9
-7
-6
-8
-5
-5
-7
-8
-5
-6
-7
-3
3
0
-2
0
4
1
-1
2
5
6
5
8
9
11
5
11
11
14
11
11
14
14
15
15
17
14
19
16
16
15
13
10
15
20
15
14
8
15
15
13
15
16
17
16
15
18
16
18
17
14
19
16
18
20
20
18
18
17
17
23
18
20
17
17
23
28
23
24
28
27
29
32
29
31
30
28
26
28
26
24
24
26
25
24
23
25
25
27
28
24
26
25
23
23
24
25
26
24
22
29
27
27
32
29
26
25
26
24
23
23
28
25
24
24
24
22
19
21
18
17
18
14
14
14
15
12
10
15
11
11
13
11
11
15
16
14
18
13
14
13
14
13
9
12
12
9
7
5
7
9
8
3
6
8
2
5
4
4
2
6
5
4
3
1
1
1
3
3
4
4
4
1
4
6
5
5
7
5
1
-1
0
2
-1
-3
-4
-2
-4
-3
-1
-2
-4
0
0
2
4
6
8
8
4
8
11
5
9
2
5
7
6
7
6
9
9
15
14
10
11
10
13
12
12
12
13
14
14
14
17
16
11
10
8
11
10
9
6
7
8
8
9
6
8
6
8
7
10
11
13
16
15
13
15
14
15
22
20
19
23
18
18
17
21
15
12
17
13
17
13
13
18
17
17
19
19
17
15
21
21
20
25
22
23
19
16
17
14
17
14
10
12
12
13
15
14
14
10
8
8
9
9
5
3
4
3
2
0
0
0
2
2
1
2
0
6
2
3
5
7
13
11
10
7
11
6
9
11
8
12
3
7
8
4
2
6
10
5
11
5
4
8
5
4
3
7
9
8
9
12
11
13
10
6
8
5
8
7
6
8
8
9
12
13
11
9
11
12
10
11
10
15
13
11
8
10
10
14
17
14
16
13
17
18
16
19
17
19
13
12
14
15
14
15
14
13
16
17
16
19
20
15
19
19
18
20
21
20
22
23
22
22
19
24
25
27
27
30
27
30
29
24
32
30
33
33
28
32
36
36
29
30
29
26
32
28
32
34
32
35
30
34
38
30
29
26
26
32
30
24
24
21
21
24
19
21
18
17
18
21
19
19
19
21
18
18
21
15
14
18
17
14
15
12
12
12
12
13
17
15
16
19
16
17
19
22
16
21
18
20
17
11
10
9
12
9
5
7
5
3
3
4
6
10
9
7
12
9
8
6
3
7
3
4
3
5
5
4
5
4
5
2
7
8
0
-1
4
0
0
-1
0
-2
-5
-6
-6
-10
-8
-7
-8
-7
-7
-10
-10
-10
-12
-10
-8
-7
-4
-5
-8
-9
-8
0
-4
-1
0
-8
-6
-11
-10
-9
-4
-4
-4
-3
-4
-3
-4
-5
-2
4
6
4
5
7
2
5
13
10
18
21
18
20
15
14
16
17
18
21
24
26
24
29
30
26
28
32
33
35
29
29
34
35
36
38
40
38
42
33
35
32
38
39
39
41
40
37
38
38
37
40
40
40
37
37
30
34
34
31
30
27
26
25
23
23
24
23
20
19
16
12
12
10
8
4
3
3
-8
-8
-11
-13
-17
-19
-18
-22
-18
-21
-21
-23
-24
-22
-21
-23
-22
-21
-23
-22
-19
-20
-19
-19
-26
-24
-27
-25
-27
-24
-24
-26
-24
-25
-23
-22
-17
-15
-10
-9
-9
-4
-6
-6
-7
-9
-13
-14
-17
-22
-27
-34
-36
-35
-32
-30
-25
-17
-1
8
15
21
29
33
44
61
64
64
61
66
65
70
74
67
72
69
63
67
64
52
49
51
50
44
47
46
42
37
39
41
38
36
38
38
36
33
32
28
26
29
28
20
18
11
11
15
12
8
9
5
2
0
3
5
6
6
5
5
6
8
12
12
10
10
9
11
13
10
9
7
8
11
12
10
9
11
9
7
8
6
5
7
9
10
12
6
6
7
7
9
10
4
1
2
4
-2
-1
-4
-11
-10
-8
-10
-17
-22
-25
-21
-23
-27
-29
-29
-31
-34
-37
-40
-41
-44
-46
-47
-50
-56
-55
-57
-59
-61
-62
-59
-60
-65
-63
-58
-60
-57
-62
-66
-72
-72
-74
-74
-76
-79
-77
-65
-47
-27
-25
-32
-29
-8
14
34
57
59
49
39
50
61
62
59
63
56
49
57
57
43
31
40
47
43
44
42
33
29
31
34
33
28
35
43
41
32
22
14
12
19
18
14
5
0
1
1
-6
-10
-15
-12
-8
-4
-3
-11
-18
-25
-18
-12
-14
-10
-10
-9
-4
-11
-8
2
2
3
7
1
6
14
19
23
18
16
19
24
29
29
31
30
29
34
36
36
34
28
31
40
34
32
32
32
27
23
19
16
14
13
16
9
4
2
-6
-5
-6
-11
-21
-29
-29
-26
-29
-40
-48
-48
-49
-54
-57
-62
-63
-67
-70
-70
-77
-79
-72
-68
-68
-74
-74
-74
-76
-75
-82
-91
-97
-97
-103
-102
-96
-80
-55
-38
-25
-26
-27
-10
17
50
71
85
73
64
70
83
87
90
91
92
88
82
87
77
61
56
61
66
69
62
58
59
54
54
50
45
45
51
56
46
34
26
18
18
17
14
7
3
-2
-3
-2
-16
-29
-27
-20
-15
-20
-32
-35
-33
-37
-37
-32
-34
-32
-26
-13
-18
-26
-26
-26
-29
-27
-20
-14
-9
-4
10
10
10
13
24
31
34
45
51
46
38
37
42
45
45
49
44
43
43
45
45
41
37
34
34
28
30
33
26
16
13
13
8
-1
-1
-2
-7
-17
-31
-34
-35
-38
-40
-46
-50
-59
-58
-58
-64
-71
-73
-78
-83
-82
-83
-81
-83
-81
-79
-79
-88
-91
-85
-82
-84
-82
-88
-98
-103
-108
-110
-120
-114
-93
-77
-61
-29
-10
-16
-17
2
34
57
88
105
98
81
82
100
104
109
110
111
101
103
108
96
74
69
75
84
79
77
72
61
57
55
56
49
50
57
59
46
29
11
5
6
12
12
-2
-11
-20
-17
-21
-27
-35
-36
-23
-21
-37
-45
-42
-47
-43
-34
-27
-36
-43
-29
-31
-38
-38
-33
-21
-12
3
7
2
-2
7
18
32
45
51
49
43
40
39
49
52
55
60
62
62
57
56
57
57
60
56
57
59
50
42
34
31
33
36
27
18
10
4
-3
-10
-14
-16
-21
-27
-28
-33
-45
-54
-56
-59
-63
-72
-72
-72
-82
-86
-92
-95
-99
-85
-84
-90
-90
-91
-88
-90
-88
-83
-81
-87
-101
-109
-106
-108
-110
-113
-101
-92
-74
-45
-14
-5
-17
-5
18
46
82
122
125
94
93
110
122
130
138
131
111
111
129
124
98
83
85
90
97
91
77
66
68
74
71
61
50
53
66
70
53
33
22
22
28
26
14
3
-5
-4
2
-9
-26
-39
-25
-6
-14
-28
-33
-33
-43
-44
-28
-29
-47
-39
-20
-25
-34
-34
-32
-34
-33
-8
4
6
17
22
28
24
23
31
48
68
61
58
53
44
46
59
66
61
54
56
62
56
57
55
55
46
40
50
46
41
31
33
28
17
14
9
4
-7
-16
-21
-34
-45
-46
-49
-62
-67
-68
-67
-68
-73
-79
-83
-79
-79
-73
-80
-86
-80
-75
-74
-81
-84
-80
-83
-77
-72
-79
-97
-106
-100
-104
-114
-115
-94
-78
-73
-49
-14
-1
-4
10
40
66
88
126
143
120
106
123
142
140
141
144
133
119
128
138
118
93
93
100
103
102
95
86
80
78
84
76
63
65
72
77
67
45
24
24
28
25
21
12
-1
-7
-6
-3
-16
-33
-36
-16
-15
-34
-44
-44
-56
-63
-45
-34
-42
-53
-36
-39
-57
-58
-44
-37
-37
-27
-25
-31
-33
-15
14
31
40
41
46
47
56
63
66
71
70
79
84
74
63
60
69
70
69
68
56
50
48
45
39
36
26
30
31
22
16
8
0
-4
-10
-17
-27
-39
-50
-53
-65
-70
-79
-82
-84
-95
-103
-107
-109
-109
-114
-110
-108
-114
-106
-99
-102
-109
-103
-100
-98
-101
-106
-118
-128
-128
-133
-139
-136
-112
-87
-54
-22
-6
-13
-16
18
55
94
134
152
135
118
132
152
156
155
155
154
148
159
160
138
113
101
109
119
120
110
98
97
92
89
85
75
76
86
88
78
54
31
32
33
27
15
9
16
7
6
4
-15
-42
-39
-11
-5
-28
-38
-37
-50
-58
-49
-37
-48
-54
-39
-30
-45
-52
-44
-38
-31
-23
-9
-14
-16
-4
19
42
53
61
56
53
62
76
89
95
90
89
95
89
79
78
76
74
74
82
80
66
57
54
52
46
41
31
35
36
26
18
8
0
-10
-16
-20
-30
-42
-48
-57
-69
-76
-80
-85
-97
-96
-95
-99
-105
-114
-116
-115
-110
-103
-101
-104
-108
-107
-100
-95
-93
-95
-102
-113
-119
-125
-138
-146
-134
-109
-85
-52
-15
-3
-20
-12
27
65
114
151
161
145
133
152
168
162
157
158
156
155
165
168
138
110
104
114
120
117
110
106
107
101
101
94
83
85
92
95
86
56
45
41
37
27
12
11
5
5
12
9
-15
-37
-36
-9
-12
-32
-39
-29
-40
-57
-43
-29
-40
-48
-30
-33
-52
-60
-51
-49
-61
-55
-28
-14
-4
18
36
39
47
59
82
104
114
111
116
115
109
122
130
118
104
104
113
116
100
98
95
74
72
79
77
62
52
51
48
40
31
24
15
6
-4
-12
-27
-41
-49
-49
-69
-82
-83
-85
-83
-89
-97
-103
-107
-104
-105
-113
-116
-114
-114
-107
-106
-109
-112
-104
-106
-120
-131
-137
-139
-159
-171
-163
-144
-116
-80
-37
-24
-32
-30
1
45
88
140
169
156
140
148
163
167
168
168
163
158
169
187
176
142
117
116
123
131
130
123
120
115
106
99
94
84
85
96
96
84
60
43
45
41
28
16
19
12
9
17
7
-28
-40
-17
-2
-18
-36
-33
-32
-45
-52
-37
-29
-36
-36
-27
-35
-52
-51
-40
-39
-49
-32
-1
3
5
17
30
50
71
93
110
122
134
144
140
116
111
136
144
130
107
86
71
78
87
78
51
45
60
62
63
47
29
30
42
44
35
16
14
14
0
-18
-35
-49
-58
-60
-74
-108
-121
-115
-110
-120
-135
-135
-136
-126
-119
-120
-129
-131
-120
-109
-108
-117
-117
-112
-106
-111
-141
-175
-191
-196
-195
-199
-166
-58
61
123
89
49
97
184
212
185
210
321
378
298
187
129
110
83
95
123
89
28
30
76
76
2
-42
5
89
140
151
151
151
129
114
123
127
111
109
133
129
70
-7
-40
-57
-89
-89
-58
-57
-83
-72
-37
-64
-133
-124
-22
21
-10
-13
34
35
-26
-28
23
34
3
7
34
26
-11
-22
-18
-21
-14
5
25
38
47
69
95
136
150
140
155
177
190
165
158
178
172
150
137
114
70
43
50
60
48
41
56
52
36
30
44
32
20
32
36
13
-14
-22
-36
-80
-113
-123
-136
-146
-140
-145
-175
-182
-166
-146
-155
-150
-111
-85
-89
-99
-93
-107
-121
-130
-126
-121
-121
-111
-135
-156
-194
-220
-235
-257
-245
-162
32
222
263
153
96
200
290
232
157
260
438
430
263
141
89
-14
-109
-55
72
72
-61
-80
50
127
13
-93
-1
182
255
221
234
262
213
121
99
123
92
37
29
47
4
-93
-188
-245
-229
-169
-127
-130
-116
-35
33
-9
-90
-48
68
101
57
77
134
95
-18
-41
19
-4
-88
-106
-31
-3
-87
-166
-137
-58
-36
-60
-25
71
136
161
198
249
239
201
212
243
223
169
151
167
159
102
23
-31
-57
-44
-33
-16
-2
17
43
64
74
65
69
82
107
120
104
46
-7
-29
-49
-105
-176
-206
-194
-187
-195
-211
-226
-218
-183
-149
-139
-117
-64
-17
-12
-10
-15
-36
-79
-104
-101
-109
-141
-174
-169
-161
-188
-242
-286
-268
-237
-197
-142
-9
219
355
287
149
196
335
324
199
209
374
400
225
64
30
-32
-191
-228
-66
54
-31
-127
-8
158
120
-10
36
226
303
269
283
342
277
115
50
84
56
-54
-103
-65
-51
-125
-229
-282
-265
-206
-147
-105
-54
40
126
113
50
54
131
148
102
101
150
123
-11
-99
-85
-64
-133
-194
-151
-67
-73
-145
-146
-69
-19
-41
16
189
295
308
315
355
337
238
171
172
204
165
97
73
44
-14
-103
-158
-147
-89
-49
-21
43
95
117
114
122
154
162
153
145
151
117
26
-63
-122
-157
-197
-241
-283
-274
-253
-245
-242
-232
-193
-142
-90
-65
-28
5
23
23
0
-15
-59
-110
-146
-154
-170
-210
-208
-209
-216
-246
-293
-291
-254
-239
-219
-114
90
325
410
290
180
253
336
261
153
197
342
347
191
65
11
-128
-308
-260
-38
49
-75
-103
106
256
140
-13
77
255
280
244
300
369
255
46
-17
24
-33
-185
-214
-110
-63
-160
-273
-290
-253
-219
-179
-98
4
96
160
155
98
79
100
87
51
53
87
53
-64
-132
-121
-147
-230
-250
-161
-79
-95
-129
-76
5
14
-9
87
269
333
297
309
362
346
230
141
151
169
99
27
18
11
-45
-112
-129
-93
-69
-60
-9
90
160
175
170
183
207
202
158
125
119
66
-21
-91
-137
-179
-245
-302
-320
-302
-285
-259
-215
-189
-155
-106
-67
-43
2
41
44
34
-3
-21
-50
-127
-208
-220
-202
-228
-239
-237
-232
-242
-268
-276
-240
-196
-163
-68
92
321
461
378
221
236
335
289
163
143
267
341
231
73
-2
-89
-242
-260
-91
40
0
-54
82
269
255
93
74
206
268
256
280
320
257
98
1
6
-46
-188
-235
-155
-97
-124
-192
-233
-237
-215
-154
-75
-11
53
154
214
163
91
89
87
39
2
23
35
-39
-142
-158
-137
-187
-252
-214
-119
-66
-78
-65
7
55
81
140
228
278
271
307
378
367
237
114
102
117
64
-40
-86
-50
-25
-49
-92
-104
-87
-43
25
109
175
175
181
214
237
206
123
58
43
34
-30
-123
-191
-220
-235
-277
-313
-319
-282
-225
-169
-129
-107
-73
-39
-4
17
32
27
-5
-5
-15
-69
-157
-226
-258
-240
-228
-250
-240
-211
-207
-232
-229
-221
-224
-175
-68
175
441
511
343
212
284
329
224
70
119
306
355
230
86
0
-147
-277
-246
-81
20
-38
-17
181
339
249
80
68
169
245
257
286
314
243
111
27
-19
-110
-202
-226
-173
-100
-82
-136
-210
-224
-175
-103
-84
-52
84
227
230
133
105
129
84
-21
-52
19
31
-75
-142
-113
-107
-189
-245
-198
-108
-68
-69
-26
55
102
84
122
237
277
264
270
318
334
262
142
80
90
53
-19
-58
-41
-7
-36
-72
-69
-40
-29
-11
60
138
191
183
174
194
191
116
39
14
-10
-64
-142
-197
-219
-244
-293
-326
-312
-275
-241
-203
-160
-113
-75
-67
-60
-17
3
-6
-36
-51
-34
-61
-148
-229
-227
-224
-251
-259
-246
-215
-230
-282
-296
-266
-238
-171
90
412
529
389
250
298
365
259
92
128
313
388
276
134
41
-102
-264
-304
-154
-19
-47
-55
120
326
298
113
45
167
279
274
284
332
311
177
50
-1
-48
-148
-246
-234
-136
-73
-123
-225
-258
-192
-106
-96
-85
41
194
221
152
135
163
117
7
-38
25
35
-47
-119
-96
-79
-163
-251
-236
-136
-86
-90
-50
50
102
97
161
243
256
231
266
372
384
282
167
121
95
36
-21
-68
-52
-28
-10
-20
-62
-93
-74
1
66
118
158
182
204
214
197
130
50
-11
-27
-51
-118
-190
-230
-256
-307
-328
-335
-307
-258
-221
-166
-116
-83
-81
-72
-47
-34
-33
-45
-50
-61
-78
-145
-223
-266
-271
-252
-243
-221
-209
-215
-275
-311
-286
-256
-194
12
359
548
430
209
199
318
260
71
29
255
412
321
111
6
-58
-236
-337
-216
-8
2
-69
57
313
369
143
-9
109
282
290
241
288
323
215
35
-42
-36
-112
-242
-262
-148
-51
-85
-203
-264
-197
-115
-96
-89
19
177
217
139
106
163
140
-4
-74
10
82
-12
-143
-135
-57
-95
-221
-243
-141
-56
-64
-60
29
118
96
107
227
298
252
238
342
400
335
171
71
74
56
9
-50
-38
-17
-8
-2
-35
-60
-64
9
99
169
200
206
232
238
222
155
69
4
-27
-49
-112
-177
-230
-265
-302
-327
-306
-272
-233
-204
-138
-79
-44
-38
-55
-31
-7
-12
-46
-68
-74
-77
-118
-219
-295
-304
-280
-263
-241
-214
-208
-233
-273
-269
-246
-212
-106
199
520
533
285
121
225
299
161
-8
98
337
360
169
13
-14
-131
-317
-321
-86
84
7
-27
167
359
274
42
11
174
284
249
254
309
249
65
-81
-84
-83
-169
-261
-222
-91
-36
-113
-240
-268
-184
-95
-66
-10
130
211
159
78
97
146
57
-87
-75
66
81
-74
-190
-135
-71
-141
-227
-193
-81
-41
-56
-16
103
153
95
104
227
316
333
331
340
328
237
119
46
34
13
-18
-16
10
27
-12
-64
-91
-54
28
87
118
151
204
247
228
172
111
73
32
-13
-47
-86
-147
-216
-251
-270
-283
-292
-269
-227
-166
-122
-113
-74
-33
-22
-20
-12
15
16
-32
-90
-103
-101
-147
-213
-253
-250
-232
-226
-231
-225
-219
-219
-226
-219
-175
-40
234
485
491
280
152
248
332
215
65
135
332
364
181
4
-46
-119
-254
-255
-59
76
9
-39
116
308
260
53
1
166
314
304
268
261
202
57
-68
-78
-57
-121
-234
-225
-110
-40
-128
-283
-308
-187
-72
-59
-26
108
205
141
42
76
136
65
-64
-42
90
97
-66
-188
-141
-85
-132
-210
-179
-77
-35
-47
-26
50
85
87
132
267
389
378
316
289
287
235
143
63
28
56
62
25
-31
-65
-70
-81
-82
-44
53
114
142
162
204
229
179
125
106
122
82
11
-62
-118
-173
-239
-274
-299
-300
-278
-250
-206
-171
-137
-113
-90
-59
-27
-6
0
4
-6
-37
-75
-106
-135
-177
-226
-252
-219
-187
-184
-202
-222
-234
-238
-241
-242
-167
60
381
565
431
184
135
269
316
184
109
234
393
353
156
6
-84
-210
-297
-187
48
128
9
-29
134
263
161
-9
21
226
355
349
318
273
143
-43
-125
-60
-6
-90
-207
-198
-84
-40
-183
-373
-368
-184
-44
-19
13
109
143
49
-6
72
120
18
-85
2
149
99
-106
-232
-179
-120
-161
-191
-130
-47
-32
-29
36
113
98
63
148
297
349
302
251
229
217
165
84
17
-17
-2
41
54
-2
-62
-57
-28
-11
8
59
116
139
139
144
147
106
48
22
26
11
-43
-109
-155
-189
-214
-236
-256
-261
-229
-167
-128
-115
-115
-105
-88
-76
-71
-59
-40
-37
-68
-103
-114
-132
-160
-194
-195
-176
-156
-144
-144
-140
-162
-186
-196
-197
-184
-143
-36
193
445
482
254
44
101
286
310
176
158
317
410
275
59
-38
-84
-172
-195
-34
159
141
-25
-36
125
195
95
9
99
257
328
322
285
186
22
-83
-57
26
27
-70
-145
-116
-57
-87
-217
-317
-262
-105
-4
39
89
114
49
-32
15
132
137
15
-30
84
169
56
-125
-190
-128
-76
-87
-86
-48
-19
-34
-9
96
169
135
107
176
286
309
245
187
166
149
104
50
3
-19
-28
-31
-24
-20
-22
-20
-19
6
55
96
92
62
67
89
86
39
-5
-27
-50
-81
-117
-151
-191
-220
-220
-212
-218
-217
-184
-132
-101
-104
-117
-115
-102
-92
-94
-88
-75
-84
-105
-134
-153
-183
-203
-190
-157
-133
-134
-157
-185
-219
-242
-244
-239
-191
-54
218
440
379
120
23
181
322
267
173
223
337
324
180
66
-3
-87
-167
-121
57
122
1
-103
-31
122
148
77
49
147
265
295
268
220
156
48
-38
-28
56
82
-45
-211
-232
-121
-79
-184
-281
-205
-66
-18
-24
15
40
-16
-42
74
204
157
-4
-60
30
95
17
-76
-90
-68
-67
-71
-42
-36
-78
-87
34
173
199
147
136
194
240
249
235
194
149
153
184
154
43
-49
-37
31
41
-2
-17
6
35
35
56
89
84
52
34
57
80
50
-19
-67
-56
-48
-91
-157
-193
-189
-181
-201
-224
-218
-174
-131
-105
-98
-93
-93
-119
-139
-128
-86
-55
-89
-150
-170
-155
-146
-168
-195
-179
-134
-133
-172
-194
-185
-208
-246
-229
-72
203
374
284
72
59
263
390
297
186
237
322
277
151
89
75
-22
-137
-68
111
114
-95
-216
-76
132
177
84
32
87
184
245
266
225
133
52
42
81
102
48
-74
-184
-198
-116
-97
-186
-263
-205
-81
-29
-32
-32
-45
-80
-31
121
214
116
-32
-30
57
63
-10
-46
-9
-3
-54
-61
-1
29
-37
-67
38
169
168
94
87
168
219
210
198
178
139
111
128
155
123
33
-10
31
80
73
20
-16
-12
28
80
99
72
30
8
27
44
31
-9
-51
-58
-36
-32
-67
-120
-167
-184
-182
-190
-192
-175
-142
-125
-107
-78
-80
-125
-168
-155
-92
-59
-94
-145
-152
-135
-135
-150
-166
-172
-163
-130
-111
-133
-185
-215
-202
-177
-146
-51
160
312
234
43
31
239
384
318
228
252
291
220
120
104
118
45
-62
-35
89
90
-75
-182
-64
117
169
86
33
76
143
181
206
218
168
61
-14
11
89
98
-36
-182
-188
-80
-62
-188
-272
-203
-77
-39
-51
-37
-46
-104
-105
36
169
117
-28
-76
1
46
12
-32
-40
-30
-32
-3
57
72
3
-28
62
163
173
119
76
111
182
228
213
153
99
93
127
129
88
56
60
70
81
86
67
19
-5
38
112
130
65
10
0
15
9
-6
-20
-39
-56
-57
-52
-67
-105
-147
-157
-160
-163
-155
-131
-120
-130
-135
-115
-88
-85
-112
-128
-117
-98
-109
-140
-141
-122
-109
-134
-157
-156
-135
-120
-145
-175
-172
-163
-180
-201
-116
107
300
233
-11
-57
200
439
406
252
206
257
233
141
138
192
124
-35
-68
59
113
-42
-197
-115
90
167
79
-12
1
80
151
200
237
213
108
6
-1
87
156
68
-112
-188
-111
-48
-121
-232
-225
-131
-72
-62
-46
-53
-131
-140
5
161
133
-21
-100
-40
47
75
53
3
-42
-59
-1
81
84
10
-11
68
148
151
102
80
106
152
194
220
180
91
53
120
197
162
64
27
68
115
108
68
33
17
36
71
80
50
9
-10
-5
26
30
-13
-74
-84
-47
-25
-51
-96
-102
-102
-120
-159
-160
-128
-110
-132
-149
-127
-107
-112
-139
-130
-90
-70
-114
-164
-164
-112
-73
-91
-138
-161
-145
-120
-125
-148
-177
-191
-200
-192
-146
-14
173
227
61
-87
47
331
437
316
205
218
243
194
167
213
217
76
-58
-13
94
51
-109
-134
14
141
88
-37
-59
19
116
173
192
182
123
36
-6
62
175
161
-14
-171
-148
-30
-41
-165
-205
-132
-82
-118
-130
-87
-102
-152
-90
78
131
-9
-132
-99
30
77
46
13
-25
-70
-86
-10
99
109
-2
-55
29
105
108
99
127
152
150
156
150
106
79
126
192
199
128
53
35
64
103
127
111
64
34
44
73
85
56
17
15
31
32
5
-20
-38
-36
-34
-54
-86
-112
-118
-110
-117
-132
-144
-152
-158
-164
-154
-123
-95
-103
-125
-118
-96
-102
-138
-171
-151
-92
-58
-82
-139
-154
-118
-97
-113
-148
-168
-172
-188
-192
-115
56
209
167
-14
-80
119
374
425
314
221
221
230
217
243
283
219
56
-19
66
137
49
-90
-74
67
130
38
-56
-40
55
121
146
162
125
57
-8
32
150
217
113
-80
-160
-70
21
-24
-129
-161
-117
-112
-135
-99
-58
-112
-174
-89
58
54
-75
-137
-57
44
61
18
-34
-64
-74
-31
49
116
81
-31
-52
35
112
122
110
98
107
133
144
115
68
86
144
160
119
68
65
72
72
87
99
65
12
21
70
106
70
18
4
9
15
13
16
4
-22
-44
-47
-58
-89
-90
-76
-71
-94
-131
-145
-143
-146
-149
-146
-125
-128
-140
-133
-107
-89
-96
-123
-153
-144
-102
-88
-116
-142
-129
-92
-90
-133
-168
-179
-174
-192
-204
-169
-88
37
127
94
-42
-52
160
391
396
241
154
189
238
252
274
279
171
12
-12
96
142
31
-79
-33
75
67
-39
-57
30
85
83
95
122
78
-5
-3
111
203
144
-14
-106
-65
25
36
-42
-118
-132
-113
-113
-91
-45
-56
-149
-178
-71
42
8
-107
-119
-18
54
21
-56
-73
-26
7
13
29
40
25
-1
26
107
140
92
63
109
177
171
114
82
103
141
161
146
101
75
67
74
90
80
50
31
38
60
73
61
33
15
13
27
41
35
5
-24
-34
-33
-52
-83
-91
-86
-91
-106
-124
-139
-161
-183
-178
-150
-141
-153
-164
-154
-123
-86
-78
-117
-155
-142
-99
-74
-89
-110
-107
-87
-78
-88
-101
-130
-158
-167
-146
-151
-162
-148
-66
85
161
54
-88
-2
296
459
338
161
145
239
281
294
317
286
142
13
50
165
170
46
-31
27
75
23
-37
1
71
80
60
56
44
19
21
77
113
109
41
-54
-84
-25
48
25
-83
-142
-119
-86
-95
-86
-57
-81
-156
-153
-39
25
-43
-115
-84
-20
-17
-56
-46
3
14
-7
-11
11
16
-17
-9
79
131
88
38
63
129
159
166
173
169
151
156
178
186
167
131
84
57
68
79
66
26
1
22
46
26
2
10
37
47
40
40
34
15
-8
-20
-17
-27
-62
-94
-105
-120
-151
-194
-206
-195
-196
-206
-210
-179
-158
-158
-158
-126
-93
-106
-137
-133
-100
-77
-92
-115
-118
-99
-100
-130
-148
-144
-149
-182
-203
-208
-186
-142
-37
90
99
-59
-128
100
391
403
180
74
184
294
284
263
289
231
66
-6
112
229
138
-26
-33
70
75
-29
-46
56
108
40
-9
15
37
23
24
70
105
63
-37
-80
-23
68
64
-41
-127
-119
-71
-67
-88
-57
-41
-123
-201
-134
6
10
-112
-166
-85
-9
-30
-69
-42
9
-4
-55
-46
31
72
44
45
95
110
66
60
135
197
174
118
107
141
166
158
135
131
114
70
44
60
89
81
33
13
40
64
60
41
40
62
59
44
38
45
37
19
11
1
-26
-55
-66
-76
-105
-145
-172
-185
-181
-177
-186
-202
-192
-166
-151
-149
-133
-119
-116
-120
-107
-76
-68
-81
-111
-120
-109
-102
-101
-108
-120
-145
-158
-164
-176
-166
-146
-128
-143
-161
-121
2
110
67
-79
-73
175
377
288
100
96
228
283
238
218
218
141
40
57
171
191
42
-67
-1
103
55
-56
-50
39
56
-6
-25
10
27
3
10
49
74
35
-28
-48
-6
38
-5
-94
-119
-60
-20
-63
-114
-81
-51
-103
-135
-52
15
-60
-153
-117
-13
-3
-61
-69
0
37
-9
-36
18
87
75
13
11
50
36
12
53
135
184
141
68
63
136
219
235
167
73
43
98
155
145
92
55
26
15
36
84
95
41
-5
9
55
66
48
28
24
27
4
-35
-57
-52
-48
-91
-151
-175
-164
-155
-154
-165
-181
-190
-190
-181
-159
-130
-114
-107
-116
-128
-116
-100
-85
-81
-109
-140
-157
-146
-112
-110
-132
-134
-122
-131
-150
-140
-112
-122
-153
-142
-49
56
59
-57
-113
49
279
299
127
36
131
231
232
221
221
172
74
49
132
194
106
-23
-24
65
76
-30
-78
-5
48
-11
-75
-58
-3
26
14
4
0
-11
-39
-58
-27
30
27
-60
-138
-111
-24
-11
-59
-75
-61
-97
-148
-95
13
12
-108
-153
-72
-16
-45
-58
4
38
-12
-56
-24
41
61
37
20
40
53
52
71
100
109
92
88
98
92
88
100
114
83
38
43
86
104
77
51
46
51
51
65
86
83
52
30
33
44
41
33
24
6
-24
-47
-59
-57
-47
-51
-85
-124
-137
-121
-92
-103
-131
-154
-150
-112
-97
-108
-107
-81
-86
-119
-131
-97
-61
-70
-99
-107
-90
-80
-77
-77
-73
-70
-69
-69
-69
-64
-68
-80
-90
-100
-108
-106
-113
-115
-101
-60
-8
24
-13
-77
-5
212
301
161
25
96
232
234
171
177
192
106
25
59
136
100
-18
-50
33
52
-50
-111
-24
71
6
-106
-98
-15
10
-16
-14
-1
-14
-28
-24
-5
7
8
-17
-74
-88
-33
1
-32
-55
-35
-46
-102
-87
10
43
-46
-118
-68
0
-14
-39
-1
28
-29
-75
-44
31
51
18
3
23
24
-13
9
90
124
76
29
49
82
76
71
89
94
53
27
43
72
83
55
24
10
-3
7
30
35
13
-22
-32
-15
4
18
9
-7
-19
-18
-14
-23
-30
-42
-59
-76
-78
-82
-86
-84
-91
-109
-114
-101
-90
-111
-125
-84
-49
-80
-122
-101
-42
-23
-54
-64
-46
-44
-64
-74
-58
-41
-54
-84
-85
-53
-30
-44
-67
-69
-51
-46
-67
-71
-63
-81
-105
-72
26
79
6
-95
-31
162
236
94
-29
66
204
185
105
108
136
82
46
101
150
78
-18
6
87
80
-21
-60
9
75
31
-55
-54
10
22
-7
-5
21
2
-19
4
31
19
-1
6
3
-7
-5
6
-10
-9
26
29
-38
-77
-13
49
-1
-66
-50
-9
-31
-68
-43
-20
-41
-75
-41
14
14
-23
-28
21
59
33
3
36
87
85
55
48
57
40
29
60
80
41
-14
-5
32
41
20
6
27
49
38
26
29
48
66
49
16
-2
17
25
13
-7
-13
-20
-35
-45
-45
-40
-54
-62
-64
-62
-76
-94
-86
-46
-22
-52
-92
-86
-39
-22
-55
-76
-53
-36
-58
-77
-56
-45
-64
-82
-60
-48
-70
-85
-57
-19
-34
-63
-54
-16
-6
-25
-40
-20
-6
-34
-75
-87
-67
-72
-90
-84
-45
-20
-33
-48
-27
39
91
84
58
65
112
135
118
121
143
139
100
93
118
106
52
40
88
112
63
7
16
56
70
57
40
28
37
45
52
62
65
58
33
16
17
34
42
20
-3
-14
-12
-18
-31
-30
-19
-14
-28
-29
-10
-5
-19
-22
1
8
-19
-36
-2
21
-13
-58
-53
-17
-15
-47
-66
-45
-30
-29
-44
-41
-8
11
14
5
9
26
47
55
55
41
33
37
60
73
57
40
38
45
41
35
33
39
37
25
18
12
7
22
46
47
27
11
11
24
21
3
-13
-19
-22
-33
-43
-47
-43
-46
-56
-64
-66
-67
-60
-56
-56
-69
-74
-74
-63
-51
-56
-74
-77
-55
-45
-60
-82
-81
-70
-66
-63
-69
-83
-88
-75
-52
-42
-60
-69
-62
-57
-65
-68
-62
-60
-63
-62
-52
-34
-17
-3
15
25
35
47
72
98
114
117
109
106
115
135
146
163
156
130
115
123
144
138
115
99
94
83
71
62
62
55
37
36
38
33
23
21
36
43
32
6
2
11
12
15
11
0
-12
-21
-8
-2
-28
-54
-56
-38
-39
-49
-59
-72
-81
-61
-32
-33
-60
-72
-45
-27
-38
-48
-39
-30
-34
-36
-29
-14
-11
-9
-3
-6
0
12
21
22
25
33
36
27
45
70
74
58
52
77
83
65
51
66
66
38
8
22
42
21
-9
-14
-3
-7
-20
-20
-6
-3
-19
-34
-26
-26
-28
-32
-28
-31
-36
-40
-42
-36
-43
-58
-75
-80
-90
-94
-93
-84
-83
-92
-102
-99
-89
-83
-71
-62
-54
-53
-62
-52
-32
-20
-18
-15
-14
-15
-10
1
12
13
2
-6
-11
-12
-13
-21
-29
-31
-27
-15
0
9
17
30
37
50
70
89
89
82
93
97
97
91
94
105
107
98
90
88
87
85
86
77
70
60
51
56
51
41
25
24
24
20
12
7
10
5
7
7
3
-5
-6
2
5
8
0
1
9
4
-9
-13
-6
-2
-14
-25
-30
-36
-41
-46
-36
-28
-38
-50
-56
-42
-28
-31
-23
-10
-17
-32
-28
-5
5
1
7
14
8
0
10
24
23
14
4
5
4
5
8
13
9
4
1
6
6
3
12
8
7
11
9
9
5
-1
7
0
-10
-13
-12
-11
-15
-26
-27
-27
-39
-44
-48
-44
-46
-53
-53
-48
-44
-37
-36
-36
-32
-32
-35
-43
-32
-23
-24
-37
-40
-29
-24
-25
-36
-29
-23
-18
-14
-15
-12
-7
-7
-1
5
1
5
1
-1
0
6
2
-23
-37
-35
-30
-45
-71
-78
-60
-43
-43
-39
-35
-20
-7
5
22
41
50
51
60
66
60
53
67
89
94
79
64
60
62
72
82
83
58
38
46
60
59
53
44
49
51
42
44
51
59
47
34
33
40
31
18
26
40
37
23
16
30
40
29
13
10
19
26
17
3
-8
-16
-17
-19
-19
-19
-31
-56
-65
-58
-48
-48
-46
-46
-42
-42
-47
-28
-12
-11
-8
-4
0
-9
-14
-7
17
19
-4
-22
-16
5
6
0
-4
-3
2
-5
-7
10
16
12
5
20
29
22
22
22
30
28
25
19
15
10
18
23
15
3
-2
16
17
-3
-7
6
3
-13
-13
-2
-2
-20
-33
-25
-17
-24
-40
-42
-34
-36
-47
-49
-41
-37
-43
-47
-40
-44
-47
-44
-35
-31
-41
-48
-39
-27
-27
-45
-53
-51
-49
-48
-49
-41
-43
-49
-50
-54
-57
-54
-43
-33
-28
-15
-7
5
19
28
41
48
50
58
64
74
84
77
71
69
71
77
77
76
81
78
76
77
76
71
68
76
77
76
69
64
65
66
65
60
60
54
44
32
27
25
23
21
3
-5
-7
-1
-5
-16
-24
-23
-15
-21
-30
-29
-26
-35
-41
-36
-33
-35
-58
-68
-50
-36
-39
-49
-44
-42
-42
-33
-23
-15
-11
-11
-6
3
9
10
11
11
20
26
29
27
25
25
31
36
32
28
33
37
36
33
35
36
31
24
27
35
39
30
16
16
21
21
16
10
7
13
5
-3
-13
-12
-13
-20
-17
-18
-24
-40
-44
-40
-31
-28
-40
-55
-61
-61
-55
-51
-65
-76
-83
-76
-68
-76
-79
-73
-70
-63
-56
-49
-40
-36
-31
-21
-10
-10
-4
-6
-6
-3
7
6
-1
1
5
13
7
2
2
1
-7
-11
-6
-6
-14
-15
-9
3
14
8
5
13
24
33
43
46
48
51
52
51
58
65
64
59
53
51
61
55
48
44
47
52
43
31
31
38
41
34
28
20
13
12
15
12
3
-5
-10
-10
-15
-19
-22
-27
-21
-18
-19
-25
-26
-19
-11
-9
-20
-20
-19
-8
-3
-4
-7
-12
0
11
4
-3
2
10
13
9
8
9
5
7
8
17
20
11
8
12
22
21
8
4
8
16
8
0
6
9
10
7
-1
-2
1
2
1
-3
0
1
-5
-16
-14
-11
-20
-28
-32
-29
-24
-29
-37
-41
-40
-39
-36
-35
-35
-36
-35
-33
-34
-33
-34
-26
-27
-33
-38
-38
-38
-39
-37
-37
-45
-48
-41
-41
-38
-41
-46
-43
-37
-37
-32
-26
-20
-22
-28
-23
-22
-21
-22
-22
-16
-17
-26
-24
-18
-19
-18
-23
-24
-23
-27
-20
-11
-12
-16
-21
-15
-14
-14
-16
-14
-12
-16
-15
-13
-8
-11
-8
-7
-1
5
10
20
26
23
23
28
43
47
53
48
41
46
48
53
46
47
42
40
38
43
42
34
30
27
32
27
24
21
20
26
24
24
22
20
18
20
23
20
17
8
-4
-8
-11
-10
-10
-10
-13
-18
-15
-11
-15
-15
-18
-22
-19
-22
-19
-17
-19
-13
-20
-30
-35
-31
-29
-34
-34
-35
-32
-28
-24
-22
-17
-24
-21
-12
-14
-9
-4
-5
-5
-3
-5
-1
-3
-5
-8
-9
-7
-10
-9
-10
-8
-14
-16
-18
-18
-14
-16
-9
-4
-7
-18
-14
-4
-4
-12
-19
-14
-14
-17
-21
-18
-17
-25
-33
-31
-35
-42
-49
-47
-45
-49
-52
-56
-52
-50
-50
-57
-60
-61
-51
-44
-47
-56
-55
-53
-46
-42
-38
-33
-35
-35
-35
-26
-28
-29
-27
-19
-11
-12
-16
-11
-4
-2
-3
0
-2
-7
-6
-1
-4
-9
-8
-7
-7
-17
-14
-3
2
5
9
13
17
25
31
32
33
34
32
39
42
46
36
33
39
34
31
22
18
25
30
23
20
16
14
13
19
19
14
5
3
4
8
3
-1
-5
-4
-2
-3
-3
-7
-11
-10
-13
-16
-19
-23
-18
-10
-18
-25
-24
-22
-11
-9
-10
-11
-8
-8
-5
-2
5
4
-3
-5
4
10
5
5
2
9
7
1
7
8
9
8
6
4
3
3
0
-1
0
-7
-11
-10
-15
-18
-22
-22
-29
-31
-30
-29
-33
-38
-32
-35
-33
-35
-35
-30
-26
-32
-37
-37
-36
-32
-40
-36
-34
-33
-33
-34
-29
-29
-27
-30
-34
-36
-29
-27
-28
-33
-26
-30
-34
-32
-34
-29
-30
-33
-36
-23
-27
-31
-24
-20
-17
-12
-16
-20
-16
-4
-2
-1
-3
0
8
9
2
3
10
5
1
-1
3
7
-1
-11
-9
-2
-3
-5
-10
-10
-8
-15
-15
-12
-9
-4
-5
-8
-6
0
2
7
6
10
11
9
10
16
17
14
20
21
20
19
28
28
32
29
32
33
35
40
42
45
39
34
43
41
38
32
23
29
33
36
21
14
17
23
22
18
14
16
16
9
16
17
15
11
12
21
19
18
12
7
4
1
2
3
-2
-9
-14
-11
-12
-16
-23
-21
-24
-27
-22
-24
-25
-32
-30
-28
-29
-31
-37
-32
-28
-28
-28
-33
-32
-25
-29
-32
-32
-33
-28
-24
-21
-20
-21
-21
-22
-21
-13
-12
-15
-16
-17
-12
-16
-19
-20
-19
-15
-16
-17
-16
-17
-11
-12
-20
-19
-16
-21
-28
-28
-27
-24
-30
-32
-25
-35
-42
-40
-34
-30
-26
-27
-28
-24
-18
-18
-22
-24
-17
-11
-15
-19
-23
-18
-14
-13
-15
-13
-12
-19
-19
-16
-11
-7
-11
-14
-14
-9
-5
-1
-1
0
0
4
7
8
14
11
12
15
18
17
18
24
27
24
25
22
21
16
18
25
23
28
25
28
37
38
37
40
41
39
43
47
47
47
40
33
36
39
37
38
30
24
27
25
28
26
25
27
19
25
25
26
23
17
16
13
10
4
4
0
-3
-8
-12
-15
-21
-21
-21
-22
-26
-29
-29
-26
-29
-30
-25
-25
-25
-25
-20
-19
-19
-20
-18
-16
-11
-14
-18
-11
-10
-9
-15
-13
-14
-16
-17
-15
-12
-10
-11
-17
-19
-19
-17
-24
-26
-22
-19
-16
-24
-22
-21
-22
-22
-22
-16
-20
-22
-26
-24
-19
-18
-20
-24
-22
-22
-27
-25
-25
-34
-35
-36
-35
-34
-36
-39
-41
-40
-44
-33
-30
-34
-34
-31
-19
-17
-16
-14
-7
-2
-9
-12
-4
0
-6
-7
-5
-1
-4
-8
-8
-8
-6
-7
-6
-5
-7
-5
-7
-4
-3
-7
-3
4
5
6
4
8
8
5
17
13
18
14
15
16
18
20
13
15
17
16
18
18
17
23
19
20
23
21
20
19
18
15
13
14
19
18
15
10
10
10
13
11
7
5
10
11
5
3
6
10
3
-2
3
2
2
-2
-2
-5
-8
-9
-10
-10
-10
-9
-13
-11
-12
-13
-13
-11
-11
-8
-10
-11
-11
-8
-8
-13
-9
-7
-11
-15
-22
-18
-20
-23
-22
-22
-17
-16
-11
-10
-9
-6
-10
-8
-6
-3
-2
-6
-4
-3
-4
-2
-2
-4
-4
-4
-5
-3
-1
-5
-7
-9
-9
-8
-9
-9
-10
-12
-13
-17
-16
-14
-8
-11
-14
-14
-11
-11
-11
-15
-11
-8
-12
-8
-12
-8
-12
-13
-7
-2
1
-6
-4
-1
5
8
5
2
6
5
3
2
2
-5
1
5
-1
1
-4
0
1
-1
6
4
4
5
9
10
10
8
7
9
11
13
17
13
9
10
8
3
3
10
11
3
3
10
11
15
14
15
22
17
17
17
14
16
15
14
14
9
5
4
4
-4
-4
-4
-7
-4
-2
-3
-6
-2
-2
-3
-2
-1
3
7
5
-1
6
7
7
2
3
-2
-9
-6
-3
-9
-14
-8
-14
-16
-18
-19
-19
-12
-13
-14
-10
-10
-9
-10
-12
-11
-9
-11
-5
-6
-7
-9
-8
-6
1
5
3
7
3
8
11
6
8
6
6
6
6
8
7
4
2
3
1
-1
1
2
-3
-3
-4
-3
-1
0
-6
-3
-1
-4
-3
-1
1
-1
-2
-4
-5
-3
-3
-3
-1
-5
-7
-9
-14
-13
-17
-19
-18
-18
-23
-24
-27
-23
-26
-26
-22
-21
-21
-24
-23
-22
-17
-19
-19
-16
-13
-11
-12
-13
-16
-15
-16
-12
-11
-16
-17
-9
-6
-5
-3
-7
-3
-1
1
2
2
2
-5
-2
2
6
10
8
7
5
6
5
5
9
10
9
10
10
9
10
9
8
10
8
3
-1
1
0
1
0
3
5
3
0
-2
0
-3
-3
-4
-4
-2
-7
-8
-9
-11
-5
-8
-13
-13
-12
-7
-6
-10
-15
-9
-4
-7
-7
0
-4
-5
-5
-6
-1
-4
-8
-4
-2
1
2
2
3
3
5
7
6
5
3
3
11
7
10
3
2
5
6
6
9
9
6
10
9
13
13
9
9
7
6
6
5
4
2
1
1
4
4
1
-1
-4
0
2
4
6
2
-3
-5
-1
-1
-6
-11
-12
-12
-17
-20
-24
-29
-28
-28
-23
-26
-22
-24
-25
-21
-24
-26
-26
-25
-26
-24
-27
-26
-24
-23
-28
-31
-31
-28
-30
-30
-26
-31
-29
-22
-23
-26
-23
-20
-21
-21
-18
-18
-17
-16
-14
-13
-14
-14
-16
-14
-12
-13
-12
-16
-14
-14
-13
-12
-12
-12
-11
-12
-9
-7
-7
-8
-8
-8
-7
-11
-16
-17
-17
-10
-13
-19
-16
-15
-11
-16
-24
-19
-20
-19
-21
-22
-23
-22
-16
-20
-21
-17
-18
-19
-15
-12
-14
-13
-18
-16
-14
-13
-9
-15
-11
-7
-11
-11
-9
-6
-7
-8
-8
-4
-6
-5
-4
-4
-3
-5
-1
-3
-6
-6
-7
-5
-7
-8
-8
-5
-9
-13
-13
-14
-12
-9
-9
-13
-10
-12
-16
-14
-16
-17
-14
-16
-13
-19
-13
-13
-12
-13
-14
-11
-11
-9
-12
-6
-6
-8
-8
-8
-7
-7
-8
-8
-5
-6
-10
-9
-5
-8
-11
-10
-10
-13
-14
-15
-15
-13
-18
-18
-18
-22
-22
-19
-16
-22
-24
-22
-21
-27
-30
-26
-25
-26
-26
-26
-25
-23
-26
-23
-22
-22
-20
-19
-14
-13
-5
-6
-7
-5
-3
1
-3
0
-1
-4
-7
-9
-8
-7
-8
-11
-11
-13
-10
-6
-13
-14
-10
-14
-13
-9
-10
-5
-7
-5
-8
-11
-8
-11
-5
-2
-5
-7
-8
-6
-8
-5
-9
-11
-7
-12
-13
-18
-19
-16
-17
-14
-16
-20
-19
-14
-12
-6
-8
-12
-9
-9
-3
-8
-10
-10
-7
-7
-10
-5
-2
-5
-2
0
4
5
2
5
2
6
9
6
5
5
3
3
-1
-2
-3
-1
-7
-6
-10
-10
-8
-10
-11
-12
-14
-16
-14
-15
-15
-20
-22
-17
-16
-18
-17
-20
-16
-15
-20
-19
-15
-13
-16
-13
-13
-11
-14
-15
-14
-10
-12
-14
-9
-12
-12
-9
-11
-14
-14
-14
-12
-7
-9
-13
-14
-16
-18
-17
-21
-22
-19
-18
-20
-20
-20
-24
-22
-27
-23
-25
-22
-28
-29
-30
-32
-25
-30
-23
-25
-30
-28
-26
-30
-30
-29
-31
-34
-31
-29
-27
-29
-30
-28
-34
-30
-33
-34
-31
-26
-30
-31
-28
-31
-28
-29
-26
-25
-27
-23
-24
-27
-27
-20
-22
-22
-24
-25
-19
-19
-20
-19
-18
-18
-19
-18
-19
-18
-19
-21
-22
-20
-15
-16
-16
-15
-16
-16
-14
-18
-16
-11
-14
-11
-12
-18
-18
-21
-16
-15
-19
-18
-22
-23
-21
-24
-25
-22
-26
-21
-26
-28
-26
-27
-25
-24
-30
-30
-30
-30
-33
-36
-37
-34
-35
-31
-35
-34
-33
-34
-35
-33
-31
-27
-28
-29
-27
-29
-29
-29
-24
-25
-26
-24
-22
-19
-15
-12
-13
-19
-26
-21
-14
-14
-13
-14
-18
-22
-16
-13
-11
-8
-10
-9
-8
-7
-9
-10
-7
-4
-5
-5
-2
-1
1
1
1
-3
-6
-4
-8
-4
-8
-8
-4
-11
-11
-4
-7
-13
-13
-17
-18
-17
-19
-22
-23
-24
-26
-24
-22
-22
-24
-23
-28
-23
-22
-27
-26
-25
-31
-32
-27
-29
-28
-28
-23
-23
-23
-24
-20
-19
-18
-15
-19
-14
-13
-14
-11
-7
-5
-8
-5
-6
-7
-11
-13
-14
-15
-15
-17
-17
-18
-19
-13
-12
-12
-12
-13
-16
-17
-19
-18
-18
-18
-18
-21
-19
-19
-22
-21
-21
-21
-18
-21
-26
-20
-26
-26
-25
-24
-28
-32
-26
-30
-29
-29
-26
-30
-27
-28
-26
-29
-28
-24
-27
-28
-29
-26
-29
-29
-28
-25
-26
-28
-27
-23
-22
-22
-22
-25
-22
-21
-23
-23
-25
-23
-18
-22
-28
-28
-25
-21
-26
-24
-20
-19
-20
-22
-20
-20
-19
-18
-15
-16
-14
-17
-15
-15
-18
-12
-12
-12
-12
-10
-13
-12
-14
-16
-13
-12
-14
-15
-13
-13
-9
-9
-10
-9
-7
-5
-8
-14
-9
-12
-13
-9
-10
-10
-11
-7
-14
-10
-17
-12
-12
-16
-14
-14
-15
-20
-17
-19
-21
-20
-18
-18
-17
-22
-17
-17
-21
-19
-16
-18
-16
-14
-18
-17
-14
-14
-15
-12
-16
-17
-16
-18
-17
-20
-18
-15
-15
-15
-11
-13
-11
-12
-14
-14
-17
-15
-18
-15
-23
-27
-23
-21
-23
-24
-21
-23
-19
-20
-20
-25
-26
-22
-22
-19
-17
-17
-21
-17
-20
-12
-15
-16
-14
-15
-16
-16
-10
-13
-15
-18
-19
-20
-16
-20
-17
-16
-17
-17
-17
-14
-19
-17
-22
-20
-16
-16
-23
-25
-24
-22
-20
-22
-23
-25
-20
-20
-15
-22
-20
-17
-20
-13
-20
-17
-18
-17
-16
-11
-11
-7
-9
-12
-10
-7
-6
-6
-6
-6
-5
-2
-4
-3
-2
-3
0
-2
-1
2
2
2
2
2
3
3
3
-2
1
4
2
3
3
4
3
1
0
4
-1
0
-1
-1
-5
-7
1
-2
-10
-9
-6
-6
-6
-11
-12
-13
-11
-13
-12
-14
-17
-14
-18
-21
-19
-21
-19
-19
-18
-23
-23
-16
-19
-16
-12
-15
-19
-16
-11
-9
-10
-11
-15
-18
-17
-16
-12
-16
-15
-15
-16
-13
-13
-10
-11
-12
-11
-11
-14
-17
-14
-12
-9
-10
-10
-6
-15
-15
-13
-14
-14
-17
-17
-12
-12
-19
-12
-12
-16
-16
-14
-12
-14
-13
-22
-15
-16
-15
-13
-17
-17
-15
-16
-22
-17
-20
-18
-15
-20
-20
-18
-17
-19
-17
-15
-17
-16
-20
-18
-18
-17
-17
-17
-16
-20
-23
-25
-23
-23
-26
-24
-24
-22
-23
-24
-18
-23
-24
-22
-21
-20
-18
-15
-18
-13
-19
-17
-15
-11
-7
-11
-12
-12
-15
-22
-16
-17
-15
-9
-13
-6
-8
-4
-1
-5
-2
1
-2
-2
0
-3
-6
-10
-11
-10
-9
-7
-8
-11
-16
-12
-13
-11
-11
-14
-13
-16
-14
-14
-15
-17
-20
-21
-16
-17
-21
-18
-21
-17
-14
-13
-12
-16
-16
-14
-18
-16
-16
-15
-13
-18
-13
-12
-13
-11
-8
-7
-8
-14
-14
-8
-9
-9
-2
-1
-1
-6
0
2
2
2
-1
3
1
-1
2
4
4
2
3
4
2
3
7
3
5
-1
2
-1
-5
2
-3
-5
-8
-6
-12
-9
-10
-17
-13
-11
-15
-13
-12
-13
-16
-20
-15
-17
-16
-15
-19
-17
-21
-22
-15
-15
-16
-18
-19
-17
-16
-16
-14
-13
-16
-12
-13
-8
-9
-5
-6
-7
-5
-6
-6
-9
-8
-9
-8
-5
-4
-3
-5
-10
-13
-13
-7
-7
-8
-7
-10
-4
-4
-5
-7
-8
-5
-7
-2
-2
-2
-3
-5
-2
-5
-7
-3
-1
-6
-6
-4
-7
-6
-7
-12
-6
-7
-6
-5
-11
-13
-9
-11
-10
-10
-15
-14
-13
-9
-15
-14
-14
-16
-15
-12
-12
-14
-15
-13
-13
-15
-10
-14
-19
-18
-17
-13
-16
-20
-18
-19
-23
-23
-11
-11
-13
-6
-3
-7
-7
-1
0
0
-2
-6
-6
-5
-1
-1
-1
2
-1
2
4
0
2
-2
0
1
5
-1
-4
-6
-15
-13
-15
-16
-15
-18
-17
-14
-16
-15
-18
-18
-17
-13
-13
-13
-11
-13
-13
-9
-11
-13
-13
-7
-7
-11
-11
-7
-7
-8
-9
-11
-11
-11
-8
-13
-13
-11
-8
-7
-6
-9
-10
-12
-8
-3
-5
-5
-6
-5
-8
-10
-7
-10
-7
-9
-8
-8
-8
-10
-5
-7
-9
-9
-8
-13
-10
-8
-11
-11
-11
-9
-13
-9
-16
-16
-15
-10
-8
-13
-14
-9
-5
-8
-7
-10
-10
-5
-4
-2
0
-4
-2
2
-2
-2
0
3
0
1
5
7
10
7
8
9
7
12
16
16
16
13
11
6
3
7
6
6
4
1
1
-1
-4
-2
-6
-6
-4
-5
-6
-10
-11
-7
-11
-2
-5
-9
-6
-7
-7
-4
-4
-5
2
-1
4
4
4
4
2
4
8
8
7
5
4
6
5
5
12
10
7
8
9
8
7
7
11
13
7
8
9
8
7
6
7
6
4
5
7
6
4
5
3
1
-1
-3
-1
-6
-3
-6
-9
-6
-7
-5
-7
-9
-8
-6
-4
-7
-6
-9
-9
-13
-10
-12
-9
-13
-17
-12
-13
-10
-12
-11
-10
-8
-8
-9
-8
-5
-10
-8
-4
-4
-4
-5
-9
-3
-5
-6
-5
-5
-7
-9
-8
-9
-10
-13
-6
-8
-8
-9
-9
-11
-11
-5
-3
-2
2
4
4
2
0
-1
-4
-1
2
3
3
2
1
5
3
4
4
7
7
4
10
4
5
8
6
6
5
7
8
8
10
8
9
11
6
7
7
8
9
5
2
1
-4
0
-2
1
0
4
2
-5
1
1
3
2
0
3
1
2
4
1
2
6
0
-2
4
7
9
5
6
7
2
1
0
2
2
3
3
5
3
5
0
1
4
1
0
-4
-1
1
1
3
3
-2
1
-1
-1
3
0
-6
-5
-6
-4
-3
-7
-6
-6
-9
-6
-7
-7
-7
-5
-3
-6
-5
-5
-4
-3
-2
-10
-11
-3
-5
-6
-6
-6
-10
-7
-6
-7
-9
-10
-6
-9
-11
-10
-11
-10
-11
-12
-14
-12
-10
-14
-14
-13
-15
-14
-17
-12
-14
-16
-11
-10
-10
-10
-10
-11
-7
-9
-7
-10
-8
-8
-10
-7
-9
-12
-12
-10
-14
-11
-10
-9
-10
-8
-7
-7
-9
-6
-3
-6
0
-3
-3
-1
-1
-1
0
-2
-3
-5
-6
-6
-2
-2
-4
-5
-2
0
-2
6
9
7
6
0
3
2
3
3
-1
3
3
5
-1
1
-1
0
4
-1
-1
-1
-3
-5
-1
0
-3
-6
-6
-4
-6
-9
-8
-9
-9
-9
-8
-10
-8
-12
-12
-12
-13
-14
-15
-15
-17
-17
-15
-16
-15
-14
-22
-18
-15
-20
-14
-17
-19
-21
-26
-27
-26
-26
-28
-30
-32
-27
-33
-24
-25
-23
-21
-25
-23
-26
-21
-20
-23
-22
-20
-18
-20
-23
-20
-21
-16
-16
-18
-19
-14
-15
-18
-16
-19
-18
-22
-18
-16
-20
-15
-13
-13
-13
-15
-17
-11
-12
-9
-7
-9
-6
-8
-14
-10
-6
-9
-12
-12
-14
-9
-16
-21
-16
-17
-14
-16
-11
-13
-15
-12
-14
-11
-13
-11
-8
-13
-12
-11
-11
-12
-7
-7
-8
-8
-10
-12
-11
-16
-17
-12
-12
-7
-9
-13
-8
-12
-11
-4
-9
-8
-6
-4
-3
1
3
1
-2
0
5
4
3
1
4
7
9
4
9
6
0
5
1
-4
-4
-7
-2
-4
-4
-3
-2
1
-7
-4
-5
-5
-7
-7
-5
-13
-14
-13
-15
-17
-15
-18
-18
-18
-17
-18
-19
-22
-22
-18
-22
-23
-20
-21
-16
-15
-20
-19
-18
-16
-17
-15
-20
-22
-21
-19
-19
-22
-21
-22
-22
-18
-20
-18
-15
-15
-17
-15
-9
-10
-14
-12
-13
-15
-14
-15
-20
-16
-15
-15
-18
-15
-8
-8
-12
-10
-10
-11
-12
-12
-10
-11
-8
-8
-10
-11
-8
-12
-12
-9
-8
-12
-13
-10
-12
-9
-11
-7
-10
-13
-14
-14
-13
-12
-13
-13
-13
-16
-14
-10
-11
-17
-16
-17
-18
-16
-10
-11
-11
-13
-7
-9
-8
-6
-7
-2
-5
-9
-10
-14
-14
-12
-8
-6
-7
-8
-6
-3
-1
-1
-2
5
1
4
6
6
8
8
9
10
6
6
9
6
6
8
6
7
9
7
8
9
11
4
7
4
4
6
4
6
5
2
-1
3
-1
-4
-8
-11
-9
-10
-8
-13
-10
-9
-11
-10
-11
-11
-14
-19
-16
-13
-11
-12
-15
-17
-20
-17
-16
-17
-19
-21
-17
-19
-21
-19
-21
-21
-19
-21
-21
-19
-16
-12
-11
-9
-11
-8
-6
-6
-6
-5
-6
-7
-5
-10
-11
-7
-7
-10
-8
-8
-13
-11
-11
-14
-12
-13
-15
-14
-15
-16
-18
-14
-11
-15
-13
-9
-10
-9
-8
-13
-10
-9
-9
-5
-7
-6
-11
-7
-7
-9
-7
-7
-7
-5
-3
-1
0
-5
-7
-6
-3
-5
-4
-2
1
-3
-6
0
1
-1
-3
-3
-2
-4
-6
-3
-5
-7
-6
-5
-6
-9
-14
-14
-12
-13
-12
-11
-10
-10
-5
-2
-1
2
3
1
1
6
5
9
5
5
9
11
11
10
11
9
11
13
18
16
11
14
14
13
13
11
10
6
11
11
6
4
8
10
5
6
6
8
8
10
12
11
8
9
10
9
9
8
9
6
4
2
1
-2
-3
0
-5
-7
-7
-9
-7
-10
-12
-7
-9
-11
-10
-11
-7
-4
-3
-6
-11
-7
-13
-14
-15
-13
-11
-13
-15
-16
-13
-14
-17
-16
-16
-14
-14
-13
-13
-15
-15
-13
-16
-14
-12
-14
-20
-16
-15
-14
-12
-18
-16
-17
-19
-18
-16
-16
-18
-16
-18
-18
-20
-19
-16
-15
-14
-17
-18
-17
-17
-18
-18
-15
-16
-13
-18
-13
-12
-12
-12
-12
-18
-17
-17
-20
-15
-17
-14
-15
-17
-14
-12
-11
-11
-7
-1
-4
-3
-3
-1
-2
-1
-5
-10
-5
-8
-4
-6
-9
-8
-5
-3
-6
0
-4
-7
-1
1
-1
-5
2
3
-4
-5
-5
-3
-2
-1
3
4
2
1
3
-1
5
9
3
1
2
7
8
8
8
7
4
4
8
6
6
7
8
9
13
9
7
9
7
10
6
5
9
7
7
9
9
5
1
8
3
1
-1
1
4
1
0
1
6
7
7
6
8
4
8
5
9
4
4
5
3
-1
1
0
-6
-3
-4
-8
-13
-10
-10
-11
-11
-14
-11
-11
-15
-12
-6
-7
-7
-6
-6
-8
-10
-10
-7
-8
-10
-12
-12
-13
-16
-13
-17
-13
-16
-15
-13
-16
-8
-8
-13
-14
-11
-11
-15
-13
-11
-15
-13
-8
-8
-4
-6
-8
-7
-8
-8
-10
-8
-8
-11
-10
-9
-11
-13
-14
-13
-15
-14
-14
-18
-9
-11
-10
-7
-7
-10
-8
-8
-5
-5
-10
-9
-7
-7
-12
-6
-7
-10
-8
-3
-3
2
0
3
2
5
6
6
12
7
11
10
10
11
12
14
16
19
14
17
11
13
13
9
10
7
5
7
7
6
8
5
7
5
10
10
7
5
11
11
8
8
9
7
6
9
1
8
7
8
11
10
8
7
8
3
9
5
5
6
5
6
11
16
14
13
8
7
13
8
8
3
2
8
4
2
0
0
-2
-2
0
2
0
0
-1
1
0
-3
1
1
0
0
-3
-4
-3
-5
-7
-8
-8
-12
-15
-15
-11
-9
-12
-19
-17
-20
-21
