4
2
-1
1
2
0
-7
-3
0
2
1
0
6
3
1
-1
0
4
4
3
-4
2
0
0
2
3
0
-2
-1
-6
1
-3
-5
-2
-6
-6
-2
-7
-10
-7
-7
-12
-12
-12
-12
-9
-8
-12
-13
-13
-12
-11
-8
-9
-8
-7
-6
-8
-8
-4
-4
-3
-4
-2
-2
-2
0
1
-1
0
-1
0
-8
-7
1
0
-1
-2
3
4
5
4
3
1
5
5
3
-1
6
2
-1
0
-6
-6
-7
-6
-9
-5
-8
-8
-8
-7
-3
-5
-5
-4
-4
-1
-1
-1
-6
-4
-5
-4
0
-5
-7
-6
-3
0
2
0
-2
0
2
1
3
-2
1
7
6
10
12
15
11
13
14
14
13
12
14
12
16
18
13
15
11
11
9
9
11
8
10
11
12
12
11
8
5
6
7
5
4
-1
4
3
7
3
-1
3
1
3
-2
-1
-2
-1
-2
-2
-5
-6
-6
-7
-4
-7
-2
-1
-1
2
-1
-1
0
1
2
-5
-5
1
1
-2
0
-1
-2
-2
-3
-5
-6
-3
-3
-6
-1
-4
-6
-6
-3
-5
-4
-4
-5
-4
-6
-4
-5
-4
-2
-7
-5
-4
-2
-7
-3
-4
-6
-2
-3
-2
-3
-2
-4
-4
-4
-3
-9
-7
-8
-10
-8
-10
-4
-4
-4
-3
-5
-6
-2
-4
-8
-8
-10
-10
-11
-15
-12
-13
-13
-15
-15
-15
-12
-9
-10
-11
-12
-11
-10
-6
-6
-6
-7
-7
-8
-9
-7
-9
-9
-6
-5
-3
-6
-2
2
0
2
0
2
-1
-2
-2
-5
-2
-2
-1
-4
-8
-1
-5
-6
-2
-1
-3
-6
-1
-2
0
-2
-2
-2
-3
-3
-1
-2
-4
-1
-2
-1
0
3
-1
-3
-1
-1
-3
1
-1
0
2
-4
-2
-2
-2
-1
-3
-3
0
0
-6
-1
1
-1
-7
-8
-5
-8
-2
-3
-5
-2
-2
1
-1
-1
-3
-7
-5
-8
-10
-10
-11
-9
-11
-14
-10
-9
-12
-12
-7
-4
-12
-6
-5
-9
-3
-5
-9
-7
-8
-5
-6
-7
-6
-10
-10
-7
-12
-8
-6
-10
-11
-9
-8
-9
-8
-9
-5
-6
-10
-5
-4
-3
0
-3
-2
-1
0
1
0
-1
2
-1
-3
-2
-3
-3
-2
-4
-4
-4
-5
-6
-7
-4
-9
-7
-4
-4
-6
-6
-6
-7
-7
-10
-11
-12
-8
-15
-15
-10
-11
-17
-14
-14
-13
-8
-12
-9
-8
-13
-7
-11
-8
-8
-5
-6
-5
-4
-4
-4
-4
0
-4
3
1
-1
-5
-4
-3
-4
-4
-2
-3
-4
-3
-3
-3
-4
-1
0
0
2
2
4
3
6
8
8
9
10
7
9
10
10
9
7
8
5
7
6
7
8
7
9
9
9
7
6
13
14
9
8
9
9
8
7
8
5
5
4
-1
3
-1
-2
-5
-7
0
-4
-4
1
-2
2
4
1
0
2
0
-2
3
4
3
3
5
3
2
0
4
5
-2
2
0
2
3
3
3
4
-1
0
5
3
1
-3
-1
0
-2
2
4
2
-2
-2
-3
-4
-3
3
0
-3
-2
-1
0
-2
-2
-5
-3
-4
-4
-4
-7
-4
-4
-8
-6
-5
-2
2
0
1
4
-1
-1
7
5
4
2
3
3
2
4
2
8
5
9
10
6
1
-2
7
6
3
8
9
6
4
7
7
5
5
3
5
7
4
5
1
-1
4
5
10
6
11
10
9
6
13
17
14
9
13
12
10
15
10
10
11
14
10
7
11
10
15
13
16
18
15
16
18
19
16
16
19
18
16
23
17
14
16
17
15
16
19
15
16
17
14
9
7
11
14
14
13
12
9
11
10
11
8
11
10
10
13
10
13
13
15
9
10
13
9
10
12
10
11
13
12
13
8
9
11
19
16
12
17
15
12
14
10
11
13
11
11
10
10
11
11
9
10
11
9
10
7
13
7
7
11
6
6
6
7
3
4
4
5
4
7
3
1
3
4
4
5
10
10
8
10
10
9
9
9
9
10
6
7
6
5
8
6
8
4
6
5
3
4
6
2
3
2
1
5
4
1
3
4
8
6
2
8
7
7
7
8
13
13
12
11
14
14
10
12
11
11
8
12
12
10
8
8
11
12
12
11
16
11
9
10
10
7
7
12
6
8
11
12
13
7
9
13
8
13
14
14
19
15
14
16
13
15
16
20
22
17
17
16
19
17
15
19
15
14
14
15
17
18
15
17
17
18
16
15
15
15
18
20
16
21
14
13
14
13
11
11
12
6
9
5
10
11
8
5
5
5
6
7
11
8
5
6
4
6
8
4
5
5
6
8
9
9
7
10
7
10
13
6
8
7
4
4
7
7
4
7
2
-3
-1
1
-1
-2
1
0
-4
-1
-2
-2
-1
-1
-7
-9
-8
-8
-7
-8
-7
-7
-9
-9
-7
-9
-3
-5
-4
-6
-11
-9
-2
-1
3
7
5
3
9
7
6
8
0
7
6
5
3
2
3
6
2
3
3
2
2
1
5
4
5
1
7
3
2
4
0
3
-2
3
4
6
5
8
6
6
6
0
2
4
5
2
3
8
4
3
2
1
1
4
4
5
9
12
7
4
9
7
7
6
7
7
7
8
5
7
8
7
11
11
13
11
12
12
13
16
15
14
14
18
15
19
15
12
9
9
10
12
12
11
9
7
6
4
2
3
4
5
7
4
8
8
5
6
4
3
2
2
1
-2
1
0
2
6
6
2
0
5
5
3
2
1
2
-1
-1
1
0
0
-1
-1
-3
0
5
5
5
7
9
7
5
3
6
7
5
4
3
-2
3
1
-1
4
0
0
-3
-1
3
-3
-3
-4
-6
-10
-7
-6
-5
-8
-8
-5
-3
-4
-3
0
3
3
2
4
-1
-4
2
5
-1
5
5
4
9
6
4
4
6
7
10
11
13
12
11
11
10
10
8
8
8
8
8
11
13
13
11
9
12
12
13
11
10
13
5
4
7
8
5
3
6
7
6
3
6
2
7
7
1
-7
-3
-3
-1
4
2
4
3
1
4
14
15
15
13
17
18
18
16
16
14
14
11
14
16
12
12
10
11
13
16
13
13
12
16
15
13
15
19
22
16
14
15
14
16
18
13
11
13
16
16
10
10
12
12
9
12
7
12
9
7
12
9
10
12
10
9
10
12
15
11
12
12
16
15
17
16
13
13
15
14
13
12
8
12
12
14
12
16
12
9
9
8
8
6
7
6
5
3
1
4
2
-1
3
2
0
-1
-1
-4
-2
2
-3
-3
0
-3
-2
1
-1
-2
-2
-5
-2
0
2
1
2
2
0
2
-2
3
6
2
4
3
5
6
7
12
13
13
14
16
16
17
17
16
12
12
9
11
12
8
8
6
4
5
4
4
5
4
4
3
3
3
3
4
6
4
3
0
0
6
4
-1
3
2
0
-1
-3
-4
-4
4
4
10
7
7
6
6
6
6
8
9
6
10
8
9
5
0
8
7
10
6
6
8
7
7
10
10
10
14
14
10
11
6
2
4
9
11
6
6
0
3
2
5
2
5
4
1
6
5
5
7
6
5
6
7
4
5
7
8
9
8
8
7
12
8
11
14
7
8
9
13
9
8
8
2
6
1
4
0
-4
-5
-3
-5
-7
-8
-8
-3
-8
-7
-3
-5
-7
-2
-2
-1
-6
-4
-2
1
0
-2
2
3
1
2
3
3
5
0
-4
-1
0
0
1
2
0
3
6
4
7
5
2
1
5
5
9
6
11
9
8
10
9
11
3
5
5
6
6
7
8
6
11
10
12
13
16
10
11
14
13
12
11
11
10
12
10
9
9
11
7
10
6
4
7
7
5
4
8
12
13
8
12
10
8
10
13
12
7
12
7
10
14
8
12
11
15
13
13
14
12
14
15
12
15
17
9
14
9
10
10
7
5
7
5
6
7
9
9
11
10
9
9
8
10
5
10
11
6
8
10
8
6
9
10
10
11
13
10
7
5
8
10
9
6
8
10
5
1
1
2
4
7
6
5
7
5
6
8
7
11
7
1
8
2
6
5
7
6
2
4
0
2
8
3
0
1
7
3
2
2
1
3
-2
0
-1
3
2
-1
-2
-2
-5
-6
0
-1
4
2
1
3
1
3
2
1
2
2
6
6
7
13
14
14
15
13
14
11
15
11
9
11
13
10
16
13
7
9
10
10
7
5
6
6
11
11
7
6
6
4
-1
-3
1
0
0
2
-2
2
3
4
5
5
5
6
4
3
3
3
6
9
3
8
7
9
9
10
11
4
8
9
11
4
8
9
6
9
5
5
11
11
10
9
10
10
9
13
10
12
10
7
9
5
5
4
2
2
3
-4
-4
2
-3
-1
-3
-1
-1
-3
-5
-3
-2
0
-1
1
1
-5
0
0
5
2
1
-2
1
2
-2
-3
5
2
-2
-5
-6
1
0
0
3
-2
-5
-1
-4
-4
-6
-6
-9
-9
-9
-7
-6
-9
-6
-11
-8
-6
-5
-3
-5
-6
-1
0
-5
-4
-4
-2
-5
-3
-1
-1
0
2
7
3
7
5
1
3
-3
0
-2
-2
2
-4
-4
-5
-5
-3
-2
0
0
0
0
0
-2
1
-2
3
7
4
4
3
1
0
2
-1
-3
0
0
-3
-2
-3
-4
-5
-6
-4
-3
-3
-4
-7
-7
-3
-6
-4
0
3
4
7
6
7
4
6
8
5
9
9
8
8
4
6
2
6
6
0
0
2
0
-1
-3
-4
1
-5
-5
-5
-8
-7
-2
-3
-3
3
0
1
1
0
-2
-4
-3
-6
-7
-9
-5
-8
-9
-7
-8
-10
-9
-13
-9
-8
-7
-1
-5
-1
-4
-6
-7
-8
-10
-7
-6
-10
-10
-6
-5
-5
-1
-6
-5
-1
2
3
-4
-2
-2
-3
0
-2
-4
-5
-5
-3
0
1
-3
-4
-5
-9
-4
-3
-4
-2
-9
-4
-9
-6
-6
-10
-9
-6
-10
-14
-7
-7
-6
-10
-9
-8
-11
-10
-7
-8
-9
-7
-5
-6
-3
-4
-6
-1
-1
-1
-1
0
0
-3
3
-1
0
0
-3
-3
-4
-5
-4
-6
-2
-2
-3
-2
-8
-2
-3
1
5
2
4
-3
0
0
2
-1
-1
-2
-2
-4
-8
-9
-9
-10
-3
40
41
24
3
29
55
69
72
48
33
42
70
71
48
26
8
2
22
24
-5
-29
-37
-33
-18
-11
-19
-32
-32
-30
-24
-11
-17
-31
-28
-25
-23
-17
-11
-15
-31
-26
-24
-30
-35
-37
-35
-44
-41
-34
-28
-34
-42
-51
-42
-40
-38
-42
-45
-37
-35
-30
-42
-53
-49
-32
-15
-23
-49
-59
-45
-6
-8
-35
-49
-43
-12
10
4
-30
-40
-22
8
19
9
-20
-30
-10
20
28
13
-5
-9
1
22
30
15
8
6
17
29
35
25
15
19
25
31
36
29
20
19
23
22
20
20
27
17
14
12
12
20
25
9
0
8
6
9
15
4
-4
-6
2
6
5
-3
-18
-18
-9
-4
-13
-23
-28
-26
-26
-19
-20
-24
-25
-27
-34
-30
-28
-32
-32
-31
-36
-47
-43
-46
-39
-48
-56
-60
-57
-55
-58
-58
-68
-66
-57
-56
-64
-70
-75
-69
-63
-67
-68
-86
-88
-82
-79
-76
-82
-98
-104
-101
-100
-103
-98
-60
10
21
-49
-56
50
129
108
82
104
102
106
177
209
133
63
97
136
107
85
74
17
-35
-7
35
-2
-58
-59
-59
-85
-79
-37
-60
-108
-89
-40
-58
-79
-33
-14
-44
-40
11
11
-17
18
57
22
-3
31
59
38
41
76
69
33
30
68
92
83
55
41
34
54
76
65
27
-14
-7
10
16
-1
-34
-58
-67
-55
-28
-33
-60
-76
-58
-35
-30
-25
-25
-41
-50
-35
-11
-17
-41
-46
-46
-55
-67
-67
-72
-87
-96
-88
-93
-99
-90
-81
-91
-112
-99
-93
-104
-109
-101
-125
-160
-155
-145
-164
-175
-98
12
-14
-139
-122
77
174
104
87
128
119
142
267
315
184
85
146
216
203
162
123
59
4
35
87
56
-37
-75
-62
-59
-68
-43
-64
-130
-136
-67
-54
-107
-83
-36
-56
-78
-22
8
-28
-16
53
47
-15
2
84
85
10
3
64
95
81
73
71
52
48
97
128
82
24
35
71
54
28
20
-10
-47
-34
-1
-39
-87
-71
-43
-62
-73
-53
-44
-67
-65
-26
-2
-35
-47
-2
15
-28
-41
0
-11
-52
-50
-22
-59
-106
-78
-62
-94
-124
-108
-101
-130
-131
-122
-123
-141
-144
-119
-137
-195
-193
-169
-181
-235
-184
-13
36
-108
-198
-26
178
182
106
119
147
162
249
370
327
174
148
242
299
264
183
117
66
51
83
95
36
-60
-91
-66
-63
-80
-88
-113
-146
-126
-91
-94
-111
-90
-59
-58
-58
-36
-7
-2
17
60
61
16
46
127
118
41
52
167
159
70
105
174
112
77
161
163
40
30
116
96
19
15
12
-35
-47
-5
-23
-94
-108
-66
-40
-77
-83
-51
-59
-86
-40
22
-9
-65
-13
47
19
-14
16
10
-33
-21
12
-18
-77
-83
-64
-68
-96
-109
-113
-122
-136
-146
-140
-161
-182
-165
-172
-231
-257
-224
-231
-283
-263
-89
46
-56
-248
-150
172
282
158
123
184
209
275
446
478
295
184
273
392
380
285
190
115
73
94
127
84
-36
-128
-121
-96
-102
-119
-169
-208
-203
-161
-145
-166
-154
-127
-104
-90
-69
-45
-29
4
53
81
55
46
137
186
108
67
156
167
82
77
243
282
88
39
155
172
113
155
152
-22
-74
71
91
2
-77
-113
-147
-123
-14
-28
-167
-203
-151
-55
-40
-59
-44
-59
-85
-35
86
101
-21
-41
39
29
5
30
31
-59
-116
-62
-37
-83
-128
-147
-145
-170
-187
-167
-161
-208
-243
-238
-259
-303
-301
-278
-351
-288
-14
57
-236
-356
9
327
244
118
164
215
243
388
563
484
251
182
339
492
435
258
146
97
95
122
134
54
-99
-186
-155
-85
-77
-181
-276
-244
-181
-187
-213
-177
-154
-179
-156
-77
-48
-69
-46
40
101
70
37
110
229
208
93
119
234
186
87
143
285
266
107
99
177
161
105
138
146
10
-81
23
71
15
-80
-155
-169
-109
-21
-55
-166
-175
-135
-95
-46
-3
-4
-76
-90
20
106
75
-10
-17
39
11
8
38
8
-92
-155
-105
-55
-95
-166
-216
-208
-197
-205
-191
-198
-243
-265
-234
-239
-277
-296
-283
-330
-317
-75
121
-32
-319
-178
246
394
256
166
202
277
387
541
565
395
239
253
424
530
391
158
68
124
137
86
81
18
-148
-241
-160
-56
-123
-272
-282
-192
-181
-228
-188
-119
-151
-177
-95
-7
-27
-54
19
127
141
83
93
217
275
179
129
225
243
137
113
279
362
165
30
140
234
153
97
136
58
-62
-26
58
59
-58
-186
-186
-85
-13
-76
-164
-141
-135
-120
-42
21
-8
-76
-73
15
85
91
27
-12
25
34
23
26
20
-45
-131
-136
-89
-90
-160
-230
-226
-202
-233
-256
-224
-222
-281
-290
-246
-274
-315
-304
-310
-347
-325
-131
83
36
-245
-271
145
488
375
130
147
334
449
494
551
506
311
189
357
587
473
132
21
143
145
34
24
31
-130
-312
-259
-83
-104
-309
-387
-247
-170
-265
-301
-186
-140
-200
-172
-50
-13
-75
-39
117
172
79
58
187
276
204
134
197
251
167
119
285
390
183
-9
103
286
228
81
51
30
-11
-20
41
53
-91
-239
-186
-28
-2
-145
-211
-151
-110
-85
-40
-7
-31
-68
-39
56
123
83
-5
12
88
76
22
30
39
-31
-103
-78
-56
-100
-166
-199
-185
-195
-236
-246
-210
-216
-274
-290
-243
-234
-296
-325
-306
-295
-330
-302
-71
134
10
-293
-190
306
530
294
105
240
443
472
486
592
549
300
195
435
634
403
74
63
201
132
-29
2
56
-144
-353
-255
-54
-126
-373
-370
-181
-177
-335
-307
-112
-90
-223
-188
-10
24
-79
-37
156
212
82
50
214
327
229
127
225
305
206
97
247
448
279
-4
45
282
279
81
47
91
-10
-96
-19
101
-17
-259
-257
-79
-9
-124
-227
-146
-95
-143
-119
-2
27
-64
-103
-1
94
104
50
16
45
33
13
35
50
-14
-120
-144
-89
-84
-129
-192
-219
-214
-228
-238
-219
-211
-258
-320
-263
-207
-257
-305
-302
-314
-340
-330
-149
81
97
-167
-313
44
494
477
192
141
346
468
483
583
613
431
212
276
559
598
268
12
87
195
63
-27
52
-7
-274
-380
-163
0
-204
-432
-333
-139
-213
-361
-232
-46
-127
-267
-118
61
-18
-95
81
243
142
-7
104
329
332
156
140
291
278
125
227
459
348
4
-23
283
399
148
-59
2
94
14
-67
11
10
-195
-298
-113
31
-125
-288
-202
-86
-122
-165
-75
12
-52
-138
-64
105
138
0
-43
61
78
-5
-2
76
23
-118
-147
-58
-33
-115
-200
-215
-185
-206
-235
-208
-182
-252
-316
-246
-187
-232
-287
-262
-255
-316
-369
-329
-237
-108
4
-10
-181
-232
60
438
461
187
61
259
494
549
528
494
374
217
259
507
572
269
-18
22
183
133
5
2
-50
-257
-352
-161
-3
-187
-425
-358
-163
-191
-301
-204
-64
-143
-251
-121
71
45
-50
48
194
147
51
163
353
317
142
160
307
281
147
168
346
361
110
3
174
315
175
31
98
67
-98
-71
111
115
-155
-314
-194
-34
-17
-134
-215
-180
-161
-125
-20
45
-24
-145
-85
96
165
108
21
14
63
79
95
116
78
-30
-93
-26
17
-41
-97
-148
-195
-203
-170
-140
-161
-211
-265
-294
-229
-184
-195
-214
-262
-349
-372
-280
-218
-304
-299
-90
54
-84
-274
-98
314
445
209
58
231
435
457
477
520
445
233
195
446
598
365
34
14
203
191
16
-11
25
-139
-332
-218
10
-79
-351
-368
-168
-126
-262
-254
-99
-90
-200
-159
3
43
-39
-7
129
163
77
94
240
300
190
131
225
279
175
108
214
290
190
74
136
227
137
-10
47
166
52
-139
-102
40
-10
-172
-185
-112
-120
-169
-144
-90
-100
-160
-140
-33
14
-29
-47
16
68
71
72
92
100
86
73
99
104
45
-11
-7
28
3
-65
-106
-118
-122
-126
-134
-166
-178
-196
-219
-229
-204
-194
-226
-238
-237
-269
-307
-291
-277
-314
-346
-199
20
53
-205
-314
48
453
384
67
61
339
471
440
473
527
400
191
268
561
605
253
10
153
294
145
19
102
79
-178
-279
-43
120
-101
-362
-261
-25
-88
-267
-184
-6
-79
-232
-121
82
43
-98
-13
175
154
1
55
257
257
68
68
266
269
47
17
227
263
80
32
186
217
34
-49
103
204
31
-151
-55
100
11
-147
-117
-32
-92
-166
-92
-18
-67
-149
-115
-2
48
-7
-30
46
108
89
66
105
119
95
86
105
106
65
10
1
32
14
-50
-91
-88
-93
-122
-148
-165
-181
-187
-196
-226
-234
-235
-248
-276
-273
-281
-314
-352
-392
-413
-366
-157
38
-45
-366
-406
63
508
384
-22
-65
267
511
512
469
470
336
161
279
647
705
269
-41
150
391
259
89
161
166
-91
-227
22
239
18
-298
-240
-4
-42
-218
-163
0
-68
-239
-170
13
6
-117
-83
74
60
-72
-34
159
189
26
11
162
170
22
41
218
211
9
-35
196
308
103
-54
84
229
111
-7
59
104
-5
-78
20
92
-25
-165
-97
52
24
-116
-109
16
25
-56
-14
102
91
-19
-21
106
160
73
17
87
119
27
-16
64
86
-14
-94
-52
-3
-58
-128
-122
-89
-139
-213
-193
-130
-169
-269
-264
-177
-195
-300
-297
-225
-274
-402
-403
-271
-125
-65
-102
-262
-294
-23
318
336
47
-77
161
454
470
358
369
369
238
240
516
654
375
74
151
371
342
203
192
214
41
-118
21
224
97
-201
-226
-26
-24
-186
-193
-65
-77
-234
-258
-116
-56
-154
-189
-79
-43
-147
-150
16
82
-34
-89
14
69
8
14
130
135
3
-41
143
303
161
-47
38
249
192
32
63
161
97
-4
39
130
93
-39
-64
50
89
-23
-95
-2
64
-8
-66
4
69
33
-12
13
72
74
26
35
97
92
6
-4
61
72
13
-33
-26
-30
-65
-97
-100
-93
-132
-185
-179
-152
-169
-209
-214
-207
-229
-228
-210
-241
-308
-340
-332
-340
-360
-259
-74
-36
-263
-417
-133
298
345
43
-75
132
372
456
465
472
394
273
309
579
736
511
198
190
397
445
327
266
244
105
-37
37
215
175
-87
-237
-129
-38
-118
-194
-146
-137
-250
-330
-236
-115
-132
-225
-243
-170
-142
-133
-62
-6
-58
-117
-48
67
73
37
55
91
49
-10
43
181
242
139
29
69
158
180
192
213
119
-21
-1
178
252
119
-79
-132
-8
103
69
-41
-91
-100
-95
-18
84
62
-67
-118
-23
102
133
65
2
-13
4
32
89
105
7
-109
-111
-31
9
-44
-123
-169
-187
-197
-180
-137
-150
-250
-331
-284
-204
-197
-219
-255
-317
-352
-309
-247
-296
-384
-398
-252
-62
-47
-248
-330
-72
261
311
107
8
167
413
509
469
446
431
359
382
571
675
477
227
242
411
427
292
209
194
103
-17
28
163
92
-156
-239
-112
-55
-165
-240
-187
-170
-248
-293
-219
-143
-166
-208
-192
-166
-167
-120
-28
-29
-120
-108
14
65
2
-11
74
108
26
-8
90
191
148
84
127
183
135
98
196
277
171
6
43
210
243
100
0
21
53
49
61
83
22
-84
-78
52
138
67
-54
-59
17
66
70
63
34
-35
-75
-24
61
57
-53
-142
-133
-77
-52
-75
-112
-164
-208
-197
-161
-146
-178
-229
-258
-261
-236
-188
-161
-206
-276
-270
-190
-171
-243
-287
-286
-291
-313
-249
-68
18
-119
-295
-167
188
348
183
28
113
316
428
431
432
432
360
291
384
573
559
312
157
261
385
321
196
173
153
42
-40
34
124
12
-179
-193
-81
-88
-209
-241
-167
-156
-259
-293
-205
-143
-208
-263
-198
-150
-189
-206
-117
-53
-98
-140
-80
3
21
6
22
49
41
38
89
154
157
159
180
185
175
206
275
289
226
145
152
232
277
225
127
62
63
118
154
97
-13
-63
-39
5
31
21
-46
-129
-132
-42
31
-3
-96
-132
-87
-53
-45
-27
-41
-102
-133
-90
-37
-60
-108
-124
-119
-139
-146
-119
-96
-131
-194
-209
-168
-131
-159
-192
-201
-206
-193
-176
-196
-244
-270
-291
-313
-322
-253
-115
-30
-142
-323
-218
140
343
174
-23
69
322
452
437
417
423
355
292
426
642
590
294
171
334
432
323
200
199
176
27
-53
46
117
-40
-238
-220
-113
-152
-258
-253
-216
-272
-349
-321
-255
-266
-292
-265
-226
-252
-275
-192
-84
-94
-157
-124
-28
-4
0
70
133
85
20
62
205
269
204
171
230
275
239
254
328
320
203
140
206
274
240
127
69
52
29
11
28
21
-70
-158
-142
-50
-8
-62
-136
-154
-112
-50
-13
-18
-61
-109
-98
-25
40
41
-41
-109
-87
-8
38
-2
-68
-103
-114
-85
-56
-63
-97
-146
-173
-170
-130
-103
-153
-223
-227
-174
-144
-182
-202
-173
-171
-219
-262
-239
-193
-211
-213
-78
60
-29
-225
-141
215
407
225
15
107
387
512
422
354
386
383
318
370
526
494
245
96
221
363
265
82
46
86
23
-89
-65
21
-53
-239
-278
-148
-99
-218
-301
-240
-177
-233
-295
-233
-134
-146
-220
-224
-141
-79
-69
-66
-59
-29
14
33
45
79
135
129
77
78
152
205
173
96
118
251
272
155
118
218
261
182
141
172
169
137
106
93
76
18
-29
-17
15
-19
-108
-115
-55
-42
-83
-110
-103
-84
-65
-63
-63
-38
-42
-79
-76
-11
26
-33
-109
-89
-30
-15
-54
-87
-79
-90
-123
-105
-45
-53
-140
-179
-138
-106
-98
-96
-131
-175
-176
-130
-86
-85
-130
-166
-153
-121
-136
-165
-178
-210
-241
-204
-68
30
-54
-234
-218
74
322
207
-44
-29
232
398
341
256
264
291
262
274
386
418
252
90
161
300
247
98
76
110
51
-29
-17
34
-10
-117
-142
-102
-98
-153
-164
-125
-135
-192
-203
-160
-135
-132
-121
-142
-169
-121
-30
-15
-83
-110
-27
53
15
-36
23
112
75
-8
33
131
136
59
52
176
245
140
63
185
299
227
120
138
193
174
144
143
117
56
8
22
72
65
-28
-98
-61
-10
-21
-55
-66
-73
-65
-35
-33
-43
-41
-36
-53
-55
-40
-23
-30
-40
-45
-64
-56
-44
-41
-49
-65
-89
-101
-71
-29
-43
-100
-131
-110
-69
-76
-100
-98
-94
-120
-139
-106
-63
-81
-140
-172
-159
-145
-160
-206
-247
-266
-232
-116
-6
-84
-293
-267
61
278
118
-138
-90
215
386
297
152
177
292
312
272
304
354
281
163
174
270
273
173
101
106
124
81
22
22
50
37
-40
-99
-83
-47
-45
-85
-128
-131
-123
-139
-158
-130
-82
-123
-215
-196
-69
-28
-126
-170
-61
29
-51
-127
-21
131
101
-40
-48
96
171
94
30
88
172
164
93
120
214
197
110
116
197
185
98
91
148
130
44
-3
24
51
27
-45
-89
-54
-25
-57
-102
-88
-47
-45
-68
-69
-36
-13
-24
-29
-6
9
-5
-14
14
40
21
-29
-42
8
33
-7
-50
-47
-36
-40
-46
-61
-74
-52
-54
-96
-95
-58
-54
-103
-123
-74
-44
-77
-112
-78
-34
-63
-103
-78
-36
-38
-76
-69
-27
-25
-69
-77
-29
-26
-87
-118
-61
-6
-35
-87
-81
-30
10
7
-19
-15
6
21
32
49
63
50
33
48
89
102
66
39
68
103
87
57
61
83
75
59
75
86
67
34
49
89
92
60
51
75
84
65
50
73
77
32
-1
13
49
41
-8
-35
-22
-8
-28
-44
-54
-68
-85
-82
-57
-58
-81
-86
-67
-50
-51
-56
-47
-36
-25
-15
-4
1
-4
-3
15
40
38
28
27
41
57
60
56
48
51
55
67
81
73
58
57
71
72
60
57
68
60
33
33
47
43
18
9
12
10
3
-3
0
-6
-20
-28
-20
-4
-8
-18
-26
-21
-15
-15
-24
-35
-32
-38
-41
-49
-44
-36
-63
-93
-84
-47
-45
-94
-108
-71
-47
-78
-102
-79
-52
-65
-76
-53
-34
-61
-84
-47
-5
-19
-65
-53
1
12
-34
-38
5
16
-24
-41
1
45
22
-22
-8
46
61
32
31
64
71
47
46
81
102
77
45
50
88
92
59
51
65
63
33
27
48
50
20
-1
20
34
17
-3
5
25
21
3
-6
1
9
8
2
0
-2
-9
-13
-8
0
-1
-6
-26
-39
-30
-9
-2
-16
-28
-19
-11
-9
6
29
26
-6
-18
16
63
61
21
3
33
60
49
36
51
60
38
16
43
80
75
34
27
53
65
35
23
47
74
49
0
3
44
55
10
-22
0
10
-8
-29
-28
-22
-34
-49
-51
-49
-51
-52
-50
-42
-49
-62
-51
-23
-24
-51
-64
-39
-14
-13
-27
-35
-19
-17
-31
-31
-11
-1
-29
-47
-21
3
-11
-42
-34
0
-7
-36
-40
-3
14
-16
-39
-19
9
3
-13
-4
10
6
-9
-1
21
20
-1
-10
8
18
9
4
4
2
-5
1
5
-2
-13
-16
-3
7
-14
-26
-18
-1
-3
-13
-25
-21
-14
-6
4
1
-7
-14
-6
8
15
15
14
12
15
19
42
51
42
33
40
56
64
72
67
66
63
59
71
92
91
64
52
70
81
82
73
63
50
43
48
53
49
28
15
22
20
8
3
-2
-14
-24
-21
-14
-21
-40
-36
-29
-36
-54
-51
-28
-29
-49
-49
-33
-25
-38
-43
-16
-7
-24
-28
-3
15
7
-3
7
13
8
10
20
25
13
3
10
19
19
8
4
5
3
4
14
6
-7
-2
6
0
-5
1
6
8
-5
-18
-7
22
20
-9
-20
-7
20
23
7
-8
-14
4
19
9
3
-4
-8
-12
-5
5
-10
-25
-29
-21
-14
-24
-35
-32
-29
-30
-33
-23
-19
-17
-18
-24
-14
-4
8
4
-4
2
21
24
11
5
21
41
32
16
22
45
45
27
24
41
43
25
19
41
54
30
10
24
52
40
11
1
22
31
10
-5
10
18
4
-11
-5
8
-6
-21
-10
-3
-11
-36
-42
-19
-9
-33
-52
-41
-19
-20
-36
-41
-26
-16
-22
-18
-13
-3
-3
-11
-6
7
10
-1
-7
2
9
-2
-5
3
17
7
-21
-16
15
15
-14
-31
-16
2
-13
-28
-21
-10
-21
-34
-31
-13
-15
-34
-38
-24
-13
-26
-35
-24
-18
-23
-28
-24
-17
-21
-34
-35
-15
-10
-17
-25
-21
-12
-1
-1
-11
-13
0
8
0
-3
-1
8
11
7
3
5
10
17
19
15
12
12
18
15
11
7
8
4
-7
-1
15
23
3
-20
-16
5
11
-4
-16
-16
-10
-14
-21
-14
-7
-13
-22
-22
-12
-4
2
3
-6
-18
-12
6
15
10
2
-3
4
14
15
16
8
3
-2
7
25
12
-4
-9
4
14
-2
-12
-3
7
-3
-20
-7
10
-3
-16
-10
5
1
-20
-23
-4
3
-14
-18
-4
7
0
-4
8
12
2
-5
8
22
12
-8
4
13
3
-8
-3
11
9
-6
-19
-20
-12
-12
-12
-18
-28
-34
-24
-18
-17
-25
-34
-32
-24
-14
-22
-26
-22
-21
-19
-23
-23
-19
-15
-18
-17
-16
-10
-10
-14
-11
-3
-4
-10
2
8
4
-4
-3
7
14
-1
-13
-3
3
-2
-20
-23
-15
-15
-21
-25
-23
-25
-34
-32
-20
-11
-18
-30
-19
1
6
-15
-26
-10
6
7
-7
-12
-7
-2
-2
-4
2
7
8
1
1
13
21
17
11
18
31
29
19
14
23
31
22
7
10
17
8
-3
-2
-3
-6
-15
-17
-12
-19
-30
-34
-23
-15
-23
-31
-27
-12
-13
-25
-26
-9
3
-2
-12
-12
-1
5
8
24
19
3
0
9
24
22
0
-12
-8
-3
-9
-18
-21
-16
-15
-26
-19
-13
-15
-14
-14
-14
-9
-9
-8
-9
-12
-12
-9
-2
-5
-9
-8
-8
-11
-5
-6
-10
-6
-6
-12
-15
-18
-10
-6
-11
-14
-14
-10
-11
-16
-16
-10
-3
-13
-15
-8
-6
-12
-20
-15
-13
-15
-11
-18
-18
-16
-18
-13
-9
-14
-15
-7
-9
-15
-10
0
-4
-12
-17
-5
7
1
-6
-2
1
4
-1
-4
1
2
-4
-10
-9
0
1
-4
-6
-4
-1
-6
-5
0
-2
-13
-10
0
1
-2
-6
0
5
5
-1
3
11
7
5
11
16
10
9
15
17
11
3
16
23
16
8
14
20
21
14
11
14
13
12
7
14
15
5
2
0
6
10
-2
-13
-9
4
5
-3
-3
7
8
0
4
16
15
0
-5
17
25
4
-9
-1
17
9
-2
-5
-1
-4
-11
0
5
-6
-21
-15
1
-3
-18
-17
-6
-12
-26
-17
-1
-5
-17
-20
-8
-1
-6
-8
3
6
-1
3
20
23
13
5
19
21
13
13
15
27
25
14
15
15
17
20
16
14
16
9
-1
-1
3
1
-5
-12
-13
-13
-12
-13
-15
-21
-19
-13
-9
-13
-17
-13
-5
-4
-6
-2
-3
-3
2
13
9
7
12
16
23
18
18
25
28
26
19
25
25
19
14
15
15
11
5
10
17
13
-1
-5
-2
-3
-7
-15
-15
-16
-14
-13
-13
-18
-16
-20
-20
-13
-9
-9
-19
-11
5
6
-4
-12
-3
8
11
1
3
15
12
5
4
14
17
6
-1
5
7
-1
-5
-3
2
-1
-14
-11
-10
-1
-7
-16
-12
-4
-2
-8
-6
-1
0
-4
-2
2
7
5
1
2
16
20
11
12
20
25
19
19
23
26
24
21
26
22
17
14
16
12
12
10
9
14
10
0
-5
-2
0
-6
-11
-6
-13
-24
-21
-12
-14
-21
-25
-19
-13
-20
-26
-18
-7
-7
-14
-12
0
6
5
2
6
14
15
19
23
24
17
17
25
33
27
20
25
30
32
30
32
38
25
22
21
22
26
23
21
16
16
12
18
14
12
12
8
11
8
11
16
11
3
10
8
6
9
6
9
1
-1
11
9
3
-5
-2
3
-6
-14
-11
-3
-5
-18
-16
-8
-11
-18
-15
-3
1
-7
-12
-3
1
0
-7
-1
2
-5
0
11
6
6
7
11
17
17
11
13
23
25
18
16
22
18
19
14
12
15
17
12
7
8
17
13
8
7
7
10
9
6
5
6
0
5
3
5
-2
-9
-1
1
-8
-8
-4
1
-2
-14
-10
-3
5
-3
-12
-10
3
5
-1
5
6
6
0
4
12
10
6
-1
4
13
16
9
6
6
8
15
13
17
13
14
17
11
19
26
23
17
21
28
28
27
22
30
31
22
22
29
38
32
27
29
36
32
22
28
28
27
15
21
29
26
15
15
26
22
13
9
21
20
11
13
16
18
4
0
8
14
12
5
8
17
16
5
7
13
13
8
3
6
7
4
-2
-3
0
5
-1
-7
-7
2
-1
-5
-12
-12
-4
0
0
-2
-2
-3
-4
0
11
8
3
7
8
17
18
16
18
13
11
14
17
19
17
16
17
18
20
18
18
16
11
11
19
19
17
14
14
13
15
17
15
13
8
10
7
9
7
4
-2
0
1
4
3
-4
2
4
10
4
5
6
14
10
6
9
7
12
14
17
19
12
12
21
29
24
19
19
26
31
30
30
36
30
20
26
35
41
33
21
22
30
32
32
35
32
28
30
30
35
34
25
24
26
23
20
19
24
26
13
13
21
24
16
14
12
21
10
6
21
24
17
8
9
19
18
14
8
8
9
12
17
21
24
22
24
28
26
33
37
33
30
28
31
33
36
36
38
42
36
37
36
39
41
36
37
34
31
30
28
19
19
16
9
8
8
10
9
6
2
5
4
3
9
5
2
2
7
12
10
6
4
10
6
8
5
11
10
5
9
6
11
5
7
12
8
9
12
18
15
11
8
12
12
7
2
1
5
9
8
0
2
6
7
12
11
12
12
5
10
18
18
17
14
19
22
27
25
24
30
28
32
33
41
38
33
38
40
39
33
36
33
31
26
29
28
27
28
21
24
21
23
23
20
12
13
14
9
4
4
4
-2
-5
-3
1
2
-5
-3
1
3
1
7
16
13
14
18
29
34
33
40
42
50
50
50
54
53
57
53
50
51
51
52
49
43
45
44
47
50
45
51
49
47
43
52
53
45
41
45
51
40
34
34
40
37
28
24
35
30
19
15
14
25
17
16
19
22
20
16
19
24
31
20
18
25
38
33
30
31
35
36
32
33
38
36
31
30
31
35
31
28
27
24
27
21
18
19
18
19
20
22
15
21
25
22
18
19
17
16
16
16
20
12
14
11
8
13
11
4
0
5
3
0
1
-1
-6
-8
-8
-6
-5
-4
-12
-12
-18
-19
-7
-10
-14
-20
-13
-10
-21
-18
-12
-12
-10
-10
-7
0
0
-6
0
10
6
5
3
11
13
14
17
17
31
36
33
31
34
41
40
35
36
39
36
28
29
27
23
23
19
23
16
14
16
10
9
7
8
9
6
6
7
11
8
8
10
14
11
10
11
10
15
16
17
22
26
25
22
30
36
32
30
32
30
29
24
26
28
20
16
11
14
17
14
12
11
11
10
6
11
10
4
4
8
11
13
9
6
14
17
13
18
20
22
16
12
19
16
14
15
16
18
15
10
8
6
8
2
0
7
6
0
-1
-4
-3
-6
-5
-9
-8
-8
-12
-13
-10
-12
-13
-18
-16
-14
-14
-12
-13
-15
-17
-16
-14
-9
-14
-13
-14
-13
-15
-16
-16
-15
-16
-24
-20
-21
-20
-19
-20
-19
-24
-22
-14
-12
-17
-18
-21
-18
-15
-14
-12
-9
-12
-14
-14
-6
-7
-10
-7
-8
-1
0
-1
6
9
5
5
12
12
15
17
16
20
15
12
16
24
19
10
9
9
12
13
10
10
10
8
6
7
3
3
-1
0
3
2
-1
2
2
2
-4
-1
1
1
2
-7
-7
-2
-5
-4
-1
-1
-3
-2
5
8
10
8
10
6
13
11
9
16
13
13
11
8
10
12
14
14
13
14
17
13
11
12
6
6
10
11
5
-2
-2
-4
-4
-5
-9
-7
-5
-2
-8
-8
-8
-12
-9
-10
-12
-13
-14
-18
-19
-15
-18
-23
-26
-22
-20
-23
-23
-30
-26
-25
-30
-32
-32
-30
-30
-32
-20
44
56
-37
-126
-90
-1
60
1
-103
-86
19
67
10
7
29
5
-36
-17
25
-11
-82
-94
-45
-6
-3
-72
-115
-85
-40
-1
-45
-81
-57
-33
-20
-40
-7
-1
0
32
-22
-59
-27
0
-80
-121
-67
-21
-115
-82
-17
-69
-81
-49
16
-13
-53
-73
-33
47
36
-44
-35
-1
49
22
-26
2
95
43
-65
-13
47
75
-83
-76
9
3
-33
-83
-41
-35
4
22
-49
-37
13
33
-7
39
58
22
4
0
49
28
38
-7
57
23
-47
-16
-26
22
-45
-47
-9
-31
-14
36
-23
-68
40
98
-51
-59
-13
0
-51
-93
-32
-67
-76
-79
-95
-107
-28
-43
-120
-88
18
-5
-79
-25
-10
-12
13
8
14
33
4
-1
20
20
8
17
-1
7
-25
-7
31
-19
-46
3
31
-3
-33
6
1
-3
-16
-24
17
-23
-48
-10
-15
-15
-17
-2
15
-57
-33
0
4
-35
-44
-34
-30
20
-9
-84
-64
-20
11
-35
-77
-44
-11
-38
-81
-52
-48
-28
-58
-78
-68
-42
-11
-54
-105
-68
-28
-20
-63
-92
-62
-43
-39
-42
-54
-58
-40
-37
-35
-42
-29
-20
-38
-41
-49
-28
13
-29
-58
-31
2
21
-24
-52
-27
12
6
-30
-35
-8
-2
-27
-26
-18
-21
-16
-25
-54
-38
-21
-29
-25
-55
-51
-5
-36
-53
-43
-43
-19
-36
-29
-33
-38
-33
-22
-25
-37
-30
-17
-8
-35
-54
-24
-3
-29
-50
-17
-3
-25
-28
-39
-29
2
-7
-34
-31
-1
12
-23
-39
-3
30
7
-33
-13
22
8
-13
-19
-2
9
7
-1
-18
-17
14
18
-18
-33
0
22
-5
-23
-28
-1
25
-1
-31
-29
-1
5
-25
-35
-29
-18
-21
-31
-33
-33
-26
-25
-32
-44
-43
-26
-15
-40
-64
-40
-4
-16
-57
-57
-21
-10
-36
-50
-44
-29
-26
-31
-52
-53
-18
-24
-47
-43
-23
-17
-28
-40
-41
-26
-18
-23
-34
-41
-32
-22
-29
-43
-35
-27
-32
-33
-41
-36
-23
-43
-53
-46
-24
-22
-39
-52
-44
-31
-37
-43
-56
-52
-46
-41
-50
-59
-50
-43
-46
-48
-40
-39
-52
-54
-47
-46
-43
-41
-39
-38
-30
-32
-44
-50
-42
-36
-37
-41
-44
-41
-36
-35
-47
-57
-45
-31
-38
-40
-31
-30
-25
-24
-33
-34
-29
-26
-23
-17
-21
-33
-23
-18
-19
-25
-14
-11
-16
-17
-11
-12
-9
-7
-12
-14
-9
0
-8
-11
-11
-3
-2
-9
-23
-17
-13
-14
-19
-25
-21
-15
-21
-29
-26
-20
-13
-16
-22
-19
-16
-19
-18
-22
-20
-17
-19
-9
-16
-22
-15
-16
-15
-12
-23
-28
-29
-26
-21
-25
-24
-24
-23
-15
-10
-17
-20
-8
-9
-17
-17
-10
-12
-16
-15
-16
-1
-6
-23
-21
-15
-14
-20
-27
-15
-8
-28
-30
-15
-20
-24
-20
-18
-26
-28
-29
-27
-31
-30
-33
-47
-39
-32
-42
-49
-43
-34
-39
-54
-50
-43
-47
-48
-43
-44
-41
-46
-43
-36
-44
-36
-31
-44
-39
-29
-28
-33
-37
-34
-31
-32
-39
-38
-36
-24
-27
-37
-33
-24
-22
-35
-37
-22
-16
-30
-34
-27
-26
-31
-29
-25
-22
-27
-25
-30
-32
-27
-25
-26
-32
-33
-29
-23
-32
-32
-27
-28
-25
-27
-29
-24
-25
-25
-26
-28
-27
-31
-26
-19
-10
-20
-26
-11
-9
-17
-16
-6
-4
-7
-8
3
7
-1
-2
-3
-7
3
6
-6
-11
-1
-2
-10
-15
-9
-1
-5
-3
-4
-2
3
-6
-14
-3
1
-5
-19
-21
-7
-7
-25
-32
-27
-17
-27
-37
-29
-26
-26
-36
-26
-16
-24
-30
-20
-17
-25
-29
-26
-13
-17
-22
-25
-24
-18
-16
-18
-19
-16
-21
-21
-21
-27
-28
-23
-28
-32
-27
-23
-23
-32
-22
-18
-27
-30
-30
-31
-26
-20
-33
-34
-25
-22
-26
-32
-34
-34
-36
-28
-30
-41
-38
-27
-33
-37
-27
-18
-22
-35
-33
-27
-22
-25
-32
-31
-26
-32
-25
-27
-29
-30
-24
-26
-40
-30
-27
-35
-41
-27
-26
-31
-33
-27
-26
-30
-21
-20
-24
-21
-16
-19
-25
-23
-21
-17
-20
-28
-30
-17
-20
-29
-26
-19
-18
-12
-14
-14
-8
-7
-12
-8
-3
-4
-8
-13
-6
-10
-9
-4
-1
-3
1
3
2
2
0
3
1
4
-3
-2
2
6
0
-2
-7
-7
-1
-2
-10
-10
-4
-7
-9
-13
-11
-7
-6
-8
-5
-7
3
0
-2
1
2
1
3
0
-2
10
5
-1
-4
4
9
-4
-5
1
3
-1
-5
4
0
-2
-6
-8
-2
-4
-3
-2
-11
-10
0
-4
-10
-11
-8
-9
-14
-14
-15
-16
-20
-25
-19
-17
-15
-21
-22
-15
-7
-9
-8
-7
-7
-15
-17
-5
-8
-16
-23
-18
-12
-19
-28
-25
-22
-20
-27
-31
-23
-21
-24
-28
-22
-14
-13
-23
-21
-15
-15
-22
-28
-21
-20
-22
-20
-15
-19
-23
-22
-21
-23
-17
-14
-22
-26
-19
-10
-9
-18
-15
-8
-6
-10
-18
-19
-15
-14
-18
-20
-21
-19
-18
-24
-28
-18
-15
-16
-25
-20
-13
-6
-10
-15
-2
6
4
-8
-10
0
-1
0
0
3
5
5
3
1
1
7
10
2
3
7
9
11
15
14
12
9
9
16
14
9
11
18
16
14
14
16
13
10
5
10
14
7
2
0
1
9
7
-4
1
5
6
6
8
11
11
8
8
14
14
14
15
13
15
14
13
13
9
8
13
13
14
12
11
9
8
7
10
13
10
10
11
16
11
7
4
8
10
7
9
10
5
6
7
1
-3
-2
1
-1
-2
-3
-6
-4
-12
-6
-3
0
-3
-7
-8
-7
-5
0
2
-3
-5
-9
-8
-6
-3
-8
-3
-4
-8
-4
-1
1
6
8
-2
6
13
13
10
4
16
16
12
13
14
15
17
12
11
10
13
10
8
12
5
6
9
10
5
6
14
10
8
9
13
12
9
7
5
7
11
8
5
10
14
12
11
11
13
7
7
11
7
7
5
5
10
8
6
10
14
13
13
17
16
19
17
18
20
14
22
32
21
10
15
18
19
24
24
20
21
22
18
22
24
21
24
21
19
17
16
18
18
17
22
24
24
24
21
29
24
24
27
27
26
28
28
24
28
32
31
31
28
24
27
29
27
22
21
22
24
21
26
25
19
15
16
18
17
14
11
15
16
15
9
11
15
19
8
7
8
14
13
6
3
6
6
10
9
6
6
4
8
5
4
7
13
6
5
1
1
-1
1
-1
-9
-5
0
-6
-11
-3
-2
-4
-5
-2
2
1
1
2
-1
0
4
-1
0
0
1
-1
-4
-2
-4
2
-2
3
7
10
12
6
6
9
9
6
6
1
13
17
10
9
13
11
4
8
5
4
6
9
7
-2
-3
2
4
0
5
4
0
4
5
5
6
10
10
13
18
13
17
16
20
20
22
23
19
22
22
17
14
19
17
14
16
9
6
8
10
16
16
15
16
17
17
15
16
17
23
14
15
20
27
26
20
26
33
36
29
30
26
24
27
25
21
17
18
22
18
24
22
22
25
17
13
20
25
21
22
24
29
30
27
31
29
26
25
28
29
22
20
21
19
25
18
16
16
13
9
7
9
4
6
3
9
6
6
8
10
8
8
11
8
9
11
6
7
9
3
3
3
0
-1
-3
-2
-1
-2
-2
-2
1
4
4
7
9
11
7
7
9
10
10
11
10
13
11
8
12
11
12
17
14
7
14
20
19
18
17
14
16
14
13
14
20
17
17
13
15
13
12
21
20
16
16
20
14
10
16
15
15
18
22
17
13
19
17
21
20
17
16
19
22
17
16
18
22
13
17
23
19
20
29
24
28
26
23
22
19
19
21
27
20
20
25
25
24
23
22
26
25
27
32
29
24
28
29
29
30
27
29
24
23
23
30
34
22
19
27
30
29
23
21
28
31
23
26
26
24
27
29
28
22
25
28
27
26
28
28
21
22
25
23
21
20
19
12
11
8
17
11
8
11
6
9
10
11
13
14
9
6
11
8
5
6
2
6
5
2
0
3
6
1
3
4
4
2
2
11
9
4
4
5
11
6
6
4
8
13
8
9
9
10
10
10
9
9
12
11
10
11
12
16
13
11
14
16
16
12
13
16
18
17
16
19
18
19
14
14
16
21
21
17
21
19
21
21
17
16
19
22
19
16
17
18
19
16
14
19
20
15
15
19
18
20
22
22
25
24
26
31
36
30
31
30
33
34
31
32
28
29
31
30
27
28
28
27
25
26
27
23
23
22
21
24
24
27
28
26
32
24
25
30
28
23
20
20
20
23
17
17
15
14
12
14
9
6
9
6
7
11
10
8
11
13
14
9
6
10
10
13
7
5
8
12
14
16
13
15
13
12
13
10
11
9
11
9
7
5
8
8
10
9
7
10
3
9
4
0
-3
-6
2
4
6
3
2
2
3
1
-1
7
8
7
3
5
12
6
6
4
5
8
4
0
9
15
8
5
6
8
12
9
7
10
11
10
8
8
12
12
12
14
18
19
21
20
16
21
17
17
17
15
19
24
21
22
18
17
21
17
17
16
20
23
23
26
22
24
22
22
18
24
24
23
24
17
19
24
26
23
13
11
13
8
5
7
12
8
5
4
8
8
5
7
5
10
13
7
9
4
0
2
-3
-1
2
-1
-1
-2
-3
-1
-1
-1
2
4
3
8
3
0
2
9
15
8
9
8
10
6
11
11
10
8
7
10
13
14
10
14
15
15
12
13
11
12
12
11
15
15
10
5
10
9
6
8
7
7
8
1
1
-1
2
5
0
-2
3
4
4
3
5
8
8
10
9
9
4
5
8
3
3
5
4
5
3
3
-1
-1
-2
-1
2
0
-1
1
-4
-3
-4
-1
-1
0
2
-1
2
1
1
-3
2
7
4
4
4
0
1
5
2
1
1
5
4
3
4
2
-1
-3
3
1
2
5
3
1
6
5
4
5
7
14
11
11
13
15
13
12
13
19
14
13
13
12
14
13
8
2
2
5
2
0
6
6
5
7
8
2
5
5
4
6
3
10
6
1
8
12
9
4
5
4
10
11
9
5
3
7
8
10
6
6
6
3
2
-1
-1
3
-1
0
1
3
5
4
10
11
13
7
12
12
10
7
12
13
8
12
12
17
14
13
10
15
17
14
17
14
15
13
15
16
15
21
21
14
15
16
17
15
19
19
17
22
18
17
18
19
19
18
18
15
15
13
12
14
7
8
5
4
10
8
12
9
13
13
9
13
11
9
5
6
7
9
0
2
3
0
3
3
-2
1
-3
-4
-4
-10
-3
-4
-1
-4
-1
-1
0
3
4
-1
4
3
-1
2
3
6
4
3
1
4
2
4
3
3
6
2
6
4
5
4
2
4
5
7
6
2
1
2
0
3
-2
-3
2
1
3
3
5
8
5
5
4
3
11
9
8
7
4
4
4
4
9
6
3
5
2
1
7
2
3
7
4
1
3
4
5
3
7
9
6
7
8
10
11
11
12
7
8
12
11
10
12
14
18
17
17
24
22
21
24
22
22
24
20
24
21
19
23
19
21
20
24
21
17
18
20
17
23
23
22
21
22
24
17
15
14
13
14
14
17
13
8
7
7
7
5
6
3
3
8
5
1
-2
-1
-1
0
1
-3
-2
3
4
5
3
-2
-4
-1
-1
-2
-5
-2
-5
-7
-2
-1
-3
-3
0
-3
-2
-3
-5
-6
-1
-5
-3
-6
-7
-9
-7
-5
-6
-8
-10
-8
-12
-12
-10
-13
-9
-7
-7
-4
-5
-5
-4
-4
-2
-3
-3
-6
-3
-5
-5
-6
-9
-2
-6
-3
-5
-1
-1
1
-2
0
10
8
8
4
7
5
1
2
3
4
0
1
0
5
3
5
5
2
5
4
8
6
8
9
10
11
8
12
13
14
16
17
19
15
22
19
18
21
20
15
19
16
16
16
15
21
14
15
12
17
17
12
11
10
13
15
8
11
11
10
10
7
7
6
6
4
10
11
9
9
7
9
8
8
9
9
4
2
-4
-1
-2
-2
0
-1
2
1
1
0
-1
1
3
2
-1
5
3
2
5
6
7
3
3
1
2
4
4
5
4
-3
3
2
4
4
1
3
2
3
0
-1
-3
-2
-3
-7
-5
-1
-4
-4
-5
-4
-3
-9
-7
-6
-4
-2
-2
-6
-5
-3
-5
-7
-11
-12
-13
-10
-16
-18
-13
-18
-17
-19
-18
-15
-14
-12
-18
-13
-11
-14
-12
-14
-16
-15
-14
-16
-13
-12
-16
-16
-15
-18
-19
-11
-8
-9
-10
-6
-6
-6
-4
-5
-1
4
2
3
3
3
5
6
5
-1
3
-2
0
-2
-6
-2
-3
-6
-8
-8
-6
-8
-7
-9
-8
-8
-7
-6
-8
-11
-10
-10
-12
-9
-9
-7
-13
-17
-15
-17
-19
-19
-13
-13
-16
-17
-19
-14
-13
-14
-17
-18
-17
-16
-15
-15
-18
-9
-8
-7
-11
-8
-10
-15
-11
-12
-15
-13
-15
-12
-11
-12
-11
-10
-7
-5
-4
-4
-4
-5
-1
-2
-2
0
-1
-1
