9
5
7
6
3
1
-1
0
-2
-2
-2
2
2
1
-1
6
7
2
5
2
-3
0
1
2
1
5
5
2
6
5
9
6
4
9
12
7
4
11
13
9
12
7
5
6
5
10
7
10
9
7
6
10
14
11
16
11
13
16
14
13
15
18
16
19
13
20
19
19
24
19
21
22
23
21
23
27
26
25
26
23
24
22
25
27
30
29
25
28
25
31
31
33
32
32
32
31
30
30
30
30
28
29
27
30
31
28
29
23
27
28
23
28
28
26
32
25
25
29
28
28
25
22
29
30
26
27
26
28
25
26
27
22
24
24
25
28
25
25
24
28
28
29
31
26
25
29
23
25
25
19
18
19
22
20
20
20
19
17
18
19
24
22
21
19
17
16
18
15
16
16
13
12
7
6
7
8
5
7
8
6
2
5
6
4
6
5
6
5
6
5
4
4
6
3
-2
3
5
1
4
5
0
4
3
5
2
0
2
2
9
10
8
12
10
6
5
6
9
4
5
4
7
10
4
4
2
3
0
-3
3
4
6
8
5
4
4
2
5
9
11
10
9
9
14
20
15
13
17
14
13
12
11
12
14
18
13
18
19
18
21
14
15
19
17
12
14
12
13
14
14
15
14
17
14
14
12
16
11
12
14
13
12
13
14
12
14
12
13
9
14
14
13
17
14
10
13
12
8
14
12
7
8
13
6
7
8
9
16
11
7
8
8
4
9
10
7
9
6
10
10
9
11
11
12
13
14
16
18
14
11
16
12
13
13
10
10
8
6
7
4
2
3
-2
-2
0
2
-1
0
-2
1
4
1
3
1
4
2
-1
-3
0
3
1
3
1
0
1
1
3
3
1
4
5
5
5
5
8
8
4
7
5
10
11
10
11
11
13
12
10
10
7
9
10
9
11
14
14
11
11
12
9
8
14
13
14
15
14
14
16
15
15
15
17
17
18
17
15
15
18
20
23
25
22
25
22
19
23
24
21
23
23
22
23
20
26
20
17
17
22
22
24
25
23
26
19
24
22
21
26
19
20
24
25
26
24
29
22
25
29
22
26
23
24
24
25
21
22
21
18
20
16
21
21
18
19
19
21
16
20
15
17
17
16
16
16
15
11
15
10
11
8
9
7
5
5
6
7
6
7
5
6
2
5
3
-1
2
0
-1
0
0
-2
-3
-2
1
-3
-8
-1
-3
-7
-5
-8
-6
-4
-7
-5
-7
-4
-6
-10
-8
-9
-10
-8
-10
-10
-10
-12
-12
-18
-13
-10
-11
-18
-15
-13
-15
-13
-16
-14
-13
-10
-13
-12
-13
-14
-9
-9
-8
-4
-10
-13
-9
-10
-13
-13
-8
-10
-11
-10
-13
-13
-13
-12
-11
-15
-13
-14
-8
-9
-6
-5
-6
-1
-1
-3
-3
-1
1
-2
0
1
4
6
2
4
3
3
3
3
3
1
-2
0
0
1
3
3
5
4
4
9
7
7
5
6
6
7
8
6
7
9
7
7
6
11
7
6
10
5
13
11
12
8
8
13
9
15
10
5
12
10
12
15
17
18
18
21
16
13
12
14
13
13
13
11
12
9
9
10
9
11
11
10
13
10
7
3
5
4
1
2
1
-1
-3
-5
-8
0
-3
-4
-7
-6
-1
-9
-8
-7
-9
-7
-11
-11
-10
-11
-14
-18
-17
-17
-18
-16
-17
-18
-17
-17
-15
-14
-19
-17
-19
-24
-23
-22
-23
-20
-18
-22
-22
-20
-23
-20
-25
-26
-23
-25
-22
-24
-31
-27
-25
-24
-26
-26
-25
-28
-27
-27
-30
-27
-27
-28
-30
-30
-27
-32
-26
-29
-26
-22
-23
-24
-28
-23
-26
-27
-23
-24
-21
-21
-18
-19
-16
-19
-19
-14
-20
-17
-17
-18
-14
-14
-10
-11
-10
-11
-10
-4
-7
-3
-3
-5
-2
-7
-1
-2
1
0
-1
-2
2
-2
-3
-4
-3
-5
-3
-3
-6
-3
-6
-5
-7
-5
-4
-2
-5
-4
1
1
0
-2
-3
-5
-5
-3
-6
-6
-7
-4
-4
-2
-1
-1
0
-4
-3
-3
-2
-1
-1
-1
-1
-5
-5
-2
-2
-1
1
-2
1
-1
0
-1
-7
-3
-1
-4
-6
-7
-7
-10
-8
-8
-11
-11
-8
-14
-13
-6
-14
-10
-11
-17
-16
-14
-16
-17
-17
-16
-17
-19
-16
-18
-18
-20
-18
-22
-19
-18
-19
-23
-28
-27
-26
-25
-29
-29
-26
-24
-25
-25
-22
-23
-23
-18
-22
-15
-12
-16
-15
-16
-21
-27
-27
-29
-28
-26
-30
-27
-30
-28
-26
-25
-23
-27
-22
-26
-30
-31
-32
-33
-32
-28
-28
-30
-25
-27
-29
-24
-26
-25
-23
-19
-19
-23
-13
-15
-16
-10
-9
-11
-9
-12
-12
-8
-10
-10
-8
-7
-10
-7
-8
-5
-6
-6
-6
-7
-5
-6
-5
-3
-5
-3
-4
-2
-2
-1
0
-3
-3
2
-4
2
2
1
1
-4
-2
-2
-5
-6
-2
-10
-9
-9
-8
-6
-6
-8
-9
-9
-11
-10
-15
-11
-7
-10
-11
-10
-8
-6
-8
-10
-6
-9
-12
-10
-8
-12
-7
-9
-12
-11
-9
-9
-10
-10
-12
-12
-12
-10
-10
-7
-10
-7
-12
-12
-11
-9
-8
-12
-10
-12
-7
-9
-9
-9
-13
-13
-10
-13
-18
-14
-20
-18
-16
-20
-20
-19
-20
-18
-15
-20
-23
-21
-26
-23
-25
-33
-30
-27
-29
-30
-28
-27
-27
-26
-31
-29
-32
-32
-28
-32
-31
-34
-32
-32
-36
-34
-32
-30
-31
-26
-27
-30
-28
-33
-31
-33
-32
-29
-27
-26
-24
-21
-25
-20
-19
-17
-22
-19
-15
-12
-8
-12
-10
-7
-11
-13
-10
-11
-5
-9
-7
-6
-5
-6
-4
-1
-2
-2
-6
-9
-11
-8
-9
-5
-1
1
2
3
-1
-1
0
0
1
3
1
-1
-3
-3
-1
3
-1
-2
-3
-3
4
-2
-1
-4
0
-2
-2
0
2
4
5
7
2
6
3
1
6
9
4
8
9
11
12
3
6
9
6
4
4
4
6
10
10
9
10
9
10
13
9
7
7
6
4
9
6
3
2
0
2
1
2
1
-2
-1
-3
-8
-5
-5
-6
-11
-11
-9
-15
-11
-16
-16
-15
-18
-16
-16
-15
-18
-19
-16
-18
-14
-17
-21
-20
-22
-23
-23
-20
-20
-19
-22
-21
-21
-20
-21
-22
-16
-23
-18
-16
-17
-19
-20
-17
-18
-22
-21
-21
-20
-21
-22
-18
-22
-16
-14
-18
-21
-19
-24
-17
-19
-22
-21
-23
-15
-16
-16
-17
-14
-17
-15
-13
-16
-16
-15
-12
-15
-11
-11
-11
-5
-1
-1
-3
-2
1
6
5
4
2
6
4
6
8
3
8
4
8
8
9
11
8
5
9
13
8
12
8
12
10
8
11
7
11
6
6
7
5
8
5
5
8
1
-1
5
2
6
2
4
8
11
9
10
11
10
12
9
11
8
7
7
6
7
3
5
7
4
3
5
7
2
7
9
6
6
6
5
4
4
8
5
1
7
3
3
0
6
5
1
1
0
1
-4
-1
1
-5
-5
-4
-4
-2
-9
-4
-11
-10
-9
-5
-4
-8
-7
-11
-10
-15
-11
-15
-17
-14
-15
-14
-16
-13
-13
-15
-18
-20
-18
-21
-18
-14
-19
-18
-15
-17
-19
-19
-19
-20
-21
-18
-23
-22
-27
-25
-24
-24
-21
-26
-25
-22
-22
-24
-27
-23
-24
-23
-18
-20
-16
-17
-16
-17
-16
-10
-10
-11
-3
-2
-8
-2
3
6
7
11
17
24
30
56
97
119
123
98
66
28
-13
-63
-96
-78
-38
33
97
130
131
113
101
77
40
-8
-50
-68
-76
-85
-109
-106
-78
-33
13
22
-2
-38
-80
-109
-126
-141
-145
-131
-97
-58
-40
-41
-37
-31
-22
-19
-51
-71
-76
-56
-27
-12
-3
-6
-5
-9
-23
-37
-51
-61
-58
-45
-38
-46
-34
-22
-4
6
-7
-22
-36
-29
-26
-26
-25
-15
4
23
38
42
44
47
53
50
41
43
51
64
85
98
112
132
138
138
121
91
70
66
66
68
73
93
101
96
87
69
52
30
-1
-32
-54
-61
-64
-52
-41
-30
-12
-5
-6
-16
-24
-42
-66
-80
-78
-65
-56
-39
-34
-32
-29
-50
-76
-119
-144
-154
-161
-150
-137
-125
-102
-88
-88
-90
-98
-115
-138
-160
-170
-177
-180
-173
-166
-161
-160
-156
-153
-165
-183
-200
-211
-222
-235
-244
-245
-241
-237
-215
-159
-78
-13
15
57
143
233
279
279
296
345
370
366
376
402
419
401
373
368
361
322
245
185
141
85
24
-41
-84
-113
-134
-163
-185
-194
-199
-207
-223
-226
-207
-188
-179
-172
-137
-75
-36
-7
27
77
121
141
161
191
215
218
211
214
219
213
198
195
195
193
178
158
145
127
102
70
41
20
-7
-37
-59
-75
-76
-86
-88
-84
-85
-77
-76
-71
-59
-42
-31
-20
-8
6
24
34
46
67
82
81
65
50
30
1
-36
-65
-97
-116
-138
-157
-168
-173
-187
-210
-216
-233
-253
-275
-293
-299
-304
-310
-309
-302
-292
-281
-273
-269
-264
-263
-278
-307
-343
-354
-361
-363
-303
-180
-80
-31
41
190
336
387
392
442
516
508
451
443
491
486
410
381
438
469
399
313
281
249
149
17
-58
-100
-172
-264
-313
-296
-281
-292
-295
-271
-234
-221
-227
-227
-212
-186
-175
-168
-129
-60
-5
20
60
140
214
230
223
244
274
255
205
182
182
159
129
119
138
174
175
151
154
169
153
99
54
32
-2
-54
-90
-93
-83
-76
-76
-48
4
37
45
47
56
56
39
17
11
12
14
15
18
40
66
65
52
41
30
2
-48
-93
-130
-165
-200
-227
-239
-237
-248
-253
-250
-252
-260
-277
-299
-317
-337
-368
-390
-398
-397
-393
-405
-411
-410
-414
-414
-392
-293
-188
-141
-105
16
204
315
350
414
533
600
580
558
611
640
556
462
474
513
465
359
317
330
281
172
87
54
-8
-129
-232
-271
-293
-332
-391
-408
-390
-357
-329
-312
-282
-235
-195
-185
-171
-118
-74
-75
-78
-28
54
103
113
148
219
267
273
275
292
291
252
200
175
170
144
89
53
70
95
83
63
71
83
60
25
5
-1
-25
-74
-101
-89
-71
-69
-65
-35
4
37
55
75
88
98
89
71
65
57
36
-3
-27
-34
-41
-60
-83
-95
-93
-111
-143
-159
-170
-189
-221
-250
-258
-277
-312
-339
-348
-341
-340
-351
-357
-340
-335
-341
-351
-374
-395
-421
-454
-473
-423
-317
-252
-211
-117
63
237
326
405
535
653
671
641
670
715
662
545
497
532
521
426
363
381
384
314
236
209
182
83
-39
-105
-143
-214
-309
-379
-389
-388
-389
-379
-349
-293
-244
-209
-167
-107
-51
-47
-62
-35
12
30
17
26
77
121
140
174
230
272
272
261
269
271
256
205
152
131
113
73
34
37
45
35
36
59
91
93
71
66
80
70
36
7
-2
-11
-28
-32
-17
-2
14
33
57
80
95
96
87
73
57
26
-22
-69
-108
-135
-173
-200
-215
-221
-227
-238
-233
-218
-217
-233
-246
-248
-261
-287
-313
-332
-345
-364
-381
-384
-381
-374
-392
-411
-413
-415
-436
-442
-375
-288
-250
-228
-123
52
180
239
338
493
602
617
620
702
746
674
588
591
607
527
407
378
391
329
235
191
207
150
40
-29
-38
-78
-172
-249
-281
-303
-356
-385
-382
-362
-361
-351
-309
-252
-194
-157
-126
-83
-12
32
43
54
87
112
104
110
144
166
165
163
192
230
235
228
227
214
211
196
166
148
128
103
86
87
96
86
72
84
97
102
93
85
83
83
64
49
47
34
17
12
26
39
35
27
33
38
33
21
5
-8
-42
-73
-92
-118
-144
-185
-204
-213
-220
-232
-246
-245
-244
-245
-257
-256
-256
-272
-293
-304
-309
-315
-328
-349
-354
-356
-388
-424
-446
-457
-490
-492
-412
-326
-289
-235
-93
83
201
285
416
561
639
638
676
758
750
652
587
609
595
489
401
400
389
290
209
211
214
131
20
-8
-8
-86
-197
-254
-267
-326
-409
-424
-410
-412
-440
-420
-350
-291
-250
-216
-155
-91
-49
-23
4
37
51
48
53
85
112
113
109
128
164
181
179
197
208
194
182
185
189
164
134
107
107
106
92
81
72
88
91
90
102
103
98
87
84
91
86
61
36
36
43
34
19
18
21
10
-1
0
-1
-22
-57
-72
-77
-96
-127
-153
-162
-171
-190
-206
-213
-226
-247
-261
-261
-263
-275
-285
-288
-286
-286
-290
-296
-293
-311
-328
-335
-354
-388
-424
-448
-462
-460
-405
-327
-273
-217
-106
64
197
286
399
538
632
651
689
762
764
684
604
599
580
469
363
338
329
246
162
164
177
101
1
-14
-2
-62
-177
-232
-239
-305
-398
-424
-409
-421
-465
-458
-381
-325
-305
-273
-205
-136
-99
-58
1
48
62
71
97
135
152
140
137
153
175
175
170
194
199
182
176
205
219
210
193
189
197
191
176
166
152
133
116
112
116
98
79
72
69
71
60
50
43
33
29
18
15
10
-6
-25
-33
-29
-39
-59
-79
-80
-80
-98
-109
-109
-114
-136
-154
-154
-167
-194
-224
-235
-239
-258
-286
-288
-282
-283
-295
-293
-279
-279
-295
-308
-300
-304
-338
-378
-394
-401
-418
-414
-343
-264
-225
-177
-47
124
227
305
436
574
655
673
725
799
784
694
631
631
585
456
362
346
302
196
137
155
140
46
-13
8
14
-67
-147
-161
-177
-264
-335
-330
-329
-379
-438
-406
-351
-336
-330
-283
-209
-165
-122
-54
26
65
81
118
172
204
201
186
190
199
180
154
155
164
147
120
135
173
178
171
179
196
206
188
178
178
150
124
97
87
75
36
11
-5
-8
-12
-18
-22
-22
-14
-6
-5
1
1
-11
-27
-31
-31
-42
-60
-78
-81
-87
-103
-113
-122
-129
-150
-161
-161
-177
-202
-221
-229
-244
-260
-270
-280
-290
-305
-306
-294
-299
-311
-315
-307
-302
-311
-314
-325
-347
-358
-371
-370
-355
-305
-243
-215
-159
-46
87
171
245
373
497
568
593
657
733
705
634
599
607
546
416
344
327
276
161
111
132
98
2
-48
-14
-15
-105
-161
-144
-153
-235
-299
-278
-279
-341
-393
-367
-324
-336
-339
-287
-208
-173
-139
-53
28
76
101
155
216
240
232
224
243
241
208
188
200
200
157
135
158
188
183
172
203
230
231
224
241
259
229
189
180
174
146
83
51
41
15
-19
-43
-34
-44
-55
-51
-27
-4
-8
-9
13
34
34
22
17
11
-8
-39
-64
-80
-114
-144
-165
-176
-187
-212
-232
-229
-230
-236
-238
-234
-231
-239
-244
-241
-245
-259
-271
-279
-286
-302
-315
-333
-361
-381
-396
-405
-413
-393
-319
-254
-226
-172
-53
86
154
223
344
461
529
547
614
688
669
604
579
605
558
429
369
360
293
174
117
128
92
-9
-61
-31
-37
-122
-179
-154
-156
-247
-300
-283
-285
-346
-406
-362
-318
-336
-339
-286
-209
-179
-149
-65
16
54
68
121
186
208
200
198
222
218
190
173
180
175
138
113
138
163
154
146
179
205
203
200
217
228
198
168
160
154
114
63
32
20
-8
-44
-58
-56
-63
-73
-56
-29
-16
-16
0
28
51
41
38
29
16
-12
-45
-65
-96
-131
-163
-188
-202
-213
-222
-225
-224
-219
-223
-211
-203
-200
-200
-202
-201
-207
-220
-232
-246
-268
-292
-306
-319
-343
-373
-392
-397
-410
-405
-344
-276
-244
-204
-99
46
126
190
305
432
517
538
595
689
689
619
586
610
576
449
368
353
308
191
120
135
109
12
-55
-27
-12
-88
-159
-150
-133
-217
-291
-273
-268
-327
-389
-366
-311
-319
-334
-282
-205
-168
-142
-66
27
67
82
132
197
226
213
207
229
234
204
179
188
185
150
122
142
178
167
157
178
209
215
201
221
233
209
183
169
168
134
70
38
21
-6
-48
-67
-67
-73
-79
-68
-32
-11
-6
4
29
51
45
34
28
11
-17
-50
-72
-96
-129
-160
-175
-175
-185
-194
-193
-183
-174
-176
-167
-159
-161
-176
-186
-191
-211
-232
-256
-275
-292
-312
-327
-341
-360
-388
-397
-398
-405
-390
-323
-262
-232
-179
-69
71
142
214
331
457
531
551
625
707
702
633
606
632
590
454
379
375
314
193
127
136
97
-4
-57
-28
-32
-112
-177
-154
-151
-235
-291
-270
-267
-341
-394
-350
-307
-323
-337
-282
-199
-177
-149
-68
20
44
58
116
181
195
177
186
207
205
166
147
159
147
104
79
112
138
118
112
151
180
179
175
197
211
184
155
151
143
98
39
11
2
-32
-75
-86
-84
-95
-107
-87
-56
-52
-50
-32
-1
18
13
7
6
-8
-39
-56
-64
-88
-129
-151
-158
-161
-174
-188
-187
-176
-174
-178
-180
-172
-181
-201
-212
-219
-231
-267
-287
-298
-316
-328
-338
-347
-357
-382
-391
-382
-383
-375
-318
-243
-207
-172
-76
52
137
190
303
424
511
530
587
680
689
629
584
605
570
450
362
352
308
197
116
122
105
11
-53
-27
-8
-84
-146
-133
-115
-188
-254
-237
-227
-278
-338
-311
-259
-263
-283
-236
-163
-127
-114
-48
37
71
77
123
191
212
203
198
223
223
199
183
196
196
163
137
150
179
171
167
189
212
215
212
233
244
229
204
195
197
164
111
86
60
24
-28
-54
-61
-90
-115
-111
-87
-78
-74
-51
-19
6
9
11
24
14
-6
-23
-36
-54
-97
-133
-148
-162
-175
-192
-193
-193
-197
-204
-197
-193
-198
-214
-218
-217
-235
-258
-277
-293
-311
-328
-336
-354
-387
-417
-434
-434
-451
-416
-352
-296
-264
-205
-69
60
124
204
340
457
514
537
620
686
645
576
564
579
501
372
330
324
241
133
106
133
82
-17
-32
9
-9
-99
-139
-107
-132
-229
-265
-237
-254
-339
-372
-320
-296
-330
-332
-258
-195
-181
-143
-57
9
24
37
104
162
160
149
157
181
172
141
141
163
154
125
133
169
186
163
175
212
232
217
215
243
237
202
182
173
157
100
44
23
-7
-54
-97
-101
-108
-129
-138
-108
-75
-66
-53
-18
16
29
25
28
33
16
-10
-26
-30
-56
-87
-106
-108
-117
-139
-157
-154
-157
-169
-179
-183
-186
-204
-219
-229
-235
-253
-281
-291
-294
-302
-320
-325
-331
-351
-378
-382
-385
-401
-381
-330
-277
-247
-200
-82
43
111
184
314
440
499
528
613
687
657
595
579
603
536
418
371
358
288
179
144
165
118
24
2
42
25
-61
-97
-62
-88
-170
-209
-189
-206
-289
-329
-294
-273
-306
-314
-263
-204
-192
-163
-84
-20
7
27
87
151
167
169
181
203
205
177
173
188
180
144
142
183
202
187
197
236
259
253
262
282
279
240
204
194
162
104
35
6
-30
-83
-124
-137
-139
-158
-159
-125
-93
-79
-60
-25
15
32
36
41
50
42
15
0
-12
-41
-77
-99
-104
-119
-142
-164
-164
-160
-174
-177
-175
-170
-188
-203
-206
-215
-236
-266
-277
-292
-313
-330
-344
-362
-390
-407
-411
-419
-409
-350
-282
-245
-200
-102
30
110
172
281
401
481
505
561
633
636
581
549
565
536
432
359
351
309
216
158
172
145
57
8
27
33
-39
-104
-94
-101
-175
-240
-236
-236
-308
-366
-343
-313
-334
-349
-315
-258
-234
-215
-150
-81
-45
-30
22
94
118
118
134
159
170
148
135
152
153
131
119
141
171
165
165
195
226
224
218
232
240
209
183
169
157
110
50
20
-10
-51
-100
-123
-129
-151
-169
-157
-131
-115
-111
-87
-51
-24
-17
-10
5
8
-9
-25
-33
-52
-80
-109
-122
-127
-143
-165
-165
-165
-173
-184
-191
-188
-195
-218
-224
-230
-249
-271
-290
-298
-313
-327
-337
-336
-342
-361
-384
-383
-380
-394
-368
-294
-242
-225
-166
-57
47
104
184
297
401
453
484
568
620
593
547
548
559
492
398
365
347
277
184
161
170
111
30
18
45
17
-53
-79
-62
-95
-172
-199
-184
-215
-290
-317
-282
-280
-311
-306
-257
-216
-207
-169
-100
-44
-18
5
76
129
143
149
172
203
189
174
178
192
188
159
166
202
211
198
215
249
269
258
269
284
273
246
220
209
171
117
61
33
-9
-67
-111
-125
-141
-166
-164
-142
-117
-108
-87
-45
-16
-1
8
23
33
17
-3
-7
-18
-46
-78
-90
-99
-121
-137
-150
-151
-152
-160
-169
-164
-170
-187
-199
-205
-226
-251
-270
-288
-309
-326
-344
-350
-361
-389
-414
-414
-414
-424
-398
-335
-278
-243
-188
-81
32
84
149
265
368
419
444
516
576
557
510
506
523
469
370
327
321
270
177
152
156
109
30
1
33
7
-67
-103
-93
-117
-190
-224
-214
-239
-312
-341
-315
-308
-336
-345
-299
-262
-248
-221
-152
-93
-72
-47
14
71
84
83
105
133
133
116
119
137
136
120
125
164
177
172
190
225
245
235
244
262
254
223
199
181
145
86
33
-4
-44
-96
-139
-151
-163
-189
-184
-163
-147
-142
-125
-88
-62
-37
-27
-10
0
-2
-17
-22
-27
-47
-73
-87
-92
-113
-134
-144
-146
-152
-168
-174
-167
-175
-191
-205
-212
-232
-256
-282
-300
-318
-348
-366
-376
-385
-408
-432
-437
-434
-437
-412
-344
-283
-248
-194
-83
28
88
154
259
354
402
429
500
551
533
490
493
509
455
368
333
331
265
180
155
162
112
42
23
41
15
-57
-89
-84
-108
-182
-217
-208
-240
-303
-327
-296
-291
-319
-321
-278
-240
-228
-197
-130
-75
-51
-19
40
91
99
104
129
151
148
131
142
156
151
138
156
193
201
197
214
255
266
254
261
272
250
213
184
164
125
64
17
-11
-44
-98
-132
-141
-151
-169
-168
-144
-121
-110
-89
-49
-21
-4
0
21
36
27
21
14
9
-13
-39
-43
-51
-73
-89
-100
-99
-106
-119
-126
-124
-128
-145
-158
-171
-187
-217
-241
-258
-276
-297
-316
-328
-330
-345
-365
-371
-374
-376
-362
-311
-247
-212
-170
-90
12
81
133
220
320
392
424
475
542
553
521
504
520
499
414
356
342
310
234
180
177
147
82
37
51
44
-17
-70
-79
-83
-131
-179
-184
-194
-250
-296
-291
-274
-299
-318
-292
-252
-228
-218
-172
-113
-82
-61
-18
40
61
66
83
109
119
103
100
116
127
117
119
140
157
153
164
197
216
210
204
212
209
182
152
123
92
41
-9
-47
-82
-123
-174
-194
-204
-218
-222
-207
-189
-172
-147
-117
-83
-58
-43
-26
-11
-5
-20
-26
-33
-47
-68
-83
-93
-109
-125
-136
-133
-139
-148
-157
-158
-161
-176
-193
-199
-216
-237
-262
-286
-300
-329
-352
-360
-370
-383
-395
-407
-402
-401
-401
-359
-293
-244
-212
-151
-47
40
90
159
264
347
388
425
491
535
519
493
499
503
443
370
355
345
287
214
188
188
137
80
67
69
36
-23
-40
-35
-69
-131
-159
-156
-186
-238
-257
-240
-245
-269
-260
-215
-191
-187
-155
-94
-47
-28
-4
54
92
106
114
138
160
151
146
160
180
174
168
186
217
222
221
244
270
274
264
272
278
254
219
194
171
128
73
30
-9
-47
-102
-125
-136
-153
-167
-162
-137
-117
-99
-77
-41
-13
2
20
39
47
33
19
18
10
-8
-31
-42
-55
-77
-88
-92
-98
-105
-111
-114
-111
-121
-138
-152
-168
-191
-217
-242
-262
-281
-309
-323
-333
-339
-347
-359
-362
-361
-356
-349
-304
-242
-202
-175
-117
-23
47
88
162
261
334
366
400
471
499
484
472
483
489
431
373
359
340
280
214
195
180
124
68
58
56
18
-37
-48
-47
-84
-134
-148
-146
-183
-232
-238
-226
-232
-252
-247
-213
-198
-190
-157
-105
-70
-56
-26
26
68
82
94
123
140
131
130
152
170
163
160
179
206
212
209
228
248
246
239
241
242
219
176
145
123
82
22
-16
-55
-92
-135
-164
-172
-186
-192
-184
-161
-143
-127
-109
-75
-45
-32
-11
0
6
-7
-13
-16
-28
-44
-64
-73
-82
-97
-105
-112
-113
-123
-130
-129
-138
-150
-166
-182
-197
-220
-246
-267
-289
-314
-328
-342
-352
-356
-374
-384
-388
-385
-387
-363
-312
-271
-240
-198
-112
-27
20
82
169
245
289
317
393
445
438
421
430
447
411
351
330
323
276
207
182
186
140
76
53
59
34
-29
-49
-44
-71
-125
-151
-145
-171
-226
-251
-234
-236
-254
-259
-234
-205
-197
-180
-133
-86
-69
-49
-1
48
69
77
102
124
127
124
138
163
166
157
173
203
214
217
228
251
263
258
260
261
245
211
180
164
124
72
23
-17
-49
-91
-123
-135
-145
-152
-156
-137
-116
-97
-78
-52
-23
-4
11
20
32
29
22
19
16
5
-10
-26
-29
-35
-46
-53
-53
-59
-64
-70
-75
-86
-106
-129
-149
-165
-193
-218
-241
-256
-273
-297
-301
-301
-314
-322
-322
-317
-313
-299
-255
-209
-179
-147
-87
-4
47
98
175
250
304
334
384
435
449
434
434
452
431
387
359
342
304
253
222
209
172
118
88
73
48
4
-26
-42
-67
-105
-135
-149
-172
-207
-231
-240
-241
-250
-252
-235
-222
-202
-183
-150
-119
-90
-64
-32
9
33
47
66
84
98
106
109
129
143
146
160
172
195
208
209
227
235
232
229
220
204
173
139
109
75
30
-15
-63
-91
-119
-151
-164
-174
-178
-180
-165
-144
-130
-116
-94
-67
-47
-39
-30
-21
-21
-22
-29
-30
-36
-48
-55
-58
-64
-69
-75
-80
-88
-90
-104
-112
-121
-140
-157
-179
-196
-218
-247
-273
-290
-301
-314
-325
-326
-325
-334
-334
-331
-324
-309
-274
-227
-194
-159
-104
-32
22
69
137
208
265
299
347
401
421
420
413
429
418
378
347
327
296
251
217
196
162
125
90
68
50
12
-18
-37
-58
-84
-114
-140
-156
-179
-204
-221
-221
-220
-230
-220
-200
-185
-172
-147
-106
-81
-56
-24
7
42
54
67
89
104
113
122
144
158
171
180
196
218
226
235
247
256
248
232
214
199
168
126
91
52
8
-36
-73
-104
-127
-154
-171
-176
-176
-168
-165
-143
-124
-112
-97
-73
-54
-42
-31
-22
-15
-13
-16
-13
-15
-20
-26
-34
-40
-44
-43
-50
-57
-64
-78
-88
-108
-130
-153
-173
-199
-222
-242
-257
-271
-280
-284
-287
-282
-279
-265
-262
-256
-246
-238
-234
-208
-172
-145
-116
-80
-21
28
70
125
193
250
291
332
383
416
416
421
428
425
399
368
344
313
273
223
197
168
129
94
64
46
22
-6
-25
-39
-51
-81
-99
-109
-125
-148
-163
-161
-166
-165
-166
-153
-141
-128
-102
-72
-43
-25
5
41
71
90
114
141
161
179
198
215
227
242
253
261
268
265
262
251
240
218
187
159
131
96
60
28
-2
-28
-55
-67
-84
-97
-100
-101
-99
-98
-88
-81
-71
-66
-51
-35
-29
-15
-9
1
7
14
18
16
11
14
6
-5
-6
-16
-30
-48
-55
-68
-92
-110
-128
-145
-162
-180
-196
-214
-224
-229
-235
-237
-231
-225
-222
-215
-194
-182
-169
-161
-156
-150
-144
-146
-148
-138
-122
-95
-71
-39
4
45
88
147
207
260
295
324
352
366
365
362
344
316
281
240
204
170
131
89
48
17
-5
-26
-34
-46
-59
-68
-71
-64
-61
-62
-59
-54
-55
-51
-45
-37
-35
-28
-20
-12
0
15
23
39
59
80
97
118
140
153
163
172
182
178
175
165
151
138
115
94
74
51
29
7
-9
-16
-30
-36
-33
-29
-28
-22
-11
4
16
23
29
34
40
37
37
33
29
23
15
11
7
5
4
11
8
7
6
2
-3
-16
-27
-42
-57
-69
-89
-105
-115
-127
-140
-141
-149
-154
-156
-156
-147
-145
-141
-137
-127
-119
-111
-106
-97
-89
-84
-81
-77
-75
-79
-80
-84
-83
-90
-105
-114
-121
-119
-116
-110
-88
-70
-45
-11
20
63
101
141
180
210
236
253
260
266
259
240
222
199
169
147
120
97
80
60
41
35
26
18
15
15
20
16
19
25
25
21
22
22
25
26
29
32
34
41
47
58
66
70
91
97
104
115
129
128
127
126
122
116
97
74
55
42
26
8
-15
-24
-26
-37
-36
-35
-33
-30
-17
-1
6
16
18
26
35
31
30
24
21
15
10
10
6
3
3
5
8
7
9
12
15
11
6
8
0
-8
-15
-23
-30
-44
-57
-69
-76
-76
-82
-79
-80
-78
-71
-65
-54
-45
-43
-37
-27
-23
-21
-18
-11
-4
-10
-9
-6
-11
-13
-22
-24
-29
-32
-41
-45
-51
-59
-70
-77
-80
-81
-77
-67
-54
-35
-6
22
63
103
138
175
202
227
244
257
256
242
219
198
170
138
109
84
61
44
36
31
33
38
50
56
67
75
84
88
92
89
79
75
70
65
56
48
41
43
51
55
62
71
78
88
95
100
101
102
97
83
65
52
38
22
4
-15
-27
-39
-51
-56
-53
-50
-46
-36
-18
-2
15
26
31
41
47
51
51
44
37
25
23
12
4
-1
-3
-7
-8
-1
-2
2
3
1
3
2
2
1
-7
-16
-24
-31
-41
-49
-53
-56
-59
-61
-59
-56
-47
-43
-30
-25
-17
-12
-6
-4
-4
-2
-5
-9
-14
-24
-34
-44
-54
-65
-75
-79
-78
-82
-81
-78
-74
-67
-56
-49
-41
-36
-27
-24
-26
-10
-6
-7
-9
-4
3
3
4
9
19
31
45
60
74
83
93
102
110
119
124
127
133
131
126
128
126
123
122
119
114
117
118
119
122
119
126
128
131
126
123
124
124
115
110
108
93
85
78
74
62
56
48
40
32
27
28
22
21
21
20
16
21
20
23
26
25
24
18
17
13
9
5
-1
-2
-8
-14
-14
-14
-9
-12
-15
-21
-18
-14
-17
-14
-14
-19
-26
-26
-29
-29
-32
-37
-33
-37
-36
-34
-31
-20
-18
-12
-5
0
8
12
16
17
11
16
16
11
16
12
1
-4
-4
-6
-17
-26
-32
-39
-41
-46
-46
-56
-57
-55
-55
-54
-54
-50
-40
-33
-31
-24
-22
-10
-9
-2
4
3
7
10
10
17
20
19
27
35
45
52
58
65
75
80
85
90
94
102
104
107
108
115
116
115
117
120
126
126
129
129
128
135
139
145
144
145
139
136
135
126
119
113
108
103
93
84
78
68
65
65
61
61
60
59
62
61
59
57
58
60
55
51
45
39
31
33
26
16
12
6
8
4
2
2
-1
0
-7
-3
-4
-13
-10
-16
-15
-18
-23
-24
-24
-31
-27
-29
-30
-29
-30
-25
-19
-17
-14
-10
-8
-3
-4
-2
-1
-1
-1
-3
-2
-3
-10
-12
-11
-16
-18
-22
-24
-28
-36
-34
-38
-43
-41
-38
-40
-40
-36
-31
-25
-21
-15
-8
-1
6
7
5
5
4
3
-1
3
-2
-7
-8
-11
-15
-21
-17
-16
-14
-12
-8
2
5
12
23
29
33
38
45
47
50
52
55
53
54
55
58
60
56
62
69
72
67
71
75
78
78
71
69
66
64
60
52
47
49
50
50
49
55
59
56
61
65
72
69
70
71
68
63
56
53
47
39
30
25
21
12
7
8
8
3
-1
-1
0
-1
1
-1
3
2
1
-2
0
-5
-10
-14
-22
-24
-27
-30
-34
-31
-29
-24
-19
-16
-10
0
9
14
14
17
22
22
20
17
19
15
9
6
1
-2
-7
-11
-10
-15
-17
-16
-15
-12
-10
-9
-7
-3
-1
3
2
2
4
8
8
9
9
5
8
7
1
-7
-5
-7
-12
-15
-16
-9
-8
-5
-2
1
7
8
14
15
13
13
6
3
2
-5
-6
-5
-1
1
4
4
10
16
25
25
30
35
35
38
38
40
40
36
35
38
37
41
45
41
44
45
46
49
53
53
56
57
56
57
56
57
46
42
37
37
32
29
29
26
19
19
20
19
18
19
22
18
26
28
31
32
35
29
30
30
24
25
17
20
21
14
9
10
3
-1
-2
1
2
3
6
11
14
17
20
25
31
29
33
34
36
34
34
27
29
24
18
15
6
9
9
5
3
7
8
8
10
9
15
18
26
31
32
35
36
36
35
32
31
29
21
18
17
12
11
13
14
19
19
21
24
25
28
26
28
28
24
20
24
22
21
15
8
4
3
3
-2
-2
-3
-7
-4
-2
4
0
1
6
2
5
7
5
3
1
-5
-2
-5
-10
-8
-6
0
2
3
6
6
9
8
4
3
1
4
6
2
1
0
-3
0
4
3
0
-2
1
8
10
8
9
13
17
17
16
15
12
10
15
13
8
0
-6
-2
-5
-11
-16
-13
-14
-12
-12
-8
-9
-5
-10
-8
-5
-8
-9
-7
-10
-10
-10
-10
-5
-7
-6
-9
-14
-15
-12
-16
-20
-17
-19
-24
-23
-22
-18
-13
-7
-5
3
0
0
4
8
8
9
13
10
13
13
13
14
9
13
17
17
20
27
28
27
32
38
40
38
37
46
45
45
44
39
36
33
28
18
18
15
15
19
15
12
13
16
17
20
20
20
22
21
21
16
16
19
14
15
12
15
14
11
14
14
15
17
19
16
18
14
16
14
11
4
5
4
0
4
7
8
11
13
18
22
27
33
33
33
32
29
30
32
32
29
27
26
27
25
24
21
14
10
8
10
7
7
5
1
-2
-3
-1
-3
-2
-3
-3
-8
-6
-1
-4
-1
-1
4
3
9
13
13
12
11
7
10
9
6
8
11
10
7
4
2
3
5
8
6
11
7
6
3
1
4
5
3
4
4
5
5
6
3
2
7
10
8
8
9
6
8
10
14
13
16
15
21
18
18
22
16
14
15
11
8
3
0
1
4
0
3
3
4
3
4
9
6
8
12
14
11
9
8
8
8
13
12
8
9
8
3
-1
-1
-6
-5
-4
-13
-10
-4
-8
-7
-4
-5
-1
3
1
4
8
10
12
9
11
10
10
11
10
6
11
5
0
1
-2
1
-2
-2
-1
-7
-9
-10
-14
-16
-13
-14
-19
-21
-25
-33
-32
-27
-19
-19
-15
-17
-11
-12
-11
-10
-5
2
0
2
4
6
3
1
3
7
6
7
10
9
8
12
9
9
9
11
14
10
12
6
3
4
-1
-1
-7
-5
-6
-9
-3
-5
-7
-1
-6
0
5
2
7
9
11
11
9
13
14
15
13
17
19
14
15
13
16
11
11
6
6
11
9
4
4
4
-1
3
-3
-1
-2
-6
-5
-6
-7
-9
-7
-7
-6
-12
-12
-10
-11
-10
-11
-15
-7
-11
-12
-7
-6
-5
-5
-2
-1
4
1
4
7
7
12
9
12
11
12
14
13
15
12
13
8
5
7
3
6
1
-5
0
-1
6
2
4
7
2
3
2
-1
2
5
1
2
6
5
6
10
10
11
10
10
12
11
16
13
15
17
22
22
24
32
33
33
33
35
36
39
35
40
39
34
33
28
29
25
23
16
16
17
10
11
9
10
13
7
8
12
13
15
14
18
21
23
26
23
25
26
26
27
25
28
29
29
22
15
19
17
17
14
15
13
10
9
9
12
11
9
9
9
9
8
6
7
5
3
3
-2
-3
-2
1
-9
-12
-7
-12
-8
-13
-13
-12
-9
-11
-14
-11
-13
-9
-9
-6
-3
-4
-3
0
-1
-3
1
-1
-5
-6
-8
-9
-11
-14
-19
-15
-16
-16
-10
-15
-12
-4
-9
-8
-6
-7
-9
-7
-4
-6
-4
-1
-4
1
0
0
0
6
6
11
17
19
21
24
27
29
33
30
31
32
36
33
32
34
34
33
39
38
38
40
38
43
41
40
40
41
43
40
44
42
39
39
33
34
32
35
34
34
31
33
35
35
39
40
41
42
45
47
51
49
48
45
48
50
48
50
45
41
41
34
33
34
30
31
28
28
29
26
23
28
23
23
21
16
18
9
17
11
8
9
8
11
9
5
1
0
1
4
4
6
8
7
0
3
4
6
3
2
4
4
-2
-2
0
-6
0
-5
-5
-3
-5
0
-4
-7
0
-1
-6
-5
-7
-9
-9
-10
-8
-14
-12
-12
-14
-15
-12
-14
-14
-7
-6
-8
-6
-8
-5
-2
0
-1
-3
-3
-1
2
-2
1
0
0
1
3
6
5
8
5
4
4
2
3
2
4
4
4
9
11
7
6
7
7
9
9
4
8
6
6
12
12
11
10
15
21
24
25
23
26
27
32
33
34
32
31
36
34
31
31
33
33
35
30
35
35
38
36
31
31
27
26
26
24
21
23
15
13
11
8
3
2
2
-6
-4
3
1
-5
-5
-3
-3
-4
-10
-13
-9
-11
-9
-6
-6
-8
-9
-14
-12
-7
-11
-6
-8
-6
1
-2
-1
-4
-6
-9
-2
-2
-3
3
-1
4
5
6
5
6
7
6
8
4
5
9
7
7
9
6
4
9
3
4
4
4
3
1
4
2
1
4
5
4
8
9
10
9
8
12
10
9
7
6
4
8
4
4
3
-1
-1
-3
-5
-4
-4
-2
-6
-4
-1
-3
-1
1
3
3
1
-2
7
5
4
11
10
15
16
15
20
22
19
16
16
17
12
11
12
9
7
5
9
10
10
11
6
4
11
9
7
6
5
6
5
3
3
3
3
2
0
-7
-3
0
-4
-6
-7
-2
-9
-9
-8
-10
-13
-13
-13
-12
-10
-10
-12
-12
-16
-13
-12
-10
-10
-12
-10
-11
-12
-13
-9
-11
-8
-6
-5
-5
-4
-4
-4
-1
-4
3
2
-2
0
-2
-1
-8
-11
-7
-6
-4
-7
-7
-2
-9
-8
-8
-6
-8
-8
-3
-9
-6
-6
-7
-4
-6
-1
-2
4
1
3
11
5
8
9
6
2
3
4
4
-2
-3
-5
-6
-9
-12
-14
-19
-19
-19
-19
-23
-17
-19
-20
-17
-13
-7
-3
1
-5
2
3
4
7
6
11
10
11
12
10
13
19
13
12
13
13
12
9
7
6
3
3
-1
-1
2
-6
-6
-12
-11
-8
-11
-16
-17
-19
-20
-25
-30
-29
-35
-33
-38
-40
-43
-44
-39
-39
-38
-35
-31
-31
-29
-33
-29
-31
-32
-27
-26
-27
-27
-30
-28
-30
-25
-25
-22
-20
-19
-16
-18
-16
-16
-12
-11
-9
-7
-7
-8
-8
-8
-13
-9
-10
-12
-12
-17
-13
-13
-15
-13
-15
-15
-13
-14
-9
-11
-13
-9
-6
-9
-8
-8
-5
-6
1
0
0
6
6
6
4
4
2
5
3
3
9
8
4
5
3
2
1
0
0
-3
-2
-1
-2
3
1
1
3
7
11
8
14
16
15
10
14
17
17
18
18
21
20
20
23
24
27
25
24
24
27
27
19
25
21
21
23
15
15
14
12
8
8
6
1
-2
0
-4
-6
-5
-6
-7
-9
-13
-11
-9
-15
-17
-16
-15
-16
-16
-14
-12
-11
-10
-13
-11
-10
-13
-9
-12
-14
-15
-17
-17
-19
-18
-17
-11
-12
-13
-12
-15
-11
-9
-5
-6
-8
-9
-8
-6
-11
-9
-6
-7
-11
-10
-11
-9
-8
-4
-2
-7
-9
-9
-4
-6
-8
-2
-5
-7
-1
-3
-2
0
2
3
-1
0
2
-1
1
3
3
4
-2
-5
-7
-7
-9
-9
-13
-13
-14
-20
-19
-21
-27
-28
-25
-25
-21
-19
-19
-17
-17
-11
-10
-5
-3
-1
-4
-9
-8
-7
-6
-4
-3
-2
2
0
1
3
3
2
1
-2
-2
0
-1
-2
-4
-5
-8
-7
-9
-5
-7
-11
-6
-7
-10
-11
-14
-13
-16
-19
-18
-19
-23
-23
-25
-27
-27
-28
-27
-28
-28
-31
-28
-33
-35
-32
-33
-32
-38
-36
-36
-39
-38
-35
-38
-36
-36
-34
-37
-36
-30
-33
-31
-31
-29
-24
-21
-27
-24
-21
-21
-25
-22
-20
-20
-19
-18
-15
-15
-16
-17
-11
-12
-9
-5
-9
-9
-5
-7
-10
-6
-7
-11
-5
-7
-10
-5
-6
-6
-3
-5
-11
-14
-13
-11
-7
-9
-8
-9
-10
-7
-11
-13
-14
-16
-16
-11
-12
-15
-12
-15
-13
-15
-15
-13
-15
-13
-8
-12
-6
-8
-8
-5
-1
0
0
5
6
8
8
6
4
9
9
2
5
4
1
-2
-3
-3
-3
1
2
4
3
2
1
4
4
3
2
-2
0
2
3
-2
-5
-5
-5
-5
-7
-4
-1
-2
-5
-9
-11
-11
-6
-7
-8
-10
-13
-12
-9
-12
-10
-8
-7
-3
-3
2
-3
1
4
3
4
5
5
7
12
11
8
5
11
9
8
10
13
10
13
12
10
10
7
4
1
8
4
5
5
5
7
5
1
0
0
0
-2
0
-3
-4
-2
-1
-3
-2
-2
-2
0
-5
-6
-8
-11
-9
-17
-15
-15
-21
-22
-20
-18
-21
-19
-21
-14
-16
-17
-15
-11
-13
-8
-10
-10
-10
-16
-14
-13
-9
-13
-12
-10
-12
-9
-8
-8
-11
-9
-11
-11
-13
-10
-8
-10
-10
-10
-10
-15
-15
-18
-20
-21
-24
-21
-22
-24
-27
-25
-22
-26
-29
-32
-33
-33
-35
-40
-38
-37
-38
-36
-37
-40
-43
-42
-44
-46
-47
-46
-45
-43
-44
-45
-44
-41
-46
-40
-43
-43
-43
-42
-40
-41
-40
-40
-37
-37
-37
-33
-38
-35
-30
-33
-33
-29
-30
-27
-28
-27
-28
-28
-25
-27
-29
-31
-28
-27
-29
-29
-27
-21
-26
-23
-17
-20
-12
-12
-11
-13
-10
-11
-11
-9
-13
-12
-11
-12
-14
-16
-13
-13
-18
-12
-13
-13
-17
-19
-17
-20
-18
-24
-20
-19
-21
-17
-18
-16
-18
-21
-20
-18
-15
-16
-16
-12
-15
-16
-15
-16
-17
-19
-17
-18
-21
-21
-16
-17
-20
-21
-17
-16
-15
-13
-16
-9
-9
-10
-8
-9
-12
-9
-10
-11
-11
-8
-7
-11
-11
-10
-10
-11
-14
-13
-14
-15
-12
-12
-14
-11
-12
-17
-18
-16
-17
-18
-17
-21
-17
-19
-18
-21
-20
-20
-19
-18
-28
-22
-21
-17
-16
-17
-19
-16
-16
-18
-16
-15
-17
-15
-16
-15
-13
-13
-11
-11
-12
-11
-7
-7
-11
-14
-11
-13
-15
-16
-14
-22
-23
-16
-23
-21
-18
-15
-10
-13
-14
-10
-9
-10
-6
-5
-5
-7
-8
-6
-10
-10
-11
-9
-12
-17
-12
-14
-15
-15
-15
-10
-11
-11
-14
-19
-15
-15
-13
-15
-14
-14
-14
-9
-7
-11
-10
-9
-11
-3
-4
-4
-6
-2
-3
-6
-4
-4
-7
-9
-14
-17
-14
-20
-19
-21
-18
-18
-21
-17
-18
-18
-19
-19
-17
-22
-21
-25
-22
-22
-27
-26
-21
-23
-25
-28
-26
-26
-32
-32
-32
-31
-32
-31
-33
-36
-34
-33
-30
-30
-28
-25
-26
