13
15
14
12
13
14
15
13
10
11
12
13
8
8
11
8
3
2
-1
0
0
-2
6
4
9
7
11
15
15
16
13
14
16
19
16
21
17
18
21
18
17
20
18
19
21
17
17
18
18
15
17
14
15
19
15
17
17
17
17
17
17
13
12
12
7
7
6
10
12
13
13
10
12
14
9
11
12
11
13
12
8
9
11
12
15
14
13
13
16
14
12
7
7
8
6
2
5
7
6
8
7
10
10
8
11
13
9
13
12
9
7
4
7
2
0
-3
1
-2
-3
-3
-4
1
1
-5
-1
0
0
-1
0
0
-2
1
4
6
0
4
2
-3
-1
6
7
7
8
3
8
8
9
10
8
10
11
12
15
14
16
16
17
18
16
17
14
21
21
13
19
20
17
18
16
19
14
11
15
15
13
13
16
15
15
13
17
15
12
13
8
10
7
1
5
8
7
9
13
13
19
18
16
15
16
18
17
20
17
16
13
10
13
12
14
19
19
17
15
12
12
8
9
5
5
10
6
6
12
9
12
11
16
18
18
20
15
16
16
16
14
19
18
16
15
12
15
13
15
10
14
13
9
16
9
12
11
9
11
10
13
10
8
8
9
7
9
8
9
11
12
11
9
11
10
11
6
8
9
6
3
6
4
3
2
8
5
4
8
15
15
13
13
12
14
9
7
8
7
9
10
9
10
9
9
7
6
9
9
17
15
13
17
15
16
19
14
14
14
13
19
16
17
12
16
13
15
12
11
11
6
10
3
5
9
7
12
12
10
8
10
11
12
14
9
11
7
11
5
7
7
6
5
8
6
7
7
6
7
4
4
3
2
2
7
4
8
10
11
12
8
13
16
21
22
17
17
14
14
15
15
15
15
10
13
14
18
14
14
15
16
19
14
16
13
14
14
16
10
14
11
14
13
11
13
11
15
14
15
14
14
12
11
14
10
7
9
11
10
7
11
10
11
15
14
16
18
19
16
17
19
19
16
16
18
18
14
14
15
11
16
15
12
10
12
13
12
13
12
15
7
6
9
5
10
9
9
7
8
3
1
5
2
4
-3
1
1
-2
-2
-1
-7
-3
1
-1
0
0
-2
0
0
1
1
3
6
4
7
2
3
5
6
6
4
9
12
12
11
8
9
9
6
5
5
6
6
5
6
5
11
12
12
14
11
15
11
10
8
8
5
3
4
2
-2
-3
-3
-1
0
-3
1
-2
-4
-3
-3
0
-3
-1
4
3
5
1
5
5
5
7
8
7
8
11
12
9
6
8
9
10
9
13
16
12
10
10
14
9
13
12
12
12
11
9
9
9
5
12
9
13
9
13
13
11
13
8
10
11
10
7
7
7
9
8
6
4
8
8
4
6
6
7
9
4
9
9
6
9
12
11
11
13
15
17
10
13
14
10
17
17
20
17
15
18
20
21
23
20
21
15
14
16
16
14
15
20
15
14
14
12
13
11
15
17
14
18
16
14
15
11
16
12
9
12
9
10
8
7
3
0
0
0
-1
-5
-5
-7
2
1
0
2
2
-4
2
0
-1
7
1
4
1
-3
2
3
3
1
2
3
3
2
4
5
5
5
8
6
6
7
8
9
9
9
4
3
0
4
2
-2
-2
2
-1
-6
-4
-4
-2
-6
-5
-4
0
-2
-7
-2
-6
-2
1
-1
-4
-1
2
4
3
0
4
4
3
5
4
4
-1
-5
-5
-2
-1
-1
2
-1
0
-1
4
6
6
8
13
14
12
14
12
15
13
16
18
14
14
15
16
15
18
18
14
19
20
24
18
19
24
23
20
22
22
23
27
22
25
23
21
20
16
17
19
18
16
14
16
17
18
18
20
16
12
17
14
12
13
11
13
11
15
13
13
14
11
13
9
11
12
8
8
13
9
5
9
7
6
10
7
7
9
5
4
6
6
7
5
1
-1
0
2
4
2
2
4
1
-1
7
4
5
5
9
10
4
8
4
3
4
4
7
6
7
6
6
7
8
4
3
2
0
1
1
0
2
7
3
7
8
12
10
16
11
11
13
8
12
11
12
11
9
13
9
4
7
6
4
-2
0
-1
0
6
1
2
1
0
0
1
1
3
2
2
2
4
3
0
4
5
2
5
7
7
4
4
6
4
6
4
4
7
1
1
5
9
14
17
19
20
16
11
15
18
14
17
13
13
17
15
11
14
15
11
12
17
21
25
19
16
16
22
26
27
28
34
41
52
73
96
115
128
135
124
95
63
25
-15
-45
-52
-27
1
10
1
14
36
39
19
-6
-28
-52
-88
-124
-132
-103
-50
18
64
96
115
122
110
75
50
48
31
5
-11
-20
-31
-53
-44
-42
-61
-90
-125
-147
-159
-153
-142
-126
-117
-102
-96
-84
-81
-77
-74
-64
-62
-57
-43
-29
-6
14
27
26
15
4
-4
-13
-15
-9
-4
11
25
32
36
34
36
16
-5
-13
-26
-37
-41
-32
-20
-3
19
31
37
38
30
24
25
27
37
59
79
96
107
121
130
130
128
112
96
76
60
51
49
54
59
60
60
57
46
28
13
-6
-17
-28
-35
-33
-32
-25
-28
-26
-23
-18
-14
-13
-13
-28
-42
-60
-69
-81
-88
-89
-94
-96
-100
-108
-113
-113
-120
-127
-132
-126
-125
-127
-120
-117
-114
-118
-122
-136
-142
-166
-187
-200
-206
-199
-200
-185
-186
-186
-178
-185
-191
-209
-226
-247
-245
-202
-112
-16
53
126
221
333
400
406
415
427
435
424
425
454
467
442
423
441
444
392
300
217
157
73
-9
-67
-103
-140
-185
-199
-194
-191
-205
-225
-243
-241
-244
-244
-224
-199
-156
-107
-53
4
59
101
127
147
179
211
226
226
239
274
307
332
350
371
365
350
327
292
250
191
130
76
42
9
-36
-68
-89
-104
-117
-135
-149
-165
-181
-191
-182
-164
-144
-123
-102
-69
-42
-21
-5
4
16
17
18
14
7
6
8
4
5
-6
-24
-48
-84
-117
-158
-199
-247
-288
-324
-361
-387
-407
-428
-448
-463
-481
-479
-473
-468
-458
-462
-455
-441
-424
-396
-299
-148
-33
30
133
325
488
535
567
641
699
672
620
643
687
624
519
515
574
541
410
334
321
247
83
-39
-91
-169
-296
-389
-380
-358
-378
-397
-367
-316
-304
-300
-264
-231
-214
-213
-176
-116
-47
19
75
148
231
314
358
370
376
378
360
317
285
278
268
254
246
263
287
281
253
214
177
121
42
-33
-82
-127
-169
-188
-167
-128
-107
-86
-54
-11
2
-3
-6
-5
-6
-13
1
22
52
72
99
134
147
137
110
78
27
-39
-97
-145
-185
-213
-230
-236
-235
-237
-240
-249
-267
-293
-331
-369
-402
-438
-461
-462
-453
-431
-415
-389
-365
-360
-362
-381
-398
-422
-414
-306
-183
-109
-49
93
321
470
523
591
695
739
681
644
671
650
527
433
469
512
451
365
355
362
272
141
69
16
-114
-291
-372
-380
-413
-466
-475
-414
-365
-332
-276
-211
-177
-175
-164
-142
-117
-99
-92
-65
-11
72
160
219
280
337
381
387
376
367
330
251
196
178
161
152
140
154
185
207
207
194
178
141
77
5
-48
-91
-138
-170
-158
-123
-87
-43
0
52
91
97
103
100
85
46
23
13
11
3
-3
16
31
38
24
11
-14
-54
-101
-145
-192
-237
-281
-315
-329
-329
-327
-329
-324
-308
-308
-315
-320
-328
-346
-374
-398
-411
-418
-447
-464
-464
-462
-453
-392
-255
-132
-71
-8
150
335
423
450
523
619
642
605
621
675
637
545
524
574
572
472
412
418
373
252
159
122
46
-97
-221
-250
-274
-354
-418
-422
-393
-392
-379
-337
-300
-279
-269
-230
-190
-164
-154
-140
-113
-67
-5
51
100
150
208
259
298
324
329
302
273
248
220
194
169
142
123
129
147
159
158
153
142
119
95
67
26
-26
-71
-90
-92
-105
-108
-86
-51
-23
13
51
75
76
73
81
76
61
32
15
13
-5
-21
-28
-32
-43
-66
-81
-91
-115
-149
-187
-211
-236
-275
-311
-334
-345
-366
-377
-378
-364
-359
-357
-343
-333
-334
-340
-344
-351
-377
-408
-427
-439
-440
-397
-282
-182
-123
-25
153
337
427
493
599
697
712
677
696
714
648
552
531
561
527
448
420
443
410
314
272
252
166
17
-80
-105
-184
-313
-396
-393
-395
-433
-421
-355
-302
-290
-262
-185
-125
-119
-121
-97
-71
-60
-42
-13
18
51
93
147
201
243
268
274
283
292
271
235
219
192
152
131
127
127
118
103
103
118
127
121
106
90
69
42
14
-18
-47
-68
-77
-76
-64
-43
-20
3
37
66
84
90
84
72
52
20
-14
-53
-97
-130
-157
-170
-182
-192
-191
-187
-184
-186
-190
-204
-224
-249
-282
-309
-341
-374
-389
-399
-400
-399
-388
-366
-358
-346
-336
-353
-380
-405
-436
-462
-443
-362
-286
-239
-164
4
195
311
403
536
675
730
723
758
804
748
642
595
619
575
460
412
428
402
315
272
285
232
99
13
5
-61
-204
-315
-337
-363
-443
-476
-431
-392
-402
-384
-294
-192
-167
-154
-105
-45
-25
-22
6
33
33
36
73
127
165
187
204
252
291
298
299
306
315
279
251
249
230
198
165
157
165
148
134
126
117
102
77
61
48
16
-10
-18
-19
-27
-39
-39
-30
-22
-5
10
25
33
32
33
26
14
-10
-33
-58
-88
-117
-142
-163
-183
-186
-191
-188
-188
-188
-193
-202
-212
-228
-253
-281
-310
-337
-358
-372
-391
-404
-402
-407
-401
-407
-417
-431
-444
-456
-458
-398
-312
-250
-198
-90
93
243
332
444
586
694
726
751
813
827
744
663
649
633
544
442
413
393
315
238
227
214
116
-1
-33
-55
-156
-278
-345
-364
-435
-509
-506
-470
-468
-485
-435
-332
-270
-256
-210
-139
-82
-61
-32
18
38
46
73
118
166
184
190
215
253
274
278
282
288
285
281
284
287
269
240
233
226
214
185
167
154
130
118
104
87
69
41
34
32
22
11
-1
-2
-9
-8
2
8
10
9
17
24
14
0
-17
-35
-66
-86
-103
-123
-144
-157
-159
-153
-157
-164
-166
-169
-176
-194
-215
-236
-261
-288
-301
-317
-331
-344
-354
-352
-352
-359
-359
-366
-379
-399
-412
-416
-395
-338
-256
-185
-118
1
167
304
396
499
623
709
737
747
791
784
702
630
605
579
481
388
359
330
256
182
168
141
47
-47
-79
-105
-199
-305
-355
-375
-439
-505
-498
-472
-477
-481
-428
-334
-282
-258
-202
-131
-79
-54
-13
35
53
58
81
125
155
167
182
213
245
263
271
289
303
295
281
293
297
276
252
235
239
217
189
169
149
126
92
78
61
29
-1
-19
-28
-36
-55
-59
-57
-54
-48
-42
-35
-31
-25
-27
-26
-31
-35
-49
-63
-68
-72
-79
-83
-91
-93
-96
-104
-110
-126
-142
-163
-179
-193
-210
-231
-253
-259
-261
-279
-293
-302
-310
-319
-329
-338
-351
-362
-375
-383
-388
-382
-370
-329
-233
-147
-91
-10
126
279
371
446
563
670
719
719
765
813
764
678
624
621
553
426
358
335
284
187
141
145
103
3
-49
-50
-100
-212
-287
-309
-357
-441
-478
-450
-445
-476
-466
-384
-309
-287
-246
-169
-103
-77
-40
27
64
74
91
137
174
184
186
197
216
227
226
226
245
250
232
240
261
258
236
228
231
215
185
155
128
95
53
17
-3
-24
-51
-76
-77
-80
-91
-91
-88
-78
-72
-58
-50
-50
-54
-63
-62
-66
-72
-70
-81
-81
-84
-80
-78
-91
-91
-100
-108
-123
-142
-164
-191
-219
-241
-261
-283
-307
-321
-326
-336
-342
-343
-343
-345
-350
-349
-341
-337
-340
-354
-362
-365
-366
-360
-308
-230
-168
-111
-13
138
269
354
449
566
659
683
689
743
750
669
586
563
543
449
345
315
302
240
168
159
158
91
4
-21
-24
-99
-205
-256
-272
-331
-409
-419
-399
-415
-442
-409
-327
-281
-264
-208
-123
-65
-29
30
95
124
131
155
196
208
204
201
210
231
235
233
247
271
273
268
287
303
293
275
267
265
243
207
186
158
125
90
55
28
3
-30
-48
-59
-67
-77
-91
-80
-82
-78
-67
-60
-64
-68
-64
-61
-55
-57
-57
-58
-53
-57
-54
-61
-65
-76
-91
-107
-129
-151
-181
-216
-240
-260
-289
-309
-327
-333
-343
-349
-355
-352
-351
-355
-348
-346
-348
-358
-360
-365
-382
-390
-390
-380
-330
-250
-182
-124
-33
107
242
325
414
519
610
648
655
696
707
647
571
541
527
445
342
301
282
214
141
128
129
66
-25
-55
-62
-128
-230
-282
-302
-357
-431
-448
-426
-442
-466
-430
-349
-303
-278
-221
-137
-79
-42
16
79
102
112
139
177
198
194
187
200
214
214
214
227
249
251
241
257
283
279
255
250
249
230
190
160
133
97
59
31
17
-5
-39
-57
-54
-53
-59
-66
-60
-56
-55
-49
-43
-38
-36
-38
-24
-16
-5
-10
-7
-4
-10
-19
-43
-57
-81
-108
-134
-151
-177
-204
-231
-246
-260
-281
-292
-300
-296
-299
-306
-309
-307
-317
-324
-326
-329
-333
-345
-343
-348
-363
-372
-382
-380
-367
-307
-227
-168
-119
-31
110
227
295
379
499
582
603
621
677
683
614
542
528
505
410
313
283
255
175
102
92
83
14
-61
-76
-87
-160
-243
-285
-307
-375
-433
-438
-428
-450
-474
-423
-349
-309
-274
-211
-127
-70
-29
38
94
119
128
153
186
200
194
189
207
214
212
218
234
251
245
242
258
277
265
238
234
228
195
155
131
107
65
27
9
-3
-27
-62
-65
-57
-63
-79
-77
-61
-60
-63
-51
-34
-29
-26
-18
2
12
15
10
15
13
-5
-26
-46
-59
-84
-116
-134
-150
-171
-192
-202
-203
-215
-226
-232
-227
-233
-243
-247
-251
-259
-270
-274
-277
-285
-296
-302
-306
-315
-329
-340
-346
-343
-341
-300
-219
-156
-100
-31
108
241
311
397
508
598
628
639
695
711
647
572
536
522
433
333
295
275
207
126
108
101
39
-40
-72
-78
-141
-233
-278
-295
-345
-414
-427
-410
-422
-445
-413
-335
-288
-255
-200
-122
-60
-18
31
93
127
127
138
166
182
167
152
158
171
168
163
175
200
205
200
216
240
236
218
212
209
184
152
117
91
54
15
-6
-24
-44
-74
-82
-80
-82
-89
-94
-86
-80
-84
-69
-65
-59
-58
-56
-42
-37
-36
-42
-39
-39
-50
-61
-72
-83
-98
-120
-130
-148
-158
-178
-195
-194
-204
-215
-224
-228
-234
-248
-255
-265
-278
-292
-307
-307
-316
-321
-319
-317
-311
-322
-324
-323
-323
-325
-321
-265
-198
-154
-109
-20
107
204
272
373
483
558
585
617
678
672
609
558
540
505
404
324
288
248
165
100
92
79
5
-53
-54
-63
-132
-199
-224
-249
-310
-357
-356
-354
-379
-398
-348
-281
-247
-213
-146
-73
-24
12
70
119
133
133
148
176
179
159
154
151
158
154
156
183
198
196
200
236
261
247
228
238
237
208
171
153
121
74
34
6
-7
-48
-78
-88
-86
-100
-107
-103
-93
-98
-98
-76
-68
-64
-74
-58
-48
-45
-47
-51
-45
-50
-58
-61
-69
-79
-95
-107
-115
-127
-141
-155
-161
-172
-189
-203
-216
-230
-250
-270
-286
-293
-308
-317
-321
-328
-328
-330
-324
-316
-311
-320
-331
-340
-348
-356
-337
-277
-228
-191
-130
-26
100
185
261
379
489
553
575
629
676
652
580
537
523
457
354
286
258
209
132
99
112
84
20
-3
2
-23
-93
-144
-160
-201
-269
-304
-299
-316
-355
-358
-305
-267
-249
-211
-147
-90
-44
6
58
98
107
111
137
156
148
133
126
133
136
135
151
181
197
210
233
269
286
277
279
278
261
230
198
169
125
78
42
12
-20
-56
-81
-88
-94
-102
-107
-104
-99
-98
-84
-68
-65
-62
-60
-49
-39
-39
-38
-36
-33
-36
-42
-40
-48
-61
-71
-71
-75
-88
-100
-116
-129
-142
-164
-185
-210
-230
-253
-278
-290
-304
-325
-336
-337
-339
-338
-330
-324
-319
-317
-320
-327
-339
-352
-364
-358
-313
-259
-217
-168
-82
41
139
210
309
421
500
532
575
626
616
558
503
484
440
348
270
242
205
136
99
99
87
33
-2
8
2
-58
-115
-131
-161
-226
-275
-293
-310
-351
-374
-343
-298
-281
-258
-203
-137
-88
-47
12
61
77
86
112
138
144
131
123
126
130
126
131
153
176
180
203
237
265
273
273
285
281
264
239
213
176
123
74
42
9
-38
-70
-85
-94
-100
-106
-89
-73
-59
-39
-21
-4
4
9
17
20
9
3
-3
-13
-18
-20
-26
-30
-40
-45
-46
-47
-58
-78
-88
-104
-125
-147
-168
-186
-210
-231
-243
-253
-265
-273
-276
-271
-273
-271
-266
-268
-262
-261
-260
-266
-282
-296
-315
-323
-321
-285
-232
-196
-158
-70
42
129
200
293
399
472
502
541
592
579
526
486
477
441
347
282
262
229
167
126
131
110
52
25
36
26
-38
-94
-111
-142
-209
-266
-283
-306
-350
-375
-345
-311
-305
-283
-229
-170
-126
-82
-30
16
36
53
79
104
105
84
85
92
95
88
93
123
140
151
178
222
244
250
257
270
272
247
209
183
138
89
45
4
-31
-75
-101
-107
-115
-121
-117
-102
-82
-66
-51
-35
-24
-20
-17
-12
-7
-22
-31
-37
-40
-44
-47
-50
-53
-51
-50
-45
-46
-59
-70
-78
-87
-102
-119
-140
-164
-185
-211
-231
-244
-265
-279
-284
-291
-294
-295
-290
-284
-282
-278
-276
-283
-297
-315
-319
-330
-326
-288
-249
-214
-170
-79
33
115
188
288
396
472
503
555
605
587
542
518
515
457
359
305
283
234
175
139
136
101
47
38
48
24
-37
-76
-85
-126
-192
-232
-255
-290
-340
-351
-329
-317
-313
-284
-227
-174
-133
-86
-30
18
53
69
95
116
109
98
102
105
96
85
92
116
129
151
182
219
239
244
269
284
278
255
221
195
157
103
56
11
-36
-82
-114
-119
-130
-140
-140
-115
-89
-83
-61
-38
-28
-20
-20
-11
-17
-27
-42
-49
-53
-72
-83
-87
-79
-79
-80
-74
-73
-72
-73
-78
-91
-106
-123
-144
-158
-185
-208
-225
-251
-265
-283
-291
-298
-306
-304
-300
-290
-285
-276
-266
-273
-281
-297
-309
-319
-319
-283
-250
-223
-186
-106
-1
67
142
256
367
433
480
549
599
591
561
545
530
463
377
327
294
237
165
138
130
93
59
53
59
27
-25
-46
-57
-105
-166
-203
-228
-270
-316
-330
-313
-311
-310
-278
-226
-173
-132
-80
-22
26
59
88
123
140
141
138
140
138
120
104
113
131
137
149
174
208
233
252
269
285
281
261
245
219
178
119
67
26
-19
-69
-106
-128
-140
-151
-148
-127
-115
-97
-78
-48
-27
-15
-10
-4
1
-10
-18
-30
-44
-60
-71
-68
-76
-81
-80
-71
-63
-60
-58
-63
-68
-77
-94
-113
-145
-176
-200
-234
-262
-292
-316
-333
-349
-357
-358
-349
-341
-333
-315
-303
-303
-312
-322
-335
-354
-352
-322
-289
-269
-235
-147
-51
20
101
219
336
416
465
540
600
591
569
553
534
466
383
341
304
235
166
144
136
94
59
50
45
16
-21
-40
-63
-111
-160
-195
-221
-261
-301
-314
-312
-302
-296
-265
-227
-182
-140
-89
-31
15
51
86
116
141
144
140
146
143
130
117
129
138
136
146
171
206
223
239
265
281
279
262
253
224
181
130
80
38
-22
-69
-103
-125
-146
-159
-153
-132
-117
-97
-67
-36
-13
-1
16
33
28
12
5
-4
-21
-37
-53
-65
-69
-73
-68
-62
-55
-52
-49
-53
-57
-73
-92
-108
-142
-175
-209
-239
-271
-304
-321
-337
-348
-346
-336
-328
-313
-298
-285
-276
-278
-295
-301
-312
-329
-314
-280
-262
-243
-182
-88
-7
63
155
274
368
421
489
560
592
572
557
545
506
436
377
332
268
197
149
133
102
59
35
35
22
-8
-32
-44
-72
-115
-150
-177
-212
-254
-281
-290
-289
-291
-286
-258
-219
-179
-137
-88
-27
17
43
80
119
135
137
140
142
128
106
97
107
109
102
121
150
181
194
220
254
271
273
264
257
229
181
128
84
34
-26
-75
-104
-130
-151
-153
-141
-117
-103
-78
-48
-14
5
17
37
39
32
19
7
-6
-28
-48
-57
-66
-71
-72
-66
-53
-51
-48
-38
-34
-45
-60
-81
-102
-132
-166
-195
-221
-255
-282
-301
-313
-319
-321
-309
-299
-282
-264
-246
-237
-243
-251
-265
-277
-295
-287
-256
-237
-211
-160
-75
-4
65
166
271
351
407
475
545
569
552
538
522
488
421
363
319
260
189
152
131
99
68
44
39
25
0
-20
-27
-54
-88
-122
-153
-180
-221
-253
-273
-280
-284
-275
-254
-221
-190
-152
-125
-71
-20
21
43
81
112
115
131
137
140
133
124
127
133
134
143
161
179
187
202
212
217
213
197
177
139
97
51
7
-30
-75
-101
-122
-134
-135
-128
-101
-76
-50
-25
8
31
44
56
58
56
36
18
4
-10
-38
-61
-72
-80
-83
-84
-81
-82
-87
-86
-89
-93
-102
-118
-135
-154
-176
-189
-210
-227
-237
-245
-245
-245
-245
-234
-224
-214
-198
-186
-172
-174
-175
-178
-186
-195
-209
-192
-166
-148
-116
-61
7
60
118
213
300
355
402
445
482
478
465
447
408
356
286
241
203
146
98
59
42
21
-4
-10
-3
-15
-28
-34
-32
-38
-58
-74
-84
-91
-112
-118
-115
-110
-110
-95
-69
-45
-20
6
37
67
83
94
112
118
117
109
96
83
58
44
29
23
18
10
20
35
43
53
72
86
90
86
85
83
71
46
30
22
-6
-22
-26
-31
-28
-20
-8
9
27
36
50
63
66
65
59
49
32
9
-10
-30
-52
-73
-95
-104
-115
-124
-128
-135
-138
-142
-143
-137
-137
-144
-147
-149
-153
-159
-158
-160
-164
-166
-165
-162
-161
-158
-150
-149
-142
-140
-134
-132
-141
-150
-160
-170
-192
-203
-206
-201
-183
-162
-134
-87
-38
23
86
161
228
278
324
357
380
379
371
354
317
280
235
199
163
124
93
57
40
30
25
17
18
12
9
0
-9
-14
-26
-37
-53
-64
-76
-82
-78
-72
-68
-63
-46
-29
-11
9
30
49
61
69
75
77
78
75
62
55
45
33
25
16
16
16
19
26
26
34
41
42
41
40
35
35
20
11
5
-6
-10
-14
-11
-14
-4
-2
1
11
17
22
21
26
25
21
16
16
1
-10
-20
-36
-47
-59
-72
-88
-95
-107
-114
-129
-134
-134
-136
-139
-137
-131
-130
-133
-128
-119
-124
-125
-124
-119
-127
-127
-129
-131
-132
-136
-130
-128
-135
-136
-136
-142
-141
-146
-160
-166
-165
-165
-157
-138
-114
-82
-46
-3
42
87
136
186
231
257
276
288
286
283
266
238
210
182
151
126
106
85
65
54
46
38
36
35
36
32
26
23
16
8
1
-5
-7
-6
-13
-15
-13
-12
0
6
16
24
33
43
54
56
61
72
71
69
69
62
59
53
45
41
37
35
28
19
21
21
19
20
18
20
16
20
21
21
20
17
22
21
18
18
20
16
21
23
21
23
18
15
15
9
10
11
3
-5
-18
-25
-39
-50
-60
-75
-87
-101
-111
-120
-127
-133
-136
-137
-133
-136
-133
-123
-116
-108
-105
-96
-93
-89
-84
-83
-84
-91
-90
-95
-99
-102
-114
-114
-120
-123
-128
-131
-134
-142
-142
-141
-130
-115
-102
-79
-55
-30
-2
24
51
80
104
124
143
156
161
157
158
153
149
136
127
124
105
106
101
91
82
80
78
71
69
66
57
55
52
43
45
40
35
31
25
22
23
20
20
18
16
14
18
20
22
27
25
23
28
34
36
37
36
34
37
28
29
29
20
12
6
3
-2
-3
-7
-7
-7
-9
-4
-5
1
11
11
10
15
20
21
24
20
19
14
3
3
1
-8
-10
-24
-29
-35
-40
-46
-53
-58
-68
-79
-86
-89
-97
-102
-110
-117
-110
-113
-117
-109
-102
-93
-94
-83
-72
-61
-53
-47
-45
-43
-41
-46
-48
-54
-61
-70
-81
-87
-95
-104
-107
-110
-114
-123
-121
-126
-118
-121
-115
-107
-94
-80
-69
-47
-30
-1
22
51
69
93
110
128
142
148
159
158
157
151
150
145
138
131
121
112
104
91
83
78
71
70
65
61
59
57
56
50
53
55
55
46
45
40
38
39
37
35
33
35
34
36
40
40
43
45
43
47
45
45
34
32
24
11
9
-1
-5
-17
-24
-25
-27
-25
-22
-18
-10
-4
6
12
16
21
23
22
22
19
13
8
2
1
-7
-17
-25
-33
-32
-35
-44
-49
-48
-51
-51
-55
-62
-71
-75
-77
-83
-83
-86
-91
-86
-83
-71
-63
-55
-48
-43
-32
-27
-19
-19
-19
-25
-32
-39
-50
-62
-73
-80
-86
-97
-103
-100
-101
-100
-97
-87
-82
-77
-71
-64
-60
-57
-51
-52
-42
-35
-24
-18
-5
10
19
36
54
69
79
93
105
117
124
128
131
125
124
117
115
106
96
89
82
73
65
60
53
49
51
51
53
53
51
53
54
53
52
46
43
35
33
31
23
26
23
22
25
26
36
37
39
40
40
38
36
31
27
25
19
17
12
5
2
-3
-4
-7
-3
6
3
9
12
18
21
26
27
22
27
16
5
-9
-18
-28
-40
-47
-56
-58
-62
-65
-64
-59
-62
-60
-61
-59
-60
-65
-64
-66
-61
-64
-60
-57
-51
-46
-40
-29
-24
-11
-2
-1
6
0
-1
-7
-14
-22
-32
-46
-61
-67
-76
-87
-93
-93
-97
-87
-86
-81
-74
-69
-61
-55
-52
-50
-46
-45
-48
-51
-50
-56
-56
-54
-51
-43
-31
-22
-7
10
21
41
55
67
74
80
89
91
91
86
83
76
75
67
64
56
56
59
53
54
52
58
57
60
65
63
64
66
65
58
54
53
50
48
45
46
46
43
46
47
54
56
58
61
65
63
54
47
44
37
25
19
10
9
3
2
0
-2
2
5
8
12
15
18
18
19
19
13
8
1
-6
-11
-17
-25
-30
-28
-30
-31
-33
-38
-36
-32
-31
-32
-32
-32
-34
-32
-32
-27
-26
-31
-21
-18
-8
-2
1
4
14
20
22
28
23
22
18
12
5
-5
-11
-17
-25
-29
-34
-37
-33
-33
-29
-29
-29
-26
-19
-14
-12
-13
-13
-11
-12
-20
-29
-29
-36
-34
-30
-32
-31
-24
-7
6
17
26
42
52
61
69
77
81
79
81
80
75
73
70
62
63
64
62
66
69
70
68
73
75
76
74
76
73
67
66
61
63
57
55
53
55
59
65
62
62
66
67
66
64
66
64
59
56
49
41
41
31
25
29
24
23
22
24
25
24
28
28
24
25
24
21
20
11
3
0
-4
-10
-14
-16
-22
-21
-18
-21
-22
-20
-21
-22
-23
-22
-24
-22
-16
-20
-20
-19
-15
-7
-3
2
12
17
19
27
35
39
40
42
35
37
33
31
23
23
21
13
14
5
5
4
0
0
2
4
4
10
14
9
4
4
1
-2
-3
-9
-16
-19
-16
-19
-17
-9
-6
4
13
19
22
32
42
48
47
51
52
50
59
50
47
44
44
41
37
44
44
37
36
37
30
30
35
34
35
31
33
35
34
30
33
36
37
34
35
37
30
35
35
42
40
39
43
43
38
37
36
36
34
32
27
27
26
21
20
23
25
21
26
26
25
28
30
28
22
19
11
9
10
9
-1
-2
-7
-11
-12
-13
-13
-11
-16
-14
-15
-23
-27
-25
-29
-35
-39
-38
-34
-33
-30
-28
-19
-13
-7
-2
11
18
30
33
38
40
38
35
31
27
25
22
15
11
7
1
2
2
4
4
8
7
13
17
18
17
14
14
12
9
4
4
-1
1
1
3
3
5
7
11
16
23
30
35
36
39
43
36
41
42
38
32
26
24
14
5
3
3
0
2
2
1
5
1
6
9
9
10
12
12
12
14
10
12
17
17
17
14
18
19
21
23
27
29
31
31
31
30
28
30
27
25
24
22
27
30
33
38
39
46
53
53
54
55
59
56
56
52
51
45
43
37
31
31
28
25
25
23
17
18
18
17
15
15
17
15
16
13
10
8
6
7
2
7
9
10
15
19
21
24
29
30
31
33
36
32
31
30
28
25
20
18
20
18
14
13
8
7
7
8
9
9
9
12
8
4
4
6
2
3
3
2
3
3
4
6
7
18
26
29
32
37
39
46
48
46
42
42
41
35
24
23
13
11
12
9
4
6
3
-1
1
0
0
1
3
-4
-4
-6
-6
-8
-13
-15
-16
-18
-12
-14
-13
-7
-8
-3
-6
-9
-6
-6
3
7
7
6
6
6
8
12
15
18
22
27
27
32
36
39
38
40
37
36
37
33
35
25
24
22
22
23
22
22
25
25
25
21
19
19
14
15
14
13
8
7
8
4
10
8
10
11
9
12
10
9
11
10
15
19
17
18
17
16
16
11
14
11
5
4
4
4
2
1
1
-1
-4
-4
-6
-4
-8
-11
-7
-7
-6
-9
-8
-8
-8
-3
1
6
9
13
21
24
28
34
34
41
43
41
41
45
40
35
32
25
21
15
9
4
0
-9
-11
-14
-15
-14
-16
-19
-21
-16
-16
-20
-20
-20
-24
-18
-19
-22
-27
-21
-23
-25
-21
-24
-24
-19
-16
-19
-15
-16
-12
-8
-5
-4
0
1
2
4
12
14
10
21
22
24
23
27
27
32
34
35
36
36
39
39
38
34
34
34
27
28
28
26
28
27
24
26
24
23
25
23
20
19
19
15
16
19
22
19
20
18
18
20
21
20
22
21
21
23
23
28
27
23
32
24
24
23
21
22
16
19
14
14
16
11
13
12
12
15
11
10
7
10
11
15
20
15
24
33
32
37
36
41
44
51
55
55
55
56
59
58
53
53
51
48
43
31
30
25
22
16
14
7
4
-1
-2
4
1
-4
-5
-2
-12
-11
-13
-12
-14
-16
-17
-27
-25
-21
-25
-20
-21
-15
-14
-11
-12
-9
-4
-10
0
-3
-4
1
0
2
3
3
4
5
6
2
4
7
7
4
8
9
7
7
7
15
9
4
4
2
2
1
-4
-6
-6
-10
-7
-8
-11
-13
-9
-6
-4
-9
-6
0
-3
1
1
2
-2
-6
-5
-8
-5
-4
-12
-7
-3
-2
2
0
8
14
13
15
12
12
11
8
4
-1
-3
0
1
-2
-1
-2
-2
0
3
4
4
2
7
5
5
9
13
12
13
20
18
24
30
35
34
38
42
39
44
44
41
36
30
31
33
25
21
20
16
13
14
12
8
8
8
5
-1
-1
-4
-7
-6
-7
-14
-18
-20
-27
-33
-29
-29
-31
-32
-34
-35
-33
-31
-31
-29
-27
-24
-21
-19
-16
-17
-16
-19
-16
-12
-12
-7
-8
-7
-10
-6
-5
-10
-5
-4
0
-1
-4
-3
-7
-1
-3
-8
-8
-13
-13
-12
-11
-13
-12
-11
-11
-4
-5
-5
-2
-3
-1
-2
-2
-2
-2
-3
-5
-4
1
1
4
6
4
9
9
14
24
24
26
25
26
27
29
27
23
22
22
18
19
16
13
14
14
17
16
16
19
20
21
22
19
24
24
23
26
28
30
32
38
45
50
51
55
57
60
61
58
56
54
54
51
55
52
46
43
38
36
39
33
30
25
27
29
25
22
15
12
11
13
17
11
7
4
6
1
-1
-2
-2
-1
-2
2
-1
-2
-5
-3
1
8
4
9
11
10
12
10
13
14
18
18
18
17
14
15
14
15
14
16
19
18
16
16
17
18
18
18
22
18
13
14
14
9
5
3
5
3
5
8
7
10
8
11
9
11
14
12
13
11
18
14
14
16
17
16
16
19
25
25
24
26
29
30
29
26
22
24
20
21
14
11
7
5
4
2
2
1
-2
-1
1
0
5
5
6
13
13
10
18
23
25
24
27
31
35
42
41
43
45
46
45
43
39
40
36
32
28
22
22
17
14
12
10
8
7
8
6
0
2
-1
-1
1
-2
-4
-9
-6
-8
-12
-11
-15
-19
-16
-19
-18
-18
-15
-14
-10
-13
-12
-7
-10
-4
-9
-6
-6
-4
-7
-8
-6
-2
1
-1
0
5
4
5
16
17
18
18
16
18
19
18
15
13
14
14
15
15
13
14
12
9
7
9
10
14
18
15
18
19
17
18
19
21
16
14
17
21
19
18
22
17
21
24
23
22
25
24
23
21
19
16
15
16
13
15
7
7
4
5
8
10
10
8
8
6
6
10
14
13
22
22
22
29
28
34
42
43
37
43
46
46
45
46
47
45
43
42
39
34
32
30
29
24
20
21
23
26
21
19
18
13
14
18
17
18
17
17
15
8
4
1
-4
-3
-8
-8
-7
-11
-8
-9
-6
-6
-5
1
1
4
2
3
3
1
2
1
2
0
1
3
9
13
11
10
17
17
18
23
27
33
35
27
28
31
27
26
25
25
22
20
21
22
19
17
20
20
25
26
25
25
25
23
19
23
19
21
24
18
19
19
19
20
24
24
24
24
21
20
15
17
16
16
19
20
17
11
13
8
7
4
4
2
0
5
8
5
4
6
12
14
17
20
21
22
27
30
28
32
35
37
38
37
41
46
43
43
40
43
41
37
38
39
34
29
28
31
23
27
27
23
27
27
27
25
28
27
27
29
22
18
20
22
16
11
10
12
5
7
9
6
10
4
9
9
13
14
10
8
10
9
7
8
8
8
3
4
8
9
7
8
10
11
11
12
17
20
23
20
24
25
25
27
23
25
22
20
22
19
24
28
22
22
22
22
18
22
22
20
20
15
17
18
18
15
12
14
16
12
10
13
15
12
11
11
12
11
9
8
5
3
5
5
1
1
-5
-6
-2
-6
-10
-7
-5
1
-1
-2
4
4
7
6
10
13
10
13
9
13
15
18
22
20
25
21
22
24
22
22
24
23
23
25
23
21
24
20
20
18
14
12
9
12
10
9
7
5
-1
-4
-6
-7
-10
-10
-16
-14
-14
-17
-15
-20
-22
-22
-25
-26
-23
-20
-23
-23
-22
-20
-23
-22
-21
-21
-23
-17
-21
-20
-22
-22
-23
-24
-23
-25
-22
-18
-17
-18
-15
-14
-10
-11
-9
-7
-7
-9
-12
-13
-12
-13
-14
-16
-16
-13
-10
-10
-9
-6
-8
-6
-10
-11
-6
-5
-5
-6
-10
-11
-13
-16
-15
-16
-13
-10
-12
-10
-9
-11
-10
-11
-10
-12
-18
-17
-13
-14
-13
-13
-17
-16
-14
-16
-15
-13
-10
-11
-12
-5
-5
-4
2
4
5
8
9
12
19
22
25
23
24
28
26
28
28
30
32
37
41
40
44
44
43
39
44
39
42
43
39
41
35
36
34
33
34
29
28
27
23
25
27
20
13
9
8
7
3
4
3
2
7
9
14
20
21
23
24
22
24
24
24
25
25
24
18
17
23
21
22
26
26
25
25
22
29
25
26
31
28
33
34
31
29
32
34
37
38
41
35
36
40
32
36
33
31
33
29
29
35
32
37
34
33
37
36
35
34
38
36
33
26
29
28
25
22
24
20
18
17
21
23
20
18
18
18
18
15
9
14
12
17
14
17
21
25
23
23
24
30
27
29
28
24
29
30
28
28
25
29
33
32
31
34
32
35
35
28
31
30
28
25
23
22
20
20
23
19
19
17
17
18
16
18
19
14
7
11
11
3
1
4
-1
-3
-3
-9
-10
-11
-13
-13
-14
-15
-16
-14
-9
-14
-16
-15
-18
-17
-17
-14
-11
-9
-9
-10
-9
-9
-10
-11
-13
-13
-16
-17
-17
-15
-16
-17
-17
-15
-12
-17
-16
-19
-15
-16
-14
-15
-15
-15
-16
-7
-11
-10
-10
-14
-10
-11
-12
-10
-11
-10
-14
-14
-12
-13
-15
-12
-13
-12
-14
-12
-14
-17
-20
-17
-16
-17
-18
-21
-19
-17
-17
-17
-17
-20
-19
-18
-18
-18
-15
-12
-8
-5
-7
-4
0
4
5
4
2
6
8
10
8
8
10
11
16
15
15
14
12
9
10
14
13
14
16
11
6
9
12
12
13
16
11
15
16
14
14
14
15
15
18
19
17
20
19
21
21
19
20
19
15
16
18
21
19
18
25
26
27
26
27
28
31
34
36
36
36
37
39
38
44
44
44
47
48
48
46
50
49
48
47
52
53
51
52
51
51
50
50
48
45
46
50
50
49
51
49
48
46
49
54
50
52
49
50
50
48
49
47
47
45
50
48
43
39
39
38
36
35
35
37
31
36
40
35
34
36
38
35
37
36
33
33
32
35
33
30
38
39
34
31
32
39
38
36
35
38
38
33
32
32
29
28
29
29
30
30
31
30
27
24
24
23
23
24
24
26
28
25
24
24
24
20
23
23
21
15
14
16
13
14
12
13
11
9
12
10
10
14
11
12
8
8
8
7
9
6
5
6
9
3
3
3
3
0
2
4
1
1
4
4
1
-2
-1
0
-3
-1
3
2
-1
-1
-4
-2
-2
-1
-5
-2
0
-4
-7
-4
-5
-10
-7
-9
-12
-14
-13
-9
-14
-12
-8
-11
-14
-10
-15
-15
-11
-14
-10
-9
-12
-11
-12
-12
-11
-10
-8
-9
-10
-16
-13
-12
-14
-16
-11
-10
-13
-11
-14
-12
-12
-6
-10
-9
-12
-18
-13
-13
-18
-16
-9
-15
-15
-9
-10
-14
-11
-12
-9
-9
-12
-10
-10
-12
-10
-8
-8
-11
-15
-11
-9
-14
-13
-9
-11
-8
-7
-10
-8
-10
-3
-2
-1
0
-2
2
2
0
1
6
12
6
14
8
10
16
11
16
13
20
15
13
18
16
20
18
17
17
17
17
15
15
17
23
19
21
26
26
25
24
27
27
27
30
25
30
26
27
27
27
22
26
24
24
28
23
26
26
31
28
29
28
30
32
30
35
39
34
37
39
36
35
36
34
37
37
36
36
33
31
31
37
31
30
30
33
27
24
26
27
29
23
26
29
32
31
38
36
36
36
33
40
41
47
47
49
50
51
51
52
48
51
54
54
52
49
48
46
46
41
40
39
37
36
33
35
33
34
32
33
32
39
35
33
35
32
32
28
21
26
20
16
14
11
8
6
9
6
7
4
5
6
4
6
3
4
2
-2
1
5
5
2
3
2
2
0
3
4
-1
-1
-1
-2
-4
-3
-1
-5
-2
0
-5
-9
-8
-5
-5
-8
-16
-10
-9
-12
-13
-11
-10
-11
-12
-11
-9
-13
-12
-12
-9
-14
-16
-17
-20
-24
-21
-26
-28
-26
-23
-25
-26
-25
-28
-28
-31
-34
-31
-29
-32
-31
-28
-35
-35
-30
-32
-30
-30
-33
-35
-35
-34
-31
-32
-31
-32
-32
-36
-35
-33
-32
-31
-29
-29
-29
-31
-26
-30
-32
-29
-29
-29
-31
-32
-32
-34
-33
-32
-34
-32
-34
-33
-30
-30
-27
-24
-25
-23
-26
-22
-21
-21
-20
-18
-17
-20
-19
-21
-14
-16
-16
-15
-17
-15
-14
-12
-17
-10
-13
-11
-8
-1
-2
-4
-1
-5
-4
-5
-5
-6
-2
-3
0
-1
-2
-3
0
9
0
1
6
1
4
4
4
2
-2
-3
-3
-2
1
3
3
5
3
2
1
-1
-2
-1
3
0
3
0
2
7
7
1
6
14
10
12
11
12
10
10
7
12
10
13
14
6
6
8
10
11
13
11
8
9
15
14
12
10
10
8
10
12
10
11
11
15
11
10
11
12
10
12
9
9
8
7
11
5
6
8
10
10
6
9
8
5
4
8
5
5
7
1
4
3
3
6
8
4
5
7
6
7
5
4
1
5
8
7
1
3
7
7
6
6
5
1
1
6
6
6
3
5
9
9
11
8
13
11
13
12
15
15
16
19
20
21
19
20
18
21
22
26
19
22
22
25
29
25
25
23
28
24
25
23
24
21
21
26
20
18
19
18
21
22
24
29
25
25
25
20
19
18
12
15
10
10
10
5
6
2
2
5
0
-2
1
1
-2
-6
-3
-8
-7
-8
-12
-11
-18
-17
-17
-18
-17
-15
-15
-18
-18
-17
-15
-18
-21
-20
-22
-20
-18
-18
-17
-19
-16
-15
-21
-21
-17
-23
-20
-23
-20
-22
-26
-24
-25
-32
-34
-30
-31
-31
-34
-32
-29
-30
-31
-30
-28
-30
-33
-31
-35
-32
-33
-33
-34
-34
-37
-33
-33
-40
-31
-33
-35
-35
-35
-33
-36
-39
-35
-36
-35
-35
-37
-36
-34
-33
-28
-28
-28
-30
-28
-23
-22
-23
-19
-19
-25
-19
-20
-19
-17
-14
-14
-16
-19
-19
-18
-19
-17
-16
-12
-14
-16
-14
-9
-10
-7
-7
-8
-8
-6
-5
-5
-3
-4
-4
0
0
2
3
6
10
9
11
12
11
15
13
12
15
15
17
14
12
13
13
12
16
14
14
15
17
14
15
17
21
21
14
18
16
18
17
17
14
13
14
15
