-8
-7
-9
-6
-8
-13
-14
-15
-14
-10
-6
-12
-13
-14
-13
-12
-16
-15
-14
-15
-14
-15
-19
-16
-16
-19
-14
-20
-21
-20
-23
-21
-22
-15
-20
-23
-22
-21
-22
-19
-18
-18
-16
-18
-12
-16
-16
-17
-18
-19
-18
-16
-16
-13
-15
-18
-14
-14
-15
-16
-18
-16
-18
-15
-18
-19
-20
-26
-24
-25
-25
-23
-26
-29
-26
-25
-23
-20
-21
-20
-17
-16
-16
-18
-21
-16
-14
-18
-17
-17
-19
-21
-12
-18
-17
-12
-10
-9
-11
-6
-6
-5
-3
-5
-3
1
-3
-3
0
0
-4
-3
-4
-3
-4
-5
-8
-7
-4
-6
-5
-9
-7
-5
-11
-9
-10
-10
-9
-9
-8
-7
-12
-11
-7
-10
-8
-10
-7
-10
-11
-9
-9
-6
-8
-5
-9
-11
-4
-3
-6
-8
-5
-9
-5
-5
-7
0
-7
-7
-11
-11
-8
-12
-13
-14
-9
-8
-15
-13
-14
-15
-14
-15
-14
-15
-16
-15
-15
-13
-11
-12
-15
-14
-16
-15
-13
-16
-17
-16
-21
-18
-18
-17
-21
-18
-19
-21
-22
-22
-20
-21
-19
-20
-21
-22
-20
-21
-21
-18
-19
-19
-17
-20
-25
-22
-19
-22
-24
-23
-22
-20
-20
-21
-22
-24
-22
-27
-25
-19
-21
-16
-18
-16
-15
-15
-24
-23
-18
-25
-22
-23
-23
-21
-23
-25
-24
-23
-26
-28
-26
-29
-29
-29
-25
-21
-19
-21
-19
-20
-20
-21
-20
-18
-17
-16
-16
-16
-15
-13
-14
-13
-16
-19
-21
-18
-18
-18
-22
-19
-20
-21
-18
-17
-18
-14
-8
-7
-9
-10
-5
-6
-6
0
2
-5
-7
-2
-5
-4
-4
-5
-7
-4
-6
-6
-8
-3
-6
-9
-6
-7
-4
-4
-7
-9
-7
-6
-5
-1
0
-5
-4
-2
-5
-3
-1
-7
-3
-3
-8
-5
-7
-10
-9
-10
-10
-15
-15
-15
-16
-19
-19
-17
-19
-22
-23
-18
-21
-23
-22
-22
-25
-25
-23
-24
-24
-20
-19
-21
-25
-27
-25
-25
-27
-25
-27
-25
-25
-27
-23
-25
-27
-23
-25
-26
-25
-28
-28
-25
-22
-26
-20
-20
-22
-21
-20
-23
-20
-19
-18
-16
-19
-21
-21
-21
-25
-29
-26
-21
-26
-26
-25
-28
-30
-29
-22
-23
-27
-24
-26
-26
-28
-30
-29
-29
-30
-28
-30
-27
-24
-25
-22
-25
-23
-20
-20
-22
-21
-20
-14
-17
-19
-14
-16
-15
-16
-12
-7
-13
-9
-8
-12
-7
-2
-4
-6
-9
-6
-5
-9
-7
-5
-4
-4
-4
-4
-5
-4
-2
-5
-7
-7
-3
-4
-5
-5
-6
-5
-3
-7
-5
-5
-4
-6
-8
-8
-12
-11
-14
-9
-11
-13
-13
-13
-13
-16
-7
-4
-6
-4
-1
-2
-7
-7
0
-7
-8
-6
-7
-8
-2
1
-5
0
-3
-5
-8
-2
-1
-6
-7
-6
-5
-9
-6
-10
-10
-10
-12
-15
-13
-12
-14
-16
-15
-17
-14
-14
-16
-16
-25
-28
-25
-25
-26
-30
-27
-24
-23
-23
-22
-19
-16
-13
-13
-11
-16
-16
-13
-12
-12
-15
-11
-13
-13
-13
-12
-13
-17
-18
-18
-15
-15
-21
-21
-15
-18
-14
-15
-15
-17
-18
-16
-19
-19
-18
-17
-19
-20
-20
-22
-25
-21
-21
-20
-26
-28
-27
-29
-27
-26
-24
-30
-24
-24
-24
-23
-22
-21
-23
-18
-18
-17
-18
-13
-13
-20
-19
-11
-12
-16
-13
-15
-12
-13
-10
-10
-10
-4
-7
-5
-6
-2
-1
-5
-2
2
4
-1
-4
-9
-6
-7
-8
-9
-8
-2
-3
-10
-4
-3
-6
-3
-3
-1
-1
-2
-3
-2
1
1
0
-1
2
1
-1
1
1
2
0
-1
2
2
4
5
5
7
6
5
5
3
5
11
5
6
7
12
11
7
8
4
7
4
0
-1
0
4
0
1
6
1
-2
0
-2
-5
-4
-4
-7
-8
-7
-7
-5
-7
-5
-4
-7
-9
-8
-10
-10
-8
-12
-11
-7
-5
-5
-5
-7
-6
-3
-5
-6
-7
-2
-4
-10
-5
-6
-7
-7
-3
-7
-6
-3
-5
-6
-4
-9
-7
-8
-10
-4
-11
-9
-5
-5
-8
-7
-5
-5
-6
-5
-7
-7
-4
-9
-9
-6
-5
-6
-7
-9
-5
-6
-7
-8
-10
-10
-8
-6
-8
-10
-10
-8
-13
-9
-4
-7
-3
1
0
2
4
3
3
4
-1
1
-3
-2
2
0
4
7
8
6
9
12
9
5
10
8
6
8
10
9
7
4
3
1
0
2
5
2
1
3
2
4
5
6
7
4
3
6
8
7
7
6
7
11
5
4
8
5
7
11
9
8
10
9
6
8
10
8
7
7
7
10
8
10
6
8
10
8
8
9
11
9
10
8
6
10
14
12
13
12
13
16
15
15
19
20
13
16
16
14
15
13
15
12
11
10
9
9
6
6
4
6
9
9
10
12
8
11
11
15
9
9
9
11
12
5
10
10
13
9
8
7
7
5
5
5
6
9
8
9
5
3
4
11
7
4
9
5
7
5
7
4
0
4
4
8
10
6
6
6
7
8
4
4
6
2
7
5
-1
3
2
4
7
7
8
9
3
7
8
9
15
12
14
16
18
15
13
13
15
19
19
15
20
19
18
20
23
25
20
19
18
17
18
21
20
22
19
22
20
18
20
22
24
21
27
23
28
27
27
31
33
31
28
29
23
24
25
22
23
20
24
22
24
22
23
27
21
21
20
21
21
21
21
20
19
16
17
17
15
15
14
16
12
14
11
9
11
14
12
8
14
11
13
15
16
20
26
21
18
20
16
18
16
16
21
20
20
23
19
20
18
17
23
22
19
20
21
19
19
22
21
19
20
15
19
17
15
16
17
19
16
17
20
16
15
14
13
20
11
11
11
8
10
9
9
6
8
8
9
9
8
9
12
9
11
12
13
13
12
15
10
15
17
16
16
13
13
12
16
12
13
13
14
14
12
13
19
16
12
15
12
17
13
14
10
7
8
12
9
6
6
5
6
5
1
4
6
11
12
8
11
11
12
13
11
10
13
13
10
13
12
12
11
11
11
13
14
13
16
14
18
21
20
20
17
16
13
17
14
11
15
11
7
12
17
15
12
13
12
17
14
17
20
18
18
18
16
17
18
17
19
18
17
19
20
21
24
23
22
22
24
22
25
22
25
25
21
23
17
20
18
20
15
14
16
13
11
14
11
10
10
10
9
7
7
7
8
11
8
7
13
11
12
13
12
12
15
15
15
18
18
20
19
19
17
20
17
13
16
15
12
13
15
14
17
17
14
19
17
16
13
15
17
19
19
15
13
11
16
16
14
14
13
15
14
15
14
15
13
14
11
13
15
12
13
9
5
7
8
6
11
3
8
7
6
14
13
16
14
15
17
14
15
14
12
15
17
17
15
15
17
17
17
16
17
16
19
21
20
22
17
26
25
25
27
23
19
19
19
15
13
16
17
16
16
15
14
16
17
20
23
21
23
26
25
26
26
24
28
24
24
26
26
30
27
28
25
24
23
21
22
24
20
22
23
20
19
19
23
18
20
18
17
20
20
18
20
15
12
15
13
15
17
15
15
17
17
21
18
18
17
17
17
14
15
20
20
19
23
21
23
19
21
19
22
20
21
20
18
22
21
20
20
20
20
23
21
21
21
16
24
20
18
15
16
16
12
14
15
16
15
19
13
14
20
18
17
14
16
14
14
14
15
13
12
12
15
15
13
14
15
13
16
15
17
22
17
19
18
18
17
18
16
13
15
14
13
9
12
11
15
17
13
13
12
14
13
12
20
20
16
16
18
20
18
18
16
13
17
12
18
17
16
17
19
19
18
15
19
20
19
15
16
21
21
23
22
21
21
21
20
21
21
18
15
17
14
18
12
14
16
17
19
19
20
23
24
20
23
20
21
20
17
19
19
17
21
21
21
20
23
23
23
26
23
23
22
23
17
18
19
19
13
17
23
19
16
14
13
12
17
11
16
13
15
18
14
16
17
19
20
21
24
24
21
21
25
24
27
21
23
24
28
23
21
25
21
24
19
18
20
17
15
15
14
14
18
14
17
16
18
18
16
14
17
20
16
22
16
18
21
21
22
21
24
24
24
17
19
19
21
24
21
18
20
18
14
18
18
11
8
7
10
13
11
11
12
10
13
13
13
15
11
15
16
11
19
17
17
16
22
23
23
21
22
26
22
25
22
24
25
26
28
22
23
25
24
27
22
23
23
24
21
21
23
22
22
21
22
23
19
20
20
23
21
20
29
20
23
25
22
19
17
20
19
19
19
16
15
13
12
9
5
9
9
7
7
12
11
7
9
12
9
7
8
6
8
7
8
9
8
7
10
12
14
11
12
9
6
10
12
13
12
12
14
14
11
14
12
14
14
12
16
16
16
18
16
15
13
11
12
12
14
14
13
15
16
11
11
10
12
13
16
16
15
19
12
12
16
12
14
13
14
13
12
15
13
13
12
10
10
9
14
11
12
15
15
19
19
17
19
22
23
22
20
25
24
24
27
26
29
26
24
25
28
25
25
30
30
27
29
26
26
26
26
27
25
24
25
21
21
21
18
20
15
15
16
11
13
12
9
11
9
14
12
11
12
15
15
16
16
15
20
14
16
15
16
15
20
19
17
24
21
24
22
26
23
23
24
20
22
17
16
16
17
16
15
24
16
18
19
21
21
16
19
20
20
18
19
12
12
12
11
12
9
8
8
6
5
7
9
9
8
9
11
10
7
10
8
5
9
8
11
9
7
9
8
10
11
14
11
11
11
10
14
15
16
17
16
14
16
16
18
16
16
19
16
15
18
20
16
12
14
8
13
15
15
11
11
7
10
9
6
8
9
13
9
6
7
9
8
9
9
7
6
6
11
14
17
16
18
20
16
21
18
21
18
20
20
18
22
21
20
16
18
17
19
20
19
17
15
17
15
15
14
15
13
13
13
13
14
16
14
16
15
10
12
13
13
11
11
6
8
5
8
8
8
4
6
10
7
8
5
4
4
5
4
2
4
5
1
3
4
0
1
0
1
3
4
8
5
6
9
10
8
12
13
12
9
12
16
12
13
11
11
14
10
11
10
6
8
5
3
7
10
8
6
7
5
4
1
2
0
1
-2
-6
-2
-9
-3
-6
-7
-3
-7
-6
-5
-6
-5
-2
-7
-6
-6
-6
0
-4
0
0
-3
0
2
0
5
5
-3
-4
-1
1
1
7
3
8
9
11
7
7
4
1
5
4
3
3
4
-2
-1
-4
-6
-4
-2
-5
0
-5
-2
5
0
6
10
5
7
8
5
7
8
10
13
11
13
17
14
18
17
17
13
20
21
17
22
24
28
24
26
25
25
25
24
24
26
25
23
22
18
19
14
16
18
12
10
9
10
11
10
10
11
7
9
10
12
10
8
10
6
8
7
12
9
6
7
2
2
2
1
3
-1
-1
-1
-3
2
1
-3
-1
0
-4
-5
-5
-8
-9
-8
-5
-9
-10
-10
-6
-9
-10
-8
-11
-9
-9
-12
-10
-12
-10
-8
-7
-6
-7
-10
-7
-2
-2
-4
-9
-4
-6
-3
-5
-4
1
-5
-1
-3
-3
-5
-4
-5
-1
-2
-7
-10
-6
-7
-16
-12
-10
-7
-4
-2
-6
-4
-2
-2
-2
-4
-3
0
-1
-1
3
5
5
3
4
4
5
4
1
-1
-1
-1
1
1
1
-1
1
2
3
5
6
7
2
7
8
6
9
8
12
14
11
17
14
13
12
12
15
13
15
12
16
16
18
18
14
15
15
14
15
11
11
11
7
6
10
11
10
8
8
5
4
5
5
5
3
0
-1
-1
-3
-3
-8
-7
-4
-9
-11
-13
-12
-12
-14
-15
-13
-17
-12
-12
-12
-15
-9
-10
-13
-4
-4
2
-1
4
3
6
5
7
6
3
3
-2
-2
-1
-4
-5
-10
-11
-10
-10
-12
-13
-12
-15
-12
-9
-8
-8
-6
-1
7
7
10
9
10
16
22
25
26
27
28
33
36
37
43
41
41
51
49
45
45
45
48
46
48
49
48
47
43
43
40
40
32
35
30
27
23
21
20
16
12
7
8
0
0
0
-2
-7
-13
-16
-16
-24
-28
-25
-23
-29
-33
-37
-40
-40
-37
-41
-41
-45
-43
-42
-52
-53
-55
-51
-52
-55
-58
-58
-55
-53
-52
-48
-53
-53
-54
-57
-51
-54
-48
-54
-55
-57
-56
-53
-55
-50
-51
-46
-44
-42
-37
-35
-29
-27
-32
-29
-28
-23
-26
-25
-28
-36
-42
-47
-45
-50
-54
-53
-45
-36
-30
-18
-9
1
9
16
28
40
51
62
73
74
67
71
73
77
78
75
73
70
67
68
61
54
46
49
47
49
44
39
37
37
40
39
35
26
24
24
25
16
11
6
-2
1
-8
-10
-15
-25
-26
-25
-23
-30
-29
-37
-37
-31
-31
-28
-26
-26
-23
-18
-17
-15
-11
-15
-10
-9
-2
-7
-12
-8
-9
-8
-8
1
-5
-4
-6
0
1
-1
4
1
6
5
6
6
0
0
2
3
3
-2
0
-2
-1
-1
-5
-8
-10
-10
-14
-12
-15
-18
-25
-27
-29
-31
-31
-35
-38
-43
-45
-47
-50
-47
-52
-52
-52
-57
-49
-59
-65
-61
-60
-62
-66
-62
-64
-63
-68
-70
-68
-72
-73
-68
-65
-59
-60
-64
-70
-75
-78
-79
-80
-80
-80
-71
-57
-45
-25
-9
-10
-4
11
27
48
60
63
58
62
62
68
75
70
66
72
76
73
71
60
55
54
54
57
54
51
47
50
47
40
37
33
35
40
35
27
19
13
12
10
12
10
1
1
-2
-3
-3
-10
-8
-10
-11
-10
-11
-14
-15
-17
-16
-19
-20
-17
-22
-20
-20
-20
-18
-23
-24
-18
-15
-14
-11
-11
-12
-8
-8
-8
-4
-4
-7
0
-4
-9
-6
-6
-6
0
-6
-9
-4
-3
-10
-8
-8
-8
-12
-16
-13
-15
-14
-20
-18
-22
-26
-27
-28
-33
-38
-38
-48
-52
-52
-60
-64
-69
-70
-75
-77
-81
-87
-87
-90
-88
-91
-86
-83
-87
-88
-90
-87
-85
-88
-97
-101
-104
-104
-106
-103
-90
-75
-66
-53
-32
-25
-23
-8
9
30
48
57
63
63
63
75
77
81
84
74
76
82
83
73
60
58
59
54
55
51
44
47
47
47
38
30
29
36
36
33
23
11
7
9
12
4
-2
-8
-11
-6
-9
-14
-24
-25
-18
-16
-17
-26
-31
-27
-27
-23
-21
-25
-26
-22
-16
-17
-25
-24
-12
-13
-13
-4
-3
-3
-1
3
8
8
9
15
14
12
18
14
12
13
18
19
14
17
20
19
21
17
17
26
20
19
15
14
8
2
-5
-14
-19
-19
-23
-25
-24
-29
-33
-40
-44
-47
-54
-60
-65
-72
-76
-74
-81
-89
-91
-92
-95
-96
-98
-90
-94
-93
-82
-87
-83
-80
-80
-74
-76
-81
-85
-93
-94
-95
-92
-89
-76
-65
-49
-26
-16
-16
-12
11
36
61
72
73
66
70
81
83
85
86
86
84
89
92
80
66
61
62
62
61
55
49
51
45
42
34
28
23
27
31
29
15
5
2
2
-1
-9
-14
-21
-20
-17
-16
-22
-32
-41
-36
-29
-26
-28
-31
-35
-36
-28
-26
-28
-21
-18
-16
-11
-13
-16
-10
-9
-6
-1
-4
2
0
6
7
4
10
15
18
22
23
24
28
30
35
34
37
39
42
41
42
42
37
34
29
24
19
20
12
12
15
12
5
2
-1
-7
-8
-12
-18
-20
-24
-27
-29
-41
-46
-50
-54
-58
-67
-76
-79
-83
-84
-90
-95
-98
-101
-98
-97
-96
-96
-92
-92
-89
-94
-102
-109
-114
-114
-116
-116
-108
-96
-80
-55
-29
-21
-24
-21
2
40
71
86
88
84
85
104
114
117
116
110
113
121
126
112
97
93
87
88
84
83
74
70
71
71
67
48
44
47
50
54
39
23
16
14
16
1
-12
-22
-20
-13
-13
-20
-33
-41
-39
-31
-27
-42
-45
-43
-45
-47
-44
-51
-53
-46
-31
-28
-38
-37
-34
-29
-19
-14
-10
-14
-5
7
5
-2
5
14
18
25
26
25
21
26
31
36
30
27
28
35
33
32
30
28
28
28
26
20
19
16
18
9
-2
-6
-15
-19
-17
-26
-40
-45
-43
-46
-50
-56
-64
-71
-75
-76
-83
-97
-99
-98
-103
-103
-106
-106
-106
-101
-94
-94
-94
-86
-82
-79
-79
-85
-94
-104
-108
-118
-114
-107
-93
-72
-47
-15
-8
-16
-15
12
54
92
113
113
106
113
128
137
145
135
125
125
142
150
137
116
103
102
98
103
98
89
86
89
95
80
64
56
59
70
68
56
38
26
25
29
17
5
-6
-8
-3
-5
-7
-29
-46
-41
-27
-27
-41
-37
-42
-50
-47
-35
-36
-42
-31
-24
-30
-28
-22
-20
-18
-12
-7
-13
-7
1
7
9
11
18
18
20
25
31
33
31
37
46
39
43
50
49
47
51
46
49
53
52
54
42
37
35
35
34
27
14
6
0
7
0
-9
-22
-32
-33
-36
-42
-50
-57
-66
-74
-76
-85
-91
-97
-101
-109
-107
-109
-116
-115
-113
-106
-104
-103
-102
-99
-91
-91
-96
-110
-122
-124
-127
-139
-143
-132
-120
-100
-64
-37
-28
-34
-35
-2
39
79
104
104
93
97
121
140
139
132
125
125
137
147
142
122
109
108
108
108
98
92
92
91
98
86
67
55
59
70
70
60
43
28
27
30
20
6
-11
-13
-10
-3
-14
-38
-61
-53
-38
-37
-51
-54
-49
-60
-59
-48
-39
-42
-34
-20
-17
-29
-25
-15
-13
-7
1
-2
-7
7
23
25
24
28
31
39
43
49
56
49
49
56
62
57
52
55
57
60
55
52
53
57
77
85
70
47
37
38
34
18
3
-13
-31
-31
-29
-43
-66
-77
-80
-77
-79
-83
-100
-108
-103
-112
-115
-126
-126
-128
-129
-134
-140
-144
-144
-138
-138
-135
-138
-133
-135
-135
-144
-150
-151
-158
-157
-146
-110
-40
38
59
49
47
78
118
119
142
191
228
214
192
179
136
90
104
146
140
82
55
93
110
78
33
21
27
47
83
116
106
77
64
85
96
68
46
59
83
82
50
26
-2
-42
-50
-34
-23
-60
-78
-47
-30
-76
-123
-96
-65
-70
-64
-30
-25
-58
-56
-12
3
-12
-1
30
39
37
30
36
23
17
37
43
35
17
12
15
33
37
24
24
44
62
61
60
72
77
82
89
88
76
63
71
81
71
47
36
37
26
5
-11
-25
-38
-42
-42
-53
-70
-73
-75
-71
-79
-93
-104
-101
-93
-92
-106
-124
-122
-118
-114
-121
-119
-127
-137
-142
-141
-145
-157
-153
-138
-127
-134
-145
-148
-160
-173
-177
-176
-176
-159
-104
13
139
186
128
82
135
216
205
161
197
290
304
215
122
53
-6
-27
15
56
28
-30
-28
37
59
12
-18
22
93
140
176
191
154
95
79
99
87
40
19
31
15
-30
-78
-116
-156
-174
-137
-90
-88
-95
-66
-18
-24
-62
-46
6
26
22
41
61
33
-27
-33
-3
-9
-28
-5
43
42
-4
-29
-21
-6
4
24
63
84
83
80
87
74
52
64
102
121
96
77
83
100
97
79
58
39
37
47
47
34
15
3
-2
-1
-8
-25
-35
-38
-33
-29
-36
-57
-75
-74
-69
-80
-102
-114
-111
-107
-115
-131
-139
-135
-127
-127
-138
-126
-99
-87
-96
-102
-112
-129
-132
-131
-129
-130
-130
-121
-121
-144
-183
-200
-187
-173
-144
-67
93
254
285
191
126
187
243
204
172
243
332
293
168
60
-13
-90
-147
-77
29
34
-42
-41
61
102
41
-7
71
185
237
242
237
216
136
49
32
40
6
-42
-55
-58
-86
-143
-204
-232
-215
-155
-90
-60
-37
11
54
35
6
33
74
78
63
84
95
24
-61
-80
-56
-74
-114
-84
-17
10
-27
-51
-19
13
19
35
100
153
156
141
155
156
113
76
85
99
79
56
49
57
43
10
-10
-8
-13
-18
5
31
39
24
15
20
14
4
-8
-12
-7
-6
-18
-49
-81
-99
-110
-126
-139
-144
-130
-119
-124
-129
-131
-130
-116
-111
-100
-78
-67
-74
-86
-93
-106
-128
-143
-128
-112
-120
-138
-142
-141
-166
-206
-230
-213
-176
-134
-31
166
313
274
152
138
227
240
154
133
254
337
246
101
20
-43
-147
-183
-73
45
16
-63
6
156
171
60
33
153
265
275
257
272
245
125
23
8
7
-41
-94
-109
-91
-90
-156
-231
-250
-192
-111
-59
-45
14
106
128
73
45
86
92
46
36
83
81
-19
-114
-100
-62
-124
-191
-153
-58
-43
-86
-68
20
72
54
95
194
245
215
205
241
240
179
123
121
118
67
18
14
22
-5
-31
-32
-17
-2
3
34
79
97
92
94
100
96
86
58
37
22
4
-32
-79
-124
-156
-167
-187
-204
-204
-188
-164
-156
-145
-132
-114
-109
-107
-76
-44
-35
-52
-81
-90
-103
-148
-185
-192
-175
-173
-174
-181
-174
-203
-254
-269
-247
-200
-137
15
249
385
330
201
186
243
225
150
159
263
322
245
101
-5
-98
-179
-174
-70
15
12
-1
83
192
190
108
83
165
254
294
302
287
230
129
33
-15
-50
-105
-147
-143
-111
-106
-149
-211
-238
-184
-106
-55
-24
50
141
165
118
81
90
70
24
12
42
32
-52
-120
-117
-116
-168
-211
-168
-83
-53
-55
-19
37
66
63
97
169
224
254
286
309
285
223
172
144
100
42
34
51
43
3
-38
-57
-74
-75
-43
19
61
91
116
151
168
145
114
90
86
69
38
-4
-49
-100
-155
-198
-233
-252
-265
-247
-211
-181
-173
-159
-128
-102
-78
-56
-28
-11
-27
-53
-65
-87
-123
-169
-184
-179
-190
-212
-213
-209
-227
-252
-265
-249
-205
-103
116
343
405
297
236
296
308
211
123
186
321
333
215
86
1
-109
-186
-145
-51
-7
-35
13
175
286
223
117
116
204
275
285
275
271
220
119
45
-9
-79
-158
-193
-176
-124
-106
-157
-211
-195
-132
-85
-66
-32
69
162
168
126
119
109
51
-10
-6
20
-18
-95
-118
-74
-83
-162
-192
-140
-75
-64
-59
9
94
118
118
179
250
264
260
296
313
275
209
165
133
75
16
6
34
19
-19
-27
-18
-24
-19
9
70
118
129
147
178
189
155
114
88
67
39
-8
-53
-98
-138
-177
-218
-243
-251
-247
-231
-205
-161
-128
-108
-87
-62
-43
-16
-11
-29
-49
-72
-82
-107
-150
-189
-192
-194
-222
-231
-233
-246
-254
-260
-243
-207
-140
31
290
430
348
250
276
331
264
125
112
251
325
227
101
34
-48
-157
-184
-101
-15
-33
-35
115
291
302
177
113
180
265
269
235
242
237
166
69
2
-53
-131
-205
-229
-170
-98
-108
-162
-166
-113
-49
-51
-64
10
140
184
139
126
134
93
-4
-59
-31
-29
-108
-143
-81
-50
-119
-191
-162
-82
-49
-66
-21
92
147
142
168
225
253
239
248
295
293
239
186
172
134
54
11
21
46
23
-5
-11
-4
-7
6
58
104
116
133
152
179
181
143
101
77
53
9
-35
-89
-135
-161
-194
-229
-245
-244
-229
-213
-184
-149
-121
-107
-93
-68
-42
-21
-36
-60
-73
-84
-101
-151
-193
-212
-217
-216
-233
-242
-250
-258
-266
-266
-230
-174
-39
196
398
424
316
277
323
314
198
112
183
294
280
164
58
-12
-109
-183
-154
-54
-15
-34
54
232
339
279
163
155
233
278
256
237
239
203
115
19
-41
-104
-188
-259
-238
-143
-100
-133
-178
-144
-60
-30
-54
-27
81
165
159
129
131
110
22
-60
-63
-44
-89
-157
-143
-81
-90
-164
-186
-129
-68
-63
-44
35
112
135
135
183
239
243
234
255
293
276
216
169
126
70
13
3
18
19
-6
-16
-3
-7
-11
11
61
99
114
139
176
193
174
141
103
70
37
-15
-64
-108
-148
-185
-218
-246
-255
-254
-248
-221
-178
-125
-104
-88
-61
-40
-12
-23
-48
-63
-79
-100
-127
-177
-234
-245
-232
-228
-233
-241
-237
-238
-254
-268
-238
-175
-50
195
428
461
305
211
270
311
194
54
115
282
318
178
32
-23
-84
-173
-182
-77
3
-5
47
221
374
323
161
113
196
260
238
224
231
206
112
20
-29
-94
-200
-277
-237
-123
-66
-106
-160
-150
-81
-38
-53
-39
62
163
168
126
116
106
21
-82
-97
-56
-73
-150
-162
-95
-79
-140
-187
-149
-96
-79
-58
7
89
109
107
146
205
287
318
314
321
291
236
181
120
31
-10
25
44
22
-33
-54
-53
-54
-44
4
71
102
128
186
245
249
191
133
109
91
39
-23
-83
-138
-191
-245
-284
-314
-319
-317
-286
-226
-178
-153
-125
-90
-53
-24
-17
-5
-10
-47
-91
-128
-160
-205
-238
-257
-251
-244
-265
-282
-303
-314
-317
-285
-213
-94
143
389
467
355
260
300
328
241
112
139
277
320
212
70
-19
-102
-179
-187
-106
-33
-28
16
165
326
326
196
120
166
256
289
265
239
214
146
66
-9
-85
-169
-245
-258
-183
-98
-99
-170
-204
-140
-64
-61
-69
4
118
162
142
137
122
40
-69
-88
-42
-61
-144
-170
-101
-80
-139
-208
-185
-120
-108
-90
-16
78
112
101
135
200
248
283
307
341
322
259
203
154
69
-22
-23
12
20
-24
-70
-70
-57
-65
-49
20
84
112
146
206
248
227
153
95
67
41
-12
-78
-131
-175
-229
-286
-332
-333
-320
-308
-272
-211
-149
-109
-92
-87
-50
-16
-12
-29
-53
-82
-106
-132
-189
-237
-267
-281
-260
-257
-260
-266
-267
-286
-295
-246
-124
116
358
442
357
275
301
311
232
107
106
237
302
232
102
8
-89
-163
-165
-92
-31
-33
3
148
307
322
211
112
125
215
277
290
245
186
128
67
-2
-79
-151
-217
-243
-188
-99
-78
-147
-225
-201
-101
-49
-57
-22
61
117
128
130
106
35
-56
-79
-34
-29
-96
-143
-109
-81
-120
-174
-172
-130
-111
-84
-9
78
100
77
98
189
314
351
323
317
314
291
246
180
68
-5
15
58
62
-10
-91
-115
-86
-47
-21
21
71
119
167
207
213
180
119
76
62
46
6
-71
-145
-196
-242
-301
-366
-387
-352
-297
-250
-209
-156
-112
-93
-83
-71
-46
-29
-46
-66
-81
-91
-127
-190
-247
-287
-274
-259
-269
-289
-287
-259
-260
-259
-220
-59
218
406
389
271
266
342
341
237
152
194
271
256
156
67
-17
-122
-190
-149
-25
18
-20
-1
135
264
257
167
118
153
236
303
304
244
136
48
2
-21
-49
-109
-183
-214
-180
-115
-102
-172
-243
-204
-83
5
24
24
40
69
116
147
111
15
-65
-50
4
-16
-89
-130
-118
-114
-133
-144
-132
-123
-119
-87
-9
63
64
69
165
303
367
341
294
279
291
275
212
142
83
45
30
19
-12
-76
-123
-118
-60
-12
25
66
110
161
195
203
176
145
125
115
95
52
-5
-76
-147
-197
-244
-300
-349
-342
-284
-233
-205
-193
-143
-84
-65
-71
-43
-13
-22
-66
-88
-76
-87
-135
-205
-242
-264
-278
-298
-309
-311
-315
-309
-292
-241
-72
205
385
313
150
189
375
431
281
155
248
356
286
98
-12
-34
-103
-189
-150
3
49
-43
-79
47
199
214
134
109
191
289
331
307
224
116
37
11
13
-2
-52
-138
-204
-222
-195
-189
-242
-281
-227
-108
-13
19
3
-37
-53
10
119
143
35
-63
-42
24
-10
-112
-165
-142
-128
-148
-146
-120
-127
-165
-146
-45
31
38
18
86
263
371
368
311
256
239
271
292
222
124
68
73
85
28
-68
-127
-131
-100
-39
19
46
49
79
141
194
188
132
99
101
106
90
18
-66
-133
-168
-196
-268
-333
-365
-333
-277
-243
-225
-200
-169
-143
-119
-92
-45
-23
-62
-96
-81
-67
-117
-196
-249
-233
-205
-229
-294
-320
-314
-321
-301
-203
36
285
326
160
74
220
409
411
269
240
354
388
250
73
-11
-46
-92
-94
-12
61
0
-102
-69
69
164
151
112
122
199
294
329
269
130
33
53
111
93
13
-65
-130
-185
-221
-223
-226
-262
-265
-181
-74
-32
-41
-77
-123
-91
34
146
126
5
-52
-1
24
-52
-112
-88
-53
-88
-142
-130
-107
-136
-196
-169
-42
41
30
-9
45
226
347
346
282
237
233
275
317
251
137
78
80
85
31
-52
-122
-152
-117
-49
9
23
-3
-6
54
150
190
129
64
62
91
107
31
-79
-152
-161
-161
-223
-293
-336
-337
-315
-285
-237
-195
-182
-187
-164
-91
-29
-54
-126
-142
-86
-63
-110
-191
-247
-242
-239
-261
-300
-311
-299
-285
-259
-138
105
294
228
20
15
265
476
419
259
251
341
323
176
56
29
8
-42
-25
70
84
-59
-158
-67
123
235
216
159
133
173
252
297
255
143
73
112
175
146
35
-72
-140
-164
-127
-88
-111
-194
-247
-206
-115
-46
-46
-98
-134
-66
69
128
25
-109
-108
-1
57
7
-40
-32
-45
-123
-168
-133
-86
-120
-174
-138
-29
20
-29
-77
14
216
336
327
263
213
219
280
319
244
144
118
133
118
47
-21
-79
-108
-89
-36
23
38
-16
-56
19
140
167
97
49
58
94
94
26
-59
-111
-137
-173
-211
-236
-265
-296
-312
-282
-223
-197
-211
-247
-233
-135
-49
-70
-147
-168
-121
-81
-93
-166
-223
-231
-220
-218
-232
-248
-282
-284
-227
-70
157
259
117
-77
-9
300
501
408
222
193
268
279
185
106
88
55
8
31
108
69
-97
-166
-37
170
264
199
77
18
78
201
273
228
108
53
87
135
115
26
-55
-113
-116
-71
-42
-97
-218
-269
-215
-109
-12
-7
-102
-178
-109
38
84
-16
-116
-75
39
74
23
-5
-13
-51
-103
-82
14
57
-13
-108
-74
63
132
82
17
34
126
212
245
210
158
149
186
210
175
130
95
98
122
136
129
76
4
-41
-7
68
86
20
-54
-48
14
52
18
-39
-54
-28
-5
-26
-65
-100
-148
-190
-196
-159
-135
-162
-215
-241
-200
-137
-152
-216
-242
-198
-147
-134
-160
-177
-168
-152
-161
-190
-216
-214
-198
-191
-194
-209
-235
-254
-247
-148
83
269
191
-67
-113
152
422
434
260
161
183
208
183
159
164
122
20
-12
64
94
-20
-135
-84
95
221
200
72
-34
-12
116
237
246
146
46
8
34
79
92
53
-49
-125
-102
-59
-84
-169
-219
-194
-117
-46
-21
-102
-219
-218
-73
54
8
-103
-135
-83
-42
-31
12
53
3
-99
-116
-23
35
-37
-136
-123
-19
47
10
-2
56
114
146
184
223
227
237
252
237
203
189
184
161
131
120
111
84
38
-14
-6
46
63
21
-11
6
34
41
36
26
24
24
3
-38
-73
-86
-111
-149
-196
-221
-204
-191
-204
-227
-230
-204
-190
-213
-220
-184
-153
-168
-188
-172
-142
-135
-167
-215
-227
-206
-196
-227
-265
-274
-260
-231
-162
-13
136
117
-75
-158
71
406
482
296
127
141
221
234
211
219
209
105
-7
11
90
61
-36
-43
65
166
142
44
-41
-36
92
232
256
123
-30
-50
32
111
121
77
-5
-94
-137
-105
-68
-93
-146
-162
-141
-111
-102
-144
-212
-205
-77
24
-24
-170
-241
-173
-72
-24
-12
-1
-32
-116
-164
-84
51
93
6
-76
-57
23
61
37
17
45
95
137
144
98
55
79
140
169
162
124
84
67
82
137
167
136
72
26
47
81
78
28
-12
-3
16
11
-28
-66
-75
-50
-29
-37
-59
-95
-138
-159
-146
-105
-84
-123
-174
-180
-135
-100
-134
-185
-187
-157
-155
-172
-187
-179
-169
-170
-167
-168
-173
-190
-188
-160
-150
-179
-220
-236
-222
-178
-75
72
151
44
-143
-113
179
428
392
185
65
116
206
258
284
269
163
11
-33
66
165
121
12
0
69
100
44
-12
-12
40
113
151
130
44
-42
-49
43
158
185
69
-97
-159
-84
18
30
-54
-134
-158
-158
-123
-84
-95
-163
-200
-142
-74
-91
-173
-206
-165
-83
-11
-2
-52
-131
-143
-58
60
92
9
-88
-89
-6
67
93
76
29
-1
34
120
167
133
69
53
81
122
135
113
91
96
122
130
100
52
44
70
98
77
41
6
-13
-23
-18
10
12
-23
-73
-91
-67
-47
-61
-103
-149
-157
-138
-118
-132
-168
-192
-180
-152
-151
-179
-192
-187
-178
-180
-184
-170
-163
-166
-174
-171
-152
-138
-147
-156
-151
-157
-189
-220
-222
-197
-150
-66
42
93
2
-137
-72
217
435
369
158
67
153
283
338
324
264
150
41
46
165
230
139
9
-14
47
72
39
10
12
16
40
82
82
22
-36
-3
98
166
106
-32
-114
-55
56
94
25
-92
-155
-152
-108
-53
-20
-79
-202
-241
-153
-67
-102
-180
-183
-114
-63
-49
-49
-64
-90
-77
-9
67
75
-3
-78
-56
43
114
110
64
17
10
85
159
164
101
57
67
102
146
168
151
98
54
55
107
139
108
53
47
70
78
53
13
3
12
37
50
37
-9
-53
-70
-47
-19
-32
-93
-159
-165
-138
-112
-129
-168
-203
-196
-153
-146
-165
-189
-180
-165
-164
-160
-155
-158
-174
-186
-161
-125
-124
-143
-161
-143
-126
-155
-200
-216
-196
-173
-153
-108
-3
79
-12
-182
-115
218
459
356
106
42
179
304
347
350
327
211
45
17
177
309
207
11
-41
26
67
55
38
27
10
9
36
49
30
22
49
84
91
65
17
-17
1
61
68
-13
-124
-148
-97
-54
-39
-58
-134
-248
-247
-108
2
-55
-178
-211
-150
-87
-56
-33
-16
-31
-64
-59
-12
18
-8
-29
2
35
30
23
22
74
146
165
142
127
143
194
265
267
186
123
121
154
171
161
116
32
-11
30
85
88
31
-20
-19
22
61
71
43
11
-6
1
14
3
-44
-92
-119
-129
-146
-176
-199
-215
-231
-254
-256
-235
-214
-224
-225
-179
-140
-152
-180
-172
-130
-111
-108
-114
-137
-177
-189
-158
-128
-136
-191
-243
-253
-234
-209
-139
-5
64
-42
-198
-106
231
459
351
95
25
183
356
413
391
320
181
33
55
234
330
202
-9
-61
23
77
49
22
29
21
1
7
32
33
13
33
91
110
39
-44
-44
35
93
58
-51
-150
-151
-92
-48
-48
-87
-167
-253
-223
-85
-8
-93
-211
-226
-142
-62
-31
-26
-57
-97
-121
-80
2
50
37
1
-14
7
48
76
90
107
119
119
128
148
165
179
182
154
125
124
146
150
112
91
102
91
64
72
103
107
65
22
27
65
86
70
40
29
33
12
-20
-23
-21
-40
-90
-143
-168
-162
-163
-182
-206
-221
-231
-223
-199
-189
-180
-173
-186
-212
-186
-125
-84
-115
-156
-163
-149
-125
-117
-103
-93
-114
-160
-184
-148
-111
-138
-178
-197
-189
-163
-118
-28
49
32
-78
-78
148
383
364
165
85
197
331
356
310
251
172
99
103
196
232
115
-34
-39
50
65
3
-23
3
7
-18
-7
28
31
6
9
46
69
40
-17
-38
-7
27
-10
-97
-151
-113
-52
-62
-108
-127
-115
-132
-132
-56
-5
-68
-166
-160
-69
-10
-17
-31
-33
-42
-61
-33
16
50
53
26
14
40
101
138
157
160
132
112
139
183
200
190
173
122
53
62
142
176
110
34
27
56
75
86
88
90
70
40
46
100
122
81
27
8
16
13
-9
-41
-74
-103
-124
-144
-155
-154
-159
-174
-191
-205
-204
-176
-149
-150
-158
-138
-118
-127
-126
-98
-72
-83
-107
-112
-120
-117
-120
-120
-102
-103
-119
-128
-117
-93
-94
-115
-132
-138
-131
-104
-39
52
107
34
-83
-14
253
424
297
84
68
230
345
330
244
167
111
80
115
181
179
55
-44
-7
76
71
14
6
17
-4
-24
0
22
10
-4
6
21
-4
-47
-58
-33
-3
-15
-77
-133
-120
-48
-10
-44
-92
-115
-117
-111
-65
13
14
-95
-175
-134
-30
11
-20
-47
-52
-55
-44
-5
47
77
53
6
-14
49
126
149
126
100
87
102
144
162
156
149
133
78
49
94
145
128
63
32
59
84
88
87
92
88
55
27
33
74
84
40
-17
-44
-41
-29
-35
-52
-88
-129
-162
-173
-154
-137
-140
-179
-213
-206
-163
-113
-93
-120
-127
-101
-87
-108
-107
-69
-48
-77
-116
-118
-100
-73
-84
-113
-112
-103
-102
-105
-89
-66
-65
-87
-104
-92
-88
-78
-53
25
114
88
-65
-98
139
403
362
90
-26
131
320
336
233
155
131
113
117
173
204
119
-5
-23
53
80
28
-10
3
-3
-38
-44
-30
-22
-29
-11
5
-22
-55
-54
-8
35
35
-25
-88
-93
-35
28
22
-31
-60
-63
-76
-79
-24
39
-11
-125
-148
-45
35
23
-28
-37
-27
-32
-36
5
55
62
33
-7
0
41
96
133
138
93
48
69
144
201
186
117
61
57
97
148
154
99
41
29
54
80
83
75
40
13
-3
10
33
41
28
2
-32
-44
-24
-12
-15
-47
-83
-119
-131
-114
-98
-87
-108
-149
-163
-148
-116
-97
-103
-115
-124
-121
-114
-103
-85
-80
-84
-94
-91
-82
-76
-72
-75
-74
-92
-100
-85
-47
-38
-57
-75
-84
-77
-77
-75
-72
-62
-46
-5
27
0
-63
-15
175
290
187
25
52
228
315
242
145
127
151
147
132
136
121
71
16
14
42
33
-21
-46
-5
19
-15
-52
-43
-20
14
10
-25
-43
-14
26
34
10
-1
-9
-40
-49
-20
19
9
-30
-41
-40
-49
-44
2
27
-35
-114
-93
2
40
1
-49
-39
-26
-35
-34
-13
6
-20
-27
3
23
21
32
80
96
66
45
75
131
142
122
107
98
76
56
65
105
95
26
-20
-1
39
36
14
-1
-6
-22
-24
-8
15
24
-5
-44
-47
-18
6
-15
-52
-64
-65
-69
-85
-81
-73
-82
-109
-126
-120
-99
-94
-104
-112
-103
-93
-95
-86
-58
-40
-59
-75
-50
-15
-16
-45
-54
-52
-54
-58
-50
-50
-60
-75
-78
-67
-69
-75
-92
-94
-97
-108
-105
-73
-8
47
17
-59
-44
113
243
183
33
9
143
242
208
131
99
102
106
114
132
125
79
47
58
63
33
5
35
82
51
-28
-48
6
43
28
6
2
10
20
27
30
20
28
33
1
-25
-9
38
40
3
-7
1
-12
-29
-4
13
-22
-67
-70
-35
-14
-20
-35
-40
-56
-63
-41
2
15
-13
-35
-27
-2
8
0
-3
-5
-18
-25
-2
29
49
46
34
36
46
83
110
112
84
52
54
82
103
95
64
40
33
35
31
15
14
12
2
-9
-25
-26
-7
5
-18
-39
-46
-43
-38
-42
-47
-59
-80
-95
-87
-64
-57
-83
-109
-114
-92
-78
-81
-81
-74
-65
-81
-97
-81
-53
-51
-62
-79
-90
-81
-64
-54
-58
-54
-47
-42
-54
-61
-42
-47
-67
-72
-70
-93
-124
-109
-54
-4
-8
-45
-45
26
110
122
76
58
100
158
164
135
118
128
143
149
128
89
81
104
130
107
68
50
62
70
67
55
45
50
55
51
48
59
65
61
50
43
38
24
10
9
15
9
-13
-22
-8
6
2
-33
-51
-29
7
1
-47
-74
-39
0
-9
-40
-53
-39
-27
-25
-34
-50
-61
-62
-47
-44
-57
-63
-51
-33
-35
-47
-37
-4
14
12
10
19
36
27
26
53
78
77
50
43
64
78
72
56
56
58
54
42
30
39
47
36
16
12
21
21
5
2
15
6
-22
-39
-39
-26
-27
-44
-69
-93
-88
-65
-61
-79
-96
-97
-95
-89
-84
-78
-76
-86
-90
-87
-72
-64
-66
-74
-76
-81
-87
-97
-107
-104
-91
-89
-103
-114
-103
-90
-84
-83
-73
-62
-62
-72
-70
-60
-56
-54
-50
-32
-8
19
40
56
65
72
86
114
147
158
144
122
136
168
191
176
149
142
143
148
154
146
133
115
105
94
85
83
77
75
67
61
60
45
36
42
50
47
29
8
-4
2
12
3
-12
-21
-26
-23
-22
-14
-20
-32
-32
-30
-37
-45
-54
-53
-45
-46
-44
-40
-44
-53
-60
-70
-52
-26
-25
-45
-54
-38
-18
-13
-14
-2
11
22
27
36
43
51
62
70
69
60
66
83
89
75
72
87
90
78
67
63
57
45
43
42
31
3
-7
17
27
6
-25
-30
-21
-20
-32
-35
-45
-60
-64
-60
-55
-68
-81
-85
-77
-83
-99
-107
-101
-89
-91
-109
-119
-125
-114
-106
-102
-99
-101
-100
-100
-90
-88
-87
-78
-59
-59
-64
-60
-37
-17
-16
-22
-27
-23
-19
-13
-19
-26
-37
-48
-35
-20
-19
-14
-4
19
43
56
66
71
85
110
128
130
109
100
123
154
146
120
99
95
101
104
100
90
67
53
54
52
55
40
28
28
32
37
28
15
16
20
22
13
1
-8
0
15
7
-11
-23
-19
-9
1
-6
-11
-8
-17
-23
-14
2
-4
-23
-29
-20
-10
-15
-28
-25
-18
-16
-26
-36
-16
-8
-13
-25
-25
-2
16
23
24
28
31
20
29
47
48
45
35
33
36
40
49
53
38
24
22
36
42
39
32
32
36
31
25
3
11
32
32
2
-21
-16
6
7
-20
-35
-36
-42
-53
-50
-35
-39
-60
-73
-65
-53
-56
-63
-57
-47
-47
-44
-43
-41
-35
-32
-38
-48
-49
-27
-16
-23
-39
-44
-26
-26
-30
-34
-32
-26
-29
-25
-20
-13
-9
-12
-19
-16
-7
-4
-11
-18
-16
-25
-43
-59
-59
-55
-60
-68
-72
-66
-49
-32
-21
-12
-6
10
28
49
58
58
62
65
81
97
102
91
83
84
97
95
82
79
81
90
93
79
60
64
80
93
91
87
74
64
55
66
78
69
56
40
40
45
43
37
28
21
21
27
26
14
2
-4
2
14
6
-11
-16
-9
-3
-16
-29
-30
-28
-32
-42
-52
-58
-58
-56
-46
-42
-31
-37
-38
-18
9
7
-9
-9
17
39
23
7
11
42
48
31
15
18
37
45
40
38
35
26
23
40
56
54
34
35
50
61
63
51
48
43
39
44
43
28
21
21
26
13
-2
0
5
-2
-18
-20
-13
-19
-35
-41
-40
-41
-44
-45
-43
-46
-53
-57
-58
-58
-53
-55
-61
-64
-68
-72
-68
-57
-54
-55
-60
-70
-70
-54
-43
-43
-51
-55
-55
-48
-36
-38
-42
-42
-44
-41
-39
-37
-37
-36
-38
-36
-31
-23
-13
-3
16
31
47
50
54
71
86
88
91
94
106
103
97
100
108
101
89
88
101
105
93
83
79
78
83
84
89
89
77
68
61
62
66
68
62
52
38
35
39
32
19
8
2
4
1
-3
-10
-15
-22
-20
-22
-28
-26
-27
-27
-42
-52
-48
-42
-43
-48
-51
-53
-47
-39
-35
-33
-35
-24
-12
-1
3
5
18
27
41
51
49
48
59
66
72
66
61
65
71
72
61
53
53
56
61
62
66
65
60
51
35
43
49
49
35
32
33
29
27
22
22
20
11
-2
-2
-8
-10
-22
-35
-30
-31
-32
-42
-45
-46
-51
-55
-57
-62
-74
-76
-72
-73
-80
-90
-89
-81
-85
-81
-80
-70
-66
-66
-55
-43
-38
-37
-25
-20
-11
-14
-10
0
10
6
5
9
10
9
9
17
8
2
6
14
14
1
-11
-9
-4
-3
-14
-11
-2
-6
-11
-13
1
14
24
32
34
36
38
50
64
74
73
68
67
67
76
75
76
76
71
71
75
70
68
63
61
57
53
51
46
44
35
41
41
36
34
35
36
35
28
23
26
30
26
15
16
23
22
18
24
27
30
30
23
25
22
25
24
21
15
15
17
19
19
24
26
29
27
24
34
40
42
38
37
36
39
39
49
51
48
47
41
43
41
43
43
36
38
40
39
38
36
36
33
33
32
29
27
26
19
12
11
15
20
19
11
4
1
8
10
6
-2
-7
-7
-10
-13
-13
-10
-8
-13
-17
-22
-31
-33
-24
-25
-33
-34
-38
-36
-42
-42
-29
-23
-22
-26
-24
-15
-12
-10
-17
-16
-14
-15
-14
-10
-12
-22
-24
-26
-21
-19
-19
-20
-19
-18
-22
-22
-15
-3
-6
-14
-7
-1
4
-3
-3
3
-5
-12
-13
-5
0
2
-6
-9
7
26
32
37
39
41
52
58
67
79
78
78
79
85
85
84
90
88
90
87
82
82
79
76
79
82
70
66
64
72
78
69
66
67
62
60
49
42
43
37
34
25
26
26
19
21
17
2
-2
-2
3
2
-8
-15
-11
-6
-4
-2
-9
-12
-14
-9
-7
-3
-1
0
9
12
10
14
25
36
37
31
33
43
48
51
48
48
49
45
43
44
57
52
38
37
36
41
37
33
35
37
30
18
15
20
19
16
13
10
10
7
8
5
4
-1
-4
-7
-8
-13
-20
-19
-30
-33
-33
-34
-33
-36
-41
-51
-55
-56
-56
-50
-52
-59
-59
-56
-54
-44
-40
-37
-41
-39
-35
-34
-33
-27
-23
-19
-18
-19
-12
-8
-9
-10
-7
-4
-2
0
2
-2
0
5
7
11
16
13
12
10
13
14
14
15
13
16
9
6
3
0
6
9
6
6
3
6
11
15
18
23
27
25
28
44
54
50
44
45
51
51
59
53
52
55
57
60
56
53
45
46
46
48
51
49
51
49
45
43
43
43
39
36
38
31
26
26
27
28
28
21
16
19
23
23
23
28
18
15
12
22
23
25
23
15
17
16
28
25
25
28
27
28
25
28
33
24
23
26
25
26
23
25
22
14
14
13
10
5
-3
-6
-4
-6
-16
-19
-16
-18
-16
-13
-16
-25
-18
-15
-11
-8
-11
-9
-9
-11
-7
-6
-9
-14
-11
-6
-6
-11
-15
-12
-12
-9
-6
-12
-10
-13
-17
-21
-21
-20
-24
-23
-25
-24
-26
-25
-20
-18
-18
-22
-21
-19
-15
-16
-22
-12
-14
-14
-17
-19
-12
-13
-12
-10
-7
-10
-15
-7
-3
-1
-6
-10
-8
-8
-8
-13
-15
-15
-19
-20
-21
-19
-17
-17
-18
-18
-17
-20
-21
-19
-21
-15
-15
-19
-17
-14
-4
3
11
10
15
25
27
33
37
47
52
55
60
66
69
70
71
70
73
77
78
73
63
62
68
66
64
65
62
59
52
53
52
56
57
49
50
51
52
46
43
37
39
41
30
28
31
30
23
17
16
14
11
3
0
1
7
1
-6
-5
0
1
-2
1
-1
2
4
7
7
8
9
11
13
13
12
13
10
10
13
12
10
10
11
13
15
17
11
16
23
19
23
19
19
20
20
23
15
12
10
6
5
7
4
1
-1
3
-1
-3
-6
-9
-3
-7
-16
-20
-12
-20
-26
-28
-27
-26
-26
-22
-23
-24
-27
-30
-25
-17
-21
-23
-20
-16
-22
-29
-27
-28
-26
-24
-27
-25
-27
-31
-29
-24
-24
-24
-25
-20
-17
-10
-9
-8
-8
-7
4
6
11
12
5
3
10
17
18
16
17
19
21
20
25
21
22
16
20
26
21
21
20
27
32
33
29
31
32
33
33
32
34
38
40
33
37
37
35
37
39
33
35
37
34
33
34
33
32
32
33
32
31
28
32
38
33
32
27
24
25
27
18
13
8
11
14
12
7
1
2
1
5
8
10
11
14
10
12
20
25
26
25
26
32
36
31
28
29
30
30
24
26
25
23
21
14
18
17
13
8
8
10
1
0
-3
-8
-7
-9
-15
-21
-15
-21
-30
-32
-33
-31
-31
-35
-38
-35
-31
-34
-32
-33
-27
-26
-29
-30
-27
-26
-31
-33
-33
-32
-34
-37
-35
-31
-36
-33
-31
-24
-22
-22
-15
-11
-15
-10
-7
-4
3
-2
-5
-1
0
2
2
2
3
-2
-10
-5
0
4
6
4
4
7
9
6
8
9
10
9
10
7
12
14
10
7
13
19
18
17
18
18
18
13
13
16
17
17
15
14
13
15
16
18
17
14
20
23
20
20
23
20
19
18
19
22
17
14
14
15
12
10
11
13
12
13
13
17
17
18
10
10
13
11
8
4
9
7
6
3
7
3
6
5
2
6
10
16
14
11
14
18
16
15
10
8
10
7
7
3
0
2
0
-2
-4
6
7
5
2
1
5
2
3
6
5
4
1
7
6
1
3
-5
1
3
-2
-2
-5
-2
-1
1
0
-2
-6
-8
-10
-8
-9
-13
-14
-18
-12
-13
-14
-16
-18
-14
-19
-22
-18
-18
-18
-14
-16
-15
-17
-14
-13
-12
-9
-10
-9
-8
-9
-11
-12
-7
-9
-10
-11
-9
-3
-8
-7
-4
-5
-5
-6
-2
0
3
0
3
2
2
2
5
11
9
11
4
8
7
12
11
7
6
9
14
12
12
11
13
12
13
16
17
16
17
13
16
19
13
12
11
14
10
9
7
8
6
5
2
-2
-1
-3
0
-1
-1
-1
4
4
5
4
5
9
10
13
8
7
7
8
12
13
16
12
11
10
14
10
11
5
4
5
3
2
1
6
1
4
2
3
5
4
0
1
5
7
8
7
9
4
3
8
9
12
13
11
8
11
10
13
10
11
15
16
14
11
9
7
7
7
4
2
3
-1
1
0
3
2
2
5
-1
1
-3
1
-1
-1
5
1
0
0
-2
-3
-1
-5
-4
-3
-5
-4
-14
-14
-15
-15
-17
-20
-22
-25
-27
-25
-28
-30
-21
-25
-25
-22
-26
-23
-20
-20
-18
-24
-21
-21
-24
-21
-20
-18
-18
-22
-23
-18
-18
-17
-11
-7
-7
-5
2
6
8
6
2
1
5
8
8
8
8
5
8
6
4
11
11
8
11
9
11
11
11
7
5
2
0
-1
-1
-3
-4
-4
-8
-10
-7
-9
-12
-12
-11
-12
-13
-11
-12
-8
-13
-18
-18
-19
-20
-23
-21
-20
-16
-18
-20
-20
-20
-18
-15
-11
-11
-8
-10
-8
-6
-3
-1
2
4
2
9
12
12
9
8
7
7
8
10
12
13
12
12
13
19
18
13
16
12
17
13
10
8
15
15
13
11
10
8
5
7
5
8
7
8
7
4
3
1
1
-3
-4
-6
-8
-10
-9
-8
-18
-22
-21
-22
-23
-23
-27
-24
-26
-26
-26
-26
-28
-27
-29
-40
-40
-36
-37
-38
-39
-41
-37
-37
-42
-37
-38
-35
-37
-33
-25
-26
-29
-28
-31
-25
-20
-23
-28
-24
-21
-17
-12
-11
-8
-9
-4
-5
-8
-1
4
1
3
0
0
4
2
-1
2
1
1
-3
0
9
2
-1
-3
-2
-3
0
0
-3
-2
-3
-4
-7
-11
-7
-6
-8
-12
-14
-9
-15
-12
-18
-14
-15
-20
-19
-16
-14
-19
-18
-17
-16
-21
-21
-16
-16
-16
-14
-11
-8
-9
-14
-14
-7
-16
-15
-16
-14
-9
-8
-7
-4
-7
-6
-2
-5
2
-2
-2
-4
-7
-10
-5
-8
-11
-11
-5
-7
-3
0
-6
-2
-2
-3
0
1
3
2
-3
-1
2
3
5
2
0
-2
-3
2
-2
0
-2
-2
-1
-1
0
2
-1
-7
-6
-4
0
0
-1
-4
-7
-4
-5
-3
-3
-2
-6
-9
-12
-10
-10
-5
-6
-8
-11
-13
-10
-12
-8
-6
-9
-12
-14
-12
-11
-8
-11
-11
-15
-15
-19
-19
-17
-23
-22
-25
-22
-24
-18
-18
-20
-15
-17
-15
-10
-11
-13
-12
-15
-12
-13
-10
-9
-7
-8
-9
-5
-6
0
-3
-1
-1
1
4
-1
1
-2
0
-2
4
4
1
5
0
3
0
1
1
-4
-5
-2
0
-5
-5
-7
-2
-1
-2
-3
-5
-7
-6
-5
-4
-4
-9
-8
-5
-9
-10
-11
-10
-8
-12
-14
-12
-13
-9
-8
-8
-9
-7
-4
-6
-8
-8
-1
-1
0
-6
-5
-3
-4
-1
-2
-4
-3
-4
-3
-5
0
-2
-8
-7
-10
-10
-12
-11
-12
-10
-9
-9
-10
-9
-10
-13
-10
-7
-10
-7
-11
-12
-12
-15
-14
-15
-16
-14
-12
-17
-13
-14
-10
-10
-12
-13
-17
-15
-12
-11
-7
-2
-5
-7
-7
0
-2
0
0
7
7
4
5
4
8
6
4
0
-1
3
-1
-1
-4
-1
1
2
0
-3
-1
0
-2
-3
-3
-3
-2
-1
-8
-9
-11
-18
-18
-19
-17
-16
-17
-22
-17
-23
-28
-22
-23
-22
-22
-26
-24
-23
-18
-18
-19
-16
-15
-12
-13
-13
-12
-10
-10
-3
-1
1
-4
-2
2
1
1
2
5
4
1
3
6
5
10
5
4
5
5
8
5
7
9
9
10
7
7
8
6
3
3
1
2
6
4
6
3
7
7
6
7
5
10
3
5
7
7
12
18
16
5
2
2
6
5
6
-2
-6
-4
-9
-11
-15
-13
-16
-15
-13
-14
-11
-15
-16
-15
-12
-13
-13
-12
-14
-17
-17
-9
-15
-14
-14
-16
-14
-14
-13
-7
-7
-8
-2
-2
-2
-2
1
3
1
9
9
12
10
14
14
11
14
15
22
16
12
13
14
15
11
14
10
8
13
10
8
11
8
9
4
-1
1
2
1
-3
-4
-2
-4
-3
-4
-7
-9
-6
-6
-7
-12
-11
-14
-14
-11
-17
-15
-12
-12
-13
-13
-13
-14
-17
-16
-18
-11
-16
-15
-6
-7
-5
-4
-5
-3
-6
-1
1
3
5
4
2
8
7
9
9
9
8
6
7
7
10
4
6
2
-1
2
1
-2
-4
-6
-7
-5
-2
-4
-1
-4
-2
-5
-6
-2
-6
-8
-8
-4
-5
-12
-13
-9
-10
-10
-12
-12
-16
-15
-16
-17
-13
-14
-15
-12
-9
-10
-5
-4
-10
-8
-3
-5
-8
-6
-5
-4
-1
1
-7
-7
-13
-12
-7
-10
-11
-13
-17
-17
-15
-18
-24
-24
-18
-15
-15
-16
-11
-17
-19
-17
-16
-16
-13
-14
-10
-10
-10
-5
-6
-5
-5
0
1
2
1
0
-2
3
1
3
2
-3
2
7
11
12
10
10
12
12
12
12
14
12
12
12
13
11
8
8
10
10
9
6
6
5
3
5
-1
-2
1
-2
1
3
-1
1
5
0
-3
-3
0
0
-1
0
-1
-5
-8
-6
-6
-8
-9
-10
-5
-2
-5
-4
-7
-8
-5
-3
-3
-8
-8
-4
-4
-5
0
-2
0
2
-3
-5
-7
-3
-2
-5
-4
-4
-4
-9
-9
-5
-6
-9
-8
-10
-13
-11
-10
-11
-12
-6
-10
-11
-9
-11
-11
-12
-11
-14
-14
-12
-11
-6
-9
-7
-7
-9
-5
-4
-2
-2
-6
-7
-9
-11
-7
-9
-11
-14
-18
-14
-15
-17
-15
-19
-17
-18
-22
-20
-17
-25
-22
-19
-21
-20
-23
-22
-24
-26
-25
-25
-26
-25
-22
-27
-30
-28
-26
-27
-26
-21
-17
-17
-14
-15
-13
-12
-15
-12
-8
-8
-13
-5
-6
-5
-3
-1
1
-1
8
4
5
9
12
11
11
9
7
8
6
3
4
2
3
5
5
4
2
-1
-2
2
4
-4
-5
-6
-7
-6
-10
-5
-4
0
-4
-9
-9
-9
-8
-11
-10
-14
-17
-12
-11
-15
-16
-20
-15
-13
-13
-13
-16
-12
-10
-14
-15
-10
-11
-17
-17
-13
-12
-15
-12
-13
-17
-16
-13
-12
-14
-15
-13
-11
-10
-10
-10
-2
-4
-9
-8
-10
-9
-10
-9
-9
-12
-13
-14
-12
-15
-15
-15
-17
-15
-16
-14
-15
-14
-15
-16
-19
-13
-11
-11
-11
-15
-16
-15
-14
-20
-15
-18
-20
-19
-18
-20
-21
-22
-21
-21
-21
-22
-22
-23
-23
-23
-28
-27
-25
-25
-21
-22
-20
-19
-22
-22
-24
-21
-20
-20
-16
-18
-20
-16
-15
-12
-14
-20
-18
-14
-12
-9
-8
-14
-11
-9
-11
-11
-10
-10
-4
-9
-12
-9
-10
-9
-10
-10
-12
-8
-8
-8
-10
-9
-9
-9
-5
-5
-10
-10
-9
-11
-8
-10
-6
-12
-11
-9
-11
-9
-10
-7
-12
-11
-10
-6
-7
-13
-15
-8
-8
-4
-2
-5
-7
-10
-10
-7
-9
-8
-6
-6
-6
-6
-9
-3
-4
-9
-9
-6
-3
-5
-6
-6
-7
-4
-5
-9
-6
-1
4
1
1
-2
-3
-3
-4
-1
-4
-1
-4
-3
-5
-8
-9
-12
-11
-12
-8
-10
-9
-10
-13
-12
-16
-17
-15
-13
-15
-16
-21
-21
-24
-24
-21
-26
-29
-26
-24
-25
-26
-32
-31
-31
-30
-29
-31
-27
-22
-29
-26
-25
-21
-21
-23
-19
-18
-19
-13
-11
-11
-13
-11
-10
-14
-16
-19
-17
-13
-9
-12
-19
-15
-16
-13
-10
-13
-13
-12
-18
-14
-11
-14
-13
-16
-14
-19
-19
-17
-21
-16
-22
-22
-19
-21
-20
-22
-22
-23
-18
-21
-21
-20
-20
-20
-20
-20
-19
-23
-20
-14
-16
-15
-13
-12
-9
-5
-10
-9
-8
-11
-9
-5
-4
-3
-3
-7
-6
-8
-6
-7
-9
-10
-11
-10
-8
-13
-11
-13
-9
-6
-9
-9
-12
-10
-12
-12
-10
-11
-10
-14
-14
-12
-14
-11
-14
-11
-10
-9
-6
-8
-4
-1
-2
-4
-4
0
-1
1
-1
-5
-4
-2
-2
-6
-5
-1
-1
-4
-5
-3
-5
-4
-5
-5
-5
-9
-6
-6
-7
-10
-8
-8
-11
-12
-10
-7
-11
-13
-13
-11
-11
-9
-12
-16
-17
-17
-19
-17
-19
-23
-26
-21
-22
-26
-24
-31
-23
-24
-24
-27
-23
-26
-25
-23
-24
-19
-25
-26
-28
-20
-20
-19
-21
-24
-25
-19
-15
-16
-15
-17
-16
-11
-13
-16
-12
-14
-13
-15
-13
-9
-8
-7
-9
-11
-9
-12
-7
-11
-11
-11
-16
-14
-16
-19
-20
-20
-17
-16
-18
-18
-15
-14
-12
-10
-12
-9
-8
-9
-9
-1
-6
0
-1
-4
0
0
-2
-2
2
-1
0
5
8
5
7
4
6
8
3
2
2
0
0
5
5
2
1
7
3
2
4
1
0
1
1
1
3
0
5
4
1
7
7
3
4
8
10
12
10
11
11
13
9
8
11
11
9
12
11
10
8
9
11
11
10
2
2
3
0
1
0
-2
-4
-6
-7
-6
-6
-11
-8
-9
-16
-16
-15
-15
-11
-17
-19
-18
-19
-19
-23
-22
-24
-26
-27
-28
-25
-30
-28
-24
-31
-27
-21
-25
-25
-27
-23
-22
-23
-21
-24
-21
-25
-22
-16
-16
-14
-17
-19
-17
-15
-16
-13
-13
-12
-12
-11
-7
-16
-12
-11
-13
-13
-13
-10
-16
-13
-13
-15
-12
-15
-12
-12
-13
-11
-13
-9
-12
-11
-8
-6
-4
-9
-8
-9
-7
-4
-3
-2
-5
-2
-2
-6
-3
0
-3
-1
-2
-2
2
4
0
-1
-1
1
3
4
4
2
1
-2
4
5
7
8
8
7
10
10
8
7
4
7
7
9
7
4
8
8
5
8
10
6
6
5
8
7
7
12
8
9
13
13
17
16
15
18
20
23
20
18
20
18
20
24
17
16
18
19
21
22
23
20
21
19
16
14
15
8
6
3
2
5
0
5
0
-3
-4
-6
-7
-5
-3
-10
-10
-7
-5
-10
-9
-10
-17
-21
-19
-21
-21
-22
-22
-19
-20
-22
