2
4
4
1
3
1
3
4
3
3
3
-2
-4
1
-1
1
-2
-1
3
1
-2
-2
-2
-1
-4
-3
-1
-1
1
-2
-1
-5
-2
-3
-5
-4
-4
-7
-6
-6
-6
-2
-5
-2
-1
-5
-6
-6
-7
-6
-3
-5
-4
-5
-5
1
-6
-11
-8
-8
-7
-7
-5
-3
-5
-1
0
-1
2
2
3
2
3
3
4
4
4
-1
1
0
-2
-2
-6
-3
0
0
0
0
-2
0
1
-3
1
1
1
9
4
4
1
3
2
1
3
2
3
3
3
3
4
5
8
7
1
-1
2
1
-2
-2
-3
-6
-6
-3
-8
-11
-8
-10
-8
-7
-7
-9
-8
-7
-4
-7
-4
-2
-7
-5
-5
-8
-12
-8
-11
-9
-9
-10
-7
-11
-14
-11
-13
-10
-10
-12
-13
-12
-10
-9
-12
-13
-13
-13
-10
-7
-7
-7
-7
-6
-3
-7
-7
-3
-8
-10
-10
-9
-7
-7
-1
-5
-8
-7
-7
-9
-7
-11
-9
-6
-8
-12
-10
-7
-9
-10
-11
-11
-9
-9
-11
-9
-10
-8
-7
-8
-10
-9
-8
-11
-11
-13
-14
-15
-15
-10
-12
-10
-10
-12
-7
-8
-9
-10
-7
-10
-7
-9
-3
-3
-6
-4
-4
-4
-7
-4
-2
-4
-10
-8
-9
-10
-10
-8
-10
-9
-11
-11
-14
-17
-15
-12
-15
-18
-14
-15
-14
-17
-16
-15
-13
-14
-10
-7
-4
-3
-2
0
-1
-4
-2
-1
-1
2
0
0
-3
-8
-6
-4
-5
0
-5
-6
-5
-4
-6
-3
-2
-3
-4
-2
-5
-7
-8
-10
-11
-13
-12
-14
-13
-12
-16
-17
-15
-15
-17
-18
-17
-16
-19
-19
-17
-20
-20
-22
-20
-20
-20
-19
-19
-17
-17
-18
-14
-13
-13
-12
-9
-10
-8
-9
-7
-6
-9
-9
-12
-9
-12
-10
-9
-7
-7
-7
-8
-7
-7
-7
-12
-13
-12
-13
-13
-17
-14
-15
-11
-13
-13
-12
-12
-10
-11
-15
-21
-24
-22
-20
-22
-20
-18
-20
-17
-20
-15
-19
-18
-15
-18
-12
-19
-20
-16
-17
-18
-14
-14
-12
-17
-13
-14
-13
-10
-10
-8
-14
-11
-9
-8
-9
-9
-8
-13
-11
-9
-14
-10
-6
-8
-9
-5
-7
-5
-1
-7
-8
-6
-7
-9
-8
-9
-11
-9
-8
-8
-11
-13
-13
-12
-15
-14
-11
-11
-15
-11
-7
-9
-9
-9
-5
-9
-6
-12
-12
-10
-13
-12
-14
-12
-16
-13
-13
-16
-19
-20
-17
-21
-22
-20
-20
-20
-21
-20
-21
-23
-20
-21
-22
-22
-24
-20
-24
-22
-26
-25
-26
-24
-24
-29
-26
-28
-29
-33
-27
-29
-28
-28
-29
-31
-27
-27
-21
-24
-23
-23
-23
-22
-21
-22
-16
-13
-17
-14
-17
-18
-16
-17
-15
-15
-18
-15
-15
-19
-20
-22
-21
-22
-20
-18
-18
-18
-23
-21
-21
-16
-13
-14
-11
-18
-18
-18
-15
-15
-20
-20
-14
-17
-19
-18
-22
-20
-23
-19
-17
-19
-22
-20
-16
-19
-20
-16
-14
-15
-13
-12
-15
-21
-15
-12
-14
-14
-14
-13
-12
-12
-12
-12
-10
-8
-11
-11
-14
-13
-9
-13
-12
-13
-11
-6
-6
-4
-3
-5
-3
-1
1
0
-3
-2
-2
-8
-4
-4
-7
-4
-6
-6
-8
-8
-4
-7
-10
-9
-14
-12
-8
-11
-14
-12
-13
-12
-11
-6
-8
-16
-14
-13
-13
-12
-16
-14
-12
-15
-13
-16
-13
-13
-16
-15
-15
-8
-4
-5
-4
-6
-5
-3
-6
-7
-9
-5
-8
-10
-12
-16
-18
-19
-17
-18
-21
-18
-20
-19
-21
-20
-22
-21
-16
-16
-15
-13
-12
-10
-9
-7
-9
-10
-5
-7
-9
-11
-13
-15
-12
-13
-17
-16
-15
-15
-14
-13
-10
-14
-10
-16
-16
-16
-11
-12
-14
-11
-12
-14
-13
-10
-17
-15
-11
-18
-16
-14
-16
-17
-15
-13
-16
-13
-13
-11
-11
-7
-8
-9
-8
-10
-13
-16
-11
-10
-11
-10
-13
-8
-10
-8
-9
-13
-12
-12
-12
-13
-13
-13
-12
-11
-11
-9
-12
-10
-11
-10
-9
-11
-10
-9
-6
-7
-5
-4
-9
-4
-6
-9
-13
-9
-7
-7
-7
-5
-7
-7
-6
-10
-6
-4
-1
-7
-4
-2
-5
-3
-4
-1
-7
-8
-8
-8
-12
-11
-7
-4
-13
-8
-9
-14
-15
-14
-13
-19
-17
-17
-14
-15
-13
-13
-11
-7
-5
-10
-6
-9
-3
-4
-5
-4
-6
-6
-6
-7
-12
-7
-7
-12
-11
-11
-13
-12
-11
-12
-12
-13
-14
-15
-19
-14
-14
-16
-14
-17
-18
-14
-14
-16
-17
-16
-13
-14
-16
-14
-17
-15
-11
-13
-10
-10
-12
-14
-12
-14
-16
-16
-15
-14
-9
-10
-10
-10
-13
-14
-16
-12
-10
-12
-13
-14
-14
-18
-14
-14
-20
-14
-17
-19
-20
-18
-22
-17
-14
-15
-10
-12
-7
-7
-8
-7
-8
-8
-13
-11
-11
-11
-13
-12
-12
-10
-12
-12
-13
-11
-8
-11
-10
-12
-7
-11
-9
-7
-5
-4
-8
-2
-5
-4
-4
-5
-5
-2
-2
-8
-5
-7
-4
-3
-2
-1
-2
1
-4
-4
-1
0
-1
0
4
3
1
5
5
4
2
1
2
5
2
-2
-1
2
-1
3
5
3
1
0
1
-1
1
-5
1
7
1
0
-4
1
1
-5
0
0
-2
2
0
3
2
-1
2
4
7
2
2
-1
-5
-3
2
0
-1
-2
-3
-6
-7
-4
-6
-3
-6
-6
-6
-7
-4
-5
-4
-3
-5
-7
-6
-5
-8
-7
-4
-7
-4
-2
-2
-3
-4
-3
0
0
2
4
1
5
1
6
-2
1
0
0
3
2
2
1
2
-1
3
-1
0
-3
-2
-3
-4
-6
-5
-9
-7
-7
-9
-7
-10
-8
-7
-13
-11
-8
-11
-9
-15
-15
-11
-6
-6
-8
-7
-7
-8
-6
-3
-7
-7
-6
-6
-6
-5
-6
-5
-5
-7
-5
-7
-2
-5
-5
-3
-3
-3
1
-1
-1
3
-2
4
-3
0
4
1
3
2
-5
-6
-5
-6
-3
-1
-2
2
5
2
0
0
2
-3
4
1
-2
1
1
1
1
3
1
1
-6
-9
-2
-7
-2
-3
-7
-5
-5
-7
-3
-3
-3
-2
-1
4
3
4
0
-1
6
3
-1
-2
0
2
2
1
1
-2
0
0
-1
0
-3
-1
0
1
3
0
-5
-3
-4
-2
2
0
-1
-3
0
-4
1
-2
-1
-2
-7
-5
-6
-6
-8
-5
-5
-6
-2
0
-7
-3
-4
-4
-4
-7
-5
-6
-4
-4
-3
-4
-4
-4
-1
0
-2
-2
1
5
2
-1
2
0
-3
1
-4
-4
-1
-2
-6
-3
-7
-9
-9
-7
-8
-7
-10
-10
-11
-16
-12
-13
-11
-13
-13
-10
-8
-8
-10
-6
-7
-6
-4
-4
-4
-7
-2
-4
-6
-5
-7
-7
-4
-7
-7
-6
-5
-7
-8
-7
-6
-6
-5
-4
-5
-7
-6
0
-2
0
5
4
0
-1
-3
-3
-1
-5
-8
-6
-2
0
-4
-1
1
-4
-2
-1
-1
-1
-2
1
1
0
3
7
3
-1
1
-2
-1
-2
2
-3
2
4
-1
3
3
4
2
4
2
2
0
3
-1
1
1
-2
0
-7
-3
-4
-2
-1
-1
-4
-2
1
1
2
5
7
1
9
6
11
4
2
3
3
5
1
3
-1
-1
-6
-6
-7
-10
-5
-1
-5
-4
-6
-1
3
2
-1
0
-2
-3
5
0
-3
-3
-2
-2
-1
0
0
1
-2
2
0
-2
1
3
-3
0
-1
-2
1
1
-1
1
3
0
-1
-6
-3
-4
-3
-4
-4
1
1
2
4
2
5
6
5
8
5
5
1
1
2
-3
-4
-7
-6
-4
-3
-8
-8
-1
4
-1
0
3
-1
1
0
-1
1
-2
-1
0
1
6
1
6
2
3
0
-2
2
3
-1
2
4
-2
1
-2
-5
-5
-3
-9
-9
-6
-8
-6
-10
-7
-6
-8
-9
-8
-11
-9
-4
-3
-7
-9
-3
-9
-9
-7
-8
-9
-6
-6
-6
-3
-4
-5
-6
-3
-3
-4
0
-1
-3
-1
1
-1
3
0
1
-3
-6
-2
-6
-4
-1
-1
2
5
2
3
4
2
5
5
3
2
2
4
3
4
11
9
9
10
5
6
8
9
9
7
5
8
5
2
-1
1
-6
-5
-9
-5
-9
-10
-8
-10
-10
-10
-8
-7
-5
-11
-6
-5
-9
-10
-7
-8
-9
-8
-6
-4
-6
-5
-4
-1
-1
-4
-1
-1
2
1
1
-2
-1
1
-6
-3
-2
-6
-3
-6
-8
-10
-13
-12
-11
-7
-11
-10
-9
-10
-11
-13
-7
-11
-11
-9
-13
-12
-9
-6
-7
0
-3
-2
-1
-1
1
-2
-4
-3
-1
-5
-3
-4
-5
-5
-2
-7
-6
-4
-2
-3
-5
-5
-6
-10
-8
-8
-10
-9
-6
-4
-4
-8
-5
-5
-8
-4
-8
-8
-9
-11
-7
-5
-3
-4
-5
-4
-1
1
1
3
0
-2
3
4
5
3
2
5
5
4
8
6
4
9
8
7
2
6
6
7
3
1
2
-2
-2
0
5
3
3
8
8
8
10
13
11
11
12
8
12
13
17
19
13
13
13
10
12
12
13
10
14
10
6
9
8
5
11
14
7
9
10
13
13
11
10
13
12
10
9
6
9
6
4
7
5
3
7
6
8
4
3
3
2
4
4
5
0
3
1
2
6
3
1
1
4
2
6
0
-3
1
-3
-2
-3
-2
-4
-5
-5
-10
-11
-12
-13
-13
-15
-9
-12
-10
-6
-7
-6
-9
-7
-7
-10
-4
-7
-9
-7
-10
-5
-4
-6
-6
1
0
-1
1
0
2
4
2
3
5
4
0
6
7
6
7
3
3
4
1
1
-2
-5
-1
1
2
0
2
3
3
1
1
3
6
2
3
-1
6
4
3
7
6
5
7
8
6
8
4
6
7
8
6
2
6
5
8
12
8
7
11
8
12
15
12
18
9
12
15
15
15
12
18
15
17
16
17
14
14
14
10
13
14
12
13
13
13
20
14
17
18
15
18
15
20
16
13
13
13
12
16
13
16
12
10
5
2
4
6
7
3
6
2
1
4
4
3
3
3
4
5
6
5
7
4
-1
1
5
-1
-1
-1
-5
-4
-4
-4
-5
-6
-2
-1
0
-2
-1
-1
1
4
4
2
4
2
7
8
5
5
1
7
6
2
4
9
7
3
3
3
7
7
4
8
6
7
8
9
10
7
8
11
12
7
7
7
6
6
5
7
3
3
5
4
5
2
-1
4
0
3
4
4
7
2
5
3
6
6
7
5
6
2
3
7
7
5
0
4
6
8
10
10
11
11
11
9
13
12
15
15
13
16
16
13
14
16
15
15
13
14
21
22
21
21
22
21
21
18
17
21
19
17
22
21
19
16
21
21
22
23
25
23
22
31
25
24
26
30
32
29
30
27
33
33
33
32
28
28
25
24
24
24
28
29
31
29
23
20
18
21
22
25
23
21
19
20
22
21
17
14
15
15
15
19
10
11
12
8
13
11
15
14
11
8
7
7
6
2
1
-2
3
2
-2
3
3
5
5
2
5
6
4
-1
1
2
2
3
4
-2
2
0
0
1
2
3
-3
-1
1
-2
0
4
6
-2
-2
4
-1
1
1
-6
-3
-7
-5
-5
-2
2
-3
1
1
-2
-1
0
-1
3
2
-4
4
0
0
3
5
4
3
4
0
2
7
5
4
7
8
4
4
9
11
10
12
10
15
16
18
15
11
10
10
14
13
10
11
14
10
14
12
15
15
16
16
15
17
15
13
16
17
19
21
18
16
17
15
18
19
23
23
22
29
27
32
32
34
30
31
31
29
31
32
32
33
34
35
35
32
30
31
35
34
32
33
31
29
29
30
28
26
27
24
23
24
22
22
21
15
19
17
9
8
9
9
5
3
4
-1
2
2
1
1
0
-6
-3
1
1
1
-7
-4
-7
-3
-5
-3
-5
-1
4
0
3
6
1
4
3
2
3
-1
2
1
1
3
3
4
2
1
2
0
3
1
2
2
1
0
4
3
4
4
5
10
5
10
8
6
8
8
10
7
4
5
8
7
4
3
8
7
2
8
8
8
7
6
9
9
9
8
7
8
11
14
17
17
18
20
16
21
22
26
26
25
28
35
33
34
33
32
36
33
35
35
33
33
37
35
32
33
32
33
30
30
31
32
32
32
33
30
29
27
27
26
24
29
27
29
28
25
28
25
24
20
21
24
25
28
32
30
31
32
34
29
27
32
30
32
27
25
25
26
25
27
27
26
30
30
27
23
21
16
18
22
17
15
16
17
17
14
14
16
18
16
12
17
16
15
10
9
7
5
4
3
1
2
0
-5
-5
-5
-2
-2
-6
-9
-3
-3
-6
-2
-7
-6
-2
-4
2
0
0
4
4
5
6
-1
1
3
4
3
0
1
-2
-4
-5
-3
-4
-1
-2
-2
0
0
4
3
5
5
8
6
9
9
8
8
4
7
6
4
-3
2
1
2
6
7
4
4
7
6
8
5
4
3
-2
5
0
1
7
2
4
4
6
7
5
5
10
4
9
8
7
4
3
3
1
1
2
1
0
3
2
6
4
5
8
6
5
10
9
14
13
9
14
11
9
12
13
7
9
9
6
11
5
5
3
6
10
6
8
13
12
15
16
15
16
15
20
16
15
16
10
15
15
12
8
8
6
3
2
-2
0
5
4
7
11
3
6
7
3
3
4
5
3
6
4
1
3
6
8
6
4
4
7
5
4
6
0
5
9
4
5
3
4
4
2
6
2
2
6
4
5
4
-1
-1
-5
-5
-7
-7
-6
-6
-5
-11
-11
-18
-17
-21
-25
-22
-23
-21
-24
-22
-18
-20
-23
-20
-18
-19
-22
-28
-26
-24
-19
-17
-13
-8
-10
-13
-15
-18
-23
-20
-20
-18
-15
-15
-16
-15
-13
-12
-12
-11
-13
-18
-15
-15
-11
-9
-12
-10
-13
-17
-17
-20
-17
-21
-23
-19
-22
-21
-20
-21
-19
-22
-17
-13
-19
-17
-18
-20
-14
-11
-17
-14
-14
-16
-9
-15
-12
-9
-7
-9
-13
-9
-11
-8
-7
-5
-7
-3
-2
-4
1
0
5
8
5
6
6
4
2
8
8
4
7
6
8
14
12
12
13
15
16
16
16
18
18
14
16
13
10
8
11
12
10
10
11
11
13
13
13
12
13
16
15
17
19
16
15
14
14
16
10
8
8
10
8
8
4
3
4
3
2
0
2
-3
-3
-5
-8
-8
-8
-9
-10
-7
-8
-11
-11
-12
-12
-14
-14
-15
-14
-16
-11
-12
-17
-20
-19
-19
-19
-22
-19
-22
-21
-23
-24
-21
-21
-25
-26
-23
-23
-27
-28
-26
-25
-25
-22
-21
-18
-22
-18
-16
-19
-17
-18
-19
-26
-25
-26
-25
-22
-23
-26
-27
-28
-26
-24
-29
-31
-29
-28
-29
-30
-29
-29
-28
-27
-29
-32
-28
-29
-37
-34
-31
-36
-38
-33
-31
-33
-29
-28
-27
-25
-22
-23
-21
-20
-22
-21
-19
-16
-21
-19
-15
-16
-13
-10
-11
-4
-8
-6
-5
-3
-3
-5
0
-1
-3
-1
1
3
5
4
3
0
0
6
6
5
5
7
4
7
5
6
6
6
2
3
5
4
3
3
3
3
4
4
6
4
3
3
-2
-4
-2
-5
1
0
-2
-2
-2
-4
-3
-1
-6
-6
-4
-7
-8
-10
-13
-17
-17
-19
-18
-18
-17
-15
-19
-20
-20
-20
-19
-21
-21
-20
-24
-21
-19
-21
-19
-23
-23
-18
-17
-18
-22
-24
-22
-26
-24
-25
-28
-30
-25
-29
-28
-28
-29
-27
-32
-30
-29
-30
-27
-29
-31
-28
-27
-25
-23
-27
-23
-24
-24
-24
-25
-25
-27
-27
-26
-23
-26
-23
-19
-21
-26
-25
-22
-20
-21
-19
-17
-17
-21
-22
-21
-22
-15
-18
-15
-15
-13
-16
-17
-18
-13
-9
-11
-13
-12
-10
-9
-9
-14
-11
-13
-10
-10
-5
-4
-6
-1
-2
1
-1
-1
2
5
5
3
6
12
6
7
9
3
7
11
10
12
14
10
11
12
14
11
13
11
10
14
8
7
7
4
6
7
7
10
13
15
12
16
12
14
12
12
10
4
5
6
8
9
8
6
4
5
4
4
5
-1
0
-3
1
-1
-3
-1
1
2
2
-6
-8
-8
-8
-8
-7
-5
-7
-8
-6
-2
-8
-10
-11
-14
-10
-11
-17
-12
-12
-15
-17
-18
-18
-20
-22
-19
-25
-31
-33
-28
-32
-30
-28
-32
-27
-28
-28
-26
-23
-25
-22
-21
-22
-25
-19
-17
-18
-16
-18
-18
-19
-20
-20
-22
-25
-23
-27
-22
-24
-26
-21
-22
-21
-22
-23
-24
-25
-29
-29
-26
-28
-30
-28
-30
-35
-33
-34
-33
-31
-32
-31
-33
-30
-29
-27
-22
-23
-28
-26
-25
-23
-25
-24
-23
-24
-25
-24
-20
-19
-19
-21
-19
-18
-18
-17
-13
-12
-15
-10
-4
-5
-3
-5
-6
-3
-3
-3
1
3
-1
0
-2
-3
-3
-3
1
-3
3
-1
2
4
2
9
7
8
7
8
6
2
3
4
1
-2
1
1
-1
0
0
-2
-3
-3
-1
-1
-3
-4
2
3
2
-2
0
4
0
0
1
3
4
2
1
2
2
-3
1
-2
-2
1
-3
-2
-5
-3
-4
-4
-7
-5
-3
-9
-14
-10
-14
-13
-14
-15
-16
-21
-18
-24
-22
-22
-26
-27
-24
-26
-28
-24
-22
-23
-27
-22
-25
-25
-24
-24
-25
-23
-25
-25
-21
-22
-25
-24
-23
-18
-21
-24
-21
-19
-21
-26
-23
-19
-25
-22
-22
-18
-21
-25
-23
-24
-25
-26
-25
-24
-25
-23
-27
-26
-19
-23
-21
-24
-25
-23
-26
-31
-28
-32
-30
-27
-31
-27
-30
-25
-23
-24
-20
-21
-23
-18
-21
-21
-17
-19
-20
-18
-16
-17
-16
-15
-21
-25
-19
-13
-17
-11
-13
-10
-2
-3
-2
1
2
4
7
4
0
4
3
4
4
4
7
7
4
8
5
1
4
0
1
-3
-2
-1
-1
-1
-1
2
-3
1
4
1
3
6
8
3
2
3
2
-2
3
3
4
9
5
9
6
1
6
2
2
0
-1
3
4
2
-4
2
-2
-1
3
3
2
1
-1
1
-3
-8
-5
-6
-2
-4
-6
-6
-1
-7
-9
-10
-12
-11
-15
-17
-24
-23
-21
-16
-17
-15
-10
-14
-12
-17
-17
-17
-20
-19
-19
-18
-20
-17
-19
-19
-19
-20
-18
-19
-19
-23
-21
-18
-18
-19
-15
-18
-13
-12
-14
-14
-13
-13
-12
-12
-12
-18
-17
-17
-14
-13
-18
-14
-16
-14
-16
-18
-16
-17
-17
-16
-14
-15
-13
-17
-15
-16
-13
-13
-11
-9
-3
-6
-5
-3
1
4
2
3
3
4
6
2
2
7
5
4
7
7
9
10
9
9
13
13
15
13
10
15
13
12
13
11
10
7
12
10
11
13
11
11
8
8
9
5
6
8
7
8
6
8
7
9
6
9
14
13
11
11
14
17
15
12
12
13
14
16
12
19
15
9
18
19
20
17
13
17
11
12
10
12
11
6
10
4
3
2
0
2
3
2
-1
-2
-6
-11
-14
-14
-20
-20
-24
-16
-13
-14
-14
-14
-12
-17
-16
-14
-18
-19
-17
-16
-14
-19
-15
-15
-21
-17
-19
-19
-18
-17
-22
-24
-22
-23
-24
-21
-18
-18
-14
-16
-14
-14
-14
-12
-12
-12
-14
-13
-15
-14
-14
-10
-9
-10
-9
-9
-11
-9
-9
-11
-7
-8
-13
-12
-12
-13
-13
-16
-15
-17
-19
-15
-15
-14
-12
-14
-13
-13
-14
-9
-10
-7
-3
-6
-4
-2
-1
3
3
5
6
3
2
-1
3
2
1
1
5
1
5
9
11
16
14
15
15
17
19
20
18
14
15
18
14
14
10
15
15
17
16
17
16
18
21
21
21
21
20
18
18
19
22
19
17
17
20
21
19
21
21
27
28
26
28
30
32
31
35
36
37
36
36
35
35
33
33
33
31
30
27
23
20
21
19
19
17
17
13
17
15
15
13
13
14
11
18
15
16
12
11
14
11
13
14
11
12
11
8
8
3
3
5
5
7
4
-1
2
1
0
0
6
2
1
2
5
2
3
4
1
0
4
5
1
4
4
3
1
2
2
6
2
2
5
3
3
1
0
3
3
0
2
4
2
0
2
7
4
0
6
7
8
3
0
1
-1
2
3
2
2
5
4
4
9
11
9
7
13
12
12
12
8
0
-1
4
24
66
91
61
26
47
102
133
133
100
61
53
87
113
101
61
16
-7
6
42
34
-8
-43
-49
-33
-13
-7
-33
-49
-40
-23
-4
3
-11
-21
1
26
25
18
8
8
21
42
37
9
-6
2
19
29
13
-13
-22
-13
-13
-13
-11
-25
-36
-29
-23
-26
-29
-28
-31
-27
-23
-26
-20
-12
-8
-5
-8
-10
-15
-23
-17
-1
-2
-14
-22
-11
11
27
30
24
27
40
61
77
85
81
73
81
90
97
98
84
69
59
59
58
53
37
20
7
10
9
6
5
-7
-10
-4
-4
0
-4
1
15
23
28
30
40
49
60
60
67
73
76
76
77
82
87
85
67
54
58
59
57
47
28
8
4
3
-3
-12
-17
-23
-30
-24
-24
-28
-24
-24
-20
-13
-6
-7
-3
2
9
16
17
13
1
8
15
18
10
3
3
-1
-15
-24
-24
-34
-51
-52
-65
-73
-85
-97
-114
-129
-152
-184
-183
-202
-232
-269
-168
49
118
-125
-272
-26
298
320
195
208
210
137
242
506
537
265
64
125
254
290
230
132
-11
-98
-46
71
62
-95
-183
-138
-84
-71
-67
-109
-148
-96
3
23
-23
-32
-8
44
140
199
125
31
72
185
230
207
185
151
58
26
151
253
123
-73
-70
32
8
-49
-8
-22
-146
-180
-64
7
-40
-93
-72
-33
-10
26
54
61
58
84
120
121
101
112
130
124
119
123
94
50
69
121
89
15
-5
6
-6
-5
22
-10
-85
-110
-57
-19
-42
-64
-80
-82
-86
-61
-25
-46
-94
-97
-68
-72
-102
-91
-71
-99
-149
-148
-127
-148
-193
-197
-187
-222
-267
-293
-286
-218
-33
107
-35
-294
-191
215
402
259
174
181
134
173
426
603
401
103
54
219
340
299
186
60
-48
-67
43
120
1
-163
-182
-100
-68
-81
-112
-168
-163
-73
-8
-41
-76
-67
-40
40
140
124
3
-28
82
184
183
150
135
74
-3
51
209
210
-6
-118
-22
50
1
14
57
-45
-164
-92
60
65
-25
-55
-29
-15
15
60
81
51
21
42
87
89
85
99
94
69
78
100
71
52
98
113
51
11
20
23
9
42
42
-37
-96
-70
-12
-12
-42
-76
-104
-131
-109
-56
-56
-128
-193
-184
-161
-171
-179
-162
-184
-254
-287
-246
-221
-259
-306
-244
-58
91
12
-194
-147
173
404
349
235
207
207
260
444
613
508
214
72
197
378
395
247
71
-51
-81
-3
93
32
-162
-261
-212
-129
-107
-137
-188
-216
-174
-98
-61
-74
-103
-83
10
99
100
48
24
66
154
226
230
178
117
78
118
230
277
136
-41
-43
67
104
67
32
-31
-134
-132
-3
69
-11
-127
-138
-75
-27
-17
-7
-12
-39
-40
21
73
69
50
58
80
101
118
113
98
108
138
131
85
57
55
51
50
46
-1
-72
-102
-68
-33
-70
-139
-170
-165
-156
-149
-135
-159
-242
-260
-199
-176
-223
-243
-215
-232
-291
-289
-246
-265
-317
-266
-32
163
72
-197
-171
221
509
442
278
256
262
302
497
696
591
254
54
185
413
432
247
49
-55
-90
-30
68
33
-161
-299
-248
-132
-107
-165
-231
-233
-167
-91
-61
-74
-101
-98
7
141
159
71
25
91
202
287
287
226
143
89
124
259
328
181
-38
-64
71
127
75
17
-47
-153
-161
-36
35
-54
-159
-165
-107
-72
-69
-55
-55
-63
-42
14
47
29
37
87
119
114
109
113
111
129
170
158
80
32
43
64
64
34
-42
-121
-138
-103
-82
-116
-191
-247
-243
-216
-218
-230
-256
-306
-318
-272
-247
-271
-282
-278
-310
-340
-303
-261
-295
-273
-30
208
79
-247
-150
332
584
410
276
309
291
286
515
750
594
198
12
178
404
399
213
11
-131
-174
-74
54
-10
-232
-340
-267
-169
-133
-157
-210
-236
-174
-84
-48
-50
-64
-41
61
164
167
102
92
160
231
289
313
271
165
96
172
323
323
123
-43
2
121
116
56
27
-34
-163
-176
-12
62
-87
-222
-176
-76
-61
-85
-77
-69
-70
-34
21
52
51
56
93
140
159
150
134
136
183
229
194
84
43
96
123
77
16
-41
-113
-145
-94
-58
-117
-230
-299
-270
-211
-198
-245
-294
-341
-356
-318
-246
-246
-307
-368
-384
-372
-308
-243
-230
-86
141
100
-192
-131
338
626
453
271
321
383
386
495
696
650
299
24
146
418
394
152
-21
-80
-159
-153
-33
-39
-238
-389
-324
-196
-166
-220
-251
-209
-153
-126
-65
-12
-39
-53
83
225
179
85
125
231
275
273
301
298
204
111
161
316
320
105
-54
37
152
90
-5
2
-13
-130
-175
-67
21
-80
-223
-202
-83
-68
-128
-117
-69
-75
-78
-7
48
32
26
73
112
127
135
139
153
176
182
155
123
101
87
83
71
26
-31
-81
-113
-104
-86
-123
-207
-256
-241
-233
-232
-236
-275
-332
-344
-287
-255
-273
-311
-353
-395
-392
-336
-208
18
176
26
-273
-178
360
733
554
261
236
379
484
599
769
698
309
14
185
546
538
174
-104
-121
-108
-90
-9
-18
-262
-486
-403
-173
-112
-270
-356
-280
-179
-151
-108
-46
-66
-93
29
207
211
93
77
203
317
336
313
279
214
142
196
360
379
130
-85
2
208
182
-5
-67
-45
-101
-166
-76
23
-79
-263
-265
-128
-74
-130
-160
-137
-130
-112
-58
-13
3
28
56
70
91
119
148
164
187
205
165
90
61
107
154
115
13
-78
-108
-98
-82
-87
-147
-239
-305
-298
-250
-219
-253
-333
-403
-380
-300
-295
-366
-391
-390
-425
-468
-382
-70
186
82
-286
-299
206
667
612
346
288
385
477
594
778
788
504
176
172
485
615
343
2
-78
-41
-66
-63
-37
-155
-398
-466
-292
-139
-229
-396
-374
-229
-166
-173
-128
-96
-112
-39
136
198
108
80
191
310
359
385
360
279
205
249
407
462
293
60
47
221
261
110
19
24
-31
-133
-109
3
-32
-192
-271
-180
-100
-142
-186
-155
-110
-126
-135
-75
-9
1
5
59
123
123
90
114
202
257
199
108
89
118
123
111
90
25
-82
-133
-100
-74
-108
-191
-254
-271
-285
-287
-261
-236
-289
-373
-373
-319
-339
-386
-390
-401
-474
-442
-121
200
60
-396
-393
220
711
561
235
216
387
497
637
857
827
438
101
246
685
771
358
-33
-73
12
36
70
62
-175
-483
-485
-215
-73
-235
-455
-455
-312
-218
-182
-135
-140
-207
-137
73
168
73
28
128
258
325
362
345
260
211
290
454
491
306
101
116
290
337
194
70
49
11
-61
-32
61
1
-204
-306
-205
-84
-115
-214
-249
-216
-182
-147
-96
-45
-56
-78
-36
51
113
120
116
149
200
199
154
127
147
167
143
79
12
-41
-62
-66
-84
-133
-210
-281
-301
-268
-261
-295
-345
-377
-387
-366
-351
-385
-420
-424
-454
-506
-446
-148
157
105
-302
-422
81
678
687
334
209
349
496
622
846
922
616
184
148
561
824
545
77
-89
-7
28
18
44
-71
-378
-547
-379
-123
-164
-414
-504
-366
-245
-250
-207
-131
-151
-171
-45
113
124
63
97
222
311
344
340
293
243
268
395
490
385
146
74
222
349
277
126
41
-1
-52
-27
90
83
-133
-317
-252
-77
-40
-126
-210
-249
-250
-166
-47
-9
-74
-126
-71
28
90
99
101
115
143
150
161
156
122
100
121
128
51
-59
-104
-74
-55
-106
-190
-245
-284
-316
-291
-233
-246
-354
-434
-388
-302
-304
-367
-394
-381
-431
-496
-455
-203
112
154
-199
-456
-116
529
754
452
185
224
415
583
784
894
691
259
67
384
775
668
190
-104
-77
11
49
88
-12
-331
-550
-416
-126
-100
-354
-521
-438
-291
-227
-171
-123
-198
-265
-112
126
168
48
28
137
234
298
359
364
256
169
289
500
482
211
49
169
312
265
151
121
71
-67
-98
81
183
-37
-310
-266
-38
5
-128
-211
-206
-202
-159
-68
-23
-63
-107
-81
-3
75
111
108
92
105
156
190
161
98
102
143
124
32
-35
-45
-59
-82
-98
-125
-207
-290
-307
-250
-194
-241
-360
-410
-338
-263
-272
-334
-348
-340
-368
-425
-415
-366
-246
9
174
-73
-437
-229
472
790
450
109
195
437
549
668
838
749
293
-23
274
789
756
219
-128
-76
29
74
128
65
-262
-526
-413
-109
-42
-278
-473
-428
-287
-219
-161
-126
-219
-297
-130
111
113
-21
-26
94
178
244
336
336
181
74
241
501
483
190
12
127
273
256
172
109
27
-96
-106
63
175
-17
-294
-260
-27
19
-131
-202
-159
-145
-142
-84
-27
-45
-113
-111
-5
110
92
3
19
122
180
166
119
87
93
135
138
97
49
-27
-103
-67
19
-29
-198
-294
-251
-179
-170
-236
-311
-344
-318
-291
-271
-244
-235
-303
-384
-380
-272
-244
-389
-522
-331
106
260
-145
-532
-259
418
724
449
105
73
262
490
726
846
628
149
-79
295
812
775
241
-158
-120
70
177
205
111
-195
-484
-416
-46
132
-104
-423
-452
-262
-119
-66
-90
-177
-234
-159
-8
78
65
0
-15
83
226
269
191
115
127
222
326
334
202
60
52
172
271
233
81
-59
-96
-17
137
187
-8
-260
-257
-39
76
-15
-137
-195
-201
-144
-40
33
-8
-123
-182
-79
101
143
54
-3
49
118
139
132
138
132
102
67
72
86
19
-61
-48
8
-51
-179
-217
-168
-143
-162
-217
-280
-308
-300
-246
-210
-237
-294
-344
-367
-371
-319
-284
-395
-594
-512
-57
256
-56
-576
-465
238
667
407
35
62
277
381
529
789
762
272
-113
194
803
870
334
-80
-31
145
214
247
228
-42
-365
-323
49
217
-49
-368
-365
-166
-69
-67
-82
-175
-267
-192
7
108
25
-104
-108
17
175
253
198
65
-11
100
305
393
246
40
1
133
257
229
107
13
-20
-8
60
134
77
-118
-183
-37
68
-22
-146
-153
-103
-54
-25
-46
-89
-104
-74
-25
43
79
26
-35
30
144
189
139
52
59
136
178
125
63
52
29
-8
10
24
-42
-140
-172
-124
-92
-134
-231
-281
-228
-196
-224
-260
-283
-299
-313
-305
-294
-326
-412
-526
-568
-426
-120
95
-108
-562
-609
8
629
533
10
-170
106
427
605
716
671
321
-34
121
726
1005
545
-47
-97
201
365
369
346
129
-254
-350
28
369
184
-282
-434
-212
-32
-49
-92
-128
-255
-317
-145
44
-21
-193
-183
-37
40
42
58
54
-16
-16
166
326
201
-69
-82
181
346
211
-5
-37
83
135
97
130
146
-21
-156
-36
145
98
-59
-109
-75
-30
10
21
-27
-70
-51
-10
31
60
28
15
52
76
100
130
95
44
91
190
154
34
26
95
103
61
15
-16
-39
-60
-78
-72
-51
-131
-238
-220
-141
-156
-271
-336
-295
-262
-300
-346
-352
-366
-473
-578
-531
-393
-214
-57
-157
-513
-577
-5
562
426
-54
-171
152
469
577
639
632
393
96
206
755
1022
600
90
64
312
430
454
449
220
-155
-242
86
378
193
-225
-357
-204
-99
-129
-100
-97
-280
-387
-232
-67
-112
-204
-180
-127
-115
-68
7
16
-47
-43
105
209
99
-37
45
238
257
113
48
85
108
92
117
182
139
-43
-138
18
193
97
-111
-152
-63
-4
12
13
-29
-93
-107
-55
26
95
61
-43
-62
49
162
151
73
36
99
178
145
99
133
156
88
34
82
120
41
-52
-60
-37
-57
-138
-196
-178
-177
-257
-339
-298
-226
-274
-380
-391
-316
-311
-419
-465
-397
-405
-545
-595
-290
85
-4
-493
-650
-101
528
509
74
-102
138
402
553
716
789
530
137
184
750
1130
775
159
2
289
523
533
443
218
-134
-285
-10
354
306
-142
-486
-413
-131
5
-62
-209
-349
-399
-313
-152
-44
-83
-226
-293
-190
-13
72
16
-66
-68
38
144
138
60
50
133
178
124
60
76
114
134
126
144
132
10
-55
78
224
124
-87
-113
30
108
61
-22
-64
-50
-33
-22
17
65
22
-66
-24
105
148
96
53
71
122
170
176
130
77
60
82
134
133
20
-99
-120
-73
-55
-87
-158
-276
-322
-266
-221
-234
-303
-367
-380
-355
-325
-322
-333
-383
-468
-469
-390
-401
-529
-524
-228
41
-125
-521
-505
89
545
352
-42
-36
261
468
569
678
657
367
139
355
847
951
460
26
116
428
488
371
283
120
-144
-190
98
335
127
-320
-453
-205
6
-63
-201
-240
-296
-349
-258
-104
-89
-208
-283
-234
-148
-75
-43
-48
-72
-96
-49
55
88
25
-5
62
110
69
30
66
121
106
72
105
122
48
0
92
201
125
-29
-34
74
125
95
44
13
10
37
71
86
79
45
25
60
134
162
122
56
51
126
179
152
68
26
31
33
40
37
-24
-118
-164
-138
-104
-118
-184
-260
-281
-259
-234
-252
-278
-310
-325
-332
-309
-274
-271
-309
-354
-358
-327
-337
-419
-479
-452
-270
-19
-14
-366
-586
-183
448
535
98
-188
24
397
598
633
592
403
145
188
652
996
688
127
2
312
523
487
382
216
-49
-175
56
365
283
-150
-396
-253
-45
-32
-111
-191
-335
-431
-314
-137
-146
-276
-336
-305
-273
-224
-127
-86
-183
-281
-175
30
53
-98
-133
31
136
54
-22
34
116
114
82
148
238
167
37
90
278
313
147
37
89
192
237
189
106
74
100
103
80
111
134
53
-43
-17
92
128
18
-84
-34
69
41
-65
-63
-5
-35
-85
-46
-4
-88
-186
-150
-41
-16
-125
-235
-232
-157
-116
-136
-177
-223
-269
-272
-200
-119
-121
-247
-355
-308
-194
-197
-332
-454
-484
-423
-183
65
-88
-533
-602
-16
534
381
-142
-261
129
520
589
508
458
344
223
367
767
909
519
92
135
488
647
513
292
102
-9
67
278
321
66
-238
-273
-103
-10
-67
-177
-325
-441
-360
-170
-155
-335
-421
-344
-289
-305
-233
-122
-178
-334
-312
-69
68
-55
-186
-75
109
85
-35
28
200
208
62
25
224
367
238
93
193
343
265
151
222
321
240
118
123
197
209
131
30
2
65
63
-21
-55
-20
-29
-94
-131
-88
-18
-32
-125
-153
-64
-14
-85
-115
-43
-19
-118
-149
-44
27
-40
-145
-168
-85
-26
-92
-161
-144
-110
-157
-208
-159
-117
-181
-281
-278
-189
-173
-286
-397
-414
-384
-382
-363
-210
-84
-231
-520
-438
118
481
202
-269
-228
277
641
576
363
291
333
369
464
678
733
444
117
173
500
630
440
176
58
84
180
232
165
24
-100
-148
-128
-83
-88
-154
-236
-300
-289
-235
-244
-307
-296
-215
-234
-357
-346
-159
-71
-190
-277
-159
-21
-47
-106
-19
102
69
-31
24
190
227
101
31
151
289
275
167
157
235
241
210
245
294
223
98
101
213
255
150
13
-39
22
91
75
-24
-100
-123
-108
-54
-21
-58
-125
-151
-132
-77
-23
-9
-77
-139
-105
-31
22
4
-43
-69
-67
-26
-11
-23
-54
-106
-135
-92
-71
-120
-180
-173
-151
-188
-224
-192
-158
-184
-227
-224
-188
-223
-280
-284
-243
-239
-224
-98
-13
-140
-312
-185
191
346
95
-180
-72
310
524
366
110
76
275
427
387
287
253
258
225
199
238
291
245
111
14
43
141
148
42
-71
-94
-43
-12
-42
-114
-164
-138
-101
-143
-208
-199
-122
-98
-162
-237
-200
-76
-19
-106
-190
-116
5
8
-63
-48
38
47
-14
-5
91
127
47
-15
48
150
163
89
43
62
121
158
169
152
85
54
122
187
122
27
28
83
70
11
12
43
33
-12
-19
14
41
25
-20
-17
18
26
-9
-9
17
18
-12
-29
-21
-14
6
-10
-64
-92
-35
-4
-62
-125
-101
-46
-58
-84
-88
-95
-111
-108
-84
-59
-75
-119
-133
-86
-67
-94
-101
-69
-63
-115
-129
-59
-5
-71
-162
-175
-121
-85
-90
-86
-80
-117
-166
-146
-26
52
4
-87
-115
-40
57
121
96
-2
-64
-10
103
147
82
-1
-12
45
95
81
42
27
41
54
50
35
25
27
26
20
19
20
13
1
7
35
34
4
-19
-5
26
29
1
-7
16
9
-19
-22
2
12
-11
-42
-39
-26
-22
-18
-5
-5
-44
-77
-35
35
26
-41
-67
-22
24
18
-9
-13
1
9
-7
-3
7
6
-5
5
18
12
1
2
14
19
29
31
17
4
26
66
67
28
3
28
65
59
19
10
36
36
4
-9
7
20
8
-7
-6
-6
-28
-27
4
22
-12
-47
-45
-15
-3
-12
-25
-29
-26
-39
-54
-39
-16
-26
-67
-96
-89
-63
-58
-73
-90
-110
-122
-119
-86
-76
-107
-152
-162
-129
-110
-108
-107
-116
-128
-117
-83
-58
-59
-77
-75
-52
-32
-32
-43
-35
-18
-18
-32
-25
3
13
1
-6
-3
3
18
33
35
17
13
40
71
81
60
51
61
64
71
89
92
71
50
52
74
82
67
51
47
55
50
28
17
25
24
1
-12
-24
-34
-51
-54
-33
-35
-74
-125
-114
-59
-45
-89
-128
-122
-86
-70
-75
-77
-68
-66
-73
-68
-42
-17
-41
-60
-38
-13
-12
-23
-12
7
12
2
-11
7
45
61
36
10
13
62
98
86
45
29
54
76
73
76
76
48
19
24
52
65
46
19
6
4
1
-3
13
25
2
-47
-50
-12
20
15
-25
-43
-30
-20
-25
-24
-14
-23
-60
-83
-61
-26
-29
-69
-98
-93
-82
-79
-85
-87
-100
-125
-121
-98
-87
-98
-114
-108
-90
-76
-67
-74
-79
-77
-52
-22
-12
-16
-38
-30
9
51
62
24
-7
26
66
71
58
56
68
56
34
47
81
84
32
-5
14
44
43
16
5
-5
-16
-19
-13
-1
-9
-27
-43
-48
-39
-26
-11
-35
-65
-63
-30
-15
-29
-40
-43
-51
-54
-35
-14
-17
-45
-60
-51
-33
-32
-35
-28
-35
-54
-51
-17
5
-14
-47
-38
4
11
-24
-26
0
11
-18
-32
0
25
4
-36
-26
19
35
2
-20
5
24
4
-15
5
34
24
-10
-20
9
29
14
-14
-24
-17
-18
-20
-20
-22
-33
-50
-52
-37
-34
-54
-69
-59
-51
-71
-94
-72
-44
-47
-80
-85
-53
-40
-47
-48
-35
-22
-35
-44
-23
2
6
-11
-12
3
9
2
5
27
37
7
-17
9
48
44
6
-12
5
24
18
4
-1
3
2
-7
-5
2
17
11
-13
-23
-9
10
9
-8
-24
-19
-14
-21
-21
-5
-3
-25
-41
-26
-3
-7
-20
-24
-26
-29
-28
-12
-6
-24
-55
-57
-25
-8
-33
-60
-67
-52
-39
-33
-28
-35
-57
-66
-41
1
6
-29
-50
-45
-14
5
4
-4
-17
-28
-24
-5
15
18
-4
-27
-27
7
31
12
-16
-13
4
-1
-21
-11
15
18
-25
-55
-28
16
13
-25
-47
-37
-19
-22
-33
-32
-37
-49
-55
-48
-42
-45
-51
-44
-35
-48
-52
-31
-13
-30
-49
-38
-17
-13
-16
-10
-7
1
-11
-10
4
11
-2
-4
7
21
8
-8
0
11
11
-4
-5
-6
-12
-26
-14
6
2
-24
-34
-27
-11
-4
-8
-21
-43
-42
-21
5
0
-25
-40
-31
-12
-3
2
2
-8
-21
-17
3
9
6
0
-16
-31
-30
5
13
-21
-46
-39
-9
-14
-36
-32
-6
-8
-40
-43
-10
3
-24
-36
-15
5
-6
-23
-16
9
11
-7
-13
-6
6
-1
-1
-2
-11
-12
4
13
2
-14
-15
-2
-2
0
4
-12
-32
-34
-7
9
-9
-35
-43
-34
-24
-27
-25
-27
-51
-71
-55
-17
-16
-55
-85
-66
-36
-40
-56
-55
-48
-51
-56
-38
-16
-28
-62
-53
-13
5
-21
-40
-18
3
-1
-10
4
11
4
-5
5
16
15
-12
-27
-19
-3
-1
-31
-49
-50
-37
-23
-26
-44
-64
-76
-57
-32
-16
-42
-74
-72
-43
-20
-31
-47
-50
-40
-40
-47
-27
-7
-12
-42
-51
-19
8
-2
-27
-33
-25
-17
-21
-16
-15
-23
-35
-37
-20
-5
-9
-24
-19
-6
-5
-9
-7
2
11
10
4
-5
1
11
18
18
17
3
-6
-3
14
30
10
-23
-35
-9
9
0
-27
-34
-30
-32
-27
-19
-19
-40
-50
-34
-19
-20
-30
-37
-38
-36
-20
-11
-20
-34
-46
-34
-22
-22
-30
-38
-39
-41
-54
-57
-47
-41
-45
-53
-53
-45
-28
-29
-31
-39
-35
-24
-18
-14
-16
-15
-20
-18
-4
5
-10
-29
-27
-13
-11
-21
-32
-27
-28
-32
-42
-42
-34
-37
-41
-51
-54
-53
-54
-54
-45
-46
-59
-67
-62
-48
-40
-47
-55
-57
-56
-51
-41
-35
-36
-43
-50
-40
-36
-30
-34
-47
-52
-49
-37
-31
-41
-42
-41
-42
-45
-44
-31
-24
-30
-41
-35
-17
-5
-13
-23
-14
-6
-6
-6
-7
-4
-4
-10
-20
-21
-14
-8
-15
-32
-37
-27
-22
-32
-36
-35
-36
-43
-46
-34
-24
-23
-32
-41
-38
-29
-16
-8
-27
-43
-35
-16
-9
-27
-30
-23
-20
-26
-29
-8
-5
-21
-37
-39
-14
3
-4
-17
-20
-22
-18
-6
3
-5
-34
-37
-27
-4
-8
-29
-36
-35
-23
-23
-22
-25
-33
-35
-32
-28
-27
-29
-38
-39
-36
-36
-32
-37
-39
-43
-34
-31
-39
-49
-45
-27
-24
-36
-35
-28
-23
-29
-29
-19
-9
-14
-25
-32
-25
-21
-24
-18
-18
-28
-45
-49
-24
-1
-22
-54
-57
-30
-18
-24
-30
-28
-25
-38
-37
-16
-3
-23
-44
-42
-21
-11
-19
-28
-28
-24
-37
-42
-24
-18
-30
-47
-58
-43
-37
-39
-52
-56
-52
-58
-56
-51
-45
-45
-59
-62
-50
-35
-37
-57
-57
-52
-45
-32
-28
-35
-43
-40
-25
-25
-30
-35
-24
-18
-29
-34
-10
10
-4
-29
-32
-2
15
3
-16
-14
-14
-8
-6
5
4
-19
-28
-14
6
0
-15
-31
-38
-32
-26
-23
-23
-33
-45
-45
-34
-24
-28
-41
-38
-31
-22
-17
-15
-14
-10
-14
-14
-11
1
4
4
1
-9
-9
-9
5
9
1
-20
-20
-2
5
-7
-23
-23
-16
-11
-25
-33
-26
-15
-21
-28
-31
-24
-14
-18
-20
-15
-7
-14
-20
-17
-7
4
-13
-18
-15
-4
-7
-10
-5
-6
-8
-16
-12
-8
-10
-10
-14
-22
-34
-36
-19
-14
-29
-39
-42
-35
-29
-29
-29
-30
-34
-35
-26
-17
-23
-26
-18
-18
-20
-17
-11
-9
-14
-19
-19
-8
-12
-17
-15
-11
-13
-17
-20
-14
-11
-23
-35
-30
-12
-10
-28
-41
-43
-34
-29
-32
-39
-43
-45
-49
-36
-36
-39
-39
-51
-40
-32
-26
-24
-35
-34
-26
-15
-11
-9
-10
-14
-17
-13
6
12
1
-9
-8
15
17
4
-1
3
1
-8
-5
1
1
-13
-27
-22
-9
-14
-32
-44
-30
-20
-18
-25
-27
-22
-20
-25
-23
-11
-10
-21
-22
-8
4
7
-2
-7
2
6
6
8
17
14
-1
-3
16
27
15
0
5
7
-1
-7
4
11
-10
-27
-23
-4
0
-17
-22
-22
-20
-27
-22
-11
-11
-19
-28
-20
-18
-6
-7
-3
-5
-14
-8
2
17
7
-7
-11
-5
15
24
12
0
-1
4
5
5
10
12
-12
-29
-16
-1
-3
-19
-36
-38
-22
-11
-13
-22
-36
-43
-39
-25
-12
-23
-45
-44
-24
-12
-24
-34
-36
-24
-15
-17
-15
-9
-18
-18
-10
3
14
-1
-12
-8
4
5
-4
-12
-8
3
-10
-15
-10
-4
-8
-23
-25
-15
-16
-25
-33
-25
-17
-21
-33
-33
-23
-14
-16
-13
-7
-9
-12
-14
-1
11
11
-5
-5
10
10
2
2
1
6
5
-4
0
5
4
-11
-12
-9
-10
-17
-25
-22
-15
-23
-40
-40
-26
-19
-22
-25
-23
-19
-18
-20
-14
-4
-5
-10
-6
4
10
9
13
16
11
9
12
21
23
11
11
15
29
30
25
19
16
13
19
30
24
9
-2
0
4
12
6
-2
-3
-5
-6
-1
0
-2
-8
-18
-15
-5
2
-3
-13
-13
-14
-10
-13
-16
-9
-6
-11
-14
-4
-2
-6
-12
-8
1
3
-2
-6
-3
-4
-6
-2
-1
-7
-16
-12
-3
1
-10
-16
-9
2
2
-5
-5
1
1
4
7
13
14
5
2
14
25
22
11
4
10
17
13
9
9
0
-2
-3
-2
4
1
-6
-16
-10
-3
0
-5
-11
-14
-16
-11
-14
-11
-15
-18
-17
-16
-7
-9
-16
-18
-12
-10
-10
-6
4
8
5
0
0
7
6
-4
-2
4
3
-3
-10
-1
-1
-4
-13
-11
-6
-6
-6
-8
-14
-19
-15
-15
-9
-7
-8
-12
-16
-9
-8
-1
-4
-8
-12
-10
-3
-2
1
-3
-6
-12
-7
-1
-1
-1
-1
7
14
15
7
7
15
21
13
7
10
14
16
6
11
15
12
4
3
6
11
5
-3
-1
2
7
1
-2
4
11
-1
-5
3
13
8
3
7
18
19
8
12
17
14
12
14
23
24
19
21
26
26
14
17
20
18
11
5
14
16
12
5
4
10
10
8
7
15
10
1
1
11
16
10
1
2
12
15
10
11
15
11
6
6
16
14
12
3
6
11
6
3
6
13
6
-5
-6
3
8
0
-11
-11
1
5
-3
-2
-5
-6
-2
0
6
4
0
-1
-1
5
9
7
-4
0
1
-1
0
4
9
0
-9
-8
5
10
-3
-12
-9
1
0
0
-2
3
-1
-4
-4
-4
3
0
-7
-7
1
-2
-9
-10
-5
-7
-10
-13
-6
-3
-9
-10
-10
-5
-2
-2
-5
1
2
2
4
9
8
6
5
4
14
10
7
7
13
17
9
11
11
14
12
9
10
12
14
9
9
13
19
11
12
13
20
25
20
26
24
24
28
30
33
34
30
23
23
30
30
22
20
20
17
21
17
19
18
14
12
14
19
15
8
6
5
-2
0
2
-2
-4
-9
-7
-1
-9
-12
-15
-9
-6
-12
-15
-12
-6
-12
-16
-9
-2
-10
-7
1
10
10
4
9
14
19
14
13
20
23
21
20
24
24
26
23
21
27
32
25
16
17
22
24
18
20
25
14
8
12
16
13
6
0
3
4
-4
-12
-4
40
71
19
-64
-63
2
47
52
31
-42
-103
-42
39
22
-43
-57
14
74
18
-94
-89
3
47
5
-61
-55
-7
21
-9
-31
-18
7
24
5
-23
-27
1
22
4
-25
-5
66
126
108
118
175
163
109
79
69
53
4
-31
-45
-79
-92
-60
-73
-121
-122
-59
9
-14
-103
-137
-71
22
19
-42
-38
8
19
-31
-59
-45
-51
-58
-44
-46
-56
-60
-59
-59
-45
-8
30
-3
-18
6
28
49
63
54
17
40
94
69
32
36
43
41
34
73
66
8
8
44
53
49
57
46
19
21
47
40
34
51
31
13
29
60
32
-13
-1
34
33
8
26
23
-11
-5
28
48
26
-4
-2
37
34
-3
-21
8
26
-1
10
41
29
-5
-2
23
27
19
28
32
-1
-17
4
16
-1
-7
2
0
13
18
6
-12
-9
9
29
35
15
-19
-15
28
38
16
5
17
9
2
12
25
36
25
7
18
39
44
23
16
30
49
43
25
17
5
6
12
21
20
12
6
9
18
16
14
8
-1
-4
6
9
4
-12
-26
-20
-3
22
15
-7
-27
-26
-13
-2
-2
-7
-4
5
9
11
10
9
13
32
37
27
31
33
26
18
29
35
34
20
15
22
24
24
18
6
-6
-2
6
11
3
-10
-3
1
2
4
4
10
3
2
10
19
17
8
13
17
24
35
40
28
20
31
37
27
19
31
35
30
27
26
24
18
22
28
27
18
10
13
16
13
9
16
17
10
1
-4
7
9
-9
-12
0
11
13
3
3
7
15
20
22
21
18
19
21
28
24
22
28
30
28
25
28
26
14
15
20
27
31
37
26
10
11
22
31
31
22
15
9
11
23
21
9
4
11
20
20
15
11
7
2
12
13
10
11
11
8
9
17
17
12
13
24
20
15
11
11
12
12
14
8
7
10
7
10
8
5
4
5
11
12
6
5
7
4
0
-2
1
-2
1
4
-7
-12
-4
9
15
12
5
13
25
30
27
22
19
28
39
29
23
17
22
22
22
23
20
18
14
11
8
7
9
14
10
8
5
4
0
7
5
-1
5
8
10
3
9
15
15
13
11
15
19
12
5
7
12
15
11
5
7
10
14
11
8
9
20
20
18
13
11
19
28
22
9
7
8
9
8
2
4
11
15
19
16
14
17
17
18
23
16
16
22
26
27
21
21
28
31
26
30
29
30
30
28
31
31
30
26
27
25
20
18
15
17
18
16
14
5
-4
-4
6
16
10
2
3
7
5
7
7
8
8
7
6
5
8
7
9
12
13
10
8
16
24
24
23
26
29
34
37
30
25
25
27
24
20
16
17
19
16
15
18
19
23
22
20
18
16
17
21
27
18
11
11
16
24
21
13
6
11
11
3
3
10
10
3
4
7
15
13
8
5
7
12
8
10
4
3
2
0
1
2
6
8
12
2
-2
2
12
16
6
7
12
18
17
16
22
21
20
28
29
25
27
33
35
26
31
38
43
45
37
34
43
48
46
43
41
45
39
34
36
32
29
29
33
30
19
17
16
10
5
2
5
5
-3
-7
-13
-12
-4
-1
-1
-5
-3
-3
6
1
1
7
13
16
12
21
18
13
12
16
20
20
10
10
12
12
15
13
16
11
17
22
19
18
14
10
16
26
21
14
17
21
20
18
19
10
10
14
12
11
13
14
14
19
14
11
14
16
11
8
14
13
10
6
3
1
0
-1
1
0
-9
-7
-4
-9
-8
-17
-13
-6
-4
-4
-10
-2
-3
-1
1
0
0
-1
-4
-9
-8
3
1
0
7
5
9
14
14
12
7
4
9
13
8
9
5
7
15
16
11
9
14
15
12
8
7
12
23
20
10
13
13
17
14
10
9
14
13
10
12
17
22
17
12
12
11
16
12
8
12
7
8
6
8
10
11
11
10
1
-1
0
1
2
-2
0
0
7
6
5
3
0
8
13
9
9
7
4
9
5
5
3
2
1
-2
0
8
5
5
13
8
4
4
5
8
-1
0
3
5
3
-2
-3
-5
-2
-7
-6
-4
-5
-9
-8
-3
3
3
0
-3
-1
3
2
1
-6
-7
-5
-2
-2
-2
-5
-7
-2
-2
2
-2
-2
-2
3
3
-9
-4
-6
-6
-8
-12
-8
-5
-1
-6
0
4
7
6
6
7
5
3
0
4
3
2
0
2
7
4
3
2
8
-1
-3
2
3
4
-1
-4
1
2
-1
1
3
1
-2
0
-4
-9
-9
-7
-11
-4
-7
-11
-9
-6
-5
-6
-1
-2
1
1
0
1
1
6
6
5
4
3
-2
1
0
-1
4
0
-7
-4
7
7
4
1
-3
0
-3
-8
-3
2
4
5
3
5
1
-4
-8
-5
-1
-4
-6
-3
-4
-4
3
2
1
-1
-4
0
1
-10
-13
-11
-4
-2
-7
-14
-12
-11
-13
-15
-22
-21
-22
-19
-20
-19
-21
-23
-15
-11
-12
-11
-6
-10
-5
0
-1
0
2
-6
-5
1
-1
-3
-4
-2
-3
-1
2
-1
0
0
-1
0
7
6
6
5
0
0
4
4
2
-3
-6
-2
-8
-6
-7
-4
-4
-7
-5
-4
-4
-7
-4
1
2
2
-2
-4
-6
-5
-10
-3
-1
1
-2
-7
-5
-6
-6
-6
-3
-3
-5
-2
-6
-3
-5
-4
2
-2
-1
3
-1
-5
-2
-5
-6
-6
-5
-5
-3
-4
-6
-3
-1
-2
-8
-2
-2
0
-4
-5
-1
-2
3
-6
-1
3
-1
2
0
-5
-1
4
-1
-4
-1
-4
-5
-6
-11
-10
-10
-9
-12
-11
-15
-10
-6
-4
-7
-13
-10
-12
-10
-15
-16
-19
-21
-18
-14
-16
-18
-16
-16
-15
-14
-6
-8
-5
-3
-4
1
2
-3
1
-3
-5
-1
-7
-11
-2
8
10
-3
-8
-2
1
14
11
-4
-9
0
5
2
-1
-9
-5
-2
-6
-8
-9
-5
-4
-10
-14
-16
-14
-11
-11
-9
-10
-13
-12
-8
-3
-5
-6
-3
-7
-7
1
3
0
5
4
1
1
4
4
-1
-1
0
5
8
5
11
13
10
10
17
15
16
14
8
10
7
10
11
9
7
8
2
2
5
3
2
5
9
7
10
9
13
13
14
17
12
11
13
13
5
11
10
13
14
11
8
18
18
12
13
14
17
16
15
14
19
16
11
10
8
7
5
3
2
4
7
10
4
5
4
10
12
9
13
13
15
15
14
10
11
10
10
8
8
9
7
10
15
14
1
2
11
15
6
11
12
13
12
9
3
2
8
5
6
7
13
14
12
10
11
13
16
16
15
14
16
16
14
15
11
12
17
16
19
15
12
13
12
8
8
14
17
12
7
12
16
17
19
13
12
9
11
11
12
15
14
13
9
11
11
12
15
14
14
10
8
9
9
11
4
2
7
7
6
6
8
5
7
6
10
7
5
6
5
6
7
7
6
5
7
5
0
10
10
10
10
7
14
11
18
18
16
19
17
21
16
16
20
16
21
20
21
22
21
19
19
26
27
32
26
23
26
30
34
30
26
24
24
26
23
18
22
21
16
13
13
14
20
19
21
21
16
13
14
15
14
18
20
16
12
6
7
5
11
11
13
10
8
8
11
8
13
15
18
18
15
15
13
10
13
13
15
15
13
14
16
19
14
14
15
20
19
18
17
14
19
21
19
16
18
17
21
18
18
19
21
21
15
16
16
21
14
12
11
16
13
9
10
9
9
5
4
5
5
6
11
4
0
-3
-1
0
-1
1
1
5
-4
-4
-4
1
-2
-3
0
-1
0
-3
1
0
-1
0
3
7
4
6
11
4
7
3
7
7
6
4
3
7
8
7
4
7
6
8
5
6
3
-1
1
2
5
0
3
3
5
6
11
10
8
12
11
9
13
11
11
9
7
4
2
4
3
3
2
4
3
7
6
6
10
10
4
7
14
12
13
11
12
18
12
10
14
11
9
8
15
17
17
11
14
22
22
24
19
17
18
17
10
11
15
13
11
5
7
11
10
10
7
11
10
11
11
7
7
6
5
3
4
2
4
1
2
4
4
-1
1
8
4
6
5
9
8
7
7
10
8
10
10
10
15
8
8
7
13
14
12
8
5
9
3
6
5
5
2
1
2
-1
6
1
1
5
2
-1
-1
-4
3
3
1
-2
-2
-2
2
2
-1
-5
-7
-7
-5
-5
-4
-4
-9
-6
-7
-2
-3
-1
-3
-5
-2
2
7
-2
-1
2
2
2
0
-1
2
0
1
0
5
7
1
4
7
7
7
8
4
8
10
6
7
6
6
4
8
5
10
9
7
12
4
10
14
9
9
10
6
6
10
3
6
8
7
3
7
3
2
4
6
8
8
13
12
12
7
7
6
8
11
9
10
9
9
9
5
3
4
5
2
4
6
6
10
8
3
7
7
8
8
6
9
6
3
5
4
3
-1
3
4
1
1
0
-3
-3
-4
-4
-4
-6
-2
-6
-4
4
0
-2
1
-3
-3
0
0
4
6
4
3
4
2
9
2
1
4
5
6
8
5
0
7
6
6
1
1
0
0
-3
-9
-6
-5
-7
-9
-7
-8
-9
-8
-9
-5
-3
-7
-8
-7
-6
0
1
2
1
0
-1
4
8
3
6
8
12
10
7
9
6
8
6
2
2
1
7
4
1
1
5
9
3
3
0
-1
-2
0
-3
-1
0
-1
-2
-3
3
3
1
-1
1
-1
-2
0
0
0
-2
-4
-6
-6
0
-4
-6
-5
-4
-11
-9
-7
-4
0
-3
-5
-5
2
4
1
0
3
1
2
-1
-5
-2
-2
0
0
0
-1
-5
-7
-3
-5
-5
-10
-7
-5
-2
-2
-11
-15
-9
-4
-6
-5
-8
-7
-11
-12
-12
-13
-12
-11
-12
-11
-12
-13
-13
-13
-15
-14
-16
-9
-3
-7
-5
-9
-6
-6
-7
-6
-5
-7
-7
-4
-3
6
0
-5
0
-3
3
-1
4
7
6
5
2
3
7
8
10
6
3
11
7
7
6
3
3
2
2
5
4
4
2
-3
-4
-6
-7
-2
-6
-6
-2
-4
-1
-3
0
-2
-2
1
5
4
5
8
6
6
7
8
3
7
12
9
11
12
8
9
12
11
12
15
11
8
6
10
12
10
9
5
3
0
5
2
-1
0
-2
-3
-3
-5
-2
-2
-8
-4
-2
-2
-2
-2
-3
-1
0
-5
-7
-6
-9
-7
-4
-6
-6
-9
-8
-12
-9
-5
-13
-11
-12
-7
-8
-6
-10
-7
-4
-5
-3
0
2
-2
2
1
3
9
4
5
5
8
6
5
4
4
11
10
5
7
6
8
8
2
5
8
4
5
6
7
7
2
0
0
-3
-1
-4
-2
-4
-1
-6
-6
1
-1
2
0
1
0
0
-1
-2
2
2
1
1
3
4
3
9
10
9
10
12
12
12
14
15
15
14
15
15
13
14
10
8
13
13
13
8
10
12
7
9
4
8
13
9
8
9
15
13
13
13
15
11
11
14
11
14
15
15
10
12
10
9
6
9
10
11
10
9
12
10
11
9
7
7
8
4
2
4
2
1
-1
-2
0
1
1
8
1
-2
2
7
8
7
7
7
5
10
10
3
6
7
7
5
5
5
5
1
2
3
4
2
-3
2
-1
1
-1
-5
-4
-4
-6
-6
-8
-10
-6
-8
-6
-4
-8
-2
-7
-6
0
-1
2
-3
-1
1
-2
1
1
0
0
4
1
7
7
3
5
3
5
-2
-2
0
-3
-1
0
1
2
3
0
0
-1
1
0
-1
-1
-1
0
-3
1
0
1
1
-2
0
-2
-3
-3
-1
-4
-5
-9
-10
-9
-7
-2
-8
-10
-5
-12
-8
-9
-8
-3
-8
-6
-8
-6
-8
-6
-9
-8
-7
-10
-7
-4
-7
-4
-6
-6
0
-3
-1
1
2
2
5
7
4
2
7
5
8
8
7
12
