-24
-24
-21
-26
-22
-25
-22
-19
-21
-17
-15
-15
-12
-13
-12
-10
-7
-7
-6
-2
-3
0
-4
-1
-4
-4
-6
-6
-7
-7
-8
-8
-10
-7
-7
-10
-10
-7
-10
-10
-9
-6
-5
-4
-6
-8
-3
-5
-3
0
-3
-2
-2
1
4
-1
-2
1
1
4
4
-4
3
-1
2
7
3
7
6
5
10
12
11
10
10
10
10
9
10
15
15
12
17
18
17
13
11
13
13
14
12
14
13
10
7
3
6
5
2
4
7
8
0
4
2
-3
3
-3
-5
0
2
0
-3
-3
0
-3
-5
-3
-1
1
0
1
-2
-1
1
1
-3
1
-2
0
6
3
5
6
3
4
6
5
4
5
-3
0
0
-8
2
-4
-4
-5
-12
-6
-10
-7
-9
-11
-8
-10
-10
-11
-15
-17
-14
-18
-20
-18
-22
-20
-17
-22
-19
-21
-20
-21
-19
-14
-17
-16
-16
-16
-16
-14
-15
-11
-13
-14
-9
-10
-11
-9
-8
-10
-9
-3
-6
-4
-4
-5
0
-5
-4
-5
-6
-9
-11
-14
-15
-12
-12
-10
-12
-18
-12
-11
-15
-18
-17
-12
-9
-8
-6
-6
-8
-3
-3
-3
-6
-9
-3
-3
-3
-2
-4
-3
-6
-5
-8
-7
-9
-12
-5
0
-1
-6
-6
-7
-3
-2
-1
-2
2
1
5
8
4
5
4
1
2
6
6
5
4
3
-1
3
3
4
-4
-3
0
-3
-1
0
-2
-7
-4
-3
-2
-3
-8
-6
-5
-5
-7
-4
-4
-5
-8
-5
-3
-5
-2
-8
-5
-4
-7
-7
-7
-7
-9
-9
-8
-9
-13
-11
-9
-8
-10
-10
-9
-7
-10
-12
-12
-12
-6
-9
-16
-13
-16
-17
-15
-16
-16
-18
-21
-22
-19
-20
-19
-18
-17
-14
-18
-16
-11
-16
-12
-12
-12
-12
-14
-14
-13
-17
-16
-15
-15
-18
-14
-13
-16
-11
-18
-14
-9
-11
-11
-9
-10
-8
-10
-7
-9
-13
-11
-14
-13
-16
-15
-14
-13
-13
-14
-18
-16
-21
-19
-18
-18
-22
-18
-18
-17
-15
-18
-16
-16
-14
-14
-12
-11
-16
-11
-15
-16
-11
-12
-7
-6
-9
-3
-6
-5
-2
-9
-1
-1
-7
-4
-3
-3
-6
-6
-7
-6
-6
-4
-5
-5
-6
-4
-2
-2
-4
-5
-3
0
-4
-1
0
-4
-1
0
-1
-2
-4
-2
0
-2
-2
-3
-1
-3
-6
-4
-4
-5
-9
-7
-6
-14
-7
-12
-12
-4
-5
-3
0
-3
-7
-4
-6
-4
-3
-4
-7
-6
-9
-11
-11
-16
-16
-19
-20
-20
-21
-16
-12
-13
-12
-13
-13
-9
-12
-11
-11
-8
-9
-10
-11
-8
-6
-5
-2
-6
-6
-5
-5
-2
-11
-14
-13
-10
-12
-12
-12
-18
-16
-15
-19
-20
-18
-20
-21
-16
-17
-15
-19
-20
-17
-20
-16
-12
-13
-13
-14
-12
-9
-10
-8
-9
-13
-13
-10
-8
-10
-9
-13
-13
-11
-14
-12
-12
-13
-11
-12
-9
-7
-8
-8
-4
-6
-6
-3
-3
-3
-3
-4
-1
-2
-5
-6
-10
-8
-8
-4
-8
-9
-10
-8
-10
-11
-7
-8
-4
-5
-5
-8
-6
-7
-12
-11
-8
-9
-9
-11
-7
-7
-8
-6
-3
-1
-6
-3
-2
-2
-2
-3
-7
-6
-3
-3
-1
-3
3
-2
-1
3
3
6
4
7
7
4
3
3
3
2
-1
1
-1
-5
-5
-3
1
-5
0
1
-3
1
3
-2
-2
-2
-3
-3
-3
2
-7
-6
-12
-17
-15
-11
-10
-14
-15
-13
-14
-10
-10
-17
-18
-17
-17
-18
-22
-20
-22
-22
-22
-22
-18
-21
-19
-17
-15
-17
-18
-17
-16
-17
-17
-15
-15
-15
-15
-14
-15
-16
-13
-13
-13
-14
-10
-9
-12
-10
-11
-13
-9
-7
-5
-7
-7
-8
-11
-10
-8
-10
-10
-10
-10
-13
-10
-12
-14
-12
-13
-14
-14
-13
-16
-13
-13
-16
-10
-12
-12
-11
-10
-12
-11
-12
-9
-9
-9
-10
-10
-14
-16
-14
-11
-8
-10
-4
-9
-8
-9
-10
-10
-10
-10
-10
-10
-6
-2
0
1
0
1
0
1
1
1
-1
-6
-7
-2
-5
-7
-9
-5
-9
-14
-9
-9
-8
-4
-1
2
2
2
6
3
2
2
4
5
5
4
1
0
3
5
6
3
7
3
0
5
2
2
7
2
-2
-1
-4
2
3
0
-2
-5
-7
-5
-7
-6
-9
-12
-12
-9
-12
-18
-12
-13
-14
-12
-10
-9
-10
-12
-8
-9
-11
-12
-13
-15
-11
-12
-12
-12
-15
-13
-15
-14
-13
-9
-5
-9
-8
-13
-8
-10
-7
-7
-9
-4
-2
-2
-2
0
-1
-1
0
-2
-3
3
-4
-5
-3
-4
-4
-5
-4
-6
-9
-9
-9
-8
-5
-8
-8
-11
-7
-4
-6
-4
-2
-6
-7
-10
-6
-8
-10
-10
-10
-4
-5
-6
-3
-2
-6
-6
-3
-5
-9
-5
-8
-8
-5
-7
-8
-9
-12
-7
-12
-14
-9
-17
-16
-11
-15
-13
-14
-13
-10
-8
-5
-8
-4
-5
-3
-4
-5
-7
-6
-4
-9
-6
-4
-5
-11
-12
-12
-6
-7
-9
-9
-11
-7
-5
-9
-7
-12
-12
-11
-13
-12
-11
-9
-10
-7
-13
-10
-9
-8
-11
-11
-9
-8
-8
-8
-8
-11
-11
-15
-15
-11
-11
-16
-13
-11
-12
-13
-17
-13
-14
-15
-12
-14
-18
-17
-15
-16
-12
-12
-11
-7
-6
-6
-8
-1
-6
-9
-8
-8
-11
-11
-13
-15
-17
-17
-17
-17
-19
-26
-25
-21
-20
-18
-15
-15
-11
-11
-12
-11
-9
-6
-6
-6
-5
-3
-2
0
-5
-8
-6
-3
-2
-2
-9
-11
-10
-9
-2
-7
-7
-8
-8
-9
-10
-3
-7
-8
-12
-10
-9
-10
-7
-7
-11
-15
-10
-14
-16
-16
-13
-15
-15
-14
-16
-13
-15
-14
-13
-12
-8
-11
-11
-5
-4
-6
-6
-8
-9
-4
-7
-6
-2
1
0
-4
0
-3
-1
1
2
1
2
2
0
1
0
1
-2
1
2
7
5
3
5
3
5
1
0
2
1
1
0
4
2
-1
-1
-6
-5
-3
-4
-4
-5
-6
-8
-7
-8
-6
-5
-6
-14
-11
-7
-5
-8
-6
-7
-7
-6
-9
-7
-3
-4
-5
-3
-3
-1
-3
2
4
0
-3
4
0
5
4
-2
1
1
1
4
4
3
3
2
8
2
1
-1
3
4
0
3
-1
1
2
-3
-4
1
0
0
-3
-6
-1
-2
0
3
-1
-2
1
-1
1
0
3
1
3
-4
0
4
-1
4
7
7
6
1
7
8
7
7
4
9
4
7
8
8
8
10
12
12
13
14
15
8
8
9
9
11
12
8
8
9
8
13
11
11
11
15
11
15
16
15
15
13
13
16
19
17
19
15
17
17
11
15
15
17
15
13
15
10
8
7
5
7
11
10
8
15
18
19
18
16
16
18
17
15
13
13
12
13
12
8
12
12
13
14
11
7
7
11
9
9
7
5
4
0
3
3
4
3
2
2
4
6
6
7
3
-1
5
9
10
9
7
4
6
8
6
6
5
3
4
1
6
4
5
6
9
8
7
12
6
8
8
1
2
0
2
3
1
3
2
3
2
-5
-9
-3
-3
-4
-3
-6
-8
-8
-9
-9
-5
-5
0
-5
-1
1
-6
-2
-1
1
-2
1
3
3
-1
1
-1
-2
1
1
2
6
3
1
5
4
4
7
6
6
7
8
9
3
7
8
5
7
5
10
11
9
9
14
7
4
9
6
9
5
5
5
2
3
-2
-3
0
4
5
1
3
5
3
-1
-1
3
3
7
4
-1
6
11
12
10
11
11
13
15
13
11
15
13
12
13
11
13
8
11
9
9
11
7
13
9
11
12
8
8
6
7
5
8
5
0
4
5
2
2
1
3
0
-1
0
-1
-2
-1
0
-1
-4
0
-1
1
3
2
4
0
5
7
3
5
4
3
2
4
-1
0
0
2
0
1
7
4
4
6
6
4
6
4
7
3
6
5
6
5
6
5
4
3
0
-1
3
3
1
2
0
0
-7
-3
-4
-3
0
0
-4
-4
1
2
-1
-2
3
1
5
8
8
8
8
10
5
11
8
5
7
6
4
0
9
10
8
8
11
15
13
14
15
15
12
12
14
13
12
13
10
11
11
12
11
8
16
13
16
17
12
12
16
17
16
15
17
21
17
21
20
16
10
9
10
9
8
8
6
6
6
5
10
8
9
11
12
15
13
11
11
10
10
8
8
7
7
9
6
6
9
6
6
7
6
5
4
8
5
7
5
4
6
6
9
6
5
5
5
6
6
3
4
6
2
2
5
3
3
4
3
5
6
5
2
-2
1
0
2
2
2
1
6
3
3
7
8
6
5
5
7
6
6
12
4
3
5
5
6
6
5
3
4
2
3
3
6
5
5
6
6
5
0
5
-1
1
2
1
4
1
-3
-1
2
5
6
7
4
6
10
9
8
12
15
10
12
14
14
15
18
16
14
16
15
18
23
20
20
22
21
21
21
21
22
24
22
29
27
22
26
24
22
21
24
23
20
24
26
23
23
24
25
23
23
25
24
28
26
20
20
18
19
21
17
21
15
14
12
5
7
8
10
15
19
17
20
16
15
14
18
16
15
14
16
17
17
21
19
20
19
18
13
19
16
12
15
15
15
15
13
14
14
13
10
12
12
15
17
16
18
18
16
13
15
16
17
17
15
13
14
17
14
17
16
19
15
16
17
19
16
19
15
15
15
12
14
12
12
9
10
11
7
7
9
9
9
8
4
-1
5
5
4
5
7
8
2
2
0
2
3
4
1
-3
0
-3
1
4
2
3
3
1
2
9
6
10
9
7
11
12
8
7
10
11
11
9
15
16
13
18
21
19
23
25
24
28
28
24
31
27
29
30
29
31
29
32
31
33
27
25
30
33
33
31
30
29
26
28
29
22
18
18
18
15
15
15
19
19
20
21
19
18
24
26
25
26
25
24
26
24
23
26
25
25
21
18
17
13
16
14
12
12
15
18
14
15
17
18
15
18
17
16
20
17
18
16
21
20
18
19
18
19
18
20
18
15
20
17
16
15
15
15
15
18
17
22
18
18
23
23
26
25
24
23
26
27
25
28
27
26
24
24
22
19
18
19
21
18
16
17
17
17
18
17
15
12
14
10
7
12
12
13
16
15
17
17
16
13
18
20
16
19
19
14
15
13
15
16
12
12
14
16
16
16
14
16
18
19
21
22
19
21
24
23
23
22
25
26
26
29
28
24
22
22
23
23
25
22
18
22
18
18
19
16
16
19
16
18
19
16
11
10
14
13
14
12
12
13
16
18
17
14
16
16
21
21
21
20
18
25
23
26
22
22
22
22
24
23
27
24
22
22
25
26
26
25
26
28
29
32
31
29
31
30
31
36
30
27
33
29
25
27
26
28
25
20
22
23
17
18
20
23
22
23
21
19
20
19
17
19
22
20
19
19
21
21
20
21
22
24
23
24
23
26
20
18
22
21
18
24
27
21
18
25
22
18
21
17
19
21
22
22
21
19
19
20
23
22
20
21
19
19
21
19
20
22
19
23
24
25
23
22
25
19
23
20
21
21
22
18
26
21
22
23
23
23
21
24
29
28
28
35
34
35
35
35
35
36
37
35
32
34
37
36
29
33
33
30
31
30
24
29
28
25
27
24
27
29
30
28
31
30
28
24
26
30
26
27
28
26
26
31
28
29
30
27
21
20
24
28
26
24
27
29
28
29
31
33
31
34
36
35
31
30
35
29
31
28
34
34
39
32
36
39
37
40
39
42
40
42
42
41
40
40
36
34
38
39
35
38
31
31
29
27
28
26
27
26
22
21
19
19
19
18
20
21
21
20
17
20
17
19
18
15
18
16
14
12
11
10
11
9
14
6
9
8
5
10
7
10
12
13
14
17
16
16
16
17
16
19
20
17
19
15
12
9
8
10
11
10
10
10
10
9
10
8
5
4
8
4
5
1
-2
-2
-5
0
-1
1
4
6
4
5
7
9
12
8
13
13
14
14
16
17
16
16
15
16
16
15
15
18
12
17
24
21
23
26
29
27
26
30
31
29
33
35
36
37
34
35
30
30
31
33
33
29
34
33
31
34
33
31
31
30
34
34
32
28
29
29
32
32
30
33
28
26
25
25
27
21
22
23
25
22
23
23
21
19
21
19
18
18
16
17
16
15
21
18
14
16
11
5
7
8
2
4
-3
-2
-6
-9
-10
-12
-9
-12
-15
-17
-18
-16
-13
-18
-14
-18
-14
-15
-18
-14
-19
-14
-18
-17
-22
-25
-23
-21
-19
-19
-16
-15
-17
-15
-14
-15
-10
-16
-13
-13
-12
-14
-11
-8
-13
-12
-10
-15
-17
-17
-18
-19
-15
-10
-8
-8
-2
-2
3
11
13
19
23
28
33
34
42
44
48
48
54
60
61
68
69
73
71
70
67
68
67
69
71
70
68
63
66
68
64
58
63
61
56
54
52
47
49
39
36
33
29
33
29
29
23
22
21
22
16
14
13
9
8
6
6
2
1
0
-3
-4
-3
-7
-9
-9
-8
-11
-11
-10
-16
-15
-13
-17
-16
-17
-19
-15
-18
-17
-20
-21
-20
-19
-19
-21
-18
-15
-19
-16
-17
-19
-17
-21
-19
-24
-25
-28
-27
-28
-30
-31
-35
-41
-36
-37
-38
-35
-34
-30
-35
-28
-29
-29
-26
-32
-37
-43
-43
-43
-43
-42
-39
-33
-27
-16
-2
13
13
16
29
40
48
64
66
65
65
69
75
80
78
78
77
75
73
72
66
64
60
59
58
56
49
49
45
44
39
37
41
40
37
32
34
26
19
16
18
17
7
1
0
-1
-3
-9
-12
-16
-16
-14
-15
-18
-14
-18
-18
-15
-13
-11
-15
-15
-10
-15
-14
-9
-5
-2
-4
1
4
1
7
12
14
12
15
17
15
20
26
26
22
24
25
29
29
32
33
30
30
29
24
23
24
21
19
15
16
14
11
7
7
-2
-4
-7
-8
-7
-12
-11
-18
-19
-24
-27
-33
-42
-40
-46
-41
-45
-44
-47
-51
-49
-51
-54
-55
-54
-55
-55
-48
-46
-47
-44
-44
-42
-42
-38
-37
-37
-44
-47
-52
-55
-57
-48
-40
-37
-27
-13
-1
4
13
25
42
54
62
73
72
74
75
73
81
80
81
76
77
75
70
67
61
55
52
53
55
53
47
48
47
44
39
38
35
37
36
30
21
17
12
8
9
7
4
2
4
-2
-4
-3
-8
-9
-9
-6
-10
-12
-16
-16
-15
-13
-12
-10
-10
-9
-8
-8
-10
-14
-8
-4
-4
-3
2
1
1
4
2
2
11
11
11
13
12
13
13
17
23
22
22
23
24
27
24
24
22
18
19
15
12
7
6
5
2
1
-3
-6
-8
-15
-16
-20
-23
-28
-31
-32
-41
-46
-49
-56
-54
-56
-55
-59
-57
-59
-61
-59
-60
-54
-54
-54
-54
-53
-59
-65
-70
-72
-76
-74
-79
-78
-67
-59
-43
-23
-4
5
14
22
39
59
75
85
90
88
87
94
100
102
102
101
97
92
92
87
78
74
73
68
65
67
66
63
58
58
50
43
42
35
37
33
25
16
8
6
3
5
1
-9
-11
-10
-10
-12
-21
-27
-27
-24
-22
-23
-27
-26
-33
-30
-26
-25
-20
-22
-21
-22
-16
-15
-17
-15
-8
-7
-8
-6
0
-3
-4
-5
-7
-1
-1
5
8
6
5
5
4
5
13
13
7
4
8
9
2
4
-3
-8
-9
-12
-14
-17
-19
-25
-27
-27
-25
-30
-34
-39
-41
-43
-46
-50
-52
-56
-59
-62
-71
-77
-79
-76
-78
-82
-80
-82
-84
-88
-89
-86
-86
-80
-75
-80
-77
-78
-83
-88
-93
-97
-101
-98
-87
-73
-62
-45
-22
-14
-4
-3
9
37
65
80
86
87
82
84
94
100
103
106
104
101
104
101
92
81
71
72
72
76
76
70
66
66
61
58
59
62
67
62
56
47
34
25
22
19
18
9
2
0
-6
-11
-19
-35
-39
-31
-26
-25
-31
-34
-36
-32
-26
-23
-29
-31
-25
-21
-21
-19
-16
-27
-20
-7
-3
-9
-5
3
1
1
9
12
7
16
22
21
20
20
22
23
27
31
30
27
32
33
31
29
27
21
19
12
10
1
-2
-1
-7
-15
-23
-25
-33
-33
-37
-42
-51
-53
-57
-62
-67
-70
-78
-88
-96
-98
-98
-106
-112
-116
-115
-117
-115
-111
-116
-122
-108
-108
-112
-107
-107
-113
-120
-128
-139
-148
-146
-144
-125
-110
-87
-56
-34
-40
-44
-24
8
47
81
95
83
77
91
105
112
110
109
110
112
121
120
109
95
84
83
86
98
98
85
84
84
79
69
64
59
62
73
65
54
30
22
22
18
16
4
-3
-7
-1
-5
-20
-39
-45
-35
-34
-33
-42
-51
-59
-54
-42
-46
-52
-48
-33
-25
-23
-18
-25
-26
-16
-2
1
-4
5
4
8
17
19
12
9
18
26
24
28
28
23
32
35
39
38
41
46
46
44
43
44
35
29
30
28
21
14
14
8
-1
-3
-12
-19
-27
-28
-38
-51
-55
-55
-65
-76
-79
-89
-101
-102
-103
-108
-114
-116
-114
-116
-123
-120
-119
-118
-111
-113
-116
-116
-114
-123
-130
-132
-140
-153
-165
-161
-148
-133
-113
-79
-47
-41
-57
-49
-17
24
64
91
89
75
78
98
115
115
111
109
106
117
132
126
101
90
84
80
92
96
85
77
80
82
74
62
63
58
63
67
63
47
28
23
23
13
3
1
-6
-9
-4
-11
-37
-59
-49
-44
-46
-49
-56
-71
-80
-65
-61
-67
-69
-61
-49
-48
-37
-32
-39
-41
-26
-8
-10
-11
0
6
6
18
16
11
21
30
34
36
38
47
48
42
55
54
48
54
58
61
60
66
55
47
51
48
46
35
31
30
19
10
8
-3
-15
-22
-17
-32
-46
-48
-55
-62
-68
-75
-90
-91
-95
-98
-104
-120
-122
-124
-126
-130
-133
-132
-138
-137
-131
-132
-135
-137
-137
-140
-153
-156
-159
-173
-175
-164
-153
-140
-119
-78
-53
-59
-68
-43
-2
38
72
89
71
60
80
100
114
111
105
94
101
118
123
111
84
67
60
68
77
74
60
53
65
61
54
40
33
35
40
48
37
18
5
-1
-3
-8
-16
-23
-32
-25
-14
-30
-53
-65
-56
-54
-60
-59
-74
-89
-93
-75
-77
-80
-73
-64
-58
-55
-40
-43
-49
-37
-19
-12
-14
-8
1
1
4
17
17
13
14
24
29
28
27
30
30
31
39
42
46
44
49
51
50
48
40
38
36
33
30
22
19
11
2
-7
-16
-15
-24
-36
-38
-48
-58
-61
-71
-71
-79
-81
-81
-84
-93
-104
-110
-121
-122
-125
-125
-138
-144
-146
-152
-156
-158
-162
-163
-152
-152
-160
-183
-189
-182
-175
-164
-133
-83
-32
-6
-23
-49
-75
-22
48
84
101
116
136
155
152
117
71
63
123
171
166
121
80
68
85
91
59
21
20
62
106
107
74
25
6
27
53
62
61
54
47
46
36
5
-44
-68
-49
-25
-18
-36
-56
-80
-114
-131
-119
-103
-108
-112
-97
-90
-91
-98
-104
-103
-92
-58
-18
11
26
22
19
18
25
26
26
43
63
64
54
38
11
-19
-17
2
21
30
37
38
43
50
58
54
49
67
84
97
89
81
66
46
36
23
2
-16
-22
-45
-66
-75
-93
-109
-122
-119
-118
-119
-118
-116
-110
-113
-112
-121
-128
-130
-127
-130
-144
-143
-145
-148
-154
-159
-157
-150
-143
-144
-148
-152
-139
-138
-146
-164
-173
-169
-160
-139
-70
52
164
198
137
87
105
161
187
181
208
258
267
200
93
-11
-82
-61
13
37
2
-26
-12
11
4
-17
-20
14
65
123
162
167
135
78
34
28
35
25
14
-14
-44
-59
-71
-128
-214
-237
-178
-110
-89
-80
-64
-61
-78
-76
-52
-31
-19
-1
26
30
2
-41
-77
-84
-75
-70
-74
-77
-68
-39
-12
10
-11
-27
-2
46
82
79
91
114
120
88
56
36
13
11
29
46
41
30
13
-2
-12
-10
0
3
10
26
37
25
1
-22
-45
-55
-53
-52
-65
-85
-100
-115
-130
-151
-164
-173
-164
-142
-121
-121
-136
-140
-146
-147
-139
-137
-121
-105
-102
-124
-154
-169
-163
-153
-153
-153
-158
-153
-153
-174
-186
-196
-195
-181
-165
-147
-123
-34
131
261
238
120
106
190
217
145
125
209
248
176
75
15
-67
-150
-154
-71
8
-25
-53
2
69
70
42
55
105
151
178
227
233
173
79
29
-1
-37
-63
-89
-119
-140
-127
-134
-201
-266
-246
-166
-104
-66
-6
53
52
10
4
51
62
18
4
43
63
8
-79
-116
-118
-126
-155
-151
-111
-73
-32
13
48
44
27
53
116
156
160
173
189
179
145
94
30
-10
-7
12
15
-8
-16
-11
-18
-28
-27
-15
5
39
67
77
68
36
3
-21
-38
-47
-58
-77
-102
-125
-137
-166
-198
-213
-210
-196
-180
-161
-141
-141
-143
-128
-130
-136
-131
-107
-81
-84
-106
-121
-130
-145
-155
-161
-149
-143
-151
-159
-165
-179
-204
-204
-199
-161
-102
32
227
318
260
172
198
232
179
108
153
248
241
149
68
14
-105
-229
-200
-72
-31
-77
-44
81
142
85
41
95
155
168
199
272
285
195
70
3
-20
-74
-137
-173
-168
-143
-132
-162
-221
-233
-196
-140
-100
-27
76
128
112
81
102
100
41
-10
6
52
15
-63
-110
-107
-136
-214
-231
-172
-116
-119
-110
-35
30
11
8
95
241
312
291
302
304
256
175
118
70
26
8
-11
-20
-60
-121
-160
-156
-124
-82
-37
5
87
154
169
154
141
135
108
88
61
46
1
-90
-161
-198
-230
-269
-288
-293
-279
-251
-229
-213
-178
-143
-117
-75
-54
-40
-13
-11
-42
-63
-81
-119
-157
-199
-219
-234
-247
-262
-259
-261
-260
-246
-245
-219
-176
-65
142
331
363
274
254
291
258
165
118
183
244
200
112
44
-46
-188
-249
-175
-74
-50
-41
59
201
222
152
132
176
210
221
262
313
305
194
58
-23
-62
-118
-193
-229
-205
-143
-122
-174
-205
-180
-144
-127
-75
41
148
171
131
143
165
108
0
-43
-8
10
-47
-117
-113
-108
-171
-244
-228
-162
-131
-125
-65
49
96
58
57
148
245
335
354
356
343
281
199
124
60
-30
-44
-17
1
-10
-73
-135
-157
-116
-72
-21
36
109
195
235
232
203
159
101
64
48
32
-14
-84
-161
-219
-254
-299
-338
-337
-311
-260
-197
-172
-152
-112
-86
-60
-33
-13
20
21
-19
-48
-66
-120
-196
-244
-261
-263
-261
-282
-274
-255
-256
-248
-228
-193
-148
-36
192
407
451
335
265
300
288
166
72
132
218
193
97
29
-47
-190
-291
-236
-103
-58
-55
55
226
286
214
159
173
195
185
207
280
282
171
33
-45
-91
-169
-255
-300
-267
-184
-133
-155
-186
-164
-119
-106
-80
20
142
188
159
162
191
144
20
-69
-55
-38
-85
-154
-152
-110
-139
-206
-214
-156
-121
-115
-59
66
138
117
100
170
233
290
354
356
348
297
220
146
67
-16
-79
-50
-35
-21
-39
-87
-108
-109
-68
-24
19
74
158
227
251
236
194
133
62
24
-13
-50
-99
-163
-212
-254
-289
-326
-342
-335
-297
-218
-165
-132
-86
-57
-54
-53
-30
-5
9
-6
-28
-50
-93
-177
-236
-263
-268
-262
-268
-249
-244
-260
-267
-250
-209
-168
-91
80
339
476
393
261
252
296
217
83
80
198
238
143
50
13
-89
-257
-304
-186
-57
-40
-8
145
287
269
172
154
182
171
160
218
289
257
112
-11
-67
-120
-207
-282
-295
-230
-146
-118
-141
-155
-130
-116
-108
-57
71
160
157
132
164
183
97
-30
-87
-59
-54
-107
-150
-130
-100
-130
-181
-173
-121
-99
-76
3
107
153
133
141
189
226
272
348
355
327
282
209
119
54
8
-40
-30
-14
21
12
-30
-71
-70
-17
9
33
96
169
217
247
239
196
133
54
14
-17
-60
-106
-155
-194
-228
-265
-311
-334
-325
-281
-225
-174
-118
-68
-51
-48
-34
-11
-2
-19
-33
-26
-44
-110
-180
-227
-260
-279
-289
-283
-266
-269
-273
-265
-242
-223
-180
-47
211
431
440
316
263
314
287
143
56
137
237
196
89
46
-12
-188
-312
-252
-128
-79
-66
49
240
311
229
169
180
174
151
183
272
295
196
54
-29
-79
-164
-251
-300
-277
-201
-125
-121
-154
-153
-129
-108
-86
-1
111
156
131
133
181
153
29
-80
-92
-67
-93
-156
-172
-134
-128
-169
-199
-168
-126
-113
-67
37
130
138
111
139
199
222
289
349
347
331
258
168
78
30
-26
-59
-35
-3
27
6
-39
-76
-45
-8
14
63
130
210
254
268
242
198
125
38
-6
-52
-91
-141
-181
-214
-257
-291
-328
-324
-302
-268
-217
-149
-91
-52
-48
-53
-18
-7
-5
-9
-24
-31
-64
-106
-172
-216
-247
-262
-261
-248
-229
-233
-236
-232
-193
-146
-111
0
232
458
471
316
253
306
300
167
87
168
267
217
99
52
-4
-157
-298
-259
-108
-22
-10
59
217
298
242
168
160
168
161
193
258
279
198
68
-34
-99
-155
-224
-278
-274
-196
-113
-109
-172
-190
-147
-111
-79
-9
109
167
129
114
157
157
47
-73
-86
-32
-43
-124
-157
-118
-100
-155
-207
-170
-111
-84
-60
29
127
139
101
126
191
290
376
364
335
282
222
125
57
-4
-52
-45
-31
3
0
-37
-105
-108
-41
2
37
71
155
238
279
251
200
151
69
19
-24
-63
-118
-174
-213
-255
-273
-302
-319
-317
-291
-231
-171
-133
-101
-53
-28
-9
-14
5
24
2
-38
-75
-99
-166
-214
-245
-253
-246
-264
-250
-231
-210
-224
-220
-175
-127
-50
109
371
504
405
249
255
328
265
119
94
229
282
194
79
33
-58
-226
-281
-154
3
14
5
127
281
294
188
134
157
183
191
244
298
261
132
-2
-56
-94
-156
-232
-265
-219
-131
-91
-153
-216
-200
-132
-90
-65
31
133
141
84
86
131
93
-36
-105
-58
-18
-65
-142
-158
-131
-144
-208
-217
-155
-99
-81
-40
60
121
92
77
119
209
342
384
355
295
245
184
97
34
-36
-34
-20
5
26
7
-66
-130
-99
-33
37
62
107
181
245
262
210
161
87
33
-9
-45
-78
-137
-189
-247
-272
-286
-304
-316
-319
-260
-184
-139
-119
-86
-57
-45
-39
-25
12
-7
-58
-86
-76
-100
-181
-242
-259
-240
-229
-238
-248
-240
-234
-218
-181
-144
-79
120
383
496
371
238
268
329
271
135
150
265
289
178
78
39
-83
-232
-263
-119
8
-1
2
128
266
252
166
145
193
217
232
282
332
286
141
15
-36
-44
-84
-161
-223
-200
-114
-98
-172
-232
-202
-130
-94
-34
79
163
123
69
121
175
122
-3
-41
23
46
-29
-106
-101
-96
-150
-200
-178
-116
-97
-99
-38
73
100
58
71
139
254
365
395
355
285
248
180
116
21
-38
-10
11
8
-10
-29
-103
-156
-130
-46
37
68
94
149
236
232
169
110
67
53
16
-28
-89
-139
-206
-276
-308
-314
-318
-326
-310
-249
-176
-152
-149
-131
-101
-65
-61
-38
-9
-10
-34
-75
-89
-146
-202
-241
-247
-220
-222
-235
-245
-232
-232
-228
-204
-155
-81
59
299
455
374
184
149
259
292
169
106
210
295
222
72
-2
-69
-194
-262
-143
32
58
1
34
163
204
130
89
138
208
230
262
301
252
111
-20
-55
-29
-31
-89
-168
-167
-111
-91
-160
-238
-221
-140
-72
-23
71
158
126
40
44
130
146
56
-9
33
89
45
-49
-95
-96
-114
-145
-132
-73
-53
-74
-57
27
77
66
62
177
345
415
406
338
276
227
205
139
71
63
63
64
23
-14
-71
-120
-133
-91
12
80
104
111
158
187
181
147
98
93
70
50
2
-78
-163
-250
-289
-289
-278
-280
-287
-266
-213
-170
-174
-178
-144
-76
-38
-24
-10
-16
-41
-85
-101
-117
-138
-186
-230
-214
-201
-216
-259
-278
-277
-243
-208
-200
-145
-13
229
419
396
218
151
249
309
260
201
240
288
242
119
37
-32
-165
-265
-186
3
69
-11
-56
36
129
112
76
120
195
229
242
280
275
163
-13
-102
-59
10
-10
-131
-206
-178
-128
-176
-270
-275
-189
-118
-76
11
122
109
-16
-50
90
190
105
-3
22
97
72
-34
-90
-81
-101
-144
-130
-55
-36
-110
-150
-71
35
57
40
91
270
391
416
356
273
231
219
230
175
131
103
92
72
11
-50
-107
-121
-105
-36
57
102
99
86
122
154
169
146
124
124
107
70
0
-84
-181
-249
-263
-245
-231
-249
-256
-241
-202
-173
-166
-152
-129
-86
-38
29
45
-12
-100
-114
-79
-81
-125
-205
-229
-212
-188
-200
-216
-232
-273
-272
-243
-203
-156
-51
162
380
405
202
74
143
277
279
211
245
308
283
123
8
-40
-126
-232
-197
-8
97
29
-70
-50
33
50
51
113
194
214
214
246
254
159
-22
-113
-62
28
37
-69
-185
-211
-178
-195
-262
-276
-201
-135
-105
-47
44
59
-70
-126
8
168
174
61
3
25
41
-11
-65
-74
-81
-98
-95
-51
-41
-100
-166
-152
-51
44
69
102
227
323
342
297
243
206
227
246
208
179
142
103
44
-18
-61
-81
-75
-72
-30
30
58
58
54
76
111
146
156
146
126
89
52
-15
-86
-153
-198
-221
-222
-212
-235
-262
-258
-225
-194
-176
-150
-98
-71
-57
-16
8
-23
-77
-81
-54
-46
-90
-163
-184
-176
-178
-186
-170
-178
-211
-251
-249
-189
-130
-44
154
373
396
207
76
160
326
344
266
268
336
303
136
23
-4
-56
-153
-156
-16
86
17
-103
-100
-18
37
64
134
204
196
160
175
211
156
40
-30
-8
63
65
-43
-189
-246
-209
-180
-198
-214
-177
-141
-156
-128
-26
17
-72
-124
-13
144
171
62
-26
-28
5
6
-1
9
-17
-68
-102
-88
-57
-82
-143
-145
-73
26
66
97
177
233
257
239
223
207
227
235
186
150
140
127
53
-30
-59
-49
-38
-55
-56
-31
0
8
8
30
51
77
83
91
92
65
18
-42
-83
-125
-161
-187
-202
-200
-220
-252
-248
-219
-205
-203
-179
-136
-119
-102
-52
-1
-7
-79
-130
-107
-40
-43
-117
-169
-179
-166
-147
-141
-162
-201
-239
-244
-195
-131
-23
148
317
299
120
43
172
349
363
299
297
335
281
142
72
79
49
-37
-45
42
73
-19
-106
-66
15
51
83
152
187
147
104
131
186
179
114
60
66
98
86
-14
-143
-184
-134
-98
-125
-157
-143
-150
-196
-177
-60
3
-74
-128
-25
108
106
14
-36
-6
29
41
56
59
18
-58
-98
-64
-27
-37
-93
-124
-88
-31
4
68
157
182
183
167
162
177
225
236
181
136
143
153
91
12
-20
-10
-5
-19
-31
-25
-9
-12
-12
21
42
42
29
27
36
45
25
-57
-117
-150
-158
-156
-169
-185
-206
-219
-218
-201
-191
-201
-187
-166
-159
-131
-81
-53
-75
-125
-128
-70
-46
-87
-153
-182
-163
-124
-103
-109
-120
-165
-212
-213
-170
-128
-102
-2
198
330
214
-13
-17
226
406
376
280
263
256
168
102
154
209
110
-29
-46
35
50
-30
-70
-30
14
49
99
122
64
6
50
165
217
155
67
18
31
64
80
29
-69
-123
-104
-78
-92
-108
-115
-154
-172
-97
0
-24
-133
-139
-17
82
60
-16
-33
1
33
50
68
74
28
-60
-83
-11
65
77
49
21
17
45
79
127
143
135
133
139
134
117
95
74
72
103
137
116
55
23
44
80
101
91
66
47
37
40
50
45
24
-4
-24
-30
-37
-58
-100
-146
-171
-157
-136
-145
-168
-183
-172
-133
-105
-107
-134
-158
-149
-120
-94
-88
-89
-119
-157
-165
-148
-117
-124
-162
-175
-146
-98
-97
-127
-147
-126
-88
-91
-114
-127
-109
-88
-78
-54
32
146
193
84
-44
26
239
362
307
196
162
174
159
153
190
183
69
-37
-9
69
63
-20
-50
17
67
46
10
0
5
27
84
153
147
74
-14
-42
10
102
149
68
-54
-97
-49
-26
-55
-66
-46
-56
-103
-92
-39
-57
-117
-94
27
99
45
-32
-41
-6
42
79
104
99
39
-20
-5
91
167
141
72
40
59
102
151
163
118
83
104
112
80
56
83
112
99
69
59
73
76
62
74
117
141
105
50
33
64
87
69
29
8
-7
-39
-71
-92
-96
-118
-147
-151
-135
-123
-126
-144
-148
-124
-109
-114
-148
-160
-128
-84
-71
-102
-138
-141
-128
-120
-121
-124
-131
-131
-114
-107
-120
-139
-131
-113
-96
-102
-128
-153
-154
-139
-110
-84
-59
52
172
119
-66
-69
193
401
346
181
130
187
209
197
226
245
138
-11
-28
61
90
24
-19
3
3
-25
-21
9
8
-4
44
114
105
30
-23
0
73
137
145
73
-32
-66
-5
48
38
0
-39
-87
-132
-97
-8
-9
-109
-143
-33
59
18
-85
-91
6
75
66
43
61
63
42
43
110
150
85
-8
-10
69
102
79
76
109
111
96
96
121
170
203
199
152
114
117
137
149
149
133
89
52
43
51
66
72
70
49
18
10
27
28
-3
-36
-57
-57
-66
-72
-79
-80
-88
-109
-127
-162
-172
-155
-141
-131
-122
-120
-136
-156
-150
-103
-76
-91
-123
-119
-91
-87
-112
-127
-124
-99
-87
-99
-114
-123
-126
-134
-135
-136
-138
-130
-62
78
157
43
-115
-38
248
409
299
135
115
175
217
246
287
258
108
-25
8
138
163
64
-13
-14
4
5
19
20
-9
-25
20
76
67
-7
-35
21
92
130
95
5
-56
-15
79
96
26
-42
-76
-96
-94
-28
31
-34
-154
-158
-30
39
-30
-108
-81
3
45
28
14
32
47
44
56
102
116
79
55
100
155
150
104
74
93
128
152
150
127
100
98
110
119
137
128
93
82
119
153
136
98
82
93
115
129
123
89
53
41
53
53
4
-43
-50
-34
-33
-33
-39
-67
-107
-117
-98
-88
-94
-111
-110
-103
-92
-88
-99
-115
-116
-85
-65
-73
-97
-100
-86
-70
-69
-75
-68
-64
-77
-89
-62
-35
-42
-86
-106
-97
-75
-71
-89
-112
-129
-121
-37
99
135
-3
-102
50
295
349
211
102
136
218
254
269
262
178
48
17
108
175
111
-7
-50
-37
-29
-24
-10
-10
-51
-56
-1
38
24
-10
-3
45
109
132
74
-14
-28
40
78
25
-59
-82
-71
-78
-62
-12
-15
-119
-188
-105
28
34
-67
-116
-64
5
26
21
24
36
20
17
59
93
61
-18
-35
11
42
23
24
37
82
131
119
74
75
160
220
210
162
122
117
126
145
163
145
80
31
37
85
94
61
15
-15
-5
20
37
37
32
22
6
-9
-15
-8
-10
-42
-65
-74
-84
-101
-129
-126
-120
-125
-131
-136
-138
-125
-95
-56
-36
-70
-105
-90
-27
6
-24
-74
-88
-62
-43
-49
-61
-70
-93
-122
-131
-102
-85
-118
-150
-103
34
120
47
-71
-29
195
356
302
167
135
209
268
297
310
262
137
43
97
204
205
85
-25
-33
-3
10
14
13
-11
-30
-14
32
51
45
58
85
97
90
76
47
1
23
84
68
-27
-92
-67
-21
-24
-37
-40
-71
-128
-111
1
46
-37
-120
-96
-11
23
5
0
20
21
-15
-28
12
50
36
2
-1
12
27
53
81
76
55
76
118
122
106
103
120
114
76
67
77
88
85
70
55
53
39
29
26
41
55
33
11
8
38
53
35
16
11
15
-2
-12
-4
-2
-26
-71
-107
-96
-72
-77
-107
-142
-133
-105
-84
-85
-91
-80
-64
-58
-48
-44
-44
-34
-20
-11
-17
-23
-30
-34
-34
-37
-31
-44
-91
-128
-102
-47
-57
-110
-144
-136
-122
-91
4
118
115
-25
-65
139
375
371
177
72
157
279
312
277
221
142
73
83
132
141
77
18
8
16
29
36
58
59
49
57
72
51
20
41
105
123
77
31
-1
-7
22
69
65
-9
-64
-35
12
8
-4
12
-7
-78
-93
-2
72
12
-94
-100
-24
1
-40
-60
-31
-16
-44
-69
-44
3
6
-16
-9
25
41
48
89
112
92
75
92
109
108
118
132
104
56
40
61
80
59
25
8
12
37
42
32
24
23
25
13
18
38
51
40
16
2
8
8
-7
-34
-44
-49
-83
-125
-135
-108
-86
-100
-141
-146
-125
-93
-79
-92
-100
-87
-72
-62
-54
-39
-28
-42
-60
-70
-58
-53
-55
-71
-79
-77
-71
-72
-82
-78
-65
-62
-76
-82
-65
-65
-73
-64
-15
59
89
30
-43
40
243
307
173
47
89
205
244
204
159
123
113
120
151
168
134
93
77
94
88
57
51
83
96
64
23
4
21
64
95
72
19
16
48
50
37
53
76
40
-16
-2
52
62
36
26
24
-23
-61
-18
43
24
-58
-94
-59
-28
-31
-39
-40
-43
-51
-56
-40
-9
4
-13
-26
-6
14
35
64
84
77
64
81
98
82
74
102
113
72
35
47
68
69
65
44
19
21
44
58
51
52
51
35
23
44
71
67
28
-1
-14
-6
-4
-15
-30
-49
-68
-87
-90
-80
-75
-92
-119
-137
-130
-103
-91
-104
-120
-121
-115
-111
-104
-101
-103
-103
-100
-98
-95
-89
-82
-89
-111
-112
-98
-83
-83
-74
-66
-63
-70
-82
-88
-83
-77
-75
-79
-78
-40
24
24
-47
-57
76
208
178
71
69
163
229
217
186
165
140
150
177
181
145
103
98
107
91
54
48
74
77
51
16
8
21
42
58
49
10
-5
36
60
37
15
25
24
-16
-43
-12
21
9
-29
-48
-45
-45
-42
-25
-28
-66
-89
-72
-39
-36
-58
-59
-46
-43
-50
-52
-30
-3
-1
8
26
11
-20
6
88
130
86
36
47
87
120
138
114
69
50
69
94
88
74
65
44
28
40
57
55
52
42
14
-2
14
39
33
9
-12
-17
-3
-6
-16
-37
-48
-55
-70
-88
-95
-83
-82
-100
-129
-144
-142
-133
-134
-137
-135
-129
-129
-145
-141
-112
-90
-100
-122
-125
-100
-77
-76
-91
-108
-93
-74
-74
-86
-83
-68
-72
-91
-94
-89
-97
-111
-111
-104
-99
-99
-74
-19
18
-3
-32
14
128
187
119
55
102
194
214
173
137
123
143
172
160
101
65
105
150
112
29
7
45
80
62
27
12
25
35
25
22
20
24
23
19
3
-9
0
8
4
-23
-40
-38
-38
-37
-27
-17
-49
-96
-79
-29
-17
-57
-75
-52
-31
-31
-39
-44
-44
-37
-27
-17
-20
-17
-15
-10
-4
4
17
23
29
43
52
58
63
62
57
57
77
87
84
76
61
59
73
89
86
69
64
75
80
71
53
47
49
40
26
21
24
26
5
-7
-12
-25
-41
-61
-59
-59
-73
-92
-92
-86
-96
-108
-110
-97
-103
-116
-118
-99
-90
-115
-129
-118
-93
-87
-102
-114
-115
-97
-78
-77
-92
-98
-78
-63
-66
-81
-80
-68
-58
-57
-68
-75
-71
-58
-65
-84
-86
-70
-78
-84
-71
-54
-44
-35
-3
23
23
32
60
89
103
99
97
91
92
111
120
110
95
98
92
73
68
73
76
58
44
45
61
62
43
20
19
33
34
29
13
13
11
11
0
-17
-13
0
-1
-19
-28
-18
-15
-23
-34
-20
-9
-17
-21
-9
0
-6
-13
-25
-27
-17
5
11
-10
-27
-24
-24
-27
-28
-32
-44
-52
-34
-22
-33
-30
5
44
49
32
38
67
93
100
85
65
62
81
98
99
88
67
55
53
51
55
55
59
47
35
30
21
25
32
35
15
-15
-20
-7
-5
-23
-34
-46
-49
-61
-67
-59
-60
-72
-81
-76
-75
-86
-96
-85
-72
-69
-83
-93
-84
-76
-73
-78
-74
-72
-75
-85
-78
-68
-65
-57
-53
-53
-57
-46
-41
-32
-29
-33
-35
-27
-19
-23
-37
-43
-45
-43
-38
-39
-42
-36
-2
22
26
23
32
51
66
81
97
107
98
94
104
113
109
91
79
79
81
78
65
41
31
34
33
26
18
15
13
11
7
10
12
10
19
29
22
7
1
10
18
6
2
8
1
-1
-2
4
5
-16
-27
-17
-3
-9
-20
-22
-26
-32
-24
-9
-5
-26
-38
-27
-16
-17
-24
-31
-29
-21
-14
-11
-11
-1
16
20
9
9
24
51
57
51
50
45
35
40
61
71
53
39
40
43
40
30
32
31
17
4
14
23
17
15
12
14
6
-2
-2
6
7
-10
-25
-21
-18
-20
-25
-32
-31
-27
-34
-49
-48
-42
-37
-39
-42
-45
-48
-51
-45
-40
-40
-49
-46
-28
-19
-22
-25
-21
-18
-13
-17
-16
-21
-24
-13
-7
-17
-23
-21
-17
-29
-32
-22
-22
-24
-30
-36
-48
-48
-38
-37
-23
-5
5
6
-2
10
35
57
65
64
61
53
62
69
80
79
75
74
71
74
75
73
77
66
59
58
47
46
52
65
63
43
35
42
51
46
41
36
33
24
27
33
30
27
23
24
25
34
37
26
10
10
23
27
12
-2
-3
-5
-11
-22
-20
-19
-28
-21
-23
-35
-43
-40
-19
-8
-20
-25
-18
-9
3
10
17
12
8
16
34
36
22
20
29
34
39
36
26
16
31
55
48
25
22
46
61
55
43
41
38
33
35
40
37
26
27
34
33
25
22
21
16
14
13
19
14
4
4
11
4
-6
-6
-2
-14
-27
-28
-19
-21
-37
-48
-49
-44
-48
-47
-42
-43
-40
-37
-35
-29
-19
-15
-15
-10
-6
-14
-24
-30
-28
-29
-37
-42
-45
-45
-48
-56
-70
-74
-75
-71
-63
-62
-60
-52
-26
-10
3
15
22
39
60
78
86
89
95
102
101
98
108
112
102
91
90
97
90
79
84
91
80
61
54
60
68
52
47
53
49
41
28
33
33
27
15
11
8
-1
-2
3
4
1
0
4
-2
-8
-7
-7
-17
-23
-29
-27
-23
-40
-47
-47
-49
-48
-57
-56
-56
-55
-49
-45
-43
-39
-29
-28
-33
-27
-4
16
18
10
0
6
18
21
26
22
22
18
19
27
37
46
44
43
40
48
45
47
55
58
53
47
40
39
46
39
36
35
28
22
17
8
6
6
-3
-11
-22
-23
-16
-18
-27
-37
-37
-27
-26
-31
-38
-41
-47
-54
-59
-62
-62
-69
-68
-73
-72
-70
-76
-82
-81
-74
-63
-55
-58
-58
-51
-38
-42
-47
-42
-42
-33
-33
-43
-41
-35
-37
-44
-44
-34
-32
-43
-39
-34
-29
-27
-21
-6
-1
6
15
30
45
50
55
66
72
72
79
88
85
78
75
73
73
61
51
54
60
58
49
45
44
40
44
42
37
34
35
34
35
34
26
18
14
14
20
30
21
5
-1
1
4
1
-11
-11
-13
-18
-23
-27
-24
-25
-35
-39
-40
-45
-48
-46
-44
-44
-48
-52
-48
-35
-32
-30
-22
-17
-19
-8
0
16
28
25
23
25
33
34
43
42
39
34
32
30
26
33
35
34
27
15
17
22
28
34
27
21
25
32
32
23
19
13
14
10
-1
-6
-11
-4
-5
-16
-25
-25
-25
-24
-22
-24
-24
-24
-29
-30
-30
-32
-36
-39
-34
-34
-37
-46
-56
-49
-47
-54
-56
-63
-62
-62
-64
-69
-64
-55
-52
-49
-48
-41
-41
-34
-32
-33
-31
-26
-20
-26
-26
-16
-16
-26
-31
-32
-28
-31
-34
-38
-38
-39
-47
-43
-46
-44
-43
-47
-44
-38
-22
-9
-7
-10
-3
-2
1
10
27
35
36
33
31
40
40
48
47
50
48
44
49
52
48
36
33
31
32
30
27
22
22
20
14
14
10
10
11
11
3
0
-7
1
3
-2
-7
-15
-12
-11
-12
-12
-17
-18
-23
-23
-19
-17
-20
-30
-23
-14
-23
-33
-30
-20
-8
-4
-7
-13
-11
0
8
12
0
-11
-4
6
11
5
-2
0
2
-2
-1
3
-6
-2
9
17
15
13
15
21
23
22
15
19
18
13
16
12
13
9
3
-6
-7
0
-6
-15
-19
-17
-14
-11
-11
-14
-23
-24
-23
-17
-15
-24
-30
-31
-30
-29
-35
-31
-38
-46
-52
-60
-57
-53
-55
-59
-54
-52
-48
-49
-54
-51
-45
-45
-42
-41
-36
-34
-39
-42
-37
-41
-43
-45
-42
-37
-40
-30
-38
-41
-36
-24
-18
-22
-22
-24
-21
-16
-14
-10
-13
-18
-19
-12
-10
-17
-20
-15
-12
-8
-5
-3
6
10
21
27
22
24
32
41
36
40
39
43
45
40
40
40
37
35
36
27
28
24
27
26
13
13
18
20
13
8
12
13
5
2
7
7
-3
-5
-6
-7
-10
-12
-8
-12
-16
-14
-10
-18
-22
-18
-14
-11
-10
-9
-7
-2
1
4
5
6
5
3
5
5
9
10
10
12
8
12
7
4
10
12
13
16
11
20
27
28
23
18
20
21
25
18
11
14
10
8
3
1
4
1
-6
-8
-4
1
1
-7
-6
-10
-10
-8
-8
-8
-12
-14
-19
-20
-21
-22
-29
-37
-38
-35
-36
-42
-45
-39
-47
-46
-47
-43
-35
-36
-35
-33
-33
-32
-29
-26
-22
-27
-31
-30
-30
-30
-23
-18
-19
-19
-20
-13
-11
-17
-15
-8
-3
-7
-9
-5
1
-3
-5
0
-1
-2
-8
-8
-5
2
0
-2
-4
-4
-2
0
0
3
4
-6
-6
-7
-5
-2
-6
-8
-5
-2
2
-5
-7
-4
1
1
1
1
-3
0
3
9
16
15
13
17
24
31
33
30
33
35
38
40
41
39
38
42
40
41
37
38
36
37
37
36
34
35
34
28
26
33
32
27
30
25
28
26
30
26
26
26
23
27
28
27
23
20
22
25
27
22
22
24
20
19
20
20
17
15
9
12
13
9
-2
-5
-1
1
-4
-11
-12
-14
-17
-19
-19
-18
-24
-21
-23
-16
-12
-11
-10
-10
-7
-4
-7
-8
-7
-3
-4
-9
-8
-5
-5
-6
-1
-4
-5
-4
1
-1
-1
5
4
2
1
0
4
5
4
5
-3
-3
-9
-10
-9
-13
-17
-22
-20
-22
-22
-20
-10
-9
-11
-14
-11
-6
-5
-9
-8
-2
3
-3
-10
-12
-6
-4
-6
-5
-6
-16
-17
-15
-12
-6
-12
-13
-15
-16
-17
-10
-7
-5
-6
-12
-10
-3
1
11
15
23
23
16
19
23
33
32
29
26
29
36
37
37
32
34
35
37
39
42
42
35
35
38
36
37
37
33
34
39
39
34
40
41
48
41
41
44
44
45
41
44
39
37
38
35
33
33
32
28
26
16
14
14
17
12
7
7
8
5
4
4
-3
-1
-4
0
5
-2
-3
-4
-3
-6
-8
-5
-5
-12
-12
-10
-8
-6
-8
-11
-7
-8
-5
0
-3
-3
-1
3
-2
0
1
-1
-1
-5
-8
-6
-10
-13
-11
-16
-14
-14
-14
-15
-11
-12
-10
-6
-10
-8
-5
-1
0
-1
-3
-1
-4
-9
-6
-7
-12
-8
-6
-6
-11
-8
-6
-2
0
-2
-2
0
-1
-5
-6
-7
-3
-3
-4
-9
-8
-3
-4
-2
-4
-2
-4
-9
-9
-5
-2
-2
-2
0
1
6
8
5
6
11
14
14
4
9
11
8
15
8
5
8
13
8
7
15
13
15
13
15
20
23
23
25
25
25
22
22
21
22
24
19
19
20
17
9
10
13
11
19
16
15
21
21
17
26
25
24
28
27
28
30
29
25
27
23
20
22
20
16
12
10
10
9
13
12
13
16
13
16
19
22
22
23
26
27
25
24
27
31
36
37
33
34
35
34
38
33
33
32
34
34
29
25
20
24
19
14
11
15
10
6
5
4
1
-1
-1
3
2
-5
-8
-7
-3
-8
-8
-6
-1
-4
-9
-10
-12
-13
-14
-9
-10
-14
-15
-16
-18
-19
-15
-15
-10
-9
-9
-7
-7
-6
2
3
4
12
9
12
13
14
17
18
17
17
23
19
22
20
14
16
20
18
13
14
15
16
14
15
14
12
14
18
18
17
16
14
14
14
20
18
11
13
12
16
14
13
7
8
10
5
7
4
1
6
8
8
10
6
4
5
4
5
4
3
0
4
7
7
8
6
4
6
5
8
16
14
12
11
11
16
19
18
17
19
22
20
17
17
16
17
16
16
18
16
15
10
13
12
18
17
11
11
13
16
18
19
18
15
16
18
20
21
16
14
13
16
16
15
15
13
13
16
16
16
18
20
17
16
19
21
19
13
15
18
19
14
15
15
6
4
5
5
7
-2
1
6
5
6
2
7
6
6
8
8
11
4
4
3
1
4
5
7
2
1
2
0
-3
-1
-1
-3
-8
-4
-9
-10
-7
-9
-6
-5
-1
-3
-1
-1
-1
2
-1
-2
-4
-5
-1
-2
-1
-5
-6
-6
-8
-5
-5
-8
-5
-5
-6
0
-2
-1
4
-1
4
5
0
3
2
4
5
2
3
4
3
8
8
4
7
8
10
6
5
9
7
8
5
4
3
4
4
-1
-2
0
-3
-7
-7
-11
-7
-10
-9
-6
-5
-4
-2
-6
-7
-2
-2
-2
-7
-7
-8
-8
-13
-16
-16
-17
-22
-14
-15
-23
-22
-25
-24
-22
-18
-23
-16
-12
-12
-12
-13
-8
-6
-9
-16
-14
-13
-9
-9
-7
-9
-4
-2
-2
-2
-1
7
10
13
12
17
18
16
15
13
12
9
13
9
8
11
9
9
6
3
5
7
-1
2
1
-5
-1
-2
-4
1
0
-4
-3
3
-1
-1
-2
-4
-8
-9
-7
-7
-14
-16
-17
-13
-13
-19
-18
-24
-25
-26
-25
-23
-23
-19
-22
-20
-23
-26
-24
-22
-18
-18
-16
-20
-22
-18
-19
-18
-14
-13
-12
-9
-10
-4
-1
-2
2
0
-2
5
8
1
7
10
9
8
10
13
12
11
15
13
12
9
10
11
13
13
13
14
16
12
13
10
13
13
10
13
5
7
-1
-1
-7
-2
-5
-8
-6
-7
-7
-11
-12
-14
-12
-14
-15
-16
-16
-19
-20
-24
-24
-21
-23
-23
-25
-26
-31
-31
-26
-25
-24
-20
-19
-23
-22
-19
-18
-15
-15
-14
-14
-13
-11
-10
-7
-8
-7
-8
-6
4
1
2
6
5
5
9
7
7
6
7
9
7
4
4
7
5
5
5
5
0
3
-1
-3
-5
-6
-4
-9
-11
-13
-11
-14
-15
-16
-15
-16
-18
-19
-21
-23
-28
-29
-25
-28
-32
-37
-35
-31
-32
-35
-38
-40
-38
-38
-37
-37
-37
-33
-36
-30
-30
-29
-25
-28
-28
-25
-21
-21
-20
-21
-17
-19
-16
-19
-15
-10
-12
-11
-9
-9
-8
-4
-2
0
-3
2
8
6
8
7
7
6
8
9
7
5
3
7
10
12
10
13
16
21
17
13
13
9
8
10
4
1
-5
-2
-3
-13
-13
-11
-9
-14
-12
-13
-18
-13
-9
-11
-13
-13
-11
-6
-7
-7
-6
-4
0
-5
-8
-6
-11
-4
-14
-10
-8
-8
-6
-11
-7
-6
-4
-5
-3
-1
-3
-4
-3
-2
3
-3
-2
0
0
-1
-1
-3
-3
-5
-8
-9
-11
-13
-12
-17
-16
-17
-17
-16
-20
-21
-23
-25
-25
-26
-26
-24
-23
-26
-25
-26
-24
-26
-28
-27
-31
-30
-28
-29
-31
-26
-27
-29
-31
-33
-30
-31
-31
-27
-29
-28
-24
-24
-29
-29
-25
-29
-29
-32
-26
-25
-27
-24
-26
-23
-24
-20
-18
-18
-17
-23
-21
-24
-24
-20
-19
-18
-14
-21
-17
-15
-15
-14
-16
-18
-16
-20
-19
-16
-20
-18
-15
-15
-16
-18
-18
-14
-15
-11
-13
-15
-14
-17
-16
-17
-17
-16
-17
-20
-22
-22
-18
-20
-23
-22
-22
-17
-16
-16
-11
-16
-10
-8
-7
-3
-7
-7
-4
-5
1
3
-3
-1
5
5
5
4
8
11
9
11
10
7
6
12
9
4
6
5
7
2
1
3
3
-3
0
-3
-9
-13
-16
-18
-13
-15
-17
-16
-19
-19
-22
-21
-25
-26
-25
-26
-29
-34
-31
-35
-38
-38
-44
-43
-44
-40
-41
-39
-38
-41
-40
-43
-40
-39
-38
-42
-42
-45
-42
-42
-43
-36
-41
-41
-41
-42
-43
-41
-37
-39
-42
-38
-36
-42
-38
-38
-32
-33
-31
-29
-30
-26
-28
-29
-29
-28
-29
-28
-29
-26
-30
-27
-23
-23
-24
-26
-21
-23
-22
-20
-24
-24
-26
-26
-21
-27
-26
-27
-30
-27
-30
-28
-27
-27
-24
-24
-28
-30
-26
-28
-26
-19
-17
-23
-22
-24
-21
-16
-18
-19
-21
-20
-19
-18
-20
-25
-21
-21
-20
-22
-19
-17
-22
-22
-25
-19
-19
-16
-15
-19
-10
-11
-9
-8
-8
-6
-3
2
1
1
3
2
3
3
1
-2
1
2
-1
1
0
4
0
-3
-4
-6
-7
-4
-5
-10
-7
-9
-9
-14
-15
-16
-16
-12
-16
-13
-14
-17
-16
-18
-21
-21
-23
-28
-22
-19
-19
-23
-26
-24
-24
-27
-26
-26
-24
-25
-27
-26
-30
-31
-33
-32
-31
-26
-27
-31
-31
-33
-32
-32
-32
-35
-38
-35
-33
-30
-38
-33
-36
-38
-30
-36
-39
-37
-37
-39
-40
-40
-44
-43
-39
-36
-37
-35
-37
-36
-34
-35
-35
-32
-33
-27
-29
-27
-27
-31
-27
-26
-25
-27
-26
-27
-24
-22
-23
-24
-19
-19
-23
-24
-24
-24
-22
-21
-23
-22
-24
-22
-24
-24
-26
-26
-25
-28
-31
-28
-25
-27
-25
-27
-29
-26
-27
-27
-27
-22
-24
-22
-22
-24
-19
-19
-20
-15
-21
-18
-17
-17
-20
-18
-13
-15
-10
-14
-14
-14
-14
-14
-14
-16
-13
-14
-12
-11
-15
-12
-10
-9
-10
-4
-6
-9
-12
-11
-8
-7
-7
-6
-5
-6
-2
1
-1
-4
-5
-7
-9
-6
-8
-5
-6
-5
-12
-14
-9
-13
-10
-11
-13
-20
-19
-20
-18
-16
-19
-17
-21
-20
-17
-19
-15
-17
-20
-22
-22
-22
-26
-26
-28
-28
-26
-26
-31
-24
-29
-28
-27
-27
-30
-31
-33
-38
-31
-31
-32
-34
-33
-33
-35
-38
-38
-40
-36
-35
-40
-34
-35
-35
-32
-32
-31
-33
-33
-31
-29
-28
-23
-21
-23
-26
-20
-18
-17
-20
-20
-17
-14
-20
-19
-20
-22
-21
-20
-21
-18
-15
-18
-14
-10
-13
-16
-16
-17
-14
-15
-17
-20
-23
-24
-23
-20
-24
-21
-22
-23
-21
-20
-20
-20
-23
-24
-24
-23
-20
-21
-19
-22
-25
-23
-28
-26
-27
-25
-20
-18
-20
-17
-15
-18
-14
-16
-19
-15
-12
-17
-12
-9
-9
-9
-12
-11
-9
-2
-1
-3
-2
-3
-7
-3
1
0
2
1
-2
1
3
-1
0
4
6
4
7
1
0
5
2
-3
-1
3
0
3
4
0
7
6
2
1
0
-4
-4
-4
-7
-7
-4
-8
-8
-6
-8
-5
-8
-5
-3
-4
-1
-5
-10
-4
-10
-7
-12
-14
-12
-15
-12
-12
-14
-16
-15
-13
-15
-16
-18
-17
-14
-12
-15
-13
-15
-14
-15
-15
-11
-15
-15
-12
-14
-12
-14
-12
-14
-11
-8
-6
-9
-12
-9
-12
-9
-11
-12
-11
-12
-12
-11
-11
-11
-11
-14
-11
-12
-8
-10
-12
-8
-13
-13
-13
-10
-11
-13
-19
-18
-12
-14
-15
-14
-14
-17
-10
-12
-18
-17
-17
-13
-15
-18
-15
-19
-17
-20
-18
-19
-18
-13
-12
-11
-11
-11
-10
-8
-5
-4
-6
-3
1
4
6
5
0
5
4
3
6
5
6
7
6
5
8
2
11
11
12
15
18
19
13
13
12
16
16
15
16
13
14
15
15
15
14
12
13
18
16
11
11
11
11
13
9
6
10
3
5
8
5
3
0
1
4
3
2
2
-1
4
2
0
-2
-4
-1
1
2
6
3
2
-1
4
2
0
4
2
6
6
6
5
5
0
0
4
7
5
2
8
7
5
6
6
10
6
5
3
8
6
3
5
1
0
-1
-5
-7
-4
-7
-12
-8
-10
-7
-8
-13
-14
-17
-15
-14
-14
-10
-10
-12
-11
-15
-21
-19
-20
-19
-18
-23
-20
-21
-23
-20
-22
-24
-25
-27
-23
-25
-21
-19
-18
-19
-19
-14
-15
-14
-12
-9
-15
-12
-6
-7
-4
-7
-1
-1
-4
-3
0
2
0
1
2
2
-1
4
5
8
12
12
10
6
5
7
8
10
12
5
9
11
11
8
8
7
8
9
12
16
14
16
12
9
9
9
11
6
5
7
11
6
6
15
10
11
10
7
9
14
7
9
12
11
13
10
12
8
6
9
9
11
9
10
11
10
10
10
11
14
14
9
16
17
10
13
10
10
9
9
12
10
12
15
12
6
6
8
9
6
4
4
5
6
3
5
6
5
7
6
5
6
2
4
-1
3
-1
-1
-1
1
2
4
5
3
-1
-3
-4
-3
-2
-7
-3
-4
-6
-8
-10
-9
-7
-7
-6
-10
-6
-10
-8
-7
-9
-10
-9
-6
-10
-10
-11
-12
-11
-16
-17
-16
-15
-14
-12
-8
-14
-13
-18
-12
-12
-12
-11
-5
-10
-13
-8
-8
-9
-13
-12
-11
-9
-6
-7
-10
-4
-3
-5
-6
-4
-4
0
-1
-7
1
-1
-1
2
1
1
-1
4
-2
-3
-1
-4
-3
-7
-5
-5
-4
-1
-3
-1
1
-2
2
5
-2
0
0
-5
2
-3
-5
-3
-5
4
2
-1
1
2
3
0
-2
1
2
2
3
6
-1
0
0
1
0
-3
-2
-5
-6
-6
-5
-9
-11
-11
-14
-11
-10
-13
-14
-12
-15
-14
-15
-14
-11
-14
-15
-13
-14
-16
-11
-11
-10
-11
-10
-13
-10
-8
-8
-8
-11
-7
-4
-6
-8
-2
-6
-2
-2
0
0
-1
6
6
3
4
6
4
4
8
7
5
2
2
4
-2
-2
1
-4
-2
-1
-1
-2
-1
4
5
4
0
3
-4
0
-1
-2
1
-3
-3
-5
-9
-9
-6
-9
-10
-10
-12
-11
-10
-11
-5
-8
-8
-7
-5
-4
-6
-7
-2
2
-5
-5
-6
-2
0
-3
2
2
0
1
-2
-5
0
-1
-1
0
-3
-3
-2
3
