13
6
8
6
8
8
10
8
4
4
0
1
1
2
2
0
1
-3
1
1
1
-3
-6
-1
-4
-3
-2
-6
-11
-6
-7
-12
-10
-8
-8
-13
-6
-5
-4
-6
-7
-7
-6
-6
-2
-2
-6
-2
4
-4
-5
-3
-7
-8
-8
-12
-15
-15
-18
-15
-14
-17
-21
-23
-22
-27
-30
-25
-22
-27
-19
-20
-20
-19
-16
-14
-14
-13
-14
-11
-8
-7
-14
-9
-10
-7
-6
-3
-6
-3
-4
-7
-6
-2
-2
-7
-7
-7
-7
-7
-3
-2
-1
-3
-2
-5
3
0
2
3
-1
2
-1
7
7
4
0
4
4
1
2
0
-2
-4
-4
3
3
0
6
2
1
5
7
6
5
12
4
8
7
7
12
12
9
7
12
9
11
8
6
9
10
12
7
8
8
4
5
0
3
5
3
8
4
2
4
4
1
4
4
5
5
5
7
3
4
7
8
0
2
1
-1
3
-2
-4
-7
-5
-7
-4
-3
-6
-3
-1
-1
-5
-2
1
-4
-3
-2
-3
0
-3
-5
-5
-6
-10
-10
-10
-14
-20
-15
-21
-23
-19
-23
-23
-24
-22
-24
-21
-25
-20
-19
-19
-16
-14
-12
-11
-15
-12
-12
-15
-8
-11
-10
-14
-15
-18
-18
-17
-17
-15
-21
-18
-21
-21
-18
-22
-18
-20
-19
-15
-17
-13
-11
-15
-14
-15
-11
-7
-10
-9
-12
-10
-6
-6
-5
-7
-7
-2
-7
-8
-9
-4
-9
-6
-6
-8
-4
-6
-4
-2
-7
-5
-8
-1
-2
2
3
3
5
4
7
3
4
4
1
-1
0
-4
-1
-3
0
4
2
3
8
4
5
6
5
9
5
10
10
10
12
13
12
8
10
9
3
5
7
3
4
7
1
3
7
5
4
1
3
5
2
4
5
6
4
1
0
0
3
1
0
-2
-2
-2
-7
-13
-13
-16
-18
-16
-16
-18
-17
-18
-18
-18
-19
-19
-15
-16
-18
-17
-15
-13
-13
-14
-12
-9
-14
-10
-17
-14
-11
-14
-13
-15
-14
-16
-22
-25
-22
-26
-30
-33
-32
-31
-29
-24
-28
-28
-26
-22
-24
-20
-19
-19
-17
-20
-20
-18
-23
-17
-19
-23
-25
-29
-25
-28
-31
-27
-24
-28
-26
-24
-20
-18
-17
-21
-24
-21
-22
-20
-22
-24
-20
-25
-23
-16
-21
-20
-16
-13
-10
-11
-10
-9
-9
-5
-9
-7
-7
-8
-2
-1
-4
-3
-5
-3
-3
-2
-1
2
-1
1
4
1
1
1
-2
0
2
-4
0
2
4
3
1
8
11
18
15
17
19
16
13
13
20
17
18
14
7
6
5
8
15
14
15
17
15
16
14
16
16
15
19
16
13
14
16
18
16
16
20
16
17
15
8
13
10
10
9
9
9
11
7
7
11
10
9
7
8
10
11
10
7
5
6
7
4
7
0
1
0
-2
-1
-7
-2
-9
-8
-9
-9
-8
-9
-15
-11
-9
-7
-12
-12
-9
-6
-7
-10
-8
-10
-7
-10
-4
-8
-7
-5
-1
-3
-3
-5
-4
-6
-11
-8
-11
-9
-12
-14
-18
-14
-17
-16
-21
-19
-17
-20
-22
-15
-21
-17
-15
-16
-8
-13
-10
-7
-6
-7
-4
-3
-4
-6
-7
-12
-10
-12
-11
-9
-10
-11
-11
-9
-8
-7
-4
-2
-3
-1
4
2
2
8
8
3
8
8
12
16
12
16
10
15
15
13
17
13
13
9
9
12
15
14
12
12
13
13
15
15
14
14
15
18
21
19
21
23
26
27
24
21
19
20
19
22
20
22
23
26
20
22
24
27
30
24
29
29
32
29
28
29
28
29
28
25
24
22
21
23
23
23
23
19
17
16
18
14
11
11
11
11
10
14
6
7
8
5
5
7
9
0
6
7
4
1
0
6
3
0
1
3
1
0
1
2
3
-3
0
1
-5
-6
-5
-2
-1
-7
-6
-6
-7
-5
-7
-7
-12
-8
-4
-9
-9
-8
-11
-4
1
-2
0
-1
0
4
5
4
1
1
1
1
2
2
2
3
1
-2
-1
-4
0
-3
-4
-3
-7
-6
-3
-5
-6
-3
-3
-3
-4
-7
-5
1
2
5
4
5
7
-3
2
6
2
6
2
0
3
1
1
1
-2
2
2
3
7
4
8
7
9
10
7
7
7
5
10
10
14
18
14
16
15
22
19
21
24
29
27
29
28
29
32
30
30
23
26
27
21
20
22
21
17
20
21
26
25
24
26
25
27
25
25
29
28
26
28
28
24
26
24
24
24
25
21
22
18
13
17
14
16
11
8
9
11
11
12
12
9
13
13
15
15
10
12
13
11
12
13
10
6
11
10
5
6
5
10
7
5
8
7
0
-1
6
-1
0
-1
1
0
-5
-5
-5
-9
-6
-6
-5
1
-3
-6
-4
-8
-5
-10
-10
-14
-16
-13
-12
-17
-11
-12
-15
-14
-13
-12
-15
-11
-13
-13
-14
-9
-10
-7
-5
-6
-2
-3
-3
-2
-6
-7
-9
-9
-8
-9
-6
-3
-1
-1
0
-1
-2
-5
-3
-4
-3
-1
-2
-7
-6
-5
-7
-4
-2
0
2
0
4
4
3
6
4
2
4
3
-3
-1
-4
-7
-3
0
1
3
1
1
8
10
7
5
5
3
3
7
9
7
13
14
17
12
12
17
17
21
19
21
21
21
25
22
25
24
21
23
20
20
18
22
23
23
18
19
22
16
20
24
22
19
24
21
19
20
20
16
13
11
11
14
14
12
8
7
7
13
7
2
5
6
6
3
-1
0
3
3
3
1
1
0
0
2
-1
-2
-5
-6
-8
-12
-10
-16
-13
-13
-14
-11
-12
-14
-11
-1
-6
-2
-5
-5
-3
-3
-3
2
2
-2
-3
-9
-6
-6
-9
-6
-4
-10
-12
-11
-9
-13
-12
-8
-10
-11
-9
-7
-6
-2
-4
-6
-2
-5
-8
-13
-12
-11
-6
-4
-8
-7
-7
-9
-10
-13
-12
-8
-8
-8
-8
-6
-6
-1
-2
-2
0
4
0
-2
0
-2
-3
0
4
2
3
4
7
6
7
3
-1
2
2
2
-3
3
9
5
12
11
14
16
10
14
14
14
16
19
23
19
15
19
16
21
19
19
20
19
25
18
19
15
15
22
20
22
22
22
20
19
18
15
18
19
20
21
17
15
15
10
13
11
13
12
10
9
5
6
4
5
6
5
7
5
7
7
5
8
10
6
7
7
6
8
6
9
7
10
6
-1
-5
-4
-4
-7
-3
-5
-5
-9
-10
-11
-6
-3
-3
0
-7
-8
-5
-6
-6
-12
-9
-4
-11
-12
-7
-11
-13
-6
-10
-14
-14
-13
-18
-17
-17
-18
-17
-20
-17
-18
-19
-20
-17
-15
-14
-15
-14
-11
-12
-12
-9
-10
-11
-13
-15
-14
-17
-14
-11
-13
-11
-13
-11
-12
-15
-13
-13
-14
-13
-8
-9
-7
-8
-3
-2
-6
-5
-6
-3
-6
-4
-4
-7
-4
-4
-5
-9
-5
-1
0
2
5
2
1
1
6
1
6
8
9
8
8
12
6
12
11
8
6
13
10
9
13
14
11
14
12
15
18
19
20
17
16
18
22
18
24
18
20
23
21
20
17
20
21
19
17
17
19
17
17
18
19
19
20
19
14
13
19
17
13
15
16
14
13
15
10
12
11
11
11
11
11
14
11
12
8
10
12
7
6
4
3
6
3
1
0
2
-1
-2
1
-2
0
-2
-6
-5
-6
-5
-5
-8
-4
-7
-6
-7
-3
-3
0
-3
0
-2
-5
-6
-8
-14
-12
-13
-14
-13
-14
-19
-18
-14
-18
-20
-21
-20
-22
-26
-28
-20
-20
-19
-21
-24
-23
-20
-18
-22
-20
-19
-19
-21
-14
-17
-14
-11
-10
-14
-15
-10
-14
-15
-15
-14
-13
-14
-15
-13
-10
-17
-11
-9
-12
-8
-12
-16
-9
-11
-18
-14
-15
-11
-11
-12
-12
-11
-7
-7
-8
-5
-8
-9
-6
-3
-1
1
-2
0
4
5
7
8
8
3
1
4
4
6
6
4
6
5
4
8
7
5
6
7
12
10
7
9
12
9
8
10
7
8
4
5
11
3
2
7
5
3
11
10
11
9
5
7
7
6
5
4
2
9
11
16
14
12
11
10
12
10
14
12
14
9
7
10
9
9
7
6
3
4
2
3
3
1
2
4
4
0
0
-2
-1
0
4
1
0
2
0
-2
3
3
0
1
-2
1
0
-5
0
-2
-4
-2
-4
-7
-11
-7
-10
-11
-8
-7
-11
-11
-14
-15
-14
-18
-16
-14
-18
-14
-16
-17
-16
-18
-14
-7
-7
-2
5
5
12
12
11
2
66
7
-67
26
21
-41
11
23
-50
-72
25
41
-44
-10
28
-27
-16
25
-26
-22
-1
0
-26
-55
15
-34
-71
24
4
-45
4
23
5
13
19
26
-1
13
10
-8
43
45
-9
16
49
27
46
34
18
26
18
-12
-17
23
-5
-13
4
18
-8
13
30
4
15
36
30
4
15
14
53
30
-32
27
42
-8
12
19
20
37
130
230
22
-63
73
19
-68
71
13
-141
-25
-59
-108
-117
-85
17
-94
-72
51
2
-46
108
55
-2
126
124
72
23
26
46
56
23
-49
-13
-11
-5
50
-68
-85
-23
-32
-17
-44
9
1
-42
-8
36
-19
-24
49
-3
-3
78
39
18
-2
-30
43
8
14
27
-25
37
70
-36
-67
-20
9
-29
-26
-24
-60
-43
-3
-50
20
112
-22
-29
53
113
59
-52
-28
-52
-12
62
-29
-97
-81
-13
-68
-10
62
-31
-37
-42
-4
-21
-53
-19
-80
-4
72
9
-85
-98
5
48
42
6
-33
-33
-50
1
46
-30
62
132
-43
-66
37
3
-40
25
32
-56
-32
-2
-67
-97
22
39
-26
9
15
-16
-66
45
46
23
127
123
0
-25
26
80
40
-3
56
5
-58
-13
0
-57
-52
6
9
18
-65
-31
-43
-44
16
22
-2
-17
-7
-21
-28
19
-6
-28
1
21
29
8
25
23
28
-4
45
85
3
-14
-5
13
-20
-14
33
0
-25
-34
4
2
-67
-54
8
-8
-3
5
-6
-35
-50
16
12
-1
5
-9
-6
-9
-14
1
-17
-27
51
1
-28
17
-17
-19
3
-3
18
40
12
-16
-15
-3
10
25
-18
-43
-2
-42
-86
-11
-4
-53
-33
-42
-48
-9
-27
-25
23
45
-4
17
19
-36
2
40
7
6
19
-7
-14
-23
16
12
-12
-46
-30
-3
1
-32
-61
-22
-25
-23
5
20
-3
-50
-31
11
-30
-38
-17
-13
-20
-12
19
-22
-26
-11
50
46
-6
-19
-3
5
-4
42
75
33
-25
-2
29
10
21
26
1
-1
3
-3
1
14
3
17
41
10
2
21
-7
-27
19
33
23
3
-5
9
10
29
65
66
33
20
63
68
1
26
67
30
16
14
8
6
-21
-15
31
15
-15
12
42
8
10
52
49
36
28
9
27
46
10
3
27
20
5
4
22
10
-9
-16
-12
-18
12
35
13
-22
-40
-5
-25
-35
4
-13
-44
-30
-5
-24
-31
-9
-4
-35
-29
-1
-14
-39
-30
9
22
-15
17
32
-14
-24
-2
27
19
-5
8
9
-10
-4
18
34
18
6
20
4
-4
-6
2
13
-4
-36
-23
-28
-42
-5
6
-7
-21
-18
11
26
46
56
59
83
79
88
129
126
107
123
140
140
133
132
121
114
123
126
110
101
94
91
80
62
71
65
36
34
41
42
18
-8
14
21
2
-17
-4
-14
-41
-30
-13
-13
-43
-40
-22
-14
-40
-44
-33
-35
-49
-40
-24
-25
-34
-69
-82
-61
-35
-57
-70
-38
-40
-62
-54
-41
10
25
-26
-35
-2
-10
-92
-116
-9
26
-57
-98
-59
-28
-129
-170
-50
23
-56
-107
-82
-72
-86
-91
-48
-15
-22
-51
-57
-55
-35
-34
-77
-48
-18
-18
-70
-119
-72
-72
-82
-95
-127
-94
-115
-161
-151
-155
-92
-11
33
34
25
65
124
204
265
291
318
334
358
373
395
400
388
384
376
364
342
304
249
199
192
180
156
116
71
28
-13
-8
-12
26
37
19
32
20
61
69
86
155
153
195
176
142
171
162
196
190
182
189
138
117
83
62
46
11
-6
-41
-43
-74
-156
-208
-181
-111
-141
-239
-226
-178
-181
-207
-276
-209
-64
-76
-211
-268
-150
-44
-104
-186
-181
-66
13
-49
-138
-116
15
50
-9
-45
-4
63
12
-93
-106
-47
43
-1
-104
-207
-188
-62
-70
-111
-156
-136
-139
-126
-111
-138
-129
-155
-124
-50
-28
-75
-123
-137
-129
-90
-50
-84
-122
-109
-12
73
41
-2
-24
64
192
249
241
207
205
220
277
313
327
301
281
266
248
267
249
186
140
140
156
147
106
46
1
6
15
36
26
10
-8
-51
-33
5
28
-3
-12
19
49
36
46
64
60
65
102
122
110
105
103
106
74
84
94
117
104
38
-23
10
60
60
4
-34
-23
-6
2
5
-12
-89
-84
-7
46
-14
-94
-113
-60
11
3
-61
-104
-65
-12
-15
-45
-46
-34
-35
-19
-4
-10
-23
-39
-26
-10
-3
-6
-23
-16
-23
-24
-32
-21
-23
-27
-31
-33
-18
-11
-11
-27
-25
-11
-1
2
-5
-15
-22
-25
-11
-1
-7
-20
-27
-26
-22
-20
-40
-52
-60
-58
-55
-64
-76
-85
-96
-116
-125
-127
-121
-98
-71
-61
-73
-94
-97
-54
7
51
47
23
21
53
107
128
117
93
95
114
148
166
134
83
58
78
111
126
107
67
32
39
61
65
65
63
48
26
49
68
53
34
13
7
38
71
57
11
-6
8
20
26
20
5
11
7
6
18
16
8
11
39
41
46
49
47
43
49
34
45
65
63
60
3
9
39
59
-7
-1
-5
20
27
16
-39
-38
-26
0
6
8
-25
-32
-19
-10
-7
-34
0
-49
-29
-36
-12
-19
-1
-70
-63
-4
33
-6
-58
-42
-49
-31
-16
-22
-47
-69
-69
-44
-41
-30
-78
-92
-68
-50
-64
-89
-90
-92
-106
-107
-131
-151
-158
-139
-101
-118
-190
-205
-154
-143
-169
-247
-251
-171
0
48
-24
-153
-179
-74
111
231
186
90
47
118
231
289
236
166
157
233
311
305
214
107
67
127
203
220
168
68
6
14
36
45
30
16
-3
-10
-1
-14
-24
-46
-75
-29
16
27
-7
-35
-34
-46
-55
-29
43
46
13
-36
-38
-30
-6
49
51
11
20
83
143
177
123
55
89
152
195
198
177
70
-3
69
103
82
5
26
-29
-17
-10
-20
-31
-67
-83
-58
-17
13
-51
-92
-74
-81
-37
-55
-32
-72
-33
-54
-114
-122
-37
14
-46
-113
-145
-56
-18
-23
-106
-208
-136
-36
29
-109
-202
-211
-75
-27
-90
-153
-169
-126
-75
-41
-117
-159
-157
-108
-78
-120
-146
-146
-183
-206
-169
-208
-290
-296
-167
15
53
-48
-190
-187
-36
179
291
258
163
122
191
306
379
353
291
261
302
360
373
286
159
81
114
192
221
165
35
-74
-93
-36
13
13
-36
-84
-92
-101
-77
-57
-68
-102
-99
-30
7
9
-33
-77
-87
-40
27
68
53
19
-7
-16
-10
15
43
68
65
66
100
153
184
158
101
89
154
245
274
192
56
-53
-8
100
171
61
-142
-136
-58
-17
14
-56
-235
-230
-35
69
-4
-156
-206
-130
-55
-49
15
-49
-111
-174
-125
-32
-65
-53
-100
-97
-145
-58
-53
-84
-142
-250
-150
1
-2
-134
-213
-237
-157
-130
-80
-137
-203
-215
-147
-118
-202
-252
-279
-177
-159
-202
-302
-351
-327
-330
-374
-377
-234
9
100
-68
-331
-365
-59
367
548
376
85
8
233
536
634
464
270
271
464
591
509
276
99
110
268
386
332
159
-40
-117
-93
-27
35
27
-43
-126
-200
-229
-189
-132
-105
-132
-159
-138
-86
-39
-70
-142
-160
-88
50
145
134
25
-76
-77
27
138
190
168
114
99
158
232
272
232
163
168
273
386
361
204
15
-25
93
236
236
64
-140
-214
-122
-2
-4
-132
-214
-206
-111
-38
-27
-157
-257
-182
-8
91
9
-157
-164
-102
-55
-8
-51
-51
-56
-122
-171
-151
-59
-20
-144
-297
-281
-111
-24
-137
-382
-433
-262
-105
-123
-286
-411
-400
-288
-217
-283
-393
-434
-416
-420
-485
-550
-469
-225
17
-5
-279
-475
-299
148
481
477
250
104
194
444
640
639
507
446
543
660
654
494
336
295
331
389
401
319
165
-19
-145
-138
-29
64
37
-152
-343
-407
-306
-170
-143
-228
-324
-320
-225
-128
-134
-216
-273
-191
-21
92
89
4
-69
-55
38
161
244
243
189
136
175
302
424
436
335
237
258
379
465
391
201
62
86
208
268
147
-79
-223
-189
-64
-26
-131
-280
-349
-282
-165
-132
-200
-272
-280
-188
-73
-11
-70
-165
-181
-103
-7
21
22
-59
-135
-165
-132
-72
-68
-145
-236
-248
-181
-147
-215
-370
-439
-367
-224
-192
-328
-473
-493
-391
-319
-318
-384
-438
-471
-457
-429
-371
-269
-131
-34
-89
-211
-194
65
402
525
404
260
290
486
664
708
637
572
595
665
676
588
459
395
393
382
345
261
152
20
-102
-140
-97
-48
-90
-244
-409
-458
-375
-255
-221
-298
-389
-404
-334
-247
-210
-226
-229
-184
-108
-48
-22
-19
-9
30
98
163
199
196
183
172
233
374
477
455
321
231
284
427
500
403
215
95
119
190
193
64
-87
-141
-97
-43
-73
-182
-273
-278
-218
-140
-134
-184
-249
-264
-200
-102
-43
-72
-150
-195
-148
-41
17
-27
-117
-171
-127
-58
-53
-151
-233
-220
-192
-176
-218
-282
-338
-365
-336
-306
-318
-393
-484
-512
-462
-416
-464
-590
-675
-598
-331
-19
46
-268
-608
-468
137
656
664
295
57
173
502
776
894
839
670
553
568
683
746
683
557
421
365
412
435
270
-21
-196
-89
125
153
-85
-409
-586
-499
-268
-112
-180
-372
-536
-553
-425
-225
-105
-151
-289
-345
-241
-66
18
-18
-79
-39
77
179
175
111
64
180
415
549
428
180
46
190
492
645
508
189
-12
27
213
355
281
63
-117
-142
-62
24
-29
-160
-248
-198
-86
-48
-125
-267
-313
-179
6
85
-18
-208
-300
-192
-1
95
15
-160
-276
-257
-132
-50
-83
-196
-321
-360
-295
-208
-221
-333
-431
-417
-319
-266
-348
-501
-558
-448
-331
-309
-434
-588
-679
-626
-487
-319
-127
-36
-217
-521
-512
0
589
693
334
34
157
520
763
841
837
737
595
557
667
797
778
613
440
379
414
439
306
62
-95
-5
158
102
-166
-416
-457
-334
-185
-133
-234
-417
-543
-516
-347
-153
-85
-199
-371
-410
-246
-36
40
-16
-75
-64
7
64
79
81
107
170
321
426
345
129
54
242
554
660
458
127
-42
109
341
453
321
57
-126
-131
-5
105
72
-86
-214
-219
-112
-45
-107
-209
-232
-127
3
35
-79
-214
-213
-75
79
98
-35
-220
-284
-195
-50
15
-98
-278
-391
-353
-234
-161
-218
-352
-447
-421
-340
-317
-378
-467
-493
-448
-388
-425
-532
-662
-693
-658
-424
-58
72
-373
-960
-813
151
880
600
-107
-346
29
459
737
958
975
567
111
232
867
1244
990
513
297
375
554
635
514
260
82
138
213
128
-73
-224
-273
-224
-100
-40
-236
-584
-691
-440
-96
6
-213
-526
-677
-496
-128
85
15
-215
-373
-330
-102
136
191
55
-94
-73
96
350
412
260
87
144
384
569
483
230
56
145
415
502
355
89
-96
-40
165
279
174
-92
-272
-235
-44
103
25
-195
-318
-244
-54
56
-24
-188
-255
-153
12
94
14
-158
-257
-160
7
62
-50
-243
-322
-231
-91
-94
-235
-398
-426
-313
-185
-206
-372
-513
-522
-382
-249
-276
-452
-596
-605
-535
-466
-436
-362
-233
-204
-487
-691
-334
338
535
94
-257
-84
345
562
632
732
696
373
177
531
1062
1087
650
339
365
498
590
622
534
311
119
109
174
165
68
-20
-84
-139
-158
-174
-277
-384
-314
-174
-199
-358
-460
-451
-375
-247
-154
-190
-345
-457
-363
-128
55
-22
-235
-310
-155
72
279
323
135
-68
-30
280
593
632
369
91
69
357
572
550
347
93
8
121
283
293
117
-101
-173
-94
24
0
-148
-243
-233
-158
-100
-128
-221
-271
-215
-110
-70
-131
-242
-291
-198
-64
-44
-140
-277
-335
-232
-95
-61
-187
-326
-366
-276
-176
-173
-293
-390
-399
-339
-276
-292
-404
-517
-541
-504
-465
-377
-158
-121
-493
-848
-520
276
598
48
-481
-323
222
497
539
618
542
156
-25
485
1128
1084
453
128
363
656
701
657
575
353
111
158
388
437
247
25
-65
-40
8
-21
-158
-261
-181
-111
-225
-384
-397
-302
-285
-273
-219
-262
-427
-488
-289
-49
-55
-286
-424
-334
-98
54
148
130
-40
-173
-18
386
614
470
152
31
172
486
629
526
282
65
66
250
427
374
115
-120
-137
-2
118
72
-108
-238
-242
-170
-123
-143
-208
-262
-266
-236
-202
-199
-240
-257
-222
-183
-215
-270
-264
-215
-163
-155
-202
-307
-329
-257
-141
-123
-227
-371
-417
-314
-190
-177
-290
-412
-492
-462
-397
-350
-408
-319
-153
-234
-661
-719
-78
551
299
-421
-533
10
471
462
440
481
262
-89
148
904
1205
618
-5
119
595
752
647
580
447
136
15
320
605
451
47
-131
-29
102
90
-4
-113
-159
-164
-222
-258
-208
-158
-243
-337
-281
-231
-346
-428
-255
-69
-145
-369
-438
-296
-99
13
60
32
-145
-221
-33
353
519
350
67
-12
144
464
649
509
215
10
102
344
510
430
136
-125
-114
108
269
187
-68
-243
-227
-118
-22
-22
-130
-282
-326
-229
-133
-141
-214
-262
-266
-243
-238
-233
-233
-229
-227
-226
-256
-295
-296
-237
-175
-209
-287
-352
-337
-284
-207
-194
-290
-417
-445
-371
-329
-339
-400
-279
-131
-245
-614
-599
22
512
186
-458
-457
90
487
456
388
345
124
-74
293
961
1034
339
-146
176
691
749
546
444
312
81
69
437
653
364
-85
-141
86
198
118
7
-65
-141
-192
-202
-154
-111
-160
-275
-312
-262
-273
-354
-300
-141
-137
-316
-427
-347
-195
-100
-72
-119
-133
-145
-123
48
231
289
148
29
85
258
404
441
303
157
131
203
358
429
296
60
-49
63
224
245
128
-70
-178
-132
1
63
-9
-184
-301
-261
-150
-90
-134
-217
-295
-316
-235
-169
-180
-237
-274
-276
-258
-221
-221
-225
-235
-226
-249
-260
-256
-257
-229
-241
-263
-315
-312
-308
-306
-371
-426
-445
-346
-95
-75
-441
-781
-389
375
512
-164
-598
-235
361
511
404
385
254
-44
31
707
1155
686
-68
-25
577
820
580
444
441
216
19
299
693
521
-8
-167
107
242
91
-7
12
-68
-206
-224
-122
-87
-168
-250
-276
-272
-290
-330
-289
-166
-167
-327
-442
-360
-223
-144
-122
-144
-232
-196
-102
22
122
137
110
40
105
233
310
332
295
187
161
226
337
344
249
121
53
86
165
174
93
-24
-120
-98
-18
30
-48
-151
-219
-214
-153
-107
-129
-194
-249
-264
-230
-173
-148
-205
-257
-269
-259
-194
-171
-188
-239
-268
-270
-246
-198
-224
-304
-333
-299
-283
-300
-307
-350
-423
-472
-429
-374
-199
-94
-310
-677
-594
99
528
108
-497
-404
182
506
400
352
334
104
-21
436
1034
895
152
-82
439
810
644
432
493
381
78
163
622
664
169
-141
73
282
137
20
77
24
-169
-236
-113
-34
-127
-215
-238
-259
-280
-287
-250
-163
-156
-258
-357
-317
-183
-133
-115
-124
-186
-205
-39
84
114
54
52
157
212
273
269
235
282
308
272
305
299
264
217
207
234
188
121
114
98
64
18
-31
-25
-23
-45
-80
-123
-156
-176
-154
-122
-136
-188
-237
-253
-200
-145
-159
-216
-258
-247
-199
-169
-161
-227
-273
-255
-188
-162
-218
-276
-314
-292
-250
-249
-308
-333
-375
-387
-437
-451
-397
-181
-91
-367
-749
-540
195
494
0
-547
-338
206
464
405
394
304
-1
-59
535
1090
798
70
-47
478
746
599
501
511
269
21
255
696
610
104
-96
106
239
138
91
105
-31
-218
-210
-79
-37
-123
-230
-281
-294
-282
-264
-222
-179
-227
-344
-381
-288
-191
-158
-159
-191
-270
-229
36
93
40
-4
13
160
280
301
226
176
275
353
302
373
309
179
201
290
322
217
101
90
88
97
123
29
-24
-50
-64
-51
-52
-85
-153
-191
-131
-96
-151
-187
-210
-187
-152
-158
-174
-205
-220
-193
-159
-162
-202
-237
-202
-166
-166
-192
-250
-266
-231
-202
-214
-248
-309
-332
-374
-363
-350
-366
-362
-201
-195
-446
-635
-246
291
240
-252
-434
-95
308
459
385
298
111
47
311
771
872
456
91
206
532
696
695
544
273
72
265
589
573
290
125
97
68
118
266
238
-66
-229
-107
-19
-120
-150
-67
-164
-396
-361
-151
-158
-272
-253
-222
-352
-400
-221
-117
-181
-227
-226
-291
-147
81
78
-7
-86
58
224
283
269
185
192
319
321
360
382
225
172
264
362
272
127
103
95
75
152
119
-16
-88
-78
-21
-19
-47
-120
-199
-173
-115
-101
-129
-187
-229
-208
-164
-139
-155
-207
-224
-187
-154
-159
-199
-167
-173
-215
-199
-164
-192
-237
-252
-240
-218
-261
-294
-363
-362
-366
-387
-353
-128
-137
-504
-696
-238
373
253
-303
-428
-31
269
368
424
418
98
-105
312
915
896
324
71
350
587
579
679
690
321
-41
238
750
656
192
79
204
111
51
286
371
-41
-329
-94
103
-72
-186
-42
-93
-408
-410
-82
-48
-301
-344
-200
-278
-440
-271
-41
-150
-350
-317
-228
-189
-94
120
89
-171
-192
80
376
356
202
123
132
198
413
541
401
104
56
299
405
356
242
97
-41
27
234
288
61
-142
-156
-49
58
56
-53
-194
-248
-183
-58
-29
-139
-274
-273
-193
-137
-136
-175
-229
-280
-245
-147
-125
-199
-270
-261
-219
-201
-209
-223
-269
-295
-299
-276
-258
-337
-414
-427
-362
-307
-165
-198
-454
-609
-223
287
217
-249
-366
3
280
338
365
406
177
1
320
854
843
342
134
418
634
563
617
685
397
51
281
738
659
193
75
261
227
83
221
354
40
-292
-126
171
37
-200
-110
-65
-317
-391
-85
31
-259
-417
-244
-180
-326
-271
-79
-136
-363
-338
-137
-76
-111
13
63
-94
-141
91
405
376
181
102
192
305
447
523
417
155
86
325
489
432
237
98
36
109
258
302
109
-109
-138
-11
101
65
-52
-186
-238
-170
-51
-29
-150
-287
-276
-177
-123
-140
-178
-232
-284
-238
-138
-131
-204
-262
-258
-186
-181
-212
-237
-265
-273
-249
-231
-255
-351
-400
-356
-345
-345
-182
-128
-413
-672
-316
285
265
-270
-427
-18
281
280
280
403
239
-27
202
773
856
347
101
406
604
461
517
706
490
43
141
637
664
240
90
257
195
9
189
418
117
-304
-174
162
65
-187
-102
-31
-290
-409
-100
51
-248
-445
-258
-153
-321
-322
-126
-144
-357
-353
-152
-95
-173
-100
87
-29
-154
2
314
369
160
103
216
280
353
466
409
230
114
274
429
372
231
139
93
96
164
216
146
-27
-99
-38
45
41
-27
-108
-177
-182
-103
-37
-95
-213
-252
-196
-148
-144
-143
-183
-249
-251
-156
-119
-171
-223
-210
-215
-203
-180
-174
-212
-282
-263
-231
-232
-309
-348
-348
-329
-371
-209
-108
-335
-592
-361
210
254
-211
-405
-9
298
268
209
343
292
72
217
683
788
353
125
429
678
478
399
600
558
197
158
545
630
266
107
297
280
42
91
360
228
-179
-181
109
91
-147
-105
17
-200
-394
-161
60
-151
-401
-291
-143
-256
-318
-156
-127
-299
-352
-179
-107
-162
-135
42
15
-140
-48
226
362
200
114
190
277
338
456
424
246
136
277
455
394
241
135
135
151
196
223
155
-6
-80
0
83
43
-56
-107
-132
-139
-112
-73
-111
-193
-218
-187
-162
-175
-184
-192
-217
-235
-199
-165
-177
-206
-242
-220
-204
-186
-183
-224
-253
-263
-220
-238
-286
-335
-336
-345
-356
-219
-126
-320
-568
-354
158
226
-218
-408
-40
281
255
179
290
269
99
231
656
741
320
117
454
699
466
356
574
597
247
173
530
606
256
116
339
316
23
54
365
267
-145
-183
103
104
-134
-92
34
-185
-400
-170
76
-131
-407
-317
-151
-248
-312
-170
-142
-323
-368
-189
-99
-193
-182
-54
29
-94
-95
138
268
216
148
214
262
273
383
480
310
185
257
408
403
285
222
160
146
192
244
186
52
-41
10
77
65
-16
-79
-108
-133
-99
-61
-93
-182
-216
-187
-165
-160
-171
-190
-226
-239
-207
-160
-175
-206
-219
-224
-228
-210
-162
-179
-256
-283
-231
-215
-234
-281
-320
-358
-358
-324
-176
-128
-350
-545
-327
157
182
-201
-358
-27
243
247
203
291
252
119
279
635
681
331
200
479
651
463
395
565
544
269
238
514
530
252
183
331
257
40
115
341
198
-131
-114
102
54
-109
-39
7
-221
-343
-112
41
-171
-375
-289
-167
-250
-288
-197
-191
-323
-340
-197
-108
-131
-151
-95
-106
-83
54
210
195
73
71
216
329
342
334
271
202
236
392
441
299
170
166
237
265
245
181
75
14
57
119
101
11
-83
-110
-88
-37
-33
-104
-186
-213
-175
-130
-122
-162
-220
-249
-210
-160
-133
-158
-216
-253
-221
-154
-145
-176
-231
-263
-225
-177
-182
-238
-269
-286
-301
-314
-298
-329
-307
-183
-228
-428
-459
-67
214
-22
-368
-209
186
295
180
202
290
176
168
479
707
466
176
317
611
552
371
458
543
356
196
393
547
339
155
273
314
111
65
286
300
-18
-136
47
108
-31
-54
6
-148
-322
-172
36
-91
-335
-331
-192
-215
-287
-218
-193
-314
-358
-237
-136
-190
-243
-184
-101
-86
-18
62
85
49
91
255
331
268
217
291
357
366
361
377
315
249
282
319
282
203
177
155
119
102
115
76
13
-38
-38
-19
-40
-74
-115
-150
-165
-152
-141
-152
-206
-253
-219
-175
-168
-201
-216
-216
-221
-204
-165
-141
-186
-234
-224
-177
-173
-190
-191
-223
-264
-272
-228
-234
-313
-358
-330
-168
-140
-347
-481
-224
129
67
-252
-258
53
200
192
207
266
179
137
371
622
514
230
244
513
578
393
377
493
416
229
303
497
401
181
211
323
205
80
206
312
99
-105
11
148
50
-64
-30
-65
-217
-207
-25
-41
-256
-343
-244
-175
-229
-244
-229
-276
-312
-255
-164
-158
-218
-205
-141
-83
-59
31
100
39
33
155
319
321
230
248
311
319
383
415
333
222
216
340
346
237
150
133
142
143
140
109
22
-41
-17
22
7
-68
-117
-124
-120
-122
-129
-148
-182
-211
-210
-170
-159
-175
-201
-215
-209
-180
-138
-142
-198
-219
-187
-153
-151
-184
-197
-206
-212
-208
-199
-212
-271
-331
-308
-291
-214
-104
-239
-460
-388
42
215
-94
-321
-84
192
220
181
244
244
109
202
502
566
289
145
360
544
390
276
408
431
251
182
378
426
215
147
277
251
85
103
279
221
-46
-70
83
92
-16
-31
-26
-164
-242
-94
3
-154
-314
-285
-188
-196
-230
-220
-230
-283
-273
-181
-105
-158
-203
-143
-65
-48
32
131
78
20
98
306
371
265
208
252
305
374
397
335
241
178
262
333
286
169
106
112
119
125
119
52
-40
-61
-20
4
-50
-106
-137
-156
-152
-144
-133
-154
-202
-220
-186
-157
-151
-163
-174
-191
-183
-131
-114
-143
-171
-179
-152
-130
-130
-142
-183
-200
-185
-151
-138
-187
-241
-229
-215
-215
-244
-205
-81
-145
-335
-316
20
200
-23
-245
-74
170
196
179
228
212
85
165
430
494
272
143
269
407
358
296
349
328
214
190
326
365
219
144
206
189
117
132
202
150
-1
-27
40
46
-9
-34
-60
-151
-200
-109
-45
-145
-261
-263
-184
-169
-209
-211
-209
-238
-234
-166
-107
-148
-188
-127
-44
-35
35
89
52
35
114
283
305
196
167
219
288
343
304
256
198
165
235
269
222
122
67
94
116
109
77
8
-31
-35
-23
-17
-51
-85
-131
-152
-118
-97
-123
-161
-180
-162
-142
-134
-123
-127
-146
-163
-132
-78
-84
-126
-143
-135
-104
-65
-79
-118
-156
-141
-79
-70
-98
-137
-157
-130
-109
-107
-123
-157
-197
-172
-36
-13
-170
-255
-51
142
56
-111
-51
96
129
153
205
192
93
145
326
373
250
208
295
315
268
296
371
308
204
216
277
274
248
225
165
109
138
189
157
90
34
-18
-13
41
36
-50
-121
-118
-114
-106
-74
-103
-185
-223
-159
-91
-126
-169
-162
-114
-96
-83
-38
-25
-34
13
77
89
75
91
155
163
143
182
197
170
156
180
189
161
143
157
134
93
99
116
89
32
22
25
8
-9
-18
-42
-71
-78
-64
-70
-94
-96
-103
-120
-111
-83
-89
-121
-129
-100
-86
-96
-95
-88
-93
-114
-97
-61
-75
-95
-94
-78
-67
-76
-69
-63
-65
-65
-59
-53
-41
-49
-69
-61
-44
-39
-58
-78
-77
-74
-71
-59
-55
-68
-93
-71
-21
5
8
-1
9
34
87
130
138
104
110
162
199
200
192
175
169
185
215
224
198
176
165
175
191
187
164
131
105
107
110
104
80
60
39
18
12
26
22
-5
-22
-30
-30
-27
-15
-20
-40
-58
-36
-5
-4
-7
-10
4
28
47
67
66
68
86
99
107
115
114
119
121
111
110
114
114
94
82
77
75
74
69
60
48
32
19
23
20
2
-24
-29
-32
-38
-44
-43
-56
-73
-71
-64
-62
-72
-73
-70
-76
-80
-73
-69
-78
-81
-65
-50
-66
-71
-53
-46
-45
-47
-45
-40
-38
-31
-29
-31
-35
-32
-18
-17
-34
-34
-35
-37
-32
-38
-43
-48
-40
-52
-50
-51
-53
-63
-50
-33
-42
-54
-44
-16
-2
3
10
17
26
57
81
80
73
91
118
127
128
131
125
125
139
153
142
119
120
128
126
114
90
97
89
70
65
67
60
39
38
45
50
36
26
28
33
33
31
48
51
35
33
56
74
74
68
64
66
76
89
95
74
62
64
74
71
64
56
42
40
50
58
50
27
18
29
28
17
9
1
-11
-24
-24
-15
-21
-47
-57
-43
-42
-49
-57
-48
-55
-70
-65
-45
-44
-57
-62
-52
-28
-22
-15
-11
-16
-20
-3
20
7
-12
-7
3
2
2
0
-3
-9
1
0
-3
5
0
-16
-11
6
-5
-15
-10
3
-6
-24
-9
-5
-14
-26
-20
-21
-32
-43
-47
-48
-57
-69
-73
-73
-74
-78
-70
-69
-75
-72
-62
-52
-43
-41
-40
-38
-30
-8
1
1
5
6
13
32
43
41
37
39
45
61
67
55
48
54
65
73
72
62
60
61
73
76
69
61
63
79
85
74
70
69
72
80
83
75
65
65
80
83
69
58
62
68
64
57
52
41
33
38
39
24
0
-6
3
-5
-24
-28
-30
-41
-51
-40
-37
-56
-60
-57
-54
-67
-67
-63
-57
-56
-61
-47
-45
-41
-36
-25
-19
-20
-12
0
3
-1
-1
4
9
8
5
7
8
7
4
10
14
5
-5
3
7
8
8
3
6
7
5
7
5
-9
-14
-8
5
5
-21
-32
-15
-13
-24
-29
-32
-33
-42
-36
-30
-36
-47
-52
-45
-35
-34
-45
-49
-44
-42
-35
-32
-32
-31
-32
-23
-14
-10
-11
-8
-2
0
3
5
9
11
11
18
17
20
17
25
28
32
36
43
47
42
52
61
62
63
72
69
66
70
77
78
69
66
68
69
62
59
50
48
44
37
31
24
18
13
13
1
-13
-20
-26
-33
-37
-36
-48
-55
-59
-52
-57
-59
-62
-68
-65
-68
-63
-56
-45
-53
-50
-41
-33
-36
-34
-22
-18
-31
-29
-12
-14
-20
-15
-11
-21
-26
-13
-7
-15
-24
-18
-8
-11
-10
-3
-3
-11
-8
4
7
2
2
1
0
4
2
6
2
-5
-9
-4
-1
0
-8
-15
-11
-11
-8
-23
-27
-20
-16
-23
-28
-27
-25
-17
-17
-18
-17
-16
-16
-12
-10
-15
-23
-20
-14
-16
-21
-25
-24
-23
-24
-21
-13
-19
-18
-17
-8
-13
-18
-13
-2
6
5
9
13
26
30
34
32
36
43
47
50
45
55
57
58
56
57
50
47
50
52
48
32
26
28
30
23
15
8
8
2
-1
1
4
0
-13
-10
-3
-4
-7
-1
-5
-11
-8
-1
-3
-4
-8
-12
-10
-2
0
-8
-9
-11
-14
-10
-5
-11
-23
-30
-26
-22
-28
-33
-38
-41
-36
-30
-26
-29
-40
-37
-26
-18
-20
-26
-22
-22
-18
-11
-10
-12
-19
-18
-12
-8
-10
-12
-10
-17
-20
-13
-6
-5
-16
-16
-7
-5
-6
-5
-9
-17
-18
-14
-4
-7
-19
-18
-21
-18
-24
-20
-10
-15
-25
-24
-12
-9
-11
-13
-12
-14
-7
-4
-4
-13
-11
-4
4
1
-5
-3
2
8
13
13
9
8
17
24
13
11
10
16
14
8
10
16
13
9
15
20
10
3
15
24
13
2
6
15
15
14
16
11
5
16
26
31
23
15
28
36
36
36
35
32
35
38
45
35
34
41
34
37
37
35
27
24
17
21
16
9
9
7
9
5
0
2
2
-2
3
1
-9
-7
-8
-6
-4
-9
-10
-15
-11
-11
-4
-8
-7
-8
-8
-7
-6
-1
-8
-10
-13
-8
-8
-12
-13
-16
-13
-10
-17
-20
-23
-27
-31
-24
-21
-32
-36
-37
-33
-29
-31
-30
-30
-34
-35
-29
-17
-19
-18
-18
-16
-14
-12
-4
-2
-4
-8
-2
8
11
7
7
2
5
12
12
11
6
5
3
5
14
17
5
0
-3
1
1
-2
-5
-10
-16
-8
0
-6
-14
-16
-7
-8
-6
-9
-5
-3
1
6
6
3
10
17
17
21
22
30
31
27
26
35
36
33
33
41
37
32
39
37
27
28
32
29
23
19
23
19
15
18
21
21
19
17
22
24
18
19
22
21
12
10
17
19
13
11
10
8
9
16
20
15
6
2
8
14
11
6
6
6
7
7
10
12
9
4
2
1
2
0
-2
-9
-9
-5
-8
-7
-11
-17
-13
-14
-10
-4
-6
-10
-8
-2
2
4
-2
-2
3
3
-1
3
6
2
1
1
2
3
4
1
0
-1
0
-1
0
-5
-10
-7
-10
-13
-21
-24
-25
-29
-32
-33
-37
-40
-37
-35
-39
-43
-39
-33
-35
-34
-27
-26
-27
-23
-11
-4
-6
-7
0
8
12
8
10
11
9
11
10
15
14
9
6
11
9
6
6
-1
2
4
6
7
-2
-9
-8
-4
0
2
5
0
2
6
9
9
4
5
8
12
14
11
17
14
16
20
16
20
20
26
30
28
24
26
26
25
27
30
28
27
23
28
26
17
14
15
15
11
12
8
9
7
10
8
8
4
4
7
8
8
3
2
-1
-2
3
9
9
4
2
7
13
19
18
17
12
8
19
23
19
17
9
10
7
13
9
5
-2
-6
3
2
-2
-8
-9
-6
-11
-11
-9
-4
-10
-15
-15
-10
-7
-9
-8
-16
-12
-4
-3
-1
-7
-3
-2
-4
2
2
-2
-10
-9
-2
-4
-11
-8
-9
-8
-10
-11
-4
-7
-13
-16
-10
-6
-12
-16
-20
-20
-20
-15
-14
-20
-22
-24
-19
-15
-14
-14
-21
-21
-15
-13
-8
-9
-9
-8
-6
-2
-3
-1
3
1
1
1
4
6
6
6
5
4
8
7
5
2
-1
-3
3
1
-2
-3
-1
-2
2
5
6
3
3
6
9
10
10
12
7
12
16
19
20
18
18
24
28
23
23
21
23
20
16
23
26
21
12
11
13
13
13
16
12
8
12
12
13
14
7
9
12
13
16
16
15
7
10
14
9
6
5
9
9
12
15
19
19
14
10
17
16
15
14
13
16
14
16
18
15
5
6
8
9
8
5
-1
-5
-2
5
4
-6
-9
-10
-4
-8
-13
-16
-18
-21
-20
-16
-13
-17
-22
-16
-16
-22
-21
-22
-20
-20
-22
-20
-18
-21
-24
-20
-19
-20
-16
-14
-14
-20
-20
-16
-20
-18
-17
-19
-25
-24
-21
-21
-24
-27
-25
-26
-27
-23
-25
-26
-24
-20
-15
-16
-12
-11
-10
-17
-13
-9
-10
-10
-14
-10
-10
-18
-16
-7
-7
-11
-13
-10
-10
-9
-6
-9
-6
-10
-13
-10
-12
-11
-11
-11
-13
-12
-7
-11
-14
-12
-9
-7
-7
-8
-2
-4
-7
-4
-3
-3
-6
-4
-2
2
-3
2
5
3
7
8
11
14
14
24
21
15
17
15
19
16
17
9
6
4
6
4
2
1
-2
5
2
-3
-1
-2
-6
-7
-1
-4
-5
-7
-9
-8
-5
-2
-1
-1
-1
-2
-1
-3
-3
1
0
1
0
-1
5
6
9
11
13
13
9
8
4
5
2
0
-1
1
0
0
-2
-7
-8
-11
-12
-14
-16
-18
-18
-14
-18
-11
-10
-12
-12
-11
-11
-17
-14
-10
-16
-17
-14
-15
-8
-8
-12
-19
-21
-18
-17
-19
-23
-24
-25
-23
-24
-21
-18
-23
-28
-22
-19
-19
-20
-22
-21
-21
-16
-10
-10
-7
-9
-6
-1
-5
-7
-6
-6
-13
-10
-9
-7
-6
-7
-5
-4
-5
-4
-5
-7
-9
-5
-4
-1
-2
-2
0
-2
-3
-2
-2
-2
-6
-6
-6
-5
-4
-2
-2
-6
-7
-6
-4
-2
-4
-6
-5
-9
-9
-10
-10
-15
-17
-14
-14
-15
-17
-15
-18
-19
-19
-18
-15
-17
-13
-14
-9
-3
-8
-7
-2
4
1
0
2
10
6
5
8
13
13
9
13
13
11
8
10
9
13
16
16
15
10
12
11
10
6
2
6
9
5
7
9
12
6
3
7
4
-1
1
-5
-5
-5
-9
-5
-10
-13
-14
-11
-12
-19
-18
-16
-21
-19
-16
-15
-14
-18
-18
-17
-14
-15
-17
-14
-13
-17
-13
-10
-8
-2
-5
3
1
-2
3
5
-1
2
7
6
2
2
0
0
-1
-1
-3
-5
-3
-5
-7
-8
-7
-12
-15
-16
-11
-12
-9
-8
-16
-15
-15
-14
-16
-16
-20
-24
-23
-22
-20
-21
-20
-20
-19
-19
-19
-19
-17
-22
-20
-15
-16
-18
-18
-14
-14
-13
-11
-15
-14
-14
-10
-8
-9
-9
-6
-3
-3
-3
-3
0
-3
-1
2
10
4
1
7
7
8
10
11
14
16
16
14
17
17
13
13
17
14
11
8
9
3
2
7
1
-1
-2
-1
0
-3
-9
-4
-2
-9
-7
-6
1
-7
-3
2
-4
-6
-2
0
2
3
3
8
2
5
8
10
10
3
15
14
17
17
8
14
15
13
14
15
16
10
6
10
12
7
1
-3
-1
1
3
1
-3
-2
0
1
-2
4
3
-5
-5
-6
-7
-5
-9
-7
-6
-13
-12
-9
-6
-12
-14
-11
-12
-12
-16
-14
-13
-15
-17
-14
-20
-21
-21
-21
-23
-25
-24
-27
-29
-28
-24
-26
-26
-29
-27
-24
-23
-24
-26
-22
-23
-23
-21
-18
-19
-14
-7
-7
-6
0
2
1
4
2
0
4
8
2
2
2
5
4
5
4
1
0
-1
3
-3
-4
-9
-10
-11
-13
-10
-17
-21
-22
-24
-21
-20
-25
-24
-26
-27
-25
-22
-21
-20
-21
-21
-20
-17
-20
-17
-8
-10
-6
-3
1
-3
-3
4
3
2
1
2
6
5
4
7
8
4
12
12
9
9
11
12
13
13
16
18
17
16
22
22
18
21
22
22
24
21
19
13
16
15
9
12
7
8
2
0
0
0
0
1
1
4
1
-1
1
-4
-3
-2
-5
-1
-2
-7
-11
-12
-11
-12
-15
-11
-15
-17
-17
-19
-17
-17
-15
-12
-16
-13
-15
-13
-12
-11
-5
-6
-4
-4
-4
-4
-4
-2
0
0
0
0
3
-2
-3
-3
-1
-1
-3
-13
-9
-11
-9
-7
-13
-12
-17
-20
-14
-18
-25
-22
-23
-21
-21
-22
-19
-17
-15
-19
-20
-15
-19
-19
-13
-13
-16
-16
-13
-10
-3
-6
-7
-5
-4
-3
-1
-1
-3
0
1
-1
0
4
4
-1
-5
-1
0
0
1
-1
3
2
2
2
2
-1
-2
-2
-3
4
4
4
3
2
-1
3
3
-1
0
3
0
0
3
1
-7
-8
-5
-5
-4
3
0
-3
-5
-9
-2
-2
-4
-5
-4
-2
-1
-4
-6
-6
-11
-2
-3
-5
-4
-2
-2
0
1
-1
-1
1
3
1
5
5
1
7
7
5
4
2
1
-1
-1
-5
-3
-4
-3
-5
-2
3
-2
-2
-2
-4
-5
-6
-9
-1
-7
-10
-10
-15
-11
-14
-15
-11
-13
-10
-10
-15
-20
-21
-22
-20
-22
-21
-26
-26
-25
-21
-23
-21
-21
-21
-17
-19
-15
-16
-15
-14
-12
-18
-14
-14
-17
-13
-21
-17
-16
-16
-16
-16
-18
-21
-20
-17
-11
-18
-15
-18
-14
-13
-13
-12
-14
-11
-14
-11
-14
-13
-16
-16
-13
-10
-14
-10
-14
-10
-11
-13
-14
-10
-10
-17
-14
-13
-10
-10
-9
-9
-11
-9
-7
-7
-11
-10
-8
-2
-5
-7
-7
-7
-7
-6
-7
-8
-7
-7
-4
-6
-5
-5
-6
-2
-3
-1
4
5
2
0
1
1
1
0
1
-2
-3
-5
-2
-5
-8
-4
-6
-5
-7
-9
-10
-15
-13
-14
-11
-10
-11
-7
-9
-8
-2
-5
0
0
0
0
-3
-4
-4
0
-7
-4
-5
-7
-6
-8
-7
-3
-7
-8
-5
-4
-5
-2
-2
-3
-3
-2
-3
-3
-1
-1
3
0
-2
-2
-2
0
-2
-3
-2
-9
-13
-2
-2
-6
-7
-11
-6
-9
-9
-8
-10
-13
-14
-15
-18
-19
-21
-23
-22
-22
-23
-17
-15
-15
-19
-19
-19
-22
-22
-23
-24
-21
-18
-14
-14
-17
-17
-14
-18
-18
-14
-13
-20
-17
-10
-14
-12
-6
-6
-8
-6
-4
-9
-12
-8
-12
-11
-11
-15
-13
-11
-12
-15
-13
-17
-18
-20
-19
-15
-16
-15
-22
-23
-27
-26
-27
-28
-29
-28
-28
-25
-27
-27
-28
-32
-31
-32
-25
-28
-23
-27
-24
-25
-23
-23
-20
-16
-16
-18
-21
-17
-18
-17
-18
-22
-18
-18
-16
-18
-13
-8
-7
-9
-10
-7
-11
-8
-4
-4
-9
-8
-3
-1
-2
-2
1
-4
-3
-2
-1
3
1
1
4
2
5
4
4
5
4
3
5
2
-2
-3
-9
-10
-13
-13
-15
-18
-16
-16
-18
-16
-16
-17
-17
-17
-15
-16
-19
-22
-18
-18
-16
-13
-14
-9
-11
-12
-7
-7
-6
-3
-2
-3
-1
1
1
0
1
2
0
3
1
2
6
3
0
-2
-4
-5
-7
-7
-10
-7
-6
-8
-12
-17
-15
-17
-21
-18
-18
-21
-21
-22
-23
-21
-26
-27
-27
-37
-32
-30
-35
-34
-28
-29
-30
-30
-35
-34
-38
-37
-42
-42
-42
-44
-34
-35
-35
-31
-35
-32
-28
-30
-26
-24
-28
-26
-21
-19
-18
-23
-19
-19
-26
-20
-21
-21
-14
-13
-12
-12
-12
-11
-5
-4
-8
-6
-3
-7
-5
-5
-11
-9
-14
-13
-10
-13
-10
-12
-17
-15
-21
-21
-22
-27
-27
-31
-29
-26
-22
-21
-18
-18
-21
-21
-20
-19
-16
-17
-14
-13
-12
-5
-6
-7
-6
-7
-4
-7
-6
-7
-1
1
7
8
8
5
7
12
8
9
10
13
13
17
14
14
12
10
5
1
4
3
5
4
1
-5
-3
-5
-6
-5
-8
-10
-12
-13
-12
-13
-17
-15
-15
-12
-14
-15
-11
-10
-12
-17
-11
-13
-12
-12
-15
-18
-16
-16
-16
-16
-13
-12
-13
-16
-11
-9
-11
-11
-10
-10
-11
-10
-10
-6
-5
-8
-9
-9
-9
-12
-6
-1
-1
-5
-4
-5
-6
-3
-6
-1
-3
-4
-4
-2
-5
-6
-8
-11
-14
-15
-17
-16
-16
-19
-20
-22
-19
-24
-29
-30
-30
-30
-28
-30
-29
-27
-27
-19
-20
-19
-18
-19
-17
-18
-17
-17
-13
-12
-11
-4
-5
-3
-5
-5
-5
-11
-6
-4
-3
-4
-5
-1
-5
-3
-5
-9
-6
-6
-5
0
4
1
0
0
1
4
4
-1
1
4
7
2
1
-1
-4
-5
-7
-7
-10
-8
-6
-5
-1
-1
0
1
-1
1
-2
-4
-6
-1
-3
-3
-1
-4
-2
-2
-5
-8
-14
-10
-8
-5
-5
-6
-7
-7
-3
-7
-3
-6
-3
3
1
5
13
10
14
11
16
17
9
8
11
9
15
18
17
16
8
7
5
3
6
5
8
7
7
8
8
8
6
3
-2
-1
-4
-5
-6
-7
-3
-6
-13
-10
-12
-13
-13
-15
-9
-6
-10
-7
-3
-1
-4
-3
-1
-2
-2
-2
-3
-6
-3
-4
-8
-8
-9
-11
-13
-11
-12
-8
-9
-8
-11
-10
-7
-9
-13
-16
-11
-13
-12
-13
-9
-5
-11
-13
-11
-7
-7
-7
-9
-7
-6
-6
-10
-10
-12
-14
-15
-15
-8
-8
-7
-5
-9
-7
-7
-8
-12
-10
-11
-6
-5
-5
-4
-5
-5
-6
-4
-5
-4
-6
-1
-1
2
3
2
0
3
5
3
7
3
3
4
6
10
11
14
15
13
16
15
12
18
16
15
16
13
15
17
14
13
13
13
13
13
13
16
18
11
11
13
11
9
5
7
7
4
4
9
10
8
7
7
9
11
13
18
19
13
12
14
15
12
13
18
16
16
19
23
22
18
19
19
16
19
18
15
13
17
16
13
17
15
13
14
14
13
16
13
9
9
11
10
11
12
5
9
9
5
5
6
6
1
6
8
3
1
1
1
1
0
3
4
2
3
1
1
-1
0
-2
-4
-12
-12
-14
-14
-10
-15
-13
-15
-14
-16
-13
-16
-14
-18
-15
-14
-18
-13
-10
-11
-15
-12
-11
-15
-12
-11
-7
-4
-5
0
5
5
6
6
8
7
6
5
6
6
2
0
2
4
2
-1
-4
-1
-1
-4
-6
-6
-2
-7
-5
-3
-2
-1
-1
-2
-1
1
3
4
5
3
3
2
-1
3
6
4
8
8
10
10
12
12
11
15
17
15
13
14
19
24
20
21
21
22
23
19
23
24
25
27
28
26
26
31
29
26
23
22
21
22
23
22
23
27
21
20
19
15
16
19
16
16
16
17
15
14
12
13
14
12
16
15
12
11
8
12
10
7
11
14
5
5
4
5
3
5
4
4
7
5
8
6
5
2
8
6
11
12
13
17
14
18
24
22
20
21
17
16
18
17
11
12
11
12
13
6
4
5
4
3
1
-3
0
-3
-5
1
0
-5
2
0
-7
-10
-10
-7
-7
-7
-8
-9
-8
-9
-9
-9
-8
-5
-6
0
-5
-4
-4
-1
0
-1
3
2
3
2
1
0
3
5
4
7
5
6
6
7
6
10
11
9
11
15
12
14
18
15
16
12
13
15
13
