-1
4
4
8
9
9
10
10
15
10
12
9
9
13
8
10
10
10
6
7
8
6
7
4
5
9
5
-1
5
5
6
6
8
6
1
0
-1
-1
-1
-1
-2
-3
-3
4
1
-4
-2
0
1
3
9
7
8
9
7
9
4
7
6
5
4
1
3
1
-3
0
2
3
2
5
4
3
8
12
9
11
9
9
11
10
11
14
14
13
13
13
7
7
3
3
3
-1
1
0
0
5
4
4
4
3
0
-4
-3
-1
0
-4
-4
-1
2
-2
-2
-2
-7
-8
-6
-11
-8
-6
-9
-3
-2
5
3
2
5
7
4
-2
-2
5
-1
6
4
4
7
9
11
14
14
12
12
12
12
10
14
8
12
14
12
13
15
13
10
12
11
12
9
7
10
7
5
10
9
11
13
13
13
11
10
12
8
6
10
9
4
5
6
6
5
10
8
6
9
11
17
11
14
19
15
16
19
13
15
16
17
16
17
16
13
12
12
15
15
14
15
10
9
15
12
14
11
10
13
9
6
8
7
6
4
3
6
7
6
5
9
6
4
3
2
2
5
4
7
10
10
11
9
9
8
14
11
11
9
5
14
8
6
9
9
9
7
7
4
4
6
6
8
8
5
5
5
4
6
4
-2
3
2
4
7
-2
-2
4
1
0
2
4
5
-1
-1
2
6
4
0
-3
-7
0
1
2
3
1
2
3
3
4
6
6
6
8
10
9
7
13
15
11
14
10
13
14
13
14
12
14
10
8
9
9
7
7
4
3
4
-1
2
7
10
12
9
12
8
7
6
5
7
8
11
13
8
11
11
9
11
10
6
5
9
11
11
11
15
10
13
14
15
14
14
13
10
7
5
8
8
12
11
7
4
12
9
7
8
6
8
3
4
4
2
2
3
-4
-7
-3
-1
-6
-7
-3
-6
-1
0
-8
-1
-5
-4
-3
-6
-3
-3
-1
-4
-4
-7
-2
-2
-4
-2
-3
-2
-5
0
1
5
5
3
1
5
6
6
6
6
6
6
10
8
10
10
9
10
10
8
8
7
10
11
8
7
2
5
2
-2
1
-1
1
0
0
-1
-2
-4
-4
-1
-5
-4
-4
-6
-4
-2
-3
-4
0
2
4
4
3
6
5
5
8
8
9
10
10
12
12
14
15
16
14
14
16
16
17
17
20
20
20
21
21
17
14
13
16
12
11
11
8
14
12
11
13
12
10
7
7
12
12
8
5
8
5
8
9
8
10
7
6
7
3
4
6
2
4
7
5
4
6
6
8
10
12
9
12
11
8
7
7
7
6
10
3
6
10
8
8
8
9
11
11
13
13
13
10
14
11
13
10
10
12
8
11
9
11
11
9
13
16
15
16
14
13
16
18
13
17
16
15
18
16
14
12
11
13
13
14
18
12
7
4
7
7
5
6
5
4
7
5
4
0
0
4
1
3
0
1
-2
-2
-1
-4
-3
-5
0
-1
-1
-1
-8
-5
0
-1
-9
-5
-6
-5
-4
-4
-2
-5
-1
-3
0
0
-6
-3
-4
0
0
-1
3
-2
3
6
2
1
5
7
6
11
15
11
9
8
12
14
15
16
12
17
13
9
8
9
13
7
5
2
5
0
-3
0
-5
-2
-1
-2
-2
-1
-1
-2
-3
1
0
3
0
3
9
8
6
10
6
3
6
9
7
8
7
9
10
11
14
9
9
9
11
8
9
10
9
11
10
8
13
15
12
13
12
9
8
8
5
9
12
6
6
4
-1
6
1
5
7
2
-1
3
5
-1
2
-1
1
5
5
5
10
6
3
4
6
7
6
5
2
4
5
3
2
1
-2
2
-2
3
6
3
6
7
4
4
1
4
8
0
3
5
3
-3
1
-1
-2
1
-1
1
4
5
4
4
0
1
5
2
4
2
1
1
-3
-5
-4
-4
-4
-7
-7
-8
-11
-8
-11
-5
-10
-13
-11
-13
-9
-9
-6
-6
-1
2
3
2
1
6
7
7
11
13
13
15
14
19
17
17
19
18
20
20
19
20
20
20
21
20
23
26
23
24
19
15
16
11
9
10
5
2
5
6
6
7
7
8
13
13
18
14
16
20
21
20
25
25
20
22
25
24
20
19
19
25
19
23
24
20
22
21
22
25
27
24
23
18
19
20
23
24
23
20
16
23
21
18
16
12
11
11
11
13
12
7
7
8
7
6
8
9
4
4
5
5
7
7
6
8
9
10
10
11
14
15
14
17
17
14
14
16
16
12
10
11
8
11
8
6
4
9
14
10
16
17
20
20
23
27
23
26
29
27
27
20
18
18
19
16
12
11
10
11
6
6
6
8
6
4
3
0
0
-1
-4
-4
-7
-4
-6
-5
0
2
4
-1
1
2
4
2
3
1
3
2
2
5
1
4
3
9
8
9
12
6
13
18
24
27
24
28
31
33
36
33
33
33
35
37
34
30
24
28
28
27
23
21
21
26
23
26
25
27
26
26
31
30
35
34
34
38
37
35
31
29
28
24
26
23
23
22
21
17
16
17
17
17
14
10
13
15
16
15
14
15
19
17
19
20
14
14
22
17
15
18
18
20
18
21
15
15
13
11
11
12
14
9
14
10
10
13
15
12
14
16
18
21
20
21
20
23
30
25
24
25
25
32
32
35
34
33
34
32
26
25
27
21
22
26
24
22
17
21
20
18
18
13
14
17
14
17
15
11
12
16
18
17
18
13
11
11
9
7
6
2
0
1
3
1
-4
-5
-3
-1
1
1
2
7
5
3
6
6
2
3
10
8
2
2
2
6
14
15
11
8
9
11
13
14
10
4
3
8
15
13
14
9
10
11
18
23
14
12
16
16
16
17
13
12
13
19
19
14
10
15
18
20
20
14
15
18
25
24
24
22
17
21
24
27
25
21
20
22
25
23
30
25
27
27
32
30
26
30
27
28
28
28
25
25
23
28
23
22
23
19
23
17
19
21
15
7
5
2
0
2
2
4
1
1
4
4
6
5
2
1
4
10
14
11
6
8
11
18
18
16
14
9
16
20
18
19
14
15
20
21
19
21
16
18
20
18
12
13
12
12
15
15
13
7
13
10
13
14
11
8
9
15
14
11
13
11
12
17
18
15
14
11
6
8
5
4
3
0
4
1
2
1
1
2
3
11
9
8
11
10
13
13
11
16
13
13
13
14
12
8
7
2
4
10
10
7
7
12
12
8
8
12
12
10
14
14
9
8
14
10
7
5
8
10
8
9
6
6
10
8
6
12
14
12
8
11
7
6
7
6
3
8
3
-3
-3
-2
-1
-5
-6
-10
-3
2
0
-1
0
4
6
8
9
5
0
4
3
1
3
3
0
6
6
7
9
3
5
6
17
17
13
16
11
15
21
23
19
16
18
19
15
15
17
12
13
16
17
12
16
14
21
22
23
20
21
25
20
26
21
20
21
17
14
11
16
17
13
12
11
9
5
10
11
3
2
2
-1
-2
-1
-6
-11
-17
-18
-14
-11
-15
-20
-20
-14
-19
-18
-18
-17
-14
-17
-16
-18
-20
-18
-18
-26
-30
-30
-38
-33
-21
-17
-22
-27
-27
-20
-12
-5
-12
-22
-22
-12
-2
-3
-7
-16
-17
-6
3
3
-5
-8
-3
4
13
12
4
8
22
31
35
27
24
27
35
39
39
36
20
28
31
37
35
34
29
25
30
32
32
32
26
26
25
23
32
31
27
29
36
36
30
35
37
35
34
33
29
26
31
24
18
20
16
10
12
12
2
-6
-2
-3
-14
-14
-15
-17
-13
-8
-15
-18
-19
-18
-18
-11
-1
-10
-16
-17
-20
-14
-5
0
-16
-23
-26
-27
-24
-21
-25
-40
-35
-22
-24
-24
-28
-29
-22
-13
-16
-20
-14
-10
3
11
19
4
5
17
33
47
50
46
36
43
59
64
59
55
44
42
50
51
41
34
28
23
21
25
24
15
12
13
13
11
7
8
13
15
15
13
14
18
27
32
33
32
31
31
36
39
32
29
30
24
25
18
16
13
4
-5
-10
-12
-17
-22
-24
-24
-22
-28
-27
-21
-21
-12
-15
-10
-7
-1
5
11
10
14
16
13
17
19
21
13
8
0
-2
3
-6
-11
-14
-18
-22
-25
-20
-28
-35
-36
-42
-50
-38
-31
-35
-43
-45
-44
-49
-37
-37
-51
-51
-29
0
-2
-4
9
17
38
65
76
69
68
77
98
113
116
102
84
79
89
95
82
66
48
34
33
35
26
11
2
2
7
13
7
6
1
8
23
35
35
29
42
50
57
66
60
56
62
65
70
74
70
65
55
54
63
53
43
38
33
30
27
28
22
10
8
7
3
7
11
5
6
12
11
5
9
15
16
18
20
16
13
16
19
20
17
12
6
5
3
6
-2
-11
-21
-26
-21
-26
-33
-42
-49
-45
-42
-53
-62
-68
-67
-69
-73
-71
-79
-81
-85
-88
-87
-79
-82
-87
-87
-88
-71
-30
-14
-22
-10
14
37
73
110
109
94
111
132
145
155
153
127
106
112
112
91
76
53
28
24
20
7
-12
-16
-20
-10
-7
-9
-21
-15
4
18
28
27
30
28
49
69
76
77
72
66
76
94
88
75
77
72
63
69
79
57
45
48
48
42
35
32
18
27
42
40
26
24
22
23
35
41
23
13
20
28
33
39
25
15
20
29
34
34
29
15
15
22
26
20
11
0
-4
-5
-1
-12
-25
-24
-36
-42
-36
-43
-56
-57
-53
-60
-68
-74
-83
-96
-99
-90
-91
-108
-120
-135
-168
-182
-164
-116
-64
-33
-48
-58
-26
55
149
204
201
161
158
222
291
307
283
222
166
161
189
197
149
74
23
0
3
4
-18
-58
-79
-81
-62
-63
-76
-73
-52
-30
-14
-12
-10
-4
28
82
92
75
61
62
78
117
141
126
81
61
63
73
90
70
25
-12
-28
-1
28
-2
-51
-47
-18
-27
-17
6
-7
-20
12
36
27
31
46
50
65
90
78
58
66
88
94
96
86
60
52
73
86
75
54
31
11
24
36
22
-2
-18
-40
-38
-22
-25
-46
-59
-50
-51
-50
-43
-47
-60
-56
-69
-78
-84
-84
-77
-69
-72
-109
-137
-139
-117
-124
-166
-212
-224
-164
-37
43
-10
-116
-106
79
250
253
191
156
146
196
329
423
326
153
109
185
250
235
160
60
-23
-18
46
67
-1
-98
-113
-59
-21
-41
-79
-93
-77
-28
17
6
-42
-43
8
74
110
90
35
12
76
152
165
126
82
55
48
82
134
110
14
-53
-31
47
62
14
-31
-42
-44
-12
48
40
-22
-42
2
36
34
30
21
6
31
66
56
32
26
49
72
83
67
40
37
54
88
96
60
7
-8
28
40
29
9
-32
-65
-47
-16
-24
-57
-80
-87
-92
-86
-80
-90
-104
-113
-118
-142
-164
-162
-143
-119
-150
-206
-251
-247
-230
-241
-254
-195
-42
32
-104
-237
-56
250
291
168
171
206
156
224
463
518
274
74
149
290
312
254
178
72
-23
-6
112
130
-20
-136
-97
-26
-43
-77
-87
-107
-106
-45
-11
-47
-75
-53
14
93
116
50
-13
34
135
181
160
125
95
62
64
125
204
145
-7
-5
94
81
23
65
89
-12
-69
5
39
8
-14
-22
-31
-46
-48
-38
-3
6
-33
-30
8
13
12
64
77
30
28
75
81
66
92
80
34
25
40
39
27
20
-12
-49
-54
-45
-53
-63
-84
-112
-125
-134
-155
-149
-142
-182
-216
-196
-203
-236
-230
-210
-249
-304
-315
-310
-292
-200
-10
75
-99
-278
-80
314
403
227
176
240
200
239
505
619
348
76
140
335
368
269
181
93
-18
-36
85
144
-24
-215
-172
-40
-58
-143
-153
-133
-142
-114
-42
-47
-117
-120
-22
82
93
17
-28
26
124
170
157
134
101
67
73
151
231
170
5
-13
141
152
21
24
110
26
-87
-2
71
-20
-85
-43
-26
-61
-73
-55
-39
-27
-36
-46
-11
-3
-10
50
102
55
4
65
119
112
129
131
70
30
75
99
73
52
6
-50
-39
-3
-23
-59
-79
-117
-155
-148
-140
-159
-183
-213
-261
-262
-242
-265
-267
-251
-289
-364
-359
-305
-303
-278
-52
141
-18
-307
-171
315
502
310
200
288
277
249
500
744
541
140
84
339
473
343
194
124
22
-60
23
156
43
-228
-276
-95
-23
-158
-243
-177
-142
-150
-101
-46
-99
-177
-98
81
140
39
-48
9
127
187
206
198
162
107
97
176
286
267
93
7
128
212
111
53
100
84
-33
-53
45
47
-63
-106
-56
-42
-111
-136
-75
-42
-85
-99
-51
-36
-56
-4
77
63
9
36
107
128
132
133
111
75
79
109
118
95
34
-10
-25
-21
-24
-38
-65
-120
-165
-170
-152
-157
-196
-233
-262
-269
-264
-256
-261
-283
-318
-356
-364
-333
-312
-262
-40
146
-14
-302
-135
387
563
346
250
346
340
346
601
815
603
206
136
405
567
401
183
111
52
-48
5
148
28
-285
-332
-117
-40
-210
-303
-219
-156
-174
-162
-88
-91
-174
-115
104
184
37
-62
66
218
239
237
253
223
157
156
255
369
317
125
52
185
273
173
77
111
102
-9
-46
56
84
-61
-144
-75
-32
-115
-162
-89
-62
-118
-116
-58
-48
-59
-8
69
52
13
34
103
163
172
160
132
88
76
123
158
112
9
-44
-32
-22
-24
-51
-100
-167
-203
-172
-154
-175
-232
-282
-282
-270
-285
-287
-263
-264
-326
-376
-381
-365
-339
-228
35
160
-96
-378
-91
494
635
353
232
325
324
393
702
868
555
128
109
442
609
399
141
54
5
-83
-1
150
-11
-352
-390
-146
-73
-258
-354
-257
-181
-216
-209
-129
-120
-198
-149
95
188
11
-104
70
265
275
241
260
244
162
167
317
442
329
83
7
194
327
201
44
61
64
-57
-64
87
85
-132
-228
-104
-30
-114
-163
-118
-89
-125
-124
-61
-29
-32
-3
77
96
34
34
133
213
210
166
134
96
96
160
200
140
9
-60
-34
4
-7
-49
-97
-180
-231
-202
-138
-149
-230
-282
-288
-279
-278
-272
-262
-250
-276
-351
-390
-341
-309
-329
-352
-170
126
106
-235
-314
184
624
518
260
264
339
355
537
828
774
337
55
218
555
595
319
62
-22
-32
-7
85
82
-156
-394
-334
-130
-87
-240
-345
-288
-196
-168
-163
-128
-137
-166
-54
137
139
-11
-31
134
269
290
276
246
200
192
254
354
374
236
70
73
226
281
147
38
34
3
-56
-23
60
-11
-183
-204
-83
-50
-143
-183
-121
-95
-122
-115
-63
-25
-14
14
47
55
48
73
132
187
183
121
66
74
139
150
101
33
-21
-56
-52
-4
-9
-112
-207
-216
-152
-130
-200
-243
-248
-257
-297
-295
-254
-274
-329
-337
-310
-352
-428
-429
-354
-339
-197
85
79
-307
-392
190
671
496
172
203
347
389
547
807
765
340
39
233
636
640
258
13
33
33
-17
80
114
-163
-427
-314
-57
-65
-280
-379
-260
-152
-181
-185
-125
-142
-208
-78
151
123
-68
-56
161
267
238
241
253
207
171
243
373
390
218
63
98
220
229
133
68
50
-10
-90
-56
46
-1
-181
-225
-113
-81
-171
-174
-97
-118
-177
-130
-33
-23
-41
8
64
55
39
91
187
219
169
137
145
156
144
165
166
88
-2
-28
8
10
-35
-92
-145
-178
-189
-191
-201
-215
-252
-298
-306
-279
-269
-302
-308
-289
-320
-400
-426
-378
-349
-420
-356
9
191
-155
-512
-126
557
637
269
151
301
339
411
719
899
547
53
42
493
724
433
96
13
12
-49
26
159
-5
-351
-412
-163
-25
-192
-382
-307
-157
-179
-250
-169
-88
-190
-179
64
184
-3
-127
55
255
261
207
226
228
162
150
275
413
331
99
14
141
225
139
39
3
-46
-132
-179
-93
94
-1
-274
-297
-108
-28
-93
-36
-26
-163
-156
36
129
77
36
33
23
83
198
195
143
118
110
154
162
123
100
105
97
12
-14
8
-57
-96
-58
-71
-177
-251
-226
-210
-213
-209
-301
-369
-347
-303
-292
-301
-283
-333
-418
-439
-415
-380
-375
-398
-163
155
30
-437
-396
325
720
433
130
200
324
393
622
876
728
247
-16
255
718
692
261
-10
-1
21
39
173
151
-182
-429
-289
-18
5
-230
-363
-251
-144
-173
-176
-70
-102
-231
-84
175
124
-97
-61
164
228
179
210
225
151
93
177
356
365
150
-17
51
187
169
73
3
-68
-127
-150
-128
-87
-76
-183
-313
-257
-135
-133
-139
-54
-63
-159
-95
81
136
103
120
118
83
140
272
289
217
159
148
163
182
167
143
106
35
-20
-5
10
-47
-85
-81
-130
-211
-219
-194
-216
-234
-256
-322
-357
-333
-301
-301
-301
-332
-399
-386
-298
-268
-332
-422
-481
-447
-345
-135
98
76
-278
-477
20
652
623
168
38
267
422
542
736
724
358
34
176
619
745
373
-14
-31
101
102
109
139
-42
-324
-303
-39
33
-191
-356
-263
-105
-114
-199
-167
-117
-161
-99
121
140
-123
-212
79
314
235
108
115
116
75
155
354
387
137
-113
-50
221
290
124
-43
-116
-130
-112
-74
-53
-113
-230
-296
-231
-118
-108
-111
-52
-26
-98
-95
72
181
148
119
159
170
133
175
285
310
208
110
111
168
168
156
160
87
-46
-83
11
46
-44
-108
-123
-167
-227
-226
-194
-194
-237
-299
-332
-330
-332
-347
-330
-292
-325
-404
-419
-356
-315
-360
-461
-482
-452
-379
-100
149
-35
-487
-386
316
675
360
57
167
354
419
573
765
640
255
62
358
749
667
221
-13
78
157
145
174
102
-160
-315
-177
28
-45
-295
-357
-199
-96
-176
-241
-177
-179
-212
-50
119
-26
-256
-147
149
219
110
78
109
66
44
198
369
280
8
-92
90
248
182
35
-50
-85
-104
-94
-68
-72
-117
-226
-307
-200
-63
-114
-184
-83
-27
-103
-80
80
126
66
96
145
148
168
219
228
231
252
212
152
176
211
181
156
104
62
34
3
-32
-43
-19
-92
-219
-229
-188
-219
-246
-253
-305
-393
-399
-330
-326
-324
-344
-411
-428
-358
-265
-289
-389
-471
-492
-431
-366
-220
71
90
-348
-597
-51
662
629
136
-23
197
422
591
753
749
444
113
163
624
920
592
41
-90
144
303
270
166
-22
-268
-295
-77
80
-68
-349
-387
-208
-113
-183
-227
-214
-231
-173
-17
-9
-176
-208
-24
129
120
67
35
-4
42
176
265
220
71
-48
-13
165
269
143
-74
-172
-88
23
-18
-97
-114
-150
-250
-266
-106
-32
-148
-180
-44
-26
-118
-83
111
196
125
60
58
132
243
319
314
228
141
123
213
341
316
158
31
11
64
98
73
-1
-96
-179
-207
-179
-165
-219
-295
-314
-335
-380
-396
-360
-327
-342
-360
-364
-383
-395
-343
-261
-247
-368
-471
-475
-420
-375
-228
83
124
-314
-624
-131
633
729
232
-51
128
412
617
784
797
488
108
128
617
971
657
58
-105
159
352
296
182
40
-192
-284
-109
100
11
-298
-419
-247
-78
-141
-266
-259
-207
-182
-110
-67
-147
-237
-143
55
136
38
-94
-76
66
164
164
143
79
-28
-50
111
256
147
-71
-149
-48
52
16
-91
-134
-162
-257
-181
20
-11
-227
-261
-41
87
25
-21
-15
21
152
242
193
111
136
222
277
332
273
139
114
174
249
251
144
-14
-95
-18
60
-16
-131
-227
-287
-267
-215
-223
-319
-388
-384
-360
-315
-321
-401
-425
-366
-305
-296
-329
-361
-344
-287
-249
-304
-357
-403
-497
-500
-291
72
166
-230
-650
-378
428
787
344
-116
-12
329
552
695
776
582
188
62
441
917
836
226
-140
97
394
342
172
92
-75
-258
-149
108
77
-256
-452
-268
-36
-107
-328
-372
-238
-197
-198
-125
-159
-313
-312
-58
109
5
-138
-132
-40
56
113
146
110
-10
-68
43
216
211
27
-73
-3
75
40
-46
-44
-13
-94
-139
17
88
-78
-185
-16
163
91
-5
25
67
129
206
214
122
64
123
202
272
247
74
17
104
172
164
108
17
-105
-116
7
25
-99
-185
-210
-215
-223
-223
-237
-264
-278
-319
-316
-272
-309
-358
-302
-205
-249
-379
-386
-257
-190
-257
-340
-365
-350
-415
-478
-429
-323
-160
-27
-161
-509
-464
188
658
362
-128
-107
280
565
646
657
541
273
125
380
854
876
312
-102
84
399
368
210
144
-14
-239
-220
36
125
-166
-457
-382
-167
-174
-341
-350
-263
-323
-358
-215
-169
-323
-354
-123
10
-121
-215
-119
0
4
-9
82
146
44
-83
7
245
273
59
-65
26
145
123
23
12
46
-36
-76
75
160
11
-137
-22
140
109
17
7
40
82
112
84
25
33
90
105
121
86
0
-6
50
91
88
43
-47
-124
-57
72
48
-86
-167
-156
-123
-97
-91
-134
-186
-218
-261
-227
-140
-167
-269
-302
-255
-247
-294
-268
-198
-242
-352
-410
-335
-257
-327
-475
-527
-470
-310
-33
75
-274
-630
-266
467
648
182
-150
75
471
650
666
642
516
287
226
610
971
699
95
-39
322
508
341
142
35
-121
-215
-55
152
-26
-438
-538
-252
-73
-259
-434
-389
-374
-413
-274
-126
-261
-470
-361
-90
-26
-139
-189
-114
-60
-45
48
150
113
-45
-47
199
325
157
-17
48
196
199
76
26
55
89
94
77
79
7
-78
2
162
148
-67
-159
-9
116
89
5
-63
-72
-21
63
83
-3
-36
-23
-2
43
66
41
-32
-75
-4
71
35
-75
-119
-53
-28
-82
-123
-140
-141
-180
-216
-200
-190
-214
-269
-304
-255
-229
-290
-311
-268
-267
-359
-391
-296
-249
-358
-499
-547
-482
-411
-289
-54
-28
-366
-641
-238
524
693
156
-233
29
533
756
709
626
486
306
282
620
982
768
168
-70
268
560
407
161
36
-90
-179
-79
81
-27
-337
-457
-299
-181
-277
-409
-400
-346
-343
-297
-248
-320
-401
-290
-64
-44
-207
-243
-89
41
27
16
91
116
36
13
174
310
197
20
48
231
280
133
34
135
198
75
-14
84
172
39
-89
-21
67
14
-72
-62
-32
-37
-60
-83
-55
2
-16
-80
-62
10
24
-27
-17
42
38
0
-9
18
33
11
-31
-48
-36
-51
-80
-92
-107
-157
-188
-182
-173
-184
-219
-266
-298
-264
-210
-240
-319
-335
-281
-256
-311
-349
-315
-288
-348
-432
-439
-399
-432
-396
-114
86
-180
-593
-372
399
741
279
-228
-51
492
733
638
549
511
331
187
454
897
817
205
-142
147
507
435
157
2
-68
-154
-125
37
36
-228
-439
-359
-172
-169
-332
-399
-320
-229
-231
-295
-323
-287
-190
-104
-99
-147
-173
-113
-17
35
70
105
65
-24
7
195
316
203
38
36
147
202
169
133
120
75
-21
53
231
204
-26
-120
58
192
114
4
-4
22
38
59
83
37
-30
-39
31
103
51
-52
-43
41
53
13
23
29
-35
-73
-2
46
-12
-82
-76
-56
-89
-106
-104
-108
-137
-172
-186
-199
-232
-214
-158
-179
-288
-375
-302
-171
-170
-286
-371
-332
-284
-291
-302
-305
-363
-472
-505
-336
-17
88
-206
-540
-324
307
584
248
-126
-26
357
592
584
509
408
287
226
420
727
681
234
-67
140
457
419
142
-10
-33
-58
-44
22
3
-187
-324
-259
-135
-169
-298
-313
-259
-266
-293
-251
-231
-306
-314
-163
-83
-202
-296
-181
0
6
-92
-90
-3
25
-3
53
174
152
-13
-41
164
313
189
8
48
225
210
75
95
225
181
16
26
186
221
74
-11
30
78
57
21
16
22
-7
-62
-47
38
59
-28
-97
-55
16
32
10
-16
-31
-30
-25
-10
10
11
-27
-67
-71
-48
-25
-41
-100
-154
-156
-127
-142
-187
-185
-157
-210
-273
-240
-173
-201
-275
-248
-183
-193
-253
-250
-198
-205
-280
-341
-323
-276
-209
-51
44
-145
-420
-248
308
549
187
-188
-46
399
634
512
316
246
298
371
476
593
516
218
35
206
442
406
174
-20
-67
11
120
101
-75
-214
-183
-120
-152
-210
-220
-218
-264
-301
-282
-253
-280
-310
-249
-175
-219
-326
-283
-93
-4
-112
-214
-137
8
51
25
53
97
67
29
95
214
241
135
41
101
230
216
79
54
158
185
114
86
125
125
88
104
121
75
16
13
46
69
55
-3
-64
-60
-8
13
7
-39
-97
-86
-28
-2
-31
-48
-39
-48
-48
-25
-14
-44
-65
-56
-60
-80
-76
-83
-105
-119
-120
-121
-139
-155
-155
-141
-132
-150
-176
-180
-145
-111
-138
-184
-175
-118
-97
-141
-205
-220
-205
-197
-203
-147
-22
8
-154
-299
-112
259
366
103
-121
-3
300
462
390
257
196
222
299
398
428
322
179
158
242
273
210
149
119
65
26
57
84
-13
-119
-85
5
-51
-208
-238
-116
-45
-129
-216
-228
-204
-174
-107
-71
-132
-223
-187
-48
15
-61
-113
-48
23
6
-20
36
84
60
32
62
91
85
76
88
115
114
82
49
83
144
134
69
43
65
71
82
88
62
5
-24
6
17
-6
-29
-41
-61
-76
-56
-19
-16
-37
-33
-30
-32
-19
4
29
5
-26
-35
-26
-1
2
-26
-53
-58
-70
-80
-52
-20
-45
-98
-102
-72
-42
-38
-64
-78
-72
-56
-56
-63
-43
-41
-79
-92
-53
-15
-40
-86
-84
-40
-15
-40
-77
-87
-62
-39
-64
-106
-120
-92
-54
-31
-51
-105
-136
-87
0
27
-16
-65
-64
-7
56
70
30
2
16
31
27
46
72
45
-13
-6
59
72
30
20
61
86
67
51
64
86
110
112
106
105
107
98
111
160
173
104
44
85
160
157
71
25
53
85
63
29
30
30
-5
-33
-6
15
-22
-65
-58
-18
-26
-64
-82
-76
-61
-51
-58
-80
-96
-74
-38
-18
-25
-45
-39
-16
0
8
21
21
0
-11
21
45
25
8
31
43
5
-14
31
78
54
0
1
51
71
47
40
52
49
34
40
82
83
36
-1
25
80
71
10
-17
28
50
6
-40
-23
19
4
-50
-78
-50
-25
-43
-79
-89
-79
-74
-73
-84
-85
-86
-97
-102
-113
-116
-103
-87
-90
-133
-150
-118
-87
-103
-137
-151
-153
-145
-126
-123
-140
-145
-124
-105
-100
-87
-61
-51
-53
-36
15
48
37
24
52
110
119
86
84
124
136
124
114
129
141
117
100
117
132
112
83
87
101
92
76
92
87
54
45
74
88
53
22
33
45
31
17
22
20
-20
-37
-1
22
-18
-59
-43
-7
-13
-36
-45
-58
-67
-61
-36
-37
-73
-99
-75
-26
-23
-58
-70
-37
-8
-12
-5
7
-4
-10
32
81
68
18
24
80
103
78
57
82
89
64
68
94
83
56
54
85
83
36
21
52
68
34
8
17
23
3
-6
14
19
-19
-42
-16
-3
-21
-46
-46
-41
-57
-73
-73
-67
-83
-104
-93
-78
-92
-122
-124
-92
-81
-100
-104
-91
-79
-84
-81
-70
-61
-59
-55
-51
-50
-35
-27
-35
-54
-47
-16
3
-18
-44
-40
-19
-13
-21
-24
-14
-23
-48
-47
-14
22
4
-46
-55
-12
28
18
-19
-29
-4
19
22
16
11
14
17
21
22
19
19
29
30
21
13
12
10
18
32
28
-13
-47
-16
32
22
-23
-39
-22
-13
-20
2
32
20
-25
-34
16
63
60
29
21
34
23
36
84
103
71
3
-3
60
102
88
42
31
24
21
46
76
73
22
-22
-5
45
61
28
-10
-7
10
16
9
15
31
13
-22
-27
11
41
13
-15
-18
-9
-12
-20
-8
-6
-21
-39
-40
-34
-21
-17
-15
-17
-32
-32
-24
-1
7
-9
-18
-14
-4
3
5
4
1
-13
-12
-8
-12
-20
-19
-13
-18
-34
-45
-27
-13
-19
-44
-51
-38
-27
-24
-27
-34
-41
-46
-44
-18
-6
-27
-44
-33
-9
-4
-22
-24
-8
-5
-20
-26
-8
0
-13
-34
-36
-10
-1
-34
-55
-43
-29
-32
-56
-61
-47
-31
-40
-63
-53
-26
-15
-29
-41
-27
1
0
-13
-2
28
31
3
-12
10
39
37
13
-2
3
7
3
11
19
1
-36
-40
-1
24
4
-31
-37
-19
-9
-1
8
3
-19
-27
1
30
26
-3
-10
5
14
9
7
17
25
9
-11
-6
16
24
12
-13
-20
-15
-5
-7
-18
-19
-15
-6
-12
-21
-13
9
5
0
11
24
15
-3
15
50
49
13
-8
15
39
36
28
23
17
11
16
25
28
10
-11
-9
12
23
1
-18
-11
0
-2
-11
-4
6
-3
-17
-6
19
24
-4
-15
13
24
7
-6
8
24
25
16
-8
-7
10
21
9
-1
8
7
-5
-1
21
27
-3
-28
-10
27
33
4
-12
-3
16
9
11
27
27
-5
-29
-4
30
23
-19
-30
-11
4
-14
-27
-12
-9
-17
-36
-34
-13
-9
-20
-27
-25
-21
-18
-10
-6
1
-3
-1
10
15
16
9
14
12
7
11
22
30
2
-20
-2
24
23
-17
-38
-23
-9
-12
-21
-30
-43
-48
-32
-5
-12
-46
-57
-24
10
-6
-37
-39
-12
4
3
6
11
1
-14
-3
27
37
9
-1
6
16
24
35
35
17
1
11
38
44
23
4
5
15
7
2
1
5
-6
-24
-21
-8
2
-1
-17
-29
-23
-5
5
0
-17
-22
-28
-13
16
20
6
-15
-17
3
17
11
11
10
8
5
10
26
32
28
14
1
4
23
31
25
10
-1
1
2
-9
-4
5
-3
-24
-38
-29
-11
-2
-20
-40
-40
-27
-17
-13
1
14
2
-18
-13
18
38
33
9
4
21
29
35
35
33
15
-1
8
38
47
16
-12
-12
11
20
0
-19
-18
-21
-23
-17
-8
-18
-42
-45
-28
-11
-26
-46
-38
-23
-16
-25
-36
-37
-29
-19
-19
-18
-21
-31
-27
-11
11
7
-20
-23
-5
15
18
18
10
-2
-5
8
29
27
11
-4
-7
-1
2
3
-2
-11
-22
-35
-29
-5
8
-16
-44
-28
2
9
-7
-21
-15
1
2
3
15
13
3
-7
5
18
22
19
10
8
9
19
21
20
14
7
9
10
8
7
10
8
-4
-14
-6
8
-4
-16
-20
-11
-3
-13
-20
-12
-1
-3
-8
-8
-1
2
5
14
19
11
9
16
43
52
36
13
16
46
55
37
22
21
24
25
19
13
9
1
-8
-13
-12
-6
-13
-26
-28
-12
-1
-7
-23
-23
-4
2
-2
-8
-10
-14
-9
10
13
-6
-18
-12
7
18
3
-13
-14
0
9
6
4
1
-4
-9
-9
5
16
-1
-18
-23
-5
9
1
-4
-4
-17
-24
-7
15
9
-23
-32
-13
6
3
-14
-19
-9
-5
-13
-13
-1
3
-15
-24
-6
7
4
-8
-7
2
3
-7
-7
5
4
-8
-21
-19
-6
-6
-22
-26
-20
-27
-33
-35
-17
-21
-45
-57
-48
-25
-21
-34
-41
-32
-24
-38
-35
-15
-2
-14
-26
-18
2
13
1
-5
-4
-5
-1
7
16
16
5
-5
-2
13
15
0
-9
-9
-10
-9
-5
-7
-18
-26
-21
-4
-10
-19
-19
-18
-15
-14
-11
-3
-5
-12
-11
-8
6
8
4
-1
4
14
15
17
9
4
17
30
24
12
13
23
31
34
31
30
27
23
27
41
37
16
7
13
26
18
8
1
5
0
0
6
1
-7
-13
-2
10
-1
-13
-14
-1
5
0
-2
-7
-5
-4
3
4
-4
-5
2
11
12
3
-3
-6
-3
8
15
7
-16
-15
-4
7
-6
-12
-13
-16
-17
-14
0
-12
-22
-27
-21
-9
-10
-9
-7
-7
-12
-12
5
21
17
-3
-5
8
9
4
6
10
9
2
-5
-3
2
6
1
-6
-12
-12
-3
-2
-6
-11
-17
-17
-16
-14
-22
-33
-36
-24
-18
-33
-42
-43
-40
-38
-39
-38
-34
-36
-42
-43
-32
-17
-23
-34
-31
-25
-16
-12
-11
-18
-22
-11
-2
1
4
-5
-3
-1
7
20
11
6
3
20
22
16
13
17
20
15
16
18
19
12
9
17
28
17
2
6
19
22
10
1
4
9
13
15
13
8
-3
-3
5
10
0
-13
-11
7
14
-2
-10
5
20
6
0
6
12
11
-1
3
12
12
2
5
20
25
3
-11
7
26
16
-7
2
18
15
-1
0
12
13
1
-6
0
7
0
-9
-1
2
-3
-16
-14
4
8
-6
-15
-9
1
-2
-11
-12
-3
-1
-10
-6
-2
4
-3
-2
4
1
-3
-5
2
-4
-9
-5
-1
-1
-6
-12
-12
-8
-11
-13
-16
-11
-12
-16
-14
-11
-13
-18
-23
-22
-17
-10
-14
-23
-22
-20
-18
-18
-24
-28
-25
-18
-16
-11
-11
-18
-17
-16
-15
-7
-6
-11
-20
-20
-6
-1
-4
-12
-12
-3
5
2
-5
-5
0
5
3
5
2
-4
-3
-7
-5
2
5
1
-3
4
8
15
12
15
14
11
11
15
20
15
11
8
5
6
12
7
6
-3
-6
4
10
4
-2
2
8
10
6
9
13
16
12
10
12
18
16
12
9
13
10
7
9
8
10
5
-2
1
4
0
1
2
1
1
0
5
4
-1
1
8
9
10
13
14
11
8
11
16
20
10
4
11
15
13
11
15
12
12
10
8
17
18
7
3
6
10
11
-1
-7
-3
-3
-2
-2
-9
-14
-19
-14
-9
-10
-15
-19
-18
-17
-10
-15
-16
-16
-16
-20
-15
-10
-6
4
0
-4
-9
-6
4
7
5
3
6
7
5
7
11
14
9
0
5
13
8
5
9
7
10
10
13
11
5
4
5
1
-2
-7
-9
-10
-11
-4
-10
-8
-13
-10
-5
-3
-2
-12
-9
-5
0
4
-1
-4
-9
-8
-4
0
3
3
-3
-7
-7
-2
3
0
-6
-9
-8
-5
-9
-7
-2
-2
-6
-8
-3
2
-1
1
4
2
1
1
7
11
12
10
12
17
19
18
20
20
18
22
21
24
22
14
19
19
15
15
13
18
16
10
8
11
10
1
-1
0
7
5
-7
-6
4
7
-4
-16
-9
0
-1
-5
-4
4
1
-6
-8
1
3
-7
-3
2
4
-2
-3
5
11
6
1
9
19
13
6
6
12
15
14
14
13
12
14
11
14
15
9
7
9
16
21
11
3
1
10
10
12
19
21
16
9
13
17
18
16
15
17
16
14
14
17
12
-5
-8
0
7
1
-9
-8
-6
-16
-23
-19
-13
-19
-24
-31
-30
-28
-33
-31
-30
-30
-31
-28
-30
-27
-21
-15
-11
-15
-13
-1
9
2
-2
8
16
17
20
23
24
20
19
27
34
28
23
23
27
27
20
17
22
21
15
11
11
9
9
3
0
-4
-7
-10
-15
-11
-13
-16
-22
-19
-15
-13
-15
-10
-9
-11
-14
-9
1
-2
0
2
11
13
9
8
13
18
15
13
16
20
19
22
25
19
15
19
22
26
22
17
11
10
18
22
20
13
9
10
17
16
21
22
11
17
18
26
30
30
26
30
37
37
37
38
40
37
31
31
43
37
29
23
23
28
22
15
13
16
12
8
10
14
10
0
-6
-4
-5
-5
-4
-3
-8
-10
-9
-7
-5
-5
-8
-8
0
-4
-9
0
5
-1
-2
2
7
12
10
14
14
11
13
14
14
18
14
6
6
13
20
15
10
7
9
6
8
5
6
7
3
3
-3
0
2
1
1
3
-1
2
1
9
9
4
2
-1
4
12
15
12
5
2
9
14
9
8
7
3
0
6
13
9
3
-3
1
4
1
4
5
0
-7
-3
3
6
2
-5
-7
-5
-2
-4
-5
-4
0
-7
-7
4
7
3
1
11
13
21
18
21
28
30
31
29
42
44
53
79
124
144
100
23
-38
-8
51
55
-16
-60
-31
4
1
6
25
18
14
8
9
-7
-15
-7
-15
11
29
22
-7
-23
-7
3
17
12
6
8
16
25
14
8
11
29
38
33
34
31
9
0
14
35
32
16
15
15
20
15
-3
5
19
17
14
5
16
16
13
27
32
28
34
57
48
32
32
45
47
38
22
13
20
11
-2
-22
-24
-4
1
-12
-34
-36
-6
6
5
0
2
-6
-7
6
7
23
28
22
17
22
32
35
26
17
13
19
27
19
4
-1
8
19
7
-3
-3
12
18
13
11
2
6
13
12
1
-2
3
2
-2
0
8
12
3
-4
-6
13
24
21
8
9
22
16
11
19
30
30
26
27
26
18
9
10
17
26
27
20
11
8
9
10
11
16
14
4
-3
0
6
0
7
15
16
11
6
6
8
11
17
24
25
20
15
15
25
34
28
27
33
36
33
25
20
23
31
24
22
18
19
18
16
16
22
24
20
21
22
23
16
11
9
19
26
22
20
12
9
12
18
26
27
25
17
13
19
26
25
19
29
28
18
18
16
18
18
15
19
16
17
15
12
6
5
3
6
4
3
6
0
0
-2
2
4
6
-3
-2
-2
-5
-6
-4
3
5
2
-1
4
8
8
8
4
7
11
13
16
8
9
12
14
15
14
18
15
15
19
18
21
15
13
11
16
24
28
22
12
16
20
21
17
13
11
14
12
12
14
11
12
10
10
13
10
1
-5
0
3
4
-2
-4
-2
2
-4
-6
-7
-5
0
-10
-11
-15
-21
-20
-15
-12
-12
-12
-3
-4
-6
-6
-3
-1
1
3
11
9
10
10
14
18
19
12
16
26
22
16
15
19
23
28
35
34
31
24
21
24
28
30
24
16
15
18
21
24
26
25
21
19
21
21
18
24
14
9
10
16
17
8
8
4
9
8
11
2
-1
6
2
3
1
4
2
0
5
0
-1
5
11
9
10
5
4
2
9
16
7
8
12
14
13
13
16
19
20
20
15
11
16
16
15
15
16
16
21
22
17
19
23
19
14
15
16
18
12
5
3
7
16
12
5
2
8
9
4
5
4
6
4
-5
-9
-5
-2
-5
-6
-2
-2
-13
-14
-5
-2
-8
-12
-7
-3
-5
-11
-13
-9
-5
-10
-8
-5
-8
-7
-6
2
-1
-3
2
4
5
5
1
5
12
11
15
18
19
11
9
8
17
20
14
12
8
11
16
19
20
22
18
17
19
16
17
18
23
18
16
17
20
16
7
3
10
17
16
13
7
9
10
11
10
4
7
6
2
1
-1
1
2
7
7
2
-6
-2
6
10
7
10
14
14
11
15
15
12
9
10
9
14
17
11
11
13
18
17
21
26
23
20
19
24
21
24
21
25
26
22
25
20
21
20
27
24
19
20
18
14
12
14
17
19
13
7
6
9
12
8
-3
1
-1
-1
-1
-9
-11
-10
-5
-7
-8
-4
-7
-6
-9
-7
-9
-11
-12
-17
-12
-11
-4
-9
-17
-7
-7
-5
-6
-4
1
-8
-3
3
7
14
12
8
8
9
14
22
21
20
19
20
22
23
26
24
20
16
14
15
19
17
16
9
7
9
11
11
7
2
-1
-1
-1
-3
-6
-9
-11
-16
-12
-8
-11
-11
-13
-6
1
1
3
-2
2
8
4
4
7
7
7
9
13
8
9
7
10
10
13
18
20
22
22
30
26
30
28
27
28
28
33
31
39
35
35
36
35
38
37
36
27
31
25
25
26
26
26
18
19
18
19
21
17
17
17
11
11
10
15
10
15
19
18
18
17
22
25
26
18
17
24
28
26
24
22
26
28
25
25
26
23
22
20
23
24
25
22
23
26
23
24
23
24
21
21
24
20
20
21
26
24
25
19
17
24
22
19
21
18
15
21
14
16
12
8
10
8
10
7
9
8
8
7
5
8
12
13
17
14
11
12
15
13
12
11
13
18
17
16
20
24
26
20
16
18
27
23
22
19
15
19
14
19
18
15
15
11
11
13
13
14
7
9
8
6
16
14
5
2
7
7
6
0
-4
4
2
-2
1
-3
-1
6
6
7
1
3
2
3
0
3
3
-4
0
5
8
6
4
5
3
4
8
10
8
7
9
10
10
14
15
12
13
16
20
22
22
22
22
21
25
21
22
24
27
25
26
28
30
31
30
30
28
26
24
22
22
20
15
16
16
16
19
19
15
13
11
10
14
10
9
8
15
13
9
10
11
13
11
14
12
12
19
12
9
10
11
9
6
2
4
3
1
0
4
6
5
1
1
8
6
5
5
5
9
12
10
8
13
13
14
16
23
23
20
24
17
21
20
15
16
16
16
14
12
13
11
15
14
15
14
13
11
9
12
16
14
7
5
4
3
9
8
6
3
2
3
1
2
2
7
1
0
1
6
5
3
5
8
11
6
6
12
13
8
10
8
13
7
9
9
8
13
12
11
12
12
13
9
9
18
15
12
9
8
9
9
13
11
12
7
6
10
7
4
7
6
7
10
9
10
12
10
8
12
19
25
21
18
19
21
20
21
21
26
22
20
21
23
31
28
26
26
28
28
23
22
22
25
24
22
19
22
21
20
21
22
22
19
14
16
13
12
12
7
7
9
13
13
10
12
10
11
10
8
11
10
9
7
4
7
16
14
14
12
11
6
6
2
4
5
0
2
0
3
-1
-1
-2
-2
0
-1
-1
1
2
-3
2
5
4
5
10
3
8
6
10
8
6
7
9
5
5
10
5
7
9
9
9
8
2
2
3
8
3
4
2
2
4
3
3
1
-2
-4
-3
-5
-6
-6
-11
-11
-8
-10
-16
-16
-15
-12
-10
-8
-12
-11
-7
-6
-5
-4
-6
-9
-10
-8
-7
-4
-5
-4
-2
-3
0
3
-1
0
5
8
5
5
3
3
8
7
4
6
10
13
15
12
15
10
13
19
16
18
19
18
19
21
19
21
22
18
21
18
13
20
19
18
20
17
18
19
18
18
18
19
19
14
17
15
15
15
17
18
11
10
12
12
15
16
7
7
7
8
11
16
11
10
10
12
16
15
13
11
8
6
11
7
11
10
8
9
12
14
11
6
9
8
6
11
11
9
6
4
5
3
1
0
0
6
9
3
3
1
4
3
1
2
2
4
-3
-2
1
-3
-6
-9
-9
-5
-5
-2
0
-2
-4
0
-5
-2
2
-6
-2
0
-4
-2
-4
-6
-7
-7
-8
-10
-12
-9
-13
-9
-13
-20
-20
-18
-12
-14
-12
-18
-17
-16
-21
-18
-12
-11
-12
-8
-8
-6
-6
-6
-9
-9
-3
-8
-5
-6
-13
-12
-13
-8
-10
-13
-16
-18
-16
-17
-15
-19
-18
-17
-16
-19
-17
-13
-15
-11
-9
-7
-10
-10
-14
-6
-5
-9
-3
-3
-7
-6
-7
-7
-8
-9
-5
0
0
-3
-6
-4
1
1
-1
2
3
4
5
4
6
1
8
5
1
-5
-7
-2
0
-1
-4
-3
-1
3
-8
-8
-8
-9
-10
-9
-5
-12
-9
-15
-9
-7
-14
-13
-5
-8
-9
-8
-9
-3
-3
-3
1
4
7
10
10
10
10
12
15
19
19
18
18
15
15
16
14
12
12
13
11
12
6
5
9
6
3
6
6
5
3
1
3
1
-1
1
2
1
-1
-5
-5
-1
-3
1
-1
-1
0
-2
0
2
3
-3
-5
-4
-5
-8
-10
-7
-9
-8
-5
-7
-8
-6
-5
-9
-8
-7
-4
-7
-4
-2
-2
-4
-5
-4
-5
-2
-7
-4
-2
-6
-5
-8
-5
-5
-3
-7
-4
-7
-7
-4
-9
-9
-7
-7
-9
-6
-7
-5
-4
-7
-6
-3
-2
-5
1
0
-2
-1
-4
1
-3
-5
-4
-2
-2
-4
-6
-5
-3
-5
-1
-5
0
3
2
2
0
-3
-3
1
0
2
0
0
-3
0
4
2
-2
-6
5
6
2
6
4
3
3
5
6
-1
0
2
-2
3
-1
3
-1
-3
0
-1
-1
2
1
2
2
2
3
-5
-6
-2
2
-2
-2
-1
-5
-7
-7
-8
-8
-10
-6
-3
-2
2
-1
-5
-4
-7
-8
-8
-10
-15
-12
-12
-13
-16
-20
-17
-16
-22
-17
-13
-16
-13
-15
-12
-11
-12
-11
-14
-15
-11
-17
-13
-19
-14
-16
-17
-18
-22
-14
-15
-13
-15
-10
-13
-10
-10
-12
-10
-8
-7
-10
-11
-12
-13
-13
-14
-19
-18
-17
-20
-20
-20
-24
-25
-20
-18
-16
-17
-18
-15
-12
-9
-12
-13
-18
-18
-13
-13
-14
-15
-19
-22
-20
-17
-21
-16
-15
-17
-11
-14
-12
-9
-4
-10
-9
-6
-8
-9
-11
-15
-16
-12
-14
-11
-9
-10
-9
-8
-3
2
1
-2
-4
-5
-8
-6
-5
-3
-2
-2
5
5
3
7
4
6
4
-1
2
5
2
-1
1
3
1
1
0
-1
-4
-2
1
1
1
1
0
2
2
0
0
0
1
1
1
2
4
2
2
3
2
4
0
0
-3
-8
-9
-6
-2
-3
-4
-2
-4
-10
-7
-9
-6
-5
-8
-12
-7
-7
-10
-13
-13
-13
-13
-10
-15
-14
-15
-10
-15
-15
-13
-13
-15
-13
-12
-17
-16
-15
-18
-14
-10
-13
-11
-17
-19
-13
-10
-12
-11
-14
-11
-11
-9
-8
-5
-4
-7
-6
-6
-2
-4
-5
-8
-7
-9
-7
-8
-9
-7
-11
-12
-11
-10
-13
-16
-18
-22
-23
-23
-23
-20
-24
-26
-27
-26
-24
-28
-26
-28
-26
-21
-23
-25
-25
-27
-27
-28
-27
-24
-28
-30
-26
-27
-30
-29
-26
-24
-23
-24
-24
-22
-24
-25
-25
-26
-25
-23
-22
-22
-24
-27
-23
-23
-22
-22
-17
-14
-15
-15
-18
-18
-21
-23
-19
-17
-20
-18
-18
-15
-18
-21
-19
-19
-20
-21
-20
-20
-25
-25
-25
-25
-25
-24
-25
-27
-27
-32
-26
-20
-21
-21
-19
-17
-21
-18
-17
-16
-19
-17
-13
-13
-11
-14
-8
-3
-1
-1
-2
-3
-5
-3
-3
-6
-4
-7
-5
-1
-3
-4
-5
-1
-2
-2
-1
-3
-1
-3
0
-5
-4
-3
-3
0
-3
-3
-7
-11
-9
-11
-11
-13
-15
-15
-18
-17
-16
-15
-15
-20
-18
-16
-17
-14
-20
-20
-15
-16
-17
-15
-17
-17
-15
-16
-14
-17
-17
-16
-13
-9
-10
-11
-9
-10
-7
-7
-8
-5
-8
-9
-10
-11
-8
-9
-9
-6
-9
-9
-9
-15
-12
-9
-14
-15
-19
-18
-16
-17
-19
-21
-18
-23
-15
-16
-19
-14
-20
-17
-14
-7
-10
-13
-11
-11
-12
-12
-11
-14
-16
-14
-15
-14
-12
-11
-15
-14
-15
-17
-16
-17
-18
-14
-13
-15
-16
-16
-17
-18
-19
-17
-17
-17
-17
-20
-16
-14
-14
-18
-13
-14
-13
-15
-11
-12
-12
-7
-8
-7
-9
-9
-8
-4
-9
-2
1
-6
-6
-7
-5
-8
-10
-8
-6
-10
-10
-7
-11
-8
-13
-9
-9
-7
-8
-11
-12
-9
-10
-11
-10
-11
-8
-4
-10
-10
-9
-11
-15
-16
-13
-12
-9
-10
-8
-11
-13
-14
-9
-9
-9
-8
-12
-6
-5
-7
-8
-8
-8
-7
-7
-5
-9
-7
-1
-9
-7
-9
-7
-2
-2
-1
-7
-10
-5
-5
-9
-5
-8
-9
-8
-6
-8
-9
-8
-10
-6
-10
-8
-9
-12
-6
-7
-6
-10
-12
-12
-18
-13
-8
-9
-10
-7
-12
-10
-12
-14
-16
-19
-14
-14
-15
-12
-15
-16
-17
-14
-14
-17
-14
-14
-14
-13
-12
-12
-10
-6
-8
-5
-6
-9
-10
-7
-9
-7
-4
-8
-6
-2
-5
-11
-9
-9
-5
-7
-14
-7
-7
-9
-5
-12
-13
-11
-9
-17
-18
-22
-22
-21
-21
-21
-23
-20
-23
-24
-23
-21
-21
-21
-16
-17
-16
-14
-15
-10
-12
-15
-17
-13
-14
-10
-7
-2
-1
1
-1
-1
2
1
4
3
3
1
5
2
2
0
-3
-5
-7
-5
-3
-4
-3
-5
-8
-4
-7
-1
-5
-4
-8
-5
-3
-6
-4
-8
-3
-4
-3
-5
-6
-7
-4
-3
1
0
-2
-7
-6
-3
0
0
-5
-3
-6
-6
-7
-10
-12
-11
-7
-12
-14
-12
-15
-10
-8
-7
-2
-6
-6
-2
-4
-4
-4
-5
0
-6
-1
2
-3
0
-2
-4
-3
-1
-7
-5
-9
-11
-9
-6
-6
-4
-8
-9
-4
-6
-5
-6
-5
-3
0
-4
-5
-1
0
2
5
3
7
7
5
5
3
0
-2
0
0
4
2
-1
-3
0
2
-1
-4
-6
-7
-4
-4
-5
-4
-4
-6
-8
-5
-6
-5
-5
-6
-8
-10
-7
-8
-8
-8
-3
-6
-11
-11
-8
-10
-10
-8
-9
-8
-7
-8
-6
-6
-6
-6
-5
-1
-2
-1
2
5
5
5
5
7
8
9
6
9
12
8
8
8
6
10
14
15
14
9
13
14
12
12
5
5
6
4
1
3
1
1
7
8
10
8
9
6
5
3
2
9
4
6
7
3
9
6
7
4
8
9
7
8
10
12
11
13
12
16
13
10
14
14
15
13
16
17
16
13
14
11
15
17
16
17
14
16
15
15
14
17
15
11
11
12
17
18
19
17
15
17
11
11
12
13
10
8
8
8
8
7
7
8
11
10
11
6
9
14
11
14
6
9
9
4
3
1
4
4
1
2
1
1
-2
2
2
0
1
1
-3
-4
0
0
-3
-5
-7
-13
-10
-16
-11
-8
-4
-9
-10
-5
-4
-6
-5
-4
-6
-5
-4
-2
-3
0
-1
-6
-3
-2
-1
0
-7
-4
-5
-4
-4
-5
-7
-2
0
-2
0
-1
3
9
7
7
7
7
9
4
7
6
6
6
10
6
0
2
3
4
1
5
2
3
6
5
2
5
3
6
6
5
6
4
8
8
10
7
10
11
10
14
18
17
16
12
13
20
17
20
19
20
15
15
19
16
19
20
21
17
19
22
