-1
-2
0
-2
2
-5
-3
0
1
-1
-2
-2
-7
-7
-4
-1
-6
-7
-4
-7
-8
-6
-3
-6
-3
-5
-1
2
1
4
6
5
4
4
3
3
6
-1
3
2
2
2
0
-3
-1
-4
0
4
5
3
1
5
1
4
6
2
2
3
1
-1
-2
-3
-3
-5
-2
1
0
-1
1
1
2
3
1
3
3
-1
0
1
4
0
0
3
3
4
2
3
5
8
7
5
7
4
-2
-2
0
-4
0
0
1
4
4
4
3
3
-1
1
4
4
4
5
2
5
6
3
4
5
4
4
8
6
4
4
4
4
3
2
4
6
4
9
7
5
7
3
5
5
10
9
7
7
11
9
9
11
11
10
9
9
5
4
3
4
6
6
3
4
3
4
0
-1
0
-6
-2
-8
-11
-10
-8
-7
-10
-6
-11
-11
-11
-12
-9
-9
-4
-3
-4
-4
-4
-3
-5
-2
-2
-8
-7
-2
0
2
1
3
3
2
2
2
3
2
5
6
6
10
6
5
4
5
5
6
4
5
8
10
7
7
7
5
7
6
5
2
2
1
6
1
0
3
-2
1
3
-1
0
1
1
2
0
-6
-2
-5
-3
-5
-6
-6
-10
-10
-12
-8
-13
-7
-7
-5
-5
-4
-3
2
-1
0
1
-4
2
-1
3
2
1
4
3
1
1
3
1
4
3
8
10
6
5
6
8
8
6
6
2
5
4
3
5
1
7
3
3
2
1
2
1
4
2
1
4
-2
1
-1
0
2
1
0
0
-3
2
4
1
-2
-4
-5
-7
-4
-5
-4
-5
-8
-9
-8
-10
-7
-3
0
0
-2
-2
-1
1
0
-1
-2
-6
-5
1
4
-2
-2
-2
-2
-8
-8
-9
-11
-8
-14
-7
-3
-3
-4
-3
2
-5
-10
-6
-10
-11
-12
-9
-11
-11
-10
-10
-12
-8
-8
-7
0
4
3
1
0
1
3
4
1
0
1
1
3
4
0
-1
-2
-5
-7
-8
-7
-4
-7
-1
-2
-4
-1
-3
-4
-4
-4
-6
-1
-2
-5
-3
-1
-5
-3
-2
-5
-1
-4
-6
-4
-4
-2
-1
7
-8
-3
3
-1
-5
-4
2
-4
-1
-5
-8
-3
-1
-4
-6
-4
-4
-5
-5
-6
-8
-9
-10
-9
-8
-9
-8
-10
-8
-7
-6
-5
-3
-4
-4
0
-5
0
1
-2
-1
-3
-2
-5
-1
-2
-4
-4
-6
-4
-5
-5
-1
-6
-6
-8
-6
-9
-13
-10
-15
-14
-13
-14
-12
-12
-14
-13
-12
-14
-20
-17
-19
-22
-19
-18
-16
-19
-19
-17
-18
-20
-22
-22
-24
-22
-23
-22
-23
-21
-21
-19
-20
-19
-16
-21
-22
-19
-20
-19
-23
-20
-20
-21
-15
-19
-19
-17
-20
-18
-21
-23
-23
-17
-21
-22
-21
-19
-15
-17
-12
-14
-14
-15
-15
-17
-16
-19
-18
-13
-15
-15
-13
-14
-17
-20
-19
-18
-19
-16
-15
-17
-18
-20
-19
-17
-16
-17
-17
-20
-20
-19
-20
-18
-13
-20
-17
-16
-15
-15
-16
-19
-24
-20
-23
-23
-21
-21
-19
-18
-17
-17
-13
-12
-11
-15
-16
-11
-11
-11
-11
-11
-17
-14
-10
-9
-15
-17
-13
-13
-12
-12
-13
-12
-12
-12
-10
-9
-9
-14
-13
-15
-12
-17
-15
-19
-19
-13
-14
-12
-13
-11
-12
-15
-18
-16
-15
-16
-15
-15
-14
-17
-18
-17
-17
-19
-19
-20
-21
-22
-19
-22
-19
-15
-18
-14
-17
-12
-14
-15
-18
-17
-13
-17
-20
-19
-21
-18
-18
-20
-20
-23
-19
-18
-21
-21
-25
-27
-26
-25
-25
-29
-26
-30
-31
-28
-22
-26
-27
-20
-26
-27
-26
-20
-23
-23
-21
-22
-21
-19
-17
-23
-20
-17
-19
-20
-18
-17
-14
-12
-13
-12
-14
-8
-11
-13
-9
-11
-9
-11
-10
-8
-10
-9
-9
-7
-12
-10
-11
-13
-10
-11
-11
-11
-6
-6
-7
-10
-12
-10
-10
-12
-9
-12
-18
-17
-12
-10
-9
-8
-10
-5
-3
-7
-2
-5
-4
-4
-5
-6
-8
-1
-7
-11
-9
-5
-5
-7
-8
-6
-10
-8
-6
-7
-7
-12
-12
-11
-8
-8
-5
-7
-6
-2
-2
-4
-6
-5
-4
0
-2
0
0
-3
0
-2
-4
-8
-7
-10
-6
-4
-7
-8
-6
-6
-12
-10
-13
-13
-10
-13
-14
-14
-19
-18
-21
-23
-23
-21
-18
-18
-17
-15
-11
-12
-10
-9
-13
-15
-17
-16
-17
-18
-13
-9
-13
-12
-13
-15
-16
-16
-15
-17
-14
-16
-18
-16
-25
-24
-22
-23
-20
-23
-25
-23
-23
-23
-23
-23
-24
-25
-23
-26
-20
-24
-23
-23
-20
-18
-20
-20
-25
-21
-24
-23
-26
-19
-19
-20
-17
-11
-10
-11
-16
-18
-16
-14
-10
-11
-11
-8
-11
-13
-11
-13
-12
-7
-9
-11
-9
-9
-6
-6
-7
-7
-11
-13
-10
-12
-12
-10
-10
-9
-13
-12
-14
-12
-15
-14
-9
-9
-12
-11
-12
-12
-10
-15
-8
-9
-11
-9
-10
-10
-11
-12
-12
-10
-17
-13
-14
-14
-8
-6
-1
-4
-6
-2
-2
-1
-5
-6
-5
-3
-1
3
-1
-2
-2
-3
-4
-6
-5
-6
-4
-6
-3
-6
-7
-9
-10
-7
-8
-5
-6
-8
-9
-4
-6
-4
-3
-9
-7
-10
-13
-14
-7
-7
-9
-8
-9
-8
-6
-12
-13
-17
-15
-11
-10
-11
-9
-8
-10
-6
-6
-4
-6
-6
-10
-9
-12
-19
-14
-15
-11
-14
-17
-17
-16
-18
-20
-21
-18
-18
-18
-17
-20
-20
-18
-15
-16
-14
-15
-12
-15
-19
-19
-19
-22
-20
-20
-18
-17
-19
-17
-16
-17
-13
-13
-11
-10
-11
-9
-10
-3
0
-4
-4
-1
-3
1
-2
-4
-6
-6
-6
-7
-8
-9
-9
-9
-8
-12
-7
-10
-8
-6
-6
-4
-2
-3
-6
-3
-5
-5
-2
-5
-5
-4
-8
-2
-4
-6
-4
-5
-4
-4
-6
-3
2
0
-3
-3
-4
-4
-3
-7
-6
-5
-7
-11
-6
-2
-4
0
-7
-8
-4
-2
-4
-5
-8
-13
-11
-12
-10
-7
-6
-5
-7
-4
-8
-1
1
1
2
1
1
2
1
1
1
-2
0
-2
-7
-5
-4
-5
-6
-5
-3
2
4
3
0
1
4
4
10
8
8
6
4
1
-1
1
2
-3
-7
-3
-7
-12
-11
-12
-14
-13
-17
-14
-17
-18
-17
-16
-15
-13
-16
-18
-16
-23
-22
-21
-22
-25
-24
-26
-22
-27
-27
-24
-30
-29
-31
-28
-31
-30
-27
-29
-27
-24
-23
-26
-25
-24
-24
-24
-22
-20
-19
-15
-16
-17
-16
-15
-15
-17
-15
-13
-9
-11
-8
-5
-7
-4
-10
-8
-8
-5
-5
-5
-4
-7
-11
-6
-8
-8
-5
-6
-9
-8
-7
-11
-13
-14
-10
-10
-17
-20
-18
-19
-18
-13
-12
-14
-16
-15
-15
-17
-17
-16
-15
-17
-8
-9
-15
-5
-9
-5
-6
-6
-4
-8
-1
-5
-9
-9
-7
-8
-7
-9
-6
-6
-1
-4
1
0
-3
-6
-3
-1
-3
-3
-6
-4
-5
-3
-5
-9
-6
-5
-1
-3
-3
-2
-6
-8
-7
-4
-8
-9
-4
-7
-6
-5
-8
-4
-3
0
-3
-9
-2
-6
-9
-7
-6
-7
-1
-3
-5
-2
-2
-3
-5
-7
-9
-8
-7
-5
-5
-5
-8
-9
-8
-13
-12
-11
-21
-21
-21
-20
-20
-21
-24
-24
-23
-27
-26
-23
-23
-25
-26
-25
-26
-26
-30
-27
-27
-26
-26
-25
-25
-25
-25
-26
-24
-24
-26
-21
-25
-24
-18
-18
-19
-16
-13
-19
-20
-18
-20
-18
-17
-18
-20
-19
-15
-18
-17
-18
-21
-17
-19
-19
-18
-19
-17
-21
-18
-18
-18
-19
-22
-20
-22
-21
-21
-22
-22
-20
-16
-17
-20
-15
-15
-16
-14
-15
-16
-15
-14
-18
-16
-13
-12
-13
-16
-11
-11
-13
-10
-8
-9
-7
-3
-3
-10
-5
0
-3
-4
-6
-3
-10
-8
-6
-8
-5
-5
-5
-2
-3
-4
-3
-7
-7
-5
-3
-5
-2
-1
-7
-3
-3
-5
-2
0
0
-1
0
-3
1
-3
-1
5
0
4
3
4
5
0
-1
-2
-1
1
1
0
1
2
3
3
1
-2
-4
-9
-10
-8
-11
-14
-13
-13
-9
-10
-10
-10
-12
-16
-18
-16
-20
-21
-23
-24
-19
-21
-22
-28
-24
-22
-21
-22
-28
-24
-22
-20
-23
-26
-25
-22
-24
-24
-24
-25
-23
-20
-21
-24
-20
-25
-26
-25
-26
-22
-21
-23
-17
-19
-17
-13
-9
-9
-2
-8
-9
30
17
-86
-54
49
-30
-72
-3
-24
-64
-8
-11
-50
-20
1
-23
-26
-5
-13
-23
-10
-9
-16
-10
-11
-14
-14
-17
-16
-16
-18
-15
-11
-11
-8
-9
-4
2
39
66
-49
-71
49
30
-40
-11
-4
-42
-12
7
-37
-26
9
-19
-34
-3
-5
-20
-3
-1
-8
2
1
-1
10
6
0
9
6
-9
6
11
5
2
7
6
6
0
-2
4
0
1
2
-2
-5
-3
4
5
-1
1
9
-1
-7
3
7
1
6
3
2
5
2
4
7
4
10
13
5
-1
6
15
4
3
5
0
-1
0
1
3
1
-6
-1
3
-3
-10
-6
-1
-14
-16
-8
-14
-15
-6
-1
9
16
18
-11
27
8
-45
19
22
-29
-6
10
98
-13
-175
17
58
-97
-70
24
-61
-70
3
-11
-59
14
69
3
-9
83
52
13
100
-35
-80
52
3
-21
25
-96
-97
-4
-39
-89
85
45
-150
-8
33
-61
-37
-10
-39
-24
3
-26
-31
20
16
-21
26
34
-10
69
64
-13
72
95
-8
51
67
42
70
1
-51
10
-12
-30
0
-35
-81
-64
-43
-45
-63
-53
-36
-39
4
-4
-22
-21
28
41
14
33
52
50
34
47
58
123
33
-24
77
66
0
24
73
49
15
57
70
-54
8
84
-33
-21
2
-52
-39
-56
-51
-18
-39
-41
8
-18
-52
-13
9
-9
-12
22
20
-9
38
55
23
12
28
37
25
39
65
43
16
26
34
35
3
6
24
32
-1
6
50
13
57
58
-14
-12
3
-11
1
-8
-46
-113
-53
-8
-97
-43
-4
-60
-63
-10
-3
-46
-18
31
7
-19
8
28
-3
15
9
16
22
-25
11
18
-30
-60
-37
-21
-59
-48
-48
-50
-19
-56
-29
-13
-30
-36
9
-1
-44
-21
-22
-21
-18
-24
-7
-28
-19
-8
-53
-40
-15
6
-16
-19
-19
-21
-23
-21
-29
-6
-2
-24
-14
-3
-36
-15
13
-27
-25
-2
-19
-41
-22
-18
-25
6
-7
-11
-8
-3
-12
-18
-4
0
-5
-16
3
4
-17
-30
14
23
5
13
26
29
10
9
16
29
34
17
26
15
7
3
3
14
34
-3
-15
14
6
-1
6
27
-12
-13
-21
-8
7
-20
9
6
-19
-9
11
19
20
-7
11
-3
1
-6
-11
7
7
11
0
-4
-13
10
32
20
25
51
38
4
12
30
47
33
30
52
46
24
16
25
23
11
43
59
18
-4
32
17
-18
-6
15
26
25
7
-40
-43
-28
-11
-3
-8
-1
27
25
-12
-4
12
27
64
59
31
6
5
-5
-8
-1
7
18
17
-14
-46
-18
-31
-24
-11
-2
12
-18
-16
-35
-8
18
-4
23
29
22
-12
-16
-9
-12
5
12
21
-3
-32
-14
-6
-4
10
14
7
17
6
-15
-11
-35
-24
10
14
26
0
-22
-7
2
3
13
39
11
-3
8
11
-6
-34
-24
-20
-3
1
-24
-28
-9
-16
-28
4
15
13
0
-5
9
-6
-3
17
32
14
16
54
29
4
33
48
36
45
52
34
41
28
21
34
34
22
28
49
19
2
33
13
-8
18
24
1
19
11
13
31
32
31
41
64
49
12
28
30
7
28
32
2
-10
2
-7
-11
5
19
12
44
44
12
19
5
-7
28
50
24
24
8
-14
3
14
-16
-26
4
-13
-29
-48
-71
-79
-40
-36
-59
-44
-43
-56
-42
-36
-69
-55
-30
-56
-47
-63
-90
-79
-61
-39
-55
-58
-65
-95
-88
-87
-107
-100
-76
-83
-77
-79
-113
-101
-94
-79
-44
-39
-38
-46
-57
-46
-39
-26
1
-7
0
15
5
6
-13
-17
2
8
15
6
-16
-47
-51
-42
-24
-13
-12
1
-1
24
35
50
84
122
168
190
189
200
221
223
262
294
261
264
300
275
229
201
191
204
177
157
131
94
76
47
38
24
23
37
20
-5
-9
-2
-26
-43
-24
6
17
-13
-39
-57
-28
7
-27
-51
-39
-23
-42
-83
-107
-107
-114
-93
-63
-100
-139
-144
-136
-146
-131
-98
-93
-140
-153
-86
-96
-123
-116
-107
-62
-41
-51
-73
-85
-70
-63
-55
-30
-66
-155
-164
-124
-108
-128
-172
-152
-119
-135
-166
-175
-164
-177
-162
-147
-150
-167
-196
-239
-230
-134
-54
40
70
74
109
152
231
323
390
409
453
485
488
465
415
389
387
413
400
335
258
162
102
72
63
20
-24
-62
-97
-106
-139
-151
-168
-158
-107
-64
-41
-42
-29
5
96
199
231
240
266
302
355
397
381
345
325
328
342
296
214
138
74
66
58
9
-69
-128
-150
-152
-170
-195
-217
-224
-184
-176
-182
-177
-167
-139
-129
-123
-114
-95
-67
-72
-99
-92
-76
-56
-47
-107
-114
-65
-51
-101
-125
-97
-88
-115
-121
-142
-160
-116
-124
-174
-193
-154
-156
-145
-152
-186
-154
-141
-120
-135
-172
-134
-109
-86
-97
-133
-135
-138
-112
-102
-114
-141
-187
-202
-142
-33
67
111
58
10
53
171
317
358
300
264
318
439
490
403
287
274
371
477
440
286
139
108
193
224
150
22
-45
-17
36
27
-77
-157
-148
-76
-3
-3
-65
-113
-87
-13
36
34
-2
5
64
124
152
133
119
130
168
201
218
198
129
86
92
108
95
47
-17
-30
3
-21
-57
-81
-97
-95
-54
-24
-60
-75
-59
-62
-47
-36
-29
-41
-46
-24
-14
-20
-41
-55
-47
-34
4
-12
-34
-74
-64
-12
-28
-13
-60
-70
-51
-29
-27
-67
-101
-98
-40
-22
-52
-100
-98
-58
-22
-38
-76
-97
-72
-13
0
-39
-83
-65
-28
5
-8
-60
-74
-53
-30
-25
-49
-90
-97
-75
-55
-62
-105
-142
-159
-142
-96
-47
-29
-54
-97
-94
-28
46
89
89
57
79
157
220
222
169
125
151
245
307
288
198
125
124
172
202
159
75
30
59
111
120
66
-12
-37
9
76
103
54
-11
-26
28
85
85
30
-16
1
68
123
99
51
21
54
120
145
111
56
49
79
119
124
84
23
25
64
88
84
40
8
20
37
51
28
-22
-10
-12
8
-4
-17
-43
-43
-38
-48
-18
-59
-52
-81
-69
-45
-19
-41
-53
-41
-60
-16
-27
-18
-45
-22
-46
-32
-32
-28
-35
-26
-76
-75
-18
-35
-29
-69
-69
-95
-57
-47
-51
-101
-121
-98
-93
-94
-123
-164
-188
-142
-106
-140
-179
-208
-200
-165
-165
-187
-233
-247
-254
-250
-198
-94
15
0
-108
-162
-59
131
262
243
120
97
228
392
406
269
133
174
368
493
409
179
20
60
213
279
157
-29
-99
-10
104
93
-56
-185
-152
-9
92
64
-67
-158
-125
6
83
57
-21
-54
-4
80
103
38
-22
-4
132
275
318
214
88
55
166
304
341
243
110
89
140
191
99
-29
-81
-4
105
105
8
-137
-188
-114
25
53
-49
-104
-31
0
-30
-98
-104
-48
-9
19
11
1
-27
-69
-78
-17
47
15
11
-15
-3
-13
-64
-85
-85
-56
-21
2
-52
-155
-210
-133
-114
-82
-83
-151
-179
-172
-119
-130
-165
-217
-188
-96
-48
-118
-201
-220
-189
-134
-112
-119
-210
-235
-238
-199
-104
32
101
26
-84
-73
126
335
383
267
162
218
410
547
473
274
178
293
492
546
357
97
0
128
291
286
98
-105
-125
15
116
35
-152
-259
-183
-10
63
-32
-180
-225
-119
8
58
2
-74
-74
-7
82
90
32
20
79
187
246
212
146
118
153
229
276
250
194
139
125
124
112
74
30
14
16
-3
-8
-67
-93
-106
-51
-31
-41
-36
-98
-109
-96
-26
-73
-81
-25
-51
-56
0
-31
-69
-105
-12
32
19
-45
-79
-58
-40
-18
-51
-76
-57
-41
-60
-49
-72
-139
-120
-63
-60
-79
-119
-134
-131
-138
-98
-128
-150
-155
-139
-114
-148
-165
-199
-202
-174
-143
-165
-223
-275
-307
-253
-103
69
117
-15
-183
-158
97
371
439
285
122
172
394
573
503
268
151
290
535
606
397
79
-55
94
327
371
158
-111
-199
-61
91
59
-128
-281
-241
-65
52
-25
-215
-314
-222
-43
65
24
-87
-140
-79
27
79
55
9
11
75
191
249
225
137
89
152
301
404
345
189
64
89
184
246
155
-6
-98
-49
66
82
-64
-220
-252
-93
109
71
-125
-240
-187
-30
81
6
-116
-144
-47
54
54
-51
-145
-124
-29
58
43
-53
-125
-129
-54
-45
-10
-38
-94
-100
-91
-82
-71
-104
-164
-98
-98
-85
-108
-142
-159
-169
-157
-129
-99
-86
-139
-197
-195
-203
-201
-201
-187
-206
-256
-309
-333
-289
-148
23
50
-89
-217
-128
153
390
389
211
96
220
484
625
503
272
207
394
630
629
372
94
54
254
445
402
137
-99
-97
64
164
66
-146
-259
-174
-8
39
-90
-259
-301
-184
-21
33
-49
-151
-160
-66
41
80
45
2
33
116
170
177
179
202
251
287
312
318
313
298
260
226
227
241
221
149
45
-14
-4
9
-25
-101
-151
-169
-118
-91
-126
-155
-179
-131
-77
-34
-40
-107
-145
-101
6
33
-36
-76
-109
-60
-3
-17
-101
-190
-102
-60
-43
-99
-205
-193
-135
-88
-111
-185
-203
-162
-176
-181
-208
-189
-185
-189
-214
-229
-246
-233
-199
-200
-225
-283
-323
-327
-315
-345
-335
-220
-41
28
-101
-274
-225
86
407
468
284
113
197
471
657
584
378
324
514
722
701
424
154
134
346
516
421
139
-91
-100
42
111
10
-153
-232
-168
-72
-80
-208
-313
-297
-184
-68
-52
-126
-198
-213
-155
-59
15
37
25
17
39
87
128
155
206
291
372
371
307
244
257
343
415
398
305
218
156
132
104
50
7
-3
-13
-70
-151
-232
-249
-197
-139
-107
-145
-199
-195
-135
-105
-113
-84
-24
21
-12
-63
-85
-70
-20
-18
-31
-38
-59
-109
-174
-170
-138
-127
-159
-175
-174
-184
-225
-270
-272
-240
-192
-184
-195
-241
-297
-286
-241
-225
-214
-237
-278
-326
-360
-397
-393
-265
-26
128
-35
-314
-364
-7
455
593
354
88
153
502
768
688
413
320
546
831
812
474
165
154
407
593
490
175
-90
-120
0
82
9
-134
-229
-232
-204
-208
-264
-327
-337
-278
-186
-130
-158
-251
-316
-271
-114
43
86
-2
-108
-82
63
182
174
130
196
370
496
405
211
140
315
557
621
424
164
92
191
284
220
62
-32
-5
29
-52
-204
-301
-250
-133
-90
-157
-268
-299
-249
-172
-101
-74
-58
-70
-84
-82
-78
-18
30
45
0
-26
-22
-62
-126
-177
-125
-73
-74
-151
-263
-286
-251
-217
-239
-255
-264
-280
-303
-323
-323
-317
-300
-295
-295
-299
-341
-412
-457
-453
-320
-72
105
-31
-368
-458
-75
463
641
369
51
100
473
786
752
501
393
582
838
847
562
285
271
479
623
530
252
-4
-75
0
104
100
-18
-186
-306
-312
-237
-180
-225
-325
-372
-297
-180
-166
-274
-375
-311
-111
54
37
-114
-207
-109
109
241
183
40
-4
197
450
500
303
104
164
433
628
508
198
14
150
374
392
164
-104
-163
-22
95
9
-195
-308
-252
-127
-87
-173
-295
-317
-206
-80
-34
-88
-170
-188
-110
18
79
24
-73
-106
-42
35
39
-60
-165
-165
-85
-49
-119
-242
-302
-257
-195
-196
-292
-399
-415
-353
-292
-307
-418
-477
-414
-330
-337
-432
-525
-530
-484
-410
-211
38
20
-376
-652
-279
476
821
455
-99
-145
376
887
916
582
367
499
776
856
652
415
396
549
634
555
344
97
-54
-13
180
283
135
-203
-468
-418
-149
32
-80
-351
-493
-383
-179
-122
-236
-348
-299
-138
-30
-60
-170
-221
-113
95
234
181
-10
-111
-23
284
565
525
226
-16
103
459
681
537
195
37
198
404
343
88
-105
-47
135
161
-59
-309
-333
-175
-8
-13
-165
-338
-366
-229
-58
22
-58
-193
-230
-112
40
68
-32
-126
-82
41
72
-38
-200
-225
-98
23
-18
-198
-350
-359
-213
-100
-173
-348
-439
-399
-316
-280
-344
-434
-461
-423
-381
-380
-462
-549
-581
-526
-290
21
54
-382
-789
-482
388
881
495
-189
-318
224
832
966
686
404
390
564
732
773
676
535
465
494
553
517
291
18
-13
247
443
233
-242
-526
-379
-8
167
-41
-412
-589
-463
-220
-77
-129
-288
-395
-352
-195
-70
-80
-189
-221
-68
130
139
-61
-200
-78
287
575
468
86
-144
81
534
762
567
169
-26
148
443
497
289
40
-41
48
143
77
-105
-202
-142
-17
-7
-155
-338
-367
-170
50
62
-135
-327
-324
-104
115
121
-55
-209
-180
-33
72
44
-77
-154
-129
-67
-61
-133
-220
-245
-176
-109
-157
-308
-422
-391
-261
-195
-274
-420
-484
-416
-317
-314
-404
-501
-524
-500
-370
-101
59
-224
-708
-628
170
798
517
-196
-400
124
736
891
665
425
347
435
633
835
848
617
378
377
553
651
486
179
60
247
430
256
-128
-324
-185
50
103
-100
-383
-515
-417
-207
-72
-124
-340
-526
-488
-248
-41
-71
-253
-365
-250
-44
45
-63
-177
-130
79
322
320
99
-99
51
428
655
516
156
-40
144
495
591
353
28
-96
43
239
252
43
-159
-189
-82
-2
-63
-195
-289
-214
-62
-35
-152
-280
-276
-116
49
43
-120
-251
-195
-14
91
35
-116
-220
-172
-60
-17
-77
-188
-260
-234
-153
-130
-219
-314
-324
-277
-249
-288
-378
-417
-385
-333
-335
-424
-525
-558
-521
-395
-156
-28
-302
-780
-720
75
714
432
-314
-507
44
645
793
615
407
260
261
535
927
1005
636
262
305
629
787
619
313
183
318
434
307
52
-63
15
104
84
-49
-247
-376
-303
-108
-9
-153
-430
-565
-416
-130
-16
-174
-409
-464
-296
-67
11
-100
-244
-247
-114
156
301
187
-40
-53
256
532
534
280
94
179
457
562
399
174
72
160
284
300
126
-72
-106
-18
63
8
-141
-260
-219
-64
-15
-126
-265
-287
-176
-28
0
-132
-253
-229
-73
29
2
-112
-213
-185
-83
-11
-50
-149
-241
-231
-123
-73
-154
-300
-328
-261
-200
-213
-301
-376
-374
-301
-272
-300
-381
-456
-453
-420
-370
-216
-64
-234
-652
-630
44
577
294
-325
-413
92
565
623
498
386
251
208
484
917
969
557
216
323
641
780
640
386
241
286
387
348
203
114
87
74
53
2
-117
-227
-194
-84
-62
-208
-401
-443
-281
-121
-125
-279
-412
-411
-281
-101
-40
-172
-327
-346
-137
195
266
53
-201
-87
282
519
443
191
77
203
443
501
385
212
120
168
281
315
155
-12
-47
22
74
11
-101
-178
-129
-42
-59
-150
-214
-202
-127
-53
-67
-162
-228
-171
-50
-3
-58
-163
-218
-145
-38
-14
-92
-191
-235
-188
-85
-65
-165
-272
-278
-222
-190
-213
-279
-331
-324
-297
-287
-329
-389
-447
-450
-406
-245
-36
-137
-583
-762
-145
592
473
-299
-584
-57
537
652
480
335
166
75
360
908
1048
523
24
166
667
873
658
360
204
232
364
439
370
211
73
20
79
142
58
-126
-182
-68
-27
-155
-309
-331
-216
-117
-149
-278
-387
-380
-265
-116
-62
-197
-393
-391
-159
184
234
-41
-290
-177
253
501
413
125
-20
117
391
540
425
195
39
98
282
384
243
3
-69
12
103
62
-53
-138
-134
-77
-68
-130
-181
-182
-143
-95
-95
-170
-226
-182
-74
-33
-110
-192
-206
-127
-30
-33
-124
-197
-204
-143
-73
-75
-165
-241
-235
-179
-161
-203
-254
-272
-262
-249
-262
-301
-328
-363
-380
-392
-305
-75
-35
-414
-752
-348
451
575
-114
-563
-182
419
598
469
382
236
47
211
780
1081
646
55
86
581
852
690
424
265
214
293
441
481
316
96
-13
75
208
162
-38
-143
-73
-21
-105
-212
-227
-187
-161
-175
-217
-288
-329
-275
-132
-55
-164
-366
-383
-177
148
210
-49
-281
-208
196
446
388
120
-47
67
347
528
428
188
10
71
288
409
275
23
-81
4
126
115
9
-102
-145
-109
-69
-88
-131
-160
-166
-126
-111
-163
-201
-175
-96
-53
-114
-183
-187
-126
-46
-54
-126
-185
-191
-137
-46
-47
-170
-287
-273
-159
-114
-176
-272
-329
-311
-267
-247
-256
-315
-405
-451
-407
-275
-67
-55
-411
-734
-377
378
538
-73
-531
-221
325
536
482
396
206
-2
177
744
1029
598
39
91
576
809
650
427
283
197
251
443
522
336
71
-31
95
236
170
-30
-114
-54
-40
-129
-192
-179
-171
-185
-195
-207
-271
-320
-269
-136
-70
-182
-344
-336
-154
117
153
-55
-228
-164
182
390
359
131
-32
79
341
515
402
156
5
90
294
399
248
3
-86
-4
134
142
37
-110
-171
-116
-44
-36
-106
-178
-204
-153
-109
-134
-180
-188
-142
-107
-130
-158
-155
-122
-75
-75
-118
-145
-156
-114
-55
-51
-147
-236
-221
-136
-96
-173
-273
-320
-263
-220
-231
-290
-342
-388
-390
-365
-312
-132
-75
-349
-677
-391
310
475
-70
-493
-192
299
462
418
385
240
24
158
699
993
577
56
124
566
759
604
432
314
198
227
446
547
342
55
-24
122
248
177
8
-77
-63
-70
-130
-137
-124
-169
-223
-234
-217
-253
-295
-259
-167
-126
-220
-324
-287
-160
15
120
-29
-178
-203
93
383
358
161
-77
13
306
506
435
173
-10
36
238
417
331
44
-106
-66
117
198
87
-89
-212
-150
-40
-5
-72
-178
-232
-180
-95
-91
-146
-188
-160
-124
-124
-140
-146
-123
-93
-82
-115
-128
-126
-101
-63
-59
-128
-214
-190
-110
-85
-157
-264
-296
-237
-187
-212
-291
-362
-376
-362
-337
-302
-182
-87
-291
-604
-451
199
498
56
-431
-264
231
468
461
421
286
26
88
609
989
680
111
60
469
724
637
491
342
174
162
403
586
407
79
-44
94
245
214
51
-69
-95
-94
-102
-90
-97
-171
-248
-232
-197
-221
-278
-264
-190
-159
-217
-290
-279
-161
-54
-58
-3
-77
-100
-21
131
324
219
91
58
183
366
400
281
156
95
153
296
320
217
4
-66
35
133
142
8
-120
-167
-97
-16
-3
-84
-176
-197
-152
-74
-84
-149
-187
-172
-137
-110
-122
-139
-143
-134
-98
-109
-134
-133
-112
-80
-95
-163
-192
-157
-130
-150
-210
-248
-264
-274
-244
-235
-263
-337
-394
-388
-356
-331
-179
-67
-284
-625
-505
179
514
75
-446
-328
197
490
485
427
249
-22
65
634
1045
709
100
23
429
733
703
543
321
105
143
460
642
416
51
-60
98
262
258
100
-61
-121
-88
-41
-27
-82
-185
-239
-206
-174
-201
-257
-254
-190
-154
-203
-296
-312
-183
-65
-55
-140
-119
-62
-28
90
136
215
181
133
168
234
338
355
268
180
182
214
283
259
171
62
7
54
88
94
10
-99
-133
-83
-29
-43
-108
-173
-178
-151
-108
-106
-141
-157
-160
-144
-120
-116
-130
-134
-138
-112
-107
-123
-125
-125
-107
-133
-147
-170
-181
-187
-208
-211
-236
-264
-281
-264
-265
-291
-327
-345
-355
-391
-400
-265
-87
-199
-519
-543
-54
331
133
-253
-281
12
291
442
450
262
27
95
498
826
696
306
118
267
564
744
641
308
73
183
447
513
375
185
40
7
132
278
182
-64
-167
-87
-22
-55
-105
-165
-229
-234
-189
-185
-224
-250
-218
-194
-217
-256
-279
-224
-130
-86
-144
-234
-193
58
116
84
21
39
177
252
355
289
196
225
331
367
335
250
193
207
238
260
150
67
32
61
96
42
-33
-86
-61
-45
-42
-95
-136
-152
-132
-84
-94
-129
-170
-162
-118
-69
-82
-134
-147
-132
-87
-74
-73
-99
-143
-146
-117
-96
-120
-175
-209
-191
-175
-189
-243
-273
-267
-277
-264
-274
-335
-394
-414
-357
-160
-46
-292
-628
-494
117
380
53
-292
-257
33
319
557
542
184
-90
169
700
885
605
276
185
301
576
801
674
229
-2
246
545
511
288
124
16
-4
157
298
140
-147
-207
-77
-34
-84
-120
-197
-299
-284
-176
-167
-293
-345
-267
-207
-248
-307
-297
-252
-205
-145
-143
-210
-233
-9
138
74
2
16
185
279
345
324
204
173
307
440
414
267
140
169
242
280
209
83
-6
-19
65
94
11
-122
-152
-109
-61
-54
-116
-179
-215
-154
-92
-121
-169
-185
-163
-129
-117
-129
-141
-154
-120
-86
-93
-123
-167
-119
-81
-98
-142
-171
-188
-177
-150
-159
-204
-260
-257
-251
-233
-222
-278
-351
-390
-378
-272
-75
-92
-409
-603
-234
271
253
-112
-263
-77
141
357
550
452
80
-33
399
839
743
375
239
320
419
582
726
543
118
34
369
577
400
166
91
36
32
185
262
58
-193
-186
-39
-22
-84
-133
-214
-299
-289
-180
-161
-276
-334
-274
-241
-289
-298
-234
-195
-209
-201
-182
-178
-167
-7
195
100
-29
-16
208
386
378
331
207
169
310
487
480
293
101
138
269
321
255
94
-8
-55
26
122
61
-99
-196
-160
-96
-62
-108
-169
-220
-211
-157
-142
-162
-181
-192
-181
-168
-150
-140
-161
-163
-138
-121
-145
-178
-126
-86
-122
-177
-187
-155
-149
-151
-172
-197
-227
-237
-214
-196
-210
-270
-307
-307
-302
-325
-274
-105
-131
-404
-507
-124
271
154
-188
-197
53
203
329
463
393
86
65
484
777
596
310
304
398
425
527
644
459
132
126
394
483
291
165
150
71
35
158
212
43
-149
-136
-33
-46
-95
-133
-194
-273
-273
-194
-187
-265
-311
-280
-269
-281
-264
-199
-192
-224
-196
-118
-77
-80
-40
116
180
88
105
192
340
365
335
312
253
302
417
439
321
191
166
252
282
210
103
17
5
29
68
27
-87
-159
-134
-91
-92
-121
-179
-216
-207
-162
-143
-184
-224
-217
-188
-160
-161
-172
-172
-172
-148
-120
-113
-121
-134
-123
-130
-129
-121
-109
-141
-174
-158
-163
-178
-200
-193
-201
-243
-263
-265
-257
-297
-328
-346
-279
-117
-145
-374
-472
-123
233
117
-196
-192
49
210
333
407
296
32
94
520
740
493
181
197
378
492
538
502
267
66
192
464
481
219
57
74
122
162
183
105
-66
-157
-87
-16
-74
-165
-216
-227
-254
-262
-215
-223
-270
-299
-271
-254
-267
-236
-165
-149
-176
-178
-125
-46
-4
36
54
153
133
125
214
313
390
320
274
253
312
412
434
309
189
156
223
302
258
143
-10
-28
49
107
83
-57
-177
-181
-77
-17
-78
-201
-256
-206
-131
-110
-144
-197
-221
-198
-133
-82
-116
-171
-170
-107
-57
-66
-75
-79
-89
-81
-66
-55
-71
-107
-129
-120
-122
-128
-143
-165
-176
-189
-196
-207
-210
-206
-241
-284
-284
-284
-124
-32
-216
-444
-303
154
255
-59
-220
-47
140
275
387
365
105
-34
304
677
613
260
111
273
433
510
514
344
89
79
345
494
305
62
8
77
146
160
102
-42
-160
-137
-38
-35
-132
-214
-231
-218
-220
-201
-186
-217
-253
-223
-184
-174
-169
-165
-104
-76
-69
-35
-9
49
89
114
150
144
167
239
276
256
221
226
267
286
283
245
186
173
194
209
170
104
63
53
58
46
12
-29
-69
-90
-78
-61
-82
-120
-146
-149
-129
-111
-109
-129
-143
-122
-95
-87
-81
-77
-78
-75
-60
-22
-29
-57
-58
-44
-27
-39
-59
-64
-64
-72
-73
-89
-99
-109
-119
-110
-117
-128
-143
-156
-156
-145
-147
-150
-185
-203
-219
-115
18
-85
-277
-244
45
190
75
-45
-26
40
189
377
365
145
29
232
471
486
336
214
190
264
401
468
341
116
76
227
336
268
127
40
15
43
107
110
-5
-118
-124
-68
-49
-87
-132
-161
-181
-178
-161
-138
-148
-175
-161
-142
-147
-141
-95
-55
-76
-65
-25
18
28
54
105
120
128
120
162
201
218
210
195
179
178
200
205
172
116
95
91
86
69
33
-2
-36
-46
-46
-57
-87
-106
-121
-129
-124
-120
-122
-137
-150
-134
-116
-109
-111
-114
-103
-90
-82
-66
-60
-68
-63
-43
-31
-42
-39
-39
-45
-52
-49
-47
-66
-77
-70
-66
-73
-91
-105
-101
-97
-97
-104
-121
-127
-134
-132
-114
-128
-168
-180
-168
-92
-35
-91
-196
-170
8
115
64
-7
-13
42
175
290
268
137
96
221
366
397
307
197
175
264
351
348
253
141
121
183
255
239
137
51
29
67
111
90
17
-38
-46
-19
1
-16
-52
-99
-102
-78
-67
-71
-99
-116
-106
-94
-82
-60
-35
-31
-44
-22
18
60
97
107
91
80
124
190
207
163
119
123
165
192
172
112
61
54
91
111
68
1
-35
-25
-1
-2
-34
-94
-116
-90
-59
-73
-117
-140
-133
-115
-98
-99
-120
-136
-127
-94
-74
-77
-92
-97
-84
-60
-45
-55
-72
-72
-55
-40
-45
-46
-53
-59
-58
-48
-45
-60
-69
-70
-71
-73
-71
-73
-91
-111
-102
-94
-106
-118
-130
-108
-103
-138
-176
-168
-58
-10
-92
-186
-136
1
80
62
-9
-52
-8
148
233
184
79
51
135
251
304
230
122
97
180
267
272
182
93
92
162
215
188
110
47
40
93
134
99
24
-13
6
40
50
25
-17
-51
-39
-11
4
-4
-26
-40
-30
-13
21
39
18
23
33
61
82
103
120
95
78
97
133
156
157
109
73
84
119
141
109
49
16
33
63
65
33
-13
-42
-36
-6
-4
-44
-86
-100
-78
-63
-65
-86
-109
-103
-87
-72
-65
-76
-82
-73
-47
-37
-43
-41
-32
-29
-35
-24
-15
-14
-29
-35
-32
-32
-33
-31
-34
-54
-70
-57
-38
-47
-80
-96
-88
-72
-65
-78
-102
-122
-119
-102
-87
-107
-151
-156
-139
-128
-149
-133
-110
-130
-149
-129
-68
-47
-42
-31
-20
-4
39
85
88
81
81
113
154
168
150
131
142
157
166
170
151
119
114
132
141
118
92
76
65
72
77
57
23
8
10
5
4
-7
-29
-38
-34
-25
-27
-40
-42
-33
-14
-18
-28
-8
9
7
33
47
48
43
57
106
90
78
77
81
103
112
92
63
54
65
81
69
49
11
8
30
32
11
-23
-30
-30
-17
-30
-51
-62
-57
-39
-33
-41
-53
-61
-41
-19
-31
-42
-40
-23
-15
-13
-10
-18
-20
-9
4
10
5
-13
-14
-4
10
1
-21
-22
-18
-19
-15
-30
-45
-51
-53
-48
-57
-78
-93
-91
-64
-66
-98
-109
-105
-85
-75
-84
-84
-101
-110
-90
-67
-63
-93
-112
-87
-55
-54
-67
-64
-43
-28
-18
9
9
4
32
64
69
66
64
78
95
108
102
88
83
90
97
104
97
70
67
84
92
83
63
49
55
63
69
55
32
24
33
38
34
23
9
6
17
54
27
-6
10
31
58
33
10
15
27
41
47
28
5
2
24
47
25
-9
-17
0
25
19
-2
-17
-12
7
25
16
-8
-17
-2
16
14
6
-10
-19
-10
5
1
-13
-20
-9
-2
-11
-12
-11
-8
-3
-3
-8
-4
1
8
13
-1
-10
-6
5
10
4
-6
-28
-28
-17
4
2
-25
-47
-43
-18
-5
-13
-40
-57
-54
-35
-18
-28
-45
-53
-50
-33
-27
-30
-36
-41
-40
-26
-15
-19
-28
-37
-31
-24
-24
-14
-16
-22
-34
-34
-17
-10
-16
-25
-28
-26
-10
10
18
6
-4
10
30
35
36
35
32
30
42
59
69
62
61
69
71
85
96
94
85
78
84
104
95
82
74
71
71
67
67
54
42
28
31
36
32
23
2
4
12
19
14
5
2
-4
5
15
16
3
-9
-10
6
16
7
-5
-13
-4
-2
-3
-2
-11
-15
-12
-6
-3
-15
-23
-16
-13
-11
-12
-11
-14
-22
-17
-19
-13
22
34
9
-24
-9
14
-3
-21
-13
-25
-54
-48
-27
-31
-50
-40
-21
-13
-7
-4
4
2
14
37
28
1
-8
9
16
5
-13
-32
-41
-21
0
-10
-40
-50
-44
-32
-21
-30
-54
-77
-64
-39
-45
-59
-68
-57
-47
-40
-37
-27
-27
-33
-23
-8
-3
-4
-8
-10
-10
-2
9
11
15
9
5
17
26
30
32
28
34
40
49
58
57
54
58
67
72
77
80
78
73
79
96
91
85
79
77
82
79
80
81
79
72
73
75
76
75
72
70
64
55
54
56
45
36
36
30
20
10
7
1
-8
-16
-20
-17
-24
-28
-36
-41
-37
-40
-46
-45
-49
-52
-50
-44
-39
-50
-51
-48
-36
-29
-30
-28
-31
-36
-29
-21
-14
-18
-34
-25
-20
-9
-11
-17
-10
-8
-11
-10
-7
-9
-12
-4
-5
-19
-25
-21
-14
-20
-29
-38
-40
-31
-21
-25
-38
-45
-38
-26
-11
-23
-38
-40
-22
-9
-12
-10
-16
-20
-17
-1
2
-6
-6
-2
1
-1
-1
0
5
3
-3
1
9
17
10
6
3
3
5
7
7
1
1
2
6
8
13
18
10
8
15
21
33
37
34
43
50
56
59
66
70
74
83
89
91
88
93
97
101
97
93
92
92
94
85
79
72
77
73
61
52
42
44
39
41
25
9
5
13
20
6
0
-2
-5
2
12
10
2
-3
0
10
15
10
4
5
11
9
12
13
7
7
14
14
12
15
15
11
10
9
9
8
10
12
2
-10
-14
-17
-21
-25
-29
-33
-39
-38
-40
-46
-48
-50
-53
-45
-39
-36
-36
-33
-26
-22
-14
-11
-5
-6
-6
5
17
15
7
10
18
24
26
20
16
15
14
21
24
16
5
-4
3
6
4
-2
-12
-17
-16
-13
-9
-27
-34
-26
-23
-23
-32
-30
-24
-14
-17
-17
-16
-18
-7
2
1
1
-2
7
16
21
21
15
19
23
26
33
22
16
21
22
26
28
20
15
26
28
28
20
21
17
16
8
26
28
15
30
8
44
8
46
25
14
18
24
41
14
36
32
36
36
55
46
43
48
43
47
65
54
43
47
39
49
44
38
30
25
32
26
29
17
11
10
8
16
12
0
6
8
5
4
2
1
3
5
-1
-5
-11
-7
7
1
-1
0
2
9
15
13
11
11
25
16
14
6
0
14
-2
5
-9
2
-14
-6
-4
-16
-10
-5
-1
-6
-7
-10
-7
-2
-1
-9
-20
-16
-10
-6
-4
-13
-20
-17
-2
5
0
-8
-8
-6
1
7
0
-4
-3
0
1
3
8
1
-3
-3
3
4
5
-3
-9
-11
-10
-8
-15
-17
-19
-25
-24
-20
-25
-25
-28
-33
-22
-10
-13
-14
-19
-17
-16
-14
-8
-8
-8
-11
-3
0
9
14
11
11
14
17
18
30
35
29
21
21
30
30
31
30
25
18
17
17
30
39
14
3
5
28
29
21
13
4
10
15
24
16
11
5
13
23
28
20
15
23
26
32
30
21
20
23
27
27
24
22
17
18
21
20
16
11
8
12
14
10
7
8
7
3
12
13
9
10
13
14
11
7
9
20
21
20
24
25
19
23
27
25
25
18
20
21
21
20
21
18
15
10
7
11
8
3
1
-3
-4
-2
-4
-14
-16
-16
-18
-16
-16
-20
-20
-17
-14
-14
-13
-17
-17
-12
-12
-12
-14
-16
-7
-4
-4
-6
-1
5
6
6
5
0
-4
-4
-2
0
3
0
-1
6
7
8
4
5
10
15
13
12
9
1
1
4
6
1
-6
-9
-5
1
-1
-5
-6
-3
-2
-3
2
4
2
4
4
16
21
9
5
9
14
19
17
19
16
19
19
21
21
15
17
16
14
19
15
16
13
15
18
19
21
15
13
13
20
17
13
15
11
14
18
19
15
15
12
12
24
25
21
20
19
21
27
28
29
25
23
30
32
30
29
26
29
31
30
34
27
20
17
18
18
15
11
9
8
4
5
7
3
4
5
6
4
3
5
8
9
3
-5
-2
4
10
3
-5
-3
-5
-1
5
10
5
2
4
13
17
9
8
8
11
15
16
13
12
10
9
15
17
16
6
1
4
7
4
4
0
-3
-2
-1
3
2
1
0
-2
0
-1
-2
-2
3
10
0
1
4
5
0
-1
1
-4
-2
-2
-6
-9
-8
-7
-7
-1
-4
-6
-8
-6
-1
1
-1
4
6
1
-6
5
3
0
3
0
4
5
5
7
11
7
3
11
12
10
16
19
19
23
24
24
25
26
26
29
26
20
24
26
23
16
20
22
19
22
19
19
19
16
16
16
16
8
-1
6
8
9
7
5
7
5
4
7
12
14
13
14
14
11
16
18
14
8
7
9
15
13
11
7
13
14
14
19
13
18
17
20
18
20
19
21
24
26
31
25
24
25
30
27
29
28
31
26
26
32
32
33
25
20
23
20
13
13
6
8
6
-4
-3
-1
-3
-2
-5
-7
-4
-5
-7
-4
-9
-10
-9
-11
-12
-10
-9
-11
-13
-9
-5
-4
5
7
7
9
11
18
21
18
20
19
22
27
27
20
18
18
20
23
26
26
20
19
21
23
19
16
18
15
9
13
13
14
16
12
10
16
10
13
16
18
14
12
10
7
11
11
6
2
2
0
1
4
1
2
1
-3
-5
-1
2
0
0
-5
-1
0
2
3
-1
1
-3
2
3
-1
-3
-7
-2
-2
0
5
3
8
6
9
16
12
11
11
14
20
22
19
17
19
24
27
28
29
32
28
31
35
36
35
26
29
28
27
29
28
25
22
24
21
17
16
11
8
6
6
4
3
6
3
3
7
3
1
4
4
6
7
7
11
9
9
11
14
13
12
14
16
19
18
22
26
27
26
27
25
24
26
28
29
29
25
22
20
20
21
17
16
13
14
15
15
8
6
8
6
4
6
7
5
9
6
7
9
2
5
6
9
6
7
7
5
9
7
4
3
4
-2
1
-5
-4
-5
-7
-6
-7
-6
-8
-11
-7
-11
-15
-19
-14
-15
-20
-17
-16
-19
-17
-16
-16
-15
-7
-6
-7
-11
-6
0
2
7
10
16
13
14
18
22
24
24
22
23
22
24
26
24
22
21
23
22
16
16
7
7
3
4
5
-1
-2
-4
1
-2
-4
-4
-4
-9
-6
0
-3
-1
0
-2
2
5
7
2
1
-1
2
2
9
12
6
14
10
10
7
10
9
12
13
8
8
8
11
13
16
15
15
16
25
25
21
24
22
22
20
22
21
18
20
17
15
17
17
21
22
25
25
21
22
26
25
25
25
16
17
16
14
16
11
11
8
4
2
-1
3
-2
-5
-6
-6
-8
-10
-10
-9
-11
-14
-17
-16
-11
-12
-14
-13
-14
-15
-14
