1
1
4
8
6
4
6
9
8
11
13
11
10
7
8
5
8
6
8
10
5
4
4
2
1
0
2
1
0
4
2
0
4
0
6
2
1
0
2
4
0
-2
0
1
0
2
2
1
-1
0
-5
-1
-1
-4
-6
-5
-3
0
-7
-11
-7
-8
-10
0
-3
-1
-2
-5
1
-7
-6
-7
-8
-9
-7
-9
-4
-2
-3
-4
-2
-1
0
2
2
3
3
3
7
13
5
8
7
3
3
2
1
3
1
3
2
5
4
3
3
3
6
4
6
6
6
3
1
4
4
-1
-1
5
2
1
2
5
2
5
5
5
7
5
2
2
-1
-5
-4
-8
-11
-19
-11
-6
-5
-3
1
-1
-1
3
1
1
-3
-2
6
2
1
-1
3
2
-1
-1
0
-1
2
1
3
5
3
4
7
13
8
8
8
4
6
6
8
10
8
8
6
4
1
2
5
0
4
3
1
6
5
2
1
11
8
5
9
6
4
2
7
-2
-11
-1
-8
-9
-7
-2
-2
-8
-5
-3
-4
1
3
-1
-4
-4
-3
-5
-5
-4
-5
-3
2
-3
-7
-2
1
0
-2
2
3
5
8
12
8
2
8
8
7
5
1
3
-1
3
-1
-3
0
-2
-3
-4
0
1
-3
-1
0
-2
-1
8
4
-2
2
0
-2
1
-1
-5
0
-1
-1
-5
2
-2
-5
-5
-3
-1
-8
-1
-7
-8
-6
-7
-3
-10
2
1
0
-1
-2
1
-8
3
4
-4
0
-2
-5
-6
-1
3
-4
-3
5
3
-3
1
1
-2
5
-2
-1
2
1
-5
2
3
-3
3
1
0
0
-2
-2
-6
1
2
2
5
5
3
4
2
5
6
-1
2
5
4
1
5
4
1
-4
7
9
9
11
12
18
11
7
11
5
8
4
5
2
11
12
1
12
7
4
2
2
4
-2
0
1
-3
-5
-6
2
2
-2
3
2
5
6
0
6
6
3
0
1
-3
-4
0
-4
-1
0
3
-5
0
-3
-7
-6
-14
-8
-8
-6
-6
-4
-7
-2
-4
-1
-9
-16
-8
-8
-7
-6
-7
-8
-5
-3
-4
-4
-7
-8
-4
-7
-7
-2
-4
-4
-4
-4
-8
-4
-5
-6
-14
-8
-3
-8
-5
-4
-2
-5
0
-5
-2
-3
-4
-2
-4
0
-12
-7
-8
-14
-6
1
-6
1
0
5
3
-1
7
6
0
1
6
0
6
-1
1
-1
3
2
7
1
4
1
-3
12
3
6
12
10
9
10
10
4
7
6
4
1
2
5
-6
0
7
6
4
4
7
3
7
1
4
-2
0
-3
-1
-2
1
3
1
3
7
6
5
8
8
8
6
3
6
-1
-6
-1
2
3
3
2
1
-2
-2
4
1
-2
-4
0
-1
-8
-8
-8
-3
-8
-3
-5
-11
-10
-7
-16
-7
-8
-16
-11
-13
-20
-11
-10
-6
1
-7
-8
-13
-5
-14
-11
-7
-9
-6
-6
-5
-4
-2
-2
-8
-14
-8
-10
-10
-12
-9
-16
-12
-12
-16
-17
-15
-9
-16
-8
-10
-7
1
-6
-5
-3
-10
-2
-9
-9
-7
-5
-7
-5
2
-6
-3
-2
4
1
6
-4
0
1
4
7
0
3
7
10
4
13
11
3
9
8
9
17
8
10
13
11
6
11
15
-1
-4
-3
1
-6
1
3
-10
-3
0
-8
-7
-5
-1
-8
-12
-11
-7
-8
-7
-12
-4
4
-3
0
-13
-4
-8
-9
-8
-13
-2
-6
-5
-9
-19
-14
-12
-13
-18
-11
-17
-19
-12
-14
-20
-16
-18
-20
-15
-21
-22
-22
-14
-27
-23
-20
-30
-20
-23
-32
-28
-20
-32
-33
-19
-26
-27
-17
-26
-26
-16
-19
-20
-21
-20
-19
-25
-18
-19
-20
-21
-19
-13
-20
-12
-5
-8
-14
-13
-6
-7
-12
-5
-10
-13
0
-12
-1
0
-10
9
4
-2
-7
-6
-6
-20
-10
-4
-8
5
3
-1
2
-3
-2
-3
-2
-3
-7
-7
0
-6
1
-4
-2
0
-2
4
0
9
16
12
11
15
-1
3
1
4
3
-2
6
-5
0
4
-3
3
3
0
3
-7
3
4
-6
0
-3
3
-1
-1
6
1
1
-3
3
2
6
2
3
2
-3
1
3
-3
0
6
3
7
5
-2
9
3
-9
8
-4
-10
1
-2
-7
3
-1
4
-5
-3
-2
-8
-3
-10
-5
-1
-11
-12
2
-3
-4
4
-7
-19
-10
-17
-14
-18
-18
-8
-8
-2
-5
3
-1
-1
-4
-1
-3
-10
-12
-9
-4
-4
-3
7
5
-1
-4
2
5
-11
3
2
-1
9
10
6
9
12
15
13
10
15
9
3
8
6
6
1
6
15
2
8
5
0
13
8
2
18
16
12
15
13
7
10
7
1
14
14
3
15
16
6
14
4
0
2
-6
2
-7
-6
6
7
9
-11
-1
-4
-11
-1
-19
-10
-4
-16
2
0
-6
-11
0
-11
-5
3
-11
-11
3
-1
3
-3
-8
-1
-4
-4
-15
-9
-5
-8
1
-3
-9
-2
-8
-10
-13
-9
-18
-13
-4
-23
-13
-9
-8
-7
-10
-10
-7
-9
-10
2
-1
-1
-3
2
7
-6
-7
0
7
-2
-1
-1
-1
-3
-4
-5
-6
-1
-1
-14
-11
-5
-9
-16
-3
-6
-11
1
-4
-12
-6
-9
-11
-8
-10
-10
-6
-12
-7
5
-8
-7
-6
-9
-5
-5
-2
-4
5
0
-1
3
-1
0
-1
-8
2
9
2
3
5
-3
5
5
-4
1
13
9
7
10
1
10
10
8
13
11
12
26
19
12
16
17
3
6
11
5
4
5
8
-1
2
4
6
-3
4
-6
-3
1
1
4
-8
-3
0
-3
-2
-8
-5
-15
-10
-1
-13
-14
-9
-9
-14
-15
-8
-12
-15
-15
-10
-3
-18
-5
-10
-14
-2
-18
-16
-16
-5
-18
-22
-5
-11
-7
-12
-17
-5
-9
-15
-4
-6
-3
-8
-9
-1
-9
-7
-2
-11
-6
2
-1
3
7
4
9
7
4
-1
6
3
10
13
4
8
14
4
-5
-1
2
8
3
10
7
9
-2
1
13
-10
-14
8
13
2
10
18
13
8
10
17
7
7
15
-3
11
14
7
15
10
10
5
-2
10
2
-14
5
4
9
7
0
9
16
10
2
6
2
4
0
1
-4
5
-4
-6
16
12
6
3
9
9
4
-2
-1
9
3
-12
-1
0
-8
-8
-9
-6
-2
-1
0
-3
-4
4
8
1
8
-7
1
-1
-10
-1
-5
9
3
-7
2
-3
2
0
2
-5
-7
2
-15
2
4
-15
1
-1
-5
-10
-3
-10
-8
-1
-4
-4
-3
-4
-16
-10
1
-8
5
-6
1
13
-5
2
-7
-3
4
-6
7
-9
0
2
-1
12
-2
7
16
12
20
20
19
14
3
18
4
3
9
1
15
11
4
11
6
3
5
-4
10
12
6
9
8
14
18
26
12
6
8
10
-4
5
18
4
-1
10
7
9
-2
3
4
0
2
10
-1
6
-12
10
11
-13
4
-10
-14
-14
-10
-11
0
3
0
-2
9
-2
-1
1
-1
9
-6
6
12
2
-2
-6
7
-2
-3
4
-16
-17
5
-28
-18
-11
-28
-8
-19
-9
-7
-24
-17
-6
-19
-18
-5
-12
-9
-4
-19
-12
-10
-10
-7
-19
-11
-9
-11
-5
-8
-5
0
8
-5
4
-3
3
6
-1
-6
1
10
-11
1
-1
-3
-6
5
4
-13
4
-8
-7
-9
-13
-13
-13
-8
-9
-10
-13
-16
-10
-4
-7
-2
4
-14
-5
-5
-3
1
-7
-3
-1
2
0
3
3
-2
-4
-7
4
-2
-6
-12
9
2
-11
4
-5
-10
-4
-1
-1
6
-5
0
-7
3
2
10
2
-9
10
-6
6
-5
-17
-5
-9
-4
-14
-2
-9
-10
-3
-13
-4
-3
-10
-3
-13
-7
-15
-19
-3
-4
-2
-18
-10
4
-6
-9
-13
-5
-8
-3
8
-12
6
-6
-2
2
-2
6
-2
4
-4
-9
-13
-15
-16
-9
-6
-17
-17
-11
-7
-13
-18
-9
-16
-18
-12
-7
-9
-13
0
-2
-8
1
6
8
-12
4
10
-5
1
14
6
5
1
4
3
1
5
-19
-1
6
-2
5
4
-1
12
0
8
9
6
3
-2
8
15
-3
9
-1
18
9
3
5
2
15
-6
11
4
7
4
3
8
12
-10
-3
10
-4
-6
-4
-12
-6
-2
-19
-17
-7
-9
-18
-21
-10
-10
-20
-18
-4
-21
-10
-15
-14
-19
-18
-28
-22
-11
-19
-9
-7
-13
-9
-4
-4
-17
-6
2
-18
-5
-18
-11
-9
-22
-16
-18
-21
-16
-17
-26
-25
-30
-24
-18
-13
-22
-22
-11
-24
-27
-29
-16
-8
-29
-13
-17
-8
-15
-26
-25
-25
-28
-19
-18
-23
-29
-25
-21
-14
-20
-26
-27
-28
-11
-26
-26
-20
-9
-14
-2
5
2
5
-4
-5
-7
-9
-20
-21
0
-14
-2
5
3
-6
-5
5
-10
-6
-12
-5
-5
-12
-9
-7
0
0
9
-1
-8
3
8
4
0
6
4
8
11
14
-4
7
13
8
-1
10
5
15
14
3
8
14
-2
-3
14
8
6
1
12
14
10
5
8
6
-3
-18
-15
-6
-6
-15
-8
-7
-1
-14
-4
-2
-1
-13
-5
-7
-8
8
-2
8
0
-9
-1
-22
-27
-14
-16
-30
-20
-17
-23
-16
-20
-22
-29
-13
-27
-24
-26
-29
-38
-26
-25
-37
-31
-32
-34
-20
-29
-20
-24
-19
-21
-19
-13
-17
-18
-16
-29
-30
-16
-30
-35
-32
-28
-22
-16
-9
-14
-2
-22
-17
-22
-33
-40
-14
-31
-38
-31
-28
-27
-29
-22
-28
-30
-12
-18
-27
-16
3
-10
-23
-4
-2
-3
-10
8
-4
0
10
0
0
14
1
-4
2
3
-3
0
-3
1
-16
-3
-6
-4
-20
4
2
-15
0
11
5
5
28
22
17
27
24
25
30
22
27
30
26
30
25
5
6
14
0
-3
-10
-4
-5
-4
-3
-17
-2
-6
-5
-11
-4
9
1
0
-6
-4
-1
-3
16
-1
0
19
11
4
16
19
6
3
26
14
11
5
1
-5
-8
-15
-21
-17
-14
-10
-25
-15
-26
-12
-23
-25
-12
-20
-27
-12
1
-8
-8
5
2
-22
-14
-9
-29
-20
-19
-36
-40
-28
-21
-45
-27
-14
-21
-31
-13
-12
-36
-30
-21
-28
-29
-8
-16
-10
-9
-12
-7
-18
-18
-11
-21
2
7
-11
-25
-13
-18
-28
-23
-18
-18
-24
-25
-2
-10
-3
-4
12
9
2
9
-3
-9
-19
-13
0
-3
9
-1
-1
14
17
-2
5
0
-7
4
22
8
18
22
29
29
18
18
40
39
33
32
7
12
16
6
8
-13
-1
6
-3
-7
-6
1
4
4
5
11
20
6
4
10
21
21
7
35
26
18
18
6
10
9
10
-12
-2
16
11
-12
-17
10
4
-8
-9
9
22
15
19
16
20
18
-1
-9
8
1
-9
8
9
7
10
13
21
20
16
13
16
7
-1
6
5
-4
6
4
8
-8
0
8
-4
-17
-8
11
-1
14
16
10
16
7
2
16
12
-4
-14
-22
-15
-26
-38
-38
-39
-38
-28
-26
-26
-9
2
-1
3
19
26
23
23
21
18
8
16
16
12
-6
1
-9
-29
-9
5
-15
-24
-7
-1
-12
-32
-25
-9
-20
-18
10
3
9
10
19
15
7
19
3
-6
9
4
-7
-10
9
6
0
2
10
7
3
14
-11
-10
-11
-5
-7
-14
-20
-25
-13
-21
-31
-26
-26
-28
-10
3
11
11
12
12
13
20
7
12
24
15
6
5
5
-3
-7
-23
-15
-25
-30
-20
-25
-18
-10
-10
-5
-1
3
0
11
21
17
17
28
32
37
30
23
34
35
21
12
7
0
-15
-19
-1
-3
-5
-10
-1
4
-2
-13
-16
2
2
6
8
6
14
13
15
6
15
15
7
1
3
4
1
8
-4
-4
6
-5
-13
-13
-7
-2
-3
0
11
23
20
23
19
13
21
5
-1
5
1
-14
-16
-8
-16
-24
-13
-6
5
7
-3
3
10
12
11
1
-15
-16
-2
-3
-12
-24
-21
-25
-27
-25
-23
-16
-15
-2
6
2
3
5
4
15
24
10
0
-1
-11
3
9
8
2
0
-3
-18
-25
-22
-31
-25
-15
1
2
-3
5
9
4
7
7
3
1
-6
-11
-13
-10
-7
-10
-14
-10
-11
-12
-14
-18
-9
-6
-5
-2
-3
-2
-9
-12
-9
0
0
-2
5
11
7
4
1
3
0
-9
-12
-9
-2
-7
-12
-5
5
-1
-9
-7
-17
-11
-14
-17
-10
-10
-5
-8
-2
-5
-5
-4
-5
-4
-13
-16
-17
-25
-29
-22
-21
-20
-21
-10
-6
-6
1
-4
1
3
-2
0
-1
5
5
4
14
17
12
12
15
22
26
28
31
28
24
22
23
22
25
33
32
30
38
39
41
43
43
47
44
45
50
42
43
46
46
54
55
63
68
66
63
56
50
43
34
29
19
9
13
10
6
3
0
-3
-3
-13
-10
-13
-22
-30
-33
-33
-32
-30
-33
-31
-23
-26
-28
-27
-36
-40
-40
-40
-38
-37
-39
-33
-30
-23
-18
-9
-8
-10
-19
-36
-53
-64
-81
-95
-103
-106
-105
-101
-98
-96
-89
-82
-77
-69
-62
-58
-50
-49
-43
-34
-31
-42
-46
-56
-67
-76
-86
-91
-106
-124
-148
-175
-192
-203
-205
-181
-124
-39
43
126
215
320
408
463
494
486
465
409
326
233
142
53
-28
-97
-142
-168
-177
-178
-183
-182
-173
-163
-154
-155
-142
-125
-99
-66
-25
38
112
184
241
303
350
379
377
355
304
245
168
87
23
-28
-62
-90
-92
-85
-59
-30
-8
7
16
21
15
5
-2
-6
-3
4
24
48
79
104
121
128
128
122
91
55
13
-26
-64
-89
-106
-112
-106
-99
-86
-75
-64
-56
-66
-79
-90
-99
-103
-103
-97
-85
-64
-39
-12
10
23
26
8
-16
-45
-79
-114
-145
-164
-175
-175
-162
-143
-127
-101
-84
-85
-82
-100
-123
-153
-185
-229
-261
-275
-287
-285
-253
-160
-9
135
240
349
473
582
640
644
606
540
449
332
199
87
-5
-89
-172
-226
-245
-234
-221
-226
-239
-239
-229
-228
-224
-200
-151
-90
-24
67
165
286
386
444
477
496
490
437
359
247
139
25
-81
-174
-240
-268
-284
-284
-271
-246
-221
-199
-182
-172
-151
-127
-97
-51
23
138
246
347
432
510
565
577
541
445
339
205
60
-75
-190
-271
-324
-338
-330
-290
-225
-153
-97
-46
0
35
58
64
79
89
102
115
124
128
125
100
57
4
-55
-110
-176
-235
-275
-281
-262
-233
-187
-131
-68
-10
22
43
44
38
5
-45
-82
-109
-126
-134
-133
-136
-111
-92
-80
-88
-114
-130
-175
-232
-281
-319
-331
-336
-277
-120
72
246
377
515
674
760
764
698
590
464
313
140
-19
-123
-183
-245
-293
-292
-259
-217
-197
-221
-242
-244
-234
-232
-210
-141
-39
74
187
312
437
552
596
583
530
452
346
201
47
-95
-210
-295
-361
-391
-370
-329
-293
-264
-231
-193
-173
-156
-133
-110
-66
-11
52
136
233
339
430
483
513
499
468
391
277
168
44
-61
-154
-226
-261
-278
-268
-245
-223
-178
-133
-104
-59
-28
14
53
100
149
189
234
253
251
229
182
114
28
-63
-157
-234
-293
-330
-339
-314
-267
-204
-135
-73
-25
12
32
25
13
-16
-51
-79
-93
-101
-116
-128
-135
-133
-145
-162
-186
-210
-230
-255
-275
-297
-301
-303
-288
-255
-216
-165
-62
135
347
486
546
628
739
773
707
586
461
332
173
-3
-144
-214
-261
-327
-387
-395
-354
-299
-280
-286
-259
-197
-126
-59
39
176
311
420
499
566
634
656
596
474
345
225
87
-66
-203
-305
-365
-416
-459
-451
-407
-355
-325
-282
-216
-147
-71
3
82
161
247
319
376
412
442
429
381
321
251
174
96
39
-17
-52
-74
-97
-95
-93
-85
-95
-102
-80
-57
-32
-14
25
69
115
152
171
191
207
189
153
117
81
44
4
-39
-79
-108
-124
-148
-180
-194
-204
-205
-191
-181
-156
-117
-82
-50
-22
14
27
19
-3
-31
-60
-91
-128
-169
-189
-193
-191
-186
-162
-134
-124
-124
-126
-120
-124
-122
-132
-155
-159
-157
-161
-163
-160
-165
-162
-47
156
321
390
426
534
645
647
536
403
297
163
-21
-187
-251
-252
-271
-323
-352
-302
-226
-181
-192
-200
-162
-102
-45
12
125
268
382
435
454
488
509
456
322
172
51
-57
-174
-270
-321
-337
-345
-363
-373
-339
-273
-229
-198
-147
-67
21
108
190
281
353
389
395
376
350
292
203
90
-14
-103
-166
-171
-148
-116
-82
-45
-4
34
72
75
45
30
39
66
97
132
159
192
194
182
156
135
107
45
-15
-53
-60
-60
-63
-77
-89
-97
-107
-139
-168
-195
-209
-201
-181
-134
-82
-30
7
30
54
62
48
2
-42
-75
-80
-76
-78
-73
-67
-67
-89
-115
-145
-179
-232
-286
-311
-314
-308
-288
-257
-215
-179
-171
-153
-140
-128
-130
-109
22
260
462
526
547
657
764
698
504
308
159
-3
-219
-381
-414
-355
-329
-378
-379
-306
-233
-216
-239
-234
-166
-54
58
186
352
535
643
650
606
556
481
331
105
-89
-200
-271
-344
-388
-367
-332
-319
-345
-360
-334
-276
-229
-185
-91
59
206
323
432
520
548
500
399
291
185
67
-65
-174
-245
-276
-292
-271
-229
-164
-69
-13
46
102
186
251
251
260
266
278
284
246
204
165
114
37
-40
-70
-71
-94
-103
-124
-110
-75
-70
-70
-77
-69
-65
-71
-77
-52
-23
0
12
10
24
41
20
-17
-37
-53
-78
-97
-114
-120
-106
-96
-116
-135
-144
-156
-206
-255
-278
-286
-270
-255
-220
-173
-113
-73
-50
-50
-56
-70
-98
-125
-155
-165
-158
-170
-113
104
360
470
425
442
543
533
355
137
37
-12
-140
-298
-316
-198
-122
-188
-271
-237
-170
-154
-179
-178
-100
18
121
207
328
456
516
472
369
283
242
173
37
-93
-140
-150
-207
-285
-317
-314
-347
-407
-432
-369
-235
-95
14
133
281
383
402
394
380
330
228
104
31
16
0
-39
-81
-101
-132
-197
-238
-238
-177
-81
3
89
186
317
400
388
341
275
224
166
90
36
22
12
-23
-64
-63
-43
-66
-100
-131
-119
-61
-8
40
90
132
149
123
82
32
-24
-79
-134
-159
-147
-113
-81
-68
-67
-63
-75
-97
-128
-157
-153
-144
-132
-115
-70
-28
-25
-33
-65
-96
-118
-136
-164
-183
-171
-151
-127
-112
-106
-117
-135
-165
-218
-246
-250
-251
-253
-119
185
482
589
537
573
678
636
400
189
138
106
-36
-191
-173
-59
-56
-224
-380
-390
-363
-380
-387
-294
-124
47
178
308
456
567
559
438
307
249
235
184
81
6
-9
-52
-180
-311
-370
-400
-478
-554
-524
-372
-178
-22
97
214
316
344
306
272
281
262
187
115
119
148
104
-8
-121
-208
-313
-420
-463
-411
-285
-111
48
193
328
424
446
385
323
263
219
197
166
154
159
131
48
-58
-126
-173
-238
-271
-242
-158
-61
17
81
125
150
119
49
-6
-41
-57
-55
-40
-28
-7
7
-22
-76
-125
-164
-208
-228
-215
-191
-139
-88
-72
-63
-51
-70
-114
-149
-150
-147
-149
-130
-109
-67
-39
-37
-49
-62
-78
-106
-135
-149
-174
-201
-220
-247
-264
-281
-277
-243
-62
273
535
544
458
532
640
552
303
162
201
209
55
-82
-6
89
-43
-331
-471
-429
-415
-448
-395
-204
20
147
221
322
442
479
387
261
198
224
272
247
162
112
99
4
-184
-314
-341
-367
-436
-455
-353
-177
-42
25
89
176
225
199
168
218
305
321
253
196
218
215
87
-78
-154
-176
-249
-333
-313
-192
-47
48
81
151
237
289
268
249
296
318
334
306
245
225
190
72
-89
-178
-183
-186
-199
-154
-74
4
32
-5
-7
15
5
-47
-85
-52
-20
-4
1
0
-11
-44
-115
-182
-192
-175
-176
-189
-163
-117
-81
-47
-39
-36
-30
-54
-91
-112
-82
-68
-93
-116
-121
-106
-98
-127
-176
-181
-174
-195
-220
-208
-180
-196
-232
-259
-263
-249
-244
-149
155
526
660
523
478
636
667
436
194
194
299
208
-21
-89
14
-36
-352
-612
-580
-462
-450
-429
-252
7
136
137
168
285
389
363
281
275
342
415
408
316
209
124
5
-189
-331
-333
-323
-402
-459
-396
-274
-198
-174
-124
-8
106
157
165
237
367
409
334
244
238
250
154
7
-48
-11
-62
-201
-261
-187
-74
-56
-78
-33
71
167
173
185
243
293
310
286
272
263
236
151
40
-33
-32
-46
-119
-152
-137
-111
-130
-182
-181
-142
-114
-122
-110
-33
22
39
39
50
54
38
-5
-49
-54
-42
-59
-93
-109
-109
-123
-153
-171
-183
-179
-187
-206
-205
-185
-152
-138
-140
-118
-107
-85
-73
-65
-37
-30
-50
-88
-107
-119
-156
-220
-259
-268
-283
-275
-246
-50
317
565
502
309
367
533
460
221
146
292
346
167
9
60
91
-176
-513
-555
-377
-326
-388
-310
-97
45
11
-24
80
212
268
267
310
405
455
437
362
267
187
82
-79
-208
-221
-196
-274
-404
-412
-354
-334
-325
-258
-119
-1
56
87
149
255
324
292
250
286
360
343
223
140
142
93
-80
-202
-183
-68
-26
-78
-64
-16
40
14
-9
62
94
137
180
215
250
235
183
109
66
77
68
43
34
29
21
-28
-100
-130
-140
-152
-158
-124
-64
-54
-75
-83
-63
-50
-55
-70
-56
-13
18
2
-29
-57
-84
-125
-147
-136
-117
-100
-122
-148
-156
-161
-172
-185
-165
-123
-95
-60
-47
-66
-84
-120
-150
-178
-200
-176
-172
-188
-203
-208
-206
-200
-28
318
510
378
236
394
595
478
220
195
344
325
121
41
137
71
-277
-527
-419
-246
-295
-399
-311
-139
-82
-106
-67
63
144
156
201
316
425
432
359
264
226
230
171
28
-68
-60
-92
-214
-314
-307
-315
-382
-402
-317
-194
-134
-126
-114
-41
84
180
192
200
292
375
334
230
238
287
195
62
68
160
153
17
-72
-56
-40
-101
-182
-168
-103
-81
-68
-11
59
78
67
82
124
176
209
196
167
160
149
116
55
-5
-33
-65
-123
-165
-172
-197
-247
-276
-244
-189
-165
-153
-129
-74
-18
9
29
41
42
40
22
8
8
-19
-79
-144
-162
-172
-211
-236
-237
-228
-218
-191
-153
-147
-138
-141
-153
-148
-149
-157
-154
-121
-107
-107
-99
59
358
514
346
157
323
583
485
213
185
338
307
68
7
153
115
-233
-439
-247
-63
-217
-410
-339
-171
-143
-170
-69
80
105
70
140
282
347
304
261
244
264
303
249
117
25
7
-33
-109
-139
-138
-228
-355
-365
-282
-229
-257
-277
-260
-203
-70
68
90
55
98
207
253
260
347
416
358
280
319
369
287
135
38
32
10
-60
-129
-151
-173
-242
-239
-154
-105
-109
-80
-7
60
85
121
170
212
234
237
246
224
159
105
62
14
-50
-114
-170
-224
-256
-283
-314
-309
-280
-267
-231
-169
-118
-97
-80
-40
18
46
52
63
56
36
8
-24
-53
-95
-139
-168
-200
-222
-229
-251
-273
-296
-269
-220
-220
-230
-223
-196
-164
-163
-82
232
522
409
95
175
618
746
452
277
423
492
240
51
191
254
-83
-388
-222
40
-118
-461
-493
-309
-253
-321
-249
-63
-13
-68
2
217
326
251
175
234
354
435
380
220
148
152
122
35
1
0
-127
-295
-290
-182
-207
-343
-395
-328
-295
-253
-135
-92
-142
-135
2
125
150
183
266
317
331
369
454
464
369
304
320
320
196
41
-34
-88
-159
-212
-224
-236
-278
-289
-225
-170
-162
-154
-84
26
101
141
165
174
191
221
229
186
140
100
42
-32
-96
-145
-227
-298
-319
-297
-292
-323
-347
-327
-277
-227
-194
-169
-125
-64
-6
16
22
36
6
-38
-69
-54
-42
-106
-162
-183
-181
-214
-281
-301
-292
-296
-292
-256
-204
-70
201
365
189
-51
135
538
584
364
345
551
523
244
162
334
293
-83
-242
3
115
-200
-473
-356
-190
-248
-348
-268
-153
-190
-219
-66
136
182
109
113
236
391
456
370
243
241
294
227
117
97
74
-64
-171
-118
-76
-185
-306
-290
-238
-242
-200
-136
-175
-249
-181
-27
20
-8
36
156
262
296
288
296
345
369
384
413
387
292
198
174
139
71
-17
-107
-168
-182
-181
-217
-270
-279
-199
-108
-75
-72
-27
13
37
60
107
123
91
77
102
150
148
83
-8
-48
-56
-107
-183
-227
-229
-203
-199
-207
-228
-256
-267
-254
-219
-202
-190
-174
-144
-126
-116
-105
-95
-71
-76
-94
-108
-117
-112
-89
-82
-105
-153
-175
-158
-100
110
296
204
-65
-27
348
515
313
176
323
410
226
87
233
298
21
-209
-44
161
-36
-356
-348
-156
-128
-240
-244
-157
-167
-215
-115
78
143
64
18
101
241
320
283
202
202
262
248
167
120
83
-31
-116
-62
-16
-140
-303
-315
-246
-233
-216
-143
-162
-241
-212
-79
8
-12
30
154
236
243
243
267
301
293
289
329
325
243
167
162
180
129
60
5
-59
-97
-119
-121
-133
-158
-154
-109
-71
-68
-67
-35
-4
27
84
109
79
36
11
24
41
8
-43
-73
-69
-87
-129
-149
-153
-160
-184
-187
-169
-159
-175
-169
-120
-93
-104
-131
-155
-172
-189
-182
-169
-161
-178
-206
-211
-200
-182
-164
-151
-172
-191
-182
-116
94
312
263
30
50
400
569
382
235
360
475
322
177
290
374
122
-150
-54
136
-18
-340
-395
-233
-163
-249
-284
-218
-214
-272
-235
-80
37
23
-22
33
178
320
304
203
227
324
315
221
205
237
142
-15
-4
91
36
-151
-262
-262
-279
-287
-255
-271
-337
-341
-250
-168
-141
-94
-10
68
104
133
212
295
316
317
368
394
336
265
250
235
194
161
131
63
-21
-71
-85
-94
-126
-151
-149
-140
-135
-117
-91
-70
-41
-1
27
42
50
41
30
50
79
76
40
18
10
-32
-92
-110
-86
-90
-134
-164
-157
-149
-161
-150
-114
-111
-144
-186
-172
-144
-146
-138
-143
-163
-191
-201
-214
-240
-231
-205
-194
-199
-191
-162
20
272
280
62
25
347
574
462
330
419
532
402
241
326
443
248
-57
-43
140
68
-210
-334
-254
-196
-263
-314
-285
-293
-344
-323
-184
-36
15
-16
-33
54
218
283
220
215
312
351
295
280
334
280
125
67
122
122
-6
-128
-190
-221
-205
-160
-213
-323
-362
-324
-292
-277
-199
-94
-64
-91
-46
89
188
189
196
283
359
353
332
340
326
276
259
273
231
113
11
-18
-26
-48
-78
-117
-158
-200
-210
-190
-170
-150
-132
-129
-108
-66
-50
-58
-50
9
59
60
40
45
43
8
-19
-4
2
-36
-93
-128
-126
-141
-156
-162
-163
-162
-177
-193
-219
-216
-184
-171
-182
-187
-182
-187
-217
-231
-197
-180
-216
-257
-241
-139
66
194
98
-41
85
373
477
402
392
475
477
354
331
452
443
225
70
145
204
55
-149
-235
-234
-235
-256
-274
-295
-347
-393
-354
-249
-142
-92
-124
-136
-25
138
196
180
218
275
286
284
313
336
278
209
201
233
228
141
22
-91
-132
-85
-70
-158
-259
-281
-282
-268
-210
-146
-136
-179
-188
-115
-3
41
36
79
166
209
228
251
255
231
233
270
294
271
204
139
120
112
95
61
3
-62
-98
-104
-123
-126
-130
-160
-175
-149
-126
-141
-163
-148
-95
-55
-43
-23
3
2
-4
13
50
73
47
2
-17
-7
-13
-47
-90
-113
-109
-131
-176
-215
-229
-229
-246
-253
-227
-218
-246
-266
-251
-210
-199
-231
-251
-210
-133
22
180
150
-7
6
240
382
347
330
410
430
323
293
426
481
304
141
188
263
163
-2
-85
-113
-133
-158
-181
-209
-288
-372
-399
-334
-210
-123
-148
-218
-166
-12
61
57
102
175
193
197
267
329
313
240
206
233
281
276
187
51
-23
24
58
-11
-98
-123
-154
-203
-199
-151
-114
-144
-194
-163
-47
16
-20
-41
3
57
96
128
153
161
154
148
180
233
220
155
107
112
131
126
80
39
41
25
-18
-46
-54
-97
-142
-149
-129
-114
-134
-159
-168
-155
-136
-98
-70
-76
-78
-70
-37
-11
-3
-8
-17
-4
-5
-13
-40
-67
-81
-75
-86
-116
-114
-133
-181
-223
-224
-215
-238
-282
-304
-289
-284
-318
-296
-132
57
75
-27
-25
164
314
297
280
376
468
408
318
350
412
341
210
181
251
239
89
-51
-106
-111
-129
-161
-181
-200
-241
-313
-354
-301
-213
-195
-233
-214
-115
-49
-69
-68
18
89
96
123
210
252
202
149
162
217
257
234
163
98
85
87
53
-2
-27
-44
-88
-108
-91
-75
-118
-177
-172
-107
-50
-67
-91
-82
-53
-31
6
68
97
93
88
108
150
171
147
115
118
141
150
125
81
61
52
25
0
14
5
-55
-105
-105
-78
-90
-130
-159
-146
-133
-141
-142
-115
-90
-103
-101
-59
-15
-6
-40
-49
-14
24
2
-34
-45
-39
-46
-79
-95
-87
-106
-162
-190
-168
-140
-162
-200
-205
-197
-209
-233
-238
-198
-74
60
72
-4
10
155
245
227
257
364
405
319
264
335
388
293
180
198
255
198
79
2
-47
-89
-128
-145
-148
-160
-201
-252
-278
-241
-174
-171
-191
-163
-79
-23
-30
-10
37
39
41
103
179
201
167
129
118
132
161
165
110
50
55
73
36
-21
-29
-11
-15
-31
-25
-4
-21
-74
-105
-58
-12
-14
-25
-24
-25
-35
-23
-15
1
23
39
56
68
74
75
67
59
69
91
95
75
67
56
28
12
14
12
-17
-43
-55
-71
-86
-107
-124
-137
-148
-139
-105
-96
-104
-110
-101
-83
-69
-68
-62
-50
-38
-36
-39
-42
-51
-62
-86
-110
-108
-89
-111
-156
-183
-182
-177
-202
-215
-203
-187
-201
-200
-61
94
93
9
58
223
297
256
261
360
410
359
334
390
402
295
190
186
228
223
148
47
-27
-63
-90
-139
-175
-169
-174
-219
-261
-226
-171
-194
-234
-198
-98
-38
-34
-20
17
42
45
67
129
196
199
169
156
188
216
178
104
88
128
126
68
29
30
8
-34
-41
-3
23
-7
-59
-53
-7
3
-24
-29
6
14
-1
-2
9
16
4
-9
23
64
69
39
18
36
62
65
51
49
75
75
44
37
55
46
-1
-38
-32
-30
-57
-103
-127
-124
-123
-144
-162
-147
-131
-140
-159
-144
-107
-100
-123
-127
-98
-70
-73
-90
-82
-59
-58
-78
-79
-62
-72
-108
-135
-115
-105
-151
-203
-223
-203
-196
-160
-47
53
43
4
70
194
240
215
243
319
368
356
365
406
386
303
244
245
257
220
149
77
21
-1
-49
-127
-168
-166
-187
-235
-248
-198
-183
-238
-270
-216
-133
-98
-85
-40
15
45
61
78
106
135
157
171
199
248
271
213
137
124
150
138
86
63
69
49
9
7
27
26
-19
-60
-39
8
5
-37
-52
-30
-19
-14
-2
18
23
11
5
32
68
73
49
31
48
84
84
61
56
70
62
39
34
43
31
-14
-34
-22
-20
-61
-112
-128
-114
-120
-141
-153
-152
-155
-158
-153
-141
-127
-131
-138
-132
-113
-97
-101
-109
-100
-82
-70
-88
-99
-95
-99
-105
-108
-99
-102
-123
-149
-162
-161
-159
-167
-132
-30
57
42
7
75
172
186
165
214
302
322
285
290
347
347
267
214
231
242
190
125
86
64
25
-28
-81
-102
-122
-167
-220
-231
-197
-186
-226
-252
-219
-173
-171
-167
-122
-63
-34
-23
15
62
94
105
122
150
200
224
200
165
166
177
159
118
98
102
93
57
40
54
60
23
-18
-6
28
14
-17
-11
11
15
2
19
35
33
29
20
38
57
59
49
45
58
67
70
61
60
65
70
63
68
68
46
19
-5
-2
-7
-33
-64
-86
-87
-86
-97
-103
-121
-134
-130
-129
-126
-119
-119
-117
-111
-103
-94
-104
-110
-103
-89
-89
-88
-84
-80
-91
-102
-93
-96
-103
-128
-135
-130
-133
-145
-153
-98
7
61
45
49
133
208
202
194
235
287
288
273
304
353
341
268
225
238
231
171
108
66
51
31
-19
-63
-87
-112
-168
-211
-199
-165
-172
-208
-217
-181
-153
-156
-158
-126
-95
-86
-56
-15
27
37
36
43
86
137
148
132
119
148
169
147
119
124
132
110
98
111
120
89
45
21
35
43
4
-29
-24
-15
-27
-41
-32
-20
-23
-27
-17
4
26
23
18
32
45
59
52
45
48
56
48
40
58
60
21
-23
-27
-12
-22
-50
-67
-71
-77
-94
-111
-108
-120
-131
-141
-128
-110
-126
-142
-135
-120
-109
-117
-134
-128
-119
-112
-110
-99
-88
-100
-115
-110
-93
-90
-105
-125
-130
-127
-131
-146
-165
-140
-57
14
17
19
89
161
180
178
218
270
276
253
278
335
348
297
252
258
254
206
145
104
75
48
7
-35
-62
-84
-127
-181
-200
-187
-177
-207
-228
-208
-176
-169
-169
-137
-108
-100
-90
-55
-15
10
14
22
44
78
101
101
95
102
111
103
90
93
99
101
94
106
128
125
101
75
77
76
47
20
21
24
-3
-24
-32
-32
-44
-62
-63
-53
-48
-55
-42
-21
-4
2
14
24
45
45
42
53
68
79
56
30
28
23
7
-6
-20
-32
-56
-78
-90
-90
-100
-124
-134
-129
-114
-126
-132
-136
-128
-123
-135
-132
-124
-117
-116
-107
-94
-91
-89
-100
-103
-101
-105
-118
-131
-145
-151
-156
-175
-185
-169
-105
-40
-10
2
48
122
162
166
205
250
271
273
286
327
344
328
304
302
298
273
230
192
154
118
84
46
16
-16
-60
-97
-113
-116
-129
-169
-195
-195
-186
-177
-167
-134
-107
-102
-92
-54
-22
-5
-3
10
31
58
91
102
105
106
114
118
117
117
111
103
101
111
133
136
114
100
104
94
84
70
59
47
24
7
2
4
-6
-19
-17
-14
-24
-30
-39
-45
-40
-30
-23
-12
2
11
14
21
43
58
48
31
31
34
28
12
7
-1
-12
-19
-17
-25
-51
-77
-92
-90
-101
-116
-126
-128
-127
-127
-122
-120
-123
-132
-129
-122
-113
-106
-110
-107
-109
-102
-100
-105
-117
-120
-113
-117
-135
-147
-154
-161
-170
-161
-106
-57
-43
-39
29
108
139
156
186
221
225
227
259
292
292
269
262
278
278
252
221
185
143
103
66
28
-5
-30
-61
-82
-89
-93
-115
-154
-167
-162
-148
-142
-140
-126
-118
-105
-74
-33
-23
-20
-16
2
16
28
46
54
52
60
86
109
102
90
90
100
98
97
113
117
103
96
112
126
123
95
72
56
46
40
30
25
17
0
-3
0
-4
-12
-22
-24
-20
-10
-12
-21
-24
-11
1
9
15
23
29
28
29
35
28
16
4
-1
1
8
11
-3
-19
-21
-18
-32
-45
-58
-69
-85
-95
-94
-94
-96
-107
-114
-106
-104
-118
-124
-129
-133
-137
-133
-125
-128
-131
-124
-115
-113
-103
-107
-114
-112
-109
-115
-109
-65
-20
7
25
68
128
166
182
203
231
247
246
256
272
275
265
257
259
265
253
225
188
154
123
92
55
17
-6
-33
-63
-81
-79
-81
-98
-120
-123
-116
-111
-119
-119
-105
-90
-72
-56
-30
-7
3
4
4
22
42
40
30
34
60
70
67
63
79
88
85
82
96
115
104
92
95
112
111
100
94
95
98
87
78
63
59
50
38
31
28
27
17
-2
-11
-7
-6
-15
-17
-9
-6
-5
4
13
12
9
8
16
24
26
26
31
34
35
37
29
23
10
3
-2
-11
-24
-35
-41
-54
-62
-74
-88
-101
-107
-113
-124
-127
-124
-120
-122
-131
-128
-128
-127
-130
-127
-119
-108
-100
-95
-93
-93
-98
-96
-92
-81
-58
-31
-6
17
52
96
139
159
181
208
226
232
229
232
232
227
218
214
214
209
198
174
148
126
96
56
21
-2
-19
-40
-60
-72
-72
-71
-77
-75
-77
-74
-78
-82
-80
-72
-62
-63
-53
-31
-18
-8
3
20
29
28
22
25
36
28
25
28
45
61
70
78
87
96
97
102
115
117
116
109
100
95
90
85
76
69
65
60
45
35
31
14
-1
-11
-19
-26
-36
-40
-39
-35
-32
-37
-32
-21
-14
-5
5
17
19
28
36
36
39
38
38
35
34
30
20
14
10
-6
-20
-37
-53
-70
-93
-113
-123
-132
-134
-138
-142
-143
-140
-136
-129
-127
-122
-119
-120
-111
-98
-86
-73
-57
-44
-31
-16
-7
-10
-9
-8
-1
7
27
49
67
89
118
155
176
188
195
202
200
193
183
172
161
158
152
152
155
142
128
114
101
82
65
39
19
6
-2
-7
-11
-18
-26
-32
-33
-35
-37
-41
-47
-48
-46
-44
-40
-33
-32
-26
-13
-5
6
16
31
37
41
47
57
58
63
74
95
106
119
132
136
143
142
150
142
131
123
119
109
97
89
78
68
54
43
36
28
12
0
-7
-13
-17
-24
-27
-36
-32
-28
-31
-21
-19
-8
1
12
18
22
22
22
22
27
24
23
24
23
18
9
3
-4
-21
-37
-49
-65
-82
-99
-111
-115
-123
-124
-121
-118
-116
-109
-104
-96
-90
-91
-89
-85
-75
-66
-57
-47
-38
-24
-10
3
5
12
19
16
13
11
19
23
36
46
63
83
104
125
131
137
137
142
146
144
135
132
133
128
127
121
119
124
119
120
115
103
92
72
65
54
36
19
15
10
11
1
-1
-3
-9
-13
-18
-26
-35
-35
-40
-44
-30
-22
-18
-14
-8
4
8
16
28
42
49
51
64
83
88
93
93
102
105
106
111
108
109
95
90
85
77
63
45
37
24
16
6
-3
-9
-13
-13
-17
-16
-16
-17
-28
-23
-19
-20
-25
-16
-12
-12
-2
5
10
13
18
10
7
1
-10
-21
-27
-31
-31
-36
-45
-48
-56
-60
-68
-74
-85
-99
-106
-104
-103
-104
-102
-99
-99
-85
-76
-71
-65
-57
-51
-49
-44
-36
-23
-20
-18
-6
2
13
17
19
27
32
40
42
35
26
19
14
3
0
-4
-2
-3
1
4
7
14
22
28
36
54
62
62
68
76
79
88
85
85
91
100
103
94
99
91
82
73
67
58
44
25
13
7
5
-2
-12
-13
-10
-9
-11
-10
-14
-13
-19
-15
-7
1
0
-1
10
20
26
36
37
41
43
46
43
46
50
42
39
39
44
40
34
30
26
25
23
22
16
9
4
-4
-7
-2
-9
-11
-11
-11
-11
-15
-16
-18
-18
-20
-24
-28
-27
-32
-39
-35
-34
-32
-30
-30
-34
-34
-32
-36
-35
-39
-37
-44
-39
-39
-41
-49
-53
-51
-46
-50
-57
-50
-48
-43
-43
-37
-33
-27
-27
-26
-17
-11
-8
-6
-7
-2
0
-7
-11
-11
-11
-15
-17
-21
-16
-16
-19
-19
-22
-22
-25
-30
-34
-31
-29
-35
-41
-39
-34
-26
-18
-13
-8
-7
2
14
15
17
20
13
13
14
18
20
22
29
28
32
36
36
35
32
24
22
27
26
17
16
16
19
23
16
15
12
7
7
7
15
11
4
3
-1
-1
3
3
2
2
3
1
0
-5
-7
-4
-4
-3
4
-1
-5
-7
-4
0
-1
-3
-9
-11
-12
-15
-16
-14
-17
-16
-20
-22
-18
-18
-19
-21
-18
-15
-19
-24
-26
-27
-35
-38
-35
-36
-37
-37
-42
-40
-32
-37
-37
-33
-29
-31
-34
-33
-35
-34
-36
-31
-27
-25
-27
-28
-23
-18
-13
-15
-15
-14
-8
-9
-6
-16
-15
-14
-20
-15
-18
-17
-22
-25
-25
-26
-30
-38
-41
-43
-48
-42
-43
-41
-37
-33
-28
-26
-22
-24
-18
-19
-12
-3
4
3
3
11
14
19
23
21
23
21
20
23
22
21
16
18
18
16
14
10
11
3
5
6
5
-1
-7
-8
-12
-10
-14
-19
-15
-19
-15
-12
-9
-9
-14
-10
-9
-5
-4
0
0
-4
-3
2
8
6
6
-3
0
4
6
4
3
-2
0
5
2
7
9
2
-1
1
4
-3
-10
-11
-11
-10
-15
-15
-17
-21
-24
-25
-26
-27
-23
-23
-22
-23
-22
-19
-19
-19
-16
-14
-10
-7
-8
-7
-2
-1
4
3
4
2
1
8
7
6
5
6
7
5
2
3
0
0
-2
-6
-9
-12
-14
-12
-13
-12
-16
-22
-20
-21
-25
-28
-30
-36
-36
-32
-26
-24
-22
-24
-17
-13
-14
-8
-10
-14
-13
-11
-10
-11
-7
-7
-4
-1
2
9
10
8
13
13
14
14
15
10
4
0
6
7
1
-2
-10
-11
-10
-11
-16
-21
-22
-21
-20
-19
-17
-19
-20
-16
-14
-13
-13
-11
-12
-13
-15
-9
-9
-5
-1
0
3
5
2
0
1
-7
-6
-3
2
1
1
-2
3
4
0
2
5
3
0
-3
0
3
2
-2
-5
-7
-7
-14
-15
-13
-16
-15
-14
-11
-6
0
5
5
9
12
15
19
18
17
22
28
34
32
35
34
36
31
29
32
28
23
27
20
13
12
13
10
11
6
7
9
1
2
-2
-4
-8
-7
-6
-4
-6
-7
-7
-6
-8
-11
-8
-11
-11
-15
-13
-8
-15
-11
-15
-13
-5
-8
-4
-5
-3
4
3
8
11
11
10
12
14
11
12
11
9
1
6
7
4
4
5
4
2
-2
-8
-7
-12
-14
-16
-18
-18
-24
-28
-26
-22
-18
-18
-16
-14
-10
-11
-8
-8
-5
-2
-1
-2
-1
4
5
8
7
7
6
6
6
3
9
10
13
15
15
15
18
15
16
12
6
9
9
3
8
3
2
-5
-3
-7
-12
-10
-8
-7
-13
-12
-14
-7
-5
-3
2
9
14
16
21
23
25
29
30
34
32
27
29
26
23
24
21
19
18
18
10
9
9
2
-3
-9
-5
-2
-6
-10
-8
-11
-11
-13
-16
-16
-19
-18
-18
-17
-21
-26
-25
-22
-25
-24
-26
-25
-24
-19
-21
-19
-13
-4
-1
-4
5
9
3
1
4
6
11
7
6
1
8
8
2
1
5
0
2
-4
-6
0
-3
-7
-12
-12
-18
-24
-26
-26
-28
-26
-25
-20
-21
-17
-22
-20
-22
-22
-16
-16
-14
-15
-8
-7
-7
-5
-2
0
-7
-7
-2
-5
-7
-8
-12
-10
-7
-4
1
3
5
5
6
9
13
9
12
16
13
16
14
18
13
17
16
17
19
16
17
14
18
9
9
13
14
16
17
18
19
23
24
20
17
20
23
17
21
17
14
17
16
16
16
17
14
12
14
14
10
9
5
5
2
2
2
0
2
2
8
6
7
9
3
4
2
3
-2
-6
-8
-8
-6
-9
-5
-8
-8
-4
-4
-2
0
4
6
6
6
11
12
11
12
12
13
10
9
10
6
4
5
2
6
0
-4
-4
-6
-5
-13
-13
-13
-16
-17
-20
-15
-14
-16
-19
-16
-17
-17
-15
-14
-15
-12
-15
-13
-7
-5
-4
-9
-6
-6
-4
-3
-4
-8
-6
-2
-4
-3
-3
-3
-1
-2
1
11
10
10
6
4
6
3
4
7
10
5
7
5
6
15
18
21
25
26
26
27
25
22
23
19
24
20
21
15
15
22
22
14
11
9
7
6
6
6
4
4
4
8
7
10
9
12
14
14
17
18
18
17
14
14
12
11
8
13
14
9
3
7
4
5
2
0
5
5
6
6
4
1
1
1
4
0
1
6
6
10
10
9
7
6
3
3
7
7
4
0
-2
-2
0
0
-4
-4
-6
-6
-12
-12
-11
-10
-11
-10
-9
-8
-7
-10
-8
-6
-9
-5
-7
-11
-10
-14
-13
-14
-15
-15
-14
-13
-13
-16
-14
-14
-14
-18
-15
-15
-14
-9
-10
-18
-12
-6
-2
0
1
0
-1
-1
-1
9
6
10
8
8
14
15
15
13
12
13
16
15
18
17
15
22
25
28
32
30
30
32
31
29
27
22
21
20
17
15
14
14
16
14
17
14
8
9
4
1
0
4
-1
2
3
3
8
7
9
8
10
15
18
17
16
15
15
17
19
18
15
14
14
16
16
15
18
18
19
18
17
24
21
18
20
20
18
12
12
18
21
17
19
14
12
11
8
6
7
5
1
0
1
2
-2
4
3
3
-4
2
3
-3
1
1
1
1
-3
-2
0
-3
-5
-1
-3
-5
-6
-4
-12
-13
-11
-11
-15
-19
-18
-17
-13
-14
-14
-13
-16
-12
-17
-13
-12
-14
-9
-10
-6
-1
-2
-1
5
3
10
10
11
14
16
16
14
18
22
22
25
25
20
23
27
30
25
28
23
14
11
12
7
4
6
5
3
2
5
3
3
7
4
5
5
0
5
6
7
2
5
-1
-2
2
-1
-2
-2
4
-1
-4
2
9
7
6
6
7
11
14
11
12
9
10
8
7
11
9
9
9
9
14
16
18
19
23
22
19
22
21
17
15
15
12
14
10
6
5
4
7
4
5
5
3
6
9
11
13
6
8
13
13
12
17
17
17
18
16
17
17
14
16
14
10
12
8
9
5
4
0
1
-4
-1
1
-6
0
-1
-2
-3
-3
-1
1
-3
0
4
6
6
7
7
13
15
13
16
19
21
24
30
28
30
27
28
28
30
30
27
29
26
27
29
30
29
27
26
20
19
23
22
21
23
17
15
15
15
15
12
12
9
9
5
1
0
-2
0
-3
-7
-6
-4
-10
-16
-15
-13
-12
-13
-15
-17
-16
-12
-12
-11
-8
-7
-2
-2
-3
0
0
2
1
8
8
6
10
11
13
14
13
12
12
11
10
5
7
4
5
4
5
3
2
1
-4
0
2
3
0
3
-2
-1
-2
0
1
-4
-1
-1
-2
2
1
0
5
6
4
1
5
6
7
9
4
3
1
5
4
2
5
4
8
7
10
12
9
10
8
8
14
15
15
20
23
19
25
26
29
29
28
30
22
23
23
29
26
26
30
33
37
40
34
37
41
41
38
43
43
46
46
42
41
36
36
36
27
24
19
14
18
16
9
7
9
8
8
2
1
1
-2
-3
-3
-6
-9
-2
-10
-10
-6
-5
-3
-6
-6
-9
-10
-7
-9
-8
-12
-7
-4
-6
0
3
0
2
3
7
8
9
13
15
15
17
18
19
17
20
17
14
14
12
12
7
5
5
-1
3
-4
-4
-2
-5
-4
-7
-5
-5
-2
-8
-6
-1
-9
-9
-7
-9
-9
-9
-7
-7
-4
-4
-6
-3
-5
-8
-9
-7
-8
-12
-14
-14
-14
-12
-16
-11
-8
-9
-11
-6
-5
-7
0
0
2
4
3
11
13
12
14
14
19
22
22
24
25
24
24
25
24
24
27
29
27
26
25
21
23
19
25
25
29
31
28
30
31
27
27
25
21
24
25
30
25
21
20
21
14
13
13
11
2
-1
3
3
-1
-2
-1
-4
-4
-6
-6
-12
-14
-10
-9
-8
-11
-7
-8
-7
-4
-1
1
1
1
0
6
11
9
7
8
7
11
7
3
5
6
8
7
4
7
2
-2
3
0
-2
2
-2
1
-1
-1
1
1
-3
-6
-1
-6
-6
-8
-11
-14
-16
-15
-17
-18
-15
-17
-19
-16
-17
-19
-19
-23
-21
-22
-29
-26
-25
-28
-31
-32
-27
-23
-24
-28
-24
-25
-23
-19
-24
-19
-17
-19
-17
-18
-16
-11
-7
-10
-3
-1
-4
-2
1
7
4
8
16
12
14
15
8
12
13
13
9
9
11
13
11
8
13
8
10
10
8
6
4
3
3
5
4
4
5
3
1
3
1
0
-2
-2
-2
-3
-7
-6
-6
-7
-7
-6
-5
-8
-8
-11
-7
-6
-6
-7
-7
-8
-7
-6
-3
-3
-9
-1
-1
0
6
9
8
5
9
13
14
16
13
16
14
16
9
7
12
8
10
11
9
2
10
5
6
6
7
11
10
7
6
5
2
1
3
5
6
3
3
4
-2
0
-1
0
-5
-6
-7
-7
-9
-11
-15
-13
-19
-20
-17
-18
-13
-14
-11
-12
-7
-7
-6
-2
-3
-2
-5
-4
-4
1
-1
-1
2
-2
-4
-7
-6
-12
-12
-12
-8
-7
-8
-8
-9
-9
-16
-10
-10
-10
-8
-9
-2
-4
-5
-1
6
2
1
1
-2
-1
-3
-8
-9
-12
-13
-14
-23
-23
-23
-24
-20
-23
-16
-13
-13
-10
-11
-6
-13
-15
-13
-14
-12
-13
-14
-17
-21
-22
-22
-20
-21
-16
-15
-11
-12
-12
-12
-13
-8
-6
-6
-8
-4
-1
2
-2
-3
-7
-5
0
-4
-4
-5
-5
-5
0
2
3
3
0
-1
1
-3
2
0
0
0
4
6
0
0
-1
-2
-3
3
-1
0
1
1
2
0
-1
-1
0
1
-3
-10
0
-2
-1
-5
0
1
-7
-7
-5
-5
-7
-7
-8
-9
-9
-4
-8
-7
-7
-4
-3
-3
1
0
3
3
4
2
-1
-2
2
0
0
-2
-3
1
3
1
3
1
0
-3
-3
1
-1
0
-1
2
2
5
1
-2
-3
-8
-10
-9
-10
-15
-16
-21
-21
-25
-26
-30
-21
-25
-26
-28
-30
-29
-29
-26
-32
-32
-36
-33
-34
-35
-35
-36
-34
-33
-35
-35
-35
-30
-31
-30
-26
-22
-22
-21
-17
-17
-17
-20
-22
-20
-19
-16
-15
-17
-17
-13
-12
-10
-6
-7
-10
-10
-10
-5
-6
-8
-6
0
-3
-4
-2
-3
-2
-2
3
4
1
4
5
1
2
3
5
1
1
4
1
0
-1
-2
-3
-4
-6
-5
-1
-1
-2
1
3
4
9
5
6
6
4
6
8
9
4
6
10
11
8
8
7
11
15
14
13
11
14
11
8
12
13
13
14
7
9
13
10
14
11
16
15
18
16
13
16
14
12
14
12
11
11
11
13
10
11
8
6
10
7
11
4
6
1
2
3
1
6
2
5
3
2
4
0
2
-1
1
1
1
-2
-3
-4
-5
-8
-9
-9
-5
-12
-16
-10
-9
-11
-16
-15
-14
-12
-14
-12
-11
-15
-12
-11
-13
-14
-11
-10
-17
-14
-12
-12
-14
-10
-9
-8
-10
-11
-12
-13
-10
-9
-8
-7
-11
-9
-8
-10
-7
-5
-7
-3
-5
-10
-11
-14
-13
-13
-11
-11
-12
-12
-11
-10
-10
-13
-11
-18
-15
-14
-14
-10
-9
-13
-11
-12
-15
-12
-13
-10
-11
-7
-8
-6
-9
-8
-8
-9
-12
-9
-7
-5
3
0
5
4
2
4
10
9
9
10
10
9
