-12
-12
-16
-15
-17
-16
-14
-17
-17
-18
-15
-19
-20
-20
-22
-23
-20
-19
-22
-22
-19
-22
-23
-27
-23
-21
-23
-20
-25
-19
-23
-27
-19
-19
-23
-21
-24
-22
-24
-26
-24
-23
-23
-25
-23
-20
-22
-19
-25
-21
-18
-24
-20
-25
-24
-24
-23
-28
-24
-21
-23
-17
-23
-15
-14
-17
-17
-15
-18
-16
-11
-16
-16
-13
-14
-15
-13
-10
-10
-11
-7
-5
-7
-1
0
-4
-5
-6
-10
-10
-3
-8
-7
-5
-5
-12
-5
-4
-10
-4
-3
-7
-4
0
-6
-10
-1
-2
-7
-2
2
-4
-5
0
2
5
2
0
-1
-2
-8
0
-4
4
3
-1
-1
-2
-8
-1
-1
-8
-6
2
1
-4
5
6
-1
-2
3
-1
-5
0
0
-4
-1
-3
-7
-11
-7
-5
-9
-7
-8
-8
-8
-9
-16
-11
-4
-14
-11
-6
-12
-18
-8
-9
-17
-11
-7
-19
-21
-4
-14
-20
-14
-18
-18
-20
-15
-20
-18
-15
-20
-18
-13
-15
-19
-16
-20
-21
-16
-16
-19
-22
-19
-15
-22
-27
-14
-18
-27
-13
-14
-25
-15
-13
-24
-25
-23
-26
-30
-29
-23
-26
-36
-32
-24
-28
-32
-31
-26
-31
-29
-25
-30
-35
-34
-32
-33
-32
-33
-28
-29
-23
-26
-27
-25
-21
-27
-24
-28
-31
-14
-18
-18
-15
-19
-19
-14
-16
-13
-13
-15
-13
-14
-10
-10
-5
-2
-11
-12
-5
-14
-7
-5
-8
-13
-14
-9
-14
-18
-6
-11
-13
-12
-16
-4
-10
-16
-9
-9
-18
-15
-14
-13
-14
-11
-2
-12
-18
-14
-6
-6
-20
0
-2
-14
-8
-1
-12
-14
-2
-5
-6
-5
7
-4
-5
-3
-7
-4
-4
-8
-6
-8
-8
-11
-11
-3
-7
-9
-7
-6
-10
-11
-2
-6
-8
-1
-6
-11
-8
-13
-20
-13
-12
-27
-20
-1
-28
-22
3
-21
-22
-1
-15
-25
-17
-20
-24
-21
-14
-17
-22
-22
-12
-23
-24
-16
-14
-19
-25
-11
-15
-13
-25
-19
-10
-22
-23
-13
-12
-22
-19
-15
-14
-20
-16
-9
-5
-15
-11
3
-10
-14
-11
-11
-14
-13
-13
-9
-12
-15
-16
-6
-13
-21
-16
-13
-14
-18
-10
-9
-17
-4
-15
-17
-1
-21
-15
1
-8
-13
-12
-2
-4
-22
-12
-10
-14
-16
-9
-10
-14
-13
-7
-3
-2
-14
2
8
-11
-4
15
-7
-3
11
4
2
12
6
0
9
9
2
6
8
2
15
5
-1
17
-1
0
17
8
1
5
7
10
-2
8
9
-4
10
3
-1
3
-1
1
2
4
-3
0
3
0
-5
10
-4
2
0
6
8
1
7
1
3
-6
10
0
-9
14
5
-8
11
0
-8
1
-3
-3
0
-2
2
3
-2
-2
0
3
-7
-1
7
1
-12
9
7
-15
10
9
-13
-10
22
-13
-18
13
3
-27
5
12
-14
-7
10
-3
-3
-5
-4
4
-11
-5
10
-8
-22
3
7
-29
-8
12
-16
-24
3
4
-20
-2
-5
-14
-8
-16
-17
-9
-24
-24
-3
-24
-38
7
-18
-27
1
-6
-25
0
-4
-20
-15
-4
-10
-11
2
-4
-13
-9
-3
-14
-11
0
-7
-12
-8
-10
-3
-7
-8
5
0
-11
5
12
-9
-8
13
-6
-12
-1
-5
-11
-2
-2
-3
-4
0
2
4
2
5
2
5
-2
10
15
-5
12
14
0
4
11
12
9
8
17
10
1
19
19
-5
13
18
9
8
6
24
3
6
25
11
1
17
14
13
9
8
11
15
4
14
13
-7
16
22
-2
7
19
7
-9
26
31
-8
12
57
-8
9
38
13
14
9
28
2
-5
24
14
6
4
11
5
-3
2
12
13
-18
14
16
-14
-2
15
-3
-7
0
4
-8
-7
-17
11
-17
-15
12
-3
-31
3
17
-30
-7
27
-20
-25
24
-8
-12
-1
10
1
-22
5
13
-19
0
14
-11
-6
-1
2
-1
-17
8
6
-15
-14
18
-1
-30
16
5
-23
-4
2
-13
9
-15
6
11
-26
10
4
-25
14
-1
-17
14
10
-3
2
14
14
-16
2
17
-13
-20
1
12
-41
3
17
-16
-12
25
-6
-4
0
11
14
-3
13
26
8
-15
18
35
-12
-10
57
-9
-8
42
25
1
22
30
30
4
33
31
-6
32
29
1
29
17
9
9
19
22
4
18
27
23
17
17
34
23
5
23
41
17
1
24
23
6
0
25
14
-2
13
18
11
-3
35
7
-10
23
13
-26
30
20
-9
10
31
5
2
32
14
15
19
13
16
21
23
14
30
14
21
30
21
10
37
15
-1
34
11
5
7
14
9
-5
1
9
-4
-12
9
7
-4
-17
15
10
-24
8
16
-9
-12
14
3
-16
6
20
-7
5
9
1
14
-2
15
6
8
-7
7
7
-8
-2
32
-19
-2
27
-7
-6
19
-2
2
5
-7
8
-10
-1
2
14
-31
8
5
-13
1
5
-15
0
-3
-4
-11
3
3
-11
5
0
-9
15
-8
8
15
10
0
13
9
9
9
16
8
12
8
7
-5
24
4
-16
23
12
3
6
20
13
-4
13
23
11
3
19
25
-3
30
17
-4
28
18
-4
8
24
7
-6
35
15
3
29
17
5
27
28
4
24
26
8
5
17
17
-1
11
23
9
2
3
15
4
-9
15
7
10
-10
22
19
-17
14
31
-15
12
28
5
0
20
9
-2
10
5
-4
11
-2
2
10
-4
-1
10
2
-3
10
-5
10
-4
4
5
0
1
1
2
8
-4
4
8
5
6
-13
7
9
-19
9
1
2
-9
18
-17
5
-13
-4
-12
-4
7
-24
-3
19
-29
12
9
-1
10
-1
1
9
-19
14
5
-18
21
-8
-7
-7
17
-31
10
-1
8
-11
11
6
3
7
5
0
13
15
-15
25
14
-15
21
16
-5
1
15
-3
-3
23
5
-14
49
-10
-22
26
6
-41
20
14
-22
7
13
-8
-1
4
9
14
-10
4
21
-4
-7
32
0
-8
2
18
-20
13
14
-16
3
10
7
-13
12
3
-3
8
-5
27
6
3
7
23
8
-6
18
33
-5
10
29
20
0
13
29
27
-16
22
48
-23
7
63
-15
1
52
-1
-2
14
35
-10
1
47
-7
3
29
24
5
15
30
20
-5
30
11
9
18
-3
18
22
7
10
28
3
-13
16
16
-20
3
23
-6
-9
15
20
-18
-9
39
-9
-24
25
28
-56
38
24
-29
1
40
-23
-1
24
3
0
18
10
12
16
-3
43
-5
25
24
10
7
33
-4
8
31
7
11
22
-9
28
11
5
28
-1
17
1
10
9
9
-13
43
-1
-4
20
26
-4
9
34
6
-5
29
15
-2
11
25
21
-20
55
7
-24
28
35
-33
16
58
-3
-6
65
20
-8
26
33
21
-11
21
50
-33
18
37
-1
8
39
3
5
31
7
4
47
9
2
57
-17
18
50
7
11
48
13
7
35
26
9
17
16
32
-1
24
25
17
-11
19
45
-26
7
71
-26
4
61
23
-5
35
83
-15
23
79
25
-6
45
69
-11
36
62
13
17
47
44
-9
60
31
11
44
27
22
32
31
33
29
32
35
14
40
21
12
42
22
11
21
46
1
15
49
8
-16
46
31
-33
39
37
-5
-12
42
14
-22
5
40
-5
-28
31
18
-16
-18
46
-3
-34
31
23
-25
3
51
-13
23
2
27
14
-6
17
16
-13
23
5
-8
33
1
-9
36
6
-1
22
32
-2
23
36
4
24
19
21
15
24
29
2
19
27
15
8
33
15
-3
28
9
5
10
29
1
18
30
-4
13
1
11
24
-11
21
40
-29
-2
59
-25
0
37
6
2
21
-5
30
11
-24
34
38
-6
12
40
30
-9
19
59
11
-20
64
26
-16
24
48
-24
9
39
10
23
2
36
14
2
49
14
-4
22
23
20
-20
63
-5
5
44
16
24
33
26
17
34
14
33
12
32
27
17
28
11
-2
23
7
2
37
9
-7
34
31
-7
28
31
17
-2
41
46
-5
19
34
34
-14
46
45
-27
20
48
-28
-2
35
-10
-17
36
9
-6
4
38
-8
5
51
-8
17
-13
48
-24
-12
27
-19
9
6
-18
11
10
-16
3
32
5
-24
33
28
-34
-7
37
-12
-19
10
14
-24
-12
16
3
-38
44
6
-10
23
26
-2
16
9
26
11
-6
40
14
3
6
30
-6
4
13
8
3
7
6
-9
10
19
-16
21
-9
4
-7
-5
5
-1
-1
-18
16
9
-39
11
11
-19
-16
23
0
-39
22
10
-36
14
2
-12
-12
18
-23
0
-8
-9
15
-9
-30
37
-24
-8
20
-9
2
14
-2
13
24
8
0
24
11
-18
21
13
-5
-2
21
23
-27
38
-5
-8
33
-16
6
34
-27
21
24
-3
3
29
-10
-7
16
-14
9
6
-29
22
24
-40
20
32
-11
-31
63
1
-10
33
39
-10
-13
25
32
-48
29
18
-44
19
19
-31
13
1
-4
-4
11
-33
22
6
-42
42
-2
-15
19
10
-1
-5
6
21
-12
-11
23
3
-43
20
5
-45
28
10
-19
14
-10
38
-20
-18
60
-28
-34
53
1
-39
-1
40
-34
-21
23
-13
-16
-12
11
-12
-28
10
14
-28
-10
33
-19
-38
19
17
-36
-8
41
-32
-32
29
-1
-32
8
21
-9
-21
20
-1
-41
25
-7
-20
-4
-15
15
-8
-27
24
8
-40
-3
27
-38
-35
36
-5
-29
-7
31
-14
-24
53
2
3
10
37
1
-18
22
15
-38
-13
13
-16
-34
1
-6
-27
-7
14
2
-26
21
5
-20
24
7
2
28
13
4
0
24
-6
0
20
-25
41
6
-40
46
-10
2
32
13
17
5
18
17
5
-5
29
22
-9
10
28
0
8
30
-2
9
19
16
19
6
5
34
19
-5
22
8
-8
6
14
10
3
18
22
0
19
9
22
-10
-10
25
1
-8
27
5
-7
23
30
25
-9
22
32
-27
13
31
-19
9
16
7
5
-3
-4
34
-5
-20
57
2
-42
34
22
-37
-2
36
-7
-29
23
13
-19
-1
19
14
-13
12
12
7
-12
10
18
-12
-20
9
17
-30
-20
32
-28
-28
30
11
-13
4
30
-13
11
18
3
20
-3
2
22
-18
16
4
-1
-3
3
17
-1
-3
16
1
-19
12
4
-9
10
-7
8
-7
-6
9
-6
2
2
-2
25
-19
21
21
-34
15
9
27
-2
45
55
-17
23
50
2
-6
53
15
5
9
-2
-5
-15
-15
21
-6
-28
2
23
-27
-10
28
23
-24
19
36
-9
-37
36
28
-27
-3
35
16
-35
41
0
0
10
6
24
23
-1
18
28
-21
21
30
-4
12
33
4
-11
43
-1
6
2
34
32
15
17
39
-16
-1
29
9
7
40
7
19
41
5
26
22
7
42
20
5
27
10
-24
31
31
10
10
31
10
17
9
16
44
8
1
60
8
-9
12
13
20
-14
44
41
13
-8
32
33
15
12
60
29
10
16
51
30
-5
44
64
21
21
57
26
3
40
44
35
29
29
57
12
-9
66
41
-8
35
77
21
-18
48
38
-10
7
48
32
-1
4
28
25
-5
16
63
26
15
33
15
12
-11
12
16
-3
7
-4
-43
-10
-24
-49
-24
-16
-40
-27
-39
-42
-37
-46
-43
-20
-20
-52
-42
-30
-47
-59
-27
-26
-48
-31
-21
-39
-21
-15
-28
-25
-15
-14
-26
-19
-4
5
15
46
72
94
106
129
169
165
185
217
227
246
245
229
251
227
210
216
188
165
152
136
101
94
72
52
41
41
18
5
24
6
-11
8
24
4
9
27
24
27
34
31
47
42
43
59
61
41
25
73
44
22
49
8
0
-10
-31
-27
-54
-67
-79
-85
-100
-126
-112
-117
-134
-133
-122
-121
-149
-139
-108
-121
-126
-104
-92
-128
-143
-107
-113
-162
-200
-185
-220
-275
-249
-149
-12
76
74
16
26
116
197
286
371
399
376
351
378
394
367
312
292
287
259
233
182
86
-39
-78
-55
-31
-33
-76
-148
-202
-203
-155
-135
-111
-88
-89
-85
-51
-9
4
-1
27
76
113
137
159
156
154
196
256
299
305
276
230
237
242
229
213
216
156
60
40
25
-28
-71
-93
-110
-113
-117
-117
-142
-152
-135
-102
-43
0
16
8
-5
14
46
75
72
64
58
42
24
38
38
2
-26
-32
-32
-55
-84
-99
-128
-160
-171
-184
-191
-210
-241
-243
-269
-310
-366
-398
-442
-501
-423
-213
-8
5
-115
-133
-15
122
264
413
512
477
407
449
541
563
527
491
459
444
421
352
234
108
4
-18
41
70
-16
-159
-272
-297
-234
-174
-122
-106
-138
-165
-170
-113
-43
10
41
76
134
182
189
170
169
174
226
317
344
303
255
219
202
231
272
270
228
152
61
26
54
45
-17
-68
-85
-113
-137
-150
-158
-185
-184
-122
-71
-35
-33
-68
-55
7
85
141
160
124
82
75
100
134
146
115
53
12
13
3
-38
-74
-87
-112
-142
-140
-155
-209
-260
-274
-248
-237
-239
-279
-346
-404
-433
-451
-500
-521
-367
-71
75
-69
-207
-92
79
197
407
602
597
445
386
491
610
639
591
527
462
383
307
269
192
61
-35
-19
10
-54
-183
-310
-348
-281
-195
-149
-158
-210
-281
-303
-218
-58
56
67
59
38
45
109
179
224
255
272
306
321
282
219
193
220
262
266
261
233
130
1
-18
78
108
52
-17
-91
-166
-186
-147
-102
-83
-120
-159
-145
-98
-84
-61
-10
31
69
98
115
98
93
102
139
209
238
178
79
9
-2
36
76
69
7
-91
-187
-200
-165
-150
-171
-214
-247
-287
-320
-322
-306
-333
-388
-411
-431
-500
-568
-456
-168
43
-5
-152
-109
65
206
359
556
629
507
397
501
644
683
632
556
491
432
359
295
260
154
3
-39
16
-12
-168
-298
-322
-261
-215
-217
-218
-258
-310
-329
-259
-88
14
-4
-43
-31
-2
43
139
240
275
259
252
277
273
216
201
244
282
286
250
195
120
34
2
91
166
116
-34
-144
-149
-135
-106
-47
-26
-102
-195
-202
-120
-62
-29
-20
-8
9
34
58
66
91
110
127
180
213
168
75
29
46
78
88
58
-12
-99
-172
-174
-118
-102
-174
-260
-296
-309
-310
-304
-292
-297
-350
-403
-423
-426
-469
-524
-532
-407
-130
72
-1
-223
-217
38
272
446
593
603
411
286
436
690
793
699
558
453
368
315
316
331
231
45
-59
-28
-51
-197
-291
-279
-260
-272
-262
-257
-307
-372
-372
-245
-80
-19
-62
-111
-107
-55
55
198
279
243
159
151
225
271
278
297
313
257
153
146
215
216
121
76
123
132
24
-76
-78
-49
-59
-38
-12
-66
-184
-253
-188
-61
19
-4
-61
-92
-83
-38
50
149
167
101
48
74
136
149
111
76
63
45
32
17
-10
-72
-139
-160
-143
-123
-163
-240
-280
-281
-281
-279
-283
-297
-324
-346
-360
-394
-433
-478
-522
-508
-316
-11
64
-173
-338
-147
165
326
446
553
478
259
260
550
778
758
594
459
372
312
306
376
366
184
-20
-62
-20
-67
-173
-218
-214
-248
-298
-307
-290
-316
-355
-313
-199
-127
-144
-190
-188
-142
-69
24
115
148
89
59
116
205
252
252
261
253
189
134
171
252
238
154
120
145
118
18
26
129
117
-24
-88
-29
-36
-100
-94
-26
-26
-101
-132
-88
-36
-1
10
25
48
38
20
51
118
137
117
100
84
62
52
65
83
44
-27
-89
-113
-97
-89
-112
-141
-168
-228
-276
-273
-237
-230
-260
-289
-332
-392
-420
-423
-438
-472
-431
-193
-9
-85
-285
-248
-4
155
248
392
461
301
172
317
560
663
609
518
406
294
252
319
404
359
183
15
-27
-9
-29
-59
-61
-103
-193
-273
-272
-209
-171
-191
-217
-202
-184
-198
-185
-108
-45
-65
-72
-14
36
35
57
127
141
110
104
156
194
146
106
159
203
148
97
147
185
125
82
141
178
105
30
57
86
34
12
43
31
-44
-84
-49
-23
-31
-46
-61
-74
-80
-71
-51
-12
-1
-21
-21
-3
12
-5
-10
7
8
-20
-46
-51
-58
-70
-95
-93
-95
-124
-173
-191
-157
-141
-180
-212
-223
-249
-277
-268
-226
-240
-326
-390
-395
-365
-240
-69
-24
-174
-274
-160
13
126
238
322
238
76
111
307
454
467
400
301
196
170
244
342
369
277
129
47
55
78
79
106
112
19
-92
-120
-68
-33
-34
-43
-54
-94
-136
-148
-110
-41
-19
-41
-58
-70
-92
-68
12
68
47
10
23
37
26
44
115
141
72
11
41
108
124
113
138
144
98
58
102
169
167
119
85
76
49
30
33
39
0
-60
-92
-93
-96
-119
-125
-100
-87
-107
-123
-107
-70
-66
-58
-30
-10
-24
-47
-39
0
15
0
-8
-16
-40
-61
-52
-18
-7
-43
-73
-68
-63
-75
-61
-28
-39
-85
-100
-81
-88
-144
-169
-153
-170
-216
-229
-177
-135
-136
-176
-194
-153
-115
-89
-34
27
28
-20
-21
45
104
130
149
153
124
94
93
128
168
193
167
115
89
86
96
119
153
165
103
40
37
66
84
101
112
91
39
-3
11
45
72
75
58
30
-7
-21
-2
35
42
25
-6
-30
-59
-48
5
27
-1
-45
-66
-67
-63
-51
-22
-29
-64
-89
-92
-73
-49
-28
-16
-19
-28
-16
-10
7
21
33
52
58
41
27
27
39
55
69
70
62
40
19
16
45
80
81
55
18
15
31
48
72
78
48
-6
-12
13
42
54
31
-10
-51
-64
-44
-11
6
-9
-46
-88
-105
-90
-57
-34
-36
-74
-120
-138
-134
-129
-118
-117
-165
-217
-240
-218
-181
-162
-154
-161
-177
-180
-155
-115
-88
-60
-59
-53
-36
-4
29
38
48
56
65
73
93
120
135
131
132
150
163
170
178
182
182
190
194
194
184
178
175
162
151
152
137
98
60
43
42
26
6
-22
-67
-109
-129
-135
-129
-126
-149
-184
-205
-185
-176
-170
-158
-152
-162
-168
-143
-107
-91
-80
-62
-44
-31
-19
12
42
58
56
65
86
100
103
105
115
114
102
94
88
91
85
79
72
59
39
25
32
33
23
13
-1
-17
-19
-17
-8
-11
-29
-46
-41
-29
-23
-10
-11
-24
-48
-52
-41
-23
-15
-21
-46
-60
-63
-64
-54
-55
-73
-90
-106
-121
-115
-101
-101
-103
-111
-128
-134
-134
-122
-104
-100
-105
-103
-86
-67
-51
-26
4
25
32
41
75
103
123
137
146
147
146
145
141
143
143
137
119
103
87
80
59
43
34
36
21
-4
-16
-24
-27
-29
-15
-8
-11
-16
-31
-30
-19
-15
-19
-23
-18
-25
-41
-34
-23
-23
-27
-28
-13
-11
-12
-15
-15
-11
-10
-5
-5
-3
-2
-2
-7
-16
-19
-8
8
16
17
14
5
1
14
37
53
58
53
42
31
29
43
67
69
59
38
30
28
35
48
48
28
0
-9
-13
-8
0
0
-12
-34
-54
-55
-44
-43
-47
-52
-54
-65
-79
-79
-58
-43
-48
-38
-29
-34
-35
-17
10
23
32
28
24
27
45
59
61
64
66
64
54
43
42
38
30
23
20
10
-15
-28
-29
-28
-34
-46
-52
-59
-70
-68
-58
-51
-56
-64
-59
-56
-49
-32
-24
-31
-36
-34
-28
-6
10
10
8
3
11
24
36
42
49
50
43
38
51
65
62
57
56
53
48
37
38
43
45
32
27
39
28
17
15
29
45
37
33
34
45
46
39
39
40
45
41
28
27
30
22
6
2
5
-9
-31
-26
-15
-18
-37
-45
-39
-50
-72
-68
-53
-49
-61
-72
-76
-70
-68
-66
-50
-46
-52
-47
-37
-21
-7
-5
6
9
13
20
39
48
46
33
35
45
47
60
50
23
7
7
19
30
27
19
-3
-29
-32
-15
-1
1
-8
-28
-42
-35
-26
-14
-12
-12
-17
-21
-9
-2
2
-3
-3
-4
-2
1
10
13
-8
-20
-16
-1
-5
-13
-18
-21
-31
-39
-27
-16
-17
-37
-49
-45
-42
-42
-40
-32
-31
-46
-44
-33
-18
-16
-7
5
9
17
15
31
55
66
62
64
72
79
86
87
90
90
80
73
75
73
66
55
57
62
45
32
28
29
15
4
11
20
13
2
-6
-12
-15
-11
1
9
7
-1
-3
3
13
15
18
24
32
27
25
22
32
36
34
25
17
20
22
17
13
6
2
-2
-4
-4
-13
-13
-21
-28
-30
-23
-21
-25
-28
-28
-32
-22
-24
-25
-16
-3
-3
-3
0
-5
-6
3
15
20
15
8
-3
-6
0
10
16
11
-4
-12
-23
-24
-9
0
-2
-13
-29
-37
-26
-17
-10
-6
-15
-27
-32
-32
-21
-11
-13
-22
-20
-14
-15
-21
-12
-5
-5
-12
-7
7
10
6
0
4
7
9
15
17
12
7
5
8
7
-3
-6
-5
-3
-16
-24
-20
-19
-21
-32
-28
-23
-20
-21
-20
-11
-5
-10
-8
1
6
16
20
26
18
21
27
31
38
35
33
28
31
32
29
26
18
21
22
15
6
3
0
-6
-19
-23
-14
-15
-27
-36
-35
-29
-24
-23
-21
-27
-24
-25
-21
-13
-6
-5
-13
-9
-4
7
13
16
15
10
4
12
28
34
35
28
17
20
27
34
41
30
25
21
14
15
13
16
16
5
-2
-4
3
4
4
4
5
10
-2
-14
-12
-5
-5
-7
-1
-1
-10
-16
-12
1
12
13
6
3
1
-1
2
11
16
2
-5
-7
-10
-22
-25
-27
-32
-41
-40
-39
-46
-43
-52
-52
-45
-43
-45
-45
-41
-36
-33
-32
-23
-25
-17
-10
-14
-15
-11
-11
-4
7
17
22
12
5
6
18
17
13
14
13
1
-8
-5
-1
2
-9
-16
-19
-27
-33
-29
-23
-23
-26
-30
-33
-29
-18
-15
-12
-3
-4
-7
-7
3
11
17
21
23
14
13
25
36
39
40
38
24
13
13
16
20
23
16
3
-13
-21
-15
-5
2
2
-18
-34
-36
-25
-15
-15
-18
-25
-32
-30
-20
-2
2
-5
-16
-11
-3
5
19
25
20
18
15
18
28
29
25
13
7
0
-1
3
-6
-11
-16
-17
-18
-29
-29
-31
-31
-37
-34
-29
-30
-36
-36
-27
-25
-18
-17
-14
-11
-8
-6
1
2
1
9
11
19
13
0
3
8
7
10
9
4
-10
-20
-18
-16
-11
-21
-33
-38
-45
-43
-48
-44
-43
-41
-47
-46
-40
-39
-45
-41
-28
-22
-13
-12
-15
-13
-9
1
15
17
16
15
14
13
19
23
21
13
7
-4
-5
0
-2
-5
-14
-25
-32
-31
-36
-34
-33
-37
-40
-42
-41
-38
-38
-30
-23
-20
-24
-24
-20
-12
-3
2
8
5
4
5
9
17
24
25
16
10
13
18
12
15
9
-3
-14
-20
-10
-4
-7
-15
-22
-26
-26
-22
-21
-13
-10
-17
-14
-2
9
7
5
8
13
13
13
13
18
16
21
17
20
17
7
10
17
18
11
3
-5
-5
-12
-7
-3
-4
-19
-25
-24
-25
-19
-24
-20
-22
-26
-27
-16
-11
-8
-7
-5
-1
-1
3
5
8
11
21
24
23
11
3
7
10
20
23
14
-1
-15
-17
-6
7
7
-1
-15
-26
-26
-18
-3
-4
-14
-18
-17
-18
-17
-16
-12
-12
-11
-5
-3
-4
-12
-10
-10
-4
3
1
-1
-8
-17
-15
-11
-4
-2
-8
-16
-23
-21
-19
-14
-12
-12
-16
-22
-10
-8
-11
-11
-3
2
-2
-2
-2
1
6
15
17
15
10
4
0
2
10
16
9
6
-7
-14
-9
-6
1
0
-7
-16
-19
-13
-12
-13
-9
-11
-11
-18
-14
-4
-5
-2
-2
0
4
3
1
8
11
17
19
18
20
13
18
24
25
32
30
25
20
19
21
22
24
23
16
13
10
8
9
11
4
1
3
3
2
-6
-6
-7
-2
2
3
-7
-10
-6
-4
-2
0
2
7
7
3
6
8
7
12
12
11
7
3
4
-1
-2
-5
2
0
-7
-11
-16
-13
-9
-3
-1
-4
-7
-10
-6
8
16
18
12
3
5
14
20
28
35
29
18
9
15
25
29
25
20
6
-7
-10
-9
0
1
-7
-16
-27
-30
-35
-33
-26
-20
-28
-35
-43
-44
-35
-28
-23
-20
-18
-23
-25
-21
-8
6
6
8
11
12
13
13
28
36
29
28
28
28
28
23
25
21
18
14
7
3
1
1
-2
-8
-10
-11
-15
-14
-12
-17
-13
-13
-16
-15
-10
-10
-8
-5
-6
-7
-2
1
6
12
7
11
12
12
11
12
14
11
16
10
5
-3
-5
-1
-10
-12
-17
-19
-19
-24
-19
-22
-17
-14
-17
-10
-3
-2
-1
1
5
8
11
20
20
26
24
25
29
31
29
26
24
23
22
19
19
14
11
8
0
-2
-4
-6
-11
-12
-13
-14
-16
-17
-19
-21
-17
-15
-14
-18
-15
-13
-6
-3
-1
2
4
11
14
18
18
20
22
28
29
34
38
34
37
32
34
29
32
24
20
20
12
9
5
5
2
3
0
-2
-2
-1
-5
-2
-1
-1
-2
-6
-5
-1
-2
-1
2
0
4
2
5
4
3
3
3
-5
-8
-7
-7
-11
-9
-12
-18
-24
-27
-26
-22
-21
-26
-30
-34
-34
-30
-31
-30
-25
-25
-29
-24
-21
-15
-18
-15
-14
-7
-5
-6
1
1
0
-3
1
4
5
0
-4
-3
-3
-3
-9
-6
-5
-16
-22
-21
-25
-23
-23
-25
-23
-20
-27
-27
-23
-22
-17
-17
-10
-8
-7
-8
1
12
14
17
16
20
23
22
22
32
38
32
31
27
30
27
27
25
19
11
2
1
2
7
6
0
-6
-14
-12
-12
-12
-7
-5
-12
-20
-18
-15
-10
-11
-14
-9
-9
-17
-19
-19
-12
-4
-2
0
-3
-9
-11
-10
-5
0
-6
-10
-16
-17
-15
-15
-8
-10
-15
-19
-22
-23
-17
-10
-12
-15
-12
-12
-10
-8
-6
-2
1
-5
-4
-2
-3
2
0
-3
-5
-3
-10
-10
-7
-6
-9
-10
-9
-16
-14
-14
-9
-11
-16
-18
-20
-19
-15
-12
-12
-13
-16
-14
-16
-14
-5
1
-2
-3
4
1
6
9
4
5
3
10
13
9
9
8
7
4
3
7
3
2
-1
-6
-8
-5
-2
-9
-11
-16
-15
-19
-16
-15
-17
-15
-13
-11
-14
-15
-17
-13
-16
-15
-10
-7
-8
-6
-7
-4
-5
-2
1
2
-2
1
2
-2
-8
-5
-3
-3
-6
-3
-3
-5
-5
-1
2
0
4
4
4
2
8
11
12
12
16
14
14
12
12
9
6
6
11
9
4
2
-2
-3
-5
-3
-1
0
-4
-15
-10
-9
-10
-11
-9
-11
-14
-10
-7
-6
-8
-1
-3
-3
-1
1
5
3
10
12
8
9
10
13
13
17
17
15
10
11
12
15
12
6
2
0
-3
-3
0
-3
-7
-9
-12
-13
-12
-16
-17
-16
-18
-21
-17
-15
-15
-17
-19
-13
-14
-15
-11
-10
-2
-2
7
10
3
3
6
6
6
7
15
14
8
8
3
2
1
5
3
-1
-1
-6
-10
-9
-10
-8
-8
-9
-5
-13
-13
-10
-7
-5
-7
-6
-7
-4
2
1
2
4
0
0
2
2
6
1
0
2
0
-2
-3
3
1
0
-2
-1
3
0
-3
-5
2
4
3
6
10
11
13
18
21
25
27
30
29
32
32
32
39
39
38
36
34
36
38
34
32
34
31
26
26
27
25
25
22
15
12
9
3
5
5
3
1
-2
-2
-2
-3
-6
-6
-7
-8
-13
-13
-11
-12
-11
-9
-5
-6
-7
-4
-7
1
5
7
7
4
8
3
7
8
8
6
3
4
9
5
5
4
3
9
3
6
8
4
7
6
11
10
14
16
6
6
5
11
11
9
9
6
8
6
7
13
8
4
1
1
2
6
2
-3
2
-2
-5
-7
-2
-3
-7
-2
-5
-1
3
3
7
7
12
12
9
14
13
11
13
10
9
12
20
24
21
20
21
22
22
27
24
26
26
24
26
28
26
27
20
21
23
16
18
14
15
18
14
17
20
14
11
10
14
16
13
17
15
13
10
17
19
18
18
10
17
16
17
14
15
21
15
17
15
15
17
16
19
21
21
24
27
21
20
19
22
25
24
20
23
16
17
18
20
21
17
17
18
18
14
20
18
19
16
18
15
15
8
8
6
2
5
1
0
2
-4
-1
-2
1
1
-5
-5
-8
-2
-2
2
7
7
7
4
6
8
11
11
15
12
11
11
12
19
14
18
18
17
20
18
16
19
12
14
17
12
15
7
9
6
4
4
9
9
8
7
5
0
-2
6
3
3
-2
-1
-4
-2
0
3
8
7
9
12
8
10
14
8
13
17
13
14
10
11
11
12
13
14
15
15
8
4
6
7
10
11
9
11
11
5
12
16
12
9
15
11
9
6
6
11
8
3
2
1
-3
0
-1
-3
-3
-6
-6
-7
-9
-17
-14
-13
-14
-19
-20
-19
-16
-15
-9
-6
-6
-6
-7
-2
3
8
12
14
17
18
18
19
22
26
25
32
32
25
27
29
22
27
22
22
25
24
24
15
15
9
3
3
-1
-1
0
-6
-6
-10
-7
-9
-11
-12
-9
-9
-6
-6
-8
-10
-19
-11
-9
-10
-13
-8
-10
-15
-13
-12
-11
-9
-8
-7
-10
-8
-11
-13
-13
-13
-14
-13
-14
-18
-16
-18
-20
-13
-9
-10
-9
-12
-9
-10
-4
-5
-3
-5
-6
-4
-3
-2
-1
3
0
-2
-5
-5
-4
-2
1
-4
-5
-8
-7
-12
-10
-8
-9
-12
-21
-17
-15
-15
-17
-18
-19
-28
-21
-17
-18
-20
-23
-19
-15
-15
-10
-8
-15
-15
-9
-5
-7
-6
-8
-6
-4
-4
-3
2
3
-3
3
-1
2
4
4
7
2
-1
0
5
6
7
1
-3
-2
-1
2
2
-7
-6
-2
-1
-1
-4
1
1
1
1
0
-2
-4
-1
-1
-2
-1
-6
-4
-3
-3
0
-8
-5
-4
-7
-8
-9
-3
-8
-10
-9
-13
-16
-12
-17
-10
-10
-13
-13
-10
-8
-8
-6
-7
-6
-9
-5
-7
-8
-4
-7
-6
-8
-9
-7
-7
-7
-5
-4
-3
-11
-6
-3
-6
-1
-2
3
-1
9
6
24
51
43
22
4
-12
-52
-53
-42
-38
-43
-22
-20
-27
-37
-28
-31
-30
-14
-5
-21
-8
-3
20
60
56
53
35
13
-30
-19
-28
-31
-41
-25
-41
-64
-69
-67
-84
-80
-51
-40
-41
-38
-29
-48
-45
-33
-20
-19
-6
-5
-13
-15
-24
-28
-19
-17
-25
-21
-22
-21
-24
-21
-21
-22
-23
-28
-21
-31
-26
-10
-7
-20
-16
-20
-20
-27
-24
-7
-7
11
22
19
-14
-20
-19
-32
-30
-11
-20
-30
-36
-28
8
-4
1
3
8
-31
-12
-6
-8
-18
1
-2
-21
-19
-12
-27
-29
-13
-13
-19
-30
-22
-44
-24
-21
-10
-13
3
-2
-14
-20
-7
-16
-16
6
5
-8
-10
6
-21
-35
8
24
3
35
57
30
10
38
32
8
8
13
-6
-32
-23
-26
-46
-53
-33
-53
-51
-33
-23
-29
-21
-22
-5
-38
-7
2
-24
10
1
-1
-5
-8
-6
-26
-26
-22
-27
-31
-13
-16
-22
-44
-31
-18
-38
-51
-16
-18
-60
-17
6
-56
-26
-20
-57
-20
-36
-11
-29
-20
-27
-23
-30
-12
6
-13
-34
1
-16
-9
-15
8
-5
-3
-8
-11
-8
8
24
-24
14
28
-61
-24
23
-20
-26
3
10
-66
-35
17
-62
-17
12
-15
-24
-3
-10
-23
9
2
-18
14
-21
-32
19
-16
-11
50
-26
-22
19
-33
22
-36
8
3
-35
-1
8
-25
2
3
-22
-19
10
-14
-12
-4
-3
-23
-47
30
-5
-38
0
10
-17
-17
17
3
-19
24
-3
-1
28
-16
-4
44
8
-38
43
42
-32
15
40
2
-15
16
7
-18
12
-11
12
-13
-11
29
-31
-34
24
6
-40
-10
49
-49
-35
25
4
-26
-6
9
-20
29
-25
-36
31
-6
-53
13
16
-29
-42
9
-20
-11
-32
-3
7
-29
-38
17
-29
-27
-32
-21
-7
-48
2
-32
-30
7
-5
-38
9
-4
-20
-8
26
-38
5
11
-21
-12
34
-20
-41
18
7
-47
17
22
-27
-26
-3
-15
-1
-29
-20
-7
-25
-20
-45
-2
16
-52
-26
13
-21
-49
-25
43
-21
-42
20
-4
-61
-11
-3
-6
-41
17
-21
-39
17
11
-51
18
21
-30
17
1
1
3
-7
4
-1
9
-26
-20
20
16
-31
-6
14
7
-25
4
47
-31
-17
28
-25
29
-1
3
15
-6
9
-9
-8
37
-7
-11
26
38
-30
-23
58
-32
-21
33
-8
-41
26
-54
5
-7
-39
-15
1
-28
-20
11
-3
-16
-1
9
-10
3
41
-6
0
10
0
1
27
-4
-31
7
0
-17
23
1
-35
10
0
3
19
-14
-20
43
-14
-29
51
-2
-21
10
17
-7
-8
-5
-6
13
-28
11
5
-29
4
-24
9
7
-60
16
8
-55
23
37
-44
-35
53
-34
-58
55
-38
-47
12
-35
0
-19
-45
0
-8
-35
-31
30
-59
-49
6
-13
-21
-1
-32
-23
14
-26
10
0
19
-3
-16
25
13
3
-26
25
32
-11
15
53
-43
0
50
9
4
30
30
-47
7
29
-16
-27
29
13
-50
17
-26
-7
17
-30
-2
39
-5
-17
18
50
-18
-15
55
25
-32
-2
32
24
-36
44
20
-18
41
-5
3
47
-44
48
21
-4
20
44
-6
-10
32
31
-8
-14
47
20
-28
10
68
-19
-44
41
58
-86
41
55
-48
39
56
-51
36
24
-19
12
24
4
3
-22
33
-16
8
-14
29
-5
-26
7
0
12
-7
-9
27
-6
-8
11
-19
26
-16
6
25
5
-28
8
16
-12
-24
53
-35
-13
40
-22
-5
-4
43
-39
22
19
-22
-3
-10
14
16
4
-3
29
13
-5
14
-11
36
-13
-21
41
27
-47
27
10
0
-25
39
-1
0
-13
10
-10
15
-13
2
4
2
-5
-26
32
-16
-29
36
-17
-9
12
9
-10
15
15
-23
47
-6
-18
16
-6
-24
52
0
-19
25
47
-79
49
43
-27
17
7
17
-12
-22
66
-32
20
-23
22
-9
-18
42
-29
3
28
-30
40
22
-22
31
-1
12
-14
44
1
-27
35
12
-7
-3
29
27
-63
46
59
-39
-6
54
1
-12
10
43
-18
23
-19
25
-8
29
10
-15
49
32
-38
39
38
10
-21
45
36
-20
49
-2
28
1
15
5
32
3
28
-19
27
30
-33
40
43
-31
4
26
-28
4
33
-25
-24
45
-8
-38
9
46
-38
-26
50
-8
-37
5
4
4
-28
18
-2
-19
27
-21
-6
58
-18
9
25
-6
-12
19
-5
-2
34
-30
8
21
-27
15
15
-17
37
-17
-6
25
-7
-18
20
24
-31
-7
-4
-18
-23
-6
11
-36
-5
16
-27
-7
-11
4
-4
-3
20
1
1
-8
10
10
-39
36
5
-28
-11
41
-38
-16
25
-17
-11
0
26
-17
-28
22
7
-2
7
10
6
-20
9
6
5
-1
1
-17
29
-24
-25
64
-5
-59
94
2
-61
95
18
-39
40
37
-12
-7
28
39
-32
31
13
33
-28
27
16
-27
24
-11
6
24
-3
11
0
-11
5
7
27
-29
52
15
-47
36
40
-36
8
43
-5
-6
2
4
37
-24
27
46
-15
-20
30
-27
3
11
-25
-12
39
-29
-20
36
-20
-21
24
16
-25
15
14
-7
0
27
-35
-21
41
-25
-33
34
-74
4
18
-37
10
17
8
-23
11
38
-39
16
30
-59
23
14
-30
6
5
-23
-27
2
38
-56
-16
35
-35
-24
13
-16
0
-30
-1
4
-11
-25
19
4
-39
5
2
-25
-14
-3
-39
-9
-12
-17
-27
-7
-7
-34
6
-19
-25
-9
-42
-15
-12
-27
-13
-4
-64
-22
29
-60
-10
6
-24
-21
-5
9
-60
31
-12
-17
-1
4
-50
24
-26
-28
3
-18
-18
-11
16
-25
-11
9
-8
9
16
1
-12
38
-21
-53
74
-9
-57
43
25
-64
-17
35
-21
-5
31
16
-5
29
0
-27
41
15
-35
32
27
-36
-10
-3
24
-36
-14
16
-8
-8
-35
30
-33
1
17
-22
26
25
-12
17
8
-8
-4
6
-6
4
-28
29
-24
-18
61
-57
5
69
-45
-15
30
-27
10
-7
-33
68
-42
-14
22
-19
1
-24
-10
-5
5
-49
-40
39
-44
-59
38
-44
-44
3
-26
-65
38
-34
-56
44
-23
-37
22
10
-9
-24
12
-7
-34
11
-23
-12
-15
-3
-28
-17
-1
-3
-30
11
-33
-5
-10
-6
-50
-15
-13
-46
-1
32
-47
-13
16
18
-48
9
29
-20
-40
9
-4
-38
-40
23
-25
-31
27
-20
4
-11
-30
8
0
-48
7
-3
-11
-62
2
-18
-64
-5
-1
-55
-3
-5
-17
-37
14
7
-19
-1
51
-30
-9
4
14
4
-13
18
13
6
-12
12
29
-30
-6
23
-33
-24
7
-18
-37
8
-21
1
0
10
0
-2
16
-31
10
26
-39
12
37
-23
-12
16
32
-31
-5
67
-21
-21
58
17
-43
35
19
-20
7
33
-1
-21
33
1
-15
-3
40
6
-29
69
-38
-10
67
-11
2
46
-41
-2
26
-37
-16
-7
20
-52
16
29
-51
-17
44
13
-29
-1
50
-33
-54
60
-34
-17
-10
-6
-9
-10
-34
-23
10
-40
-38
27
-24
-48
24
-28
-38
27
0
-34
4
-28
-16
-39
-28
6
-23
-56
24
-30
-47
13
-26
-24
-24
-30
-39
-5
-53
-43
-10
-44
-49
-16
-32
-14
-37
-42
25
-30
-39
25
-7
-35
-26
-12
-28
-40
-32
-13
-50
-33
-4
-31
-33
-11
-35
-15
-26
-29
-27
-12
-20
-27
-40
0
-13
-54
32
20
-50
18
25
-46
-30
1
14
-43
4
35
-60
-19
31
-52
0
29
-20
6
14
-38
-12
4
-50
-16
11
-24
-12
-36
-15
11
-57
25
48
-26
-11
28
-8
-6
-15
-2
25
-31
-18
-2
7
-30
-25
40
15
-41
26
8
3
-9
2
19
5
-28
43
4
-4
23
-39
43
-10
-47
63
5
-42
12
3
-27
-31
24
-24
-36
10
5
-40
-8
-7
-27
-45
7
15
-91
-10
39
-96
-40
35
-68
-1
5
-52
36
-17
-46
-1
6
-57
-14
19
-12
-45
-30
26
-46
-62
35
-16
-81
39
-39
-34
-26
-37
-14
-4
-58
-19
13
-73
-66
18
-39
-47
-2
7
-15
-52
-9
14
-36
-18
-13
10
-34
-71
19
-17
-88
-5
-10
-51
-54
-25
-12
-64
-47
-4
-22
-55
2
-41
-20
24
-61
4
27
-71
0
31
-37
-21
-2
1
-21
3
-15
-4
14
-27
10
-5
7
-22
-11
-16
-1
-47
-30
11
-50
-43
-3
18
-18
-11
8
23
-2
-34
51
3
-53
11
14
-37
-18
-7
-18
-28
-9
16
-14
-10
-8
5
20
-29
6
36
-41
-19
43
-25
-50
49
-12
-35
25
-10
-4
0
-34
11
-12
-5
10
-13
12
-7
-36
29
-24
-26
6
-7
-6
-10
-6
-3
-16
8
-9
-18
40
1
-43
25
1
-28
-13
6
-2
-38
-22
8
-46
-24
15
-26
-4
-15
-16
-29
-13
-29
-25
-8
-8
-26
-20
-13
-25
-33
-15
-7
-25
-3
-7
-33
5
-14
-40
5
1
-29
-13
-19
-10
-8
-34
-12
13
-23
-30
4
2
-55
-19
29
-53
-12
13
-42
-16
5
-34
-27
-6
-31
-33
-7
-24
-49
-2
-9
-16
-7
-11
-4
-37
-22
22
-33
-38
3
-15
-69
-23
8
-50
-44
19
-12
-44
6
-19
-29
-19
-14
-4
-5
-22
-5
8
-36
-8
21
-11
-8
38
-1
-22
-13
-14
12
-52
6
-11
-2
-59
5
-19
-24
-20
-19
47
-9
-13
51
-9
-23
34
10
8
9
1
0
9
-2
-6
42
5
-11
29
16
-18
9
44
-12
3
68
15
-19
30
36
-42
39
26
-40
18
-13
-4
-14
11
-33
2
13
-4
-39
34
5
-30
10
27
7
-25
42
20
-4
18
13
3
16
13
8
5
22
15
-12
0
34
-16
-21
30
24
-31
13
32
-13
-22
30
-1
-8
8
7
0
-5
16
-6
-17
34
-15
-5
25
-16
-3
18
-45
4
30
-21
-6
8
2
-21
8
-10
14
-22
5
21
-17
-17
8
-8
-38
35
-6
-29
24
1
-21
-2
12
1
3
2
5
20
15
-28
30
9
0
-3
7
26
-8
-15
17
21
-26
-19
29
-16
-11
8
0
-12
-14
-1
-8
-13
13
-3
-32
-5
8
-23
-5
-6
-2
0
-31
5
19
-17
-4
12
12
-17
0
35
-18
0
31
8
-16
23
21
-4
-18
41
-9
-17
20
39
-17
1
53
15
1
7
46
1
-17
38
21
-12
30
14
37
9
5
68
33
-1
56
67
9
27
61
30
21
6
51
22
-14
41
24
15
-4
26
16
14
-22
32
24
-45
7
34
-16
-21
56
8
-2
27
29
22
5
38
21
27
-1
9
34
-34
7
32
-14
7
7
-6
18
9
-24
30
26
-39
25
27
-29
5
23
-12
31
28
6
21
-1
9
4
10
9
14
-5
12
-16
13
13
-2
4
2
2
-17
-26
0
-10
-49
1
-7
-33
-8
6
6
-12
-7
25
5
11
-4
17
6
-15
-6
20
7
-34
41
12
-44
1
20
-37
-2
13
3
-12
-6
-10
11
-17
-29
25
4
-26
1
21
-23
-38
24
-25
-4
15
-18
-7
19
-29
6
21
-18
3
42
-4
0
21
10
-17
8
7
-19
4
-13
5
2
-19
-19
18
-7
-5
15
17
-16
0
19
19
3
16
27
-16
52
4
-9
41
4
-26
22
7
5
-9
6
11
-11
-13
10
-8
3
-4
16
17
-30
34
-17
-10
37
-2
9
40
-2
-5
21
15
-12
24
25
-4
-9
31
-23
-10
21
-17
-23
16
-23
-53
3
-1
-70
-2
28
-36
-6
18
-19
-13
-10
12
10
-21
30
33
-37
24
4
-33
22
-13
17
-10
-15
-9
-28
-12
-32
-19
3
-21
-43
-6
-23
-15
-43
8
-7
-30
-10
31
-22
-30
25
-9
-25
19
-13
-11
-12
-18
-9
-15
-24
-6
-23
-25
-10
-9
-5
-38
-31
1
-30
-39
3
-37
-38
-20
-31
-13
-26
-27
-21
-20
-22
-16
2
-43
-7
-16
-39
6
-9
-24
-21
18
-25
-18
32
-22
-36
40
-15
-43
20
-17
-25
-19
11
2
-32
-5
7
-15
-27
-12
10
-24
-27
12
11
-23
-3
7
-9
-24
5
-2
-3
-13
-9
-14
-7
-11
-19
-5
0
-34
-1
14
-47
-14
21
-36
-1
10
-11
-23
6
-1
-9
3
-10
23
1
-12
11
1
-18
-6
-26
-15
-16
-9
-21
-5
-19
-10
-6
1
-21
-2
10
-9
-1
20
8
-18
30
-3
-2
-2
12
-15
-10
-10
-6
-9
-11
-18
-9
2
-8
4
-16
-8
-8
3
-11
22
-11
-31
17
17
-34
1
-12
-24
-10
-13
-20
0
-9
-32
-5
11
-25
-34
17
-3
-40
0
11
-37
-24
-4
4
-24
-4
10
-35
-1
3
-25
-8
-13
-52
-6
1
-41
-20
-9
-31
-40
-11
-16
-34
-19
-10
-28
-14
-28
-12
-20
-15
3
-15
-20
4
-30
-27
7
-20
-21
4
-12
-44
23
-13
-56
-6
9
-41
-15
21
-8
-26
-19
16
-10
-32
17
-6
-1
-17
-12
14
-25
-18
12
-8
-4
-16
-3
1
-16
0
14
-34
6
0
-34
13
-14
-19
4
-47
8
14
-40
0
30
-12
-18
27
-2
-32
16
26
-30
17
0
-21
-10
-11
-1
-22
10
12
-42
18
-7
-16
13
-11
-4
-7
-3
8
-19
-5
-10
-17
3
-17
-15
-6
-7
-13
-7
2
4
-11
7
-2
-15
-23
2
-3
-35
1
4
-45
-16
6
-30
-19
11
-1
-29
3
7
-19
-17
20
-28
-4
7
-26
3
5
-24
-3
-3
-23
-2
-4
-25
-10
3
-10
-27
-8
-10
-18
-13
6
-14
-20
2
-7
-20
25
-19
-41
44
-49
-23
21
-32
-27
5
-31
-26
4
-19
-24
3
-3
-38
-1
-4
-29
-26
-13
-16
-23
-13
-15
14
-23
-24
29
-12
2
-7
3
-20
-24
0
-11
-47
-1
-14
-42
-28
-5
-34
-26
-25
-11
-21
-30
-13
-5
-38
-15
9
-38
-24
-14
-1
-41
-13
1
-34
-6
-12
-18
-4
-21
2
-11
-26
15
-16
-20
11
-12
-9
-9
9
-2
-22
1
-11
-6
-17
-32
6
-10
-39
-18
4
-22
-23
-8
-5
-18
-18
6
-8
-36
-3
-4
-35
20
-7
-11
14
5
24
6
19
1
11
6
-18
20
2
-42
2
-10
-25
-20
-18
-11
-19
-29
7
-17
-7
-4
-6
17
8
-7
33
2
-14
17
22
-16
-17
11
-33
-25
26
-35
-43
-2
-39
-27
-13
-28
-9
-29
-33
5
-29
-29
-18
-6
-31
-14
6
-17
-8
5
-13
12
-8
-19
1
-14
-4
-3
3
-17
-17
-25
4
-11
-14
24
7
-30
26
5
-30
16
20
-14
-4
12
1
-6
-7
-7
-5
-3
-21
6
0
-20
-15
-20
-8
-25
-51
2
-7
-39
-16
-3
-12
-30
-24
10
-14
-7
21
7
-15
-7
5
-4
-16
15
20
-19
14
-5
-20
-6
-13
-10
13
2
-15
13
9
-13
-22
8
16
-34
-5
22
-29
-15
13
9
2
-12
25
9
-10
3
12
-8
7
14
-6
21
17
-15
9
26
0
-2
34
19
-30
21
9
-8
7
17
6
-2
-7
0
-1
-28
-5
19
-15
-23
1
-5
-24
-12
5
6
-15
-5
23
-1
23
-9
14
41
-15
2
52
-11
-24
31
-2
-7
-20
13
16
-15
4
0
-7
-7
4
6
8
1
24
-11
0
4
4
1
5
8
10
-13
-7
8
-1
-33
0
4
12
-13
-24
-3
-13
-11
-7
21
-21
-10
7
-26
24
8
-16
22
2
-4
10
23
9
-5
13
-2
0
24
-11
11
5
1
-4
-23
9
-7
-14
8
4
-15
-20
-4
-12
-17
-3
-21
-25
-16
-46
-22
-21
-19
-14
-29
5
-4
-20
-5
-2
-10
-23
3
-5
-36
-7
-6
-22
-19
-3
-13
-30
3
-3
-7
11
-5
-5
24
-2
-6
6
10
-24
-8
27
-11
-16
22
5
-27
7
9
-24
-11
27
1
2
9
2
-3
1
1
3
16
10
-12
6
7
-29
-10
9
2
-6
2
14
-15
-9
0
0
9
6
4
12
11
-8
9
1
2
-2
-8
19
-20
-5
5
-24
-14
-3
-9
-8
-11
2
3
-3
16
9
13
14
2
25
15
-13
2
2
-21
-29
-11
-12
-29
-7
-1
7
-10
-4
13
-1
7
0
17
16
6
2
0
2
-10
-6
4
-13
0
-9
-2
4
8
-8
15
16
12
10
18
22
7
15
14
16
-1
0
19
-7
-17
4
-12
-32
-18
-14
-5
-8
-6
-4
-6
-9
2
2
-7
-8
12
1
-12
4
-2
-16
-7
7
-10
-2
11
2
3
3
-8
2
0
3
-2
6
-6
-6
9
-7
12
13
12
15
24
9
8
8
1
4
3
12
9
7
-2
14
-1
4
7
21
11
12
23
-3
1
18
-5
2
14
5
15
0
2
4
2
-3
6
24
8
-2
22
19
-19
11
26
2
-1
14
18
5
-1
9
8
-6
3
12
12
6
1
-1
-2
-3
8
7
18
18
11
13
22
15
8
23
23
12
16
9
-4
13
0
-4
9
19
9
1
17
5
-16
11
9
10
32
13
-11
-2
20
0
1
33
16
-9
2
24
15
1
13
33
11
1
20
25
3
13
20
14
26
15
17
32
19
5
22
21
12
12
21
1
-2
1
-9
5
6
8
8
-5
9
9
1
21
16
-10
1
8
-6
-3
7
-4
-4
-2
-6
4
-1
2
12
7
2
9
14
-4
5
18
11
-10
10
17
-9
4
26
11
4
23
14
0
18
21
4
9
25
3
21
26
6
12
19
20
16
28
35
29
17
24
24
21
20
20
2
12
17
-5
11
14
-11
-1
27
15
-5
12
17
1
10
20
9
8
14
14
4
5
12
12
18
17
14
16
14
5
15
14
15
20
11
17
5
3
9
19
11
14
18
10
10
19
20
12
22
14
14
20
20
13
19
21
14
6
20
20
1
18
14
4
6
4
9
8
5
9
12
14
12
18
19
16
23
19
16
21
19
18
21
11
22
22
16
20
19
14
10
7
12
13
17
16
18
20
18
19
20
34
26
17
32
31
22
24
21
20
19
11
7
27
18
-1
29
30
2
4
27
21
12
26
22
19
13
14
19
12
8
11
20
7
2
14
10
3
7
15
10
5
16
28
13
13
25
16
3
12
16
12
16
15
16
17
3
-4
13
12
3
9
19
13
5
16
16
0
6
21
24
18
22
22
19
14
11
20
15
12
15
21
9
10
6
6
7
1
11
17
11
5
20
9
-1
12
21
5
8
25
13
2
12
12
6
9
14
22
20
10
15
15
11
12
18
20
24
20
22
28
25
19
21
20
19
20
16
14
9
13
4
9
11
7
9
6
8
-1
-1
3
9
10
12
16
12
14
16
17
17
26
19
16
20
17
13
16
19
12
13
13
15
16
17
17
12
18
18
23
32
24
20
19
24
21
20
19
15
15
19
17
14
14
8
11
11
18
13
7
9
14
12
1
7
6
3
2
9
11
-3
-1
0
-4
-4
0
0
-7
-2
2
-5
-2
-3
-3
-3
-6
3
1
-6
-2
-4
-8
-7
-10
-1
-6
-13
-5
-10
-6
-15
-11
-6
-5
-6
-6
-8
-4
-7
-7
-1
-4
-4
2
7
4
3
-1
-1
4
-2
-2
8
9
1
8
5
1
4
4
2
2
0
5
8
6
6
5
10
8
6
2
3
1
2
5
2
3
3
2
3
4
5
6
8
6
7
8
4
9
9
8
9
-2
-3
-1
-2
-1
8
3
-7
-1
3
2
3
5
9
5
2
12
5
0
7
0
2
8
9
11
10
4
4
14
15
17
24
22
22
14
10
12
14
19
14
18
14
9
11
16
15
12
16
14
20
11
9
15
13
6
9
24
13
11
19
18
8
10
14
11
12
13
12
15
11
6
11
9
5
11
16
9
4
9
8
9
7
8
7
4
3
1
-3
-1
-4
-10
-2
-4
-4
0
-3
-2
0
0
-2
1
5
4
-2
0
-1
-2
2
6
1
-1
4
-3
-6
-1
-2
-2
1
5
5
-3
6
7
