-8
-5
-4
-7
-8
-6
-5
-7
-10
-8
-4
-6
-9
-10
-8
-9
-8
-5
-6
-1
-4
-5
-6
-1
-1
-1
-1
1
-2
-1
1
-4
-7
-4
-5
-6
-5
2
-3
-3
-2
-7
-1
-1
0
-1
1
-1
-5
-5
-3
-9
-10
-11
-8
-5
-9
-9
-8
-5
-4
-8
-8
-10
-13
-16
-17
-18
-19
-17
-19
-20
-17
-19
-23
-19
-19
-13
-16
-13
-14
-15
-11
-10
-9
-11
-12
-15
-10
-12
-15
-15
-15
-17
-17
-16
-14
-20
-20
-16
-14
-15
-15
-17
-17
-12
-12
-8
-8
-7
-8
-3
-8
-11
-10
-10
-10
-7
-8
-9
-7
-6
-3
-10
-3
-6
-6
-2
-5
-5
-4
-4
-5
-5
-7
-7
-6
-7
-3
-3
-5
-3
-3
-2
1
0
1
3
2
-1
6
7
1
2
3
3
4
6
7
9
8
9
6
5
3
9
9
8
9
5
9
12
10
15
17
16
18
20
22
22
26
25
20
22
24
25
22
29
29
29
25
25
29
23
28
22
22
22
21
25
28
22
21
24
27
24
25
23
25
27
25
29
29
29
27
28
29
29
31
29
28
27
30
27
25
29
27
27
26
27
25
26
29
26
21
19
20
17
18
17
17
14
12
13
9
9
5
5
7
11
9
6
3
2
-3
-4
0
-1
-5
-6
-3
-6
-15
-10
-9
-13
-10
-14
-17
-15
-13
-10
-12
-9
-13
-15
-13
-19
-18
-25
-19
-17
-17
-15
-18
-19
-18
-19
-20
-18
-22
-22
-25
-28
-27
-30
-29
-29
-28
-26
-27
-28
-35
-33
-31
-33
-33
-32
-36
-35
-33
-34
-30
-34
-38
-33
-34
-33
-38
-36
-30
-39
-37
-33
-30
-33
-28
-28
-31
-26
-30
-27
-23
-28
-28
-23
-22
-21
-24
-20
-18
-21
-19
-25
-23
-20
-19
-18
-19
-19
-15
-14
-11
-16
-18
-13
-15
-10
-11
-10
-15
-11
-8
-10
-10
-6
-8
-8
-6
-7
-1
-4
-1
-1
-6
-5
-4
-5
-1
-3
-3
-4
-4
0
-5
-5
-5
-6
-2
-5
-4
-1
0
-2
-3
-5
-4
-3
0
1
-3
-2
-3
-4
-2
1
1
4
2
3
0
0
-2
-5
-2
1
1
-4
-1
-3
-4
-3
-3
1
6
2
4
-1
1
1
-4
4
4
-1
5
12
7
10
10
9
12
10
8
7
10
11
13
10
13
18
17
23
21
24
24
22
24
23
26
21
24
23
20
25
24
28
26
25
21
19
23
22
21
22
19
18
21
14
15
14
9
11
12
9
6
6
10
12
11
8
11
7
9
11
11
17
16
16
14
13
12
19
23
22
24
20
22
25
24
30
25
31
29
29
30
26
32
31
31
30
24
27
31
30
28
25
29
27
22
25
24
25
25
23
30
26
23
27
25
26
24
21
21
26
19
19
21
23
21
14
13
14
17
13
18
16
13
13
11
9
7
12
11
8
2
3
5
1
3
4
5
2
2
4
1
-1
-1
1
1
4
1
3
3
0
4
-3
-4
-8
-5
-9
-8
-10
-13
-9
-13
-9
-11
-14
-9
-11
-12
-14
-17
-16
-17
-21
-21
-25
-23
-23
-22
-20
-23
-19
-15
-21
-19
-13
-15
-9
-9
-14
-17
-23
-24
-22
-22
-23
-25
-21
-24
-26
-27
-32
-30
-28
-23
-28
-27
-26
-27
-34
-27
-26
-27
-23
-24
-25
-31
-24
-23
-23
-28
-27
-26
-28
-27
-30
-30
-29
-29
-29
-32
-33
-29
-28
-26
-28
-30
-28
-29
-28
-29
-29
-29
-25
-26
-23
-26
-24
-23
-23
-23
-19
-18
-18
-19
-20
-17
-17
-14
-8
-6
-8
-1
2
3
1
0
6
6
6
6
1
2
6
2
3
2
0
2
1
2
5
8
6
5
10
10
8
9
7
9
4
6
7
10
7
0
5
7
5
2
9
7
5
8
7
8
7
11
11
8
4
4
3
3
6
8
12
10
7
12
6
10
12
13
12
10
9
12
16
11
12
17
14
11
10
10
11
8
13
14
14
23
22
21
22
24
24
25
22
26
19
22
18
19
17
15
22
15
19
16
17
18
16
20
21
25
23
24
22
23
26
24
32
35
30
32
33
32
27
27
29
32
30
27
25
28
27
25
25
27
25
24
24
18
17
19
19
19
23
17
19
19
23
21
18
18
24
23
22
22
23
24
20
22
20
21
22
22
17
18
17
17
19
21
16
15
18
14
20
21
20
20
17
20
19
17
12
15
16
14
21
22
18
16
11
18
14
14
12
8
8
5
7
11
10
7
4
9
2
1
4
3
8
3
1
0
0
-1
-3
-1
0
-4
-2
-5
-9
-7
-7
-10
-8
-6
-10
-7
1
-1
0
1
0
-1
4
3
-1
-4
-5
-5
-4
-6
-7
-9
-14
-13
-9
-12
-15
-16
-12
-12
-15
-17
-20
-15
-10
-12
-11
-8
-4
-3
-8
1
-2
-4
-4
-6
-4
-10
-8
-2
-5
7
5
5
9
7
7
7
6
6
8
8
8
8
11
12
12
8
9
7
4
5
12
4
4
9
7
6
7
14
11
14
12
13
9
12
11
16
17
17
15
14
14
14
14
17
19
17
18
17
20
19
22
22
18
19
17
22
21
23
24
21
24
20
21
19
22
26
25
25
27
28
26
29
31
28
26
28
28
26
25
22
23
21
20
20
16
19
23
15
17
21
23
22
15
17
19
18
18
23
21
24
23
25
21
17
15
10
12
7
13
9
9
8
5
7
5
4
11
9
4
7
9
8
12
8
2
6
4
3
2
0
-3
1
1
-3
-2
-8
-11
-8
-4
0
-3
0
3
-1
2
5
7
7
6
10
5
3
8
6
7
5
-2
-2
-1
-3
2
1
3
5
3
3
6
5
5
10
8
5
7
5
8
7
7
7
6
6
9
8
6
9
7
5
5
8
8
7
8
10
9
10
6
8
5
7
10
8
4
6
11
6
9
10
4
-3
0
2
-3
-5
-4
-4
-2
-1
1
3
2
0
2
7
4
0
1
1
-1
0
5
3
2
-6
-2
-3
0
-4
-2
0
-1
0
-5
-5
-8
-4
-5
-7
-7
-4
-1
-5
-4
-5
-5
-6
-8
-7
-3
-4
-8
-10
-11
-12
-16
-15
-12
-10
-12
-10
-14
-10
-7
-5
-5
-4
-5
-6
-4
-2
-3
-3
-2
-5
-1
-2
2
0
4
6
6
6
8
5
3
4
8
6
7
7
7
6
6
6
5
6
4
4
4
6
8
9
11
9
11
14
10
16
8
9
14
10
13
12
10
13
15
13
10
13
14
16
20
17
18
20
17
18
15
13
16
14
15
7
11
15
16
17
13
15
13
11
13
16
11
11
10
10
12
11
14
10
8
10
7
7
10
13
10
9
12
12
18
12
7
9
6
9
10
14
12
8
9
8
8
13
9
9
15
13
12
15
12
14
13
9
10
11
7
2
1
4
1
5
3
4
6
3
2
5
5
1
1
1
1
-10
-9
-10
-7
-4
-3
-6
-7
-3
-5
-6
-10
-11
-10
-11
-14
-16
-19
-14
-14
-17
-18
-26
-27
-25
-23
-24
-27
-26
-24
-20
-26
-31
-30
-29
-32
-34
-27
-27
-28
-24
-27
-27
-25
-24
-23
-20
-22
-22
-21
-20
-23
-27
-28
-28
-26
-28
-28
-26
-32
-27
-26
-30
-28
-19
-28
-34
-34
-37
-34
-30
-28
-28
-31
-32
-34
-35
-32
-27
-28
-28
-26
-27
-27
-21
-22
-24
-19
-16
-21
-18
-15
-15
-10
-12
-11
-8
-9
-8
-10
-12
-12
-8
-7
-9
-10
-6
-8
-8
-4
-8
-8
-3
-4
-5
-5
-3
-3
-6
-1
-2
-3
-3
-3
1
0
5
5
5
9
2
6
5
4
11
7
8
7
5
8
4
9
6
9
4
1
8
10
7
5
9
7
7
5
5
8
8
7
9
7
9
11
10
8
7
6
1
2
1
-4
-3
-10
-8
-9
-10
-11
-14
-17
-18
-15
-14
-12
-18
-14
-8
-11
-11
-7
-10
-11
-6
-7
-6
-9
-4
-4
-11
-6
-9
-6
-6
-3
2
4
3
5
8
10
16
15
17
17
12
16
19
20
19
15
19
19
16
18
25
28
31
31
32
31
33
41
38
38
37
39
37
38
41
42
45
45
42
45
45
46
45
38
37
36
37
33
31
32
33
32
25
32
29
26
24
21
25
25
24
26
26
24
20
23
20
18
19
16
15
11
15
12
8
9
6
1
-5
-2
0
-5
-10
-16
-19
-19
-23
-26
-30
-34
-32
-31
-37
-36
-39
-44
-46
-45
-43
-41
-42
-43
-47
-46
-49
-49
-50
-52
-55
-55
-51
-54
-50
-50
-52
-49
-47
-43
-37
-36
-31
-30
-28
-27
-24
-17
-22
-20
-23
-21
-23
-21
-19
-25
-25
-25
-24
-19
-19
-19
-23
-31
-32
-29
-29
-21
-23
-26
-17
-13
-7
-3
7
10
9
15
18
25
32
31
31
37
38
43
46
49
50
48
46
48
49
47
45
44
38
36
30
27
27
28
28
21
18
15
17
17
10
10
9
6
5
9
3
-4
-4
-8
-13
-16
-22
-25
-27
-33
-37
-43
-43
-45
-47
-47
-51
-54
-52
-56
-55
-57
-64
-67
-68
-70
-69
-69
-66
-69
-66
-66
-61
-64
-64
-61
-63
-60
-62
-57
-56
-48
-51
-46
-46
-46
-40
-36
-36
-35
-31
-27
-33
-32
-31
-28
-27
-31
-25
-23
-19
-14
-12
-9
-3
-9
-9
-10
-12
-16
-15
-17
-18
-18
-21
-11
2
7
17
35
51
68
83
93
103
125
132
133
133
137
135
131
134
130
126
121
118
125
129
129
131
123
113
106
102
98
88
73
61
53
51
50
51
47
48
46
46
51
57
60
61
60
54
44
41
42
41
34
22
15
11
16
14
18
17
14
16
20
23
26
24
18
13
8
10
6
3
-2
-5
-2
-2
3
6
7
6
2
4
12
14
8
6
0
-6
-10
-7
-13
-17
-20
-23
-18
-21
-23
-28
-29
-37
-45
-35
-36
-46
-51
-54
-66
-66
-67
-67
-64
-74
-77
-80
-78
-78
-74
-76
-76
-74
-70
-69
-70
-69
-71
-73
-76
-75
-72
-68
-68
-64
-65
-66
-63
-63
-58
-61
-60
-54
-37
-26
-15
6
23
41
48
59
80
98
107
112
111
110
109
111
111
114
103
89
90
88
88
88
85
75
65
60
57
53
44
31
18
10
3
-4
-4
-2
0
3
-1
7
17
21
24
19
13
4
9
3
2
-3
-10
-15
-16
-16
-10
-9
-10
-10
-9
-3
4
5
1
-5
-6
-10
-12
-9
-15
-20
-28
-26
-21
-24
-15
-12
-25
-21
-14
-28
-16
-20
-35
-38
-43
-45
-45
-40
-50
-53
-57
-54
-36
-40
-40
-49
-56
-52
-46
-34
-41
-48
-56
-59
-64
-59
-60
-63
-53
-63
-73
-66
-67
-73
-67
-74
-75
-66
-66
-61
-65
-71
-78
-70
-60
-61
-70
-70
-68
-66
-61
-62
-64
-69
-60
-40
-26
-13
0
21
41
60
74
92
115
129
132
135
133
124
124
127
127
114
102
95
106
117
122
125
112
100
100
108
106
95
81
59
48
43
46
45
37
31
32
32
41
53
55
59
52
48
43
44
45
35
25
13
11
6
6
13
14
13
3
8
20
27
25
21
20
15
7
20
24
9
11
-8
-1
-7
5
6
4
8
-7
9
0
22
24
8
10
-15
7
18
21
1
-5
-9
-7
9
-3
2
-8
-7
-12
-26
-14
-8
-17
-7
-44
-33
-47
-26
-11
-53
-37
-73
-60
-56
-65
-72
-99
-83
-86
-84
-82
-89
-84
-91
-85
-80
-78
-86
-80
-74
-69
-67
-86
-86
-81
-66
-69
-70
-75
-64
-41
-19
7
27
48
59
72
107
139
147
138
131
133
128
125
121
118
101
78
74
88
94
90
94
91
75
62
61
65
60
41
23
10
-1
-5
3
8
0
-7
-7
3
11
22
27
20
12
10
11
13
8
0
-10
-11
-15
-13
-3
6
0
-4
-7
4
20
21
15
20
16
14
12
14
12
16
14
-6
9
5
13
-2
11
6
-4
13
-2
4
-6
-18
-5
-25
-3
-16
-19
-11
-25
-17
-31
-20
-22
-35
-34
-30
-25
-53
-25
-42
-47
-43
-59
-58
-62
-56
-62
-57
-63
-78
-67
-68
-84
-84
-92
-88
-82
-80
-82
-79
-86
-73
-75
-65
-71
-67
-65
-68
-61
-72
-64
-72
-71
-73
-70
-59
-36
-9
7
29
51
89
106
124
152
177
177
169
173
168
154
128
120
119
100
88
77
81
84
87
89
91
77
60
62
61
47
35
26
9
3
4
19
23
17
20
22
26
36
47
53
53
35
25
33
32
29
23
12
7
4
9
23
34
27
16
19
31
41
39
36
30
26
26
23
31
25
21
-4
1
10
5
13
6
-3
-5
-9
1
-6
-9
-4
-37
-9
-38
-11
-20
-32
-34
-46
-31
-33
-23
-57
-41
-43
-42
-41
-66
-54
-74
-71
-68
-68
-68
-75
-80
-72
-78
-82
-92
-92
-91
-111
-104
-114
-114
-111
-108
-113
-106
-118
-114
-104
-105
-94
-92
-96
-99
-107
-99
-108
-109
-114
-116
-100
-73
-44
-27
1
46
88
109
131
167
193
200
190
193
189
170
148
139
136
112
91
84
94
94
92
97
92
76
57
59
54
39
21
5
-10
-25
-18
-2
-4
-16
-11
-2
9
22
34
41
33
18
15
33
36
27
20
13
15
8
17
34
33
25
18
18
30
36
30
21
13
11
8
16
17
10
3
-13
-1
2
2
6
-6
-5
-21
-11
-15
-19
-15
-31
-39
-52
-26
-39
-33
-46
-63
-45
-27
-46
-50
-32
-79
-52
-69
-72
-82
-76
-84
-99
-81
-93
-100
-95
-80
-100
-97
-103
-120
-127
-107
-116
-119
-122
-134
-143
-132
-144
-152
-143
-148
-131
-134
-134
-137
-135
-138
-134
-139
-142
-143
-141
-137
-97
-53
-25
5
56
126
169
199
242
291
309
300
289
287
267
229
191
193
171
125
108
106
107
102
103
99
88
64
47
38
19
-6
-19
-39
-57
-55
-44
-22
-24
-19
0
22
42
52
67
86
71
59
72
80
79
65
62
75
76
76
88
102
105
88
78
85
88
72
58
52
44
34
34
36
36
31
29
29
26
33
31
26
12
-1
-10
-7
-13
-22
-33
-32
-48
-60
-59
-25
-25
-33
-68
-73
-48
-54
-52
-64
-71
-107
-111
-93
-102
-100
-99
-112
-104
-104
-120
-110
-113
-121
-138
-147
-155
-154
-171
-176
-175
-175
-183
-193
-190
-193
-189
-185
-186
-185
-185
-189
-192
-215
-219
-232
-234
-234
-196
-122
-82
-46
9
109
199
233
274
336
377
367
336
339
340
295
231
198
194
166
121
102
108
104
75
46
34
5
-34
-66
-99
-134
-161
-176
-188
-192
-158
-118
-99
-82
-44
9
38
42
58
87
87
66
62
87
96
86
83
110
138
146
152
167
183
167
135
116
103
75
40
6
-9
-21
-33
-33
-31
-20
-15
-18
-22
-11
-5
-3
-14
-25
-27
-25
-23
-33
-26
-23
-35
-37
-33
-22
-24
-38
-55
-55
-52
-75
-94
-95
-104
-120
-124
-122
-115
-117
-130
-132
-114
-107
-119
-134
-151
-151
-162
-176
-194
-201
-209
-228
-241
-257
-251
-251
-255
-254
-243
-235
-231
-230
-235
-228
-230
-247
-253
-253
-237
-191
-88
5
66
141
263
393
464
508
571
631
611
554
510
499
438
338
276
246
205
148
111
102
96
46
-2
-44
-91
-140
-190
-240
-277
-301
-300
-284
-263
-209
-132
-73
-35
28
107
151
151
142
167
183
163
139
164
188
189
200
233
279
292
287
287
282
240
182
121
70
23
-32
-80
-114
-122
-108
-85
-63
-36
-4
27
46
53
65
69
55
25
5
10
6
3
7
15
21
6
-11
-10
-18
-50
-94
-128
-143
-160
-178
-196
-196
-186
-177
-164
-144
-131
-132
-144
-150
-157
-175
-194
-210
-222
-221
-226
-235
-232
-233
-237
-243
-262
-259
-268
-281
-286
-294
-283
-275
-274
-280
-276
-264
-256
-224
-124
45
168
227
327
496
650
699
710
774
819
748
619
556
545
463
325
215
193
154
68
17
5
-17
-84
-169
-224
-257
-297
-342
-393
-418
-384
-324
-283
-222
-121
3
76
108
175
269
300
249
211
234
240
199
168
200
240
229
234
264
303
306
263
220
170
109
36
-46
-114
-152
-170
-192
-194
-156
-95
-46
-28
3
47
77
65
49
57
62
48
24
29
60
80
70
54
57
46
-9
-72
-120
-163
-229
-297
-338
-349
-343
-343
-331
-301
-269
-239
-215
-198
-185
-191
-197
-209
-210
-200
-208
-204
-197
-181
-168
-176
-184
-187
-204
-239
-290
-334
-357
-379
-417
-442
-428
-426
-416
-411
-386
-327
-242
-65
122
253
351
503
702
822
866
891
941
915
788
674
621
566
420
265
182
141
61
-23
-73
-118
-183
-266
-337
-388
-416
-441
-452
-447
-416
-318
-203
-109
-16
121
254
317
343
399
443
404
324
284
284
251
195
184
207
204
185
182
185
177
139
73
19
-30
-88
-121
-151
-165
-135
-99
-55
-4
62
137
183
186
201
222
205
181
157
144
147
124
96
101
115
103
64
23
-17
-67
-146
-214
-261
-304
-344
-371
-367
-328
-286
-260
-226
-180
-143
-112
-96
-90
-76
-77
-90
-101
-98
-93
-106
-136
-168
-189
-213
-252
-301
-351
-381
-428
-482
-493
-493
-493
-500
-489
-446
-418
-406
-391
-359
-277
-118
110
322
462
602
813
1021
1113
1125
1129
1107
960
751
591
497
354
141
-14
-85
-121
-189
-244
-270
-293
-352
-413
-449
-476
-470
-441
-404
-346
-217
-31
137
260
392
551
647
642
608
603
546
392
242
165
118
41
-28
-59
-55
-65
-82
-96
-123
-139
-175
-207
-225
-220
-182
-125
-56
27
148
257
332
378
421
458
433
370
301
240
180
113
63
40
28
-4
-37
-51
-60
-88
-147
-217
-265
-298
-327
-332
-316
-283
-237
-197
-142
-77
-37
-23
-40
-70
-97
-117
-149
-182
-212
-221
-214
-211
-202
-199
-209
-240
-296
-346
-382
-441
-511
-561
-599
-593
-572
-549
-488
-432
-391
-338
-308
-307
-320
-363
-369
-269
-69
173
387
540
755
1005
1168
1242
1232
1175
1033
786
527
341
198
11
-160
-273
-300
-279
-296
-292
-295
-320
-350
-399
-437
-438
-388
-326
-242
-110
97
337
505
622
732
803
781
657
514
379
203
-10
-176
-255
-298
-323
-309
-301
-272
-245
-237
-233
-258
-263
-254
-238
-190
-96
46
207
359
503
637
727
731
689
620
512
367
201
59
-55
-125
-166
-176
-160
-136
-121
-122
-110
-115
-133
-167
-210
-218
-197
-142
-80
-18
44
100
139
149
153
111
28
-72
-178
-238
-290
-328
-352
-353
-326
-296
-250
-233
-217
-234
-273
-312
-361
-382
-429
-452
-474
-471
-422
-385
-317
-297
-274
-255
-266
-255
-292
-325
-377
-415
-408
-285
54
403
614
716
896
1169
1295
1221
1076
978
803
492
221
111
92
-19
-170
-218
-176
-125
-150
-210
-276
-328
-366
-397
-407
-354
-203
-18
122
261
490
735
827
759
693
679
567
319
80
-42
-133
-276
-380
-367
-294
-274
-289
-254
-217
-220
-249
-254
-224
-143
-41
57
195
349
504
655
741
753
726
653
513
331
181
82
-33
-174
-248
-241
-203
-166
-146
-129
-104
-96
-106
-97
-66
-35
-32
-32
7
94
167
181
148
115
86
28
-53
-131
-215
-308
-374
-403
-406
-372
-340
-331
-309
-274
-240
-217
-246
-285
-295
-309
-322
-326
-333
-322
-330
-356
-359
-367
-371
-393
-432
-466
-477
-482
-486
-494
-485
-456
-361
-141
188
529
726
843
989
1145
1209
1102
945
802
632
398
175
73
29
-32
-139
-215
-201
-210
-246
-287
-318
-314
-293
-234
-174
-61
117
316
475
553
639
717
705
600
463
349
200
7
-175
-272
-303
-344
-399
-436
-402
-353
-335
-345
-349
-324
-282
-233
-119
75
285
490
638
732
822
869
819
670
472
275
121
-18
-137
-218
-284
-305
-293
-251
-190
-130
-116
-122
-86
-5
88
156
181
212
276
328
335
298
230
130
12
-103
-191
-256
-325
-397
-439
-425
-379
-339
-329
-314
-278
-247
-215
-195
-195
-185
-176
-162
-132
-145
-178
-220
-296
-341
-390
-466
-534
-611
-635
-606
-582
-555
-543
-512
-442
-381
-349
-327
-275
-116
209
576
803
922
1025
1161
1201
1069
877
712
546
284
5
-132
-142
-132
-181
-213
-190
-182
-178
-172
-145
-121
-92
-41
33
151
303
487
645
678
642
618
593
486
285
85
-74
-215
-344
-433
-450
-417
-393
-406
-396
-315
-218
-192
-233
-229
-149
-36
57
149
295
468
592
681
740
745
676
507
297
137
20
-93
-186
-275
-310
-289
-246
-182
-134
-102
-49
1
50
134
210
270
317
327
321
307
271
203
100
-10
-95
-181
-258
-324
-376
-392
-390
-401
-410
-391
-366
-339
-302
-249
-195
-150
-129
-125
-112
-99
-116
-178
-241
-299
-353
-401
-479
-548
-571
-582
-571
-562
-538
-509
-493
-457
-421
-375
-326
-291
-262
-136
147
535
861
994
1004
1059
1107
1034
815
569
423
273
73
-87
-126
-72
-36
-56
-94
-114
-146
-163
-133
-87
-37
21
119
253
390
529
648
695
642
520
384
286
194
44
-142
-291
-335
-326
-328
-370
-388
-363
-338
-318
-289
-215
-154
-134
-96
4
152
276
339
411
501
644
714
636
515
369
249
150
29
-87
-139
-181
-221
-237
-242
-184
-109
-88
-27
31
86
204
276
335
365
348
322
278
209
123
42
-45
-117
-199
-277
-308
-336
-352
-387
-434
-424
-399
-376
-350
-320
-255
-176
-132
-110
-88
-101
-121
-176
-269
-330
-392
-454
-489
-510
-538
-548
-559
-559
-529
-501
-488
-485
-486
-464
-452
-414
-355
-267
-44
314
717
945
984
977
1004
1001
843
596
416
320
227
89
1
0
24
15
-52
-115
-199
-258
-238
-169
-42
61
152
258
394
552
636
642
570
458
341
219
119
51
-6
-112
-244
-289
-262
-266
-336
-434
-458
-413
-327
-250
-197
-131
-32
82
184
264
312
300
270
299
364
467
521
455
345
254
191
129
26
-100
-169
-202
-215
-184
-157
-107
-2
82
166
236
252
289
318
332
350
293
209
141
79
54
14
-79
-191
-282
-355
-386
-407
-449
-470
-480
-444
-363
-306
-223
-164
-155
-116
-91
-89
-105
-162
-227
-275
-329
-372
-409
-463
-501
-553
-609
-621
-629
-634
-613
-593
-545
-483
-429
-383
-330
-300
-216
-2
316
712
921
919
893
915
924
794
560
397
323
266
150
50
19
22
0
-97
-149
-213
-263
-240
-162
17
179
268
307
357
474
568
558
431
284
208
153
112
48
-17
-86
-198
-286
-331
-352
-393
-460
-501
-464
-336
-178
-76
-44
-12
77
168
222
215
172
119
61
128
297
489
533
405
261
194
176
101
-41
-157
-162
-104
-59
-41
-8
50
136
184
208
231
228
235
236
283
338
307
182
55
29
43
15
-102
-259
-340
-344
-312
-316
-346
-362
-358
-334
-274
-209
-173
-174
-216
-225
-187
-146
-177
-253
-345
-361
-333
-337
-380
-455
-536
-574
-588
-584
-546
-532
-532
-512
-484
-425
-382
-405
-418
-377
-226
100
535
849
911
815
775
842
807
610
413
346
389
365
253
183
160
102
-30
-184
-267
-290
-274
-222
-64
136
319
387
329
288
346
425
382
228
126
140
210
230
182
82
-60
-205
-341
-413
-431
-444
-464
-461
-368
-186
-16
15
-62
-107
-52
28
64
55
57
39
59
65
237
489
571
525
249
94
145
122
34
-49
-112
-4
127
93
48
68
98
140
128
72
198
235
227
296
263
309
289
117
-6
-35
-21
-26
-113
-244
-252
-234
-241
-241
-330
-366
-340
-360
-319
-222
-174
-144
-173
-236
-218
-190
-227
-294
-412
-448
-398
-367
-386
-420
-478
-517
-493
-495
-469
-446
-459
-459
-468
-426
-360
-340
-362
-367
-226
127
605
885
864
701
634
722
739
584
459
477
544
507
340
240
216
168
4
-219
-324
-270
-102
9
71
112
178
240
205
134
143
241
297
276
260
313
371
314
148
-24
-150
-220
-281
-352
-378
-310
-202
-153
-173
-184
-161
-162
-210
-240
-194
-88
30
100
136
125
112
86
94
278
436
550
436
190
142
162
141
112
30
-22
96
126
52
22
25
102
140
23
-12
102
154
286
272
130
147
140
106
53
-8
-38
-48
-110
-186
-179
-240
-260
-303
-423
-411
-360
-323
-297
-310
-310
-264
-249
-296
-295
-328
-338
-305
-338
-323
-285
-279
-311
-356
-422
-441
-445
-477
-462
-464
-462
-450
-466
-498
-496
-530
-557
-437
-130
354
775
892
737
591
608
686
645
532
550
634
658
560
380
250
190
100
-125
-350
-426
-264
-46
43
27
-22
14
70
73
56
118
261
366
405
397
392
364
285
151
-28
-156
-182
-147
-135
-155
-160
-178
-231
-288
-327
-349
-374
-346
-274
-173
-42
88
155
138
94
95
122
222
391
503
552
423
256
182
129
100
106
71
38
98
97
72
57
45
60
42
-26
20
123
195
317
276
178
157
159
165
128
70
18
21
-19
-76
-129
-231
-256
-278
-354
-377
-372
-320
-286
-284
-297
-305
-317
-312
-278
-274
-265
-224
-205
-200
-205
-234
-257
-322
-370
-398
-445
-464
-448
-447
-458
-458
-488
-505
-516
-528
-513
-402
-121
352
794
945
791
529
443
513
604
629
680
766
796
683
431
211
106
57
-56
-279
-441
-337
-46
179
170
-10
-113
-88
-1
75
135
237
386
509
488
371
250
211
219
156
24
-82
-83
-30
-18
-96
-217
-329
-390
-391
-371
-370
-335
-229
-103
-29
-7
4
14
29
61
133
223
353
489
564
500
322
180
102
68
127
209
219
199
148
45
-54
-93
-64
-11
-15
-4
79
117
164
191
124
66
36
64
90
85
85
91
66
-21
-117
-231
-309
-304
-298
-311
-354
-368
-348
-348
-357
-368
-385
-384
-332
-296
-301
-315
-288
-240
-215
-248
-304
-368
-413
-399
-384
-396
-424
-424
-426
-460
-498
-517
-508
-471
-411
-314
-162
119
461
659
629
394
207
241
425
614
710
750
740
654
455
176
-15
-54
17
61
-5
-59
-40
53
102
45
-65
-149
-124
-27
57
124
190
299
370
343
212
62
18
59
136
147
88
18
-39
-87
-150
-219
-266
-252
-198
-183
-230
-270
-233
-136
-68
-35
-56
-92
-78
7
140
235
306
356
329
230
149
124
127
188
274
306
267
181
101
26
-32
-17
25
34
44
52
45
22
3
-16
-15
18
65
109
93
56
52
42
17
-18
-47
-81
-101
-87
-83
-115
-155
-166
-174
-190
-216
-234
-233
-211
-175
-156
-177
-204
-196
-174
-185
-213
-232
-237
-232
-225
-215
-213
-222
-202
-199
-227
-261
-268
-254
-248
-245
-240
-199
-113
43
236
345
313
178
68
115
249
372
421
394
365
341
282
167
70
43
96
202
256
268
240
194
148
84
30
12
57
138
213
242
210
165
138
161
167
121
65
40
58
97
108
76
28
11
26
28
-5
-48
-59
-51
-32
-2
8
-14
-43
-36
-30
-61
-92
-77
-26
22
82
148
264
235
115
35
-79
-42
119
243
219
153
105
51
-1
-78
-75
-13
-6
139
173
72
64
-21
-21
-36
-39
46
85
104
77
48
-53
-137
-112
-111
-88
-101
-116
-95
-166
-174
-184
-238
-224
-192
-138
-151
-196
-236
-274
-291
-310
-284
-283
-276
-240
-238
-265
-331
-340
-326
-309
-295
-292
-295
-326
-308
-294
-307
-302
-254
-122
38
109
24
-156
-239
-130
71
177
172
140
152
207
221
163
85
55
144
258
308
286
231
209
189
161
102
47
64
148
242
249
174
102
82
128
142
103
33
-5
30
74
80
20
-34
-34
2
25
-8
-63
-91
-76
-38
-28
-44
-81
-88
-51
-43
-78
-112
-82
-25
14
62
50
-14
-40
-19
-4
-29
-35
0
51
86
98
77
28
14
54
71
50
41
64
83
81
58
25
7
10
66
91
45
12
11
8
-12
-41
-63
-93
-95
-68
-62
-96
-127
-115
-104
-93
-106
-118
-132
-156
-159
-165
-179
-190
-169
-144
-159
-186
-198
-201
-200
-199
-213
-253
-277
-273
-257
-249
-259
-253
-262
-289
-296
-280
-236
-160
-56
36
6
-125
-167
-53
117
225
238
198
177
215
268
262
203
178
233
303
345
354
326
292
265
252
219
161
164
228
294
302
259
200
160
173
196
176
111
84
117
162
171
137
88
55
83
116
100
46
10
4
21
38
41
13
-13
11
29
11
-19
-6
16
23
45
45
3
-10
16
26
0
-10
13
44
54
66
62
24
14
53
79
67
56
51
67
62
57
55
29
28
59
84
55
16
9
17
3
-17
-30
-52
-61
-34
-31
-63
-98
-109
-96
-93
-110
-121
-131
-136
-130
-127
-148
-173
-167
-155
-162
-191
-207
-216
-224
-236
-247
-273
-309
-303
-293
-302
-319
-333
-342
-361
-393
-393
-369
-307
-191
-68
-52
-166
-257
-195
-22
107
141
101
62
103
191
221
166
111
140
204
255
284
264
228
206
208
183
132
104
146
218
237
199
138
83
86
126
129
78
28
46
93
113
88
35
-7
-13
23
29
-8
-44
-53
-32
-22
-17
-37
-74
-66
-41
-55
-105
-112
-75
-49
-24
-15
-55
-90
-80
-47
-53
-85
-71
-32
3
26
30
1
-20
11
53
47
25
21
49
67
63
60
40
35
61
94
71
24
8
23
35
14
-17
-49
-71
-56
-38
-61
-97
-102
-87
-73
-85
-101
-108
-112
-107
-119
-149
-178
-175
-147
-129
-156
-188
-200
-208
-214
-216
-240
-278
-280
-261
-248
-273
-298
-307
-316
-331
-334
-320
-292
-205
-74
-6
-95
-214
-181
-18
148
213
184
136
155
247
309
273
220
231
297
352
379
363
308
274
277
271
215
166
189
259
293
267
199
135
128
184
211
167
116
118
167
191
177
121
60
58
101
123
88
41
22
22
42
55
34
-16
-25
15
31
-13
-43
-16
10
33
54
26
-26
-22
28
28
-10
-10
37
74
100
124
108
69
74
105
100
70
68
102
121
112
106
88
63
78
117
103
49
23
39
50
33
14
-13
-42
-36
-7
-10
-48
-68
-54
-53
-73
-98
-112
-127
-130
-112
-128
-163
-164
-136
-121
-140
-165
-183
-191
-192
-202
-213
-239
-250
-232
-223
-246
-277
-291
-308
-334
-351
-352
-338
-272
-159
-56
-70
-196
-255
-169
7
149
173
130
107
162
240
254
204
173
212
266
306
311
281
254
239
233
182
110
103
157
215
211
155
80
40
65
113
113
66
40
71
119
131
90
18
-26
-6
42
39
-8
-43
-53
-47
-42
-51
-89
-120
-95
-68
-97
-143
-140
-99
-76
-51
-56
-109
-119
-72
-20
-34
-55
-34
9
33
48
34
-6
-24
11
39
22
3
23
55
50
24
1
-30
-34
13
36
12
-23
-11
13
13
-4
-33
-61
-74
-45
-24
-56
-79
-84
-78
-93
-118
-136
-147
-141
-137
-133
-160
-186
-178
-161
-166
-191
-207
-207
-197
-184
-181
-209
-233
-232
-216
-221
-248
-272
-283
-281
-291
-295
-290
-290
-238
-146
-68
-78
-167
-199
-100
73
201
217
159
140
199
274
286
250
237
282
342
370
369
327
287
271
260
222
180
180
232
278
272
217
143
118
150
200
203
167
152
175
205
202
149
84
55
75
109
106
72
53
40
34
31
12
-23
-45
-25
2
-18
-42
-22
8
20
30
18
-10
-4
44
75
61
45
59
80
93
93
86
58
45
72
80
62
52
66
78
66
40
37
33
42
81
98
67
41
50
67
54
28
8
-11
-5
12
11
-19
-47
-58
-62
-82
-107
-109
-108
-111
-114
-114
-138
-152
-151
-142
-155
-188
-192
-190
-180
-173
-189
-218
-234
-229
-219
-234
-249
-261
-262
-277
-299
-308
-314
-301
-271
-206
-105
-71
-134
-186
-132
24
149
179
145
117
147
220
262
232
205
234
274
299
291
268
242
220
212
189
153
135
167
208
206
166
116
86
111
159
185
155
116
120
130
124
84
42
18
26
60
68
37
2
-13
-27
-36
-40
-55
-75
-61
-28
-30
-58
-57
-41
-44
-38
-24
-34
-43
-19
10
0
-19
-9
10
9
12
19
11
-2
5
24
12
-5
12
32
26
19
29
31
30
48
67
53
22
21
39
29
1
-11
-17
-31
-34
-35
-60
-91
-99
-90
-99
-112
-115
-114
-119
-126
-137
-152
-168
-174
-160
-164
-176
-176
-165
-170
-183
-198
-220
-232
-239
-248
-262
-277
-274
-260
-261
-283
-315
-331
-325
-299
-233
-133
-49
-69
-152
-173
-74
89
193
195
146
129
179
247
260
225
214
248
289
318
321
297
262
247
241
214
186
189
235
268
256
216
164
145
168
206
204
160
135
149
166
158
121
65
39
55
94
95
60
31
3
7
22
24
-1
-30
-13
6
-9
-28
-23
-14
-7
19
27
0
-1
25
34
21
8
17
26
39
70
72
58
51
70
86
75
75
84
91
93
100
104
93
89
112
116
91
80
86
86
77
68
54
30
19
23
21
2
-18
-26
-33
-47
-61
-66
-76
-89
-99
-106
-128
-139
-126
-135
-148
-161
-164
-163
-178
-198
-209
-218
-232
-224
-227
-241
-243
-242
-250
-276
-294
-300
-289
-280
-258
-209
-116
-24
-42
-138
-155
-40
116
203
184
127
108
151
215
223
181
179
221
263
279
273
247
215
206
209
184
145
154
202
235
223
170
114
94
121
175
162
106
75
92
110
98
59
4
-13
22
65
59
9
-31
-36
-31
-23
-36
-69
-87
-60
-32
-47
-71
-68
-57
-53
-36
-36
-54
-55
-21
-4
-27
-40
-26
0
9
19
19
-6
-2
34
52
35
26
40
55
59
57
61
47
47
79
90
66
44
59
66
49
30
16
-4
-8
12
12
-17
-38
-45
-41
-46
-60
-63
-76
-90
-89
-100
-126
-139
-132
-123
-138
-154
-162
-170
-180
-190
-189
-199
-218
-217
-208
-227
-244
-243
-239
-243
-243
-247
-260
-261
-252
-225
-181
-89
-3
-30
-122
-128
-15
128
195
177
133
117
171
241
251
211
213
254
280
286
277
268
250
243
243
214
170
175
236
266
236
182
136
124
155
199
183
130
105
125
145
127
83
50
42
66
96
83
39
6
-1
1
-1
-13
-35
-38
-21
-17
-36
-47
-44
-28
-21
-13
-17
-29
-18
0
-10
-30
-33
-15
3
21
28
13
-1
10
31
32
23
28
46
61
68
66
58
50
54
76
70
57
51
56
55
35
15
-4
-7
-2
0
-14
-38
-49
-46
-51
-67
-83
-86
-90
-93
-98
-113
-130
-139
-138
-138
-155
-174
-185
-192
-197
-206
-216
-233
-242
-250
-255
-261
-264
-256
-258
-271
-281
-291
-289
-291
-270
-226
-156
-58
-49
-126
-174
-107
38
134
147
106
76
114
173
204
168
155
192
230
249
242
231
216
205
205
182
139
126
170
217
216
170
115
86
111
158
172
131
85
99
119
115
87
41
20
33
69
78
39
-4
-17
-5
3
-5
-32
-41
-25
-18
-34
-58
-58
-42
-25
-11
-20
-48
-55
-40
-27
-34
-44
-32
-13
1
18
15
9
10
36
49
42
40
55
72
74
68
59
48
56
82
89
70
52
44
43
30
15
9
-2
-3
4
7
-6
-22
-21
-28
-44
-54
-54
-53
-59
-65
-78
-98
-116
-114
-109
-122
-137
-151
-160
-168
-185
-200
-214
-230
-229
-232
-231
-233
-242
-246
-262
-272
-265
-244
-243
-239
-209
-120
-25
-39
-121
-151
-66
72
164
163
115
94
130
203
209
177
184
227
261
268
257
235
219
224
234
197
149
153
205
247
232
174
123
110
143
187
184
137
102
123
153
147
110
72
57
78
106
104
67
35
33
40
39
22
-1
-16
-7
-7
-27
-51
-49
-36
-29
-31
-53
-77
-72
-45
-28
-36
-46
-30
-5
4
12
11
6
16
37
44
33
37
51
64
51
33
22
18
25
48
49
21
8
4
11
-1
-10
-15
-23
-16
-13
-11
-29
-40
-38
-43
-52
-64
-61
-60
-66
-80
-99
-119
-137
-135
-139
-154
-174
-177
-178
-195
-213
-229
-245
-252
-253
-250
-261
-267
-263
-265
-266
-274
-277
-270
-271
-269
-253
-200
-100
-39
-82
-154
-132
-14
100
148
121
82
83
140
196
181
157
178
214
231
221
215
204
192
201
188
142
111
133
185
198
163
115
84
92
131
160
132
81
72
100
116
92
58
32
35
64
77
58
23
2
8
9
-2
-28
-49
-45
-38
-43
-65
-72
-68
-54
-33
-39
-56
-54
-32
-15
-16
-17
-14
-1
16
29
32
28
32
44
46
37
31
32
44
49
47
42
38
34
52
68
52
43
46
52
56
47
40
34
29
30
36
26
16
13
14
6
-8
-14
-19
-26
-38
-45
-71
-85
-89
-96
-96
-110
-122
-122
-122
-137
-153
-169
-177
-169
-169
-180
-186
-190
-188
-184
-192
-196
-194
-189
-181
-165
-113
-13
29
-40
-95
-58
49
151
181
154
119
135
197
232
208
187
218
247
255
240
230
220
216
222
207
159
133
171
219
219
179
134
107
112
152
170
133
88
98
126
127
96
63
45
48
67
70
44
9
-3
1
3
-15
-37
-44
-36
-29
-46
-70
-77
-61
-40
-31
-39
-57
-48
-24
-20
-26
-30
-23
-11
-1
2
-1
-11
-9
4
0
-16
-17
-8
12
13
5
-1
-3
1
22
27
11
1
9
17
17
6
-9
-16
-20
-16
-20
-33
-37
-32
-36
-51
-72
-82
-84
-87
-90
-99
-117
-126
-126
-130
-137
-155
-157
-156
-172
-183
-195
-205
-212
-208
-212
-223
-229
-234
-233
-233
-240
-234
-236
-247
-237
-232
-182
-78
-20
-66
-149
-132
-20
90
131
114
83
83
133
181
156
128
155
197
205
181
178
179
170
176
170
120
73
105
174
189
138
93
78
85
124
154
122
68
76
110
117
84
47
33
31
45
45
34
-8
-19
-9
-11
-33
-51
-50
-41
-32
-49
-64
-74
-60
-33
-22
-35
-59
-50
-27
-14
-28
-35
-25
-17
-1
0
-9
-16
-2
18
25
11
12
29
50
55
48
35
28
42
58
69
51
41
52
60
56
44
34
25
23
25
22
5
1
5
-2
-13
-27
-28
-21
-18
-22
-44
-60
-68
-67
-66
-82
-93
-99
-89
-96
-109
-136
-147
-146
-146
-147
-170
-177
-179
-177
-171
-173
-180
-177
-179
-185
-189
-181
-139
-49
27
10
-65
-80
-1
105
170
167
131
111
150
205
205
176
178
217
230
220
214
213
209
211
208
162
117
131
196
225
195
144
118
116
142
173
149
101
89
118
141
114
84
65
61
69
78
66
35
25
29
31
7
-12
-14
-4
-11
-31
-52
-56
-49
-31
-14
-22
-40
-42
-22
-15
-30
-34
-26
-16
-12
-5
-4
-7
-1
7
5
-7
-13
1
21
23
13
4
-5
-4
15
24
15
2
8
14
5
-2
-7
-8
-15
-10
-10
-17
-16
-11
-17
-28
-43
-46
-36
-43
-51
-68
-80
-89
-93
-92
-103
-126
-133
-132
-138
-148
-165
-185
-187
-184
-182
-193
-201
-202
-212
-211
-215
-208
-200
-196
-196
-200
-206
-199
-144
-49
6
-32
-99
-89
3
100
144
124
87
84
144
190
169
139
163
195
196
191
180
176
176
181
174
119
84
118
178
178
141
107
87
101
134
153
121
87
91
126
130
98
74
61
63
70
66
47
27
18
20
5
-20
-27
-19
-17
-26
-39
-51
-52
-36
-19
-13
-24
-28
-10
4
8
3
-4
8
20
25
25
21
19
30
38
28
15
21
36
38
28
24
14
16
33
43
43
30
31
38
40
35
39
35
30
34
34
30
23
24
23
11
0
-6
-9
-9
-23
-32
-44
-53
-60
-62
-66
-83
-90
-90
-101
-114
-120
-133
-131
-139
-136
-135
-144
-149
-153
-156
-156
-148
-131
-121
-128
-139
-144
-144
-128
-79
3
50
17
-36
-32
43
122
155
145
117
124
167
193
173
148
160
186
184
169
164
158
163
175
161
115
88
108
154
168
137
107
97
106
127
135
109
72
77
101
90
61
33
24
29
32
21
4
-18
-32
-27
-41
-63
-67
-56
-47
-57
-71
-79
-86
-75
-56
-50
-59
-63
-46
-30
-32
-40
-42
-39
-31
-19
-20
-27
-28
-21
-17
-26
-35
-24
-5
7
3
-5
-10
-5
9
10
12
5
10
17
15
6
-1
2
-6
2
1
-7
-15
-15
-15
-26
-35
-43
-38
-41
-50
-56
-69
-75
-81
-83
-84
-97
-111
-115
-120
-130
-141
-149
-145
-143
-144
-152
-162
-169
-162
-152
-153
-155
-155
-145
-134
-126
-123
-123
-126
-119
-93
-46
7
27
13
-11
-1
48
95
120
125
115
120
140
150
144
141
160
175
168
162
169
173
175
165
148
127
130
150
168
155
135
124
115
122
119
114
100
90
87
84
73
56
49
43
39
31
25
20
2
-4
-14
-21
-23
-21
-9
-13
-24
-36
-28
-29
-17
-4
2
4
5
13
11
3
4
18
20
19
23
22
28
30
32
29
23
30
39
51
43
48
50
49
49
48
56
49
48
53
52
48
49
52
51
44
44
40
38
35
31
23
12
4
7
-2
-12
-24
-36
-42
-56
-63
-71
-79
-91
-97
-101
-111
-117
-115
-114
-121
-122
-118
-121
-119
-113
-117
-116
-111
-98
-80
-72
-70
-77
-84
-77
-68
-57
-46
-30
-2
22
33
21
10
35
79
117
126
120
113
116
129
135
124
124
140
147
147
140
133
127
124
119
109
87
82
96
104
92
72
61
58
67
63
56
36
16
16
14
2
-14
-18
-21
-19
-30
-37
-46
-55
-56
-56
-57
-69
-59
-48
-51
-63
-66
-65
-64
-52
-42
-44
-48
-42
-34
-37
-46
-49
-48
-44
-39
-31
-34
-43
-40
-36
-35
-45
-43
-34
-27
-23
-28
-32
-36
-31
-22
-25
-26
-27
-21
-23
-28
-26
-23
-27
-32
-34
-44
-47
-49
-49
-47
-56
-66
-76
-79
-80
-88
-100
-111
-122
-124
-121
-126
-136
-139
-144
-143
-140
-140
-135
-143
-140
-131
-127
-123
-116
-107
-108
-103
-93
-89
-76
-66
-61
-57
-59
-46
-28
-9
13
23
29
42
53
67
86
95
106
117
124
123
126
139
139
145
150
151
152
157
165
163
159
153
153
154
152
147
150
142
136
142
140
131
119
114
114
101
90
83
81
84
84
68
61
57
58
63
69
61
49
51
41
39
42
47
53
47
43
48
45
53
57
59
52
42
52
57
59
57
56
58
57
56
56
57
61
60
64
60
56
59
59
61
61
56
58
61
66
64
56
57
56
60
57
45
51
44
40
34
28
26
21
17
5
-5
-15
-18
-21
-24
-28
-34
-45
-48
-48
-49
-45
-46
-54
-55
-56
-54
-49
-46
-48
-53
-50
-47
-45
-36
-30
-30
-30
-32
-27
-25
-16
-15
-19
-10
0
22
29
27
33
42
62
72
80
92
100
112
120
122
124
130
138
138
133
126
125
132
126
121
108
98
99
96
91
84
79
66
68
65
62
49
35
39
36
39
32
23
18
12
12
10
-1
-11
-9
-6
-5
-12
-26
-27
-21
-20
-30
-38
-38
-34
-28
-28
-38
-46
-41
-37
-40
-45
-50
-46
-40
-38
-40
-42
-41
-40
-36
-37
-42
-41
-41
-40
-36
-39
-33
-30
-23
-24
-30
-32
-28
-28
-28
-32
-29
-30
-36
-40
-46
-56
-57
-58
-61
-66
-76
-79
-85
-89
-90
-96
-96
-94
-94
-97
-95
-93
-99
-96
-96
-90
-90
-87
-88
-89
-83
-80
-73
-67
-62
-60
-58
-52
-45
-41
-42
-37
-31
-38
-32
-24
-10
3
10
14
18
30
43
62
71
78
84
94
101
105
107
107
115
118
124
122
121
123
127
127
117
115
116
116
117
115
112
110
105
107
104
96
92
86
91
87
82
79
75
74
69
67
64
63
65
58
53
46
44
47
51
49
47
45
46
42
40
37
36
39
40
39
41
40
36
37
40
38
37
43
47
52
50
54
54
54
58
62
63
62
67
71
67
69
69
69
70
70
64
68
64
60
61
54
49
47
52
52
43
37
35
31
27
27
21
17
18
14
14
5
4
4
8
14
8
-3
-9
-6
2
14
12
11
8
7
7
6
12
11
19
25
20
17
12
18
25
28
35
39
45
52
55
59
66
72
79
84
86
92
98
100
106
103
105
104
105
111
104
101
104
97
91
84
83
86
80
76
68
61
59
52
53
47
42
41
41
33
30
25
20
24
24
18
11
6
-1
-6
-11
-15
-17
-20
-20
-27
-30
-37
-42
-43
-44
-51
-55
-54
-50
-50
-54
-55
-61
-56
-54
-51
-50
-53
-51
-52
-51
-52
-50
-54
-54
-49
-52
-54
-59
-57
-59
-64
-64
-69
-67
-66
-64
-70
-72
-74
-79
-84
-80
-75
-86
-89
-90
-85
-86
-88
-87
-95
-99
-94
-102
-96
-97
-97
-92
-94
-90
-85
-82
-79
-81
-76
-69
-62
-56
-57
-58
-58
-49
-44
-40
-41
-42
-37
-32
-31
-25
-21
-23
-17
-11
-10
2
0
12
19
25
33
37
49
51
55
56
61
54
57
60
57
57
51
48
55
52
46
47
45
38
42
46
43
41
34
36
36
38
35
35
37
31
32
29
22
21
17
17
14
11
6
4
3
1
-2
-6
-5
-4
-3
-8
-13
-16
-17
-17
-20
-16
-13
-12
-10
-11
-15
-15
-17
-11
-13
-16
-15
-17
-18
-15
-13
-14
-14
-13
-8
-11
-11
-10
-5
-6
-8
-5
-3
-4
-3
1
1
1
-4
2
3
6
4
4
7
4
4
5
8
-1
5
1
-2
-6
-6
5
3
-2
-3
-3
-2
7
3
6
10
16
18
18
15
14
17
22
28
27
28
31
30
33
30
27
29
32
39
34
36
38
39
40
41
43
51
55
51
50
51
53
55
52
56
54
55
59
54
52
54
49
52
52
49
45
46
46
42
42
40
43
44
46
40
38
38
37
39
33
34
33
33
30
28
27
23
24
18
15
12
12
9
6
-1
-5
-2
-5
-9
-11
-12
-12
-17
-17
-12
-12
-19
-22
-20
-15
-18
-28
-31
-33
-32
-30
-33
-34
-35
-35
-33
-35
-37
-40
-42
-44
-48
-46
-46
-55
-49
-49
-54
-53
-51
-52
-52
-52
-49
-49
-50
-53
-50
-51
-57
-56
-55
-55
-55
-56
-63
-62
-60
-55
-57
-61
-56
-54
-51
-48
-47
-44
-43
-39
-36
-35
-30
-31
-26
-25
-23
-24
-25
-20
-22
-19
-16
-20
-20
-21
-20
-25
-24
-21
-20
-16
-21
-25
-20
-23
-24
-29
-29
-26
-25
-26
-35
-35
-34
-35
-31
-38
-43
-37
-34
-34
-32
-32
-35
-32
-28
-23
-19
-24
-21
-19
-22
-16
-12
-11
-10
-7
-7
-10
-5
-4
-7
-6
-3
-2
-2
1
-2
-3
-3
-1
-4
0
-2
-5
-7
-6
-6
-7
-2
-3
-5
-6
-5
-4
-7
-9
-8
-13
-14
-7
-8
-8
-10
-14
-12
-14
-14
-14
-16
-18
-14
-18
-16
-20
-16
-9
-12
-12
-13
-12
-10
-10
-12
-13
-11
-16
-16
-10
-14
-10
-9
-6
-10
-9
-9
-8
-7
-10
-7
-8
-5
-9
-8
-5
-8
-6
1
4
6
4
6
8
10
7
5
5
6
7
0
5
1
0
3
1
-3
-5
-5
-5
-6
-6
-8
-9
-15
-12
-12
-20
-16
-21
-26
-21
-24
-32
-25
-24
-19
-24
-24
-18
-16
-16
-14
-11
-12
-12
-13
-9
-11
-11
-6
-5
-4
-2
-3
-1
2
5
7
6
12
10
15
15
12
12
17
19
17
19
21
20
18
15
13
15
14
16
20
19
21
18
16
22
16
18
17
13
15
16
14
12
13
12
9
6
10
7
4
2
4
-2
-8
-7
-10
-8
-4
-4
-9
-10
-8
-9
-6
-11
-10
-7
-12
-11
-10
-11
-11
-8
-6
-5
-6
-7
-11
-10
-6
-10
-10
-5
0
-1
2
3
3
5
7
10
12
12
11
12
8
6
5
6
11
9
4
3
6
7
4
1
1
3
1
-1
-2
-4
-7
-4
-7
-5
-12
-15
-13
-14
-10
-14
-14
-14
-15
-13
-13
-18
-17
-19
-20
-16
-16
-15
-16
-16
-10
-7
-11
-12
-5
-8
-8
-7
-7
-10
-6
-3
-8
-4
-4
-5
-5
-5
-3
-3
-2
0
-2
5
5
5
6
5
10
6
7
8
8
7
8
6
3
5
1
-2
-4
1
3
4
-1
-1
-3
-2
-4
-6
-9
-14
-13
-14
-16
-18
-21
-19
-14
-24
-22
-25
-22
-22
-25
-23
-21
-22
-24
-22
-25
-21
-20
-25
-25
-23
-28
-26
-28
-28
-26
-23
-17
-16
-12
-16
-15
-16
-14
-12
-11
-9
-7
-12
-15
-15
-15
-15
-15
-16
-14
-10
-13
-11
-14
-14
-14
-15
-16
-14
-18
-21
-18
-21
-24
-24
-19
-21
-25
-26
-23
-28
-25
-29
-27
-26
-35
-35
-40
-38
-45
-42
-42
-46
-41
-37
-43
-39
-34
-34
-35
-31
-24
-26
-19
-19
-17
-18
-19
-18
-16
-18
-15
-8
-14
-13
-8
-9
-8
-8
-2
-3
2
4
5
11
10
10
11
16
18
24
20
20
20
21
21
18
20
21
17
16
14
11
15
12
10
11
10
4
4
6
5
-2
1
4
-3
0
-5
-2
0
-1
2
1
-2
0
-4
-6
-6
-6
-3
-4
-1
-4
-2
-4
0
0
-3
-3
4
4
3
5
3
8
9
9
9
15
15
13
18
17
15
19
21
21
24
27
18
24
27
27
26
23
25
28
26
26
20
22
20
21
24
19
18
18
19
14
13
14
7
7
13
12
9
11
7
7
8
11
7
1
6
5
7
5
8
7
8
10
10
14
11
11
11
9
11
13
12
14
17
14
16
16
15
18
17
14
17
16
19
21
19
16
16
17
18
16
16
13
12
16
14
12
7
7
8
5
7
3
6
5
4
1
4
7
3
7
4
4
3
-2
1
-6
-8
-6
-8
-12
-14
-11
-17
-14
-18
-15
-11
-19
-17
-16
-18
-15
-18
-16
-20
-21
-20
-19
-19
-23
-20
-21
-23
-26
-25
-17
-20
-21
-17
-19
-20
-21
-19
-20
-19
-19
-26
-25
-27
-33
-32
-28
-33
-30
-32
-32
-30
-29
-28
-30
-30
-30
-33
-35
-36
-35
-34
-40
-46
-44
-45
-51
-51
-52
-52
-53
-55
-60
-55
-55
-55
-56
-57
-58
-59
-60
-61
-61
-62
-59
-57
-54
-55
-55
-51
-51
-49
-45
-42
-41
-43
-44
-41
-35
-37
-39
-36
-34
-32
-29
-29
-27
-25
-23
-23
-21
-20
-27
-24
-21
-17
-17
-17
-14
-9
-9
-7
-9
-6
-8
-10
-5
-8
-12
-11
-11
-14
-13
-15
-15
-13
-15
-14
-16
-20
-17
-13
-15
-16
-10
-9
-12
-11
-8
-12
-7
-10
-11
-9
-9
-7
-8
-8
-10
-10
-11
-10
-8
-3
1
3
-2
2
5
8
13
14
18
21
24
25
26
27
26
24
24
24
26
29
31
29
32
31
27
30
29
32
27
27
29
24
24
21
22
17
19
20
21
20
17
19
15
15
14
9
10
11
12
8
6
8
3
2
2
4
6
9
9
8
10
5
10
5
6
10
10
11
13
18
15
19
16
18
19
20
20
18
20
24
25
27
34
34
33
35
28
32
33
29
30
31
29
29
29
25
30
32
29
31
28
26
22
25
22
23
24
18
16
17
13
12
19
10
5
4
7
8
10
6
2
1
-1
1
-3
-4
-12
-4
-7
-17
-14
-17
-14
-20
-22
-14
-14
-15
-11
-14
-15
-18
-14
-11
-11
-17
-15
-13
-9
-8
-13
-10
-14
-11
-11
-8
-11
-12
-10
-11
-11
-15
-14
-15
-17
-15
-17
-20
-25
-25
-25
-27
-31
-29
-34
-30
-32
-33
-35
-36
-29
-29
-33
-34
-35
-38
-34
-39
-36
-36
-43
-41
-41
-43
-46
-46
-49
-49
-48
-47
-46
-50
-48
-45
-45
-46
-43
-44
-43
-39
-37
-35
-28
-34
-35
-28
-27
-27
-29
-27
-27
-27
-25
-25
-24
-21
-23
-26
-23
-23
-22
-21
-19
-24
-17
-18
-18
-18
-17
-16
-20
-19
-23
-24
-21
-26
-25
-30
-34
-34
-36
-37
-38
-35
-35
-35
-35
-39
-41
-39
-34
-33
-33
-34
-32
-30
-29
-28
-25
-28
-27
-27
-23
-21
-21
-19
-19
-18
-12
-11
-10
-5
-1
2
1
4
4
10
10
16
18
20
24
21
24
25
26
26
25
25
28
29
26
25
27
26
26
22
24
22
23
24
21
24
20
20
22
18
17
18
21
18
14
16
18
17
12
11
13
13
17
13
12
16
16
15
12
13
11
20
18
22
23
22
24
27
27
23
30
30
30
33
40
39
42
41
44
46
41
45
43
45
46
46
46
44
40
38
36
38
37
37
38
41
38
35
35
37
37
30
31
26
23
19
17
15
8
8
12
3
5
8
3
7
1
4
4
4
5
5
9
4
2
7
2
0
1
2
0
2
0
-2
-2
-4
-3
-3
-6
-8
-11
-6
-3
-4
-7
-9
-9
-12
-7
-9
-10
-4
-5
-10
-6
-7
-7
-8
-10
-14
-9
-10
-16
-14
-11
-14
-15
-18
-21
-16
-20
-20
-22
-23
-23
-25
-24
-24
-28
-31
-35
-36
-35
-38
-39
-36
-39
-41
-40
-41
-45
-45
-45
-44
-41
-43
-45
-45
-45
-45
-45
-44
-44
-41
-42
-41
-37
-36
-36
-34
-33
-31
-30
-30
-27
-34
-33
-33
-34
-29
-31
-35
-35
-34
-32
-27
-26
-23
-21
-20
-22
-23
-18
-22
-21
-23
-21
-23
-26
-26
-26
-31
-33
-34
-30
-32
-31
-29
-26
-32
-30
-27
-28
-27
-27
-25
-27
-25
-21
-26
-24
-23
-26
-25
-26
-24
-22
-25
-25
-19
-20
-20
-20
-17
-16
-19
-18
-16
-17
-22
-17
-16
-13
-11
-7
-5
-2
-2
-1
0
-6
-1
-1
0
0
0
2
0
4
1
1
3
2
4
5
3
4
9
6
4
5
3
0
1
7
0
-4
-1
-2
-6
-3
-3
-8
-3
-1
-3
-3
-3
-9
0
-4
-7
-2
-4
-3
-5
-3
-6
-7
-7
-2
-4
-1
2
3
1
-1
-2
0
4
4
3
3
1
3
2
8
7
9
14
8
9
12
12
13
17
13
15
15
16
14
16
15
11
14
13
10
10
13
14
14
13
13
8
6
6
8
10
10
12
10
10
5
8
5
3
3
2
0
1
2
-3
1
-1
-9
-7
-3
-8
-13
-10
-9
-16
-15
-16
-14
-15
-13
-15
-17
-15
-14
-15
-14
-15
-18
-19
-18
-13
-14
-17
-14
-16
-17
-17
-17
-18
-17
-17
-18
-14
-16
-15
-14
-18
-16
-15
-20
-17
-16
-19
-18
-19
-18
-19
-23
-22
-24
-21
-22
-26
-28
-32
-34
-28
-27
-31
-36
-34
-37
-35
-32
-37
-38
-37
-41
-39
-40
-41
-40
-45
-44
-40
-45
-47
-45
-42
-41
-39
-44
-45
-39
-37
-42
-44
-35
-37
-38
-41
-41
-40
-33
-30
-36
-32
-32
-31
-31
-22
-23
-25
-26
-21
-16
-16
-13
-12
-13
-13
-13
-15
-16
-11
-9
-14
-12
-7
-9
-8
-3
-6
-10
-7
-7
-6
-8
-9
-7
-11
-10
-10
-14
-19
-14
-18
-19
-20
-21
-19
-14
-15
-15
-13
-10
-11
-7
-5
-10
-9
-5
-3
-4
-1
-2
1
5
-1
4
5
3
10
8
7
11
12
14
14
12
15
18
17
14
15
17
14
15
13
15
16
12
15
13
16
13
14
13
10
17
11
11
10
12
14
12
13
12
12
14
17
15
18
19
18
17
16
12
12
17
12
15
15
17
21
20
22
16
18
19
19
22
20
18
22
21
19
24
22
20
20
23
24
23
26
22
25
28
27
30
29
24
26
29
23
23
22
19
21
21
21
20
23
24
19
23
25
26
22
26
23
19
20
18
16
17
19
15
16
17
16
14
19
16
16
19
13
16
15
16
16
13
10
14
12
15
14
9
10
11
10
13
13
10
9
9
10
10
10
11
14
14
18
12
15
11
11
12
11
7
6
8
7
7
0
4
2
1
1
0
0
0
-3
-2
-3
-5
-6
-8
-11
-9
-10
-12
-11
-11
-9
-11
-10
-16
-19
-20
-18
-15
-20
-22
-18
-20
-18
-20
-23
-29
-25
-23
-26
-21
-24
-26
-26
-26
-24
-24
-25
-23
-21
-24
-24
-23
-25
-26
-26
-24
-22
-23
-23
-24
-24
-24
-27
-31
-29
-25
-29
-31
-32
-34
-31
-31
-31
-31
-32
-32
-33
-28
-26
-29
-24
-26
-28
-26
-28
-23
-21
-22
-24
-18
-19
-18
-17
-17
-11
-12
-10
-9
-5
-9
-3
-6
-8
-3
-5
-3
-4
-6
-4
-7
-7
-10
-11
-5
-9
-10
-5
-11
-8
-6
-10
-7
-4
-5
-4
-4
-2
-1
-3
-2
0
5
3
6
7
9
11
11
11
12
13
15
15
19
22
23
25
27
26
21
27
29
29
34
35
29
30
32
32
35
36
37
33
34
38
34
34
40
39
37
39
34
38
40
44
46
42
43
46
39
42
46
44
44
44
44
42
41
43
44
41
41
47
47
43
48
45
43
48
49
48
51
52
50
54
55
53
52
54
58
52
56
53
53
56
53
54
56
55
54
55
52
53
52
51
48
51
50
49
50
48
45
40
44
42
43
41
38
40
43
34
39
42
39
36
38
37
36
39
36
37
39
35
34
32
33
33
34
29
27
21
21
23
24
23
23
25
24
26
25
24
21
26
23
20
20
14
10
9
9
6
4
3
1
-3
-2
-6
-8
-12
-12
-9
-10
-11
-16
-17
-17
-18
-15
-18
-18
-23
-18
-19
-22
-21
-22
-19
-19
-20
-19
-23
-19
-22
-25
-21
-24
-25
-23
-20
-20
-19
-29
-31
-29
-34
-31
-36
-35
-32
-34
-36
-34
-34
-37
-33
-36
-36
-32
-31
-37
-35
-32
-34
-35
-36
-36
-33
-36
-33
-35
-40
-37
-40
-37
-39
-41
-37
-36
-41
-42
-37
-30
-31
-25
-26
-29
-31
-29
-23
-24
-24
-22
-21
-21
-18
-19
-19
-25
-20
-21
-27
-21
-21
-21
-25
-21
-20
-20
-18
-15
