-26
-21
-21
-30
-25
-21
-25
-24
-20
-15
-17
-23
-23
-24
-21
-18
-20
-15
-13
-15
-16
-15
-16
-16
-14
-13
-13
-12
-16
-18
-18
-19
-14
-13
-16
-18
-23
-24
-27
-27
-27
-28
-25
-24
-24
-21
-20
-23
-23
-25
-22
-19
-25
-25
-19
-16
-19
-16
-19
-19
-21
-17
-12
-16
-19
-18
-17
-15
-14
-21
-21
-21
-17
-18
-18
-12
-18
-17
-16
-16
-20
-16
-7
-11
-9
-11
-15
-17
-19
-17
-16
-21
-19
-15
-16
-19
-20
-17
-20
-21
-27
-22
-17
-24
-23
-22
-22
-25
-22
-25
-29
-26
-23
-27
-25
-21
-28
-23
-19
-21
-19
-19
-17
-23
-23
-19
-15
-17
-16
-16
-16
-14
-13
-9
-15
-11
-10
-13
-11
-8
-11
-6
-13
-12
-12
-17
-11
-17
-19
-19
-17
-16
-19
-19
-16
-17
-19
-21
-21
-23
-20
-23
-18
-17
-17
-13
-14
-17
-15
-13
-13
-12
-11
-8
-13
-13
-12
-15
-16
-19
-13
-14
-10
-9
-17
-14
-16
-23
-19
-18
-20
-19
-20
-12
-13
-22
-23
-23
-19
-19
-23
-23
-22
-27
-25
-21
-21
-25
-24
-19
-17
-13
-16
-15
-16
-16
-13
-13
-14
-12
-15
-22
-18
-13
-13
-13
-14
-11
-14
-17
-15
-13
-19
-12
-12
-14
-7
-6
-6
-5
-7
-7
-7
-8
-5
-4
-1
-8
-10
-3
1
2
-8
-8
-5
-10
-6
-10
-11
-10
-17
-15
-11
-18
-16
-15
-12
-7
-15
-15
-10
-12
-14
-8
-13
-9
-6
-10
-8
-8
-5
-5
-4
-3
-3
-3
-3
-4
-6
0
-6
-6
-3
-5
-5
-7
-9
-3
-1
-2
2
1
3
3
4
5
4
0
-5
-1
-4
-14
-6
-7
-12
-6
-16
-16
-11
-18
-13
-3
-10
-10
-10
-13
-8
-12
-15
-14
-18
-12
-14
-16
-11
-15
-15
-10
-13
-9
-7
-13
-11
-16
-14
-9
-13
-15
-5
-1
-5
-3
-5
-4
-4
-6
-15
-3
-2
-7
-2
-7
-9
-5
-12
-11
-7
-15
-14
-11
-15
-5
-12
-17
-10
-13
-12
-13
-15
-18
-10
-12
-14
-14
-8
-6
-4
-6
-3
-6
-14
-12
-13
-20
-13
-13
-11
-8
-13
-9
-3
-7
-1
1
-3
6
5
-2
8
1
-7
3
-6
-4
4
-4
0
5
0
2
-2
-2
5
-4
-3
-5
-6
1
0
-8
2
-4
-9
-2
-6
-8
-6
-10
-8
-9
-15
-6
-11
-9
-1
-6
-5
-8
-2
-4
-4
-5
-6
-4
-8
-4
3
-9
-11
-2
-12
-5
1
-9
0
4
0
4
-3
3
2
-2
0
-2
-3
2
-2
-7
-2
-8
-12
-2
-13
-16
-4
-12
-13
-13
-11
-10
-17
-10
-13
-18
-9
-13
-19
-17
-18
-18
-12
-15
-20
-15
-17
-19
-15
-13
-9
-9
-8
-11
-7
2
-6
-10
-3
-13
-11
-4
-8
-6
-8
0
-2
-2
-2
3
2
2
2
2
5
5
2
-2
-1
-5
-6
1
-2
1
-2
-6
0
-10
-11
-8
-6
-6
-9
-5
-4
-7
-10
-8
-6
-12
-9
-11
-12
-6
-9
-8
-9
-13
-6
0
-8
-3
1
-3
-1
-2
6
3
-1
10
6
-4
7
13
12
12
16
15
12
15
10
8
15
14
13
8
17
16
18
18
19
12
11
19
14
11
11
14
7
10
12
5
-1
9
7
9
11
8
17
17
11
14
12
2
11
8
-4
10
19
10
18
17
15
23
17
20
21
18
18
24
16
12
14
10
15
6
9
20
2
4
18
0
3
14
-4
11
7
-3
8
2
8
10
0
5
-1
-12
-2
-2
-10
3
-2
-9
2
-4
-1
7
-6
0
6
0
3
4
-2
7
2
-1
7
-2
8
11
4
9
7
8
8
5
1
10
15
9
15
14
8
10
13
13
16
18
15
15
13
7
8
3
2
7
0
2
3
1
12
7
0
15
4
5
17
2
7
11
0
13
12
7
10
11
8
14
13
5
15
13
0
12
16
9
9
15
14
16
18
18
26
22
16
17
22
20
21
30
24
22
37
31
25
35
28
27
33
24
29
31
16
20
25
22
26
19
9
19
11
5
13
2
4
14
-1
4
19
10
9
18
12
9
18
5
16
16
14
34
20
22
26
16
9
12
6
16
23
17
22
11
8
29
20
14
17
15
20
18
14
19
16
10
11
11
7
-1
-4
3
3
6
11
2
1
9
0
1
5
-7
1
0
-4
3
-5
-7
-3
-6
-12
-13
-5
-11
-8
0
-8
-2
2
-5
10
15
2
11
15
5
13
12
11
15
-2
5
16
4
19
10
-4
14
2
-2
10
3
-2
1
-6
-3
-7
0
7
-5
5
6
-8
3
3
-10
-1
-2
-4
-5
-7
-5
0
-4
-2
1
-3
-3
4
2
1
2
-4
-1
-6
7
2
-5
1
8
-1
-4
4
3
15
6
6
11
4
7
3
1
10
1
-5
14
5
-2
10
7
-2
1
0
4
5
15
9
4
30
14
13
25
11
15
20
12
8
8
15
14
4
10
15
4
10
15
10
5
15
13
4
6
11
9
3
15
7
6
18
23
17
19
16
3
19
13
-3
6
11
-5
10
18
-1
7
3
7
13
-2
1
9
-3
10
5
-4
10
-2
3
13
-4
0
7
3
10
7
2
2
-7
3
-7
-11
8
-4
-5
12
2
-4
11
-7
-10
0
-7
2
-2
-7
-1
-9
-9
-5
-15
-11
-5
-12
-8
-4
-17
-3
-3
-8
6
-4
-6
-2
0
-5
-4
-11
-1
-7
-13
2
-3
-14
-1
-1
-13
0
-10
-4
8
-8
0
-4
-11
-1
-11
-6
9
-5
-3
21
8
-1
11
12
12
23
7
3
24
13
10
15
10
19
12
10
10
6
15
12
10
19
14
13
18
18
26
19
17
25
24
25
25
12
21
27
15
15
21
9
12
19
20
20
11
17
12
7
14
2
1
9
8
1
3
12
11
13
17
9
9
22
6
12
23
14
29
15
11
24
16
15
23
7
5
22
11
15
16
17
20
15
25
13
11
25
11
18
18
0
16
16
1
11
5
-5
8
2
-4
10
-1
2
9
-11
-2
6
-16
-13
-4
-7
-8
-13
0
-8
-10
5
1
2
2
1
0
-6
-1
0
-17
-6
-4
-10
-2
1
-11
-3
6
0
-4
-4
0
0
-1
-2
4
5
-9
1
9
-1
-7
-7
-4
-5
-16
-8
4
-13
-9
-1
-8
-6
1
-2
-7
5
-2
-9
6
-2
-17
-1
-7
-8
-4
-14
1
-2
-11
10
9
6
12
13
6
12
7
6
19
11
8
15
6
25
19
8
16
20
20
8
21
16
3
15
16
-1
4
12
0
1
21
13
5
20
9
-2
17
11
6
14
9
7
25
10
5
26
0
10
15
7
9
-2
5
11
1
10
13
18
18
10
27
19
16
25
18
9
14
27
17
15
25
21
24
29
18
19
21
16
23
21
18
15
22
25
13
7
21
12
8
18
6
-2
13
16
-1
18
14
4
12
8
5
9
4
-5
11
5
-7
-2
-7
-1
-4
6
14
-8
-24
10
5
-22
7
5
-18
-1
5
-12
-13
-6
-10
-17
-1
-10
-21
-6
-6
-11
7
-3
-5
9
-8
-6
-3
-16
-6
-2
-18
-2
2
2
0
-6
3
6
5
1
-12
3
3
-6
-1
5
5
-2
2
12
6
-5
9
-1
4
10
-18
-1
1
-6
0
-3
10
5
2
10
11
2
5
11
12
6
3
23
20
13
15
12
18
8
15
4
14
18
9
11
13
14
15
25
14
10
24
19
10
16
22
3
18
21
9
21
16
33
27
18
25
19
3
15
14
-4
31
12
-3
34
6
-7
26
15
1
22
15
10
24
22
18
24
20
20
21
5
11
30
5
15
26
-3
12
17
-4
2
14
-2
-4
9
13
12
-3
12
5
-14
13
7
-7
15
11
-17
8
-1
3
12
1
5
0
14
-10
0
11
-4
2
7
-13
-9
15
-7
-11
6
-5
-9
2
5
-4
2
3
10
15
-4
13
10
-8
5
11
-10
-9
-10
-15
-10
-11
-9
-4
-11
-7
-2
-10
-8
-3
-4
1
-4
-1
4
4
-4
-12
4
3
-16
-10
-4
-7
-4
-5
-5
-2
-6
-5
4
-14
-9
-3
-13
1
18
-4
6
22
-13
10
24
-8
3
15
10
3
10
16
-1
3
33
14
4
29
2
0
16
-1
1
6
12
9
3
9
20
7
6
21
11
9
5
7
0
-5
7
3
0
14
0
-2
10
-3
-1
20
5
2
9
1
-3
4
5
7
15
0
12
13
13
17
9
16
20
7
20
23
2
19
23
7
17
14
14
23
2
12
23
15
-1
18
18
7
4
19
17
-8
4
26
6
-5
14
3
-1
5
2
-7
1
5
-1
17
3
-1
10
9
-8
-6
5
-12
-8
5
-7
-15
4
6
-8
6
1
-12
1
-3
-7
-5
0
-6
-4
-14
-15
-12
-4
-6
-5
1
-1
9
-13
3
4
-23
8
-5
-15
6
-21
-8
5
-26
4
-3
-29
11
-9
-17
11
-13
-10
-1
-6
-3
-9
-10
0
-8
0
21
-19
-10
33
-17
1
22
-14
9
9
-9
12
12
0
8
20
-9
4
12
-8
11
-1
-1
14
-9
7
31
-3
17
23
3
27
20
17
17
7
12
18
-12
9
2
-17
8
4
1
7
-1
-9
16
14
2
12
5
7
-3
9
10
-10
-4
6
-10
-3
-6
-18
6
3
-12
-10
-3
-2
-13
3
2
-9
0
0
-12
-2
-12
-2
4
-16
-15
-7
-14
-13
2
-9
-7
2
2
-17
-6
-3
-21
-11
0
-20
-1
-1
-11
-8
-6
-7
-11
-9
-5
6
-14
-15
-10
-8
-7
-15
-6
-6
-14
0
-14
-14
-10
-10
-20
-9
0
-10
3
6
-8
4
10
-7
19
9
-4
24
3
-12
14
5
-21
-2
1
-18
-12
-15
-19
-15
-12
-14
-17
-12
-13
-22
-18
-18
-10
-10
-13
-6
-6
-13
5
-1
-1
4
-1
6
-5
-2
15
0
-19
12
1
-16
6
11
-5
-7
-1
-1
-8
5
1
-16
5
1
-7
28
13
-11
25
26
11
9
20
23
16
20
13
11
11
7
6
6
13
4
0
13
11
-10
18
4
-16
12
1
8
12
3
7
16
14
3
14
16
-2
2
10
16
7
5
17
3
-4
12
16
-8
10
16
-19
-6
30
-12
-1
8
-17
18
4
-16
10
16
-3
3
5
-1
18
-11
-4
16
-6
-3
0
-3
2
3
-5
14
-12
1
16
7
1
-7
-3
5
9
-10
-1
2
-3
6
11
-11
16
-6
-1
13
-21
-4
-2
-8
-1
15
-16
13
24
-18
2
-9
-6
-1
-18
1
10
-21
-8
7
-26
-11
-4
-16
-7
-20
-22
-8
-22
-26
-23
-22
-21
-22
-15
-5
3
-23
-1
-17
-12
3
-18
1
-13
-35
-15
-7
-13
4
-4
-8
14
-7
4
14
-7
6
17
-7
1
26
-6
3
28
0
5
24
4
5
12
10
6
-5
10
12
0
0
2
-1
4
5
-5
4
2
-12
12
16
-4
-4
6
9
3
8
-5
-5
26
-9
-15
6
9
-7
-1
3
4
17
3
1
-5
-9
-1
-1
-16
8
21
-21
8
17
-6
2
-1
-16
2
4
1
10
1
0
11
-15
-4
7
-21
-6
2
-13
-1
12
-17
-4
20
-24
-17
10
-19
-18
-15
-15
-9
-22
-23
-5
-13
-15
11
0
-21
8
17
-27
-4
22
-7
-12
4
0
-4
3
-1
4
-1
-14
0
11
4
2
2
13
1
-6
16
1
-10
13
4
-30
-14
-9
-18
-19
-14
-22
-34
-13
-18
-27
-21
-13
-18
-15
-22
-7
-20
-16
-10
-9
-7
-26
-25
-9
-32
-25
-10
-23
-12
1
-20
-2
-3
-29
0
-2
-10
-6
-2
-13
4
7
9
24
12
-19
9
10
-11
-8
2
1
-2
3
-2
8
-6
-15
8
5
-18
-13
14
-3
-7
5
5
8
1
1
6
10
-15
9
5
-13
5
-5
-8
-7
-10
-14
-13
-15
1
-7
-22
-11
-7
-4
-17
2
5
-9
9
10
11
-9
2
1
-2
24
-12
9
15
7
16
5
1
-2
6
-14
-8
7
-10
-5
-5
7
20
-12
-10
14
-9
-7
9
-14
-18
-1
-6
3
0
11
2
8
7
8
20
-6
-8
-8
8
4
-4
-5
10
-10
-14
3
-3
-12
-14
-9
-18
-10
-1
-26
-14
15
-8
-6
16
15
-30
-9
-3
-25
0
-7
-19
-21
-15
-8
-15
-16
-4
5
0
-8
1
-1
-5
-27
-13
3
-32
-10
11
-20
-20
-14
-21
-1
-11
-28
12
-30
-23
6
-30
-18
-1
-17
-34
1
1
-28
-9
10
-17
-20
1
-20
-3
-6
-19
7
-12
-15
17
-24
-13
3
-6
6
-21
9
-3
-26
18
-7
-18
36
13
-8
30
7
11
18
-5
-1
12
4
8
23
7
13
4
11
10
5
12
0
-9
3
3
7
4
2
6
-3
-4
17
22
-2
6
23
3
-5
11
24
-27
-9
13
-13
-26
3
3
-15
-12
-17
-13
-7
-12
1
5
-27
6
25
-8
-3
18
9
-5
-5
-6
-7
-13
4
-24
-10
4
-29
-7
-1
5
1
12
16
-6
0
19
-10
5
22
-15
-10
12
-8
-20
0
-11
-9
5
-1
3
3
9
6
5
-2
-1
14
-20
-10
23
-21
-15
11
-26
-10
11
-16
10
8
-25
13
-4
-21
2
-16
-4
-19
-30
5
-16
-43
-23
-18
-45
-18
-5
-43
-5
3
-28
-11
-14
-16
-9
-26
-24
-7
-22
-10
-7
-7
-8
-19
-2
14
-16
-13
8
-20
-5
1
-6
3
9
-5
0
11
-3
12
7
-18
3
12
-22
-11
-5
-24
-16
-16
-6
1
-17
-7
14
3
14
-4
9
4
-20
12
-15
-24
12
8
-16
8
3
-9
10
-6
-6
-1
6
-10
0
5
-13
4
4
1
16
10
4
16
-7
5
22
12
26
31
16
41
29
-1
23
21
9
19
1
2
10
5
2
-1
27
5
-11
24
25
-1
30
13
1
28
-11
-16
28
11
-6
23
9
11
4
5
3
7
3
3
8
-13
-2
11
-25
-4
-4
-20
2
-7
-2
8
14
19
28
24
16
12
19
22
7
19
-2
11
11
-11
11
4
-7
14
2
3
16
4
3
16
16
0
27
13
8
19
21
13
12
3
-17
7
8
-11
1
-2
-18
13
10
-11
11
6
3
-5
-10
-7
-5
-12
-5
-1
-6
-25
-19
-7
-10
-9
-18
-13
-19
-13
-15
-21
8
18
6
13
12
14
14
-19
20
12
1
31
4
3
30
1
-3
27
-5
-1
12
8
20
-8
1
8
-5
9
-5
-2
27
3
1
13
3
16
4
0
13
9
20
24
4
27
18
4
19
10
-8
-7
-3
6
15
4
10
24
20
6
4
13
32
20
24
23
7
4
15
20
-7
-8
7
14
-19
-7
14
-7
2
8
5
-3
-1
-4
2
-1
-2
8
3
15
3
24
18
8
21
34
8
13
27
-9
-6
6
-1
8
9
7
9
0
-1
-1
-1
-1
9
11
9
5
14
8
1
1
-5
0
9
-1
-4
-2
-16
-8
-2
-8
-5
-11
-5
5
1
-6
-6
5
-10
-18
1
11
5
7
-2
-14
-1
10
6
-9
-6
-2
6
-8
-20
-7
-18
-30
-2
-14
-14
-8
-18
13
16
-8
15
12
5
12
0
-4
1
-3
-8
-13
-10
-8
-10
0
6
1
4
0
-9
5
-6
-4
-2
-4
-5
11
-9
0
23
-16
14
18
-9
29
8
-8
32
3
-5
20
-15
7
36
12
16
17
18
18
23
23
20
18
23
32
18
21
26
25
18
24
30
8
6
13
5
1
1
5
7
4
21
15
6
5
1
2
0
2
11
17
17
6
6
21
15
12
14
20
24
2
21
24
17
22
17
24
19
24
26
24
21
17
20
14
18
19
19
22
21
21
9
6
21
11
13
27
19
11
19
21
25
22
16
24
16
11
17
19
14
15
10
13
2
7
7
0
1
4
2
-4
-5
-8
-6
-7
-3
-6
-14
-10
-22
-16
1
-2
-4
-3
-3
0
-7
-4
0
-17
-16
-17
-12
-17
-18
-5
-19
-20
-12
-26
-29
-25
-37
-39
-37
-44
-45
-42
-42
-42
-31
-38
-31
-30
-39
-33
-31
-37
-37
-37
-41
-36
-32
-37
-31
-34
-27
-21
-23
-15
-16
-11
5
4
10
24
31
45
56
61
82
91
98
106
117
123
121
121
125
120
116
118
110
101
103
95
86
87
83
74
73
65
56
49
52
46
41
46
35
31
46
35
30
37
30
32
38
26
22
24
13
11
8
-3
-6
-13
-18
-13
-26
-34
-35
-49
-45
-47
-47
-50
-50
-44
-40
-49
-59
-54
-54
-47
-57
-64
-61
-67
-68
-75
-75
-70
-76
-80
-68
-75
-72
-70
-78
-69
-72
-83
-78
-94
-108
-105
-110
-114
-116
-95
-56
-31
-6
38
96
159
198
246
297
327
351
362
363
351
311
264
218
162
104
40
-14
-58
-93
-115
-131
-133
-117
-107
-92
-73
-50
-25
-15
-3
7
18
23
23
16
23
25
22
36
39
54
64
73
87
96
104
111
108
101
96
85
82
72
54
43
35
34
30
29
34
44
53
60
67
72
72
64
58
47
36
28
13
3
-9
-16
-25
-29
-22
-27
-19
-5
-4
6
10
14
11
12
9
-13
-25
-34
-46
-53
-61
-86
-88
-101
-109
-101
-111
-111
-110
-113
-113
-110
-109
-109
-126
-133
-132
-151
-164
-175
-190
-218
-242
-244
-247
-252
-239
-191
-132
-90
-46
38
135
208
280
353
423
466
492
517
516
499
447
377
327
266
189
107
37
-18
-66
-102
-136
-149
-145
-157
-150
-128
-105
-86
-76
-60
-33
-19
-9
-2
6
20
32
39
58
83
96
113
128
147
169
178
177
186
172
155
127
103
77
29
-19
-59
-92
-117
-143
-147
-115
-111
-99
-52
-8
39
82
108
151
179
194
185
179
179
134
108
85
55
33
2
-14
-13
-15
2
-2
4
26
22
21
23
4
-14
-39
-65
-81
-109
-127
-152
-167
-174
-178
-177
-163
-155
-141
-130
-124
-104
-104
-105
-116
-136
-141
-158
-179
-194
-229
-266
-289
-309
-314
-319
-300
-238
-179
-124
-47
49
158
239
322
411
478
518
547
551
542
504
436
373
300
222
140
61
-1
-59
-102
-133
-155
-160
-167
-166
-148
-125
-103
-85
-82
-63
-48
-44
-32
-23
-11
-2
5
24
54
77
101
123
157
181
195
214
222
215
205
181
157
127
80
31
-13
-53
-94
-132
-165
-184
-193
-188
-168
-133
-91
-44
14
72
127
187
229
266
295
305
307
302
285
252
207
159
114
71
30
-11
-47
-66
-82
-96
-97
-99
-96
-91
-91
-86
-83
-94
-100
-106
-118
-125
-138
-141
-149
-157
-157
-158
-154
-144
-140
-140
-134
-133
-134
-143
-162
-182
-215
-252
-273
-295
-316
-311
-287
-238
-200
-152
-55
58
150
240
353
453
520
567
610
626
603
540
471
404
318
213
108
18
-66
-139
-192
-221
-237
-242
-237
-211
-175
-127
-101
-77
-50
-31
-15
-9
-7
-7
-18
-25
-19
-4
15
19
41
77
115
149
179
209
222
224
216
209
179
137
77
12
-39
-91
-152
-200
-234
-266
-287
-284
-268
-236
-194
-141
-65
13
78
150
210
270
323
349
370
376
367
335
288
256
199
130
76
15
-26
-70
-108
-134
-153
-155
-163
-169
-158
-162
-160
-146
-141
-132
-124
-128
-122
-122
-117
-118
-117
-111
-113
-111
-110
-106
-118
-126
-137
-146
-161
-179
-203
-240
-263
-279
-310
-321
-297
-261
-212
-184
-122
-16
88
175
263
370
455
508
552
597
603
570
509
456
396
302
200
104
25
-57
-128
-174
-198
-224
-236
-224
-200
-159
-132
-105
-77
-49
-22
-9
0
2
7
-2
-3
3
25
30
29
56
91
124
144
169
190
203
195
192
183
146
101
41
-6
-62
-117
-172
-224
-257
-282
-302
-298
-275
-256
-215
-162
-82
-1
55
129
198
264
326
352
380
389
374
356
311
281
222
144
88
21
-30
-77
-131
-162
-184
-200
-198
-207
-201
-193
-200
-175
-165
-161
-150
-149
-146
-141
-132
-132
-133
-129
-131
-134
-127
-122
-131
-141
-153
-161
-168
-195
-229
-260
-291
-311
-339
-356
-333
-296
-250
-217
-149
-28
72
153
256
371
470
527
580
633
647
601
548
499
432
332
219
127
37
-42
-124
-172
-202
-240
-253
-240
-212
-177
-145
-119
-80
-51
-18
0
3
16
15
0
-4
7
17
19
19
45
79
104
129
157
181
189
184
186
175
135
91
36
-18
-71
-137
-200
-249
-283
-313
-330
-319
-302
-276
-235
-173
-82
3
63
141
221
289
348
383
409
416
409
386
345
312
244
167
115
47
-5
-55
-114
-148
-179
-188
-202
-211
-207
-210
-215
-196
-181
-164
-159
-159
-150
-145
-131
-122
-120
-119
-113
-119
-114
-113
-125
-137
-156
-166
-182
-201
-229
-261
-293
-318
-345
-367
-374
-351
-299
-258
-217
-133
-18
90
181
281
409
492
550
599
639
648
602
537
491
416
303
200
106
19
-73
-151
-198
-232
-256
-267
-266
-227
-196
-167
-131
-106
-72
-43
-34
-20
-19
-22
-27
-37
-23
-3
-16
-5
25
57
86
106
146
174
178
178
183
173
141
83
33
-14
-76
-130
-188
-238
-268
-301
-314
-309
-285
-250
-206
-130
-30
41
114
201
273
346
388
424
446
445
431
390
352
306
217
149
89
19
-28
-92
-136
-162
-189
-198
-215
-214
-205
-213
-204
-184
-171
-158
-160
-153
-142
-129
-123
-123
-119
-115
-118
-124
-115
-128
-141
-157
-174
-183
-197
-212
-238
-268
-295
-311
-334
-347
-344
-303
-248
-220
-160
-56
58
154
244
365
483
540
592
651
684
660
590
538
487
388
268
159
71
-28
-132
-188
-225
-265
-292
-296
-269
-223
-191
-153
-119
-81
-46
-21
-12
-3
3
-6
-19
-20
-6
-9
-16
4
37
61
79
110
148
170
168
173
167
153
109
52
7
-49
-111
-177
-233
-271
-304
-330
-335
-312
-285
-257
-206
-108
-11
51
129
215
296
357
398
431
444
439
415
378
341
283
190
128
62
-6
-64
-131
-174
-207
-236
-248
-266
-258
-250
-262
-230
-208
-189
-166
-164
-136
-108
-103
-92
-81
-73
-65
-76
-72
-67
-89
-113
-135
-150
-167
-200
-230
-256
-292
-325
-349
-368
-380
-388
-355
-287
-233
-182
-96
26
145
236
345
471
556
609
656
700
703
643
576
520
434
319
194
97
8
-101
-179
-224
-258
-287
-308
-290
-250
-211
-173
-133
-101
-61
-37
-23
-8
0
-2
-19
-26
-7
0
-7
-1
30
62
81
110
155
183
180
179
186
186
137
88
41
-17
-77
-140
-197
-243
-280
-316
-331
-321
-298
-276
-237
-161
-65
7
76
163
242
315
366
402
437
442
428
394
353
310
225
140
85
12
-51
-119
-176
-210
-238
-258
-274
-271
-254
-254
-242
-204
-181
-160
-148
-131
-104
-91
-88
-86
-77
-79
-96
-100
-99
-117
-148
-166
-184
-205
-225
-251
-273
-299
-334
-364
-381
-394
-399
-400
-355
-280
-225
-175
-80
66
185
263
379
510
594
635
673
720
711
630
548
490
405
271
134
46
-51
-163
-235
-274
-305
-334
-349
-318
-268
-229
-192
-154
-114
-69
-43
-31
-14
-6
-9
-34
-27
2
4
-8
1
48
85
95
126
175
195
190
185
194
184
134
77
36
-19
-79
-143
-206
-242
-285
-315
-327
-305
-278
-254
-206
-115
-11
50
128
217
299
375
416
454
475
468
443
398
363
303
207
133
65
-1
-62
-137
-181
-208
-233
-241
-254
-249
-236
-237
-208
-178
-158
-145
-136
-109
-96
-87
-82
-81
-76
-75
-86
-83
-81
-110
-132
-152
-173
-199
-229
-259
-277
-305
-338
-365
-386
-393
-403
-392
-328
-257
-199
-146
-37
119
221
305
427
547
620
655
698
737
699
610
536
478
388
234
103
25
-81
-180
-249
-283
-311
-345
-347
-307
-260
-225
-187
-147
-102
-67
-45
-32
-18
-16
-28
-40
-32
-4
-2
-10
9
61
96
112
144
187
207
198
204
215
192
134
85
35
-17
-79
-146
-201
-242
-277
-307
-312
-291
-267
-245
-194
-105
-2
61
129
225
307
376
422
457
477
468
449
413
379
327
221
155
100
32
-34
-111
-156
-188
-224
-243
-251
-251
-236
-252
-226
-192
-173
-152
-147
-110
-82
-71
-65
-56
-53
-44
-54
-55
-49
-83
-102
-120
-143
-158
-194
-229
-254
-281
-309
-346
-376
-376
-392
-399
-351
-286
-212
-161
-89
50
188
287
375
489
609
659
687
740
749
696
603
533
473
349
201
92
-1
-105
-202
-258
-280
-321
-345
-322
-282
-235
-198
-168
-129
-93
-67
-39
-35
-24
-27
-45
-43
-27
-13
-8
-8
25
70
96
127
160
194
205
199
211
206
165
110
50
-1
-60
-130
-195
-244
-291
-319
-338
-335
-306
-282
-246
-177
-75
24
77
157
250
315
377
406
435
444
420
395
357
319
252
157
101
43
-20
-80
-146
-181
-208
-228
-240
-242
-239
-229
-232
-195
-160
-148
-129
-117
-85
-64
-58
-56
-51
-54
-54
-72
-79
-90
-126
-137
-162
-180
-212
-249
-271
-286
-304
-330
-359
-373
-367
-376
-366
-315
-229
-159
-119
-25
127
251
331
431
554
646
676
703
751
740
653
558
503
430
288
143
54
-34
-131
-209
-248
-264
-295
-305
-275
-227
-178
-152
-132
-90
-58
-40
-27
-31
-26
-29
-43
-36
-8
9
10
18
68
119
145
173
205
232
228
225
228
205
150
88
25
-23
-84
-152
-211
-253
-269
-277
-272
-238
-187
-151
-92
-14
69
131
175
229
272
305
314
305
303
289
248
222
202
171
130
93
75
59
33
6
-24
-44
-65
-90
-116
-136
-154
-179
-194
-195
-192
-193
-195
-180
-157
-136
-122
-106
-79
-55
-50
-49
-52
-59
-80
-111
-138
-167
-209
-252
-289
-314
-329
-350
-375
-378
-366
-348
-330
-298
-207
-119
-63
-6
109
241
319
372
467
566
596
603
629
653
606
511
452
417
330
205
110
51
-23
-111
-158
-187
-220
-253
-276
-247
-230
-224
-216
-200
-170
-141
-121
-107
-84
-56
-34
-19
13
61
83
85
112
156
185
184
192
207
203
187
169
153
129
79
26
-1
-33
-77
-122
-153
-162
-168
-179
-179
-161
-134
-115
-76
14
78
111
174
231
301
345
360
384
391
385
363
324
299
227
148
96
29
-13
-75
-142
-162
-184
-200
-209
-213
-190
-185
-176
-136
-122
-102
-95
-84
-63
-53
-58
-70
-78
-80
-89
-115
-118
-141
-168
-190
-213
-226
-245
-274
-292
-298
-310
-322
-346
-347
-340
-336
-289
-221
-155
-100
-32
91
219
301
392
491
579
636
658
690
694
632
544
474
413
308
169
65
-21
-111
-183
-235
-260
-293
-318
-297
-258
-221
-199
-183
-157
-114
-91
-77
-78
-68
-59
-62
-52
-20
12
17
30
72
128
158
174
202
224
234
224
220
204
154
101
47
1
-43
-99
-159
-199
-219
-224
-234
-226
-202
-178
-143
-84
3
75
106
165
237
295
339
354
370
375
368
348
313
289
231
153
118
75
23
-33
-94
-117
-139
-156
-176
-195
-186
-182
-187
-155
-140
-123
-113
-107
-74
-58
-50
-56
-54
-45
-52
-66
-75
-93
-122
-144
-160
-178
-207
-235
-258
-261
-266
-284
-305
-317
-308
-313
-298
-256
-190
-122
-88
-20
113
232
300
372
473
574
609
633
670
676
615
527
482
433
320
187
96
18
-60
-142
-191
-219
-265
-278
-277
-250
-215
-209
-199
-175
-139
-109
-93
-94
-77
-62
-54
-41
-7
26
31
43
87
138
165
179
188
217
216
208
208
181
145
88
36
-2
-44
-99
-150
-188
-202
-210
-230
-224
-202
-184
-159
-108
-24
24
53
111
179
236
280
295
318
337
347
342
308
299
241
181
155
104
64
4
-64
-98
-130
-153
-178
-211
-211
-215
-213
-184
-181
-163
-142
-130
-92
-68
-55
-61
-61
-47
-39
-62
-79
-100
-120
-136
-170
-182
-200
-226
-250
-249
-246
-249
-267
-288
-273
-272
-267
-264
-209
-133
-105
-74
23
155
244
297
389
511
581
606
644
677
664
586
524
492
403
276
161
74
0
-95
-172
-214
-256
-278
-287
-277
-245
-224
-207
-188
-164
-117
-89
-88
-82
-63
-40
-28
-26
13
41
45
72
120
162
181
191
216
234
231
228
204
169
125
79
34
-21
-66
-111
-166
-200
-205
-215
-226
-225
-204
-175
-154
-96
-20
18
58
133
193
254
298
318
339
355
373
349
314
285
219
171
123
58
8
-65
-131
-165
-191
-205
-238
-258
-241
-243
-223
-200
-189
-155
-137
-123
-91
-75
-71
-80
-87
-81
-87
-102
-121
-146
-156
-165
-187
-199
-214
-231
-237
-237
-229
-242
-266
-283
-285
-283
-292
-286
-237
-169
-141
-96
11
141
226
295
403
522
583
613
656
687
659
573
520
472
363
235
126
48
-43
-140
-183
-229
-281
-301
-286
-269
-262
-239
-202
-184
-181
-142
-107
-93
-104
-91
-46
-26
-17
17
67
98
119
173
224
244
262
278
283
275
251
219
170
110
55
1
-60
-116
-158
-189
-207
-216
-211
-194
-174
-139
-100
-56
-3
31
72
114
144
173
195
209
220
231
240
241
245
231
211
199
187
154
117
84
40
-4
-52
-94
-133
-168
-200
-225
-230
-227
-228
-212
-187
-164
-137
-114
-93
-70
-50
-46
-46
-52
-66
-84
-104
-122
-137
-150
-164
-183
-193
-200
-201
-200
-200
-194
-217
-240
-251
-260
-280
-301
-284
-232
-183
-162
-105
16
145
226
309
437
544
599
630
684
708
643
560
504
441
315
170
64
-22
-131
-235
-275
-300
-349
-385
-367
-324
-300
-284
-256
-213
-178
-152
-125
-94
-75
-65
-43
-14
28
58
77
104
150
198
224
242
266
277
259
238
216
185
124
55
2
-49
-107
-158
-206
-237
-257
-267
-264
-249
-225
-193
-159
-96
-7
51
91
167
240
298
353
385
403
406
406
391
359
314
224
148
96
25
-50
-118
-174
-210
-233
-236
-236
-234
-214
-206
-171
-125
-104
-92
-80
-69
-52
-47
-55
-65
-77
-80
-94
-97
-89
-111
-124
-122
-129
-133
-154
-167
-183
-200
-211
-229
-270
-309
-334
-351
-364
-369
-326
-246
-195
-148
-37
123
258
332
443
576
655
682
705
728
691
583
479
423
329
191
50
-37
-105
-191
-247
-269
-291
-315
-332
-311
-280
-270
-266
-259
-245
-219
-195
-175
-155
-130
-87
-41
5
77
142
177
214
271
333
337
313
309
292
248
181
121
72
-4
-86
-139
-173
-204
-245
-267
-260
-238
-218
-207
-171
-122
-95
-73
-23
30
55
77
108
155
196
223
241
263
294
299
288
289
269
225
178
130
79
26
-38
-98
-135
-161
-192
-222
-223
-215
-209
-191
-167
-140
-118
-103
-88
-67
-48
-49
-59
-50
-42
-57
-65
-70
-78
-82
-92
-100
-102
-113
-139
-162
-172
-186
-209
-233
-258
-282
-311
-345
-356
-358
-357
-320
-246
-154
-86
-2
132
282
388
478
582
673
707
705
708
700
621
497
405
327
211
73
-33
-100
-179
-252
-291
-310
-333
-358
-367
-348
-323
-315
-304
-280
-246
-214
-168
-117
-64
-5
58
116
187
257
296
318
340
367
361
330
290
250
190
124
71
17
-39
-99
-150
-177
-197
-219
-235
-235
-224
-210
-203
-180
-139
-108
-78
-36
23
81
122
165
214
258
284
304
314
307
293
261
226
178
128
66
14
-31
-68
-104
-141
-165
-168
-174
-181
-175
-163
-153
-145
-136
-122
-109
-100
-98
-85
-65
-59
-48
-38
-35
-33
-26
-28
-47
-66
-88
-106
-135
-169
-197
-232
-257
-274
-292
-305
-315
-321
-334
-335
-326
-314
-295
-259
-162
-56
1
69
208
368
461
507
600
696
712
672
652
643
557
407
296
234
135
-3
-118
-173
-217
-276
-316
-322
-329
-339
-345
-335
-300
-271
-252
-237
-193
-122
-57
-13
45
125
198
250
299
364
403
397
377
372
358
297
228
171
113
45
-9
-60
-108
-147
-180
-206
-218
-218
-227
-236
-228
-205
-175
-148
-109
-62
-14
40
105
170
222
267
301
330
346
350
333
303
259
210
160
104
46
-5
-45
-83
-110
-126
-139
-147
-151
-148
-140
-137
-142
-138
-127
-117
-114
-100
-81
-68
-57
-40
-23
-9
-10
-18
-26
-32
-54
-83
-114
-145
-166
-187
-209
-232
-243
-253
-259
-261
-255
-263
-267
-273
-288
-293
-299
-294
-262
-179
-77
-8
62
197
356
471
532
601
679
695
659
612
564
479
329
203
133
53
-55
-148
-203
-238
-270
-288
-308
-335
-347
-361
-363
-359
-335
-304
-276
-231
-143
-36
46
116
200
285
341
376
407
413
380
340
299
253
199
147
96
43
4
-21
-44
-79
-108
-139
-170
-203
-229
-258
-290
-303
-296
-273
-232
-163
-76
43
162
275
377
464
533
570
567
538
478
407
324
224
130
36
-29
-80
-124
-142
-149
-153
-150
-152
-152
-151
-171
-178
-193
-183
-167
-149
-115
-74
-25
24
61
90
113
111
100
63
27
-29
-91
-142
-186
-212
-231
-247
-263
-260
-246
-239
-244
-253
-261
-271
-307
-339
-360
-367
-365
-330
-211
-69
28
123
275
467
592
641
685
723
709
644
562
497
410
292
190
121
83
36
-22
-95
-138
-167
-207
-285
-367
-413
-460
-487
-503
-459
-385
-318
-240
-124
25
155
236
299
357
393
402
382
348
310
264
223
190
171
165
143
99
60
38
-3
-76
-160
-229
-304
-371
-414
-440
-435
-403
-330
-246
-158
-37
77
153
221
302
352
356
360
359
344
324
307
283
262
237
201
177
134
86
27
-45
-111
-167
-210
-257
-287
-286
-270
-244
-199
-150
-108
-64
-23
11
27
40
43
42
39
32
28
25
19
13
0
-17
-38
-64
-102
-148
-176
-219
-255
-282
-300
-306
-308
-301
-290
-263
-246
-238
-238
-231
-225
-223
-205
-150
-29
74
129
206
354
488
558
598
631
630
583
537
484
421
311
199
127
81
24
-44
-113
-173
-222
-271
-322
-377
-413
-451
-464
-439
-382
-300
-206
-120
-27
90
203
278
318
340
335
318
304
293
267
224
189
181
183
161
132
99
43
-32
-95
-162
-233
-299
-356
-393
-391
-357
-313
-257
-187
-100
-23
52
128
176
204
230
254
272
290
305
304
307
312
302
281
251
194
128
53
-21
-81
-145
-198
-238
-250
-241
-217
-192
-171
-135
-94
-66
-48
-26
-17
-2
15
29
48
65
73
80
84
72
50
21
-27
-85
-138
-196
-237
-273
-304
-319
-322
-306
-289
-267
-247
-228
-209
-188
-180
-177
-179
-190
-193
-187
-174
-155
-103
12
132
201
255
338
440
520
544
533
503
457
430
413
357
259
186
154
114
37
-46
-94
-154
-239
-314
-341
-360
-389
-385
-347
-304
-243
-145
-22
54
85
140
210
253
240
235
238
236
233
244
266
258
237
216
196
140
81
34
-36
-131
-211
-244
-249
-257
-264
-258
-248
-215
-164
-125
-107
-92
-53
8
59
91
129
194
257
301
329
350
357
346
311
260
192
120
59
4
-62
-123
-156
-157
-157
-167
-173
-167
-151
-132
-121
-113
-100
-77
-43
-13
8
23
46
66
66
53
37
21
-6
-41
-79
-113
-144
-167
-185
-216
-238
-254
-254
-251
-257
-251
-245
-236
-220
-205
-194
-183
-173
-164
-167
-181
-186
-199
-206
-211
-195
-127
-9
104
175
237
312
408
485
521
493
422
361
346
342
283
197
127
91
76
54
4
-80
-159
-207
-231
-276
-330
-357
-345
-302
-251
-191
-133
-76
-6
61
97
101
106
136
171
183
188
206
236
259
270
269
237
181
139
106
42
-35
-91
-122
-143
-157
-162
-166
-171
-160
-149
-158
-164
-145
-101
-59
-23
30
90
155
229
281
295
297
284
268
240
194
141
84
46
29
13
-8
-25
-29
-28
-35
-50
-65
-85
-101
-92
-86
-80
-75
-57
-31
-10
9
11
9
2
-2
-12
-37
-56
-75
-92
-98
-96
-108
-121
-130
-131
-134
-149
-161
-172
-171
-177
-173
-170
-176
-172
-168
-161
-157
-150
-151
-147
-147
-153
-162
-172
-180
-176
-134
-57
36
113
172
218
264
298
326
340
312
274
259
262
252
237
211
174
145
131
111
53
-26
-111
-173
-212
-244
-271
-289
-292
-265
-220
-169
-136
-127
-107
-64
-17
13
29
42
57
96
156
205
214
204
197
184
169
153
114
68
26
14
9
-3
-26
-53
-75
-89
-98
-110
-120
-127
-114
-83
-42
-1
29
47
58
62
68
52
32
11
-8
-13
-7
5
17
29
42
48
60
61
47
25
6
-4
-18
-14
-9
6
18
24
39
41
42
38
15
-11
-28
-50
-63
-71
-71
-58
-50
-32
-19
-9
-5
-8
-11
-21
-32
-40
-49
-52
-48
-48
-36
-16
4
18
27
29
31
22
11
-2
-18
-37
-47
-54
-66
-79
-85
-89
-96
-92
-97
-105
-109
-115
-114
-111
-105
-106
-100
-90
-80
-76
-71
-55
-45
-40
-31
-16
-5
-2
-1
-7
-6
-1
1
10
19
35
51
61
78
94
93
95
93
89
83
78
77
78
80
83
90
92
92
82
74
60
52
41
27
14
13
14
13
18
21
14
9
2
-12
-20
-35
-42
-53
-59
-67
-73
-68
-70
-60
-50
-46
-39
-32
-29
-27
-22
-19
-18
-19
-8
-7
-9
-1
5
4
8
17
18
18
19
20
22
23
22
17
21
23
24
22
22
28
34
33
34
31
26
20
14
9
1
-1
-4
1
2
10
16
16
21
26
21
12
2
-11
-19
-30
-38
-50
-59
-57
-53
-53
-48
-47
-43
-34
-33
-37
-37
-39
-41
-42
-45
-40
-39
-36
-29
-26
-24
-24
-24
-33
-39
-54
-65
-70
-79
-85
-89
-89
-90
-83
-72
-62
-59
-53
-45
-34
-26
-14
-6
13
30
46
60
76
86
90
98
105
107
104
104
104
102
98
93
83
71
59
45
27
10
-5
-21
-32
-36
-40
-40
-34
-32
-28
-23
-21
-19
-21
-16
-10
-10
-8
3
9
17
15
10
8
-4
-14
-20
-25
-28
-34
-32
-32
-28
-23
-22
-19
-17
-19
-23
-31
-37
-41
-36
-40
-34
-23
-9
8
19
30
42
52
57
59
54
47
44
46
48
50
48
44
45
51
46
35
26
15
0
-16
-27
-33
-42
-47
-42
-35
-27
-26
-28
-26
-25
-21
-23
-24
-25
-21
-21
-15
-4
6
12
20
25
27
24
19
12
-2
-18
-27
-35
-43
-42
-45
-47
-44
-41
-38
-36
-34
-32
-29
-23
-16
-6
8
17
34
53
67
85
95
104
112
120
123
121
112
97
87
70
54
35
19
8
-6
-18
-27
-30
-30
-33
-35
-39
-40
-33
-33
-34
-36
-30
-28
-27
-15
-6
7
12
23
50
79
101
115
113
94
65
22
-16
-60
-90
-110
-115
-94
-52
-13
16
28
16
-7
-37
-62
-87
-105
-111
-90
-53
-10
38
65
84
94
101
100
98
84
60
45
32
27
24
35
46
41
35
36
33
10
-17
-42
-72
-90
-90
-84
-71
-60
-41
-24
-11
-10
-14
-14
-29
-36
-25
-13
10
25
31
38
58
60
71
84
86
84
67
50
30
1
-31
-55
-79
-90
-86
-77
-71
-71
-71
-60
-54
-47
-29
-11
-2
14
32
50
61
64
77
83
104
118
121
111
102
95
74
50
23
6
-6
-17
-16
-12
-10
-21
-26
-44
-48
-57
-76
-78
-71
-56
-63
-43
-30
-22
-22
-20
-11
9
28
35
43
49
63
62
69
89
99
99
82
72
77
53
37
26
12
14
4
-3
-29
-52
-57
-54
-42
-33
-33
-32
-18
-3
-2
2
6
18
28
36
46
46
48
43
44
46
37
23
13
9
-1
-11
-15
-20
-32
-36
-51
-66
-83
-81
-70
-77
-64
-54
-42
-25
-14
-10
-8
0
9
15
26
34
38
50
54
61
61
58
60
59
47
26
11
-8
-22
-28
-34
-36
-30
-21
-19
-16
-21
-17
-14
-7
-9
-18
-9
-2
1
5
17
18
20
32
47
48
51
51
55
60
50
39
36
30
18
9
6
4
1
-9
-23
-27
-35
-33
-25
-25
-25
-21
-10
-11
-9
-9
-8
4
11
12
16
25
39
45
52
48
38
33
34
36
26
17
14
19
19
19
18
20
17
23
25
21
23
26
22
17
26
32
31
21
20
19
15
8
4
6
11
16
25
35
31
24
19
25
26
21
12
4
8
8
3
0
-12
-15
-20
-24
-26
-30
-25
-25
-13
-8
2
18
26
27
30
38
45
48
43
48
50
55
53
46
48
44
33
32
24
11
6
-4
-4
-13
-18
-17
-6
2
1
8
6
0
-1
6
1
-6
1
8
11
21
32
30
35
47
56
60
58
53
49
40
35
34
38
32
18
18
16
6
-4
-14
-25
-22
-18
-21
-24
-27
-20
-14
-10
-2
0
4
6
18
28
31
31
32
35
34
33
31
23
14
16
22
21
22
22
23
23
19
14
14
17
19
21
25
22
16
10
8
3
0
-1
-2
3
5
13
17
18
16
30
32
34
37
39
40
43
42
39
32
21
14
9
10
1
-1
-7
-6
-6
-6
-8
-15
-16
-19
-13
-6
1
15
17
27
32
29
36
38
34
31
35
34
37
39
49
49
41
38
33
29
24
21
11
11
8
4
6
1
0
-8
-16
-18
-20
-22
-18
-8
-6
-2
10
17
29
34
29
34
30
25
25
24
27
26
23
23
19
9
6
11
12
9
-6
-13
-11
-17
-24
-29
-30
-30
-22
-23
-20
-19
-23
-14
-15
-13
-14
-9
3
8
13
20
24
32
29
32
35
35
33
34
36
42
44
49
53
49
43
29
13
2
-1
-10
-20
-21
-21
-26
-24
-29
-29
-20
-15
-9
-6
-5
-3
2
0
6
10
16
21
25
31
26
21
14
15
16
18
23
12
3
-1
-6
-10
-14
-16
-20
-13
-7
1
5
10
18
14
11
14
17
13
13
26
27
33
34
30
38
35
35
32
30
31
33
31
30
22
12
9
2
-1
0
0
-1
0
1
-1
2
2
-8
-7
-3
-4
-1
-2
0
2
6
3
9
12
11
19
23
24
20
16
18
11
13
14
10
8
4
4
7
6
7
14
10
6
3
7
6
8
13
15
17
16
17
16
22
21
27
23
23
28
27
32
26
27
24
23
17
9
-4
-13
-13
-23
-30
-38
-37
-30
-27
-19
-18
-16
-18
-22
-25
-25
-28
-27
-20
-11
-3
3
5
10
15
17
13
7
6
12
17
17
18
22
22
21
20
20
16
12
11
8
10
14
13
15
14
13
17
16
13
15
13
15
16
14
17
15
22
27
23
26
23
21
17
11
10
7
9
5
4
7
3
9
17
20
17
14
8
6
5
11
11
7
7
14
14
13
15
17
14
14
17
13
12
15
14
13
16
16
9
9
2
1
-3
-2
1
4
5
12
19
15
18
19
18
16
16
17
28
34
39
50
55
50
49
45
41
33
24
15
14
10
13
10
8
12
10
6
-3
-3
0
-8
-16
-15
-21
-18
-18
-14
-19
-18
-11
-18
-24
-26
-30
-38
-22
-9
-4
3
11
14
14
20
29
21
17
17
12
19
21
20
15
19
20
22
21
14
9
2
-3
-8
-10
-18
-18
-12
-6
-5
-1
2
9
20
26
28
25
29
30
36
38
30
23
22
19
14
13
4
8
6
8
7
1
1
-4
-4
-9
-6
-8
-11
-6
4
5
6
10
9
13
13
11
11
8
5
3
1
1
-1
-4
-3
-4
1
1
-3
-2
-3
-3
-5
0
-3
-3
-3
-2
4
8
12
10
13
17
20
19
21
24
29
31
33
30
23
25
26
23
18
18
14
13
14
11
9
3
-1
-4
-1
-6
-8
-11
-14
-15
-16
-16
-21
-20
-19
-13
-8
-6
-4
0
3
7
12
9
8
10
11
14
11
12
16
20
23
22
24
15
10
6
3
0
2
2
2
8
8
7
4
11
4
1
2
0
-1
1
7
10
17
18
20
19
20
22
18
17
20
17
13
12
15
16
15
16
20
21
19
16
15
15
17
13
12
12
10
9
9
8
10
10
13
13
12
13
8
10
9
4
4
4
3
8
14
16
13
10
9
7
7
7
6
-1
-4
0
-2
-6
-3
1
4
8
7
14
14
16
19
12
17
17
18
19
21
23
20
21
20
24
19
14
13
8
3
-3
-6
-9
-9
-10
-12
-9
-2
-5
-1
0
0
3
5
12
17
18
18
22
23
23
21
18
22
23
21
21
22
21
24
25
20
22
22
25
24
26
25
18
13
13
9
6
5
4
5
7
6
6
7
9
15
18
21
25
25
26
34
33
29
31
25
20
20
19
16
16
14
13
15
15
17
21
20
19
19
22
18
13
16
14
12
5
3
4
3
6
4
6
8
10
6
11
15
9
12
19
19
22
23
28
28
28
28
24
22
14
10
3
-2
-6
-9
-6
-1
2
3
3
10
13
8
5
2
8
10
7
7
11
11
12
12
15
17
16
16
7
3
3
7
1
-1
-2
4
2
1
-2
0
-2
3
7
2
6
6
9
14
20
19
20
21
25
25
25
23
26
25
28
33
32
35
33
31
27
23
23
18
13
7
3
6
1
-2
-1
-2
-4
0
0
-3
-1
0
-1
6
7
12
17
19
26
30
34
34
38
39
41
41
37
44
50
48
41
45
43
40
36
33
23
22
16
12
11
6
3
-1
5
5
4
8
10
11
18
16
16
22
25
24
24
25
28
33
30
33
29
30
27
26
21
15
11
9
9
6
5
6
6
10
6
3
-1
3
5
1
-3
-7
-4
2
6
11
15
13
19
19
25
28
27
28
24
19
21
15
21
17
16
19
12
13
9
9
10
4
2
-8
-2
0
0
1
3
5
7
5
10
12
12
12
17
18
16
20
18
17
17
15
12
9
8
6
8
2
3
8
7
6
5
7
4
4
2
4
5
5
5
9
12
17
18
17
20
19
23
23
20
21
23
23
27
27
30
35
31
33
33
32
29
21
19
17
9
6
6
3
-3
-5
-6
-6
-7
-1
1
3
6
11
16
17
18
20
25
24
24
29
21
24
22
17
14
14
18
15
16
9
3
7
3
0
-1
-2
-4
-3
1
-2
0
-3
0
2
1
4
1
1
7
4
9
10
6
3
5
10
9
6
2
4
3
-4
-2
-4
-6
-4
-3
-5
-7
4
1
3
5
11
15
9
13
9
11
14
15
11
7
13
11
9
14
11
6
6
3
2
-2
-3
-7
-9
-4
-4
-4
-6
-4
-2
-7
-7
1
-3
-2
-5
-2
3
1
1
4
10
10
8
9
11
13
19
20
19
18
18
22
19
24
18
21
19
16
18
13
16
11
9
13
12
14
15
12
13
12
12
13
13
15
15
18
19
18
19
20
19
15
15
18
14
10
6
6
-2
-7
-5
-13
-11
-10
-11
-13
-13
-16
-18
-14
-19
-19
-18
-13
-16
-13
-7
-4
-4
-1
-2
2
4
5
8
10
10
7
13
8
12
11
5
4
4
0
-1
-1
-2
0
-1
-1
-2
0
1
3
0
3
10
5
10
15
15
17
14
12
15
18
13
15
13
12
7
6
9
6
-2
-1
1
-3
-6
-12
-9
-9
-14
-12
-15
-14
-15
-10
-15
-10
-9
-4
-3
-4
0
4
7
7
9
7
6
3
10
10
10
9
12
10
7
12
15
10
8
11
13
11
6
9
8
11
12
8
11
12
13
12
13
13
16
15
14
12
12
20
20
17
18
15
16
9
13
11
6
12
7
12
8
5
1
4
3
1
3
-1
-3
-5
-3
-4
-3
2
-2
0
1
-3
0
0
5
4
6
4
6
12
12
8
9
10
8
7
4
3
0
-2
-4
-5
-2
2
-2
1
2
7
3
2
5
11
7
10
9
6
10
7
4
3
5
6
5
-1
0
3
2
-2
-2
-4
-10
-11
-13
-17
-21
-19
-14
-15
-16
-11
-11
-12
-9
-7
-10
-10
-11
-14
-13
-12
-12
-12
-7
-9
-9
-13
-13
-10
-8
-13
-15
-13
-16
-11
-14
-9
-12
-13
-8
-12
-9
-8
-8
-5
-5
-5
-3
0
1
1
3
0
6
5
2
4
3
5
0
-1
0
-2
-2
-6
-4
-6
-11
-11
-11
-15
-18
-15
-22
-16
-12
-14
-16
-13
-18
-21
-15
-22
-20
-17
-16
-15
-15
-19
-21
-22
-21
-22
-20
-18
-19
-16
-11
-13
-12
-9
-15
-15
-14
-13
-9
-13
-10
-14
-11
-10
-1
0
-2
-1
0
4
3
7
9
13
2
2
7
9
7
4
9
6
8
7
6
3
0
-3
-2
-2
-6
-3
-7
-10
-9
-12
-11
-14
-15
-15
-17
-16
-14
-18
-11
-14
-19
-16
-17
-19
-18
-16
-19
-17
-17
-16
-19
-15
-14
-17
-15
-16
-14
-17
-18
-15
-15
-16
-17
-19
-17
-17
-16
-18
-18
-18
-16
-13
-14
-17
-17
-14
-11
-5
-10
-9
-8
-7
-7
-7
-8
-11
-14
-12
-13
-14
-12
-17
-15
-17
-19
-19
-21
-20
-25
-27
-30
-32
-34
-34
-31
-36
-30
-33
-35
-33
-35
-29
-30
-31
-31
-30
-28
-28
-31
-30
-30
-31
-30
-30
-34
-34
-34
-30
-31
-32
-30
-28
-26
-30
-27
-24
-22
-21
-23
-21
-22
-24
-20
-16
-17
-19
-16
-16
-16
-13
-8
-7
-9
-9
-7
-8
-10
-7
-8
-3
-6
-9
-9
-13
-15
-13
-16
-18
-20
-25
-23
-25
-26
-24
-26
-23
-26
-24
-22
-26
-23
-28
-26
-21
-20
-21
-19
-15
-16
-13
-12
-15
-15
-10
-16
-16
-14
-15
-16
-16
-15
-11
-14
-12
-14
-14
-14
-15
-15
-12
-10
-18
-16
-12
-14
-18
-18
-21
-25
-19
-19
-19
-19
-21
-16
-17
-21
-20
-23
-23
-23
-22
-26
-23
-25
-27
-29
-29
-28
-30
-29
-36
-32
-35
-38
-38
-32
-40
-45
