-17
-19
-15
-11
-13
-11
-10
-6
-7
-4
-8
-5
0
1
-1
-2
-4
-4
-2
-8
-3
-4
-9
-13
-13
-10
-18
-12
-17
-17
-12
-11
-6
-6
0
-3
-1
-1
0
4
-2
-1
4
0
-2
5
1
-3
1
-3
-7
-7
-12
-9
-8
-8
-8
-4
0
-3
-4
-4
-5
-5
-6
-5
-9
-9
-9
-10
-10
-13
-13
-11
-14
-14
-9
-9
-12
-7
-9
-9
-9
-14
-14
-17
-11
-13
-16
-16
-14
-20
-18
-16
-16
-13
-14
-11
-13
-11
-13
-10
-7
-10
-9
-15
-10
-9
-9
-10
-18
-17
-20
-17
-16
-13
-13
-14
-13
-13
-13
-12
-15
-16
-18
-21
-20
-18
-22
-19
-20
-23
-20
-20
-22
-27
-27
-25
-24
-24
-18
-19
-19
-17
-14
-17
-15
-12
-9
-8
-9
-7
-7
-6
-8
-15
-15
-10
-12
-10
-13
-14
-11
-10
-8
-9
-7
-7
-10
-7
-6
-9
-7
-6
-5
-3
-3
-3
-2
-1
-5
-5
-4
-5
-2
-4
-4
-2
-3
-11
-9
-8
-7
-6
-7
-8
-7
-1
-3
-1
2
0
4
3
3
2
6
8
7
7
8
7
9
5
4
7
3
-2
1
3
0
2
-1
1
-4
3
2
1
2
-1
-3
1
2
-2
0
1
-1
-7
-7
-9
-7
-5
-7
-6
-7
-10
-6
-8
-11
-8
-5
-5
-9
-7
-8
-6
-2
-8
-7
-3
2
1
-2
1
2
1
-2
-6
-5
-2
-6
-8
-6
-7
-12
-11
-8
-9
-7
-7
-6
-5
-8
-4
0
-2
-4
-3
-1
-4
-3
0
0
-5
-7
-7
-10
-10
-13
-17
-14
-15
-13
-14
-11
-14
-15
-14
-12
-14
-15
-14
-13
-14
-12
-11
-19
-16
-14
-14
-15
-16
-17
-15
-14
-19
-18
-18
-15
-15
-13
-14
-14
-13
-10
-12
-12
-11
-10
-9
-11
-6
-8
-3
-3
0
-2
-5
-3
-9
-8
-7
-5
-4
-4
-2
-4
-3
-1
-1
0
2
-3
0
2
3
4
5
3
3
10
7
8
6
10
10
6
2
2
2
4
3
5
1
0
5
2
3
5
4
1
1
2
1
-3
3
0
1
4
7
1
-1
2
-2
-3
0
2
1
4
3
2
-2
2
1
1
0
-1
6
3
1
2
3
3
-1
-2
1
0
-1
-3
-1
-1
-3
0
3
-1
0
0
3
-3
-1
-1
-4
-3
-2
0
-6
-4
-6
-5
-5
-3
-3
-3
-2
-1
-2
-3
-4
-6
-4
-3
-1
-2
-6
-7
-6
-6
-4
-7
-10
-8
-7
-9
-11
-9
-7
-12
-7
-5
-7
-6
-9
-9
-11
-13
-18
-16
-15
-16
-14
-17
-10
-13
-15
-10
-13
-12
-11
-11
-13
-10
-10
-8
-5
-5
-4
-3
-2
-2
1
-2
-2
0
-4
-2
-4
-6
-5
-5
-1
-2
-4
-1
-2
-1
0
-5
3
1
0
4
-1
2
5
1
2
-1
-3
-1
-5
-2
-4
0
0
-3
2
1
0
2
1
0
3
2
0
-3
1
2
7
4
6
5
7
8
7
10
13
11
10
14
8
11
7
10
11
5
5
5
10
7
7
12
13
14
13
12
13
11
10
11
10
7
6
10
8
9
9
4
6
6
2
1
7
5
5
3
6
6
2
2
2
5
3
4
1
7
3
2
3
3
7
0
0
-1
3
5
4
0
4
5
3
7
3
2
-2
-1
3
-4
-5
-6
-4
-5
-3
0
0
-1
0
-2
-6
-3
-9
-8
-13
-11
-8
-10
-12
-10
-9
-16
-12
-11
-16
-15
-14
-15
-15
-17
-17
-21
-20
-16
-17
-13
-14
-14
-11
-11
-14
-13
-9
-14
-14
-14
-12
-10
-14
-14
-15
-16
-18
-15
-14
-16
-14
-19
-15
-18
-16
-16
-14
-12
-11
-12
-14
-12
-11
-10
-13
-11
-12
-11
-11
-12
-11
-15
-14
-12
-13
-15
-12
-16
-20
-17
-18
-13
-9
-9
-11
-11
-11
-6
-13
-11
-11
-13
-16
-19
-17
-18
-19
-18
-12
-9
-12
-10
-8
-10
-11
-11
-9
-7
-10
-11
-11
-12
-11
-8
-12
-8
-4
-7
-6
-7
-2
-3
-3
-2
-1
-1
2
1
-7
-9
-8
-10
-10
-11
-15
-15
-17
-17
-13
-14
-18
-10
-17
-14
-12
-13
-7
-8
-6
-7
-5
-5
-2
-1
-4
-8
-7
-9
-8
-6
-4
-4
-4
-2
-3
-3
-6
-2
-4
-4
-4
-6
-7
-10
-11
-13
-12
-13
-16
-17
-18
-15
-14
-21
-15
-15
-14
-17
-17
-16
-20
-20
-24
-23
-18
-20
-18
-14
-19
-19
-22
-24
-20
-21
-22
-20
-19
-19
-19
-18
-17
-21
-20
-22
-19
-18
-20
-19
-16
-20
-20
-18
-18
-17
-15
-20
-20
-21
-22
-20
-20
-16
-20
-18
-23
-23
-23
-25
-21
-19
-19
-17
-17
-13
-17
-20
-15
-16
-16
-9
-14
-13
-16
-14
-10
-10
-9
-13
-9
-10
-7
-8
-11
-11
-15
-11
-13
-12
-11
-15
-12
-14
-8
-11
-9
-5
-5
-2
-5
-4
-4
-6
-3
-3
-5
-3
-9
-8
-8
-11
-7
-8
-10
-8
-8
-9
-6
-6
-4
-6
-5
-6
-11
-14
-11
-6
-4
-7
-5
-5
4
1
2
0
1
1
-4
2
-3
-4
-3
-5
-4
-7
-2
-3
-1
-2
-3
2
3
1
2
0
0
0
1
0
0
3
2
0
0
-7
-6
-9
-13
-14
-15
-13
-11
-5
-14
-11
-10
-15
-14
-14
-13
-11
-14
-16
-16
-16
-12
-14
-7
-11
-14
-14
-13
-15
-12
-10
-9
-7
-11
-7
-10
-8
-11
-14
-9
-14
-10
-10
-8
-9
-10
-11
-10
-10
-10
-9
-7
-6
-10
-13
-15
-15
-19
-21
-22
-24
-25
-21
-21
-18
-21
-20
-18
-16
-8
-6
-1
-3
-13
-22
-20
-13
11
-25
-76
-25
6
-39
-49
-15
-29
-42
-31
-14
-16
-38
-29
12
-26
-58
10
17
-43
-21
19
-20
-26
16
9
-10
31
62
45
41
82
138
33
-116
-12
81
-42
-90
-47
-45
-59
-22
-19
-57
-25
30
-2
-22
13
7
1
5
-9
9
20
-2
152
105
-148
-49
79
15
-34
-34
-30
-19
-34
3
-28
69
249
-2
-168
27
72
2
3
-34
-43
-20
-15
-19
-41
7
51
-2
4
31
-9
-9
2
-10
5
7
8
36
9
3
39
5
16
47
34
32
69
14
-32
18
20
-42
-52
-23
-44
-33
-8
-37
-51
-18
1
-31
-45
-6
0
-31
-54
-37
5
-18
-25
7
-5
-32
-15
-1
-2
-2
-15
-24
-37
-22
-27
-32
-16
-27
-9
-6
-46
-20
-5
-31
-16
12
-8
-26
-33
-6
-16
-55
13
-20
-40
10
-14
-26
3
18
7
81
74
18
-22
4
34
-17
0
20
-8
-148
-106
-86
-130
-81
-87
-77
-107
-84
-51
-73
-35
-45
-6
36
14
-37
25
16
-35
25
30
-11
-11
48
-10
-43
3
-13
-43
-49
-38
-23
32
-22
-61
-7
8
-30
-45
24
43
58
-13
-24
31
9
-20
40
13
-37
85
36
-100
-83
83
122
-41
-38
-41
-18
-11
-58
-40
-18
-82
-30
-8
-57
-40
-43
42
16
-14
44
-18
9
23
-7
30
7
-30
8
-2
-54
-37
-20
5
-19
-21
24
-1
-7
36
18
-49
-6
25
24
42
22
-26
-37
1
-52
-2
62
-17
-6
27
21
-32
-35
17
-27
-28
23
9
-35
-42
-81
0
-19
-57
32
32
-35
-79
32
17
-49
-7
-6
34
-37
-16
15
-20
-66
-49
24
20
-39
-63
23
11
-22
-45
-17
0
-72
-25
3
-6
-57
-57
-14
-29
-68
-58
-6
-27
-15
-20
-27
-22
-30
-5
9
7
4
17
25
9
-20
-31
10
-25
-21
-19
-41
-20
-66
-60
-31
-37
-56
-8
49
13
-29
-7
34
0
-11
17
61
27
-36
17
23
-23
-51
26
56
-22
-62
-3
40
-49
-63
-12
-13
-70
-67
-44
10
-13
-86
-25
37
27
-35
51
80
3
-4
28
54
-32
-48
44
64
-2
-52
-3
32
-31
-67
15
59
-10
-45
26
40
-8
-18
24
19
30
32
25
39
19
19
20
41
27
5
13
32
50
6
8
11
18
24
13
-2
1
21
-13
-5
-3
-11
-7
-8
21
22
34
4
6
27
27
1
-19
2
11
0
-3
53
28
-27
-29
7
33
21
1
7
67
6
-42
20
50
26
-23
24
69
59
-23
-56
4
7
-11
-63
-12
33
6
-72
-39
42
-2
-39
-25
42
42
-6
-69
-16
68
24
-46
-19
32
-7
-29
-27
-21
29
-4
-25
14
8
6
5
-23
-22
-8
-12
-4
-16
1
12
22
-4
-35
-13
-14
-8
0
13
24
-11
-26
-20
-9
2
-6
-5
25
35
28
7
6
18
15
20
9
13
-8
-31
1
24
16
3
10
16
55
62
27
33
22
16
37
37
3
-11
5
35
29
-2
-2
27
20
1
0
-12
16
36
7
6
16
27
21
-16
-11
12
3
-6
-20
-24
5
9
25
39
30
15
24
28
21
39
50
30
13
39
59
17
-24
14
65
78
36
12
35
39
-19
-10
15
35
43
20
29
32
27
29
5
-19
38
97
87
33
2
16
31
35
29
1
-3
43
46
12
-15
-80
-33
43
43
2
-45
-9
24
11
-17
-39
-1
67
18
-7
-11
-6
38
16
-4
-7
45
34
-2
-4
-38
-25
36
52
-38
-64
-5
57
-9
-86
-67
-15
49
22
-104
-73
36
16
3
-82
-120
6
-5
-37
-44
-56
1
-17
-45
-11
-48
1
19
-51
27
4
68
69
-46
-3
36
81
69
81
16
-35
48
52
20
-36
-3
31
-6
-15
-12
-14
-10
-36
-52
-19
83
49
-71
-35
15
43
-6
13
77
33
8
-18
90
53
4
29
2
85
52
66
24
-9
-13
29
52
47
74
-9
41
104
42
37
23
54
100
74
64
53
47
55
65
55
35
36
105
84
50
20
31
107
87
53
7
52
86
89
51
67
77
8
80
54
77
35
20
47
31
30
-25
29
55
26
-21
17
27
-11
29
28
17
7
-21
-20
-27
26
8
-41
-66
-1
18
-32
-49
-59
4
-7
11
-55
-60
-20
-16
-24
-29
-2
-35
-16
-39
-28
1
22
2
-47
-54
9
33
6
-11
-46
-14
-3
19
5
-23
-31
-52
-26
-2
-8
-25
-51
-41
-25
6
-2
-23
-14
-42
-4
2
31
-9
-15
-26
-20
-33
2
10
-7
-39
-54
-31
-17
-12
-57
-16
-62
-53
-69
-19
-6
-12
-31
-28
2
7
37
21
32
12
36
46
80
65
65
52
60
82
97
76
60
66
68
71
73
81
63
73
55
51
43
75
70
47
49
72
67
29
53
63
76
40
32
44
79
80
35
-1
20
80
63
28
2
41
30
39
19
19
5
-16
36
24
-15
-6
-3
-31
-20
28
6
-59
-52
-53
-12
-19
-47
-62
-64
-22
-20
-23
-67
-72
-56
-36
-41
-58
-63
-16
-45
-75
-71
-35
-41
-40
-46
-59
-16
-33
-39
-58
-10
-57
-48
0
-3
-95
-28
-25
-6
-34
-46
-19
-60
-48
-70
14
-35
-52
-111
-83
-69
-18
-62
-125
-143
-126
-106
-113
-130
-176
-118
-44
21
-10
-64
-92
-13
83
126
96
70
92
144
180
179
144
111
121
147
183
171
127
72
61
74
86
66
10
23
40
19
12
3
-16
-24
-50
-11
6
15
-5
-25
-27
-5
10
-2
20
18
19
8
51
82
121
122
87
77
71
98
133
158
128
89
31
49
130
115
24
-85
-19
59
87
3
-74
-79
-51
0
10
-46
-75
-10
-67
-91
-33
-7
-58
-81
-64
-32
-28
-15
-39
-62
-100
-89
-24
-14
-5
-81
-48
-83
-64
-29
-28
-64
-77
-75
-38
-1
-32
-109
-124
-123
-57
-1
-50
-141
-155
-70
-42
-60
-153
-122
-132
-102
-96
-107
-162
-184
-186
-193
-182
-212
-213
-133
39
86
17
-121
-121
3
206
305
233
119
108
240
359
353
232
120
137
274
366
316
152
40
19
86
137
121
34
-42
-24
16
30
-17
-86
-90
-53
-18
7
0
-6
-50
-79
-48
-8
18
23
16
-21
-23
2
20
5
-35
-31
-2
34
37
27
25
35
57
76
87
96
112
126
133
109
69
75
97
113
65
14
15
57
46
-39
-21
-19
-44
-56
-2
25
-58
-85
-77
-37
-27
-44
-50
-8
-48
-80
-53
-22
-73
-90
-57
-77
-47
-30
-38
-96
-98
-105
-87
-71
-52
-58
-91
-112
-145
-91
-54
-71
-142
-165
-127
-67
-52
-117
-189
-179
-115
-103
-113
-167
-201
-220
-211
-225
-234
-254
-279
-213
-71
33
-12
-138
-192
-78
123
280
267
142
96
187
348
425
354
213
182
285
421
439
307
130
57
119
221
231
131
-1
-42
12
71
48
-60
-133
-120
-32
16
-19
-81
-118
-99
-63
-33
-11
-11
-20
-17
10
14
-7
-10
9
40
59
36
11
-2
17
26
31
26
39
102
169
191
145
89
78
127
192
217
154
84
57
70
83
40
-44
-74
-40
40
50
-50
-125
-141
-98
-43
33
-27
-45
-49
-59
-28
-23
-18
-76
-62
-8
6
-26
-38
-70
-116
-132
-51
0
-43
-118
-116
-134
-98
-101
-126
-151
-129
-144
-149
-147
-184
-175
-191
-194
-187
-168
-193
-214
-240
-264
-312
-347
-317
-305
-257
-177
-70
-63
-150
-240
-170
31
235
289
193
88
143
326
475
454
307
235
327
505
581
460
209
81
161
331
394
259
44
-67
-8
97
97
-30
-164
-186
-78
25
-3
-142
-253
-250
-146
-39
-26
-92
-132
-127
-73
-36
-40
-53
-38
3
44
60
33
0
-1
29
56
87
95
118
164
196
201
175
150
171
226
271
255
205
140
112
116
106
71
10
-6
-1
2
-39
-68
-147
-154
-78
-24
-18
-92
-77
-77
-41
-69
-54
-2
-34
-60
-2
0
-39
-65
-124
-74
-15
-56
-137
-110
-73
-75
-167
-213
-158
-138
-134
-158
-189
-243
-219
-216
-222
-241
-226
-241
-257
-265
-306
-349
-389
-401
-381
-276
-143
-49
-104
-252
-308
-133
153
329
287
140
103
237
463
553
463
305
303
502
696
655
394
155
145
337
517
467
212
-15
-37
100
172
71
-110
-209
-150
-24
12
-108
-289
-357
-261
-121
-61
-113
-212
-258
-219
-141
-95
-84
-83
-61
-17
17
24
2
-7
7
59
116
164
174
138
95
102
196
311
348
282
189
170
255
341
315
176
70
90
184
222
111
-65
-158
-94
26
49
-85
-209
-211
-132
-5
22
-131
-236
-157
36
132
11
-182
-196
-24
130
66
-117
-158
-99
34
37
-114
-243
-155
-21
-48
-176
-249
-178
-140
-171
-247
-278
-255
-213
-208
-284
-362
-353
-311
-323
-388
-454
-461
-352
-148
-18
-93
-307
-381
-127
259
423
285
64
69
320
577
629
455
294
364
622
788
647
340
180
286
502
580
429
170
6
29
161
183
47
-120
-175
-120
-64
-87
-196
-307
-324
-241
-149
-125
-192
-272
-303
-270
-177
-91
-57
-98
-150
-121
-38
45
48
-1
-31
34
159
238
180
57
21
132
345
479
406
189
79
189
395
470
341
128
43
163
286
220
-2
-165
-116
68
160
25
-235
-348
-228
-31
46
-70
-233
-263
-147
-26
-6
-120
-187
-129
8
105
-7
-160
-201
-69
33
9
-88
-125
-117
-110
-159
-224
-200
-118
-98
-210
-290
-276
-212
-219
-325
-418
-342
-226
-260
-448
-607
-589
-398
-122
28
-143
-486
-552
-186
300
427
179
-73
19
382
654
618
381
253
418
751
889
657
303
205
427
663
677
456
179
45
111
264
285
129
-58
-140
-108
-41
-35
-138
-287
-342
-234
-78
-60
-224
-400
-424
-265
-74
1
-114
-303
-327
-163
29
61
-52
-149
-103
75
216
168
-4
-74
42
281
462
441
236
56
121
369
563
504
265
70
121
330
391
205
-50
-101
69
237
170
-113
-327
-261
-19
108
9
-214
-328
-236
-53
19
-83
-202
-197
-97
11
-1
-135
-201
-116
7
28
-61
-131
-159
-174
-133
-71
-87
-188
-264
-275
-223
-164
-187
-287
-379
-350
-266
-250
-345
-479
-545
-491
-405
-319
-203
-161
-317
-519
-419
26
384
288
-53
-164
129
528
652
475
281
327
584
779
689
422
295
453
667
670
480
270
154
169
284
379
292
50
-142
-158
-47
54
10
-175
-332
-312
-142
-63
-204
-392
-410
-247
-92
-89
-231
-382
-370
-183
10
19
-121
-236
-212
-67
106
160
54
-61
-35
124
315
403
313
151
120
308
514
511
314
149
181
372
469
305
49
-40
101
245
208
0
-186
-179
-29
63
-3
-139
-209
-174
-89
-34
-80
-169
-199
-156
-76
-40
-99
-195
-224
-136
-31
-18
-111
-242
-274
-160
-49
-76
-212
-297
-243
-128
-140
-271
-363
-328
-223
-221
-333
-422
-438
-443
-463
-482
-384
-188
-112
-371
-671
-496
115
481
200
-269
-278
179
572
579
387
307
410
549
605
585
527
497
540
578
550
494
406
269
189
323
507
386
20
-219
-109
151
227
43
-246
-382
-268
-86
-72
-207
-333
-329
-272
-236
-227
-251
-292
-308
-241
-128
-111
-221
-309
-254
-55
115
87
-96
-222
-103
137
335
358
223
61
76
288
503
522
362
208
198
340
420
321
164
117
195
240
160
-4
-116
-74
56
98
-12
-148
-219
-166
-48
20
-42
-176
-227
-165
-60
-19
-82
-188
-203
-123
-57
-92
-170
-201
-174
-109
-87
-153
-233
-232
-179
-142
-155
-183
-256
-308
-288
-226
-219
-298
-410
-504
-479
-433
-356
-216
-133
-338
-689
-590
68
542
229
-356
-400
132
586
586
392
304
339
403
524
686
697
515
384
459
590
612
483
285
206
384
573
403
4
-140
75
293
250
5
-234
-318
-209
-10
39
-130
-358
-451
-354
-188
-93
-155
-348
-466
-357
-153
-103
-234
-344
-298
-151
-34
-49
-176
-235
-117
103
276
251
84
-43
89
414
607
480
219
116
269
514
562
372
146
103
205
274
244
102
-40
-63
22
55
-15
-134
-194
-138
-37
-11
-137
-271
-244
-112
-20
-68
-195
-283
-221
-82
-36
-123
-228
-266
-228
-125
-69
-142
-267
-296
-223
-157
-159
-230
-303
-294
-247
-249
-297
-351
-395
-433
-435
-405
-345
-243
-225
-460
-671
-389
216
393
-88
-486
-246
301
546
439
308
264
244
314
599
836
695
342
248
500
714
663
473
313
288
419
502
353
134
116
224
235
137
31
-71
-141
-66
89
56
-188
-391
-341
-137
-15
-86
-271
-422
-395
-210
-72
-123
-287
-376
-322
-171
-39
-43
-187
-264
-155
29
184
183
51
-37
98
379
513
376
183
165
334
547
527
314
160
191
319
365
289
123
-17
7
126
152
36
-107
-173
-107
16
31
-111
-239
-200
-94
-39
-70
-184
-257
-194
-80
-58
-141
-239
-265
-204
-96
-61
-174
-281
-270
-174
-128
-166
-250
-288
-249
-201
-214
-285
-336
-357
-363
-364
-414
-452
-287
-84
-248
-690
-657
12
484
116
-487
-433
142
475
378
307
336
215
94
401
898
875
339
60
359
730
762
557
353
251
306
455
483
330
189
157
155
163
188
109
-70
-114
44
116
-99
-307
-243
-73
-66
-156
-236
-320
-355
-237
-82
-112
-278
-403
-366
-205
-16
-12
-229
-370
-233
-6
136
193
70
-88
-57
244
507
481
272
137
229
487
628
468
273
237
313
382
383
291
127
56
123
186
130
30
-78
-98
-1
45
-57
-189
-183
-91
-49
-72
-164
-242
-192
-82
-71
-135
-201
-236
-202
-102
-42
-140
-263
-246
-155
-108
-146
-201
-236
-226
-203
-211
-253
-270
-288
-334
-367
-398
-424
-313
-119
-173
-562
-734
-216
399
274
-377
-556
-40
440
418
273
273
184
51
295
841
922
350
-45
256
734
793
543
346
254
250
408
552
458
212
77
136
235
256
169
-5
-93
19
117
-25
-222
-186
-53
-88
-206
-225
-233
-289
-254
-135
-155
-320
-408
-327
-187
-98
-133
-298
-393
-251
-38
19
24
-14
-102
-85
121
377
400
247
114
176
390
575
514
317
230
239
330
429
419
245
60
49
167
225
168
37
-85
-64
25
35
-41
-99
-119
-124
-105
-103
-136
-163
-135
-134
-165
-170
-181
-173
-137
-102
-142
-217
-203
-136
-110
-137
-172
-203
-192
-146
-156
-195
-233
-233
-266
-307
-335
-369
-378
-230
-76
-249
-652
-632
54
523
82
-626
-490
249
579
348
186
202
73
68
565
1046
708
-32
-96
537
939
709
345
222
215
300
530
636
370
34
33
256
365
288
120
-51
-40
115
133
-60
-149
-37
-30
-173
-210
-143
-176
-242
-195
-147
-267
-380
-315
-188
-142
-199
-301
-383
-286
-94
-23
-84
-142
-149
-64
127
257
220
106
119
227
361
446
398
266
231
312
390
409
337
212
125
158
234
213
126
45
0
-7
36
35
-32
-86
-108
-107
-95
-97
-142
-176
-151
-144
-188
-201
-180
-181
-199
-190
-180
-196
-199
-177
-178
-195
-197
-213
-205
-173
-186
-237
-270
-249
-228
-263
-344
-410
-415
-341
-161
-137
-411
-709
-404
275
370
-281
-668
-152
453
451
165
152
175
76
272
787
878
269
-135
259
835
805
411
242
278
295
409
607
515
146
-2
216
398
320
164
55
10
75
144
50
-83
-50
7
-93
-193
-142
-96
-168
-206
-172
-215
-313
-286
-174
-159
-234
-294
-309
-274
-159
-86
-146
-167
-111
-56
9
112
178
148
116
179
292
356
382
313
261
310
374
400
367
298
198
185
250
279
206
94
43
25
64
95
33
-63
-106
-91
-59
-43
-92
-169
-193
-147
-130
-163
-181
-194
-217
-202
-161
-169
-202
-223
-196
-178
-171
-175
-214
-225
-208
-195
-219
-245
-262
-286
-294
-325
-363
-420
-343
-132
-167
-514
-702
-170
396
137
-545
-535
161
468
221
67
215
160
44
398
866
646
-23
-72
555
863
527
230
291
321
263
422
606
371
0
46
343
386
194
85
68
49
63
79
16
-34
-15
-52
-166
-184
-92
-88
-189
-226
-206
-253
-284
-199
-157
-242
-321
-281
-226
-210
-162
-169
-239
-252
-48
112
37
-79
-61
181
327
325
207
168
274
393
461
416
324
228
285
402
418
274
141
137
202
244
172
84
18
26
48
32
8
-47
-81
-85
-68
-80
-112
-138
-150
-147
-151
-167
-186
-151
-124
-161
-210
-204
-150
-114
-129
-166
-203
-211
-161
-142
-162
-218
-263
-278
-261
-269
-317
-382
-341
-134
-160
-466
-613
-131
365
88
-507
-433
219
447
185
86
245
173
67
421
845
578
-32
10
602
807
447
236
344
326
230
404
594
343
-10
78
374
351
155
101
103
46
16
88
86
-4
-57
-100
-156
-134
-56
-61
-188
-264
-241
-239
-218
-155
-189
-314
-351
-252
-183
-207
-194
-214
-277
-228
27
91
-84
-148
-9
249
275
203
146
166
294
375
385
325
240
215
304
383
320
162
138
191
207
177
107
70
32
43
62
27
-12
-61
-77
-59
-71
-108
-121
-115
-117
-151
-171
-160
-150
-127
-131
-173
-187
-179
-143
-107
-131
-177
-217
-200
-136
-146
-192
-227
-262
-276
-263
-270
-305
-352
-348
-194
-170
-361
-530
-217
255
118
-361
-379
144
397
207
121
255
210
115
387
759
604
86
59
540
763
488
275
361
364
260
399
581
395
64
103
369
364
182
149
166
78
18
90
130
25
-51
-64
-106
-113
-68
-51
-140
-245
-240
-204
-188
-161
-199
-294
-316
-246
-170
-191
-204
-213
-256
-197
9
33
-93
-114
3
222
240
196
136
128
272
380
386
306
204
198
317
376
323
183
115
159
192
214
154
51
-9
13
74
59
-11
-82
-96
-69
-69
-103
-117
-129
-158
-182
-171
-135
-153
-166
-173
-186
-180
-176
-152
-128
-155
-206
-216
-190
-157
-185
-225
-235
-266
-296
-297
-309
-319
-380
-385
-196
-169
-399
-552
-200
270
77
-415
-354
170
382
180
106
251
177
90
421
770
528
5
79
602
727
387
249
379
336
218
398
586
335
16
113
375
312
128
148
172
56
-5
96
144
20
-73
-60
-86
-110
-56
-40
-137
-248
-237
-182
-171
-155
-198
-304
-312
-215
-152
-174
-222
-205
-184
-121
-55
-49
12
57
36
36
127
267
306
218
186
214
303
397
358
258
192
209
293
347
266
119
59
135
223
181
70
-11
-29
11
63
38
-49
-125
-155
-94
-23
-63
-172
-228
-185
-116
-118
-145
-173
-198
-193
-170
-130
-117
-161
-217
-218
-180
-159
-162
-193
-252
-302
-289
-260
-271
-326
-388
-416
-242
-136
-347
-553
-319
179
141
-327
-408
59
352
217
84
189
213
113
342
694
568
78
35
509
726
431
219
329
354
233
330
524
371
50
67
321
342
155
111
154
64
-13
52
119
43
-69
-88
-109
-118
-68
-63
-152
-240
-239
-195
-174
-167
-207
-314
-318
-210
-131
-173
-238
-242
-200
-175
28
68
-106
-118
-3
272
323
162
75
171
330
440
383
256
223
228
358
419
312
154
125
203
260
239
119
48
36
68
105
78
-6
-52
-60
-57
-32
-60
-84
-115
-162
-148
-126
-100
-110
-162
-166
-160
-142
-99
-93
-118
-166
-175
-141
-103
-123
-182
-217
-218
-189
-208
-253
-311
-338
-313
-321
-186
-144
-380
-532
-241
214
148
-292
-390
31
352
290
138
153
170
151
372
653
544
135
81
459
661
479
288
298
317
286
377
485
341
118
124
274
315
207
148
124
56
38
59
73
51
-21
-93
-145
-130
-51
-60
-166
-245
-254
-215
-185
-172
-207
-310
-330
-232
-169
-189
-227
-260
-195
-90
-81
-77
-20
15
24
100
162
180
189
221
265
264
273
288
287
295
278
230
220
248
225
170
128
114
113
100
76
43
-2
-20
-8
-12
-27
-72
-118
-114
-80
-82
-142
-169
-161
-137
-128
-143
-160
-169
-170
-158
-128
-126
-157
-194
-196
-164
-150
-168
-204
-250
-241
-242
-267
-300
-330
-350
-295
-147
-226
-462
-435
-33
206
-55
-372
-212
200
339
224
133
157
158
268
534
629
358
100
265
593
622
397
292
324
317
339
446
447
245
117
214
309
279
194
151
107
62
66
86
79
40
-32
-108
-124
-61
-11
-84
-188
-226
-216
-182
-145
-151
-237
-310
-265
-169
-142
-180
-227
-232
-197
-67
41
-41
-88
-56
36
217
284
163
72
149
325
403
327
247
187
215
348
378
254
132
118
164
215
202
112
24
8
50
77
40
-23
-68
-91
-78
-64
-83
-109
-133
-175
-174
-151
-134
-143
-174
-186
-191
-170
-133
-115
-140
-196
-215
-172
-131
-143
-190
-249
-268
-232
-215
-250
-327
-368
-355
-316
-184
-203
-397
-466
-202
101
29
-245
-264
20
233
236
158
139
141
206
393
515
405
192
202
429
541
439
314
284
304
333
377
392
273
174
198
241
233
197
164
109
60
63
67
39
35
9
-66
-138
-110
-35
-69
-163
-210
-223
-203
-161
-147
-206
-289
-262
-176
-151
-173
-204
-214
-190
-122
-34
88
-4
-137
-22
183
352
303
100
50
236
450
480
287
144
169
285
426
379
180
34
89
227
264
188
19
-66
1
107
112
8
-102
-113
-75
-34
-13
-84
-153
-171
-151
-111
-101
-126
-163
-187
-167
-153
-137
-98
-119
-173
-208
-187
-111
-101
-171
-249
-259
-215
-183
-212
-288
-373
-379
-297
-140
-150
-387
-495
-229
113
64
-222
-273
-37
165
240
218
150
73
126
386
548
397
170
174
387
487
424
359
292
222
269
397
414
256
141
196
251
213
176
179
126
38
35
78
55
7
-14
-51
-115
-127
-66
-47
-122
-208
-228
-194
-152
-146
-206
-272
-269
-207
-180
-178
-191
-226
-232
-92
-16
-84
-84
-32
59
140
159
148
130
189
299
297
252
233
234
278
304
265
192
168
198
196
158
121
98
86
76
75
50
6
-18
-19
-15
-31
-75
-98
-74
-73
-107
-132
-135
-112
-113
-126
-128
-142
-144
-136
-110
-92
-134
-161
-145
-122
-114
-140
-176
-191
-185
-181
-180
-216
-266
-323
-314
-260
-144
-128
-337
-472
-255
132
146
-183
-324
-82
195
289
236
131
36
89
366
568
428
148
108
329
494
462
351
248
184
245
391
419
270
130
158
218
218
203
184
110
22
39
81
64
35
13
-57
-130
-120
-50
-42
-121
-197
-229
-220
-170
-128
-180
-292
-298
-216
-168
-177
-188
-217
-235
-182
-23
48
-83
-109
10
139
220
192
108
117
224
340
322
224
196
200
243
305
256
145
97
125
165
154
96
24
-1
31
40
8
-35
-65
-78
-83
-80
-81
-108
-135
-143
-145
-129
-129
-130
-137
-152
-160
-152
-117
-97
-126
-167
-179
-145
-113
-127
-160
-186
-193
-175
-151
-169
-207
-240
-231
-226
-234
-257
-258
-105
-107
-306
-376
-73
210
58
-221
-171
80
213
248
226
142
30
151
447
516
284
105
197
380
413
377
340
230
164
260
392
359
207
143
172
176
203
220
159
61
17
58
77
57
35
-24
-101
-113
-67
-27
-70
-148
-199
-216
-152
-94
-130
-222
-260
-207
-151
-131
-122
-157
-197
-165
-79
-10
15
56
-12
-29
98
235
303
211
111
117
229
373
377
204
86
113
238
317
231
72
-14
55
194
208
82
-66
-92
-13
55
29
-82
-178
-200
-163
-110
-86
-141
-213
-220
-169
-118
-98
-104
-121
-159
-155
-100
-55
-74
-150
-191
-170
-133
-105
-129
-186
-215
-203
-163
-136
-161
-224
-258
-222
-187
-218
-237
-144
-135
-261
-321
-81
151
21
-193
-121
122
213
214
194
130
72
228
431
389
203
141
234
313
336
316
226
146
176
267
277
196
134
124
123
123
134
110
55
11
11
12
4
-7
-32
-72
-93
-89
-84
-80
-96
-123
-149
-150
-112
-75
-110
-156
-154
-87
-45
-40
-40
-38
-28
14
84
107
98
86
91
121
158
164
134
96
97
123
137
120
80
50
34
51
81
65
10
-21
6
29
28
12
-9
-34
-24
11
14
-23
-52
-34
-26
-41
-38
-36
-55
-74
-74
-52
-56
-75
-97
-99
-93
-96
-105
-112
-135
-154
-142
-137
-131
-156
-191
-175
-139
-128
-157
-174
-153
-130
-136
-134
-143
-156
-160
-143
-75
-84
-132
-153
-82
14
40
17
-10
20
93
182
200
170
138
173
244
283
272
224
190
209
255
269
235
182
163
176
184
171
139
109
84
73
76
50
28
13
-7
-25
-36
-33
-52
-77
-83
-83
-93
-86
-77
-81
-99
-112
-98
-81
-67
-63
-57
-72
-56
-11
28
41
28
27
44
83
115
107
67
54
78
102
95
64
39
30
36
53
53
24
-3
-3
20
28
17
-5
-14
-26
-19
-3
-11
-30
-42
-40
-43
-29
-23
-44
-68
-60
-42
-29
-38
-64
-71
-67
-58
-57
-70
-87
-102
-100
-83
-89
-103
-109
-120
-113
-100
-92
-96
-104
-96
-86
-83
-72
-64
-76
-84
-72
-57
-69
-88
-85
-79
-87
-69
-53
-74
-87
-68
-25
-10
-4
10
19
42
88
120
109
114
131
157
172
171
163
146
155
164
158
150
137
129
127
119
106
96
89
77
65
57
41
18
9
11
4
-13
-25
-27
-29
-34
-41
-38
-9
-25
-61
-26
14
27
2
-11
17
40
62
68
49
40
53
78
100
79
45
40
58
80
71
43
28
26
40
33
23
18
2
-2
-2
0
-2
-16
-32
-34
-33
-27
-30
-37
-42
-46
-42
-28
-31
-54
-62
-49
-39
-51
-50
-46
-66
-64
-47
-50
-69
-77
-53
-57
-63
-60
-60
-63
-55
-33
-46
-63
-45
-21
-30
-31
-13
-14
-38
-13
25
-3
-37
-18
24
-6
-34
-3
7
-33
-39
-8
-2
-33
-40
-12
-3
-2
7
10
1
36
82
84
54
53
99
126
118
99
99
96
102
121
117
83
58
82
98
78
54
55
55
44
35
37
26
23
23
17
3
9
17
16
20
20
22
18
36
53
55
43
42
60
67
69
73
59
47
60
74
53
37
51
57
33
30
49
31
18
32
41
22
7
18
18
3
11
8
-3
-3
-4
-6
-15
-27
-24
-10
-22
-48
-36
-21
-43
-39
-24
-40
-54
-29
-22
-53
-47
-23
-32
-47
-28
-20
-33
-32
-18
-12
-25
-16
5
-9
-25
7
33
5
-12
2
20
20
15
16
1
-2
8
16
4
-11
-11
-13
-2
2
-14
-24
-15
-12
-20
-8
-13
-32
-24
2
-12
-23
-6
-3
-11
-4
7
0
3
19
14
-9
-2
18
23
7
1
0
6
19
23
15
9
9
22
33
34
21
12
21
35
45
41
36
27
37
52
58
51
43
50
59
68
66
62
64
61
63
67
70
71
60
54
63
64
58
53
53
52
42
35
43
42
29
20
22
21
17
17
11
1
-6
-6
0
-5
-17
-27
-30
-18
-2
-17
-28
-42
-36
-32
-40
-40
-53
-52
-47
-43
-46
-44
-35
-30
-22
-10
-3
-3
2
25
28
25
23
13
16
25
29
17
5
6
7
11
13
13
2
-8
-7
2
13
7
-9
-11
1
11
11
6
1
-2
2
12
17
9
-4
-3
6
10
10
3
-6
-10
2
4
-3
-5
-6
-14
-17
-8
-11
-16
-18
-23
-27
-25
-19
-19
-24
-32
-31
-17
-11
-13
-20
-16
-2
3
7
3
4
6
9
20
27
21
16
25
24
30
34
33
30
28
37
41
30
26
26
30
40
36
31
26
28
33
33
21
9
12
16
17
9
-1
-8
-5
-4
-1
-14
-26
-23
-18
-14
-20
-35
-39
-31
-22
-24
-30
-30
-29
-21
-18
-14
-18
-21
-15
-8
3
8
6
13
18
17
17
18
16
21
16
10
13
11
5
-1
0
-3
-2
-1
-2
-4
-17
-17
-11
-7
-10
-19
-19
-10
-7
-12
-21
-11
-3
-9
-15
-16
-16
-9
-5
-6
-13
-18
-11
-3
2
-3
-15
-14
-8
-8
-6
-12
-13
-17
-15
-8
-9
-13
-19
-18
-14
-12
-16
-14
-13
-16
-13
-10
-6
0
-3
-3
4
0
3
7
7
0
-3
0
3
2
4
0
-6
-7
-12
-8
-4
0
-9
-18
-15
-14
-4
-5
-10
-18
-17
-10
-5
-5
-14
-23
-20
-14
-8
-9
-21
-31
-28
-13
-18
-27
-30
-32
-33
-31
-24
-23
-32
-35
-28
-21
-21
-20
-19
-17
-15
-9
-3
1
-5
-8
-4
-2
-3
-11
-6
-11
-12
-10
-13
-11
-17
-23
-25
-23
-17
-22
-31
-35
-41
-35
-32
-31
-44
-46
-35
-32
-29
-29
-30
-35
-31
-24
-21
-19
-22
-28
-23
-16
-14
-14
-16
-21
-23
-18
-18
-15
-12
-23
-25
-17
-20
-19
-19
-27
-34
-27
-16
-16
-27
-29
-21
-19
-10
-12
-13
-19
-17
-10
-4
-10
-22
-19
-7
-5
-10
-16
-14
-11
-11
-8
-13
-14
-17
-12
-6
-5
-11
-16
-18
-12
-3
-3
-15
-22
-19
-13
-9
-16
-15
-15
-17
-13
-11
-12
-10
-16
-14
-10
-12
-15
-23
-20
-22
-24
-16
-16
-22
-21
-14
-11
-11
-7
-3
-3
-4
2
5
6
1
-1
7
1
1
6
9
3
0
4
-1
-3
0
-3
-8
-10
-13
-11
-14
-12
-18
-19
-20
-20
-25
-27
-23
-26
-26
-27
-27
-26
-27
-30
-24
-28
-29
-27
-27
-27
-25
-25
-23
-23
-27
-29
-27
-29
-28
-30
-30
-35
-30
-27
-25
-24
-28
-26
-26
-30
-24
-17
-17
-24
-28
-22
-17
-16
-16
-15
-15
-15
-12
-9
-9
-14
-15
-11
-6
-6
-8
-4
-8
-17
-14
-9
-8
-6
-11
-14
-17
-15
-10
-14
-20
-27
-19
-20
-22
-18
-23
-28
-30
-23
-17
-18
-28
-28
-19
-16
-16
-26
-24
-23
-24
-26
-21
-22
-25
-24
-20
-15
-16
-15
-7
-5
-8
-13
-4
9
7
5
-3
0
5
7
7
6
2
1
2
6
-1
-7
-3
-8
-9
-6
-8
-14
-15
-11
-8
-15
-18
-20
-18
-22
-20
-24
-27
-20
-23
-23
-22
-29
-30
-28
-33
-30
-29
-29
-26
-28
-29
-29
-32
-28
-28
-25
-20
-20
-26
-27
-23
-24
-27
-31
-32
-27
-25
-22
-23
-26
-28
-27
-23
-23
-25
-27
-30
-30
-29
-21
-19
-29
-27
-24
-22
-19
-19
-22
-23
-16
-19
-15
-13
-17
-17
-21
-22
-20
-18
-21
-28
-30
-31
-30
-31
-39
-43
-41
-41
-37
-31
-32
-40
-38
-35
-30
-30
-38
-35
-35
-36
-35
-32
-35
-37
-38
-26
-20
-28
-27
-22
-18
-19
-16
-9
-2
-5
-2
4
4
1
3
3
7
6
5
-2
-6
-2
-1
-5
-14
-20
-13
-11
-14
-16
-19
-16
-13
-14
-18
-23
-21
-18
-18
-17
-17
-22
-20
-22
-22
-19
-21
-16
-20
-14
-15
-21
-19
-23
-22
-22
-23
-20
-20
-20
-17
-22
-20
-14
-15
-12
-9
-10
-8
-9
-7
-6
-7
-6
-3
-5
-8
-6
-10
-11
-16
-11
-9
-13
-12
-18
-15
-17
-17
-18
-17
-21
-21
-18
-18
-16
-18
-16
-22
-20
-19
-18
-19
-25
-23
-22
-20
-23
-26
-21
-27
-29
-21
-14
-14
-19
-22
-21
-22
-22
-25
-27
-33
-32
-29
-22
-23
-27
-27
-27
-24
-24
-22
-20
-21
-13
-13
-8
-8
-9
-10
-9
-9
-7
-1
-6
-6
-10
-10
-9
-10
-16
-20
-17
-16
-17
-19
-17
-21
-28
-25
-23
-28
-29
-33
-34
-34
-34
-37
-37
-33
-34
-36
-32
-28
-32
-31
-32
-26
-27
-25
-20
-16
-17
-19
-20
-19
-11
-15
-19
-19
-15
-17
-19
-13
-13
-17
-14
-13
-7
-8
-11
-9
-12
-11
-8
-2
-9
-10
-4
-6
-6
-7
-4
0
1
0
3
-1
0
3
-1
-2
7
2
-3
-8
-7
-5
-11
-8
-10
-11
-14
-15
-14
-8
-12
-14
-11
-13
-13
-12
-10
-8
-13
-13
-13
-16
-18
-18
-19
-24
-27
-28
-22
-12
-12
-17
-12
-8
-7
-5
-6
-7
-11
-10
-3
-5
-8
-9
-12
-8
-6
-3
-1
-9
-14
-10
-12
-13
-17
-15
-17
-25
-23
-20
-19
-20
-23
-28
-24
-25
-27
-34
-34
-33
-32
-26
-29
-29
-30
-27
-25
-22
-24
-29
-24
-24
-22
-23
-23
-17
-19
-19
-14
-15
-20
-18
-14
-10
-14
-17
-17
-12
-18
-16
-14
-19
-18
-17
-13
-18
-17
-18
-20
-18
-18
-17
-15
-19
-20
-16
-19
-18
-18
-19
-11
-15
-14
-18
-18
-18
-17
-15
-19
-18
-12
-17
-18
-17
-15
-16
-18
-17
-17
-19
-20
-19
-20
-16
-18
-20
-18
-13
-19
-22
-17
-16
-14
-13
-9
-9
-14
-11
-8
-9
-14
-12
-7
-11
-10
-7
-5
-10
-10
-3
-4
-5
-9
-8
-4
-5
-4
-5
-2
-1
1
1
-1
-4
-1
2
-1
-5
-6
-11
-8
-16
-17
-19
-23
-22
-22
-20
-28
-23
-27
-27
-28
-28
-28
-28
-30
-28
-27
-23
-24
-29
-25
-26
-30
-30
-27
-29
-29
-28
-23
-25
-23
-17
-16
-17
-21
-16
-15
-14
-16
-15
-21
-18
-15
-16
-14
-17
-20
-22
-21
-21
-24
-26
-23
-19
-17
-18
-15
-13
-11
-14
-16
-11
-15
-10
-11
-12
-16
-15
-14
-17
-17
-25
-27
-27
-24
-26
-22
-27
-26
-20
-22
-27
-30
-26
-21
-22
-27
-23
-19
-23
-24
-29
-31
-32
-33
-27
-19
-22
-26
-24
-23
-19
-18
-15
-11
-5
-6
-7
-5
-3
-3
-2
-1
-3
-3
-3
-2
-6
-7
-6
-8
-6
-3
-4
-9
-11
-11
-10
-11
-15
-16
-13
-18
-17
-13
-14
-15
-16
-19
-20
-22
-28
-24
-24
-25
-24
-24
-23
-23
-19
-21
-21
-19
-21
-17
-17
-14
-16
-17
-12
-9
-7
-10
-8
-11
-13
-5
-6
-3
-5
-5
-3
3
-3
-5
-2
-2
3
-3
-1
-4
-6
-3
3
0
-2
0
-3
-2
-2
-2
-9
-14
-15
-13
-15
-15
-18
-17
-17
-21
-23
-24
-28
-25
-21
-27
-23
-26
-25
-24
-24
-26
-20
-17
-24
-21
-20
-23
-22
-17
-17
-23
-23
-19
-19
-20
-24
-19
-19
-15
-17
-16
-15
-15
-17
-13
-14
-10
-7
-8
-7
-5
-5
-4
-3
-5
-4
0
3
1
-5
-5
2
-5
-4
-3
-7
-3
-8
-9
-13
-17
-16
-20
-21
-28
-29
-25
-31
-31
-30
-32
-30
-29
-29
-31
-28
-29
-27
-23
-26
-25
-22
-18
-17
-21
-22
-21
-20
-21
-19
-17
-19
-21
-18
-19
-14
-14
-14
-11
-13
-12
-11
-10
-14
-9
-9
-8
-6
-8
-7
-8
-6
-4
-2
-4
0
-2
3
7
5
3
6
9
6
4
1
3
0
-1
-8
-4
-2
-6
-4
-4
-6
-15
-10
-15
-16
-18
-18
-17
-16
-13
-16
-14
-14
-14
-19
-16
-16
-19
-18
-20
-19
-18
-15
-12
-8
-10
-8
-7
-7
-4
-7
-1
-5
-8
-8
-4
-4
2
4
3
12
10
9
10
12
14
11
6
4
3
2
5
2
-1
-2
-6
-5
-9
-10
-5
-11
-9
-11
-12
-9
-12
-19
-18
-21
-26
-26
-25
-22
-24
-29
-25
-28
-29
-27
-31
-27
-28
-26
-25
-21
-24
-23
-19
-16
-17
-24
-22
-18
-18
-15
-16
-20
-18
-20
-21
-20
-16
-20
-19
-19
-21
-16
-17
-8
-10
-14
-8
-9
-7
-7
-8
-5
-10
-6
-6
-8
-11
-11
-15
-17
-12
-19
-24
-27
-24
-25
-25
-23
-24
-19
-17
-19
-21
-18
-23
-21
-25
-21
-19
-22
-22
-28
-23
-21
-17
-16
-14
-11
-12
-11
-11
-10
-8
-2
-2
-3
-6
-2
0
-1
8
2
4
7
8
11
13
12
15
16
14
16
15
14
12
10
7
10
12
8
10
8
8
5
5
3
2
6
4
-3
-7
-5
-9
-12
-11
-14
-17
-18
-16
-15
-20
-19
-22
-19
-18
-14
-15
-17
-19
-17
-17
-20
-18
-22
-19
-16
-15
-18
-16
-18
-13
-14
-15
-12
-13
-10
-15
-14
-13
-12
-10
-10
-11
-7
-10
-9
-11
-13
-11
-14
-15
-13
-13
-17
-15
-17
-17
-14
-14
-18
-20
-23
-24
-18
-24
-22
-26
-27
-20
-21
-23
-21
-21
-18
-18
-21
-21
-18
-19
-18
-11
-15
-17
-18
-14
-16
-17
-15
-20
-18
-18
-14
-19
-17
-20
-21
-16
-13
-12
-12
-13
-12
-10
-10
-8
-5
-11
-13
-9
-11
-15
-16
-12
-15
-12
-9
-11
-3
-3
-4
-4
0
-1
2
-3
-4
-3
-5
-5
-7
-5
-6
-2
-1
-5
-6
-3
-6
-5
-8
-9
-7
-8
-10
-9
-7
-7
-7
-8
-7
-9
-4
-2
-3
-2
-2
-4
-5
-1
-3
-1
-5
-11
-10
-7
-5
-12
-12
-15
-11
-14
-16
-15
-13
-10
-13
-6
-4
-5
1
4
3
1
0
1
0
0
-1
-3
-2
-5
-11
-9
-11
-12
-14
-13
-13
-13
-23
-23
-21
-23
-17
-19
-19
-24
-19
-20
-20
-18
-24
-19
-23
-24
-24
-30
-27
-24
-28
-24
-20
-25
-22
-15
-18
-16
-17
-15
-10
-15
-12
-14
-9
-9
-7
-7
-10
-8
-10
-12
-9
-10
-12
-15
-11
-11
-15
-15
-13
-11
-11
-11
-17
-13
-15
-14
-15
-16
-15
-17
-19
-21
-22
-16
-18
-21
-22
-26
-24
-25
-27
-25
-27
-25
-23
-22
-18
-23
-20
-24
-22
-18
-19
-19
-19
-17
-21
-21
-18
-21
-20
-16
-16
-18
-15
-14
-14
-13
-14
-10
-9
-7
-5
-7
-8
-7
-8
-7
-3
-5
-2
-4
0
0
-4
-1
-1
-6
-3
-7
-6
-6
-7
-7
-11
-11
-10
-11
-11
-12
-8
-11
-11
-10
-9
