-1
-2
-3
3
1
3
4
-1
0
-6
-1
-2
-3
-6
-7
-5
-6
-4
-6
-8
-7
-7
-9
-7
-6
-2
-3
-1
-2
-4
-2
1
0
0
1
4
7
9
6
6
10
8
8
8
8
6
4
7
5
3
3
4
5
2
6
6
4
9
8
7
8
12
10
12
17
17
20
18
14
20
15
15
15
7
12
9
12
11
8
8
6
8
5
1
0
-4
-3
-2
-8
-9
-10
-3
-2
-2
2
5
2
0
5
11
11
5
10
13
12
16
17
16
24
26
21
24
23
23
21
18
17
15
17
17
18
18
16
18
26
21
18
25
23
27
28
28
30
29
24
25
22
22
17
16
17
18
19
16
15
13
14
9
10
12
9
8
1
4
-1
-2
-2
-4
2
-3
-1
-2
-2
-3
1
-2
1
3
1
6
6
7
5
11
11
8
5
5
7
2
5
6
8
6
6
4
3
5
1
1
-2
2
0
0
3
-2
3
2
3
1
5
6
9
7
6
10
6
10
8
8
9
10
14
7
8
10
12
6
6
5
8
7
8
9
6
4
7
10
6
8
14
15
13
18
19
20
18
15
9
11
14
18
19
13
12
11
10
14
12
6
6
4
5
4
2
3
2
4
4
3
5
4
4
1
5
11
12
11
8
11
17
16
21
17
19
23
20
22
19
20
22
21
21
17
15
17
15
14
13
14
19
17
14
15
18
23
23
26
26
22
24
26
28
27
25
24
20
20
19
14
12
8
9
7
8
13
8
6
7
6
6
3
0
-1
0
1
1
6
3
11
14
10
13
12
12
7
7
9
10
10
11
12
7
7
7
4
-1
2
0
2
0
-1
1
1
3
2
3
3
6
2
2
6
9
7
6
7
6
10
9
11
14
14
15
19
14
18
19
17
16
18
21
17
20
18
16
19
8
10
8
9
14
15
12
14
14
14
16
10
15
13
17
21
16
19
20
16
19
20
20
23
24
24
21
24
24
25
22
20
25
23
25
20
19
18
13
16
13
14
9
6
9
11
11
13
13
16
21
17
17
20
22
25
27
28
31
28
33
36
36
39
38
39
33
31
32
28
28
21
24
22
19
19
23
25
26
27
27
30
31
29
29
36
36
35
37
38
35
31
33
34
31
30
30
24
24
19
20
19
12
14
9
8
8
12
8
3
4
4
6
6
8
11
8
9
13
13
12
16
19
14
17
16
14
14
11
9
6
4
7
4
7
6
3
2
7
6
5
4
0
5
4
7
9
5
8
7
8
9
9
10
7
9
11
7
5
9
10
13
7
9
10
11
13
9
14
14
16
16
11
15
14
14
13
7
9
11
9
12
11
3
6
9
11
10
10
16
11
13
12
18
21
16
20
22
15
17
17
17
21
22
24
24
28
27
27
31
32
28
27
29
25
25
26
20
22
19
16
16
13
10
15
23
21
23
24
21
23
27
27
25
27
26
27
30
28
29
29
25
24
22
22
25
23
23
25
24
27
35
31
27
34
33
33
37
36
31
34
39
36
33
31
36
32
28
28
27
24
23
24
21
24
25
19
23
20
22
24
24
24
19
22
21
23
23
24
25
25
28
26
31
27
31
29
25
29
26
23
25
26
26
25
26
24
25
24
19
16
13
13
14
14
16
17
19
19
16
18
17
19
16
17
20
21
17
16
19
18
14
15
16
15
16
12
11
14
17
17
19
20
18
21
20
21
24
27
25
26
28
28
28
31
33
36
33
35
34
33
34
33
30
31
27
25
27
32
33
27
22
21
28
28
28
27
29
26
21
24
24
25
25
27
25
26
32
29
33
30
32
33
31
36
31
29
29
27
25
28
27
28
32
26
30
33
29
30
33
31
31
33
36
36
37
37
40
39
36
36
33
38
40
37
33
32
29
31
31
30
30
27
29
27
22
26
23
19
19
17
20
19
23
20
18
20
16
14
11
9
12
13
12
18
16
22
23
16
19
21
20
15
16
13
10
8
12
6
10
14
5
9
10
12
19
22
20
18
20
14
15
10
13
13
10
11
7
1
2
-2
-4
-5
-6
-2
0
-1
-3
-2
1
3
3
2
5
7
3
6
-3
-3
-2
0
0
1
8
6
9
10
14
16
15
15
17
19
16
17
15
20
17
15
20
18
19
16
14
12
13
17
14
12
14
16
21
24
22
16
19
21
20
23
20
22
18
19
22
15
15
15
14
13
15
17
13
18
16
13
12
16
16
19
14
17
17
15
23
21
18
15
18
16
14
15
17
15
13
8
12
15
16
20
18
19
21
24
24
21
23
20
20
18
17
15
17
17
17
18
20
21
21
22
23
28
26
22
26
24
23
24
28
26
26
29
31
30
28
30
28
29
28
22
23
24
26
24
24
26
24
28
22
23
23
20
18
15
10
12
9
13
16
15
21
19
20
18
20
17
16
10
8
8
6
16
9
9
9
3
3
1
-2
-4
-6
-9
-4
-5
-6
-1
-4
-6
-2
1
4
-1
1
1
-1
5
4
3
4
7
12
11
12
12
14
10
13
9
8
6
2
4
-1
2
-2
3
7
7
7
1
6
5
5
2
1
7
3
12
13
9
12
12
12
13
11
13
15
14
15
16
14
10
6
5
5
3
4
5
4
2
6
9
12
8
12
12
12
13
12
15
19
20
23
25
20
26
23
21
21
18
21
17
16
18
19
14
15
21
18
18
21
19
18
21
17
18
22
17
17
18
15
16
16
12
16
16
18
16
16
15
16
15
14
14
14
15
14
12
14
16
17
10
9
9
9
8
8
8
6
11
9
7
7
7
10
12
12
10
11
16
16
11
11
9
13
12
11
15
15
12
11
9
8
5
8
-2
0
4
3
4
3
2
1
-1
-4
-2
-7
-6
-8
-5
-3
-6
1
0
-2
-1
0
4
5
5
7
6
10
11
5
4
1
7
5
5
6
11
11
12
7
11
17
15
14
9
10
13
13
16
17
17
17
13
16
13
13
12
14
12
14
17
19
14
12
16
13
15
13
14
17
10
12
10
10
12
7
11
15
14
17
20
16
16
20
20
18
19
23
19
26
30
29
31
34
36
31
28
29
25
27
27
23
23
22
22
26
29
31
29
28
27
23
25
22
27
28
30
31
26
27
21
24
21
18
14
10
13
14
10
10
10
10
11
11
11
9
10
9
9
7
7
6
6
6
7
9
11
16
19
18
13
19
18
17
16
15
12
13
15
12
14
13
13
16
15
14
10
8
5
6
5
5
5
1
2
3
6
3
4
6
5
3
5
-1
-2
3
-4
-2
-5
-9
-12
-12
-6
-5
-3
1
1
8
8
7
15
15
14
15
13
14
11
9
7
4
9
7
4
2
1
0
1
2
3
3
3
5
10
9
6
6
9
9
5
5
7
6
6
4
8
10
13
11
6
7
8
10
10
11
8
9
10
6
5
5
9
6
9
8
12
8
7
10
8
6
10
12
7
12
14
17
14
18
16
11
11
12
10
5
10
5
4
6
6
8
3
8
9
9
9
12
11
13
12
13
10
8
11
6
6
7
7
9
5
6
6
2
3
-2
0
1
1
4
7
5
3
3
3
3
-1
5
2
-1
-1
3
-1
3
1
1
8
9
12
10
15
13
10
12
10
11
16
13
9
8
6
5
4
1
2
1
2
0
0
1
2
1
3
4
0
4
2
4
5
2
2
-1
-1
-6
-7
-9
-14
-9
-11
-13
-13
-21
-21
-16
-17
-16
-18
-13
-11
-14
-11
-11
-14
-13
-14
-15
-18
-21
-20
-18
-17
-14
-14
-13
-12
-17
-12
-12
-12
-12
-12
-7
-11
-11
-7
-9
-11
-12
-13
-12
-13
-17
-14
-14
-15
-12
-11
-9
-7
-6
-9
-9
-7
-7
-4
-5
-3
-4
-2
1
2
-1
0
0
-4
-1
-4
-4
-4
-3
2
-2
-2
6
6
8
9
10
9
9
11
5
3
2
2
1
1
0
4
4
0
3
2
9
12
11
16
13
17
15
15
14
13
13
9
10
5
5
5
-2
4
2
-2
-1
-4
2
3
0
0
3
5
8
5
6
8
7
8
9
7
6
7
4
2
0
3
1
0
1
4
3
4
1
5
0
-3
0
-2
-2
-2
-1
-6
-3
-6
-4
-7
-9
-11
-12
-10
-10
-13
-13
-9
-11
-9
-9
-8
-6
-10
-13
-8
-6
-9
-12
-10
-14
-11
-9
-14
-12
-12
-12
-10
-10
-13
-14
-11
-14
-9
-5
-3
2
-6
-7
1
-1
-6
-5
-4
-7
-8
-7
-4
-2
-4
-2
0
1
-1
4
1
-2
-3
-3
-2
-7
-6
-4
-6
-11
-10
-7
-7
-8
-4
-3
-5
0
0
4
4
5
5
1
6
8
1
8
6
7
9
5
10
10
6
7
8
15
13
11
14
12
15
13
11
11
7
9
12
8
11
10
8
2
0
0
4
6
4
5
8
12
12
15
17
15
13
11
9
5
10
11
10
4
5
4
-2
1
1
5
-2
1
0
3
2
1
5
3
10
9
9
13
10
10
14
5
7
11
8
8
6
9
10
9
6
9
10
9
13
12
14
17
15
9
10
7
7
9
4
4
6
0
0
4
1
-1
1
2
0
-7
-1
2
-2
0
6
8
-5
1
3
-3
-5
-7
-3
-2
-6
-8
-1
-7
-8
-7
-10
-12
-12
-4
0
-4
-2
2
1
-1
1
2
-2
2
2
1
1
0
-2
-1
0
-2
3
3
0
3
7
4
0
2
10
4
-4
-2
-2
-5
-8
-3
-2
-4
-10
-8
-5
-7
-5
-5
-2
0
-5
-7
1
-1
-3
-7
-6
-1
-7
-5
-4
1
0
1
1
0
-4
-4
9
1
3
9
10
9
12
16
13
18
24
20
12
16
13
9
8
3
15
13
8
10
17
11
3
18
25
13
12
22
27
19
11
28
26
11
9
24
16
-2
5
20
10
-3
9
13
-1
-5
7
7
6
4
8
4
-3
8
14
11
9
11
10
10
10
12
17
18
16
9
17
12
5
7
11
11
7
11
9
7
-2
-6
-2
-3
1
7
2
-1
7
12
2
0
18
16
4
7
14
8
2
9
10
7
5
7
4
14
16
5
3
16
15
-2
-2
9
7
-5
6
18
2
-1
6
6
-2
-3
4
10
-9
-7
7
-10
-15
-7
-3
-7
-12
-3
2
-6
-2
-3
0
-1
-8
-8
-4
-5
3
-1
-9
-8
-1
-6
-25
-1
8
-18
-14
11
-5
-18
-4
8
8
1
11
25
12
-5
16
28
7
0
21
24
6
4
17
18
10
14
17
14
9
12
13
6
10
21
15
13
23
23
12
10
22
26
18
20
35
20
2
14
23
9
5
18
17
7
4
14
15
13
12
22
11
6
11
9
0
8
18
7
0
5
18
2
-10
8
19
0
4
25
10
3
10
17
13
2
13
18
15
1
9
26
15
-2
12
40
5
-16
24
31
-9
-4
31
21
-6
0
32
15
-14
15
26
4
-3
5
23
6
-7
9
14
-2
-2
17
10
-12
12
21
-10
-16
19
15
-27
-11
29
0
-32
1
22
-16
-34
5
12
-27
-27
8
8
-25
-9
20
12
-9
6
21
7
-6
8
11
3
-6
1
9
-4
-11
-2
-2
-13
-5
8
-3
-12
-4
9
-9
-15
12
7
-22
-5
19
-10
-7
11
8
-1
5
18
3
-7
18
27
-1
0
41
22
-12
20
31
8
11
9
21
21
-5
12
31
3
-1
23
34
0
-3
33
31
-9
13
44
18
9
18
20
14
3
7
32
16
0
17
26
6
3
24
24
5
4
32
11
-19
14
32
-3
-18
29
22
-31
-7
21
-10
-28
19
10
-23
6
34
-2
-11
19
19
-1
2
7
12
11
-8
0
15
0
-17
14
18
-15
-2
16
4
-15
9
11
-10
-14
16
19
-13
-3
30
25
-19
-4
49
11
-27
16
49
0
-29
37
32
-28
-13
53
11
-33
21
52
-6
-30
42
44
-34
-10
43
11
-29
5
33
-17
-19
21
7
-24
-19
30
-14
-40
12
20
-20
-17
22
4
-1
-7
8
18
-4
-18
15
17
-35
-15
38
-16
-38
23
19
-30
3
30
-3
-15
31
24
-13
-4
43
17
-14
12
31
6
-9
26
23
-14
-2
51
6
-30
45
42
-18
3
42
30
-13
-2
48
33
-20
7
47
11
-29
22
47
-4
-19
25
41
-11
-3
43
32
-14
16
50
11
-2
25
30
10
-7
8
29
12
-1
8
38
13
-25
24
33
-17
-7
39
17
-24
10
38
-5
-4
36
27
1
-6
29
30
-21
-8
49
10
-36
9
51
-7
-37
40
50
-37
-3
71
13
-43
29
52
-18
-21
48
33
-25
9
42
10
-17
30
36
-7
-11
33
39
-17
11
55
13
-18
34
43
-12
-14
37
26
-24
8
35
-4
-21
9
9
-10
-8
1
10
-7
-18
9
16
-26
-15
21
-15
-30
12
8
-29
6
15
-21
6
13
-2
-8
11
10
-7
10
7
-4
10
16
-4
3
11
-7
10
-6
-15
27
-10
-22
19
16
-29
7
40
-8
-9
36
16
-9
-5
26
12
-28
5
33
-19
-14
27
-1
-18
9
12
6
-3
12
7
-1
9
6
9
2
7
17
1
2
17
13
-1
11
24
7
-3
21
28
-9
13
37
11
3
21
25
12
8
9
21
20
2
16
24
22
5
10
36
25
-2
29
43
1
3
40
22
-6
19
36
12
-15
44
43
-23
11
63
13
-13
34
52
5
-13
39
40
-13
-3
48
16
-12
23
34
-4
-3
44
7
-23
30
40
-19
1
43
13
-10
11
30
12
-14
12
26
-2
-9
34
11
-34
26
48
-42
-9
44
-10
-35
15
29
-32
-15
19
-8
-27
16
5
-27
1
18
-29
-12
35
-9
-36
40
34
-38
10
54
3
-36
40
54
-31
3
66
25
-24
13
39
-8
-18
24
14
-20
5
28
-3
-3
20
14
6
-3
1
5
3
4
-12
3
23
-8
-12
27
13
-24
1
33
-18
-35
35
14
-43
-1
26
10
-32
-13
40
1
-32
12
17
-5
-6
17
25
-10
6
44
3
-16
44
34
-26
28
38
-5
12
48
-2
16
63
-1
-16
81
16
-19
24
76
-20
-16
73
18
-24
18
69
-6
-38
40
77
-51
-2
75
12
-46
37
73
-32
-35
95
36
-75
48
74
-10
-47
81
65
-53
-7
113
4
-63
46
78
-27
-78
100
35
-90
39
73
-16
-29
32
75
-27
-37
100
38
-60
15
112
-21
-55
87
62
-74
19
85
-12
-34
45
59
-12
-16
51
55
-23
-11
46
54
-33
-12
73
19
-52
20
68
-37
-9
47
0
-11
21
18
0
11
27
6
-5
12
43
-8
-21
44
24
-35
-14
71
-24
-24
30
42
-30
-19
71
-5
-69
43
65
-66
-18
59
15
-64
5
59
-35
-54
63
22
-63
-3
67
-7
-86
58
58
-45
-54
100
3
-73
30
58
-40
-43
61
28
-48
-2
79
-27
-31
49
32
-64
-6
68
-47
-54
61
31
-87
28
57
-26
-51
42
73
-60
-21
95
15
-97
44
88
-65
-33
110
0
-81
58
80
-80
-55
135
12
-127
70
123
-118
-28
132
2
-107
59
106
-95
-44
118
0
-130
63
101
-89
-53
138
-15
-110
118
50
-97
39
76
-33
-39
51
63
-72
-15
89
-17
-89
78
38
-82
8
103
-51
-65
116
0
-96
66
96
-89
-33
135
2
-114
58
100
-97
-27
97
18
-107
50
89
-87
-30
119
-28
-82
80
37
-70
-23
106
-19
-90
44
77
-82
-26
79
7
-60
40
21
-12
-41
39
26
-66
35
43
-58
-14
82
-46
-49
44
44
-52
-39
69
10
-50
-11
40
8
-26
-16
6
17
-14
-12
-29
43
8
-62
14
52
-41
-28
33
5
-26
16
-13
-3
18
0
-40
-1
40
-30
-54
27
46
-75
-26
45
19
-71
23
28
1
-37
0
19
-10
-1
-28
29
-5
-6
-4
3
12
13
11
-43
30
72
-36
-50
51
98
-92
-44
147
2
-123
103
73
-94
5
98
-46
-37
80
23
-95
48
96
-85
-28
148
-46
-60
93
61
-85
47
47
-25
22
0
12
13
3
-29
45
-18
-1
2
22
-6
-19
46
-2
-10
11
45
-5
-23
70
-14
-35
64
42
-81
40
69
-84
10
86
-56
-32
90
-4
-79
88
41
-96
31
67
-18
-80
81
27
-114
46
54
-95
21
42
-53
11
34
5
-49
24
37
-37
-45
44
-13
-70
30
3
-77
22
4
-75
39
-40
-62
44
5
-138
46
98
-183
17
115
-111
-56
109
-47
-106
68
21
-126
35
40
-76
-46
57
-38
-88
80
-47
-67
64
-35
-74
75
-20
-96
73
12
-122
3
85
-109
-58
101
-73
-62
70
-42
-73
-3
39
-67
-54
77
-50
-75
62
-40
-46
11
14
-79
56
-33
-68
60
10
-93
10
80
-60
-57
65
11
-79
13
24
-12
1
-19
11
31
-24
-20
53
-25
-31
33
30
-83
3
102
-72
-66
114
41
-163
100
63
-60
-30
52
62
-70
-18
58
3
-73
55
36
-63
12
78
-76
17
34
-43
8
22
-6
-17
12
-45
60
-25
-70
73
29
-86
28
79
-89
7
91
-83
-14
91
-35
-86
61
46
-123
40
64
-64
-28
54
-21
-67
54
-9
-47
19
-6
-13
-22
-3
34
-35
-51
28
40
-94
-1
45
-10
-46
-33
107
-48
-108
73
95
-146
-15
139
-74
-92
78
16
-62
-50
63
11
-123
18
55
-36
-76
35
34
-31
-70
57
2
-62
6
27
-28
-16
-19
7
28
-58
-17
20
28
-57
-28
63
18
-98
40
77
-68
-82
88
58
-189
39
140
-123
-106
156
11
-180
5
164
-137
-98
139
-34
-106
42
72
-87
-47
97
-8
-122
34
82
-76
-67
46
62
-97
-63
121
-33
-130
68
67
-110
-47
127
-14
-143
70
117
-138
-35
124
-13
-113
38
98
-81
-104
126
34
-167
27
113
-55
-106
68
65
-55
-77
78
34
-74
-13
67
8
-119
82
38
-105
7
83
-66
-63
69
3
-95
45
66
-138
50
57
-69
-35
88
18
-70
-1
72
-31
-65
73
-10
-34
4
50
-80
2
45
-18
-71
53
51
-112
15
69
-56
-48
77
-41
-36
8
22
-65
-18
13
18
-96
21
26
-19
-78
30
81
-156
8
144
-127
-112
199
-46
-185
111
73
-144
-40
95
-54
-95
57
39
-144
49
35
-68
-44
72
-30
-52
20
1
-18
-47
5
43
-58
-83
77
-5
-101
-14
63
-49
-79
10
72
-97
-77
125
-23
-159
103
44
-170
5
124
-123
-127
145
12
-170
-7
126
-81
-165
111
67
-202
24
143
-100
-130
120
50
-188
4
171
-112
-160
162
25
-225
76
119
-161
-67
146
-72
-113
75
27
-85
10
51
-61
6
46
-49
-21
80
-11
-65
77
15
-60
34
49
-77
52
41
-91
49
48
-39
-50
78
36
-69
9
70
-23
-21
16
30
-31
13
7
-42
41
12
-39
-15
103
-79
-39
78
-7
-85
37
41
-37
-47
52
0
-72
43
13
-71
2
48
-34
-48
38
11
-48
11
30
-41
0
23
9
-66
33
49
-110
47
20
-79
25
51
-84
-15
95
-62
-78
133
-36
-73
69
47
-103
24
98
-101
-69
132
-18
-135
65
57
-112
-17
56
-24
-66
-5
42
-37
-76
-3
55
-65
-71
40
41
-58
-65
44
28
-72
-30
41
32
-92
-5
83
-78
-87
99
-10
-166
79
91
-165
-47
142
-91
-123
108
29
-101
-51
115
-49
-119
77
51
-118
15
21
1
-73
-29
76
-19
-107
64
71
-126
-23
111
-28
-127
88
62
-79
-69
77
31
-78
-93
147
2
-152
49
119
-58
-98
126
46
-78
-17
127
-17
-72
72
76
-109
20
91
-18
-60
25
101
-70
-43
77
43
-79
-14
102
-38
-76
81
-13
-67
47
44
-54
-26
74
-15
-47
26
41
-24
5
16
-23
38
-16
-56
59
11
-85
22
85
-99
-47
116
-13
-98
50
81
-72
-21
55
0
-35
-1
14
-5
-7
15
-22
-17
29
22
-59
-37
98
-60
-57
54
-9
-41
-4
16
-7
2
-20
20
42
-80
15
60
-38
-97
90
42
-151
4
125
-107
-104
160
-14
-144
88
74
-99
-19
73
-15
-73
34
24
-39
-15
5
-9
-4
9
-2
7
21
-34
1
34
-12
-36
60
-7
-33
55
3
-42
11
42
-15
-45
59
14
-46
12
61
-24
-62
84
19
-63
7
52
-47
-33
31
1
-19
-2
43
-17
-25
35
-1
-15
31
-4
1
37
-2
-24
32
37
-24
12
68
-7
-15
52
29
-26
10
71
-13
-26
50
51
-31
-10
61
7
-33
30
47
-47
14
40
-15
-11
34
17
-26
23
24
-13
2
21
7
-34
21
18
-24
22
0
-3
15
-8
6
24
-16
16
40
-11
-20
22
17
-35
-16
14
-23
-83
-11
20
-70
-61
43
5
-85
23
64
-41
-12
79
24
-16
52
51
-19
-4
35
4
-49
-14
-9
-34
-25
-5
-25
7
-35
-14
50
-42
-10
24
15
-58
12
57
-55
-55
64
13
-63
35
54
-60
-1
76
-12
-49
47
63
-72
-18
58
27
-74
-6
62
-28
-41
12
23
-27
-23
9
16
-36
13
13
-13
3
13
-4
9
2
4
12
17
8
-6
8
-4
-21
32
-11
-29
32
-14
-41
14
29
-51
-14
37
0
-44
8
-3
-27
33
13
-25
1
22
-2
-19
9
30
0
-26
12
24
-20
-5
10
17
-1
-17
15
30
-29
-23
54
21
-27
3
53
-26
-18
43
-1
-38
15
22
-38
-14
25
-24
-20
12
2
-6
-3
-14
17
13
-4
33
7
9
8
7
6
1
-15
-1
23
-3
-23
16
24
-38
6
55
5
-6
32
-10
-12
7
7
-13
4
1
-8
13
-10
-10
29
1
-3
23
-4
10
-4
31
6
-3
38
18
11
5
24
9
-17
18
19
-5
-12
21
20
-15
4
26
-4
-34
5
4
-7
6
7
-40
-16
38
-27
-22
22
9
-26
-11
24
-26
-41
16
5
-47
2
6
-34
-25
8
-27
-9
24
-19
-22
-5
9
-5
-8
8
23
11
9
11
8
7
-9
17
36
16
1
32
43
-6
-12
31
8
-20
29
25
-33
-13
33
-10
-43
13
19
-38
-18
16
6
-25
-2
20
10
6
14
33
23
-10
12
38
6
-18
27
19
-28
6
8
-7
-15
-7
15
-24
-25
11
2
-26
31
27
-5
18
34
13
20
34
20
18
19
15
4
-4
-11
3
-4
-17
-5
11
-21
-11
18
-17
-28
14
13
-24
-2
32
-8
-11
29
25
18
18
40
27
0
25
27
5
12
28
15
-5
26
15
-24
-4
10
-11
-14
10
2
-34
-16
0
-27
-37
19
28
-17
0
48
8
-29
27
33
1
4
26
8
-16
-9
1
-18
-23
-13
-4
-21
-44
-23
-18
-42
-38
-1
-12
-25
-15
-1
-16
-7
-8
-4
7
-6
-3
-16
-26
-34
-32
-26
-27
-33
-42
-39
-34
-32
-31
-40
-15
-6
-24
-15
-13
-24
-43
-29
-34
-71
-63
-62
-82
-95
-80
-74
-100
-84
-72
-71
-68
-56
-31
-17
19
63
110
115
126
161
169
164
200
219
189
168
178
148
107
90
71
24
12
12
-8
-27
-43
-50
-57
-56
-22
-3
-14
9
38
60
65
82
113
108
112
139
151
121
107
116
108
81
76
69
35
5
1
-12
-30
-41
-46
-58
-64
-70
-80
-65
-80
-72
-61
-59
-56
-54
-60
-62
-57
-58
-46
-42
-44
-32
-25
-25
-21
-6
-4
-14
6
26
2
-6
-4
-31
-45
-31
-47
-67
-65
-66
-64
-80
-73
-79
-77
-53
-47
-51
-46
-47
-71
-54
-45
-65
-60
-54
-46
-55
-53
-76
-135
-161
-192
-241
-243
-126
40
102
56
29
66
116
165
284
356
304
266
311
306
220
157
133
102
64
83
57
-63
-173
-215
-205
-181
-143
-131
-147
-151
-138
-84
-19
2
28
73
132
170
195
204
168
133
171
209
189
148
98
39
-20
-30
8
-23
-83
-107
-129
-125
-119
-117
-119
-101
-70
-27
20
38
31
27
69
128
142
147
150
115
95
98
97
82
48
34
30
13
-23
-32
-55
-83
-77
-57
-44
-47
-58
-64
-54
-53
-32
-22
-37
-35
-18
-24
-40
-44
-51
-52
-36
-17
-21
-34
-42
-51
-44
-29
-27
-33
-48
-77
-93
-90
-98
-96
-97
-114
-97
-70
-90
-113
-99
-83
-85
-57
-24
-37
-59
-46
-43
-48
-49
-42
-58
-97
-110
-141
-213
-245
-193
-7
160
154
58
64
154
178
245
370
366
250
240
307
270
149
85
56
20
15
8
-43
-164
-270
-287
-215
-138
-113
-118
-125
-130
-84
7
73
97
103
144
199
228
212
170
119
98
116
143
111
32
-48
-114
-132
-114
-76
-90
-163
-190
-165
-130
-110
-108
-90
-57
-13
47
120
121
78
87
145
197
236
239
202
164
136
119
112
97
40
-13
-16
-37
-91
-124
-131
-161
-157
-102
-66
-65
-63
-39
-19
18
47
80
87
93
93
72
47
19
-18
-39
-45
-72
-94
-123
-155
-174
-161
-152
-148
-123
-119
-113
-94
-84
-63
-39
-55
-65
-48
-39
-68
-71
-55
-70
-74
-60
-69
-85
-80
-69
-68
-95
-95
-81
-76
-87
-85
-99
-154
-182
-192
-220
-242
-143
112
281
186
27
61
175
220
285
407
418
268
196
255
229
90
-12
1
35
-7
-72
-129
-232
-360
-354
-201
-76
-58
-96
-107
-91
-40
65
146
168
184
209
230
240
206
124
70
93
128
111
48
-52
-161
-227
-211
-139
-90
-118
-203
-224
-173
-134
-101
-64
-30
26
68
89
127
137
90
85
180
243
216
190
150
89
48
74
110
81
40
10
-1
-18
-42
-58
-66
-60
-26
13
28
11
-19
-18
32
80
99
95
68
47
36
20
1
-19
-55
-76
-81
-88
-132
-183
-206
-199
-183
-146
-120
-130
-151
-157
-130
-80
-33
-26
-22
-22
-18
-19
-43
-56
-59
-55
-37
-28
-55
-105
-137
-131
-98
-88
-94
-92
-115
-140
-133
-120
-125
-117
-108
-144
-172
-186
-228
-253
-152
114
326
242
30
33
213
287
310
409
453
321
171
202
251
140
-67
-126
-17
17
-97
-200
-255
-362
-415
-277
-69
0
-87
-157
-100
18
102
155
214
232
215
226
292
298
160
31
49
112
96
20
-70
-175
-274
-299
-213
-106
-126
-251
-296
-196
-100
-79
-70
-31
12
44
110
202
227
131
57
131
232
226
143
75
3
-61
-82
-29
36
-4
-74
-84
-26
11
3
17
44
67
91
134
174
143
80
47
96
135
92
54
21
-15
-62
-61
-32
-58
-96
-112
-105
-99
-109
-119
-127
-118
-122
-107
-82
-91
-125
-141
-106
-51
-24
-42
-65
-62
-50
-62
-57
-22
-37
-80
-89
-85
-83
-106
-116
-97
-84
-103
-122
-115
-129
-136
-120
-101
-92
-103
-141
-134
-113
-89
-86
-118
-164
-212
-249
-227
39
390
396
74
-53
194
381
330
315
427
428
208
91
217
285
11
-270
-152
80
5
-257
-342
-292
-355
-415
-215
97
101
-157
-209
41
198
122
126
279
322
200
177
293
268
35
-101
37
164
46
-134
-187
-225
-340
-335
-143
-14
-139
-321
-279
-105
-23
-69
-47
82
136
78
104
237
244
68
-9
164
297
205
53
27
5
-101
-146
-45
22
-71
-73
19
71
22
-49
1
103
195
171
173
222
128
41
54
162
119
26
33
-4
-35
-116
-161
-149
-136
-132
-139
-79
-109
-204
-221
-147
-77
-77
-68
-65
-63
-109
-113
-54
-8
-28
-52
18
47
-5
-68
-74
-45
-42
-31
-22
-22
-81
-163
-153
-88
-60
-93
-91
-57
-76
-134
-156
-115
-72
-86
-106
-55
-12
-49
-123
-144
-143
-165
-186
-89
228
470
306
-21
4
297
396
314
332
445
384
143
44
189
253
-26
-268
-121
112
-8
-299
-353
-243
-263
-364
-197
126
142
-166
-259
39
257
160
91
250
342
188
92
227
298
88
-108
-21
137
67
-129
-204
-204
-262
-296
-171
-21
-72
-268
-296
-105
38
-6
-47
64
136
84
82
221
287
128
-13
80
266
234
64
20
30
-61
-157
-96
11
-37
-160
-54
117
142
20
-24
90
163
205
211
276
239
83
29
86
167
80
0
-14
-44
-69
-151
-151
-155
-181
-191
-145
-52
-82
-139
-163
-127
-68
-26
-3
-12
-24
-59
-50
-25
-9
-29
-33
6
1
-13
-37
-37
-58
-73
-35
4
12
-63
-127
-131
-113
-91
-65
-39
-59
-100
-100
-73
-51
-56
-71
-64
-24
16
12
-42
-94
-141
-173
-182
-128
101
348
319
44
-46
183
356
295
231
350
446
291
103
169
311
129
-195
-186
82
130
-118
-276
-219
-209
-369
-371
-80
124
-40
-248
-107
151
168
45
74
241
268
185
212
319
273
56
-50
39
144
112
-15
-112
-144
-150
-176
-164
-130
-161
-237
-216
-96
-39
-71
-93
-66
-25
24
113
194
171
71
38
117
183
184
161
134
70
9
-11
13
-7
-48
12
79
112
79
44
12
-9
37
82
170
169
114
73
46
48
-10
9
20
2
-4
-37
-44
-86
-115
-145
-131
-62
-48
-41
-64
-98
-112
-93
-80
-68
-41
-43
-42
-34
-27
-54
-62
-45
-51
-46
-16
35
15
-40
-58
-49
-20
-41
-45
-27
-17
-27
-52
-53
-51
-70
-91
-85
-58
-40
-62
-76
-70
-48
-28
-58
-94
-111
-130
-161
-195
-113
113
314
256
54
60
229
306
256
273
386
412
280
170
242
296
117
-102
-85
47
58
-74
-177
-189
-222
-306
-303
-143
-32
-86
-154
-84
32
63
41
52
105
166
189
202
248
245
176
77
33
71
121
106
15
-35
-26
-37
-102
-149
-147
-133
-110
-96
-83
-62
-51
-88
-131
-87
22
81
47
24
74
116
95
56
80
124
105
60
47
96
164
151
120
149
193
181
120
121
120
100
63
31
57
85
44
-76
-123
-91
-86
-96
-110
-83
-73
-109
-139
-114
-38
-37
-64
-52
-18
12
-10
-50
-60
-49
-46
-52
-34
2
-7
-67
-98
-85
-53
-48
-61
-48
-33
-35
-57
-72
-71
-66
-72
-85
-66
-48
-60
-80
-83
-80
-78
-74
-68
-53
-52
-67
-66
-63
-64
-68
-93
-126
-148
-124
20
175
193
100
68
161
237
232
227
279
325
282
217
243
319
273
110
9
19
52
30
-22
-59
-95
-149
-204
-190
-138
-117
-133
-155
-125
-55
14
17
-35
-37
22
85
100
117
175
201
122
42
77
180
183
83
58
131
153
53
-29
-12
7
-42
-103
-70
8
-9
-125
-185
-133
-75
-81
-102
-62
-16
-22
-56
-45
12
31
15
16
59
140
219
225
198
184
203
228
242
236
215
194
123
64
63
90
42
-70
-148
-156
-124
-128
-175
-194
-177
-169
-170
-130
-73
-70
-102
-105
-55
-1
6
-20
-37
-32
-33
-28
-5
9
-5
-30
-38
-36
-41
-43
-44
-38
-39
-42
-37
-50
-74
-96
-104
-107
-104
-93
-78
-79
-85
-83
-75
-69
-72
-70
-55
-56
-71
-57
-32
-48
-103
-118
-121
-141
-179
-130
19
115
72
-6
37
143
173
141
170
258
288
238
217
277
312
231
110
71
99
95
47
-5
-29
-61
-110
-143
-136
-122
-124
-139
-144
-122
-74
-40
-54
-71
-42
7
29
34
66
115
122
65
50
96
121
98
71
105
126
92
50
33
46
40
14
-4
6
24
13
-11
-38
-44
-42
-47
-47
-33
-9
-10
-30
-52
-47
-33
-28
-29
-24
39
124
158
144
144
179
188
192
189
196
224
198
147
118
137
98
11
-50
-69
-45
-61
-102
-121
-107
-110
-144
-145
-111
-84
-93
-110
-106
-77
-44
-39
-60
-68
-58
-51
-32
-16
-9
-7
-31
-52
-45
-27
-18
-16
-13
-31
-39
-36
-35
-49
-82
-101
-92
-68
-53
-58
-52
-55
-71
-81
-59
-32
-43
-53
-46
-25
-8
-31
-76
-97
-115
-151
-173
-166
-102
-17
30
20
5
41
88
111
115
139
194
235
244
231
245
270
228
153
112
114
109
76
48
32
18
-17
-62
-82
-74
-66
-64
-70
-75
-53
-27
-21
-34
-28
5
31
31
30
53
70
51
24
25
64
90
84
69
70
61
46
29
42
67
67
41
26
45
60
44
14
3
11
10
-3
6
19
14
-23
-51
-51
-41
-34
-38
-31
17
82
121
123
114
129
151
160
142
159
190
194
161
132
132
106
62
12
-14
-7
-11
-42
-66
-57
-60
-84
-97
-91
-87
-84
-83
-79
-56
-49
-54
-74
-82
-57
-34
-22
-38
-46
-43
-37
-47
-58
-50
-30
-22
-37
-44
-31
-28
-46
-57
-55
-43
-53
-64
-56
-47
-37
-50
-61
-52
-38
-34
-43
-47
-45
-52
-71
-70
-72
-88
-97
-112
-134
-159
-162
-129
-39
45
55
38
35
76
110
124
136
175
230
223
192
195
224
194
118
71
75
91
66
29
18
23
-19
-71
-71
-57
-45
-52
-57
-56
-43
-30
-26
-23
-24
-22
-20
-11
6
26
35
21
8
6
25
36
39
38
45
64
57
56
64
79
77
45
31
47
77
65
35
20
29
22
-13
-18
-3
8
-6
-19
-17
3
19
15
11
28
59
84
92
91
97
96
94
92
103
114
108
83
75
73
70
50
12
0
-1
-2
-17
-23
-24
-29
-49
-64
-59
-47
-41
-51
-65
-63
-50
-43
-44
-49
-54
-52
-48
-45
-36
-31
-26
-38
-46
-35
-28
-23
-33
-47
-41
-37
-36
-33
-26
-28
-34
-49
-56
-38
-27
-31
-35
-39
-41
-40
-46
-51
-49
-48
-48
-56
-60
-65
-91
-128
-156
-165
-170
-134
-46
46
64
10
-4
46
113
123
110
157
220
229
193
195
246
240
156
74
80
120
121
70
30
19
-3
-54
-94
-88
-60
-52
-78
-83
-59
-32
-43
-79
-90
-56
-20
-23
-18
22
51
32
-8
-12
34
64
54
56
82
103
84
56
54
73
76
39
13
30
53
26
-8
-7
3
-21
-62
-79
-69
-68
-87
-91
-85
-30
37
66
70
68
83
106
135
148
154
167
152
123
110
123
115
69
23
0
9
2
-16
-34
-44
-52
-55
-43
-26
-14
-15
-26
-35
-23
-3
2
-7
-29
-26
-20
-14
-28
-45
-46
-47
-53
-57
-42
-28
-30
-44
-47
-37
-30
-31
-52
-57
-49
-37
-27
-27
-26
-26
-34
-41
-38
-31
-26
-33
-48
-60
-65
-62
-65
-74
-82
-102
-134
-162
-173
-184
-198
-164
-44
67
71
21
35
115
168
146
148
226
297
277
225
245
285
241
128
55
72
97
69
26
12
-19
-72
-125
-133
-118
-113
-111
-108
-109
-91
-63
-57
-76
-88
-64
-20
8
31
69
78
61
29
33
66
90
94
96
114
115
93
66
58
65
49
11
-8
17
33
8
-30
-46
-56
-71
-87
-88
-77
-68
-74
-84
-81
-35
45
91
112
121
145
168
187
184
191
216
194
159
141
156
143
78
10
-22
-28
-39
-61
-82
-87
-105
-115
-111
-88
-58
-52
-62
-70
-45
-10
-13
-37
-53
-30
-14
-15
-24
-23
-7
-21
-36
-44
-27
-12
-23
-42
-37
-13
-6
-20
-50
-52
-45
-41
-35
-33
-37
-36
-35
-40
-36
-38
-43
-48
-55
-48
-38
-28
-39
-48
-52
-66
-90
-122
-149
-168
-174
-104
47
155
126
43
55
151
210
201
216
291
334
279
221
246
288
214
73
1
34
74
37
-34
-78
-115
-168
-207
-195
-143
-105
-111
-135
-129
-84
-42
-45
-58
-33
27
64
81
109
148
144
84
44
70
127
147
125
112
110
80
27
-15
-14
3
-22
-75
-82
-41
-30
-87
-139
-131
-103
-100
-97
-60
-21
-23
-56
-53
37
145
186
183
180
211
242
251
234
226
231
206
162
128
120
91
11
-74
-105
-85
-76
-110
-153
-158
-145
-145
-142
-119
-82
-63
-63
-57
-14
31
39
-6
-40
-16
13
17
-10
-28
-28
-36
-50
-65
-59
-54
-62
-85
-87
-46
-18
-32
-72
-101
-77
-47
-51
-53
-46
-38
-57
-72
-59
-15
-8
-35
-53
-51
-31
-18
-26
-45
-57
-74
-94
-109
-123
-133
-133
-42
110
187
137
66
117
214
267
263
290
359
366
276
213
244
263
164
20
-18
31
38
-36
-126
-167
-199
-249
-254
-197
-130
-113
-139
-146
-110
-43
-4
9
15
53
119
155
161
173
176
150
103
94
138
168
146
80
33
23
3
-42
-79
-74
-64
-79
-124
-125
-83
-78
-127
-154
-93
-24
-5
-14
-9
15
14
11
56
169
261
271
221
194
216
237
232
185
173
190
178
120
62
30
-15
-85
-142
-132
-84
-79
-140
-189
-171
-130
-102
-96
-70
-37
-20
-14
-13
15
32
21
-14
-24
8
28
5
-56
-90
-85
-68
-60
-66
-61
-65
-80
-97
-90
-59
-34
-43
-68
-68
-37
-24
-47
-61
-56
-45
-39
-36
-19
-21
-28
-57
-71
-60
-46
-32
-45
-53
-62
-82
-112
-148
-179
-195
-151
12
212
267
138
32
87
236
325
334
370
430
403
273
204
250
274
150
-7
-21
57
60
-64
-196
-252
-275
-287
-245
-163
-95
-113
-176
-196
-133
-32
50
65
61
97
160
198
176
171
187
175
135
136
192
209
123
4
-40
-16
-6
-46
-93
-107
-113
-150
-194
-179
-117
-99
-154
-161
-76
5
-2
-35
-14
32
59
74
102
148
205
228
211
217
244
240
205
181
161
169
161
104
37
3
-3
-45
-92
-114
-109
-113
-149
-163
-130
-87
-78
-84
-75
-41
6
13
4
15
33
35
18
3
-2
8
-17
-61
-72
-48
-32
-53
-93
-110
-87
-59
-63
-71
-55
-33
-43
-61
-49
-19
-3
-23
-41
-32
-8
-9
-34
-42
-45
-58
-77
-76
-60
-57
-71
-104
-106
-95
-74
-60
-100
-136
-147
-136
-150
-155
-47
167
303
201
33
68
259
369
336
316
382
416
302
165
169
221
149
-17
-76
1
38
-78
-249
-319
-284
-234
-190
-150
-107
-109
-138
-140
-83
29
112
131
105
113
193
246
210
144
149
185
191
161
153
140
60
-46
-84
-36
-1
-52
-142
-182
-166
-148
-155
-153
-117
-94
-115
-124
-56
29
32
-23
-7
67
115
121
110
86
75
71
149
272
315
259
131
63
86
167
187
115
39
-32
-23
-27
-46
-64
-101
-115
-133
-69
-3
0
-67
-131
-74
21
124
109
45
-18
-62
-44
-34
-27
-67
-110
-161
-180
-157
-147
-155
-188
-180
-131
-61
-20
-30
-49
-54
-12
56
93
73
14
-30
-38
-19
-17
-54
-106
-137
-128
-102
-91
-107
-136
-154
-146
-112
-74
-48
-50
-56
-57
-32
-11
-25
-42
-75
-91
-79
23
223
326
206
2
-14
173
334
313
219
196
200
119
3
-12
43
12
-113
-175
-91
-19
-117
-264
-279
-149
-16
41
50
44
27
11
45
133
212
220
160
91
79
114
115
35
-52
-55
-8
-6
-57
-117
-144
-166
-166
-109
-15
16
-51
-123
-101
10
93
84
37
36
60
52
26
33
64
28
-47
-44
47
94
3
-112
-130
-44
60
97
72
27
14
33
84
137
156
132
77
57
100
149
127
37
-24
7
72
71
-1
-66
-96
-104
-91
-45
-4
-33
-113
-162
-122
-54
-25
-59
-96
-75
-41
-26
-44
-75
-76
-56
-21
7
15
-14
-50
-69
-51
-9
18
-11
-76
-116
-113
-82
-71
-95
-120
-114
-103
-94
-98
-102
-101
-90
-72
-39
-12
-33
-62
-72
-50
-5
14
1
-26
-37
-36
-53
-73
-77
-73
-91
-118
-35
178
302
158
-73
-74
163
334
267
145
143
168
85
-25
-23
55
27
-97
-126
-28
10
-110
-231
-182
-24
80
90
68
48
35
45
111
190
211
170
108
85
84
81
37
-36
-66
-32
11
-28
-122
-189
-195
-167
-117
-27
34
-9
-108
-137
-43
71
108
62
26
48
69
35
-11
-4
22
3
-27
25
71
7
-99
-114
-2
98
90
41
23
49
60
62
75
99
112
107
82
60
62
46
37
37
58
72
32
-44
-84
-41
11
12
-19
-38
-41
-45
-46
-27
-12
-17
-26
-20
-1
0
-38
-73
-54
-25
-8
-15
-37
-66
-92
-92
-64
-34
-45
-92
-130
-122
-92
-90
-112
-113
-82
-64
-64
-74
-92
-75
-56
-31
2
12
-9
-54
-64
-26
41
58
32
-4
-12
-12
-19
-22
-12
13
4
-36
-72
-89
-124
-165
-154
-11
181
233
53
-127
-77
142
261
203
145
176
197
106
5
15
69
60
2
19
78
36
-120
-200
-96
70
142
122
69
16
4
38
101
141
148
125
104
80
54
23
-20
-49
-28
29
52
-25
-142
-186
-140
-65
-10
25
33
-5
-50
-49
13
81
96
74
73
105
99
29
-30
-4
57
64
55
59
38
-27
-76
-40
38
71
48
18
16
23
27
24
36
60
83
88
60
41
23
27
61
80
81
69
51
10
1
32
50
46
26
18
-3
-22
-27
-18
-10
3
12
-6
-33
-58
-65
-51
-39
-47
-69
-76
-74
-86
-105
-102
-72
-52
-62
-80
-77
-61
-53
-53
-44
-5
11
-14
-46
-46
-20
-6
-15
-19
-12
-9
-28
-49
-53
-25
-2
-10
-10
-7
-11
-46
-58
-31
7
3
-13
-15
-21
-60
-105
-119
-100
-92
-54
50
137
75
-86
-83
124
284
219
100
134
226
198
102
55
82
98
92
84
76
22
-96
-144
-64
74
98
20
-40
-57
-21
41
85
78
53
57
80
84
70
45
16
3
45
97
79
-12
-110
-118
-49
24
25
-1
0
-2
-41
-65
-19
52
67
34
24
48
34
-21
-58
-1
91
102
45
1
2
-9
-30
-17
18
37
29
14
4
-18
-15
19
56
80
79
56
25
10
38
79
111
108
88
71
59
37
18
33
67
69
37
5
-30
-51
-55
-27
-4
-5
-28
-55
-70
-63
-54
-60
-58
-43
-32
-40
-56
-76
-75
-56
-22
-9
-18
-34
-48
-46
-47
-31
-12
-7
-9
-12
-13
-29
-50
-52
-38
-19
-20
-22
-28
-36
-42
-56
-46
-22
-7
-14
-16
-24
-36
-35
-32
-16
0
15
-1
-26
-38
-37
-31
-52
-78
-87
-59
14
95
123
64
5
47
176
238
184
140
174
201
155
80
51
53
59
73
45
-16
-78
-115
-96
-34
17
-2
-37
-37
-6
28
54
79
94
115
139
152
124
80
69
83
95
80
45
-10
-52
-55
-59
-65
-74
-73
-55
-30
-29
-69
-103
-74
-1
35
31
22
7
-14
-16
34
72
60
30
20
30
24
11
14
28
44
48
31
0
-12
1
23
45
62
63
41
19
26
35
48
67
85
87
67
40
2
-18
1
37
45
16
-13
-31
-48
-62
-48
-23
-4
-2
-12
-30
-56
-62
-60
-29
3
2
-22
-52
-54
-54
-53
-33
-13
-13
-26
-34
-27
-36
-49
-44
-21
3
1
-20
-52
-71
-65
-41
-15
-16
-28
-42
-47
-41
-31
-17
4
9
15
18
20
6
-16
-7
26
44
28
13
7
8
-3
-6
-2
-11
-20
-33
-49
-58
-29
39
81
47
0
19
110
144
86
61
116
151
95
37
45
59
43
31
41
28
-7
-32
-13
19
38
32
24
37
60
60
36
26
36
54
60
61
49
33
7
-8
-12
-12
-19
-27
-38
-53
-53
-58
-63
-67
-44
-14
-12
-44
-65
-51
-12
0
1
8
19
8
-23
-17
10
38
47
46
49
48
24
6
10
39
51
38
24
17
21
5
-2
10
31
44
42
37
24
29
39
42
43
46
51
54
45
34
32
34
33
27
22
23
20
14
3
-3
1
3
-14
-37
-43
-33
-30
-47
-62
-57
-46
-43
-52
-63
-59
-43
-35
-34
-32
-26
-31
-48
-48
-28
-15
-12
-27
-36
-35
-30
-26
-19
-12
-4
0
9
6
7
14
28
42
41
51
52
29
2
-3
15
12
-13
-16
-8
-11
-33
-49
-30
-5
2
-16
-29
-35
-48
-59
-58
-46
-23
-4
22
22
9
17
40
66
66
72
97
106
80
39
30
47
52
55
53
35
-2
-9
-4
2
-11
-8
0
-2
8
8
7
11
32
49
58
54
45
41
43
41
49
46
18
0
-9
-8
-13
-22
-30
-34
-28
-16
-18
-32
-46
-46
-25
-17
-11
-11
-21
-25
-29
-14
3
4
3
12
25
18
7
1
6
5
16
33
30
16
13
13
11
15
31
36
25
18
15
19
33
44
41
41
50
56
53
44
43
48
44
33
34
39
27
13
7
6
6
5
0
-4
-2
-2
-8
-19
-26
-23
-23
-26
-28
-42
-50
-49
-52
-47
-44
-45
-47
-45
-42
-42
-42
-34
-27
-23
-27
-31
-20
-25
-30
-21
-13
-9
-15
-15
-6
-7
-12
-15
-9
3
-1
-10
-19
-17
-12
-13
-9
0
4
0
-2
-10
-9
-3
-10
-6
-4
-7
-10
-27
-39
-50
-50
-52
-47
-36
-21
-7
-4
-3
4
23
42
69
98
100
83
65
72
92
95
89
83
66
49
43
47
42
23
13
15
13
-2
0
-1
0
2
3
10
9
19
19
14
10
13
14
9
18
27
29
11
-3
0
16
22
14
6
-1
-5
-9
-7
-14
-23
-28
-22
-32
-47
-39
-27
-22
-20
-17
-13
-6
3
11
25
30
34
33
29
29
42
57
50
35
30
36
37
33
24
26
28
20
11
5
5
14
14
10
13
16
9
2
2
11
15
12
18
20
12
-2
-11
-12
-17
-19
-18
-17
-24
-30
-34
-39
-40
-43
-33
-22
-23
-33
-36
-35
-32
-30
-19
-9
-7
-13
-19
-18
-14
-18
-11
-5
-8
-15
-16
-11
-22
-24
-23
-8
3
9
6
1
-4
-12
-14
-10
1
-2
-10
-16
-11
-11
-7
-4
1
10
19
22
21
16
9
11
9
10
-4
-21
-34
-39
-38
-35
-31
-27
-20
-21
-24
-18
1
25
50
58
44
41
60
74
67
69
74
74
74
75
70
52
38
40
48
47
35
30
22
13
17
22
20
11
19
24
21
12
-5
-1
6
20
19
5
-9
-12
-9
-11
-8
-6
-7
-22
-28
-20
-12
-21
-33
-25
-15
-19
-31
-35
-30
-24
-7
-5
-16
-21
-13
-6
-13
-6
6
5
3
1
9
10
0
-6
10
16
10
7
1
0
3
8
4
3
6
11
15
18
20
19
18
16
25
30
28
19
18
24
24
21
11
14
15
14
-4
-17
-11
-8
-13
-35
-38
-34
-34
-46
-53
-50
-42
-43
-49
-41
-37
-41
-50
-47
-27
-16
-20
-27
-18
-12
-11
-9
-3
2
0
2
3
10
9
10
8
7
11
12
5
-1
-1
-2
-4
-5
-10
-22
-25
-26
-15
-17
-20
-16
-17
-16
-19
-14
-10
-9
-5
-4
-1
-1
-2
-12
-19
-14
-9
-9
-17
-16
-10
7
16
14
9
9
18
25
35
33
19
24
37
39
42
45
44
36
34
36
31
30
26
24
24
28
25
16
7
13
22
21
23
27
26
20
10
9
11
7
6
10
6
-2
-16
-21
-16
-18
-20
-22
-21
-28
-31
-35
-43
-47
-46
-37
-39
-40
-38
-32
-15
-13
-11
-9
-1
8
17
28
34
29
27
27
35
40
37
22
20
23
17
15
10
9
10
15
14
17
8
2
-6
3
13
18
19
12
9
11
14
6
4
4
12
7
-1
-4
-7
-12
-16
-13
-4
-3
-14
-23
-24
-21
-21
-19
-15
-14
-17
-26
-19
-17
-18
-24
-23
-16
-13
-17
-21
-23
-24
-25
-23
-19
-14
-4
-6
-8
-13
-6
-1
1
7
3
11
17
18
15
5
7
12
13
5
4
1
-14
-20
-15
-8
-8
-15
-23
-24
-21
-18
-18
-17
-11
-10
-10
-12
-12
-10
1
0
-6
-11
-10
-9
-12
-11
0
7
11
7
8
19
19
27
37
45
46
42
40
38
47
46
42
49
47
44
32
28
28
30
27
20
17
15
12
7
4
-1
3
0
-11
-10
-8
-8
-12
-16
-18
-19
-15
-22
-23
-13
-17
-11
-8
-14
-19
-23
-24
-24
-24
-39
-42
-48
-53
-47
-43
-40
-44
-44
-38
-31
-20
-17
-15
-10
-2
1
11
13
14
13
13
18
25
21
18
23
23
28
16
11
9
14
13
8
2
1
0
-4
-9
-15
-16
-23
-22
-24
-22
-21
-20
-31
-33
-26
-25
-29
-33
-26
-16
-16
-19
-14
-10
-11
-18
-22
-20
-19
-25
-35
-33
-34
-33
-33
-40
-42
-42
-46
-48
-48
-48
-43
-45
-44
-41
-33
-23
-26
-29
-32
-23
-21
-11
-11
-14
-10
-13
-10
-3
-1
2
1
-1
2
5
3
1
5
3
-4
-10
-12
-10
-12
-12
-8
-11
-11
-17
-14
-7
-10
-7
-16
-5
-2
-8
-10
-8
-10
-14
-18
-17
-20
-30
-37
-38
-41
-40
-28
-29
-17
-10
-9
-2
2
9
8
10
14
13
12
10
-1
-2
-1
-3
-10
-20
-31
-25
-23
-27
-33
-34
-32
-33
-31
-25
-25
-22
-20
-14
-9
-5
-4
-12
-9
-3
3
-3
-9
-11
-12
-11
-14
-20
-15
-18
-22
-29
-28
-27
-27
-21
-18
-16
-22
-25
-23
-17
-13
-13
-22
-23
-23
-24
-23
-17
-20
-25
-32
-30
-25
-24
-28
-23
-15
-10
-10
-11
-15
-13
-7
-8
0
-2
-3
-3
-10
-10
-9
-5
-4
-7
-10
-8
-7
-11
-8
-3
-5
1
3
0
-4
-2
2
1
10
5
5
6
4
-2
-2
-1
0
1
-3
-5
-6
-9
-8
-7
-1
-2
0
-1
-3
-6
-9
-8
-6
-4
-11
-13
-14
-16
-19
-19
-19
-13
-17
-15
-14
-11
-6
-10
-8
-10
-8
-8
-13
-11
-11
-12
-14
-13
-13
-16
-21
-21
-16
-12
-13
-11
-14
-14
-15
-16
-23
-21
-25
-25
-27
-32
-33
-33
-28
-35
-34
-29
-32
-31
-30
-32
-25
-23
-23
-22
-19
-24
-24
-18
-19
-18
-18
-14
-14
-10
-5
0
2
-3
-5
-1
0
2
-2
-4
-1
-2
-8
-10
-11
-13
-10
-11
-13
-9
-8
-10
-6
-2
3
-1
-2
-1
5
7
8
11
9
7
9
10
4
-5
-11
-11
-10
-12
-8
-9
-21
-25
-29
-31
-30
-33
-37
-29
-28
-30
-30
-35
-35
-33
-28
-24
-22
-23
-21
-21
-18
-13
-11
-8
-3
-3
-5
-1
5
7
0
3
9
12
11
9
6
8
10
10
8
7
11
7
14
11
10
13
13
15
13
18
18
19
20
19
21
22
22
19
17
20
15
15
10
13
15
11
8
2
1
-1
-2
-2
-4
-6
-14
-13
-18
-21
-28
-28
-26
-29
-26
-27
-27
-26
-21
-16
-15
-13
-8
-9
-7
-3
3
7
13
10
10
9
5
6
9
10
11
7
2
-2
0
-1
-5
-3
3
2
1
2
-7
-2
-4
-3
1
5
3
0
-1
-4
0
-2
-3
-8
-12
-18
-19
-11
-11
-11
-5
-1
0
-1
-2
-4
-7
-1
4
3
1
-2
-2
-9
-7
-3
-3
-4
-6
-2
-2
-7
-12
-8
0
-6
-5
-4
-3
3
-3
1
1
4
8
2
3
4
-1
-2
-5
-5
-2
-6
-9
-19
-12
-9
-14
-15
-14
-11
-12
-18
-19
-18
-17
-12
-8
-9
-13
-14
-15
-15
-12
-9
-7
-2
-9
-6
-3
-7
-4
9
14
12
12
12
9
6
4
8
14
10
9
6
4
5
10
6
1
-2
4
6
3
-1
-1
1
-5
-5
-3
-8
-7
-6
-10
-6
-4
-9
-2
-2
2
0
1
-2
-5
-2
-6
-3
-2
0
-2
-4
-10
-6
-6
-13
-13
-14
-14
-18
-22
-25
-25
-23
-27
-26
-25
-23
-24
-28
-24
-16
-16
-16
-14
-16
-14
-12
-11
-13
-10
-11
-15
-14
-16
-16
-18
-17
-23
-20
-19
-26
-19
-14
-17
-19
-17
-15
-15
-17
-20
-26
-24
-24
-23
-19
-17
-19
-21
-23
-25
-20
-13
-8
-11
-12
-14
-15
-18
-22
-16
-19
-12
-17
-19
-13
-15
-13
-12
-8
-9
-9
-10
-11
-11
-14
-13
-10
-7
-6
-9
-5
-4
-7
-7
-6
-2
0
0
1
-2
-4
-5
-6
-4
3
4
7
3
-3
2
5
3
-1
4
9
11
8
1
4
11
13
15
14
10
12
4
3
3
1
2
-1
2
1
2
4
4
1
4
8
8
9
10
7
6
4
7
10
14
14
14
14
13
18
18
14
15
14
10
11
7
5
3
-1
2
0
-8
-9
-14
-9
-6
-9
-7
-7
-7
-7
-8
-6
-3
-2
2
0
-5
-2
-3
-1
0
-3
-8
-13
-8
-14
-13
-16
-19
-21
-25
-22
-20
-22
-26
-29
-34
-37
-38
-35
-34
-34
-32
-34
-35
-37
-32
-37
-34
-38
-39
-33
-30
-34
-31
-27
-33
-26
-30
-27
-31
-29
-31
-34
-31
-29
-33
-34
-36
-30
-29
-33
-28
-27
-31
-33
-29
-32
-25
-17
-19
-18
-20
-16
-16
-16
-13
-10
-10
-14
-9
-8
-11
-13
-10
-10
-13
-10
-10
-8
-11
-12
-13
-11
-7
-9
-9
-8
-9
-12
-10
-9
-9
-7
-4
-5
-9
-12
-16
-10
-10
-11
-12
-14
-15
-18
-22
-23
-14
-13
-15
-18
-16
-11
-9
-8
-6
1
1
-2
2
3
3
4
3
3
10
8
3
2
0
-1
0
1
-1
1
2
-6
-3
-1
2
4
5
6
7
8
7
7
8
5
5
6
2
-1
-5
-7
-6
-4
-6
-12
-15
-17
-18
-15
-13
-15
-14
-19
-23
-19
-15
-27
-29
-24
-23
-25
-28
-27
-26
-25
-28
-26
-31
-29
-36
-33
-36
-37
-28
-34
-31
-31
-29
-31
-32
-30
-32
-30
-28
-30
-31
-29
-29
-28
-30
-31
-30
-30
-30
-32
-35
-36
-38
-35
-33
-35
-38
-37
-34
-31
-31
-29
-25
-21
-24
-23
-17
-20
-17
-17
-18
-14
-16
-16
-13
-18
-14
-16
-15
-10
-15
-12
-8
-12
-11
-12
-15
-13
-16
-15
-12
-12
-19
-18
-13
-16
-15
-17
-18
-14
-11
-17
-18
-18
-21
-17
-15
-15
-15
-14
-12
-17
-18
-17
-17
-12
-14
-10
-8
-10
-14
-18
-13
-14
-15
-20
-18
-15
-17
-19
-17
-14
-13
-14
-14
-14
-12
-5
-6
-6
-1
-1
-1
0
-2
-8
-3
-4
-3
-3
-5
-1
-5
0
-4
-2
-2
-1
0
-7
-9
-8
-6
-10
-17
-13
-15
-16
-16
-17
-19
-13
-14
-9
-13
-15
-19
-22
-23
-24
-17
-15
-16
-13
-16
-16
-18
-24
-21
-25
-22
-21
-27
-32
-33
-32
-36
-34
-38
-38
-36
-37
-38
-36
-34
-40
-43
-40
-39
-36
-36
-42
-44
-45
-43
-42
-39
-43
-39
-39
-42
-41
-42
-42
-43
-42
-38
-39
-38
-39
-37
-37
-37
-34
-35
-35
-29
-28
-24
-27
-28
-22
-21
-19
-19
-18
-21
-25
-21
-21
-22
-18
-20
-21
-23
-18
-14
-15
-15
-18
-19
-19
-19
-21
-18
-17
-18
-17
-13
-14
-12
-10
-7
-6
-12
-15
-16
-11
-15
-19
-17
-20
-20
-21
-18
-17
-13
-15
-15
-9
-11
-7
-6
-2
1
1
-1
8
9
7
4
1
8
9
7
6
4
4
11
2
1
-1
-7
-5
-3
-1
0
3
1
4
2
5
5
9
9
4
7
7
4
9
8
4
7
6
4
4
4
2
2
3
3
3
-1
0
-4
-5
-4
-2
-7
-2
0
-3
-3
3
1
4
6
1
4
4
4
-1
-1
-1
-1
1
1
1
-1
-8
-7
-5
-8
-8
-11
-11
-11
-14
-17
-19
-17
-18
-16
-17
-23
-27
-25
-29
-29
-26
-26
-25
-27
-27
-27
-23
-22
-20
-21
-18
-12
-16
-15
-21
-21
-18
-24
-19
-19
-21
-22
-22
-20
-18
-15
-11
-11
-16
-11
-7
-7
-9
-4
-1
-5
-4
-10
-6
-4
-1
-5
-10
-14
-9
-10
-11
-2
-10
-10
-16
-18
-12
-14
-9
-12
-16
-16
-11
-11
-10
-8
-7
-7
-12
-8
-9
-5
-2
-1
-3
-4
-2
-4
-5
-3
-2
0
3
3
6
7
5
8
8
5
8
7
7
7
6
3
4
6
8
4
4
5
1
6
1
1
5
3
2
2
0
2
0
4
0
2
3
0
-1
0
-3
-5
-7
-7
-5
-10
-5
-7
-6
-3
-1
-5
-5
-9
-1
-3
-5
0
-2
2
-1
-2
1
0
7
4
5
5
-1
-1
-3
-2
1
0
-1
-1
-1
1
3
2
4
3
3
2
2
4
0
-6
-8
-4
-8
-7
-4
-8
-10
-10
-14
-14
-16
-17
-18
-14
-12
-17
-19
-19
-16
-14
-15
-14
-15
-19
-18
-15
-9
-12
-6
-6
-7
-7
-6
-1
-3
0
-1
-2
-3
-2
-4
-4
-2
0
-6
-2
-7
-10
-11
-12
-6
-6
-1
1
-1
1
3
5
1
0
3
3
7
8
8
7
8
10
8
12
10
9
6
4
10
9
12
8
9
9
10
12
7
10
11
18
20
23
19
18
22
21
23
20
17
19
23
20
14
16
15
15
15
10
7
5
5
4
7
7
7
11
7
8
6
6
4
3
3
2
2
1
1
2
3
1
6
3
1
3
5
5
0
1
3
6
12
15
13
14
12
13
13
16
13
6
3
8
3
-1
-1
-4
-4
-1
-1
-2
0
-1
3
0
1
2
4
2
-2
-2
0
3
1
-2
-3
0
-1
-2
-5
-7
-8
-9
-9
-13
-7
-8
-9
-9
-11
-9
-12
-7
-5
-9
-11
-7
-7
-12
-13
-11
-16
-17
-18
-21
-22
-20
-17
-9
-11
-10
-12
-15
-12
-12
-10
-14
-9
-11
-11
-12
-14
-10
-15
-15
-14
-19
-17
-17
-19
-16
-18
-14
-11
-14
-12
-5
-3
-1
0
2
4
7
7
9
9
12
15
10
11
11
10
12
12
12
12
9
9
8
3
9
11
14
13
15
19
13
14
12
12
9
8
4
9
11
4
4
9
9
7
2
3
4
3
2
4
0
-1
2
1
6
6
6
7
9
6
6
10
11
13
11
12
10
13
18
19
16
17
17
16
16
13
20
17
16
16
15
15
17
15
17
17
16
16
14
17
13
15
14
12
15
12
14
15
15
11
12
11
14
9
7
7
4
0
0
1
0
2
-1
-3
0
3
2
1
3
2
1
0
2
5
2
-1
-7
-7
-9
-5
-4
-8
-11
-11
-8
-6
-6
-11
-9
-8
-14
-14
-17
-17
-13
-13
-8
-7
-9
-6
-8
-10
-8
-6
-8
-6
-6
-5
-4
-5
-3
0
-2
1
2
2
0
1
0
1
4
5
6
5
9
7
13
15
14
12
13
14
12
9
7
11
15
19
16
21
19
20
18
16
18
20
22
20
20
20
20
19
17
22
17
21
20
17
18
18
16
