9
8
7
9
9
11
11
4
5
6
8
3
3
8
6
7
6
12
14
12
13
9
10
9
5
10
7
5
7
7
8
7
4
2
3
5
4
4
2
5
7
9
5
6
7
5
6
8
7
7
7
1
-1
1
-2
-2
-2
-4
-7
-8
-8
-6
-9
-6
-4
-5
-3
-4
2
2
0
-1
2
-1
-2
-1
-4
-3
-3
-1
1
0
-4
-4
-4
-2
-5
-5
-3
-2
-2
-2
2
0
2
-1
0
0
-5
-4
-5
-5
-5
-7
-3
-2
-5
-5
-5
-6
-5
-8
-8
-4
-6
-6
-5
0
-4
-6
-5
-6
-5
-4
-2
-6
-10
-11
-5
-4
-6
-7
-3
-3
-11
-11
-5
-7
-7
-6
-6
-5
-7
-5
-4
-7
-8
-8
-8
-8
-9
-6
-8
-10
-11
-14
-14
-10
-7
-9
-8
-7
-6
0
-3
-2
-3
-7
-6
-4
-4
-5
-2
-1
-3
-5
-4
-6
-5
-3
-5
0
-5
-4
-3
-4
0
-1
0
0
0
0
-1
-1
-2
-2
1
-1
-1
5
5
1
-1
1
2
4
2
-1
2
-5
-2
2
0
0
3
1
3
2
2
6
2
2
5
5
6
6
8
7
6
3
2
3
-3
-4
3
-2
3
1
1
5
5
-1
-2
-1
6
3
4
4
2
7
6
7
4
5
6
8
3
2
-1
1
-1
-2
-3
-9
-4
-3
-3
-8
-6
-4
-1
-2
-2
-1
-4
1
-2
-1
-5
-6
-2
-6
-5
-2
1
4
3
-2
0
0
0
2
2
-2
-2
0
-1
4
-1
4
5
5
3
-1
1
-3
-1
-2
-4
-1
0
2
-1
0
-1
2
0
-3
0
1
-4
-2
-2
1
-2
-4
-6
-5
-7
-4
-9
-9
-1
-5
-4
-9
-3
-7
-6
-7
-4
-2
-2
1
-7
-7
-8
-11
-5
-9
-10
-11
-14
-8
-7
-10
-8
-6
-7
-2
0
2
-2
-3
-2
2
-1
2
3
3
2
4
7
2
2
1
6
12
10
8
11
8
11
10
11
10
10
7
7
9
12
12
12
11
15
16
14
13
7
14
12
7
12
7
2
3
5
3
2
4
2
0
1
0
4
5
3
1
3
5
7
9
1
6
10
3
8
6
3
4
4
2
0
4
3
0
0
4
4
10
8
3
6
1
4
6
7
8
10
2
6
6
2
5
6
6
3
0
1
4
6
3
1
0
3
3
2
3
2
-3
-2
4
-3
-1
-6
-6
1
3
4
4
3
4
2
-3
0
3
4
0
-2
0
-1
2
0
1
4
5
4
3
2
0
2
3
1
-1
5
3
2
-1
3
5
5
2
-1
1
4
4
-2
4
6
2
5
7
2
2
6
2
-1
1
4
3
4
8
6
5
8
6
8
9
7
7
7
5
10
12
10
7
6
7
16
10
14
16
13
13
12
15
16
14
18
20
18
19
15
18
16
13
14
12
10
12
12
10
15
18
14
18
12
12
16
16
11
13
12
9
13
16
15
12
14
11
13
17
14
14
13
12
10
12
14
12
5
7
4
2
6
1
1
0
5
6
8
10
13
11
12
10
11
10
5
5
6
10
3
8
5
2
2
0
-3
-3
-4
-5
-1
1
7
4
3
3
8
8
9
6
7
8
11
9
7
8
4
7
2
7
2
1
-2
-2
0
-4
-1
1
0
-2
-3
-2
-3
-5
-5
-5
-5
-5
-2
-3
-6
-7
-10
-8
-3
-9
-10
-10
-9
-6
-5
-4
-1
0
-2
1
5
5
6
4
5
2
3
6
8
8
10
8
5
10
12
13
8
11
10
14
11
11
11
7
10
5
7
9
4
9
11
11
11
11
16
14
18
20
17
15
17
17
18
17
19
16
12
15
10
16
18
17
18
15
20
21
20
24
23
26
23
22
26
26
27
26
22
21
20
17
16
18
19
21
17
15
14
13
12
18
18
17
13
14
13
10
16
14
18
19
16
15
16
16
14
14
15
11
15
13
6
9
8
9
8
8
6
6
7
7
8
11
8
6
8
4
9
11
11
7
7
9
7
13
6
10
6
8
9
9
6
4
10
10
9
9
12
8
7
7
6
0
1
0
5
6
7
12
6
8
9
8
3
6
6
2
-1
2
1
2
2
4
4
-5
-9
-11
-13
-14
-6
-5
-6
-6
1
1
3
3
3
5
3
6
3
7
4
5
7
8
9
11
13
13
13
15
15
13
12
11
12
11
11
13
16
12
9
9
11
9
5
9
11
10
5
6
9
6
13
11
11
11
6
13
9
7
10
7
9
8
7
6
9
11
10
12
8
4
7
8
7
8
7
6
6
11
8
9
9
10
12
17
15
13
11
11
14
13
14
8
8
10
13
10
10
13
10
10
9
9
10
10
9
9
6
3
9
6
3
7
10
7
6
6
6
5
2
5
2
0
4
4
1
0
1
-1
0
-4
-3
-2
-4
-3
-8
-8
-2
-2
-3
-3
5
4
3
4
5
7
3
8
10
10
7
8
8
8
9
7
4
1
-1
-2
-1
0
3
-2
2
2
2
2
4
1
4
2
1
1
-1
0
-4
1
0
-1
-2
1
-3
-6
-2
-4
-4
2
0
-4
-3
-8
-4
-6
-10
-5
-4
1
3
2
2
1
1
5
3
3
3
0
3
4
-3
-5
-1
0
2
0
-1
-1
3
4
-2
-2
3
-1
3
2
-2
1
3
1
3
-1
3
0
0
5
2
2
8
6
9
11
5
9
10
6
5
10
5
6
5
3
6
5
3
1
5
0
-1
-1
-4
1
5
7
8
9
8
7
11
10
10
10
6
4
0
-1
-6
0
-4
-1
-4
-7
-2
-1
1
3
4
-2
-3
-1
-6
-10
-7
-12
-13
-10
-12
-9
-11
-10
-12
-14
-10
-5
-6
-10
1
-4
-4
-1
-5
-3
0
-8
-8
-3
-5
-7
-6
-5
-7
-8
-5
-2
0
-2
0
3
0
-1
0
2
3
7
-1
0
4
0
-1
-1
-1
-2
-2
-4
-2
-1
0
0
-6
-4
-8
-9
-8
-11
-11
-12
-10
-11
-10
-11
-8
-7
-9
-10
-10
-9
-3
-8
-4
-11
-10
-8
-10
-10
-10
-9
-8
-7
-4
-1
-8
-4
-5
-2
-9
-6
-2
-6
-1
0
0
-3
-6
-1
-1
-2
-1
-7
-2
-1
-1
0
-1
0
3
7
3
2
2
5
2
5
8
8
7
7
9
7
9
9
7
7
4
7
5
7
6
9
5
4
3
-2
3
0
0
1
2
2
3
6
3
-2
0
5
4
1
0
-1
-1
2
4
3
2
3
-1
0
1
-1
1
-2
-1
-3
-3
-2
-3
-1
-3
-5
-5
-5
-5
-2
-3
-1
3
1
0
1
0
-1
-4
-4
-5
-3
-5
-6
-5
-9
-8
-9
-4
-3
-2
-5
-5
-5
-5
4
0
-1
0
0
-2
-6
-4
-4
5
3
-1
0
2
0
5
6
7
8
-1
0
0
1
-1
1
0
1
0
-3
-4
2
1
-2
-2
-6
-6
-5
-2
-4
-4
-3
-5
-2
-3
-4
-4
-3
1
-3
1
-1
-4
-4
-7
-10
-13
-6
-6
-10
-5
-9
-12
-9
-8
-9
-8
-8
-7
-8
-4
-5
-12
-7
-9
-7
-10
-10
-8
-8
-6
-12
-9
-8
-10
-9
-11
-9
-12
-8
-7
-7
-8
-7
-5
-5
-5
-5
-4
-4
-4
-2
-3
-5
-4
-5
-5
-5
-6
-5
-7
-8
-5
-6
-6
-10
-9
-6
-7
-5
-6
-3
-3
-5
-7
-11
-10
-5
-6
-4
-6
-6
-6
-8
-9
-7
-5
-4
-2
-6
-2
-2
0
1
3
1
-5
0
1
0
1
4
5
5
4
3
6
11
10
10
9
9
11
10
13
8
9
10
9
13
10
9
13
10
9
12
14
10
11
11
9
9
9
13
12
11
12
9
1
6
8
2
3
0
0
-2
0
-1
-4
-3
-2
-8
-7
-8
-12
-14
-15
-17
-17
-18
-19
-18
-17
-17
-19
-20
-20
-15
-20
-20
-20
-22
-26
-25
-23
-23
-22
-22
-18
-21
-21
-23
-25
-24
-23
-20
-19
-21
-17
-12
-11
-9
-11
-11
-6
-7
-7
-7
-8
-4
-7
-3
-2
0
-4
-8
-6
-6
-6
-2
-1
-2
-3
-9
-5
0
4
5
8
14
15
18
25
32
35
37
44
43
48
54
57
54
60
63
54
63
60
61
65
64
65
70
70
70
65
66
70
65
64
63
63
59
58
54
51
51
46
47
42
38
34
33
32
25
19
21
14
10
13
8
6
3
1
-1
1
-6
-10
-8
-16
-17
-19
-21
-22
-30
-31
-33
-36
-35
-41
-44
-43
-44
-42
-41
-44
-44
-45
-43
-48
-47
-49
-50
-46
-47
-42
-46
-49
-47
-47
-42
-41
-43
-43
-46
-42
-38
-36
-38
-37
-36
-33
-38
-35
-37
-40
-44
-53
-58
-66
-67
-61
-51
-46
-33
-17
-5
8
12
19
37
53
64
78
87
79
74
82
95
96
92
95
92
80
83
86
74
65
63
63
61
65
60
54
51
48
49
47
48
46
42
39
31
23
17
15
20
17
11
7
1
-6
-9
-14
-14
-19
-19
-9
-8
-10
-14
-20
-22
-19
-6
0
-3
-11
-8
-6
-8
-2
4
-1
0
4
9
6
5
6
5
9
11
15
12
15
15
21
19
22
24
26
31
30
25
24
24
27
29
27
26
19
14
14
15
14
8
6
5
5
4
4
-6
-9
-11
-12
-12
-14
-17
-24
-28
-28
-28
-32
-38
-38
-37
-41
-48
-48
-52
-57
-61
-65
-61
-72
-70
-74
-71
-69
-66
-63
-72
-77
-87
-93
-95
-100
-100
-90
-85
-77
-59
-36
-25
-22
-21
-3
20
43
71
76
68
63
75
90
100
96
97
89
86
92
92
87
74
72
74
78
86
82
67
63
62
67
66
66
61
62
66
58
47
33
21
20
24
22
17
3
-6
-1
0
1
-3
-10
-11
-5
-7
-7
-8
-21
-21
-14
-4
0
-5
-5
-9
-10
-9
-9
-6
-4
2
2
0
-4
-3
2
7
8
10
18
16
15
21
18
20
20
23
35
35
34
35
33
34
37
39
41
37
34
34
32
25
18
16
14
6
3
2
-5
-11
-14
-19
-27
-30
-35
-40
-48
-55
-60
-65
-75
-80
-82
-81
-90
-94
-93
-99
-102
-98
-95
-96
-95
-95
-96
-105
-108
-109
-108
-113
-113
-110
-102
-81
-67
-49
-28
-18
-15
7
30
46
65
88
92
80
80
100
107
108
110
116
110
102
105
102
91
83
85
86
87
87
77
72
69
70
64
63
54
55
58
49
46
32
26
20
15
13
11
6
-7
-9
-10
-15
-24
-37
-41
-40
-34
-39
-47
-49
-51
-44
-40
-35
-34
-32
-27
-21
-13
-12
-12
-18
-14
-8
-5
-2
-2
0
1
6
18
19
16
23
24
26
27
29
30
34
40
41
36
34
37
30
31
35
30
24
17
22
15
5
1
5
-6
-13
-11
-12
-17
-24
-20
-26
-34
-39
-37
-45
-53
-57
-62
-70
-75
-73
-73
-83
-89
-92
-93
-94
-96
-98
-100
-102
-103
-105
-116
-127
-133
-133
-135
-140
-132
-123
-107
-92
-69
-42
-29
-27
-11
15
39
65
86
89
68
70
94
106
108
112
116
109
108
118
121
103
88
91
97
97
98
93
83
77
81
81
76
70
71
73
71
61
53
38
26
26
21
18
16
0
-8
-6
-11
-25
-38
-39
-38
-40
-44
-48
-60
-65
-65
-57
-51
-52
-45
-37
-36
-42
-36
-36
-34
-19
-1
3
-14
-9
-5
-3
1
12
12
6
15
24
25
19
28
28
36
47
57
52
42
44
49
52
50
52
45
42
43
40
29
20
15
10
4
-6
-7
-16
-26
-25
-27
-41
-54
-56
-56
-64
-73
-78
-87
-101
-101
-96
-106
-117
-121
-123
-126
-130
-130
-121
-133
-137
-136
-134
-148
-163
-163
-170
-179
-180
-176
-168
-157
-142
-114
-85
-62
-58
-46
-20
9
36
70
92
86
74
86
112
123
130
127
122
115
122
133
128
110
98
105
107
109
108
100
93
85
79
79
76
68
64
62
66
54
36
26
22
19
15
13
4
-11
-12
-12
-19
-35
-47
-43
-42
-49
-54
-60
-78
-93
-92
-84
-75
-75
-73
-65
-62
-53
-39
-40
-45
-36
-23
-16
3
10
1
-2
8
16
25
36
36
37
36
46
52
49
48
56
58
57
73
72
65
62
69
63
44
47
54
40
32
31
18
4
-7
-4
-8
-30
-36
-30
-44
-56
-55
-53
-70
-86
-81
-79
-94
-107
-104
-117
-128
-133
-126
-133
-147
-147
-140
-138
-149
-143
-142
-147
-148
-145
-154
-170
-168
-164
-169
-165
-153
-137
-122
-101
-57
-29
-30
-30
-2
31
64
95
120
112
88
110
144
146
139
143
141
129
132
152
151
118
96
108
117
108
109
109
95
83
83
85
74
57
52
66
59
45
27
14
8
1
-4
-12
-18
-30
-27
-22
-33
-56
-72
-58
-53
-61
-54
-56
-79
-97
-89
-76
-90
-101
-94
-86
-85
-75
-52
-45
-51
-42
-22
-20
-11
19
42
37
26
35
36
29
48
74
62
49
51
64
76
68
70
72
68
75
89
98
79
69
64
68
66
59
52
43
35
27
16
1
-15
-23
-16
-31
-42
-51
-57
-65
-69
-77
-94
-96
-97
-107
-109
-114
-128
-136
-135
-135
-137
-135
-135
-131
-132
-134
-137
-141
-160
-169
-169
-172
-185
-188
-181
-165
-141
-116
-83
-63
-49
-41
-13
10
23
66
108
120
103
106
126
127
127
142
156
136
124
150
164
135
103
100
108
93
94
112
103
80
72
82
80
61
47
63
73
56
47
49
26
5
2
11
7
-16
-24
-7
-11
-44
-63
-54
-54
-72
-68
-52
-60
-81
-79
-65
-65
-84
-89
-77
-75
-83
-73
-67
-77
-77
-52
-16
7
25
38
38
43
53
64
90
104
102
101
98
84
73
83
90
77
69
76
81
85
86
81
73
60
59
73
77
64
52
53
55
41
24
26
13
-5
-9
-8
-41
-83
-100
-106
-129
-153
-157
-161
-178
-190
-188
-207
-221
-218
-207
-200
-202
-194
-181
-183
-186
-182
-183
-200
-217
-214
-199
-184
-166
-96
-5
55
61
41
71
119
156
164
186
248
282
245
185
157
122
75
93
146
137
65
41
76
68
21
9
38
60
87
133
158
130
92
90
100
102
94
110
111
84
55
33
4
-58
-99
-77
-40
-50
-85
-89
-80
-104
-143
-139
-100
-82
-82
-63
-32
-34
-67
-86
-59
-26
-19
-23
-9
-4
-21
-46
-55
-57
-65
-50
2
77
118
128
121
112
109
108
136
155
144
156
175
155
91
47
20
21
25
49
73
44
31
44
58
38
21
40
59
64
57
45
8
-41
-58
-70
-96
-117
-119
-126
-151
-166
-182
-198
-221
-201
-162
-138
-142
-143
-120
-102
-107
-131
-138
-128
-119
-121
-126
-144
-167
-184
-189
-203
-214
-216
-209
-195
-129
-2
132
182
143
138
201
239
209
196
266
320
288
224
170
86
-39
-80
-16
41
5
-48
-21
22
26
-5
-5
37
89
155
221
252
220
152
117
103
98
89
77
57
16
-20
-54
-123
-203
-218
-167
-124
-106
-85
-57
-44
-58
-59
-34
9
28
34
70
112
91
6
-38
-14
-4
-42
-51
-21
-19
-72
-105
-91
-89
-113
-106
-39
30
58
138
226
230
206
198
220
213
193
190
191
184
141
90
15
-51
-100
-96
-47
-37
-30
-26
-9
8
24
43
56
70
95
123
104
57
15
-45
-92
-134
-158
-181
-209
-226
-225
-229
-253
-263
-247
-217
-188
-137
-86
-68
-59
-66
-64
-59
-74
-90
-102
-118
-123
-144
-181
-218
-249
-255
-265
-262
-240
-204
-142
-7
177
260
212
153
214
281
252
222
262
312
271
194
130
21
-123
-180
-113
-45
-58
-80
-39
28
32
15
47
91
111
184
298
321
252
175
136
90
31
-6
-15
-37
-97
-116
-124
-191
-280
-301
-240
-171
-124
-64
4
56
45
19
46
92
87
78
106
143
123
14
-72
-72
-82
-144
-159
-109
-87
-126
-136
-89
-79
-109
-85
26
112
179
319
380
355
308
263
228
197
151
110
142
118
31
-25
-91
-188
-216
-164
-112
-57
-25
25
94
111
99
117
137
141
156
168
126
66
-13
-110
-167
-211
-263
-296
-277
-262
-253
-253
-261
-240
-204
-170
-136
-58
-12
-3
8
-8
-37
-71
-102
-122
-129
-160
-194
-197
-229
-275
-293
-291
-307
-291
-252
-199
-81
97
271
303
246
227
272
272
194
181
258
288
206
134
75
-55
-216
-260
-153
-85
-113
-108
20
140
108
62
107
164
167
205
311
363
298
180
115
73
-7
-106
-142
-120
-126
-149
-161
-187
-236
-263
-234
-157
-62
13
90
159
173
138
109
110
83
57
56
87
67
-21
-107
-126
-153
-222
-224
-158
-115
-122
-95
-10
16
-23
6
103
210
348
401
407
408
324
222
168
132
61
47
68
56
39
-35
-130
-157
-115
-88
-33
42
118
209
250
248
236
212
166
152
172
132
66
5
-66
-138
-210
-276
-312
-300
-292
-254
-181
-166
-181
-143
-97
-87
-70
-24
38
69
34
-4
-19
-70
-157
-209
-218
-234
-255
-268
-263
-264
-298
-324
-309
-262
-211
-125
73
320
432
360
295
329
335
217
124
182
268
230
140
103
39
-156
-314
-249
-110
-98
-136
-16
199
265
180
162
225
230
182
233
340
353
237
125
91
26
-119
-233
-243
-220
-201
-178
-159
-162
-183
-183
-157
-92
-12
62
149
204
207
189
155
78
-11
-53
-48
-43
-94
-147
-140
-132
-200
-260
-211
-146
-140
-108
16
115
104
78
156
246
330
373
377
406
362
245
153
104
6
-55
-26
-7
-4
-26
-81
-106
-66
-29
-14
33
105
197
273
282
256
238
179
95
64
42
-27
-91
-135
-176
-218
-278
-323
-312
-291
-274
-205
-126
-107
-83
-37
-17
-23
-35
-20
17
11
-44
-70
-77
-147
-218
-247
-247
-255
-256
-238
-214
-191
-215
-214
-190
-162
-116
12
261
447
441
346
327
353
260
90
60
170
223
158
111
101
-13
-207
-268
-157
-81
-116
-85
132
328
315
226
234
261
189
130
188
266
238
126
57
42
-39
-185
-278
-282
-245
-205
-166
-130
-108
-86
-82
-66
-16
41
105
140
156
177
176
124
15
-67
-94
-98
-137
-187
-175
-125
-127
-181
-171
-102
-87
-118
-53
85
139
112
143
239
290
339
345
331
318
229
119
69
37
-45
-65
-24
-6
9
2
-49
-53
0
32
57
103
167
235
277
255
233
209
114
31
18
-24
-100
-151
-184
-200
-229
-269
-284
-252
-230
-202
-128
-82
-74
-38
-11
-27
-34
-22
-12
-4
-42
-79
-88
-122
-197
-250
-251
-276
-291
-273
-234
-198
-201
-212
-203
-167
-147
-94
95
353
486
432
360
368
347
187
28
60
165
171
103
103
101
-42
-206
-223
-117
-85
-122
-26
221
375
327
280
294
270
162
115
174
216
168
70
39
21
-82
-211
-290
-302
-275
-216
-149
-108
-78
-40
-17
1
36
78
111
117
117
143
155
92
-22
-96
-111
-134
-199
-244
-208
-137
-144
-162
-107
-40
-52
-81
5
119
140
119
174
258
318
362
336
312
268
155
51
12
-20
-79
-71
-30
9
38
4
-43
-26
32
62
80
124
186
252
271
240
223
170
59
-20
-34
-85
-151
-208
-233
-229
-241
-269
-268
-230
-213
-176
-114
-101
-90
-44
-33
-44
-43
-35
-30
-46
-101
-127
-127
-176
-251
-262
-246
-263
-247
-200
-162
-159
-185
-193
-162
-126
-117
2
274
464
460
380
360
340
218
43
-9
99
162
120
108
141
75
-99
-196
-151
-88
-98
-73
124
355
405
341
326
327
240
125
106
165
176
105
46
45
13
-98
-212
-267
-271
-227
-171
-125
-69
-15
14
21
36
78
123
116
85
105
146
134
34
-59
-85
-99
-159
-227
-207
-139
-121
-143
-102
-11
21
-33
-18
88
157
129
133
212
314
379
347
329
290
174
46
-15
-44
-73
-70
-47
14
69
47
-1
-13
19
61
91
125
176
251
292
259
248
204
64
-23
-31
-94
-157
-187
-248
-263
-233
-257
-283
-234
-228
-213
-128
-89
-96
-68
-46
-64
-71
-70
-63
-58
-106
-159
-159
-164
-234
-310
-304
-284
-259
-229
-181
-129
-127
-161
-159
-141
-153
-141
-16
238
444
440
345
320
297
172
22
-29
30
114
121
124
145
86
-66
-160
-141
-116
-105
-61
87
291
378
353
320
275
187
103
84
99
103
75
47
34
-4
-91
-186
-250
-285
-249
-165
-109
-79
-31
26
62
60
61
97
114
72
56
102
127
68
-38
-96
-92
-112
-189
-216
-158
-103
-102
-88
-23
30
26
9
50
125
154
186
315
393
387
361
297
205
106
6
-70
-58
-14
-2
22
26
24
20
12
24
43
85
134
187
258
296
278
224
167
104
43
-33
-78
-123
-185
-224
-247
-250
-261
-254
-238
-211
-168
-130
-92
-74
-82
-58
-17
-27
-57
-41
-27
-55
-115
-165
-183
-210
-265
-312
-279
-236
-227
-211
-179
-169
-195
-192
-175
-152
-98
48
302
481
471
366
338
323
184
21
-34
38
112
122
111
105
39
-107
-189
-151
-112
-123
-77
100
319
426
389
332
301
230
130
87
100
103
72
29
23
7
-82
-204
-301
-323
-266
-195
-153
-105
-20
60
77
66
76
111
106
47
47
113
132
44
-50
-79
-83
-146
-235
-246
-173
-116
-126
-100
-9
42
14
-2
55
130
145
187
332
418
410
356
279
206
109
12
-64
-71
-14
20
35
15
-7
-13
-3
4
24
91
158
211
266
301
285
210
134
84
39
-20
-72
-114
-160
-209
-244
-251
-275
-279
-263
-224
-159
-114
-70
-48
-52
-44
-21
-31
-57
-48
-38
-51
-107
-154
-179
-193
-250
-314
-282
-237
-220
-224
-207
-179
-167
-172
-195
-157
-72
94
331
479
463
351
323
295
176
39
-17
56
143
160
122
65
-24
-154
-200
-156
-122
-121
-62
116
311
398
355
291
237
181
127
112
129
107
60
10
-4
-32
-128
-243
-333
-332
-257
-182
-144
-108
-43
29
55
53
71
108
105
63
72
136
134
30
-65
-87
-77
-144
-234
-246
-163
-113
-132
-112
-38
14
-20
-30
55
130
158
260
410
462
418
328
251
164
74
-14
-60
-19
6
26
37
3
-55
-67
-31
-5
29
95
187
270
313
296
244
171
95
56
15
-20
-57
-103
-161
-228
-264
-298
-320
-313
-286
-203
-125
-77
-46
-26
-33
-50
-65
-69
-46
-43
-68
-89
-120
-155
-200
-242
-285
-301
-280
-239
-200
-188
-194
-192
-169
-170
-178
-131
45
297
468
464
377
336
301
197
68
14
64
139
172
153
103
0
-140
-198
-163
-114
-109
-59
97
276
366
339
269
213
165
130
137
150
141
104
35
-16
-66
-134
-222
-321
-345
-254
-148
-118
-121
-82
-13
12
-9
20
91
115
76
68
143
149
35
-93
-125
-93
-118
-197
-223
-155
-97
-114
-129
-85
-44
-63
-64
22
122
177
283
394
432
403
320
234
151
89
34
18
31
19
15
13
-24
-91
-109
-61
-10
28
77
172
255
285
247
187
142
89
61
31
3
-41
-97
-148
-223
-280
-332
-343
-334
-315
-249
-171
-105
-69
-66
-57
-50
-63
-70
-44
-24
-41
-85
-130
-159
-178
-227
-277
-267
-223
-198
-209
-220
-213
-196
-195
-200
-174
-19
254
474
485
368
342
373
294
125
54
125
210
210
169
132
40
-127
-234
-185
-91
-84
-77
47
226
333
315
251
201
176
177
201
233
218
170
100
18
-60
-134
-197
-278
-334
-298
-183
-114
-141
-147
-100
-45
-26
-4
57
118
130
121
150
173
93
-40
-111
-96
-83
-130
-167
-140
-105
-132
-158
-137
-91
-90
-95
-16
97
159
249
371
411
389
350
304
227
153
101
73
89
53
-16
-39
-54
-108
-136
-87
-41
-8
41
101
163
216
218
170
145
119
98
75
40
-8
-66
-130
-216
-264
-280
-304
-330
-343
-304
-241
-202
-165
-123
-88
-60
-44
-46
-34
-40
-59
-82
-98
-132
-170
-181
-222
-273
-282
-271
-258
-273
-280
-249
-204
-183
-184
-55
210
410
404
301
308
384
355
217
133
187
251
210
114
48
-18
-141
-237
-194
-67
-20
-39
-9
99
210
220
178
163
212
260
285
303
286
209
87
-25
-89
-92
-103
-181
-254
-250
-186
-172
-242
-269
-202
-100
-31
47
151
182
133
80
105
139
84
-6
-30
12
21
-37
-104
-141
-178
-216
-214
-150
-64
-42
-45
14
86
127
216
317
348
368
393
399
333
243
167
119
92
39
-1
-32
-62
-105
-119
-72
-56
-61
-36
42
125
186
211
205
190
170
157
109
67
28
-35
-86
-145
-197
-240
-269
-305
-356
-344
-304
-261
-219
-178
-123
-55
-21
-41
-54
-37
-31
-50
-77
-76
-67
-73
-125
-190
-206
-220
-231
-229
-225
-218
-205
-174
-161
-161
-142
-71
107
315
396
306
216
247
336
332
235
191
207
228
178
81
-5
-115
-187
-155
-42
15
-27
-65
-20
70
113
131
162
199
221
240
286
292
198
58
-30
-41
-24
-35
-101
-176
-221
-226
-221
-241
-255
-215
-133
-56
19
111
148
85
-2
27
133
167
96
18
47
100
54
-69
-142
-122
-110
-129
-111
-17
28
-34
-69
29
209
289
281
266
302
346
354
330
250
181
152
142
128
77
-4
-73
-79
-47
-20
-18
-26
-18
26
97
133
142
124
111
120
129
125
69
-3
-63
-116
-133
-142
-182
-252
-303
-300
-279
-257
-241
-213
-175
-134
-87
-29
-22
-80
-121
-90
-28
-35
-81
-112
-117
-140
-174
-188
-195
-216
-260
-256
-221
-210
-233
-236
-128
82
292
322
191
123
215
345
364
290
258
266
259
195
120
39
-87
-182
-150
-25
48
-7
-109
-131
-64
16
73
107
125
164
212
256
251
173
68
2
7
53
81
11
-141
-246
-256
-221
-217
-251
-259
-204
-135
-72
-1
18
-34
-81
-15
118
179
131
26
-1
37
38
-12
-51
-59
-80
-103
-79
-35
-47
-124
-155
-76
37
185
275
278
223
215
270
300
291
231
197
205
196
148
82
19
-44
-67
-42
2
19
-22
-55
-28
66
130
104
56
59
116
133
94
42
0
-47
-100
-104
-89
-124
-218
-295
-299
-259
-228
-228
-245
-212
-145
-95
-83
-90
-85
-65
-46
-44
-41
-48
-78
-134
-156
-146
-145
-168
-198
-232
-243
-239
-233
-219
-183
-39
184
321
230
92
127
281
370
329
294
303
292
221
160
143
73
-59
-132
-66
33
19
-80
-134
-78
3
44
60
68
87
119
164
208
219
177
106
49
56
100
80
-55
-197
-229
-178
-160
-189
-208
-205
-211
-216
-166
-81
-69
-109
-84
34
131
110
38
-9
-1
24
27
26
19
-26
-86
-104
-28
35
5
-57
-70
-25
45
134
176
142
129
173
211
188
138
119
134
144
148
160
155
90
16
7
40
55
22
-14
-9
37
63
49
11
-28
-43
-28
-10
-11
-15
-44
-86
-99
-86
-87
-127
-174
-193
-181
-150
-135
-150
-175
-178
-154
-135
-124
-123
-120
-114
-120
-130
-142
-142
-134
-149
-152
-118
-81
-86
-128
-168
-175
-158
-171
-198
-191
-105
71
244
263
109
-16
57
257
384
355
282
246
214
184
182
189
121
28
-7
48
87
7
-91
-96
-15
45
59
59
45
28
45
119
196
197
121
30
-14
29
95
86
-16
-122
-148
-122
-115
-151
-173
-171
-179
-175
-118
-73
-110
-165
-123
-2
74
51
-32
-79
-54
-14
5
21
27
-11
-67
-46
47
77
12
-27
-8
48
103
129
114
92
95
128
161
146
109
85
87
114
143
138
87
39
17
28
60
82
65
42
29
42
60
38
-12
-37
-22
-10
-10
-23
-54
-106
-137
-120
-95
-116
-161
-188
-191
-174
-168
-163
-178
-196
-187
-160
-141
-144
-141
-118
-103
-116
-138
-139
-127
-142
-146
-125
-99
-81
-109
-156
-194
-199
-192
-198
-213
-192
-106
37
167
181
81
4
101
289
386
345
257
208
196
214
250
246
163
49
5
26
24
-17
-47
-22
19
25
22
24
15
3
43
119
177
155
90
33
17
72
132
114
3
-96
-99
-55
-56
-82
-86
-101
-151
-174
-111
-47
-67
-118
-90
-4
25
-25
-72
-48
-5
9
12
31
41
-5
-55
-26
57
70
-7
-51
-26
14
107
201
188
102
73
139
206
239
229
172
116
99
131
155
126
54
-6
8
54
62
36
8
6
36
74
77
34
9
20
37
47
36
-8
-80
-127
-119
-87
-78
-117
-182
-240
-263
-241
-203
-197
-212
-208
-179
-149
-128
-110
-95
-94
-103
-118
-114
-104
-110
-130
-128
-105
-110
-149
-199
-234
-241
-216
-202
-203
-164
-42
98
133
34
-20
80
280
385
350
266
203
193
224
285
299
210
75
15
42
68
46
11
-16
-24
-19
-2
12
1
3
37
86
112
83
41
12
21
66
126
116
2
-91
-86
-20
1
-38
-84
-118
-163
-170
-100
-34
-54
-127
-143
-78
-30
-47
-80
-87
-59
-32
-28
-19
-11
-42
-62
-13
81
115
60
16
47
112
177
216
176
100
79
125
179
186
158
135
91
54
61
105
116
59
20
41
84
82
54
44
69
100
100
74
50
47
49
48
34
15
-26
-69
-94
-83
-67
-81
-133
-191
-221
-214
-193
-178
-188
-208
-197
-152
-129
-138
-128
-102
-84
-94
-101
-88
-59
-63
-90
-99
-97
-101
-118
-143
-144
-133
-136
-164
-204
-202
-161
-143
-148
-113
5
114
122
18
-17
126
310
363
276
184
163
177
226
303
307
175
-6
-66
26
116
101
20
-42
-55
-45
-16
10
15
2
-20
-21
-2
25
41
27
5
19
66
56
-40
-109
-56
23
8
-74
-118
-105
-109
-99
-33
8
-56
-162
-156
-56
6
-33
-95
-99
-83
-71
-49
-13
11
-31
-61
-7
83
100
60
54
90
124
141
150
137
124
144
186
184
128
81
77
93
87
69
60
39
14
19
48
68
63
56
52
71
96
104
91
58
44
49
47
21
-2
-10
-34
-75
-98
-103
-139
-183
-202
-188
-173
-168
-183
-201
-194
-168
-133
-116
-119
-122
-102
-68
-58
-72
-66
-50
-56
-76
-92
-97
-104
-127
-141
-137
-140
-159
-184
-186
-148
-110
-119
-155
-140
-45
79
117
35
-31
47
232
322
260
175
153
162
176
229
271
201
56
-17
46
147
140
32
-54
-55
-24
-16
-13
-2
-13
-37
-53
-44
-12
10
-13
-45
-28
26
42
-30
-96
-73
3
14
-54
-97
-71
-48
-69
-58
-23
-50
-133
-154
-77
-8
-36
-121
-151
-108
-57
-37
-39
-26
-30
-57
-41
47
99
72
35
56
97
117
129
136
124
107
110
109
92
87
97
88
48
14
1
13
29
48
70
63
32
12
41
78
88
70
44
26
37
60
60
21
-22
-39
-54
-77
-95
-92
-104
-135
-153
-150
-145
-151
-161
-155
-144
-128
-122
-124
-126
-117
-84
-50
-55
-91
-97
-69
-54
-60
-70
-84
-90
-93
-87
-82
-75
-78
-90
-100
-91
-83
-99
-126
-138
-117
-94
-87
-24
65
66
-35
-52
122
295
280
143
81
152
237
281
274
227
127
50
79
169
182
90
-10
-36
-29
-15
-10
-14
-47
-66
-52
-27
-18
-26
-31
-28
-5
13
24
5
-11
3
39
38
-18
-60
-52
-33
-36
-29
-15
-54
-129
-147
-59
17
-28
-129
-143
-57
8
-4
-25
-15
-10
-27
-11
54
92
47
-5
26
88
102
91
79
61
64
93
105
76
57
74
91
77
61
55
56
60
64
65
48
30
28
54
75
59
20
-13
-22
-13
6
7
-24
-62
-76
-71
-61
-57
-70
-109
-145
-134
-108
-111
-131
-140
-147
-164
-165
-145
-132
-151
-163
-150
-132
-135
-147
-142
-110
-89
-92
-97
-78
-59
-53
-64
-54
-43
-61
-78
-84
-78
-72
-80
-113
-124
-105
-115
-148
-146
-84
-1
32
-13
-74
-8
171
288
231
119
95
160
225
257
241
166
75
30
62
123
108
22
-56
-45
-13
-11
-26
-37
-39
-41
-33
-35
-29
-6
15
15
5
-4
-1
-12
-22
8
40
1
-80
-91
-27
15
-8
-46
-41
-45
-72
-51
29
59
-22
-99
-80
-3
24
-9
-31
-27
-31
-49
-41
16
45
-6
-56
-28
30
45
55
61
51
53
85
114
90
56
72
94
80
51
47
47
27
13
9
-1
-29
-41
-26
-13
-20
-40
-42
-32
-16
-5
-8
-26
-38
-18
-2
-9
-40
-62
-82
-99
-103
-98
-97
-119
-141
-161
-168
-161
-145
-140
-149
-155
-148
-123
-109
-110
-100
-82
-65
-62
-71
-79
-74
-65
-69
-75
-82
-93
-97
-103
-98
-87
-103
-140
-151
-107
-77
-107
-144
-139
-104
-72
-15
56
43
-43
-36
107
233
192
66
29
93
173
198
174
113
29
1
74
145
114
22
-18
4
26
31
24
22
0
-24
-29
-17
-7
-2
9
7
-8
-11
1
0
-4
11
44
29
-30
-49
0
49
36
-8
-17
-5
-23
-39
-7
28
-9
-81
-99
-52
-26
-59
-86
-69
-51
-70
-62
8
51
1
-36
10
66
75
77
88
84
72
77
85
69
58
52
48
29
5
-1
-3
3
-5
-22
-28
-21
-5
15
27
19
0
-11
-4
12
5
-6
-21
-35
-44
-52
-52
-65
-83
-114
-122
-111
-117
-127
-124
-115
-131
-144
-135
-95
-90
-125
-146
-129
-103
-108
-132
-129
-102
-91
-109
-143
-137
-118
-118
-124
-125
-114
-111
-110
-103
-93
-78
-78
-87
-100
-100
-106
-128
-145
-150
-135
-124
-111
-66
-29
-62
-115
-63
77
153
100
27
59
143
186
174
139
112
85
91
120
127
88
29
10
20
13
-9
-11
2
-6
-23
-24
-6
6
13
21
15
-4
0
36
64
55
29
14
-13
-35
-20
10
6
-43
-70
-51
-44
-67
-71
-55
-38
-68
-95
-83
-58
-42
-37
-35
-39
-45
-46
-23
3
6
-17
-33
-11
15
27
28
27
21
13
22
39
43
58
68
50
32
32
57
62
45
45
29
20
34
55
50
13
-7
-5
6
-1
-6
-5
-11
-23
-29
-25
-29
-30
-29
-31
-48
-61
-65
-71
-84
-98
-98
-114
-133
-142
-133
-132
-152
-167
-160
-147
-153
-154
-139
-123
-118
-110
-100
-81
-83
-90
-94
-89
-83
-86
-86
-89
-96
-107
-109
-115
-123
-136
-152
-165
-157
-132
-133
-141
-127
-89
-39
-5
-10
-29
18
128
187
136
65
75
148
188
174
133
91
84
117
141
111
59
36
49
52
31
10
19
42
36
15
-15
-15
-2
7
14
9
-21
-45
-24
-6
-13
-34
-51
-59
-63
-49
-29
-34
-62
-62
-30
-32
-71
-77
-47
-35
-76
-103
-70
-45
-60
-73
-74
-79
-84
-66
-42
-37
-36
-16
12
32
21
6
19
53
66
44
37
56
59
54
59
61
34
8
20
52
52
30
28
28
25
35
47
34
16
28
51
44
17
12
22
11
-15
-20
-17
-40
-63
-69
-66
-78
-95
-107
-121
-122
-117
-114
-124
-131
-111
-91
-104
-119
-111
-99
-105
-107
-103
-95
-94
-104
-107
-111
-99
-94
-108
-129
-123
-94
-80
-99
-109
-100
-92
-95
-97
-80
-63
-58
-60
-70
-76
-76
-72
-69
-62
-50
-34
-24
-6
5
19
39
64
76
72
73
86
111
116
124
119
94
74
81
95
85
60
47
51
36
8
-3
1
1
-8
-23
-30
-28
-17
-12
-20
-24
-28
-23
-17
-22
-35
-42
-33
-35
-40
-49
-58
-55
-59
-62
-54
-54
-68
-65
-43
-36
-49
-61
-54
-51
-56
-46
-27
-25
-47
-36
-6
3
-11
-31
-14
5
5
2
9
13
6
3
14
32
46
48
49
49
51
55
54
52
47
48
49
39
28
24
21
19
6
-2
-12
-19
-28
-33
-35
-48
-55
-47
-43
-48
-55
-62
-59
-63
-70
-72
-67
-67
-79
-90
-91
-86
-88
-97
-111
-117
-103
-88
-88
-104
-114
-106
-93
-87
-79
-74
-75
-77
-72
-63
-65
-59
-57
-54
-62
-69
-59
-47
-45
-56
-61
-64
-65
-60
-62
-67
-67
-57
-43
-34
-25
-11
7
24
35
44
44
53
62
70
73
60
51
55
69
74
70
60
49
39
44
56
47
23
11
6
19
15
5
6
-7
-13
-13
-13
-11
-11
-16
-20
-19
-18
-20
-24
-23
-22
-18
-22
-20
-21
-19
-23
-25
-27
-26
-36
-50
-47
-37
-33
-42
-52
-54
-51
-54
-43
-25
-28
-35
-29
-11
-3
-13
-5
6
6
2
13
21
21
14
8
13
8
5
7
3
-3
-5
-7
-5
-4
1
6
8
2
1
8
7
-6
-14
-16
-10
-21
-35
-32
-26
-26
-41
-46
-48
-45
-46
-49
-57
-58
-55
-56
-54
-53
-49
-52
-65
-75
-59
-43
-54
-76
-72
-57
-53
-63
-63
-48
-34
-44
-47
-41
-27
-16
-31
-40
-43
-33
-30
-34
-36
-32
-28
-36
-50
-52
-37
-47
-69
-77
-68
-65
-62
-60
-55
-43
-32
-28
-20
-5
11
22
21
25
38
45
37
35
43
53
48
31
30
36
41
39
28
31
37
33
34
35
40
44
49
54
54
55
48
47
43
31
30
35
30
13
1
4
6
-1
-11
-14
-20
-21
-14
-3
-2
-10
-15
-20
-25
-24
-14
-20
-29
-35
-29
-22
-28
-32
-25
-28
-36
-30
-25
-24
-24
-18
-12
-16
-13
0
12
13
2
2
4
8
9
5
4
4
4
6
10
8
-1
-7
-10
-6
-5
1
0
-4
7
12
6
1
8
13
8
1
7
15
5
-5
-6
-1
-7
-15
-13
-14
-19
-21
-12
-6
-18
-29
-29
-30
-34
-35
-34
-31
-38
-41
-34
-35
-44
-46
-47
-44
-44
-51
-50
-54
-54
-49
-46
-47
-43
-40
-42
-44
-44
-45
-45
-54
-58
-63
-66
-71
-72
-82
-84
-74
-62
-57
-55
-49
-37
-23
-20
-6
17
35
44
47
49
64
80
83
91
88
80
79
81
89
89
81
71
60
52
51
50
45
41
40
39
34
28
29
32
27
23
30
25
15
6
5
0
-7
-14
-13
-15
-16
-31
-43
-41
-39
-35
-40
-50
-51
-44
-39
-39
-46
-43
-38
-44
-42
-41
-37
-28
-26
-29
-32
-38
-37
-33
-23
-15
-11
-11
-13
-6
2
8
10
15
23
20
15
24
37
40
33
24
26
30
28
34
39
39
31
26
29
31
33
25
26
22
16
12
14
13
9
0
-6
-4
-6
-13
-25
-31
-31
-32
-31
-42
-49
-49
-50
-48
-52
-49
-50
-53
-56
-57
-47
-48
-51
-47
-40
-39
-40
-39
-38
-41
-43
-48
-46
-44
-43
-39
-38
-37
-41
-41
-26
-25
-30
-30
-31
-33
-33
-27
-28
-26
-22
-21
-13
-3
8
14
28
34
41
54
68
75
75
82
88
89
81
85
101
102
95
86
79
70
58
50
47
41
40
30
19
17
12
11
14
13
15
16
10
12
12
11
12
11
12
8
4
2
4
7
3
-11
-16
-17
-20
-22
-30
-37
-36
-32
-39
-45
-40
-35
-31
-30
-19
-16
-15
-7
-2
-2
-7
-9
-4
2
5
7
9
20
20
18
21
32
36
35
32
37
49
53
51
45
50
49
45
35
38
40
30
17
7
13
10
8
3
2
-1
1
1
0
0
-8
-7
-13
-17
-19
-13
-21
-26
-37
-44
-48
-55
-57
-55
-53
-63
-69
-64
-59
-58
-60
-53
-46
-47
-48
-45
-32
-33
-33
-31
-31
-32
-31
-24
-26
-24
-25
-27
-28
-23
-15
-12
-17
-21
-19
-13
-7
-2
0
1
0
-4
3
7
6
1
-1
6
13
11
13
15
15
16
21
30
31
30
31
34
39
42
36
40
39
35
29
32
38
27
18
20
20
22
24
24
22
25
31
28
33
26
34
35
29
28
26
30
36
31
18
22
21
20
15
6
-9
-9
-6
-6
-12
-15
-12
-9
-13
-16
-9
-7
-8
-3
-1
-5
-7
0
5
10
7
6
9
8
7
7
11
8
4
0
-1
2
1
-2
3
2
5
7
8
12
16
17
18
20
21
15
17
23
22
19
13
17
15
13
16
12
8
11
9
10
13
13
10
6
6
10
13
16
7
0
2
0
-6
-11
-16
-16
-20
-25
-27
-30
-28
-32
-35
-36
-33
-35
-38
-41
-33
-30
-29
-36
-39
-31
-25
-20
-20
-27
-22
-19
-20
-20
-15
-14
-20
-20
-13
-8
-10
-19
-17
-17
-18
-20
-21
-19
-22
-28
-29
-26
-26
-15
-12
-8
-5
0
8
18
19
24
26
36
40
39
46
50
53
52
59
59
67
62
56
57
55
50
46
43
44
44
38
35
31
33
34
37
39
40
39
39
35
33
29
25
21
17
13
14
7
-1
0
-4
-6
-13
-19
-21
-21
-23
-21
-20
-21
-23
-19
-15
-14
-14
-12
-7
-4
-5
-9
-5
-3
-6
-8
-7
-6
-4
-2
2
6
10
12
14
13
14
10
15
19
22
25
25
23
24
25
22
22
19
23
30
24
19
19
14
12
13
12
12
10
12
19
18
12
8
10
14
12
5
3
4
1
-4
-8
-14
-20
-29
-34
-31
-35
-38
-41
-41
-43
-45
-44
-37
-40
-37
-34
-26
-20
-25
-26
-23
-21
-19
-14
-13
-15
-16
-11
-10
-5
-2
1
3
4
4
10
19
23
27
21
19
23
26
24
22
24
26
23
22
27
31
34
29
29
33
40
42
46
42
43
49
52
51
52
49
46
47
54
49
45
42
41
39
38
33
31
34
30
30
32
32
32
33
27
26
21
16
18
15
15
12
5
4
-1
-1
-1
1
1
-5
-2
-3
-1
4
5
8
12
14
23
23
29
36
34
36
36
36
32
33
31
26
23
21
21
23
18
8
2
15
20
21
20
24
29
28
35
34
35
37
42
36
32
30
30
23
18
19
18
17
14
9
9
10
6
9
9
6
2
3
1
3
2
0
-4
-8
-7
-8
-10
-8
-15
-13
-16
-25
-22
-22
-23
-23
-23
-23
-14
-14
-15
-10
-8
-2
5
6
5
8
10
12
11
10
15
19
18
18
15
23
27
28
27
31
32
35
30
28
33
31
24
21
28
27
22
16
13
12
17
18
16
16
21
25
31
32
32
39
41
41
41
47
51
49
50
52
45
46
46
41
40
39
39
36
34
36
34
34
33
33
36
37
35
34
39
43
39
39
44
46
43
39
40
45
45
45
41
36
36
35
35
27
30
33
35
31
29
31
31
26
30
29
29
29
30
27
28
28
28
31
27
28
25
30
32
29
28
28
27
23
24
26
28
30
26
28
27
23
26
22
20
23
22
19
20
17
11
10
8
7
4
3
0
-1
4
2
2
4
-4
-6
-3
2
0
-6
-5
-4
-4
-4
-2
-7
-10
-9
-10
-3
1
3
3
4
10
11
10
14
11
9
12
12
13
13
13
6
3
5
6
7
6
5
4
6
5
3
4
11
10
10
10
10
13
13
15
16
19
17
14
14
20
19
19
13
13
16
21
20
22
23
20
23
19
24
30
34
33
25
29
28
29
36
34
33
30
32
28
30
36
35
34
37
38
40
41
41
45
43
46
50
53
58
56
54
52
54
54
46
48
45
48
41
44
49
47
48
40
47
45
41
42
38
34
37
37
35
35
32
35
35
35
27
32
32
30
25
24
24
20
19
14
17
21
16
17
18
12
13
11
10
13
14
11
2
4
5
4
2
0
5
7
-1
1
6
7
9
4
4
6
10
11
14
10
16
18
15
17
20
17
19
17
18
20
20
24
19
14
10
13
15
13
13
11
11
9
11
10
7
3
4
4
5
8
8
7
2
9
10
11
12
17
16
17
22
18
17
20
25
22
26
29
26
30
29
35
35
30
31
32
29
28
29
29
34
33
29
31
35
33
30
32
35
36
42
38
39
39
33
35
39
40
37
36
38
38
42
37
37
38
38
43
36
43
48
50
51
49
50
51
54
58
56
61
60
56
54
55
57
60
55
57
54
54
55
53
55
53
52
52
56
56
55
52
53
51
54
47
49
47
42
40
38
40
35
33
31
34
27
26
26
25
20
16
17
17
15
10
6
-2
6
7
4
-3
-3
1
7
9
8
10
10
8
7
8
10
12
6
9
13
12
12
6
8
8
7
6
6
4
7
10
7
6
5
6
6
5
8
11
11
12
8
18
10
13
18
15
18
10
13
14
12
14
16
14
10
11
11
10
9
8
4
7
6
11
12
13
14
13
12
12
15
13
14
16
14
16
13
17
22
15
16
16
14
21
17
18
19
20
20
20
21
23
22
21
22
21
23
18
16
19
16
13
11
11
16
16
15
18
20
21
25
30
30
32
39
38
38
43
45
42
40
41
44
40
41
42
43
40
36
41
41
41
39
37
40
38
37
38
35
34
39
37
37
37
34
39
41
36
37
32
31
27
25
27
24
21
17
13
14
11
13
17
16
14
15
20
20
20
20
19
16
10
10
4
2
3
6
5
2
1
1
0
-1
0
0
1
3
1
-1
7
10
10
8
8
11
10
8
5
11
9
8
9
10
14
14
14
14
14
15
14
14
16
18
16
10
7
7
5
2
-1
-1
0
-6
-6
-8
-8
-8
-8
-4
-7
-2
0
-1
2
1
1
2
5
7
4
5
2
2
3
4
8
3
0
-4
-5
-2
-7
-3
-4
0
-2
-5
1
1
4
3
6
8
6
6
7
8
6
8
12
14
11
14
16
18
21
20
27
24
23
26
26
29
29
28
26
25
32
31
25
29
21
23
22
22
24
25
24
23
28
26
29
21
24
23
21
22
22
17
12
18
16
15
14
13
11
12
8
10
11
8
6
5
6
10
10
8
6
5
5
4
6
4
9
7
8
7
4
2
4
4
5
6
8
8
4
5
2
7
2
6
4
2
7
13
13
11
16
14
15
14
16
16
11
13
10
10
8
2
6
8
7
4
4
4
1
-4
-4
-2
-1
2
-2
-1
1
-1
2
-1
0
-4
-1
3
-1
-3
-1
-1
2
1
0
0
-6
-5
-8
-6
-3
-6
-5
-11
-15
-13
-13
-14
-13
-8
-13
-12
-11
-10
-12
-12
-13
-15
-12
-14
-9
-10
-10
-9
-6
-6
-11
-6
-3
-2
-4
-7
0
-2
0
4
3
3
2
0
3
6
5
8
6
7
12
10
13
13
14
15
18
14
14
17
19
13
12
17
18
18
16
18
16
14
14
15
16
16
15
16
12
10
11
7
12
11
8
9
4
1
1
5
4
1
3
2
6
4
2
1
-3
-3
-2
0
0
3
3
0
7
8
6
8
5
4
3
7
3
6
9
12
12
17
16
16
17
23
24
21
23
23
24
21
22
19
25
24
22
20
20
23
18
19
14
14
11
11
12
10
15
13
14
10
15
13
9
11
5
6
3
2
-2
-4
-7
-9
-9
-11
-12
-12
-16
-18
-15
-15
-14
-16
-16
-18
-17
-17
-13
-13
-15
-13
-9
-6
-8
-6
-7
-7
-3
-9
-2
-1
-1
-2
0
3
3
5
6
14
12
8
15
13
15
16
11
9
11
13
9
12
11
8
12
7
11
9
2
7
7
3
5
4
3
2
2
3
1
5
0
0
0
3
7
5
4
2
2
0
5
5
6
7
4
9
12
13
15
15
14
14
14
16
15
15
15
17
19
16
17
20
16
15
23
21
20
20
23
27
21
19
17
22
21
18
24
23
22
20
16
14
13
13
13
10
11
10
6
10
13
12
11
6
9
11
15
11
10
11
9
8
9
9
6
5
3
-2
-3
-3
-4
-2
-8
-5
-9
-11
-4
-8
-7
-7
-4
-6
-6
-4
-2
-5
-10
1
-3
-5
-6
-7
-8
-6
-3
-5
-4
-9
-4
-4
-6
-2
-2
0
-2
0
2
0
0
-1
-2
0
-4
-7
-6
-8
-11
-10
-12
-12
-14
-12
-10
-12
-10
-14
-15
-7
-8
-6
-6
-5
-2
-3
-8
-3
-6
-1
-5
-5
-4
-6
-3
-8
-11
-10
-8
-3
-6
-6
1
0
1
3
2
4
4
6
8
10
10
7
8
10
11
8
9
9
10
11
15
11
12
8
10
17
13
16
13
12
10
14
15
16
18
18
22
19
24
20
17
15
14
14
15
16
12
13
12
13
15
11
9
12
11
11
12
9
14
9
7
7
3
2
0
1
-1
2
2
2
2
-1
-1
0
1
-2
1
2
-3
-2
3
3
3
-4
-5
-3
-3
-3
-1
-4
-3
0
2
2
0
3
3
9
8
7
5
5
2
1
3
1
0
-1
-4
-3
-1
-3
-3
-4
-6
-1
-2
-5
0
2
-3
-6
-1
-2
-4
-2
-3
-4
-4
-5
-8
-8
-5
-8
-8
-2
-5
-1
0
-3
-3
0
-3
-1
-2
2
4
5
1
3
7
5
4
3
7
0
4
3
2
1
1
-1
2
-2
-3
0
-2
-4
-2
1
-1
-2
3
4
2
4
4
6
2
4
4
4
4
3
0
2
-3
-2
1
-1
5
2
3
5
2
5
8
12
9
10
7
7
11
10
9
10
12
7
9
14
14
18
20
13
12
10
15
18
18
14
16
11
10
9
10
9
8
9
7
8
10
13
8
10
7
13
11
10
14
13
15
12
18
16
14
17
20
15
15
16
15
16
15
12
9
7
10
9
12
10
7
7
6
6
1
4
2
1
-1
-4
-4
0
2
-1
-1
-2
-5
-5
-6
-7
0
-4
-2
-2
-1
1
4
0
0
1
3
2
2
8
4
6
8
8
9
10
13
9
12
12
9
6
11
10
9
10
4
4
5
7
8
6
9
7
8
5
8
7
6
6
6
6
2
3
3
0
3
4
4
8
1
3
6
6
6
8
5
0
3
2
1
-3
1
2
0
0
-3
-7
-4
-10
-12
-5
-5
-2
0
2
6
5
4
8
5
6
5
6
4
4
8
8
11
11
11
12
13
10
10
12
9
8
10
12
13
14
13
13
7
9
11
11
10
9
12
14
11
12
12
13
7
11
10
8
12
11
12
6
11
6
5
10
5
8
13
16
19
15
7
3
8
9
10
5
-3
-4
-5
2
-6
-10
-10
-8
-5
-6
-6
-11
-9
-7
-6
-5
-6
-5
-3
1
0
1
3
-1
3
1
4
7
4
8
5
1
4
9
6
4
4
6
4
3
4
6
10
7
6
10
8
7
5
-1
3
2
0
0
-6
-6
-3
-3
-4
-7
-9
-7
-6
-12
-12
-9
-8
-3
-6
-7
-7
-9
-8
-5
-7
-10
-9
-10
-11
-9
-12
-12
-18
-18
-15
-17
-15
-17
-13
-9
-12
-12
-9
-10
-8
-3
-6
-4
2
-1
-2
0
6
5
5
10
15
12
12
12
14
12
13
13
13
17
11
14
13
13
15
17
20
16
20
19
16
17
19
18
14
13
15
14
13
15
13
14
12
11
10
11
14
12
6
3
6
10
4
3
5
7
6
3
4
6
3
5
6
3
8
6
12
9
8
11
12
14
12
12
14
11
10
11
12
17
13
16
19
14
14
16
15
15
13
9
13
14
16
16
15
12
9
11
10
12
9
12
11
6
6
7
7
4
9
9
2
4
4
6
0
-3
2
-2
1
1
-2
-2
-2
-1
1
3
-1
2
-3
-3
-4
-4
-3
-3
-5
-7
-3
-7
-5
-9
-4
-4
-5
-4
-11
-12
-9
-7
-9
-7
-7
-9
-8
-2
-1
-2
2
2
0
5
7
9
5
8
12
7
10
7
8
9
7
9
10
6
7
12
13
11
12
16
14
14
19
15
14
15
19
18
17
17
9
16
15
14
14
20
16
11
16
14
13
14
11
7
7
3
3
5
-1
3
6
10
8
6
11
11
14
14
15
9
6
8
11
10
11
12
11
11
13
13
11
13
14
10
10
12
11
11
12
13
20
15
16
17
14
12
12
13
7
7
2
4
2
4
4
5
5
4
6
4
4
4
1
0
6
-2
1
3
5
3
0
0
-1
-1
0
-3
-1
-4
-5
-2
-7
-3
-8
-2
-2
-3
1
-2
2
-1
1
2
-3
-1
0
4
1
0
0
-2
-2
-2
-3
-8
-6
-1
-3
-2
-3
-9
-6
1
1
-1
-7
-4
-1
-3
2
3
-2
-1
0
-1
-3
-2
-4
-5
-2
0
-2
-1
-3
-4
-3
1
3
0
3
3
3
2
4
3
3
4
7
9
12
10
7
8
6
6
11
8
5
10
8
9
9
6
6
8
7
7
10
9
8
9
4
4
0
3
7
2
0
1
5
5
7
5
5
7
5
9
10
4
4
5
6
10
10
7
6
5
11
11
7
13
8
7
12
9
8
1
-1
0
2
-3
-3
-2
-3
-9
-2
-5
-11
-8
-9
-7
-6
-5
-6
-3
-4
-4
-6
-7
-7
-7
-8
-5
-3
-1
0
-8
-5
-5
-7
-4
-7
-3
1
1
1
1
0
2
1
-1
5
3
0
6
3
3
3
-2
2
-3
-11
-17
-17
-15
-15
-11
-16
-16
-13
-15
-15
-12
-12
-14
-9
-15
-14
-10
-12
-7
-7
-10
-9
-10
-11
-10
-13
-12
-8
-9
-8
-6
-4
-3
1
2
-3
3
3
2
2
1
5
2
3
6
5
3
2
1
6
8
12
6
5
4
4
4
2
6
5
6
3
2
2
4
3
4
2
-4
-3
-2
0
0
3
-3
-7
-3
-7
-7
-11
-6
-8
-13
-14
-15
-15
-12
-8
-7
-6
0
-4
-3
-1
-1
2
-3
-1
-3
-2
-2
-1
1
-2
-3
-7
-5
-3
-3
2
0
-4
-3
-2
0
-3
-6
-3
-6
-9
-5
-6
-8
-9
-10
-12
-11
-8
-9
-14
-12
-8
-9
-12
-16
-17
-14
-10
-13
-14
-11
-14
-16
-13
-14
-12
-15
-12
-14
-17
-12
-13
-11
-8
-9
-11
-12
-9
-11
-12
-11
-14
-17
-17
-14
-17
-17
-17
-20
-18
-14
-10
-11
-9
-9
-9
-10
-5
-7
-6
-9
-8
-7
-11
-9
-7
-8
-9
-8
-12
-8
-9
-6
-7
-12
-9
-5
-9
-9
-10
-11
-11
-12
-13
-12
-11
-14
-12
-13
-12
-10
-9
-7
-6
-5
-3
-8
-6
-6
-6
-6
-5
-3
-11
-4
-4
-7
-3
-5
-5
-1
-3
-4
-3
-3
-5
-8
-8
-9
-7
-8
-9
-10
-12
-11
-15
-14
-12
-13
-15
-15
-14
-16
-16
-14
-10
-6
-6
-3
-2
2
-2
1
-3
-3
-1
-5
-7
-7
-3
-5
-5
-9
-4
-4
-4
-4
-4
-4
1
-1
-6
-6
-4
-5
-4
-4
-7
-9
-5
-3
-5
-8
-7
-6
-7
-6
-5
-8
-10
-9
-9
-13
-12
-14
-18
-17
-17
-17
-16
-18
-18
-19
-21
-23
-21
-16
-18
-17
-17
-18
-19
-18
-18
-15
-13
-11
-13
-10
-7
-8
-5
-6
-5
-5
-6
0
-4
-10
-9
-11
-14
-14
-12
-8
-8
-12
-8
-11
-14
-6
-12
-10
-8
-13
-10
-11
-13
-13
-10
-12
-15
-12
-12
-14
-16
-18
-19
-18
-13
-16
-16
-18
-18
-19
-17
-18
-17
-15
-14
-14
-16
-15
-15
-14
-15
-16
-16
-15
-15
-13
-14
-17
-13
-13
-13
-10
-16
-14
-17
-13
-10
-14
-12
-14
-14
-10
-8
-10
-8
-6
-9
-5
-8
-12
-10
-9
-8
-7
-4
-6
-4
-5
-10
-4
-5
-4
-5
-4
-7
-6
-6
-9
-5
-9
-4
-7
-3
-6
-6
-3
-5
-4
-5
-6
-3
-6
-8
-4
-4
-3
-7
-4
-5
-7
-3
-5
-5
-5
-6
-7
-8
-8
-10
-13
-16
-14
-7
-12
-10
-13
-14
-14
-15
-11
-14
-14
-15
-12
-12
-16
-14
-13
-11
-8
-8
-11
-7
-4
-7
-11
-10
-9
-10
-12
-13
-16
-13
-14
-14
-10
-14
-11
-14
-15
-15
-11
-15
-13
-16
-14
-15
-20
-20
-18
-19
-23
-22
-20
-21
-19
-20
-20
-20
-20
-20
-20
-20
-24
-19
-19
-21
-19
-18
-17
-15
-18
-15
-15
-16
-16
-16
-14
-10
-10
-10
-12
-12
-13
-13
-10
-14
-12
-14
-13
-13
-13
-8
-13
-12
-15
-13
-15
-17
-18
-22
-19
-19
-22
-19
-19
-22
-23
-22
-23
-22
-22
-23
-27
-27
-26
-22
-20
-20
-20
-21
-22
-25
-22
-24
-21
-18
-19
-16
-17
-20
-18
-21
-17
-20
-15
-13
-14
-13
-12
-11
-12
-10
-8
-11
-17
-11
-9
-11
-12
-14
-16
-10
-14
-12
-13
-9
-10
-15
-8
-11
-10
-9
-10
-6
-10
-10
-13
-12
-7
-12
-10
-12
-14
-13
-17
-12
-12
-14
-15
-16
-16
-18
-16
-13
-14
-14
-15
-16
-15
-12
-13
-17
-22
-20
-16
-23
-19
-17
-11
-10
-6
-7
-11
-9
-13
-10
-8
-10
-7
-8
-14
-10
-7
-4
-8
-10
-9
-10
-8
-5
-4
-7
-3
-5
-5
-8
-9
-10
-9
-13
-16
-16
-13
-13
-17
-15
-14
-12
-13
-12
-10
-10
-8
-7
-6
-2
-3
-3
-4
-7
-7
-4
-3
-3
-7
-8
-5
-5
-6
-8
-10
-5
-3
-3
0
-1
1
3
3
2
-1
2
4
1
0
5
5
1
1
0
1
-1
-3
-1
-10
-11
-11
-6
-4
-7
-3
-6
-6
-5
-7
-6
-6
-5
-6
-6
-5
-6
-5
-5
0
0
-5
-5
-1
-4
0
-2
-2
-2
-5
1
0
3
2
1
-1
1
0
5
3
7
5
1
1
2
2
-3
2
0
1
-3
-7
-7
-7
-9
-10
-15
-13
-16
-17
-12
-17
-17
-24
-19
-21
-19
-19
-22
-19
-20
-23
-19
-18
-18
-16
-18
-15
-15
-13
-14
-9
-13
-14
-12
-11
-7
-6
-5
0
