-6
1
-1
-7
-6
-7
-10
-9
-11
-14
-10
-10
-19
-15
-15
-17
-14
-19
-16
-16
-16
-20
-19
-18
-19
-22
-18
-17
-21
-19
-20
-25
-26
-23
-22
-22
-21
-20
-20
-18
-17
-18
-17
-15
-18
-17
-17
-18
-17
-17
-17
-19
-18
-23
-21
-22
-25
-24
-24
-19
-22
-21
-22
-20
-22
-21
-22
-25
-24
-23
-21
-22
-19
-19
-19
-20
-21
-15
-18
-18
-12
-15
-14
-15
-13
-14
-13
-13
-14
-10
-12
-14
-14
-15
-17
-18
-17
-15
-17
-8
-11
-11
-8
-9
-7
-9
-6
-3
-2
-1
2
-1
-3
1
2
0
2
0
0
5
0
1
5
3
6
7
1
1
1
0
0
0
2
1
-1
-2
-5
-4
-6
-5
-4
-4
-5
-4
0
-2
-3
0
-4
-10
-9
-7
-9
-8
-5
-3
-6
-2
-6
-5
-4
-6
-9
-11
-12
-9
-8
-4
-5
-4
-5
-6
-8
-2
-6
-9
-4
-4
-5
-3
-3
-9
-8
-7
-8
-11
-8
-14
-17
-16
-19
-19
-18
-19
-20
-18
-20
-19
-14
-11
-13
-15
-15
-20
-16
-20
-17
-19
-15
-15
-17
-15
-13
-14
-18
-17
-19
-24
-27
-26
-24
-27
-28
-27
-25
-25
-23
-16
-15
-18
-14
-12
-15
-13
-14
-14
-17
-19
-20
-18
-16
-17
-17
-21
-24
-21
-20
-21
-21
-21
-27
-24
-24
-24
-22
-20
-22
-22
-18
-16
-13
-15
-14
-10
-5
-8
-11
-6
-6
-9
-11
-7
-4
-6
-6
-6
-11
-6
-5
-1
3
1
5
2
6
1
-2
-3
0
3
4
8
3
4
-2
-2
-2
-5
1
-2
0
-4
-3
-3
-1
1
-1
2
1
4
4
3
4
3
0
3
1
-1
3
2
1
-1
-3
-6
-2
-2
-3
-2
1
1
3
6
6
1
2
4
0
5
5
1
3
4
8
6
8
8
7
9
5
7
1
1
-3
-4
-3
-7
-3
-8
-6
-2
0
-3
1
4
5
1
-4
0
-6
1
-1
-7
-3
-7
-13
-12
-14
-11
-13
-14
-14
-15
-15
-19
-13
-18
-14
-17
-18
-15
-11
-12
-12
-13
-13
-10
-9
-9
-10
-12
-12
-11
-15
-11
-16
-14
-13
-11
-14
-14
-14
-20
-23
-22
-26
-29
-25
-20
-21
-19
-23
-21
-22
-18
-16
-19
-17
-16
-15
-17
-11
-15
-13
-17
-21
-17
-19
-20
-19
-20
-18
-14
-12
-15
-11
-10
-11
-11
-9
-3
-7
-5
-2
-3
-2
-4
-9
-3
-1
-6
-1
-1
1
-2
1
4
0
10
7
9
11
5
2
0
-2
0
-7
-7
-8
-6
-5
-9
-10
-2
-3
-4
-2
-1
-2
0
1
2
1
-4
1
-1
-5
-1
-1
-1
-1
1
-4
-4
-1
1
-3
-5
2
-2
4
4
5
1
4
5
3
5
4
7
6
2
6
2
-3
2
-1
-4
-3
0
-3
-5
-5
-4
-6
-8
-3
-2
0
-6
-5
-6
-7
-8
-13
-11
-16
-14
-13
-12
-18
-14
-13
-14
-11
-18
-12
-13
-12
-10
-9
-6
-4
-8
-8
-4
-12
-14
-16
-15
-17
-17
-15
-19
-20
-19
-20
-19
-20
-22
-25
-27
-25
-27
-29
-29
-30
-33
-31
-33
-32
-29
-39
-29
-27
-31
-27
-29
-29
-25
-30
-26
-28
-26
-25
-27
-22
-22
-23
-17
-16
-25
-22
-22
-18
-16
-16
-14
-13
-10
-7
-6
-3
-3
1
1
-5
-5
2
-3
-10
-9
-5
-7
-10
-10
-13
-9
-9
-7
-1
0
0
-2
-2
-4
3
0
-8
-2
-3
-2
2
-3
-9
-2
-7
-5
-1
-8
-2
-2
-1
4
1
-1
-6
-6
-4
0
4
6
10
14
17
16
12
13
15
14
12
12
14
13
12
13
13
12
11
14
16
13
13
11
17
13
7
15
11
3
1
8
4
2
3
6
2
0
1
0
0
-2
4
0
0
-4
-10
-6
-6
-6
-1
0
-3
-3
-1
-2
2
1
-1
-3
0
-2
-6
-1
4
3
0
7
-3
-2
1
-1
-5
-5
-1
-10
-6
-5
-12
-10
-9
-11
-12
-10
-11
-13
-11
-12
-15
-15
-15
-13
-10
-14
-16
-13
-22
-22
-21
-15
-14
-15
-15
-17
-16
-21
-22
-20
-20
-22
-15
-18
-18
-13
-14
-8
-15
-9
-9
0
-4
-9
-7
-1
-3
-4
2
-5
-5
-4
-2
-4
-7
-7
-3
0
0
-2
1
4
8
6
3
8
6
0
6
7
10
9
-1
-2
8
2
8
12
6
2
4
3
-1
1
-1
-3
-2
3
-2
5
4
3
4
4
-4
-5
4
-1
2
4
0
4
-1
5
6
3
6
4
2
3
6
-4
5
9
3
-5
1
6
1
3
6
10
10
4
0
9
4
4
2
2
2
-6
-1
-2
-14
-6
-4
-9
0
-8
-14
1
-9
-1
2
-17
-7
-6
-12
-1
-11
-10
-3
-3
-4
-7
-6
-12
-17
-8
-4
-14
-4
-6
-13
-7
-12
-12
-17
-23
-15
-11
-17
-19
-18
-20
-22
-18
-24
-19
-14
-24
-24
-11
-16
-26
-14
-20
-25
-15
-15
-19
-23
-12
-13
-26
-17
-11
-23
-19
-12
-13
-12
-17
-11
-24
-20
-10
-25
-25
-21
-22
-19
-18
-16
-13
-7
-7
-5
-15
-17
-8
-8
-16
-11
-12
-15
-8
-13
-4
-8
-9
-3
-18
-6
-2
-1
-1
-8
5
6
-13
-10
-4
-11
-10
-6
-12
-10
-2
-1
4
1
-2
5
6
-11
-2
6
-8
-2
13
4
3
7
-7
7
-3
-2
2
-3
6
14
13
5
4
-1
14
2
-4
11
11
-4
1
8
7
1
4
18
3
-12
1
0
0
-1
-4
2
6
3
0
1
3
3
-3
7
7
-8
-11
-2
-16
-2
-2
-12
5
-6
-8
-2
-24
-12
-5
-14
-13
-19
-20
-9
-14
-20
-15
-19
-23
-12
-18
-12
-13
-21
-10
-19
-19
-10
-22
-13
-11
-23
-1
-15
-24
-6
-22
-28
-4
-28
-22
-16
-30
-10
-18
-21
-19
-37
-13
-12
-39
-18
-10
-30
-18
-22
-25
-6
-20
-21
-5
-25
-22
-7
-19
-22
-7
-15
-24
-15
-11
-14
-19
-14
-12
-13
-12
-10
-19
-12
-5
-18
-11
-9
-9
-14
-11
-21
-17
-10
-10
-9
-7
-5
-17
-9
-12
-8
-15
-4
-1
-18
-2
2
-15
-10
-7
-12
-19
-15
-16
-23
-12
-11
-13
-17
-9
-5
-9
-4
5
1
9
4
2
2
5
-4
6
5
8
7
-7
11
9
9
-4
-1
5
-2
9
6
2
12
-5
8
4
-10
16
1
0
10
-4
5
12
-2
-1
3
-8
-17
-6
-1
-3
-5
-2
-7
-12
-8
-9
-11
-18
-14
-12
-17
-9
-15
-24
-12
-9
-20
-16
-17
-18
-28
-26
-9
-24
-21
-10
-27
-28
-16
-23
-17
-21
-28
-26
-22
-18
-20
-25
-17
-19
-26
-21
-31
-17
-17
-29
-17
-32
-29
-13
-17
-35
-27
-12
-23
-21
-13
-27
-27
-23
-31
-17
-28
-39
-19
-20
-37
-24
-35
-40
-13
-43
-34
-23
-44
-28
-25
-31
-29
-22
-30
-22
-22
-36
-16
-21
-31
-13
-27
-28
-14
-31
-20
-10
-26
-9
-3
-38
0
-14
-33
5
-15
-29
-7
-14
-16
2
-20
-15
-1
-12
-7
-9
-7
-1
-6
-8
-11
2
-1
2
1
4
-2
1
10
3
3
11
5
-2
14
2
-1
12
7
4
-1
1
15
2
-5
15
-7
-10
6
-8
-6
2
-5
-2
2
3
-4
4
-4
0
-2
-9
2
0
-5
-1
-4
-11
7
-2
-16
-7
3
-1
-7
-7
-15
-13
-1
-5
-30
-12
5
-29
5
13
-33
-6
0
-35
2
-17
-32
4
-24
-8
-3
-32
-11
-1
-19
-14
-17
-28
-20
-12
-41
-19
-21
-30
-15
-15
-34
-24
-25
-31
-24
-27
-35
-30
-30
-34
-29
-35
-27
-48
-26
-25
-48
-33
-39
-49
-21
-23
-38
-36
-38
-30
-36
-40
-34
-35
-36
-20
-37
-35
-24
-23
-37
-29
-17
-34
-20
-12
-16
-27
-30
-7
-14
-24
-26
-16
-23
-22
-12
-31
-21
-6
-22
-6
-10
-22
-4
-21
-12
-5
-18
-8
6
-15
-8
-21
-12
15
-17
-8
-2
-13
-12
3
-17
-10
4
-14
-9
4
-19
-5
15
-7
-14
10
-8
-9
6
4
-1
3
7
10
6
-2
7
14
4
9
2
15
11
12
20
2
0
11
2
9
4
0
10
-1
5
2
-12
13
-4
-11
13
-5
-2
23
-7
-3
22
-7
7
9
-18
1
9
-9
-8
-2
-10
-15
1
5
-18
-4
22
-5
-17
13
-6
-28
7
-14
-30
0
-12
-30
-7
-21
-30
1
-18
-36
0
-18
-31
-2
-16
-17
-14
-26
-21
-5
-28
-25
-12
-28
-26
-18
-33
-20
-22
-20
-25
-17
-25
-26
-21
-21
-22
-31
-13
-7
-47
-20
-1
-35
-15
-21
-33
-5
-16
-30
-3
-31
-34
1
-20
-18
4
-30
-7
-1
-24
2
-8
-23
3
-7
-23
-15
-14
-28
2
-11
-16
-13
-12
-19
-4
-5
-12
-7
-14
-29
-16
-16
-16
-15
-17
-24
-10
5
-15
-5
-5
-18
7
-17
-6
15
-29
11
-1
-36
13
22
-22
18
-6
-4
39
-13
-2
26
-16
13
32
-15
31
25
-18
32
14
-1
26
-10
5
36
-11
16
21
-1
20
27
-11
1
31
9
21
11
-6
9
15
-12
14
1
-10
17
15
-2
16
2
10
30
-7
-27
20
14
-20
7
4
-5
8
0
-1
13
-8
-15
11
-7
-20
2
9
-28
-13
-2
-11
2
2
3
-21
-21
11
-3
-21
-23
-6
-13
-16
-7
-23
-12
-17
-31
-13
-9
-37
-14
-14
-26
-4
-17
-21
-6
-27
-33
-21
-35
-23
-15
-34
-29
-18
-32
-7
-12
-22
-16
-27
-30
-15
-15
-32
-18
-1
-28
-9
-4
-36
-9
-7
-34
-11
-8
-23
-1
-15
-22
-1
-17
-5
-5
-23
1
-10
-29
4
-8
-29
3
8
-22
-12
0
-24
8
-8
-28
5
-9
-21
0
-19
-4
9
-32
-4
2
-28
1
6
-25
-3
-6
-4
-4
-7
17
-17
2
34
-26
4
46
-21
9
34
-11
10
17
-11
8
27
1
1
14
11
6
20
20
5
8
12
14
3
-8
12
31
-4
5
30
15
16
21
16
17
21
20
5
2
18
21
5
1
11
3
4
17
-14
-1
15
-7
7
2
-12
8
2
-2
11
-9
-8
-9
-9
-7
-5
-15
-13
-7
-18
-24
-10
-10
-15
-17
-11
0
-6
-16
-5
-5
-12
-17
-13
-4
-23
-20
-4
-13
-4
-6
-28
-12
3
-33
-18
-6
-46
-10
-17
-36
-5
-33
-32
11
-31
-15
-16
-40
11
-13
-44
-11
-18
-18
7
-30
-20
31
-23
-24
14
-24
-7
-9
-33
-11
-10
-22
-10
-24
-24
-2
-11
-29
-20
0
-27
-19
6
-23
-22
3
-26
-19
0
-19
-8
-6
-46
2
9
-51
-2
-4
-33
-1
-29
-25
2
-13
0
10
-9
-5
-4
-6
-21
-18
-4
-17
-18
1
-12
3
0
-16
8
-7
-5
27
-9
-6
19
-15
7
11
-28
24
42
-11
14
34
7
39
18
14
33
1
31
28
-12
27
26
-8
30
5
8
29
16
20
12
1
30
8
-3
29
10
0
32
13
11
25
23
8
24
28
-6
29
21
-13
18
8
-4
16
5
-4
24
0
1
18
-10
-14
11
-17
1
-5
4
6
-10
29
-11
-11
28
12
-31
2
17
-13
-20
19
-14
-20
-4
-13
-13
-13
3
-2
-19
-8
2
-31
4
12
-39
-20
12
-14
-38
-7
-12
-9
-22
-11
-18
-27
-3
-6
-38
-13
-16
-33
21
-22
-19
9
-38
-19
22
-39
-41
6
-28
-29
-17
-5
-22
-30
-1
-7
-27
-3
-8
-5
16
-36
-28
30
-41
-33
30
-33
-1
23
-28
-4
2
-17
8
-10
-17
9
-13
0
-6
-17
20
-1
-18
6
8
-10
-1
7
-4
0
9
-5
-3
5
74
31
-61
51
28
-62
47
8
-46
28
-8
-15
29
2
20
22
-1
25
6
3
44
7
5
58
10
9
37
15
16
11
28
27
-5
20
15
11
14
41
8
-6
43
21
-4
34
4
-3
36
5
4
11
3
12
8
19
27
0
-12
9
17
-16
5
27
-4
7
11
5
0
4
-6
-16
-3
-4
-1
9
-17
1
14
7
17
-16
-4
18
-29
-9
15
-36
-3
5
-20
-8
-11
11
-5
-39
-8
2
-13
-11
-32
-9
-2
-36
1
-15
-13
27
-31
2
12
10
15
-44
5
17
-33
-1
-4
-19
8
-16
0
-4
-14
11
6
13
0
-14
21
-17
-20
21
-15
-10
10
-25
-4
20
7
-15
-8
22
-22
-19
-1
-20
-5
8
-21
72
26
-34
44
1
-21
26
-30
-25
-12
-47
32
-22
-35
24
-29
11
-1
-17
25
11
-1
26
13
17
14
8
17
16
-3
21
44
15
12
27
37
20
33
112
86
14
52
16
9
23
-24
15
8
-42
-32
8
-9
-15
6
-6
0
9
-11
16
5
5
32
30
28
23
40
51
12
22
26
9
21
7
17
0
-5
27
4
0
20
4
17
17
12
21
15
9
20
17
41
18
1
20
-10
22
11
-11
17
-8
21
49
-7
-13
12
-31
-14
-14
-9
-1
-47
2
9
-26
0
-15
-12
21
-20
10
17
-4
14
8
16
17
7
12
-4
8
-7
-16
-3
-7
-21
-11
-10
-25
-15
-5
-9
-15
-14
-5
-4
-5
0
1
0
14
-9
-2
29
-17
-4
17
-16
-7
0
-8
-3
-5
-7
-7
2
-5
-7
-9
-16
-12
-6
-4
-23
0
-4
-23
-9
0
0
2
3
4
10
-1
0
4
5
27
2
5
5
1
-19
-11
-10
0
8
-17
-7
5
-17
-5
16
17
5
27
26
2
31
8
16
20
6
12
21
-8
3
14
-16
11
-5
-12
-6
-1
-4
-7
2
-9
-15
14
3
6
1
5
11
12
17
23
22
22
18
21
35
24
20
20
29
23
13
17
8
5
23
4
20
28
11
7
18
2
3
1
-6
21
12
-4
10
6
23
14
-8
26
9
-5
17
6
12
10
9
28
-13
-6
23
-26
1
-19
0
-1
-28
8
-12
-29
3
2
-13
-11
-38
-15
-6
-29
3
6
-8
-3
-1
2
-13
-3
3
-18
9
-3
-5
8
4
11
-2
6
-2
0
10
-4
-3
-4
-4
1
-11
-16
-14
-13
-8
-5
2
-11
-14
-4
8
-3
-20
-8
-19
-8
-18
-9
7
-15
-11
-8
-4
-1
-14
13
-1
-4
5
-31
-9
-2
-27
-1
10
-18
12
6
-6
13
4
-15
-1
-1
-14
-24
-9
-5
-27
-12
-3
-21
2
3
-15
-6
-8
-11
-3
-16
1
4
-2
17
5
2
7
15
11
9
2
9
8
5
25
22
14
8
17
28
23
18
12
1
5
-6
-15
-14
-17
-18
-5
-14
-25
-8
-9
-1
-2
-4
14
15
20
21
14
27
31
29
29
42
17
19
7
5
10
-3
-12
-11
-6
-20
-3
-15
-13
-8
1
-2
1
11
13
5
0
8
-11
15
1
5
21
-8
9
5
-14
1
-23
-24
-10
-30
-13
-31
-31
-13
-29
-5
-4
-2
3
2
0
-10
-9
-7
-19
-5
-8
-13
-4
0
-7
0
3
-4
-4
-13
-11
-17
-15
-28
-33
-8
-31
-19
-20
-15
-3
-10
0
10
-12
0
1
-10
-3
-9
-12
-25
-24
-27
-28
-19
-29
-15
5
-8
2
6
4
19
3
11
7
14
13
11
3
-1
-2
1
-10
-20
-3
-9
-3
-12
-9
6
-5
13
3
13
20
3
8
18
9
11
16
7
14
-5
7
6
-19
-7
-20
-6
-13
-30
-11
-26
-27
-26
-13
5
-4
2
3
8
21
20
19
23
20
24
24
9
7
12
19
5
8
16
10
18
18
25
20
24
25
16
11
-9
-11
-3
-3
-15
-6
-1
-5
-2
0
7
3
-1
-1
0
10
-11
-6
-3
11
5
-4
12
4
-4
4
0
-4
2
-16
-12
-12
-11
-12
1
2
-11
-9
5
16
9
5
6
9
-7
-3
9
5
-9
-4
-3
-1
2
-2
1
2
9
10
8
3
-1
-7
2
-2
-8
-3
4
0
10
11
21
17
10
29
15
12
10
15
19
15
10
7
5
2
5
6
8
6
2
13
16
17
17
22
14
26
25
23
34
27
25
20
14
16
15
5
14
9
10
13
8
10
13
6
4
2
-10
4
4
6
9
4
10
14
10
19
14
20
18
12
9
2
5
-8
-10
-17
-19
-9
-19
-27
-21
-20
-28
-29
-18
-25
-30
-25
-28
-27
-23
-23
-20
-16
-12
-7
-14
-11
-10
-10
-10
-22
-23
-28
-38
-28
-35
-43
-32
-43
-34
-31
-33
-29
-28
-31
-37
-35
-39
-46
-48
-50
-53
-56
-60
-54
-46
-43
-35
-23
-2
23
36
61
91
114
137
171
197
216
226
232
243
239
230
211
195
171
144
117
88
58
43
29
7
6
0
-5
7
6
19
30
35
46
47
51
48
48
48
41
37
25
21
18
16
10
-2
-1
-4
-9
-20
-34
-50
-55
-58
-66
-73
-79
-94
-93
-97
-103
-99
-94
-91
-95
-97
-107
-102
-102
-103
-102
-106
-101
-99
-108
-106
-107
-103
-106
-111
-107
-107
-112
-116
-116
-117
-120
-133
-146
-151
-162
-166
-167
-148
-95
-70
-55
-2
81
155
208
264
332
395
432
449
462
459
417
357
313
260
176
89
8
-52
-104
-152
-190
-210
-211
-215
-195
-153
-120
-94
-60
-25
4
31
40
48
58
59
55
55
68
72
65
82
105
120
132
144
157
171
172
172
175
162
145
124
112
102
80
49
26
23
23
2
-9
-8
-9
-6
-10
-5
6
6
1
0
9
11
-2
-1
0
3
4
4
-2
-8
-8
-15
-15
-18
-28
-44
-54
-71
-81
-93
-118
-129
-139
-153
-164
-174
-174
-180
-185
-185
-188
-188
-192
-194
-193
-198
-208
-206
-210
-228
-255
-271
-281
-293
-296
-268
-200
-154
-118
-42
66
170
253
335
431
514
562
583
596
591
537
462
386
313
219
102
2
-71
-134
-194
-237
-255
-258
-256
-240
-202
-163
-133
-108
-73
-37
-12
-2
5
14
21
22
33
55
67
73
89
121
144
163
176
194
203
199
178
167
140
93
47
8
-24
-71
-112
-133
-133
-128
-123
-114
-79
-42
-16
17
49
78
93
93
99
111
96
79
61
51
44
25
11
13
8
7
17
17
25
22
15
6
-4
-22
-50
-79
-107
-131
-158
-178
-190
-206
-213
-204
-193
-188
-180
-161
-141
-127
-113
-110
-107
-109
-127
-142
-159
-187
-220
-261
-293
-310
-335
-346
-321
-273
-213
-161
-86
37
157
255
350
450
546
601
624
651
640
595
509
430
359
252
142
34
-48
-109
-175
-222
-242
-256
-253
-239
-206
-169
-143
-120
-88
-52
-27
-19
-9
6
2
4
19
32
49
62
80
115
150
168
185
205
215
219
198
191
164
122
80
31
3
-40
-85
-111
-126
-134
-130
-122
-96
-58
-31
7
43
85
114
122
135
140
138
123
107
95
76
51
39
30
25
20
16
24
31
29
18
13
2
-13
-42
-72
-101
-137
-167
-196
-213
-231
-247
-247
-235
-220
-198
-176
-149
-122
-103
-85
-75
-67
-75
-90
-109
-130
-161
-209
-257
-294
-327
-361
-372
-341
-282
-230
-189
-100
45
170
257
355
468
559
607
638
665
656
588
504
438
365
247
125
23
-48
-127
-189
-232
-251
-262
-270
-242
-197
-167
-155
-126
-88
-55
-40
-30
-15
-12
-14
-13
5
29
38
47
73
118
150
166
194
218
232
228
227
221
185
132
75
32
-17
-85
-154
-198
-223
-241
-235
-205
-170
-124
-63
6
90
155
200
243
282
311
302
281
250
202
163
105
53
14
-33
-68
-86
-84
-79
-82
-76
-56
-43
-34
-31
-42
-51
-70
-93
-115
-143
-175
-201
-214
-223
-223
-222
-212
-196
-172
-152
-139
-118
-110
-107
-101
-111
-132
-166
-220
-257
-289
-336
-369
-383
-336
-285
-261
-210
-93
56
163
259
386
524
610
657
700
732
704
622
533
468
371
222
89
1
-73
-167
-229
-248
-252
-267
-255
-204
-147
-114
-98
-52
-8
9
5
7
10
-13
-32
-38
-22
-15
-18
-10
38
91
122
154
195
240
254
257
255
258
220
152
86
46
-21
-124
-195
-244
-286
-315
-328
-298
-243
-198
-139
-44
61
146
208
271
339
378
385
366
349
316
245
180
124
65
4
-55
-79
-94
-106
-114
-108
-86
-71
-71
-58
-44
-57
-64
-82
-98
-117
-149
-175
-193
-207
-214
-221
-222
-206
-200
-189
-166
-147
-134
-131
-123
-116
-127
-155
-193
-236
-275
-320
-371
-399
-393
-353
-324
-303
-221
-84
43
146
263
411
535
609
668
729
755
701
617
561
496
369
222
110
23
-74
-165
-208
-229
-259
-281
-245
-188
-150
-128
-100
-44
-15
-8
4
11
1
-28
-39
-32
-24
-34
-38
-8
38
75
107
145
191
225
234
240
253
236
181
120
74
14
-71
-162
-230
-279
-329
-377
-381
-361
-322
-265
-213
-111
-4
69
156
233
309
356
376
397
380
348
292
223
173
110
34
-22
-55
-84
-112
-123
-118
-110
-106
-92
-91
-73
-79
-91
-89
-107
-132
-159
-175
-197
-209
-228
-229
-217
-209
-199
-182
-148
-128
-120
-104
-90
-89
-100
-119
-141
-182
-243
-300
-350
-398
-443
-449
-403
-367
-342
-265
-134
10
125
239
388
528
618
681
749
778
741
667
606
546
425
280
158
67
-26
-126
-182
-212
-239
-260
-249
-197
-158
-143
-116
-75
-51
-35
-39
-37
-49
-67
-76
-74
-64
-60
-56
-32
13
62
108
140
188
229
250
257
256
245
198
133
75
18
-57
-147
-225
-282
-317
-358
-372
-361
-323
-258
-200
-108
8
92
175
259
334
392
406
421
411
382
337
266
221
160
87
34
-7
-34
-60
-83
-86
-81
-81
-79
-82
-79
-86
-108
-121
-137
-162
-190
-212
-225
-232
-248
-244
-231
-216
-187
-174
-150
-118
-105
-91
-84
-84
-95
-118
-143
-174
-224
-287
-341
-384
-428
-468
-459
-406
-357
-312
-237
-100
53
163
277
425
561
637
692
752
781
733
648
584
518
408
257
135
57
-39
-136
-204
-226
-250
-289
-290
-241
-201
-189
-171
-134
-88
-77
-76
-68
-68
-75
-88
-81
-58
-56
-52
-32
13
63
93
123
172
208
221
223
227
224
175
111
64
20
-51
-138
-207
-255
-299
-340
-348
-332
-291
-235
-177
-84
20
98
185
262
345
399
416
434
423
399
349
274
227
170
83
28
-20
-53
-90
-117
-121
-128
-130
-129
-136
-136
-133
-158
-167
-173
-195
-216
-229
-238
-237
-240
-231
-215
-201
-169
-156
-128
-99
-86
-73
-72
-75
-83
-106
-140
-167
-217
-282
-339
-385
-427
-469
-470
-424
-371
-326
-262
-127
28
149
261
406
551
642
697
757
803
770
688
621
560
456
305
174
85
-18
-127
-205
-246
-281
-319
-324
-289
-245
-227
-208
-170
-121
-101
-96
-80
-69
-69
-80
-76
-54
-41
-44
-34
12
60
85
112
154
194
212
210
222
226
191
126
74
39
-28
-112
-183
-234
-271
-323
-341
-329
-293
-241
-198
-113
-5
71
149
227
306
359
376
398
390
367
329
254
205
147
67
7
-42
-75
-114
-147
-157
-165
-166
-166
-174
-159
-164
-183
-184
-184
-188
-202
-208
-211
-201
-198
-186
-166
-144
-124
-115
-86
-66
-64
-74
-80
-83
-97
-130
-163
-193
-232
-287
-342
-378
-405
-445
-456
-417
-346
-289
-252
-148
11
153
243
357
508
619
670
711
778
780
706
622
571
509
361
204
110
27
-92
-201
-249
-264
-316
-356
-329
-273
-252
-253
-225
-165
-138
-131
-115
-88
-82
-100
-99
-71
-49
-49
-53
-21
35
65
79
120
167
196
191
198
219
203
138
82
58
11
-69
-147
-191
-241
-286
-327
-325
-294
-270
-221
-161
-68
25
87
170
260
333
367
388
415
403
369
319
260
212
134
51
-2
-53
-104
-151
-176
-179
-194
-205
-201
-197
-192
-193
-192
-179
-180
-194
-203
-195
-194
-193
-197
-187
-173
-163
-150
-145
-119
-109
-119
-108
-109
-121
-141
-173
-191
-210
-257
-301
-355
-384
-409
-457
-446
-405
-330
-280
-235
-115
46
173
264
389
531
638
678
727
782
770
689
609
565
485
319
171
86
-7
-132
-229
-263
-285
-346
-373
-322
-270
-255
-252
-206
-145
-123
-116
-89
-66
-64
-82
-81
-49
-35
-42
-39
0
60
84
100
140
194
216
206
213
236
207
139
99
75
21
-74
-141
-187
-230
-284
-317
-319
-300
-283
-238
-153
-73
11
77
170
275
338
377
404
432
431
391
348
297
228
157
75
21
-32
-98
-150
-169
-174
-194
-206
-198
-196
-189
-181
-178
-169
-173
-190
-193
-185
-179
-197
-203
-193
-174
-170
-159
-144
-130
-116
-126
-117
-111
-127
-156
-179
-196
-230
-273
-302
-337
-380
-410
-428
-434
-414
-372
-283
-216
-155
-41
105
241
319
421
552
636
669
692
722
710
617
522
472
389
232
96
11
-64
-169
-256
-281
-296
-341
-356
-312
-262
-248
-246
-199
-155
-141
-137
-113
-87
-98
-103
-82
-61
-39
-35
-22
23
63
84
115
143
180
194
184
190
193
166
106
62
35
-11
-92
-145
-163
-199
-235
-242
-226
-196
-173
-138
-74
-4
57
91
147
209
241
254
264
277
265
240
213
188
167
129
90
67
58
22
-5
-18
-35
-59
-87
-105
-123
-151
-184
-206
-217
-234
-257
-260
-241
-235
-222
-204
-169
-132
-112
-89
-62
-43
-47
-52
-57
-65
-96
-133
-171
-200
-240
-280
-301
-326
-351
-382
-391
-380
-368
-354
-304
-217
-141
-93
-12
114
238
306
375
481
567
598
614
648
648
584
505
455
404
297
160
75
14
-85
-174
-232
-264
-305
-348
-346
-314
-294
-295
-272
-224
-190
-164
-137
-102
-74
-58
-42
-22
4
15
13
25
57
86
87
89
113
141
139
131
141
141
109
72
57
34
-15
-76
-121
-145
-177
-207
-222
-220
-191
-153
-112
-51
29
82
143
212
276
311
325
344
340
313
275
210
163
106
32
-22
-68
-104
-155
-186
-190
-193
-201
-197
-185
-164
-152
-155
-134
-120
-120
-124
-119
-108
-111
-125
-127
-119
-117
-121
-129
-125
-119
-139
-150
-156
-165
-183
-205
-215
-225
-252
-294
-316
-331
-344
-376
-354
-284
-226
-185
-135
-4
145
233
311
443
573
638
659
710
756
704
608
548
511
401
221
99
35
-65
-190
-263
-276
-302
-362
-359
-295
-247
-244
-232
-174
-108
-99
-105
-74
-53
-63
-78
-71
-40
-35
-58
-46
7
55
61
72
119
166
179
176
194
214
177
122
98
80
23
-64
-115
-133
-165
-197
-208
-186
-156
-141
-107
-39
31
56
88
139
190
204
196
200
206
191
155
132
120
92
52
31
35
29
-4
-21
-18
-19
-43
-65
-80
-94
-127
-161
-172
-185
-212
-235
-238
-222
-213
-211
-199
-167
-136
-122
-111
-88
-75
-83
-96
-105
-109
-141
-183
-209
-226
-250
-283
-302
-314
-332
-343
-342
-325
-299
-259
-180
-112
-59
18
132
236
302
366
463
541
566
580
606
615
554
476
447
399
295
176
111
53
-39
-115
-164
-198
-250
-289
-281
-265
-275
-285
-259
-220
-194
-176
-140
-108
-89
-67
-36
-5
16
28
39
66
86
105
117
123
143
152
153
154
151
149
122
93
88
68
31
-1
-24
-37
-45
-59
-64
-54
-44
-34
-8
26
47
60
75
103
121
132
126
131
129
118
109
98
95
74
57
57
51
31
14
2
-12
-29
-55
-81
-100
-126
-148
-169
-181
-189
-210
-207
-198
-182
-168
-159
-137
-113
-98
-92
-77
-75
-79
-90
-104
-122
-146
-167
-195
-211
-230
-244
-255
-267
-286
-293
-285
-277
-271
-240
-171
-113
-80
-23
87
191
252
312
407
495
535
552
592
615
571
500
466
433
338
212
129
70
-28
-125
-184
-215
-267
-324
-325
-298
-297
-309
-286
-231
-193
-179
-141
-97
-74
-60
-35
0
22
22
27
48
77
91
93
102
117
136
143
143
156
153
138
113
103
91
51
7
-16
-24
-55
-76
-85
-83
-76
-70
-54
-15
12
26
49
87
114
121
130
136
149
141
132
124
118
104
80
75
67
51
32
11
3
-11
-36
-63
-83
-106
-131
-150
-164
-179
-193
-201
-200
-185
-178
-171
-162
-140
-125
-118
-113
-107
-101
-111
-115
-121
-135
-153
-166
-179
-193
-207
-218
-230
-243
-257
-264
-261
-261
-241
-186
-136
-98
-52
43
153
218
277
375
471
522
548
585
617
580
517
486
449
356
230
143
83
-13
-119
-183
-217
-271
-333
-335
-305
-304
-313
-286
-231
-198
-176
-144
-95
-73
-61
-32
-6
15
16
22
37
56
74
83
91
108
132
146
150
160
173
155
132
117
92
61
10
-26
-44
-70
-99
-114
-116
-114
-104
-89
-55
-19
9
35
74
115
127
135
147
161
165
155
141
137
128
100
81
76
59
25
-2
-7
-29
-61
-88
-112
-125
-148
-169
-186
-191
-202
-209
-208
-195
-185
-183
-178
-157
-140
-133
-132
-122
-113
-123
-124
-126
-122
-133
-151
-152
-150
-160
-173
-177
-194
-210
-228
-234
-243
-242
-208
-154
-121
-96
-15
97
182
233
332
445
517
550
591
641
627
564
512
483
410
278
165
99
16
-93
-174
-210
-253
-309
-334
-309
-282
-287
-278
-229
-181
-161
-135
-103
-74
-62
-54
-33
-9
5
6
10
32
63
89
104
128
165
194
205
212
224
215
180
151
129
87
17
-37
-62
-98
-130
-157
-165
-160
-146
-122
-85
-32
4
26
67
118
149
157
162
172
173
155
140
135
123
97
74
64
54
35
6
-4
-19
-34
-66
-93
-106
-131
-156
-172
-185
-198
-211
-216
-208
-196
-194
-187
-167
-140
-128
-115
-103
-97
-84
-84
-83
-84
-89
-103
-112
-125
-138
-154
-172
-184
-204
-229
-245
-255
-262
-261
-217
-159
-132
-97
-13
101
186
243
337
442
507
535
569
617
597
524
472
443
374
248
144
76
-1
-100
-175
-210
-248
-300
-323
-304
-278
-276
-271
-239
-198
-168
-141
-121
-97
-75
-56
-36
-12
18
37
42
67
112
150
163
174
209
236
232
217
219
204
147
99
67
25
-39
-107
-144
-158
-177
-198
-191
-161
-129
-96
-49
22
74
106
143
189
226
224
210
207
202
175
139
109
92
56
22
4
-3
-26
-52
-68
-68
-77
-101
-123
-131
-138
-162
-181
-186
-190
-204
-207
-190
-169
-163
-161
-140
-114
-95
-93
-86
-72
-72
-79
-83
-84
-104
-127
-153
-164
-183
-205
-234
-269
-280
-291
-307
-311
-279
-214
-164
-143
-65
70
175
232
300
426
515
536
552
596
612
537
456
428
392
273
139
75
34
-57
-154
-191
-204
-247
-298
-292
-243
-246
-271
-258
-213
-186
-187
-174
-144
-117
-104
-82
-40
4
36
54
88
137
177
193
192
220
243
232
193
179
168
118
49
10
-13
-64
-137
-171
-170
-177
-195
-198
-159
-123
-100
-75
-17
39
62
80
123
169
179
167
169
190
193
167
151
155
149
120
95
87
80
39
-4
-26
-40
-71
-120
-149
-156
-171
-198
-208
-198
-186
-185
-178
-146
-117
-105
-101
-77
-46
-41
-53
-59
-57
-70
-91
-103
-112
-129
-156
-170
-169
-178
-196
-204
-209
-219
-242
-259
-262
-270
-274
-242
-178
-129
-98
-25
100
215
284
368
472
552
588
595
631
624
543
450
390
335
214
82
-6
-72
-144
-220
-263
-271
-289
-315
-309
-269
-237
-241
-239
-207
-180
-155
-144
-132
-94
-69
-51
-17
46
97
118
141
194
253
267
254
252
268
238
177
145
121
57
-19
-69
-98
-133
-186
-217
-204
-178
-164
-150
-107
-48
-4
29
79
131
157
165
182
209
218
204
179
170
172
148
110
94
77
50
21
-2
-22
-46
-82
-114
-125
-136
-153
-175
-180
-184
-184
-176
-169
-150
-139
-122
-106
-92
-76
-79
-76
-70
-64
-71
-78
-87
-99
-107
-119
-132
-149
-160
-173
-183
-193
-203
-215
-244
-270
-280
-272
-288
-288
-226
-142
-97
-59
48
200
306
358
439
550
619
610
600
619
591
483
379
322
260
146
23
-48
-85
-133
-198
-229
-237
-248
-268
-276
-264
-250
-244
-256
-255
-213
-163
-138
-118
-68
7
63
109
159
224
265
262
275
297
295
249
206
176
144
94
41
-1
-37
-70
-102
-123
-126
-131
-146
-155
-140
-109
-101
-98
-67
-32
-1
39
73
101
137
172
190
207
230
227
218
198
186
170
132
87
53
35
-2
-38
-60
-79
-100
-117
-128
-128
-133
-148
-155
-143
-130
-135
-131
-116
-92
-81
-65
-44
-32
-19
-24
-18
-18
-38
-65
-85
-103
-130
-156
-176
-188
-200
-208
-214
-209
-205
-212
-216
-228
-237
-243
-252
-266
-241
-171
-106
-66
3
128
261
354
433
527
607
638
633
633
599
514
416
315
221
125
30
-55
-143
-199
-217
-232
-261
-290
-292
-279
-290
-295
-276
-251
-251
-241
-194
-126
-77
-34
33
97
162
215
269
308
302
297
305
280
231
192
163
115
53
34
22
-9
-54
-76
-77
-104
-137
-147
-158
-176
-168
-149
-134
-107
-54
4
47
103
175
232
260
280
302
317
293
258
228
195
145
94
58
23
-4
-26
-55
-67
-75
-90
-108
-121
-127
-131
-141
-151
-142
-132
-122
-118
-101
-78
-56
-41
-28
-21
-16
-19
-40
-57
-75
-93
-113
-136
-153
-161
-163
-171
-173
-169
-169
-175
-175
-181
-195
-208
-238
-262
-271
-272
-276
-257
-167
-55
24
95
216
370
482
540
592
632
635
591
534
481
396
287
181
109
52
-9
-69
-118
-154
-178
-205
-236
-271
-315
-337
-360
-364
-352
-318
-284
-240
-161
-65
36
101
166
229
278
303
305
304
286
242
209
190
162
138
117
100
72
47
26
-7
-57
-116
-170
-228
-276
-305
-302
-293
-265
-208
-136
-56
36
124
187
232
269
293
293
279
243
209
184
152
128
110
85
71
58
37
18
-12
-48
-88
-117
-144
-170
-184
-190
-173
-153
-117
-84
-49
-20
-6
2
8
9
-10
-38
-62
-72
-83
-95
-100
-92
-82
-78
-84
-89
-99
-117
-144
-164
-187
-220
-238
-250
-261
-260
-255
-258
-257
-240
-218
-212
-179
-89
14
78
121
214
340
439
485
528
548
538
512
495
450
341
239
178
131
48
-29
-70
-104
-163
-221
-237
-252
-297
-347
-360
-357
-351
-312
-249
-205
-157
-72
48
139
183
239
286
311
311
321
317
279
239
224
220
190
152
137
111
43
-12
-50
-98
-171
-249
-298
-324
-327
-312
-280
-240
-173
-77
20
91
152
207
240
258
260
259
246
216
188
177
166
146
127
111
91
56
19
-10
-55
-108
-150
-176
-179
-180
-174
-163
-130
-87
-55
-33
-24
-17
-21
-26
-32
-44
-51
-57
-56
-47
-27
-17
-10
-11
-27
-51
-74
-107
-145
-192
-233
-260
-267
-266
-261
-253
-240
-209
-179
-159
-169
-183
-188
-189
-199
-197
-126
-18
77
140
226
341
456
535
568
539
485
453
436
393
281
178
123
110
82
37
-24
-70
-111
-164
-216
-287
-346
-399
-416
-411
-390
-329
-234
-124
-34
44
126
213
275
301
283
251
239
251
260
238
206
198
212
213
188
147
90
11
-70
-140
-213
-280
-322
-339
-337
-298
-217
-136
-58
12
68
124
170
206
213
198
195
196
212
224
225
228
219
219
212
175
119
57
-4
-55
-106
-139
-165
-171
-154
-133
-101
-78
-58
-42
-35
-37
-45
-63
-66
-62
-61
-47
-40
-11
15
27
35
22
12
-20
-48
-82
-131
-176
-212
-222
-232
-244
-250
-235
-218
-207
-196
-187
-178
-181
-183
-187
-190
-196
-192
-187
-151
-69
41
140
198
263
326
384
436
463
441
386
345
342
332
293
234
172
147
123
78
0
-90
-179
-249
-281
-325
-382
-408
-382
-328
-258
-192
-123
-59
19
95
135
149
148
171
194
218
229
229
226
237
252
258
239
175
113
59
14
-43
-100
-153
-189
-194
-187
-174
-152
-121
-88
-44
-8
21
38
56
67
89
120
140
164
187
207
216
208
206
194
169
137
103
66
30
-1
-25
-47
-63
-63
-65
-70
-69
-69
-72
-70
-60
-53
-42
-37
-35
-26
-17
-4
6
5
1
6
8
4
-3
-18
-32
-44
-54
-75
-101
-123
-141
-158
-171
-168
-162
-151
-129
-99
-73
-51
-34
-22
-14
-8
-13
-30
-44
-54
-55
-58
-62
-45
-4
38
82
133
175
201
208
210
203
170
133
105
98
90
88
92
96
99
89
82
67
42
7
-11
-14
-20
-13
7
34
55
84
116
128
123
106
80
50
17
-11
-26
-47
-53
-41
-30
-17
-10
-16
-19
-32
-56
-62
-72
-75
-70
-55
-23
13
38
66
83
84
82
78
65
38
21
12
11
18
36
50
70
84
91
92
79
62
35
13
-5
-28
-40
-40
-31
-10
6
21
41
59
72
80
76
71
67
65
63
57
52
55
61
65
67
60
53
39
26
3
-14
-43
-71
-85
-90
-92
-91
-79
-67
-48
-33
-18
-6
3
8
15
9
10
10
8
6
6
15
20
30
32
38
36
27
25
15
9
-9
-24
-34
-42
-44
-52
-57
-62
-66
-70
-68
-76
-78
-81
-81
-77
-72
-67
-54
-31
-11
16
36
60
77
85
89
88
87
77
64
56
49
44
47
43
41
47
54
60
61
64
64
68
64
64
68
78
85
86
91
94
95
92
92
90
77
61
50
39
24
15
12
4
0
1
12
18
10
6
-6
-14
-20
-35
-51
-61
-64
-70
-63
-50
-34
-13
3
8
23
35
38
36
31
28
21
21
24
28
33
30
33
30
34
20
2
-11
-26
-35
-50
-56
-58
-48
-34
-21
-5
10
25
39
55
57
58
55
49
46
42
38
37
43
51
53
56
54
53
47
37
26
5
-7
-14
-27
-36
-45
-43
-46
-45
-44
-45
-45
-49
-52
-54
-52
-47
-41
-34
-17
-3
16
29
34
45
42
39
32
18
4
-7
-15
-24
-26
-28
-19
-11
-4
8
12
28
32
39
45
59
68
78
90
101
109
118
127
124
126
127
121
111
112
100
93
88
85
80
74
71
63
54
42
40
31
16
8
-6
-13
0
13
33
30
19
-5
-21
-45
-82
-103
-109
-95
-71
-33
0
17
31
31
31
43
48
44
51
46
38
23
-3
-25
-57
-78
-90
-86
-67
-51
-44
-35
-14
11
23
29
37
45
63
73
79
70
54
47
37
33
31
35
38
42
46
41
28
18
4
-8
-10
-24
-24
-16
-16
-20
-19
-15
-26
-30
-40
-36
-34
-31
-18
-19
-16
-5
13
16
16
15
18
29
28
21
17
14
15
6
7
0
-10
-11
-14
-16
-15
-16
-15
-6
-2
10
21
23
31
37
40
45
54
49
47
53
59
60
70
79
81
83
91
99
102
96
93
98
96
88
80
66
56
46
38
28
18
17
18
14
3
11
13
6
10
7
5
3
18
24
23
32
42
57
62
65
49
49
53
33
22
23
21
12
12
13
5
0
8
9
10
13
9
20
29
23
12
14
13
10
20
22
27
37
56
58
55
64
60
57
50
41
42
38
39
40
34
38
36
25
8
-6
-25
-37
-37
-36
-40
-44
-36
-20
-6
-1
-2
-10
-3
1
3
3
-5
0
9
20
20
37
55
73
77
75
66
37
11
-8
-23
-52
-60
-59
-45
-40
-40
-49
-54
-53
-51
-48
-46
-30
-15
14
21
27
29
37
42
46
60
59
69
76
78
80
74
73
67
59
51
43
31
12
12
13
8
-4
-13
-9
3
7
-7
-18
-21
-5
-1
-6
-9
11
20
37
46
47
64
60
50
57
60
39
38
49
57
28
41
59
55
48
36
28
21
24
8
24
23
19
17
19
4
-13
8
18
12
20
41
33
23
22
28
35
39
33
37
48
47
41
29
31
34
41
37
23
5
-2
-9
-11
-6
-23
-30
-38
-40
-24
-9
-9
-11
-4
-10
-6
-14
-24
-23
-8
11
7
28
29
25
30
24
12
13
23
12
11
13
11
9
3
-1
6
5
-12
-29
-44
-44
-48
-37
-23
-11
3
9
24
33
35
28
32
38
41
45
43
46
46
58
63
47
33
16
8
-5
1
4
5
1
-12
-17
-10
-4
-6
-13
-26
-16
-11
-11
-10
2
6
12
12
21
28
15
8
11
17
21
30
29
28
22
16
14
10
6
7
2
1
0
4
3
3
6
11
14
14
10
16
20
21
33
28
27
29
28
24
27
31
34
31
36
45
38
28
29
24
28
35
33
29
21
20
13
2
3
-3
-9
-5
-12
-12
-10
-1
10
17
28
37
31
21
26
27
38
37
34
38
51
66
60
48
39
37
32
30
21
-2
-14
-19
-20
-18
-14
-8
-1
7
8
4
1
-2
3
-3
0
4
14
32
42
51
60
66
66
61
49
38
26
14
9
-11
-35
-30
-20
-14
-18
-21
-24
-40
-47
-53
-47
-44
-27
-7
-2
4
12
11
12
16
10
7
5
10
15
21
28
32
28
20
18
21
11
-2
-5
2
8
17
13
9
5
-3
-2
-7
-2
-8
-1
4
11
17
14
16
18
25
21
12
4
-10
-5
-1
-1
8
9
4
1
-1
-8
-18
-15
-10
-7
-4
-7
-5
0
-1
-7
-8
-5
-14
-16
-25
-22
-19
-12
0
4
8
5
10
10
6
18
30
29
33
39
38
43
47
44
44
40
37
24
21
14
16
16
17
20
13
12
9
8
-4
-2
4
8
6
6
9
15
15
11
17
27
35
35
35
33
30
29
27
19
16
18
26
17
11
13
12
8
13
5
-5
-6
-5
4
6
9
0
2
6
7
9
9
11
16
24
21
19
14
16
21
21
24
20
19
19
17
16
9
3
-1
-1
-1
4
7
18
29
37
44
40
34
25
17
7
0
-3
4
7
6
5
7
6
-4
-12
-12
-10
-2
0
0
4
8
17
24
17
12
15
13
7
2
-1
6
16
14
14
9
0
-3
-3
-4
-1
0
3
10
12
14
15
14
20
17
12
8
10
11
9
7
17
30
34
36
31
28
24
27
34
41
47
51
44
40
43
40
33
28
26
24
9
9
18
23
37
44
45
44
36
30
28
26
23
20
15
19
20
19
19
25
30
28
20
9
8
8
18
22
22
17
15
22
24
18
12
7
7
11
11
17
19
28
33
37
26
17
19
18
24
24
25
27
34
37
46
43
39
45
48
42
37
35
28
31
28
25
14
11
10
6
5
-1
-1
0
2
11
11
12
19
22
20
14
19
21
20
19
16
18
20
25
21
23
24
22
16
8
11
6
8
6
9
11
9
11
11
16
13
14
17
16
9
19
25
21
21
26
30
21
18
26
30
34
44
49
48
49
45
38
35
32
25
15
12
11
14
22
25
28
29
28
22
20
11
6
7
7
2
2
6
2
5
9
11
4
1
0
1
11
10
11
16
15
20
20
14
13
5
1
2
-8
-5
-3
2
7
7
10
8
15
15
10
9
9
12
24
45
51
54
58
60
61
57
57
52
47
44
35
35
24
23
27
29
33
30
24
24
18
17
13
4
4
3
2
-1
5
5
7
15
16
17
18
22
21
21
21
21
21
14
10
17
19
18
13
13
19
23
29
27
29
21
25
29
29
25
29
28
27
30
33
33
35
40
41
40
37
40
37
34
32
30
28
28
26
22
24
20
20
20
18
22
22
21
22
20
20
15
16
14
15
19
16
14
14
20
15
8
9
6
10
13
8
12
5
9
9
4
3
-3
-10
-13
-12
-14
-9
-13
-10
-9
-12
-7
0
-8
-7
-4
-1
8
9
13
17
23
23
27
27
31
34
36
37
33
33
32
26
26
26
26
23
26
25
32
25
20
21
13
11
6
6
5
5
3
0
5
7
11
13
18
26
33
34
33
33
31
22
17
16
13
14
14
12
13
23
22
22
23
23
21
20
29
23
30
30
28
25
25
22
22
27
29
28
29
42
42
41
41
38
36
33
33
31
33
29
39
45
40
46
44
44
41
43
43
40
40
41
48
49
52
50
46
48
43
37
35
31
29
25
27
23
26
29
31
34
30
28
28
24
23
20
18
17
15
8
17
14
9
8
8
7
2
2
0
2
2
9
17
23
25
33
38
41
44
44
40
39
36
35
30
27
20
22
25
23
23
20
22
21
25
21
21
15
14
18
11
10
7
8
7
7
4
9
8
6
9
14
15
17
11
14
10
11
18
14
18
15
17
17
21
22
21
21
22
21
23
24
23
31
33
32
36
37
40
35
28
29
27
25
26
23
29
32
33
34
33
37
39
45
46
47
51
48
43
41
30
30
33
26
25
23
25
27
24
18
13
13
11
9
4
12
13
9
16
15
17
20
24
25
22
20
17
15
14
13
17
17
19
16
20
19
20
24
25
29
30
28
26
30
31
37
37
38
41
42
40
38
36
34
35
32
34
33
34
35
33
39
39
39
35
36
35
30
24
23
19
15
8
5
9
8
12
12
12
14
12
9
11
9
9
12
14
13
13
13
15
21
19
20
22
23
26
23
29
31
30
29
29
34
34
28
30
33
26
18
21
21
10
11
9
11
9
12
13
14
15
15
15
13
15
15
18
18
20
23
24
27
26
27
37
35
34
38
34
31
32
33
30
27
28
29
30
25
21
18
20
18
16
20
20
22
20
17
16
17
17
17
22
24
22
24
19
17
22
19
18
19
20
19
17
22
22
19
17
17
17
18
16
15
20
18
17
14
18
17
20
18
18
15
16
22
13
18
21
18
17
18
19
17
17
17
17
18
15
20
25
21
25
23
22
23
22
24
25
24
27
27
30
27
29
30
31
31
25
25
24
30
30
31
33
33
35
36
35
32
30
26
29
26
29
28
23
24
19
20
19
14
18
10
8
10
7
7
10
7
11
14
12
16
15
17
17
20
15
15
15
16
18
18
21
18
26
25
18
25
22
18
25
25
18
20
19
16
15
16
11
9
10
9
8
2
3
-1
-3
-8
-11
-3
-2
1
1
3
6
8
13
6
6
-3
-3
5
0
-1
0
0
7
8
6
9
3
5
0
-3
0
-2
-2
-2
-3
-2
-5
-2
-2
0
1
0
0
-3
-1
2
7
3
6
6
5
8
9
8
7
13
11
10
6
8
9
8
12
15
14
15
13
16
16
16
19
20
24
20
24
22
20
22
25
20
22
33
29
28
33
34
29
34
35
30
32
28
27
27
24
24
23
21
20
25
22
18
22
24
22
21
20
20
19
23
25
24
26
28
32
34
34
38
37
35
31
31
28
28
24
27
27
22
19
15
18
11
10
11
11
9
7
9
11
13
12
17
19
18
23
23
22
23
24
20
18
17
6
7
7
1
-5
-9
-6
-13
-14
-15
-12
-14
-16
-21
-25
-21
-23
-20
-20
-22
-21
-18
-19
-18
-17
-16
-7
-6
-8
-8
-6
-5
-4
-3
-2
-1
-3
1
0
4
3
3
1
8
7
2
3
0
7
9
14
19
21
18
24
26
25
27
30
27
28
28
26
27
25
20
25
20
24
22
15
9
5
9
6
1
-2
-1
-2
-3
-3
0
1
2
-1
2
3
5
8
10
11
13
14
9
15
19
19
19
26
31
29
32
32
31
39
34
29
27
27
23
23
21
17
17
8
11
9
11
10
12
18
15
16
14
17
18
19
23
24
21
22
27
27
24
22
20
11
10
8
5
5
7
4
-1
3
-2
-5
-5
-7
-7
-9
-11
-14
-15
-12
-16
-13
-7
-9
-11
-10
-5
-1
3
0
2
5
2
0
-1
-1
-3
-4
-6
-4
-6
-8
-5
-6
-7
-5
-6
-4
-3
-3
-2
0
-3
-3
-2
1
4
1
6
-1
-4
-1
-3
-4
-5
-4
-3
-7
-7
-9
-15
-13
-11
-10
-12
-11
-13
-12
-18
-14
-9
-15
-8
-9
-12
-9
-7
0
-1
1
3
-1
1
-1
1
3
-2
-2
2
1
6
5
10
5
2
7
5
2
0
3
-1
-4
-5
-7
-7
-6
-3
-3
-6
-6
-5
-3
3
-1
2
2
2
6
6
7
9
8
2
1
-3
-3
-1
-3
1
-5
-4
-5
-6
-4
-7
-8
-10
-10
-9
-12
-11
-9
-13
-9
-6
-5
-3
0
0
2
3
-2
-1
-2
1
4
-4
0
-1
1
-1
-4
-2
-4
-12
-10
-12
-15
-12
-14
-18
-11
-14
-9
-3
-2
1
3
3
2
6
4
3
1
0
-1
0
1
4
3
0
-4
-8
-2
-6
-9
-7
-11
-11
-14
-11
-15
-15
-16
-19
-15
-18
-18
-23
-23
-24
-25
-25
-20
-22
-18
-20
-22
-21
-25
-25
-25
-22
-22
-21
-23
-20
-23
-24
-21
-25
-26
-25
-24
-22
-25
-23
-22
-26
-24
-27
-24
-20
-20
-23
-21
-18
-17
-15
-16
-13
-10
-10
-10
-10
-2
-5
-7
-3
-6
-8
-11
-8
-6
-8
-12
-12
-17
-14
-20
-21
-20
-16
-21
-19
-18
-18
-18
-18
-15
-14
-15
-14
-14
-13
-13
-14
-14
-15
-11
-11
-9
-8
-14
-7
-10
-13
-11
-10
-8
-14
-12
-9
-8
-8
-9
-5
-1
-1
2
5
5
4
1
1
5
5
6
3
3
4
6
7
4
4
1
0
1
-1
-3
-3
-5
-2
-1
-1
2
1
-2
-5
-9
-9
-12
-12
-13
-16
-14
-15
-10
-13
-11
-9
-10
-7
-10
-9
-13
-14
-10
-12
-11
-13
-11
-8
-14
-10
-12
-18
-18
-16
-19
-22
-23
-23
-27
-26
-23
-22
-26
-29
-29
-32
-32
-32
-33
-35
-34
-36
-34
-31
-32
-34
-35
-36
-37
-33
-36
-34
-33
-33
-34
-37
-33
-37
-43
-39
-42
-42
-41
-42
-40
-40
-37
-40
-37
-40
-38
-39
-40
-39
-38
-38
-37
-39
-36
-39
-44
-43
-41
-35
-37
-38
-40
-32
-29
-27
-23
-26
-31
-32
-32
-31
-28
-31
-28
-26
-24
-29
-24
-25
-30
-28
-23
-25
-25
-26
-26
-26
