1
0
0
4
5
5
2
-1
-2
-3
-2
-2
-1
-5
-8
-6
-5
-2
-1
-2
-2
0
-4
-1
1
-2
-5
-6
-6
-3
-3
-4
-5
-3
-6
-8
-8
-7
-8
-14
-12
-16
-14
-13
-16
-15
-12
-10
-8
-5
-10
-11
-10
-13
-11
-14
-12
-7
-5
-6
-10
-11
-12
-11
-7
-9
-5
-3
1
0
-2
-3
-1
-2
0
5
6
4
3
5
5
5
2
5
5
3
5
4
5
8
11
15
12
16
13
12
13
9
9
10
11
11
12
12
15
11
13
16
18
15
14
17
14
11
11
9
8
9
9
7
8
10
7
9
8
8
9
13
13
11
14
10
9
15
16
12
15
11
12
11
10
12
14
10
10
12
7
10
10
12
13
11
11
10
9
7
7
8
8
9
9
10
10
9
12
9
8
9
8
5
5
1
1
1
3
1
3
5
3
2
-1
1
2
0
0
4
-3
-2
1
1
3
1
3
7
7
1
0
4
3
2
-1
-1
3
2
4
4
-3
1
-3
-4
-3
-1
1
1
1
4
4
3
2
4
1
-3
1
-3
1
-1
-3
-3
-3
-1
-4
-6
-6
-7
-6
-7
-8
-3
0
-2
-4
0
2
2
-2
1
0
-1
2
4
1
4
8
4
4
6
7
7
6
10
9
10
13
8
14
17
14
14
12
12
14
10
9
13
14
15
16
14
15
16
15
16
13
13
16
18
11
13
13
11
6
2
6
3
3
1
2
5
7
6
8
2
4
7
7
7
9
10
12
11
12
10
9
9
7
11
9
10
10
2
3
7
6
11
7
7
14
14
9
17
17
13
13
12
12
11
9
10
7
6
4
0
3
9
1
4
6
4
4
2
3
1
3
2
2
-1
1
-4
-7
-1
4
-1
-5
4
5
5
2
0
0
0
0
-3
1
0
-3
1
-1
0
-2
-3
-2
0
0
-2
-3
-1
-3
-2
-1
0
-5
-5
-4
-1
-2
0
5
5
4
2
2
2
1
-1
-3
-5
-2
-1
-7
-7
-4
-7
-3
-3
-3
-5
-4
-5
-5
-1
4
4
5
5
6
10
11
9
8
8
5
4
4
6
2
0
8
2
2
5
4
8
6
4
2
9
6
12
10
10
12
10
10
3
9
8
6
11
9
9
8
11
12
15
15
15
17
13
17
16
15
11
12
15
16
16
17
16
15
17
14
16
12
14
14
11
14
11
10
14
12
10
12
14
11
13
9
10
9
8
10
10
11
10
13
11
12
13
12
12
11
10
8
9
11
14
11
12
11
9
7
7
9
7
7
9
5
4
2
0
-1
2
3
6
4
5
4
-4
1
2
0
0
0
-3
-2
0
2
2
-4
-2
-5
-3
-5
-3
0
0
-2
-2
-3
-2
-3
-4
-3
-6
-9
0
-1
-3
0
1
4
0
1
0
2
0
5
7
6
6
6
9
1
4
5
1
-2
-2
0
-3
-6
-2
-3
-2
-1
2
4
4
-1
3
2
4
6
1
3
4
-3
-1
5
-1
-1
1
1
-4
-6
-2
-3
-5
-5
-6
-3
-4
3
0
-5
-3
-9
-5
1
-1
-1
-5
-4
-7
-6
-4
-9
-7
-4
-3
-5
-4
3
8
4
9
8
6
5
2
0
1
-1
-4
-4
-7
-8
-6
-3
1
-1
2
2
4
6
9
8
6
10
7
12
10
11
10
9
13
12
9
10
10
6
6
4
3
2
2
8
9
7
2
5
6
5
0
6
2
2
7
2
2
2
7
3
5
5
4
5
6
3
1
3
4
3
6
2
1
3
5
2
1
2
2
0
3
2
6
8
4
8
6
6
8
8
8
6
3
3
4
0
4
6
4
4
7
0
4
2
1
3
0
1
-1
4
3
6
3
5
6
5
6
2
4
5
3
2
-1
-1
0
-1
2
3
5
5
4
5
4
7
3
2
-1
1
-3
0
2
1
3
5
8
9
6
4
2
6
6
5
8
4
3
4
3
1
3
4
-1
3
-1
2
3
3
3
4
0
1
2
-2
3
3
5
4
2
0
0
3
2
5
5
3
3
3
3
5
7
4
4
4
2
3
4
5
6
3
3
2
1
1
-3
2
2
3
7
7
9
6
3
3
1
4
5
4
5
2
1
0
-3
-1
-1
-5
-5
-5
-8
-5
-1
-2
-4
-5
-4
0
-2
-5
3
5
4
2
2
1
-1
-4
1
0
1
-4
-4
0
1
3
3
-1
0
3
4
3
2
1
8
9
5
6
5
6
5
2
3
0
-2
0
2
-3
0
-1
-4
2
-3
-2
0
-3
-3
-1
0
0
1
4
1
5
4
5
8
7
8
5
4
4
6
5
2
10
4
0
2
1
4
2
4
3
-1
0
3
3
2
3
6
1
3
2
2
4
2
1
5
3
2
-1
-2
-1
-6
-5
-4
-2
-3
-4
-3
-3
-1
-1
-1
2
2
5
6
0
3
4
2
5
7
3
1
2
3
2
0
-1
-3
-1
3
-1
2
2
0
-1
2
6
3
7
2
9
8
1
0
2
1
1
5
2
3
4
5
3
4
8
6
4
6
5
9
1
1
0
-3
-2
0
-1
1
3
2
4
5
2
4
6
4
6
10
7
6
5
2
5
11
8
7
7
3
2
-4
-9
-5
-1
-10
-7
-2
-4
-3
-6
-3
-5
-3
0
0
0
-1
0
4
1
3
7
5
3
6
6
2
8
13
9
6
8
5
5
9
4
6
1
2
4
2
2
2
0
-5
-5
-3
-2
-3
-2
1
0
-3
1
-1
1
0
-5
-4
-4
-5
-3
-2
-7
-5
-5
-3
-1
-2
-3
-5
0
0
-2
6
1
6
6
4
0
-2
1
-2
-1
-1
2
2
5
1
4
5
3
2
2
5
1
0
2
2
-2
-3
-1
-3
-3
-7
-5
-2
-1
-3
-2
1
0
-2
3
5
7
8
6
6
7
9
10
11
12
11
11
10
9
9
10
2
2
5
6
5
4
5
9
5
6
8
0
7
6
7
8
7
4
3
3
0
2
-3
-1
-4
-3
0
-4
-4
-5
-5
-3
-4
-4
0
1
2
4
3
3
3
6
5
6
6
1
4
7
5
7
4
8
3
3
4
2
4
3
5
4
8
5
6
5
7
9
5
6
4
6
6
7
7
2
3
3
-1
3
2
1
2
-1
0
2
-2
2
3
2
3
3
1
-1
-7
-5
-1
-4
-5
-5
-3
-6
-10
-7
-8
-14
-8
-9
-10
-9
-9
-7
-11
-4
-5
-6
-2
-1
-4
-6
1
-10
-12
-15
-18
-16
-14
-9
-12
-10
-5
-6
-6
-9
-10
-4
-7
-3
-6
-8
-8
-10
-8
-8
-13
-12
-14
-15
-15
-22
-18
-17
-18
-15
-16
-15
-14
-15
-15
-8
-13
-11
-7
-12
-5
-7
-3
-5
-10
-7
-5
-8
-4
-11
-11
-9
-9
-4
-6
-3
-2
-1
-4
-6
-8
-5
-4
-8
-4
-3
-7
-7
-8
-4
-10
-14
-6
-11
-13
-15
-14
-12
-15
-14
-15
-16
-18
-13
-20
-17
-13
-20
-19
-17
-13
-12
-11
-10
-12
-11
-12
-8
-6
-10
-6
-4
-7
-3
-6
0
2
3
6
6
4
2
5
3
2
3
2
4
5
5
3
5
6
9
6
7
8
8
9
5
4
1
5
7
0
0
3
-1
-2
0
-6
-7
-6
-7
-3
-5
-3
-6
-8
-7
-3
-6
-7
-3
-4
-1
-2
2
2
-1
-1
-1
1
-1
2
3
0
2
-1
0
-1
-3
-2
2
0
1
-3
-5
-1
4
2
3
6
1
5
3
3
2
-1
0
-4
-1
-5
-1
1
-3
-4
-6
-8
-6
-9
-8
-7
-8
-10
-13
-13
-13
-6
-7
-7
-8
-7
-8
-7
-5
-6
-4
-2
-1
2
-4
3
4
-2
2
-3
0
-2
-5
-7
-8
-8
-9
-11
-6
-7
-6
-6
-6
-5
-7
-4
-4
-5
-5
-5
-8
-15
-11
-14
-14
-12
-8
-7
-7
-4
-4
-4
-6
-4
-5
-3
-4
-1
1
-3
-7
2
0
-4
-4
1
1
-2
1
-3
-6
-6
-4
-5
1
1
2
6
8
10
5
4
3
2
5
7
3
6
5
1
2
3
2
3
0
1
-1
-4
-3
-1
0
-2
1
-1
-5
-3
0
-4
0
-4
-7
-4
-8
-10
-10
-9
-2
-4
-4
2
-1
-4
-2
-3
-5
-1
0
-3
-3
0
0
-8
-5
0
-2
-4
-2
3
1
4
2
-1
-1
1
0
-5
-6
-9
-5
-4
0
-2
0
-2
-4
0
0
1
-3
-2
-1
4
-3
-2
-1
-1
-1
-4
1
-4
-7
-6
-3
0
-4
-2
0
0
1
3
5
4
1
3
0
-3
-2
-1
-1
-5
-3
-3
-6
-4
-2
-2
-3
-6
-1
2
0
1
0
-1
-3
-3
2
2
-1
1
-1
1
1
2
1
-1
-4
-1
-1
-3
-1
-2
1
5
4
2
2
3
3
4
2
5
9
8
7
8
11
2
6
5
5
6
6
5
6
8
5
6
4
9
3
3
5
6
4
3
5
5
4
5
9
11
12
4
8
7
8
9
8
5
5
-2
1
7
3
6
5
4
0
2
-1
3
3
3
6
7
12
12
16
14
13
18
18
19
17
12
12
10
9
8
9
6
5
3
3
5
7
3
3
4
1
1
3
3
4
4
2
3
3
1
-2
-5
-5
-2
0
2
-2
0
-4
-8
-1
0
2
1
-2
-1
0
-1
-4
-2
-1
3
1
1
3
4
4
3
6
0
2
3
2
2
2
4
5
3
-2
-1
1
1
-1
4
-1
-2
1
2
2
3
0
1
-1
-1
1
-2
-2
0
1
-4
0
2
-2
2
-1
-3
-2
-1
-3
-4
-2
-5
-8
-5
-6
-6
-5
-7
-10
-5
-3
-3
-5
-6
-6
-5
4
4
2
5
7
10
10
6
3
10
7
11
9
6
6
8
13
7
7
7
7
7
11
6
5
6
5
9
10
10
5
7
6
4
5
8
8
8
8
7
7
6
6
9
9
6
10
8
8
11
10
10
10
12
9
12
10
8
13
11
11
12
7
9
10
14
12
9
10
8
10
9
9
7
9
9
9
11
12
9
6
7
7
4
2
4
2
2
3
0
2
3
0
-1
4
6
5
5
5
6
3
6
2
7
8
5
7
4
5
4
3
3
6
3
4
4
2
5
0
-1
-1
3
1
2
6
5
11
11
9
12
13
14
14
12
12
16
9
6
4
4
4
3
7
5
4
4
5
3
3
9
6
1
6
4
4
4
1
-1
0
1
0
0
3
-1
1
2
0
5
-1
4
4
3
6
2
5
1
1
1
5
3
4
10
8
4
7
4
5
8
7
13
13
10
8
14
10
8
10
9
12
12
9
7
8
7
9
15
11
9
14
14
9
10
10
12
10
11
11
11
10
6
6
10
9
8
10
9
10
9
13
15
14
14
18
14
10
9
10
7
7
7
5
2
3
5
2
5
8
12
12
8
8
6
5
5
1
1
0
3
-1
0
2
-2
0
-3
-3
-2
0
-1
2
4
5
8
8
8
11
12
12
16
10
7
8
7
2
4
7
7
1
3
6
4
7
9
10
11
15
12
12
9
14
13
12
8
10
17
14
15
12
14
14
12
11
12
8
8
5
6
9
10
8
8
8
11
8
7
5
6
9
9
8
10
9
10
10
12
12
15
14
14
11
24
24
-18
2
35
-7
-12
22
5
-12
11
10
-9
2
19
1
8
20
13
16
28
33
48
124
1
-92
107
73
-107
11
68
-71
-20
64
-32
-35
48
18
-28
23
39
-3
7
40
17
7
40
33
23
32
44
70
187
57
-98
101
79
-87
45
43
-80
20
60
-44
-12
43
10
-2
30
47
1
-14
29
8
1
33
7
6
42
13
-8
29
17
-1
17
10
13
32
-6
-6
21
-5
-14
22
11
-8
18
16
4
8
-6
44
19
-43
60
19
-31
50
153
237
37
8
136
77
77
144
63
-24
-9
-29
-36
-49
-90
-30
-36
-48
8
-36
-69
-34
-21
13
-2
54
134
-23
-45
120
60
-13
70
36
-18
58
32
-41
-12
27
16
-25
39
42
6
28
101
184
30
64
76
-48
71
40
-49
31
77
-1
-43
-30
-21
34
73
60
-25
-13
5
-112
-30
14
-77
76
94
-68
-44
32
-11
-24
50
30
14
65
12
-20
8
25
25
50
50
43
74
28
9
36
25
155
170
59
153
108
18
36
19
7
-23
15
-22
-82
-76
-51
-95
-74
32
-35
12
11
-47
5
-8
9
33
57
73
84
81
43
73
71
39
72
94
44
34
72
14
1
25
17
16
-30
3
-5
-52
-34
3
-8
-47
-1
18
-54
-66
35
6
-78
5
-9
-24
-9
-45
1
15
10
0
35
36
-25
13
44
25
22
18
1
21
31
6
26
39
23
10
0
22
20
-4
15
1
-5
-8
-15
2
-17
-31
0
-1
-14
-16
-7
-7
-30
-4
-3
4
4
4
19
11
-10
1
31
-3
13
37
31
9
-3
25
36
26
39
40
20
-20
-18
2
-18
8
19
-28
-9
20
13
-10
40
71
33
23
42
64
-2
-10
58
58
7
8
66
29
-21
28
40
-7
34
44
20
3
3
23
-2
14
18
20
20
9
8
4
14
48
76
47
57
82
64
65
73
71
62
75
76
56
46
50
47
27
21
38
44
3
9
32
11
2
22
48
20
2
40
54
17
-1
47
52
16
21
38
27
-2
16
68
57
26
26
46
28
7
26
44
31
30
68
61
50
61
70
55
40
40
48
30
-2
-2
18
14
-15
7
20
-3
-2
12
21
-7
-6
22
6
14
18
3
10
27
22
32
54
63
52
30
42
52
35
38
56
66
57
37
51
42
8
12
33
10
-11
8
13
-17
-33
-17
-11
-25
-15
16
6
-11
-1
25
3
-14
22
33
16
13
33
25
-8
-6
7
9
5
-3
-7
2
-4
-13
6
-2
-6
10
14
11
-5
-12
-21
-13
-1
-9
-20
-36
-30
-18
-33
-26
-16
-21
-19
-30
-4
9
-16
-6
24
9
11
34
33
32
34
43
41
42
33
9
29
28
15
29
18
10
-7
-10
12
16
30
32
33
40
35
38
58
76
76
99
107
122
120
130
158
154
160
182
184
178
160
150
145
133
131
124
121
118
90
75
80
59
37
45
41
35
33
11
8
0
-11
-2
11
8
-2
-7
-6
-21
-20
-3
-3
-9
-14
-12
-16
-33
-37
-35
-37
-40
-46
-62
-73
-73
-74
-61
-57
-58
-61
-54
-50
-53
-40
-30
-29
-27
-32
-46
-50
-53
-56
-50
-56
-48
-57
-88
-87
-97
-107
-84
-76
-107
-121
-121
-121
-127
-105
-94
-102
-84
-91
-98
-62
-56
-68
-51
-43
-66
-57
-40
-59
-54
-16
29
91
144
161
173
211
230
271
327
354
366
373
366
342
334
311
281
263
239
208
191
145
79
44
10
-11
0
-8
-38
-51
-52
-54
-26
23
44
50
89
109
124
150
154
176
197
202
218
227
203
168
151
143
118
120
95
48
5
-23
-54
-78
-90
-109
-124
-139
-162
-173
-180
-189
-188
-182
-165
-160
-154
-142
-130
-125
-114
-93
-72
-50
-41
-37
-27
-22
-37
-29
-15
-26
-40
-51
-61
-70
-76
-99
-114
-114
-115
-139
-140
-153
-163
-163
-169
-178
-195
-198
-210
-208
-181
-188
-190
-212
-223
-227
-235
-227
-227
-215
-199
-179
-123
-33
80
148
160
206
271
332
392
451
487
516
510
492
474
452
416
367
329
295
250
195
122
47
-21
-63
-93
-111
-122
-156
-184
-205
-210
-188
-174
-149
-124
-98
-54
-34
-6
30
78
162
225
300
354
363
383
371
388
396
407
415
353
284
210
140
96
34
-13
-53
-98
-126
-181
-222
-244
-262
-255
-235
-205
-191
-188
-181
-177
-148
-101
-58
-18
10
20
31
20
23
37
49
62
57
66
43
12
-14
-38
-40
-49
-55
-78
-114
-140
-161
-190
-208
-219
-227
-222
-226
-230
-246
-246
-234
-217
-213
-204
-183
-173
-171
-181
-173
-163
-160
-160
-178
-190
-187
-167
-127
-53
53
143
185
183
199
258
349
433
461
474
487
492
478
437
397
360
344
328
291
237
165
101
33
-26
-59
-75
-81
-106
-149
-195
-213
-209
-188
-163
-156
-137
-98
-72
-59
-54
-21
4
40
79
103
119
117
120
140
196
267
335
344
296
238
215
230
233
223
173
111
79
48
-3
-81
-146
-179
-173
-154
-153
-172
-208
-227
-226
-196
-157
-121
-81
-69
-61
-43
-26
-19
2
32
27
56
89
61
35
9
-24
-44
-21
-41
-77
-77
-104
-145
-198
-180
-179
-168
-167
-192
-174
-164
-154
-145
-151
-158
-110
-80
-71
-68
-77
-107
-99
-70
-61
-59
-69
-89
-107
-119
-165
-202
-232
-220
-135
-18
55
50
0
-50
-15
101
213
289
303
267
250
270
300
310
291
262
259
285
297
250
163
86
42
56
95
115
85
17
-51
-83
-73
-50
-32
-44
-57
-59
-50
-47
-46
-59
-71
-53
-28
-2
21
15
-9
-24
-31
-10
19
41
41
36
51
74
112
136
130
108
100
110
124
130
116
80
39
26
25
23
12
-5
-26
-35
-26
-10
-1
-19
-39
-46
-25
-5
-4
-9
-24
-40
-33
-13
0
8
-5
-23
-43
-42
-25
-23
-26
-37
-41
-37
-25
-30
-37
-40
-40
-28
-14
-7
-13
-24
-36
-45
-36
-28
-20
-22
-27
-30
-36
-39
-44
-52
-57
-63
-68
-77
-99
-119
-140
-151
-161
-166
-173
-191
-217
-242
-232
-182
-121
-73
-64
-83
-85
-55
16
102
153
175
174
183
212
247
272
257
230
232
263
291
294
254
184
132
117
144
161
141
94
40
5
-3
5
-4
-26
-35
-27
-7
11
-6
-34
-61
-63
-39
-5
22
8
-32
-63
-62
-41
-17
-16
-25
-29
-23
-12
20
49
67
79
84
95
109
120
124
116
92
77
76
93
89
72
43
1
-2
2
11
10
2
0
-19
-26
-10
-2
-15
-25
-40
-37
-18
-25
-29
-63
-60
-42
-36
-34
-30
-48
-39
-25
-46
-51
-32
-51
-54
-42
-56
-71
-85
-90
-81
-87
-93
-104
-114
-113
-111
-115
-124
-132
-114
-102
-105
-102
-125
-131
-115
-110
-128
-150
-176
-197
-214
-246
-251
-206
-115
-20
10
-20
-63
-49
36
151
232
254
244
245
277
313
311
275
254
267
295
324
296
222
142
89
87
115
127
99
54
4
-29
-41
-48
-54
-54
-53
-43
-37
-49
-67
-79
-73
-61
-42
-14
12
16
0
-22
-31
-15
24
49
53
48
33
18
33
77
132
178
208
217
206
182
186
207
210
207
188
158
137
123
82
2
-30
-7
7
-15
-49
-49
-76
-134
-101
-67
-56
-36
-43
-42
-48
-51
-44
-37
-18
1
-20
-2
-14
-27
-20
-30
-25
-33
-17
-6
-43
-59
-80
-77
-90
-91
-79
-103
-107
-127
-127
-144
-139
-118
-116
-130
-114
-98
-92
-103
-122
-119
-127
-114
-113
-166
-210
-217
-234
-265
-246
-168
-66
-1
-17
-76
-81
-8
117
220
254
236
232
264
313
334
304
266
263
299
321
310
238
151
101
94
105
98
71
27
-17
-50
-74
-84
-83
-69
-65
-67
-77
-94
-105
-88
-60
-46
-27
-17
-10
4
7
-4
-22
-4
34
78
105
78
34
13
36
91
151
199
238
232
217
198
188
202
219
222
208
173
128
82
37
-10
-46
-54
-33
-23
-52
-104
-136
-155
-152
-87
-38
-74
-80
-39
-29
-42
-56
-45
-51
5
31
21
2
-32
-26
-38
-48
-28
11
-16
-46
-55
-99
-111
-96
-98
-64
-91
-144
-154
-156
-148
-172
-183
-167
-140
-145
-146
-156
-192
-201
-191
-173
-179
-226
-269
-296
-323
-346
-311
-174
-34
-15
-90
-143
-101
29
171
240
234
228
262
322
369
360
314
296
325
376
397
340
236
169
148
154
154
124
86
45
4
-40
-73
-93
-97
-78
-65
-86
-133
-167
-163
-133
-107
-101
-97
-80
-55
-46
-55
-56
-45
-17
37
78
78
31
-4
3
42
102
158
204
233
240
222
202
200
227
248
244
214
180
137
88
38
-21
-72
-83
-61
-52
-76
-120
-173
-200
-174
-91
-36
-106
-130
-60
-40
-48
-51
-69
-70
-4
29
-28
-44
-33
-56
-53
-42
-52
-74
-60
-34
-69
-141
-136
-99
-122
-103
-111
-178
-196
-168
-158
-175
-200
-217
-195
-139
-169
-245
-251
-207
-211
-269
-303
-341
-359
-322
-216
-78
-26
-79
-151
-130
13
196
298
272
226
244
327
412
436
404
380
408
433
419
357
277
231
239
259
237
171
93
27
-11
-33
-29
-25
-52
-87
-124
-165
-192
-200
-185
-169
-172
-184
-185
-170
-161
-172
-167
-127
-84
-62
-55
-51
-47
-39
-35
-9
36
84
113
127
165
214
259
288
298
293
301
309
296
261
223
200
169
135
79
10
-36
-61
-76
-107
-152
-185
-198
-202
-198
-195
-202
-192
-179
-168
-141
-96
-128
-150
-86
-31
-24
-35
-57
-54
-22
-34
-60
-39
-20
-24
-52
-80
-75
-100
-128
-124
-120
-137
-174
-195
-203
-217
-233
-239
-236
-217
-222
-282
-350
-388
-402
-420
-384
-243
-79
-54
-160
-250
-185
19
215
303
267
231
269
364
445
463
452
468
531
551
496
404
349
353
356
347
312
268
201
104
33
7
22
27
1
-59
-136
-184
-187
-160
-152
-165
-183
-194
-188
-183
-190
-193
-166
-122
-90
-79
-80
-61
-29
-18
-20
7
45
86
111
123
170
230
291
299
293
297
325
355
358
327
275
254
226
196
139
71
40
14
-12
-64
-116
-154
-169
-173
-176
-179
-193
-199
-213
-212
-198
-178
-162
-155
-122
-100
-92
-96
-92
-71
-58
-31
-14
-9
-38
-61
-55
-35
-17
-44
-84
-110
-133
-151
-161
-180
-212
-247
-256
-252
-261
-302
-366
-405
-410
-426
-464
-433
-274
-103
-130
-301
-355
-160
137
281
225
131
166
300
416
468
489
511
513
506
475
456
470
486
459
383
329
317
299
229
131
83
104
124
69
-38
-122
-139
-113
-96
-115
-150
-178
-200
-230
-230
-193
-165
-168
-190
-206
-197
-157
-120
-92
-84
-93
-95
-57
-8
12
24
72
156
217
217
210
248
316
378
378
335
308
321
329
306
265
208
172
132
88
32
-7
-15
-31
-61
-108
-137
-151
-161
-156
-152
-137
-143
-169
-204
-215
-173
-122
-99
-127
-160
-164
-135
-92
-66
-59
-81
-109
-119
-102
-75
-41
-62
-104
-115
-121
-128
-151
-158
-158
-173
-198
-218
-242
-285
-325
-357
-387
-427
-435
-345
-183
-148
-306
-408
-262
31
177
114
16
51
203
320
392
442
486
454
377
380
478
568
547
435
328
316
357
364
303
223
171
151
135
88
36
4
-13
-47
-82
-99
-109
-135
-174
-209
-209
-172
-161
-211
-259
-243
-195
-181
-196
-200
-171
-160
-183
-167
-111
-62
-56
-30
36
106
125
140
192
269
326
308
268
276
349
386
357
290
214
175
178
192
163
107
36
-26
-59
-55
-33
-56
-97
-146
-162
-135
-124
-154
-189
-181
-150
-135
-146
-184
-204
-180
-142
-114
-110
-120
-145
-156
-124
-74
-40
-47
-78
-115
-120
-96
-76
-93
-126
-151
-165
-161
-169
-186
-228
-272
-305
-338
-368
-380
-298
-168
-134
-292
-401
-238
60
173
45
-43
39
201
285
325
393
441
384
281
341
521
595
482
341
304
357
399
382
334
268
200
151
143
166
164
120
47
-12
-37
-26
-25
-63
-104
-129
-156
-180
-184
-188
-193
-193
-199
-238
-271
-255
-208
-203
-237
-239
-210
-187
-194
-164
-58
28
-2
-37
38
158
252
239
209
216
279
333
321
302
274
235
205
222
222
171
93
37
9
19
27
-28
-101
-121
-116
-106
-114
-161
-207
-218
-179
-154
-168
-198
-233
-239
-194
-143
-141
-156
-181
-199
-186
-123
-65
-67
-116
-155
-148
-104
-62
-81
-131
-149
-141
-151
-169
-179
-190
-227
-280
-305
-319
-344
-365
-307
-187
-157
-305
-372
-185
69
90
-61
-82
87
235
239
249
336
379
290
227
376
566
523
319
233
327
401
381
341
318
263
177
154
219
266
188
68
24
56
70
46
14
-21
-63
-103
-127
-106
-85
-119
-186
-215
-201
-205
-222
-210
-189
-215
-281
-286
-215
-168
-178
-191
-97
-4
-6
-57
52
214
253
195
164
232
312
369
334
302
275
237
219
252
291
206
72
14
47
78
63
-3
-96
-132
-116
-113
-121
-140
-186
-237
-225
-176
-177
-218
-245
-242
-212
-168
-163
-192
-219
-205
-182
-133
-88
-112
-172
-181
-135
-103
-108
-123
-142
-154
-159
-168
-175
-173
-184
-227
-284
-309
-334
-369
-366
-276
-178
-219
-397
-414
-139
116
29
-165
-115
99
212
203
262
359
315
185
224
478
595
389
176
252
445
438
307
287
302
213
123
198
314
271
90
-2
75
141
94
40
49
30
-64
-124
-75
-19
-51
-142
-186
-164
-162
-215
-231
-175
-156
-257
-340
-273
-156
-176
-262
-268
-135
-32
-70
-121
-1
156
135
72
137
276
294
266
276
293
284
258
262
300
297
200
103
122
185
139
55
29
3
-37
-37
-27
-47
-102
-153
-185
-154
-107
-145
-218
-228
-200
-200
-192
-180
-191
-215
-207
-167
-132
-117
-145
-177
-159
-98
-74
-97
-121
-117
-126
-133
-125
-130
-124
-138
-184
-254
-276
-286
-312
-354
-334
-236
-185
-310
-469
-318
36
126
-154
-273
-33
209
203
162
264
325
208
137
355
591
485
176
151
408
489
312
238
336
300
116
123
311
344
128
-29
65
189
125
7
34
68
-38
-142
-73
30
-22
-151
-205
-182
-164
-189
-201
-183
-184
-263
-346
-302
-174
-150
-245
-289
-233
-96
-40
-70
-80
30
112
100
129
248
300
233
246
324
356
301
264
292
313
261
173
162
213
190
90
57
77
22
-34
-17
12
-51
-127
-136
-116
-98
-120
-159
-175
-168
-180
-174
-142
-132
-178
-203
-153
-100
-94
-111
-132
-144
-121
-73
-55
-80
-105
-111
-104
-90
-107
-130
-137
-140
-170
-221
-247
-261
-283
-321
-308
-209
-138
-242
-387
-231
98
156
-113
-189
73
291
251
194
312
366
247
198
424
623
460
168
207
462
473
284
273
385
293
99
150
357
336
97
0
141
214
84
-6
77
90
-66
-138
-18
54
-71
-186
-176
-148
-175
-200
-187
-188
-229
-289
-311
-264
-195
-188
-257
-301
-245
-113
-41
-82
-107
-11
81
91
117
215
243
196
209
296
335
281
229
236
249
212
166
172
188
139
53
49
77
33
-26
-18
-13
-72
-132
-119
-94
-110
-141
-165
-166
-170
-183
-172
-148
-164
-198
-184
-131
-119
-140
-156
-145
-132
-114
-90
-96
-135
-158
-142
-93
-85
-143
-195
-176
-141
-176
-244
-274
-287
-310
-331
-237
-120
-162
-374
-379
-32
214
22
-238
-78
238
284
158
223
367
304
145
270
580
562
232
119
385
534
343
218
360
388
165
89
327
445
215
3
112
284
185
34
117
214
46
-141
-49
123
49
-143
-163
-102
-138
-212
-175
-134
-189
-287
-305
-244
-186
-182
-213
-269
-279
-200
-70
22
-9
-62
-24
97
184
260
292
235
167
247
392
399
306
233
238
251
256
254
222
142
64
57
119
138
40
-53
-46
-29
-53
-62
-48
-96
-170
-178
-135
-120
-146
-181
-191
-173
-157
-150
-133
-130
-158
-156
-106
-76
-97
-114
-88
-93
-126
-127
-85
-73
-128
-179
-174
-145
-146
-213
-272
-277
-292
-342
-341
-199
-105
-234
-454
-327
73
203
-90
-248
22
276
204
130
318
424
234
94
360
648
493
165
203
483
472
258
295
482
364
82
133
436
436
133
31
225
289
102
43
203
201
-55
-135
83
160
-49
-182
-96
-57
-180
-210
-109
-99
-226
-292
-244
-200
-190
-168
-160
-242
-262
-144
45
61
-58
-62
81
180
195
260
304
218
160
305
451
392
245
214
274
289
246
233
229
154
66
81
168
151
12
-53
-1
0
-52
-52
-40
-103
-172
-156
-96
-103
-166
-199
-168
-142
-161
-158
-128
-123
-148
-135
-94
-99
-132
-108
-61
-80
-135
-141
-96
-88
-147
-200
-169
-134
-189
-289
-301
-283
-323
-370
-266
-117
-183
-428
-411
-18
217
-21
-281
-70
250
238
115
254
402
239
48
259
616
548
169
96
387
483
279
232
411
361
67
50
373
459
151
-38
137
276
108
-17
133
203
-41
-195
-18
127
-31
-206
-138
-81
-205
-281
-161
-103
-234
-351
-310
-246
-237
-223
-198
-226
-264
-190
-66
-11
-19
-1
39
57
100
203
304
275
176
182
296
351
314
290
283
226
185
229
295
261
140
52
85
144
139
90
35
-25
-79
-52
28
19
-99
-177
-152
-114
-98
-104
-131
-179
-207
-177
-102
-77
-122
-171
-163
-116
-88
-77
-76
-93
-137
-141
-98
-62
-104
-169
-189
-157
-155
-238
-288
-286
-301
-366
-350
-179
-108
-315
-503
-235
192
166
-210
-245
131
327
187
176
392
385
124
141
553
725
358
54
279
572
445
235
349
462
218
15
250
519
323
-23
16
265
215
2
48
214
69
-198
-119
120
53
-193
-204
-77
-145
-295
-222
-87
-177
-358
-344
-232
-228
-257
-195
-195
-324
-343
-132
87
37
-122
-107
67
174
214
282
283
144
123
340
493
389
201
176
257
289
269
256
205
77
11
99
205
131
-39
-88
-34
-27
-52
-50
-81
-166
-207
-150
-101
-140
-215
-231
-190
-175
-193
-175
-153
-173
-193
-154
-108
-127
-148
-125
-89
-123
-171
-163
-106
-101
-160
-191
-167
-154
-210
-271
-265
-272
-334
-377
-253
-78
-138
-407
-428
-9
275
28
-239
-43
271
254
152
331
475
269
75
345
721
592
188
168
479
522
311
321
500
367
59
113
451
472
115
-36
181
269
66
-6
184
176
-128
-213
26
122
-104
-230
-118
-105
-263
-288
-121
-104
-292
-382
-267
-216
-263
-242
-163
-237
-360
-268
-26
91
-32
-136
-48
123
207
258
296
234
114
196
429
477
305
160
189
254
274
268
227
121
13
25
130
157
22
-86
-80
-55
-76
-74
-72
-148
-225
-210
-147
-140
-194
-248
-245
-211
-204
-213
-185
-186
-217
-214
-154
-132
-176
-193
-153
-133
-177
-213
-186
-147
-167
-232
-247
-211
-217
-273
-315
-312
-338
-403
-362
-155
-79
-328
-548
-251
224
202
-198
-227
131
297
192
249
451
362
89
174
605
732
354
101
324
531
401
297
430
436
156
40
306
499
274
-8
56
230
148
2
86
172
-23
-207
-85
81
-14
-193
-182
-138
-222
-278
-184
-119
-221
-327
-299
-242
-243
-198
-127
-184
-314
-275
-90
17
2
23
23
-10
66
278
420
334
170
165
315
468
476
360
247
180
214
329
376
256
76
-7
50
139
153
81
-71
-147
-106
-41
-5
-51
-154
-233
-217
-143
-100
-139
-214
-255
-231
-172
-153
-152
-160
-190
-208
-161
-115
-124
-146
-144
-157
-182
-177
-132
-126
-186
-251
-236
-194
-220
-284
-321
-335
-375
-413
-330
-142
-140
-397
-527
-196
212
145
-215
-206
113
267
204
264
412
304
98
220
591
659
330
118
311
496
389
302
400
384
141
50
292
456
229
-23
37
191
104
-25
66
145
-53
-235
-114
55
-46
-226
-205
-149
-242
-313
-208
-132
-243
-364
-325
-254
-253
-220
-155
-200
-322
-300
-93
23
10
-8
-25
-5
82
270
403
333
147
116
306
517
469
292
219
195
215
295
360
268
34
-71
59
193
168
21
-109
-106
-90
-57
14
-16
-177
-265
-184
-63
-74
-156
-200
-214
-198
-163
-111
-94
-150
-211
-168
-94
-86
-115
-116
-107
-145
-162
-115
-66
-114
-205
-222
-161
-149
-212
-272
-271
-285
-358
-393
-305
-140
-137
-371
-511
-214
192
163
-187
-238
65
263
243
272
377
303
108
195
573
686
363
103
272
495
425
316
383
387
160
49
281
473
262
-22
14
178
123
4
71
125
-62
-236
-127
38
-48
-214
-221
-187
-257
-309
-215
-154
-254
-370
-346
-291
-280
-237
-174
-236
-368
-326
-122
-23
-53
-38
-28
-44
9
200
363
306
119
90
273
452
418
295
240
182
162
266
373
278
38
-77
49
178
147
22
-81
-114
-120
-69
7
-18
-191
-290
-209
-96
-107
-176
-211
-235
-242
-198
-129
-110
-169
-226
-188
-115
-108
-122
-108
-123
-164
-181
-128
-82
-114
-195
-211
-161
-158
-197
-219
-214
-272
-350
-357
-293
-241
-172
-199
-350
-401
-140
168
121
-167
-189
88
304
305
269
316
277
186
301
592
635
337
156
323
513
470
375
369
330
188
159
331
432
247
39
52
169
158
89
91
64
-69
-137
-55
13
-42
-152
-212
-230
-219
-189
-175
-197
-262
-306
-303
-256
-201
-149
-186
-272
-290
-186
-70
-51
-98
-43
52
27
31
173
308
272
197
203
273
325
388
365
284
212
171
253
344
263
86
8
63
131
107
65
-10
-113
-126
-50
13
-43
-167
-235
-183
-129
-123
-142
-181
-238
-248
-163
-99
-136
-184
-196
-173
-144
-111
-87
-99
-159
-190
-116
-50
-105
-180
-167
-122
-132
-163
-181
-170
-172
-226
-279
-271
-277
-324
-283
-115
-122
-383
-466
-91
225
65
-237
-187
95
254
248
239
252
183
136
308
554
521
250
128
296
473
453
351
293
255
190
214
329
353
197
47
60
154
183
126
56
-2
-34
-33
-39
-44
-35
-90
-207
-262
-181
-111
-161
-242
-250
-228
-244
-258
-191
-119
-165
-258
-251
-133
-51
-48
-84
-41
54
52
60
176
295
277
203
206
295
365
393
361
307
270
235
274
343
304
164
60
83
172
160
80
-1
-57
-47
-29
-20
-41
-111
-180
-174
-112
-88
-145
-191
-194
-179
-151
-131
-130
-147
-175
-150
-83
-75
-109
-115
-90
-80
-81
-62
-70
-97
-118
-107
-73
-75
-140
-164
-128
-120
-159
-206
-210
-216
-251
-296
-250
-103
-111
-317
-383
-99
146
31
-195
-140
61
172
202
225
199
128
149
319
458
399
229
182
309
389
366
323
275
226
203
239
273
252
178
118
107
120
118
105
63
10
-29
-49
-62
-64
-59
-100
-170
-204
-179
-148
-163
-199
-223
-216
-209
-195
-174
-142
-143
-171
-173
-119
-59
-44
-70
-60
3
74
144
120
116
172
241
262
289
301
257
223
306
370
289
199
166
196
209
164
106
64
34
16
31
38
-8
-114
-111
-51
-50
-102
-147
-146
-134
-138
-137
-133
-145
-176
-179
-119
-89
-121
-130
-106
-88
-75
-56
-38
-48
-73
-68
-24
-1
-42
-75
-60
-25
-47
-81
-73
-74
-94
-122
-121
-120
-131
-153
-160
-176
-202
-236
-137
-36
-125
-274
-197
20
83
-7
-45
-4
55
170
255
215
138
152
245
318
334
295
240
203
239
308
317
241
181
172
186
188
189
171
101
48
50
78
57
22
-8
-42
-81
-86
-59
-51
-107
-158
-159
-127
-118
-135
-139
-148
-156
-153
-131
-105
-102
-98
-104
-95
-76
-38
-18
3
6
8
42
124
150
125
134
184
212
201
219
230
200
186
194
188
160
119
103
95
76
49
18
14
3
-23
-34
-40
-68
-80
-71
-84
-99
-101
-98
-109
-112
-103
-97
-103
-103
-95
-70
-58
-79
-74
-34
-22
-37
-40
-12
-3
-15
-14
3
12
8
-25
-32
-15
-7
-24
-46
-44
-48
-63
-63
-58
-68
-80
-96
-101
-96
-107
-131
-135
-142
-169
-142
-89
-96
-164
-148
-62
-14
-23
-29
-24
9
73
106
105
111
122
131
157
191
199
176
171
179
180
176
181
182
165
134
115
125
137
117
92
76
76
64
50
52
53
29
5
5
16
9
-10
-17
-14
-33
-45
-27
-17
-39
-64
-56
-31
-15
-14
-21
-22
0
14
23
43
51
47
65
82
82
68
76
88
80
64
47
47
43
31
22
7
-11
-23
-22
-16
-42
-63
-61
-50
-62
-85
-75
-55
-68
-91
-81
-55
-49
-67
-72
-53
-32
-44
-50
-21
-9
-17
-30
-16
12
8
-13
-15
6
17
0
-12
-10
-2
-7
-25
-25
-20
-25
-33
-29
-36
-52
-60
-68
-58
-59
-71
-87
-77
-81
-92
-78
-67
-83
-104
-100
-79
-81
-101
-94
-81
-73
-91
-94
-77
-58
-70
-92
-93
-64
-41
-50
-58
-58
-43
-19
9
9
-5
4
26
43
45
43
55
70
72
66
80
97
92
82
94
99
83
86
101
99
72
66
71
80
72
55
49
52
45
20
32
44
32
6
10
25
18
15
23
28
17
7
14
35
40
18
-2
7
26
26
22
7
-8
-6
21
43
26
5
-2
24
25
7
-7
-14
-33
-45
-36
-38
-50
-59
-45
-39
-19
-14
-14
-8
15
17
-2
4
23
24
2
-5
0
-4
-3
-3
-2
-3
-7
-2
-7
-11
-21
-27
-32
-41
-47
-53
-65
-73
-67
-68
-74
-83
-68
-70
-78
-84
-86
-81
-80
-77
-90
-115
-106
-74
-72
-92
-105
-93
-85
-86
-74
-66
-79
-90
-85
-67
-57
-56
-60
-75
-78
-57
-37
-39
-45
-56
-59
-45
-19
-2
-15
-31
-34
-17
8
21
14
10
9
9
25
41
51
55
45
33
48
66
81
75
56
39
39
63
73
64
43
32
35
53
57
44
27
16
24
34
30
18
-5
-12
-5
4
-5
-18
-26
-26
-21
-16
-9
-15
-23
-21
-14
2
1
-13
-20
-14
-3
-1
-4
-4
-14
-24
-17
2
2
-7
-10
-13
-7
-8
-4
-3
-15
-27
-27
-14
-12
-23
-24
-22
-25
-34
-27
-18
-21
-24
-29
-24
-28
-29
-26
-26
-26
-42
-48
-36
-33
-36
-48
-60
-62
-59
-49
-46
-55
-72
-71
-63
-56
-56
-60
-60
-63
-58
-51
-45
-46
-51
-46
-46
-45
-38
-28
-35
-44
-45
-34
-32
-33
-28
-38
-40
-29
-34
-28
-20
-31
-38
-30
-24
-30
-25
-15
-19
-30
-29
-16
3
-2
-15
-16
-11
-2
3
-1
1
5
1
1
7
17
17
4
-1
9
17
15
4
2
6
7
16
25
26
17
6
18
46
49
24
14
32
44
41
28
26
34
21
23
28
34
24
11
11
14
8
8
9
-5
-15
-12
2
2
-2
-6
1
-2
-4
2
0
-11
-12
-9
-8
-5
0
-12
-20
-6
-3
-2
0
14
6
-4
3
11
1
-5
-3
-3
-18
-31
-19
-12
-25
-40
-40
-36
-40
-30
-26
-34
-43
-35
-25
-18
-24
-33
-33
-33
-23
-17
-13
-12
-21
-28
-15
1
0
-8
-14
-13
-8
-4
-4
-9
-16
-22
-19
-12
-15
-17
-14
-19
-22
-19
-7
-14
-30
-27
-25
-19
-20
-24
-35
-34
-23
-21
-17
-23
-24
-20
-15
-20
-21
-11
-15
-19
-18
-12
-9
-10
-11
-13
-11
-16
-9
3
8
-6
-19
-1
16
10
0
1
0
2
4
14
22
14
-1
-9
3
10
5
-10
-17
-17
-11
-1
-2
-8
-23
-26
-15
-3
2
1
-5
-15
-10
-3
7
7
-4
-10
-1
5
7
12
14
9
4
7
9
18
14
1
-9
-8
0
1
-3
-14
-27
-35
-19
-7
-17
-32
-38
-35
-28
-19
-25
-33
-37
-35
-23
-15
-19
-14
-19
-20
-17
-15
-7
-14
-18
-20
-22
-18
-12
-9
-8
-14
-20
-22
-7
-7
-22
-30
-29
-22
-24
-28
-27
-22
-23
-29
-28
-18
-15
-23
-23
-21
-18
-17
-17
-19
-17
-16
-16
-17
-16
-18
-21
-21
-23
-15
-21
-23
-19
-19
-19
-21
-11
-8
-11
-14
-14
-1
5
0
0
-6
-3
0
5
5
4
-7
-15
-9
-7
-8
-13
-23
-26
-23
-21
-17
-16
-23
-33
-41
-29
-20
-25
-33
-36
-32
-29
-25
-22
-23
-25
-29
-18
-7
-10
-15
-13
-8
-7
0
0
2
-7
-10
-4
4
9
6
-3
-4
-3
-8
1
-1
-8
-21
-23
-18
-12
-12
-17
-21
-26
-26
-24
-15
-15
-20
-23
-19
-7
2
-1
-5
-12
-5
1
5
-2
-6
-13
-14
-11
-8
-6
-13
-20
-19
-11
-11
-6
-10
-14
-17
-19
-21
-28
-28
-30
-31
-36
-31
-28
-27
-35
-36
-28
-22
-30
-31
-26
-25
-29
-35
-28
-27
-27
-27
-25
-29
-30
-25
-20
-18
-23
-23
-22
-12
-9
-13
-14
-22
-20
-13
-3
-3
-11
-15
-14
-4
-5
-11
-18
-16
-11
-14
-21
-23
-28
-40
-36
-26
-28
-36
-33
-27
-27
-29
-32
-29
-26
-28
-31
-29
-27
-24
-24
-25
-22
-25
-19
-14
-15
-20
-20
-19
-11
-9
-10
-10
-8
-6
-1
8
5
6
0
2
7
13
15
12
6
-1
4
14
16
11
-1
-2
4
9
12
3
-4
-3
-1
-1
3
5
-3
-12
-10
-7
1
-2
-7
-12
-11
-4
6
4
-2
-8
-8
4
6
5
-9
-11
-3
-6
-5
-10
-10
-14
-18
-12
-9
-10
-13
-14
-7
-5
-8
-7
-4
-2
-8
-6
-12
-6
-7
-10
-4
-4
-5
-5
0
-3
-6
-13
-18
-16
-17
-18
-19
-24
-23
-20
-22
-25
-24
-25
-20
-22
-31
-25
-20
-23
-31
-34
-27
-22
-17
-16
-17
-20
-11
-10
-6
-2
-12
-19
-13
-7
-7
-10
-13
-18
-11
-4
-6
-8
-15
-19
-12
-10
-9
-9
-11
-17
-18
-10
-12
-17
-26
-25
-19
-20
-19
-14
-20
-21
-15
-11
-7
-10
-15
-18
-13
-8
-4
-2
-13
-11
-6
-5
-5
-6
-11
-6
-4
-7
-9
-9
-9
-11
-15
-17
-13
-21
-19
-18
-14
-19
-23
-16
-14
-15
-22
-25
-18
-18
-24
-22
-23
-28
-24
-24
-21
-21
-24
-22
-13
-12
-17
-12
-7
-8
-8
-4
4
5
8
4
5
6
8
10
6
4
1
0
-1
0
-2
-9
-11
-9
-10
-12
-11
-13
-12
-13
-19
-21
-18
-15
-24
-27
-23
-20
-20
-22
-22
-17
-11
-14
-12
-9
-14
-9
-10
-11
-18
-22
-18
-15
-17
-25
-22
-18
-21
-19
-20
-19
-19
-16
-18
-19
-20
-20
-18
-19
-19
-28
-27
-26
-26
-18
-19
-20
-23
-27
-24
-24
-16
-21
-32
-34
-28
-22
-24
-25
-24
-22
-18
-15
-16
-15
-12
-13
-15
-9
-8
-8
-11
-16
-13
-7
-5
-12
-14
-12
-10
-17
-18
-13
-14
-14
-14
-12
-13
-21
-21
-17
-12
-18
-25
-25
-20
-24
-22
-21
-17
-12
-11
-9
-8
-7
-7
-6
4
3
-1
-3
2
8
7
7
2
4
2
3
8
5
-5
-11
-9
-7
-10
-11
-15
-17
-15
-23
-24
-24
-24
-35
-47
-33
-27
-26
-35
-40
-30
-32
-28
-27
-25
-21
-25
-17
-12
-13
-12
-8
-11
-9
-2
1
-1
-6
-8
-10
-4
-3
-5
-4
-7
-3
-2
-4
0
-1
-7
-12
-6
-6
-6
-12
-18
-18
-12
-13
-12
-13
-14
-16
-18
-16
-16
-17
-16
-18
-19
-21
-22
-21
-22
-21
-26
-30
-28
-28
-33
-36
-38
-39
-35
-33
-31
-20
-18
-20
-21
-25
-21
-14
-15
-19
-22
-15
-16
-8
-14
-17
-19
-20
-11
-9
-13
-18
-18
-15
-14
-16
-18
-18
-18
-14
-12
-11
-9
-11
-9
-6
-1
-6
-1
0
-2
-7
-7
-3
-9
-8
-14
-13
-17
-17
-22
-20
-21
-28
-23
-25
-19
-23
-28
-23
-25
-19
-20
-27
-23
-21
-23
-26
-24
-18
-21
-24
-22
-21
-16
-18
-16
-13
-17
-10
-9
-8
-3
-8
-7
-6
-1
1
-2
-2
-4
-3
-3
-1
-4
-3
-1
-3
-5
-2
-7
-9
-10
-9
-5
-4
-5
-12
-14
-15
-13
-14
-12
-17
-22
-25
-26
-21
-22
-26
-32
-34
-32
-32
-31
-34
-42
-41
-35
-39
-40
-39
-37
-37
-42
-39
-35
-33
-33
-33
-29
-30
-30
-25
-23
-29
-29
-31
-29
-21
-22
-19
-20
-24
-24
-19
-11
-10
-16
-12
-13
-9
-8
-11
-12
-9
-8
-7
-4
-2
-1
-13
-14
-17
-14
-8
-18
-26
-26
-25
-27
-29
-29
-29
-31
-33
-31
-33
-32
-36
-39
-35
-37
-43
-43
-39
-38
-41
-38
-40
-35
-38
-39
-38
-38
-43
-42
-38
-36
-38
-34
-31
-28
-25
-23
-23
-25
-22
-20
-16
-16
-16
-13
-18
-15
-11
-14
-9
-9
-10
-8
1
-2
-7
-7
-8
-3
-5
-6
-9
-11
-15
-17
-15
-11
-15
-19
-21
-22
-21
-24
-32
-32
-27
-31
-30
-29
-33
-40
-43
-36
-35
-40
-36
-38
-41
-42
-46
-41
-39
-42
-44
-37
-39
-43
-36
-33
-30
-31
-34
-29
-28
-26
-27
-25
-23
-22
-13
-17
-18
-13
-10
-8
-5
-6
-8
-6
-4
-2
-5
-4
-4
-5
0
0
0
-6
-5
-8
-6
-6
-8
-9
-10
-10
-18
-16
-20
-22
-25
-29
-28
-30
-32
-34
-31
-35
-39
-39
-36
-35
-38
-43
-42
-42
-43
-36
-37
-42
-41
-44
-43
-38
-41
-41
-37
-37
-37
-32
-37
-33
-29
-24
-27
-31
-22
-17
-17
-15
-13
-10
-15
-14
-10
-11
-9
-12
-6
-3
-4
-10
-9
-12
-11
-12
-14
-21
-25
-29
-32
-24
-25
-26
-26
-25
-28
-32
-29
-31
-32
-31
-33
-30
-28
-25
-27
-29
-26
-26
-25
-21
-20
-23
-15
-12
-13
-12
-16
-9
-11
-8
-2
0
-4
-3
2
1
3
2
1
4
5
3
5
10
11
8
9
9
12
14
12
14
16
16
15
13
16
12
16
12
13
12
15
10
10
8
1
3
0
0
-2
0
-1
2
-1
-1
0
-3
-3
-5
-9
-11
-10
-8
-9
-13
-13
-14
-13
-17
-15
-18
-21
-16
-16
-14
-17
-19
-22
-19
-20
-21
-17
-18
-21
-24
-22
-20
-21
-25
-22
-20
-25
-27
-22
-16
-18
-26
-15
-8
-11
-11
-15
-11
-8
-6
-2
-5
-5
-3
-8
-7
-3
-12
-9
-8
-8
-15
-18
-12
-18
-17
-14
-19
-22
-24
-23
-23
-23
-27
-31
-27
-30
-24
-30
-31
-28
-30
-29
-31
-29
-28
-26
-28
-24
-20
-20
-19
-16
-10
-8
-8
-4
-2
-7
-2
0
-2
5
6
5
2
8
7
4
4
9
3
4
5
4
6
4
-1
-2
-1
-1
4
-2
-5
-6
0
2
0
3
2
1
-1
-1
5
2
-1
2
1
3
6
1
1
4
1
7
5
5
2
2
5
4
4
2
1
1
-1
-5
-4
-3
-5
-6
-6
-1
3
1
2
4
6
3
4
3
4
0
4
7
4
10
10
9
10
11
13
14
17
15
14
14
11
6
4
5
10
3
0
-1
1
0
-1
0
0
-2
-7
-4
-3
-6
-9
-8
-9
-8
-8
-8
-4
-6
-8
-5
-3
-3
-4
-6
1
2
-2
1
1
3
1
2
4
6
8
8
12
5
8
11
10
7
6
7
9
15
14
14
12
13
15
18
16
22
18
15
13
12
13
10
11
12
9
8
14
12
10
7
10
13
16
14
13
15
16
14
9
16
15
13
10
15
11
10
9
6
8
6
4
1
4
6
5
4
3
1
-2
-4
-5
-3
1
-4
-3
0
1
2
-2
0
3
5
5
2
12
9
9
15
9
13
15
19
21
23
23
19
24
25
25
27
25
23
21
22
19
19
17
17
14
14
13
11
10
12
4
4
9
4
4
4
4
2
0
-2
2
0
-2
1
2
4
4
5
4
3
4
4
4
2
-1
-1
0
0
-3
-3
-1
-6
-12
-11
-11
-11
-8
-9
-12
-14
-15
-11
-10
-12
-13
-13
-14
-12
-13
-13
-14
-16
-13
-13
-13
-14
-12
-9
-6
-9
-2
-6
-5
-3
-4
-3
-1
5
9
8
6
6
3
8
4
5
3
1
2
1
8
6
4
5
6
7
8
7
6
6
8
8
5
2
-2
-5
-3
-5
-5
-4
-5
-2
-5
-4
-7
-3
-1
-3
-2
0
0
-2
-4
-5
-7
-6
1
0
0
-2
-5
-1
-3
-6
-5
-5
-7
-10
-10
-10
0
-1
-1
2
6
4
4
1
6
5
2
8
9
11
9
13
13
13
13
14
18
17
15
16
18
13
13
17
17
19
13
9
14
13
11
14
14
15
10
6
12
6
8
10
5
7
3
5
5
6
5
-5
0
-1
-7
-5
-3
-3
-6
-4
-4
2
3
1
5
7
6
9
8
8
4
2
5
2
3
-1
-2
0
3
0
3
5
7
5
1
9
2
6
6
9
13
13
11
7
10
8
6
8
4
5
3
1
-1
-2
-1
1
-1
-4
-3
0
1
1
3
-1
-3
1
1
-3
-5
-7
-7
-8
-8
-9
-10
-9
-13
-12
-11
-8
-11
-16
-9
-11
-7
-7
-9
-6
-9
-4
-5
-2
-1
-2
-1
5
6
6
7
7
7
9
11
3
5
4
4
5
5
4
8
4
6
3
3
8
5
5
4
5
3
3
6
5
4
7
7
2
-3
-1
-1
-2
-6
-11
-8
-6
-11
-10
-11
-12
-15
-16
-15
-13
-10
-11
-13
-11
-11
-11
-12
-7
-6
-2
2
0
2
2
2
5
8
10
12
10
10
14
15
13
17
17
19
19
15
18
19
17
21
19
20
24
20
18
17
15
16
15
15
15
13
9
7
11
7
5
4
-2
-5
-3
-3
-5
-6
-7
-8
-5
-7
-7
-13
-14
-14
-14
-14
-14
-14
-19
-16
-15
-12
-11
-10
-10
-11
-10
-4
-6
-8
-5
-6
-6
-7
-2
3
2
4
4
3
7
7
10
8
5
7
7
6
4
2
3
0
2
3
3
0
0
3
4
5
0
3
3
3
6
2
1
-1
-8
-8
-7
-7
-2
-4
-5
-3
-6
-10
-8
-9
-7
-5
-7
-2
2
5
3
1
-1
4
6
4
1
3
3
2
4
8
13
10
11
8
9
13
12
12
10
13
11
11
14
17
15
15
17
15
12
14
17
14
9
15
17
17
17
21
17
11
8
14
13
16
14
10
12
15
15
14
19
16
13
14
17
9
12
17
16
17
12
14
12
14
14
14
14
13
16
15
20
15
11
14
13
13
9
8
9
12
12
13
15
18
15
12
16
20
15
14
13
16
14
15
12
10
12
13
14
9
8
15
11
7
6
4
2
2
3
4
2
-4
0
-6
-9
-3
-5
-8
-6
-11
-10
-5
-8
-5
-7
-6
-2
1
-1
-1
1
2
2
2
1
-2
1
0
2
-4
-5
-3
