-19
-18
-19
-20
-20
-20
-15
-14
-15
-15
-17
-13
-13
-11
-4
-4
-5
-3
-4
-1
3
-2
1
1
-4
4
5
3
4
6
4
9
7
10
10
14
15
13
14
17
15
11
13
13
14
12
15
17
16
18
10
10
7
12
11
6
9
7
11
14
13
11
13
11
10
8
8
5
5
8
4
2
2
1
0
0
-4
2
3
-1
5
-1
0
2
2
5
3
5
5
6
5
2
1
2
-3
-3
-4
-1
5
-6
-3
1
-5
0
-1
2
1
3
8
3
4
7
9
7
9
14
9
8
12
9
6
5
3
1
-1
2
5
3
3
3
2
7
9
6
8
5
5
7
5
7
4
-1
-1
-3
-3
-2
-3
-6
-8
-8
-13
-14
-9
-2
-3
-6
-2
-1
-2
-1
4
-1
0
4
0
1
2
0
4
1
5
7
6
8
7
4
8
6
10
11
11
15
11
10
12
13
13
15
16
15
16
10
10
14
13
15
10
10
9
13
8
12
12
10
14
12
17
17
17
16
13
12
12
9
12
11
10
13
10
14
13
14
19
18
16
17
12
14
13
17
16
17
18
20
23
20
21
20
18
16
21
16
14
12
12
8
8
5
3
9
7
8
10
8
6
9
3
10
11
8
9
8
9
6
0
2
1
-4
-6
-5
-5
-9
-13
-6
-8
-8
-11
-13
-8
-9
-5
-5
-7
-7
-5
-7
-5
-10
-14
-13
-14
-11
-13
-16
-16
-13
-16
-14
-15
-16
-12
-15
-11
-18
-16
-14
-20
-17
-15
-14
-13
-15
-12
-11
-11
-12
-14
-18
-14
-14
-12
-14
-11
-15
-12
-12
-13
-12
-13
-16
-11
-8
-13
-9
-11
-11
-13
-13
-13
-16
-11
-13
-15
-14
-13
-14
-14
-9
-10
-9
-3
-7
-6
-6
-6
-3
-3
-3
-8
-4
-3
-7
-6
-2
-4
-6
-8
-5
-7
-3
-1
0
2
1
0
2
4
1
6
1
5
6
2
4
6
7
8
4
4
1
-2
1
-2
-1
3
1
7
7
5
6
9
12
5
7
8
10
8
9
12
14
14
9
11
13
20
17
14
15
19
21
22
20
22
24
23
24
23
25
28
27
29
26
30
30
29
29
31
31
32
33
33
35
35
34
32
32
34
32
30
29
30
24
24
29
30
30
29
33
29
32
31
29
31
29
30
25
27
24
25
23
24
27
26
31
30
32
30
34
31
31
31
28
29
31
30
26
27
26
29
28
29
29
31
28
27
28
31
31
30
30
25
26
30
25
25
27
26
26
25
25
27
27
27
26
26
26
26
27
26
23
23
24
19
20
24
24
23
24
20
18
18
16
15
10
10
13
11
16
13
12
12
10
12
13
14
13
14
16
14
13
14
16
13
14
15
10
13
12
10
11
10
9
6
9
6
6
7
4
6
-2
2
3
1
-1
1
1
1
5
2
0
0
-1
-1
0
-4
-4
-7
-4
-5
-8
-8
-7
-9
-15
-11
-12
-14
-13
-14
-15
-20
-13
-16
-20
-19
-17
-19
-18
-13
-21
-19
-20
-21
-21
-21
-18
-18
-19
-18
-19
-20
-20
-23
-24
-18
-24
-27
-28
-34
-35
-29
-28
-32
-36
-32
-29
-30
-29
-27
-26
-27
-22
-24
-25
-23
-22
-18
-23
-25
-24
-20
-22
-22
-24
-21
-23
-20
-22
-19
-21
-21
-17
-19
-21
-26
-21
-21
-20
-20
-19
-16
-21
-20
-20
-18
-16
-18
-20
-21
-20
-20
-22
-23
-22
-20
-23
-24
-23
-20
-22
-17
-15
-18
-13
-15
-14
-11
-9
-5
-6
-9
-6
-9
-4
-3
-5
-6
-2
-2
-2
-1
2
1
0
4
0
2
2
1
0
4
7
5
9
8
10
8
12
12
15
15
17
21
18
20
20
16
16
19
18
16
17
19
17
20
16
18
21
17
25
27
23
22
21
23
23
25
26
22
26
29
27
30
27
25
27
28
30
32
28
26
30
31
25
29
30
27
31
30
31
29
26
26
29
29
28
27
23
28
23
27
24
25
28
26
30
26
26
29
29
24
25
27
26
28
27
27
28
26
25
22
25
27
27
20
21
24
18
21
22
22
20
20
20
18
20
18
20
21
19
18
14
16
18
18
18
11
11
11
12
9
4
6
1
2
-3
-1
1
0
1
2
4
4
4
3
4
7
6
5
9
1
2
1
1
1
4
4
1
0
1
0
-2
2
1
0
0
-1
1
2
4
2
-1
4
4
2
0
4
2
2
6
5
4
4
0
0
-5
-1
1
-1
-3
-3
-4
-8
-3
-1
-2
-2
2
0
-2
-1
-5
-2
-4
-3
-5
-9
-9
-10
-9
-13
-12
-12
-15
-17
-17
-15
-19
-17
-14
-16
-12
-12
-13
-16
-19
-15
-10
-12
-13
-13
-16
-12
-13
-12
-11
-11
-7
-9
-5
-7
-9
-5
-6
-5
-5
-5
1
-4
-3
-1
-1
-1
-2
-2
1
0
-2
-2
-3
-1
0
3
-4
-3
-1
-5
-3
0
-2
-1
-6
-4
-5
-5
-8
-11
-8
-6
-7
-12
-9
-9
-10
-9
-9
-4
-9
-9
-4
-5
-5
-8
-8
-10
-9
-9
-11
-8
-8
-2
-4
-4
-7
-10
-3
0
2
1
3
5
9
6
7
2
4
5
1
5
7
6
6
9
12
16
14
14
14
14
13
16
17
13
13
13
12
14
14
15
19
19
18
17
20
21
22
24
22
24
22
25
28
31
27
27
31
29
27
26
26
29
29
30
30
32
33
32
34
34
32
30
32
26
22
18
21
21
22
22
24
26
24
24
23
24
20
27
19
17
21
16
18
16
14
13
20
19
16
20
16
12
14
16
15
12
15
17
15
13
12
12
10
12
11
7
9
11
10
8
9
12
10
12
9
5
7
6
2
3
4
9
7
7
7
12
11
7
10
10
7
6
9
6
8
8
11
12
10
7
7
7
0
2
6
6
5
-1
3
2
-1
0
6
9
5
7
3
5
3
3
1
1
-1
-4
1
1
1
0
4
2
2
-1
-2
-3
-3
1
-3
0
-1
-4
-4
-3
-1
-3
-3
-3
0
3
2
1
2
0
5
4
7
5
7
6
4
9
10
7
11
12
11
15
16
14
14
16
19
14
12
14
12
14
11
10
13
16
13
16
16
19
21
17
24
18
21
24
21
22
23
20
15
13
14
17
11
5
5
3
1
-1
-1
0
1
0
-2
-3
1
4
3
6
0
6
13
6
8
5
7
5
8
11
7
9
9
10
9
11
10
12
8
7
7
9
5
4
4
6
6
5
7
7
9
7
10
12
12
9
10
9
10
17
10
11
13
11
10
8
6
10
8
6
3
5
7
10
11
7
10
7
8
11
7
5
4
8
5
5
10
10
17
16
10
12
16
12
13
13
14
13
8
8
10
4
1
4
4
4
2
-1
2
2
3
2
-1
3
0
1
2
-1
-2
-2
1
-4
-5
-1
-2
-4
-4
-2
-1
1
0
2
3
5
5
5
-1
2
3
2
3
0
2
5
3
4
9
6
6
4
4
2
2
0
0
-3
1
2
0
3
6
7
6
7
7
11
11
7
6
8
5
6
6
3
-2
0
3
0
3
-2
-1
-1
0
0
2
6
1
-1
0
-1
4
1
3
7
3
4
2
-1
1
1
-1
0
-1
-4
-4
1
-1
-4
0
-4
-4
-4
-6
-3
-2
-3
-6
-3
-6
-3
-4
-9
-8
-6
-4
-7
-6
-4
-2
-3
-4
-1
-2
-7
-3
-5
-6
-3
-3
-2
0
0
3
1
2
4
7
8
5
9
6
7
7
9
9
6
6
7
7
10
14
10
10
13
11
13
13
19
19
17
17
14
18
16
15
16
14
17
15
18
17
19
13
17
17
17
17
13
18
16
17
13
15
16
12
16
12
10
13
10
12
11
13
10
11
10
8
9
10
11
14
14
11
9
9
13
10
12
15
13
13
10
13
14
8
10
8
11
9
10
11
6
6
7
5
5
8
6
8
6
7
3
3
6
5
4
4
6
5
5
5
5
6
7
9
9
5
8
4
1
3
-1
-2
-1
3
-3
-5
-7
-3
-4
-4
2
4
2
5
7
4
0
5
4
5
3
1
3
1
0
1
1
-2
-7
-8
0
-5
-8
-9
-7
-8
-10
-13
-14
-14
-14
-17
-14
-14
-18
-14
-14
-11
-13
-15
-12
-12
-11
-8
-13
-10
-15
-13
-11
-13
-11
-11
-9
-11
-11
-13
-8
-10
-7
-4
-9
-7
-10
-9
-8
-11
-13
-13
-13
-15
-19
-18
-12
-15
-13
-24
-20
-22
-25
-21
-24
-25
-24
-23
-24
-25
-26
-26
-25
-26
-23
-22
-23
-26
-27
-28
-32
-36
-36
-34
-37
-38
-39
-32
-34
-33
-32
-29
-28
-26
-23
-32
-26
-25
-23
-26
-27
-21
-24
-24
-26
-26
-28
-29
-23
-25
-28
-28
-27
-23
-25
-25
-24
-24
-26
-27
-25
-24
-22
-20
-22
-17
-16
-15
-22
-21
-13
-16
-10
-14
-10
-11
-12
-10
-10
-5
-4
-1
-4
0
-2
-3
-3
-4
-3
-2
-5
-7
-3
-3
-4
-2
-5
-3
-1
2
-1
-5
-1
-6
-5
-2
2
1
-1
-1
-5
-7
-5
-3
-5
-6
-7
-6
-6
-8
-4
-7
1
-1
-4
0
2
7
4
1
5
5
7
7
10
7
9
9
9
10
12
16
18
18
18
20
19
21
19
19
18
17
22
20
20
18
18
19
18
22
24
20
18
23
16
16
18
20
21
20
17
21
16
18
19
17
16
10
13
10
13
11
3
5
9
5
3
6
8
8
3
3
0
1
-1
-2
1
2
1
2
-1
-2
0
-4
-5
-6
-6
-1
-4
-6
-7
-12
-9
-8
-12
-9
-15
-12
-9
-15
-8
-9
-13
-13
-10
-10
-11
-11
-10
-12
-14
-10
-13
-18
-15
-15
-15
-16
-14
-14
-14
-13
-13
-13
-11
-10
-7
-6
-7
-2
-5
-6
-6
-7
-6
-4
-6
-7
-8
-12
-9
-11
-10
-14
-14
-13
-17
-19
-16
-13
-13
-11
-10
-11
-16
-15
-11
-8
-12
-16
-15
-21
-18
-18
-16
-16
-19
-12
-13
-18
-15
-18
-18
-16
-15
-19
-19
-14
-16
-13
-16
-17
-21
-22
-23
-26
-23
-25
-26
-32
-32
-27
-30
-27
-25
-28
-25
-24
-25
-24
-25
-23
-21
-22
-18
-17
-13
-12
-15
-17
-16
-15
-16
-12
-13
-12
-16
-17
-18
-15
-15
-15
-12
-13
-10
-9
-13
-13
-12
-11
-13
-8
-13
-13
-17
-15
-17
-18
-16
-20
-20
-23
-22
-21
-21
-17
-21
-21
-21
-22
-21
-20
-21
-20
-21
-23
-22
-20
-20
-21
-22
-21
-22
-20
-20
-20
-16
-16
-17
-17
-15
-12
-13
-12
-9
-11
-9
-11
-11
-7
-7
-10
-8
-5
-2
-3
-3
-2
-6
-6
-8
-8
-4
-5
-6
-9
-12
-6
-6
-3
-3
-9
-6
-8
-4
-8
-9
-7
-7
-10
-10
-9
-8
-8
-8
-7
-4
-4
-5
1
-1
-2
-5
-3
-4
-6
-6
-7
-3
-3
-5
-6
-5
-7
-5
-9
-6
-4
-5
0
0
-1
0
6
2
1
2
0
1
3
5
4
2
3
2
4
6
9
11
9
12
15
10
14
13
12
15
15
13
11
8
12
11
8
10
11
12
12
13
12
11
15
13
17
14
12
11
10
11
5
7
7
9
6
8
9
10
8
4
9
9
7
7
9
9
8
8
5
4
4
6
7
3
-3
1
1
0
-1
1
0
-3
-3
-3
-9
-6
-6
-6
-11
-9
-7
-9
-9
-11
-8
-8
-8
-10
-9
-13
-14
-18
-21
-19
-18
-17
-19
-16
-17
-15
-16
-21
-19
-16
-13
-17
-15
-19
-18
-18
-19
-25
-26
-27
-25
-29
-28
-27
-30
-27
-29
-31
-30
-25
-30
-26
-28
-32
-30
-29
-29
-27
-30
-30
-24
-24
-26
-27
-19
-23
-20
-20
-25
-21
-22
-22
-21
-17
-15
-16
-16
-17
-19
-22
-18
-16
-18
-19
-22
-21
-20
-15
-15
-15
-13
-11
-12
-13
-11
-10
-8
-9
-7
-11
-11
-10
-10
-9
-8
-10
-8
-10
-9
-5
-9
-9
-8
-8
-7
-6
-8
-6
-5
-9
-8
-5
-4
-3
-8
-10
-9
-10
-5
-6
-8
-7
-9
-8
-11
-10
-6
-4
-8
-8
-4
-9
-7
-4
-7
-10
-5
-3
2
1
0
0
0
-4
1
1
-3
-2
-2
-2
-3
-3
-1
-1
0
3
0
0
0
1
-1
0
2
1
1
1
-1
-4
-5
-7
-5
-6
-13
-14
-11
-10
-11
-15
-16
-19
-16
-19
-23
-18
-20
-22
-20
-22
-23
-26
-23
-20
-24
-27
-29
-30
-27
-30
-25
-23
-30
-28
-23
-26
-28
-28
-24
-25
-25
-22
-22
-23
-19
-16
-16
-17
-20
-17
-17
-16
-19
-15
-15
-20
-16
-15
-14
-15
-15
-14
-17
-21
-18
-19
-19
-18
-15
-18
-18
-17
-14
-15
-15
-11
-11
-11
-17
-13
-13
-14
-7
-4
-6
-2
0
-6
-5
-2
-3
-3
-6
-4
-2
-2
-2
-2
-6
-9
-7
-11
-1
1
-7
-2
-7
-3
-4
-1
5
0
2
7
2
2
1
-1
4
3
5
1
-1
1
4
6
5
6
3
8
6
5
15
13
7
3
8
11
10
13
10
8
15
20
17
12
13
14
13
10
14
14
6
2
12
12
12
14
19
25
15
10
16
20
16
5
0
-5
-9
-7
-9
-17
-22
-19
-21
-22
-19
-16
-17
-14
-9
-9
-7
-10
-10
-16
-13
-15
-17
-21
-23
-18
-26
-28
-22
-20
-22
-19
-17
-16
-13
-7
-9
-7
-6
-6
-7
-11
-12
-13
-10
-15
-20
-23
-23
-19
-18
-19
-21
-18
-18
-19
-17
-18
-18
-15
-15
-18
-18
-17
-17
-10
-9
-10
-11
-14
-12
-12
-14
-16
-16
-12
-13
-18
-15
-13
-11
-11
-12
-12
-12
-11
-8
-12
-13
-13
-14
-8
-11
-11
-9
-7
-3
-8
-7
-10
-11
-9
-8
-8
-12
-15
-13
-13
-12
-12
-7
-9
-9
-8
-10
-11
-17
-14
-13
-14
-17
-12
-12
-12
-12
-13
-8
-9
-6
-13
-14
-8
-7
-11
-9
-8
-6
-6
-6
-8
-10
-5
-9
-5
-5
-8
-5
-5
-5
-8
-4
-4
-6
-3
-4
-3
-5
-6
-3
2
2
2
4
2
-1
2
0
3
2
2
-1
-5
0
-5
-4
0
-7
-8
-7
-6
-7
-11
-10
-8
-12
-11
-12
-13
-12
-15
-21
-17
-16
-14
-11
-20
-19
-15
-18
-19
-16
-13
-12
-14
-14
-19
-17
-14
-12
-13
-17
-16
-14
-17
-17
-16
-22
-17
-14
-15
-21
-19
-14
-12
-9
-8
-8
-5
-9
-7
-1
-5
0
-3
-6
-7
-6
-1
-5
-9
-11
-11
-5
-2
-5
-8
-10
-8
-4
1
-4
-4
-3
-3
0
1
5
4
5
4
5
10
4
6
4
4
3
10
10
6
10
10
14
13
11
13
14
14
17
12
14
16
16
12
16
18
15
14
12
13
13
6
9
13
10
10
10
8
8
12
12
11
14
16
10
11
11
7
11
9
10
14
16
20
15
20
17
18
19
20
22
22
21
17
19
21
21
23
25
27
28
27
27
28
29
25
25
28
20
19
23
24
23
15
10
4
7
9
8
7
9
10
6
8
3
5
9
13
11
11
11
7
6
4
10
11
12
10
10
12
12
8
15
16
15
17
17
17
16
18
19
24
23
25
24
25
28
29
30
32
30
32
34
33
33
33
33
28
29
26
26
25
25
20
17
14
9
10
8
10
9
7
6
9
3
10
8
7
10
6
8
9
13
5
8
8
9
8
8
11
11
7
4
9
9
5
3
-2
-1
2
-2
-4
-5
-8
-16
-13
-8
-8
-4
-11
-17
-14
-14
-12
-17
-17
-16
-16
-17
-16
-14
-18
-21
-25
-20
-24
-22
-21
-26
-24
-24
-19
-14
-14
-19
-16
-17
-11
-7
-4
-1
-6
-7
-7
-2
2
-2
-4
-3
-4
1
8
9
4
4
5
7
12
12
16
13
7
8
21
28
34
34
37
39
44
56
62
64
66
67
71
76
83
89
86
82
89
94
91
94
95
100
98
100
96
100
103
97
96
92
89
89
85
78
73
72
65
60
53
46
45
36
36
32
25
31
28
24
17
15
14
10
11
8
3
2
2
-7
-13
-15
-17
-19
-26
-26
-32
-33
-37
-41
-41
-50
-46
-48
-50
-51
-51
-53
-50
-46
-49
-50
-56
-55
-60
-64
-67
-75
-77
-74
-76
-79
-81
-81
-85
-87
-81
-79
-80
-85
-86
-94
-87
-84
-79
-74
-71
-59
-54
-49
-50
-50
-55
-52
-49
-40
-29
-15
14
55
99
111
102
101
118
143
158
160
146
121
102
108
136
156
154
131
111
119
149
173
167
135
109
99
101
110
103
90
68
56
57
67
84
84
63
41
35
46
51
43
27
16
18
23
32
37
34
23
15
17
29
37
38
26
17
16
27
41
35
29
18
19
23
31
35
30
21
20
19
23
28
33
34
28
31
34
46
46
43
39
32
37
34
30
24
23
24
21
24
26
19
16
17
18
15
10
7
2
-2
-7
-2
-4
-12
-16
-20
-24
-27
-33
-48
-61
-61
-65
-67
-75
-81
-84
-97
-96
-100
-104
-110
-116
-121
-130
-128
-129
-137
-134
-138
-139
-136
-131
-123
-115
-108
-99
-100
-101
-104
-105
-101
-93
-63
-25
9
34
48
63
77
91
115
132
125
112
95
97
103
112
123
114
111
104
115
137
149
141
123
103
92
89
87
78
57
41
32
36
45
47
44
39
33
31
30
32
19
6
-1
-5
-4
9
10
1
-7
-7
-2
2
6
6
2
-6
-9
-8
-3
2
3
3
7
5
4
3
0
-5
-8
-7
-13
-16
-9
-3
2
5
10
15
21
29
32
33
20
22
20
17
16
13
14
12
16
16
18
14
9
9
0
-9
-13
-14
-21
-29
-37
-41
-47
-48
-51
-55
-59
-70
-72
-79
-87
-94
-103
-113
-124
-128
-130
-137
-135
-143
-152
-161
-161
-163
-168
-168
-177
-179
-176
-169
-156
-146
-138
-133
-129
-118
-96
-46
10
52
64
64
68
95
126
149
155
137
102
77
96
134
159
151
123
107
120
155
192
194
163
129
109
107
120
130
110
69
32
28
62
89
94
76
50
43
49
63
67
51
19
-5
-10
7
28
33
13
-14
-24
-9
18
26
24
2
-7
-4
9
27
35
32
14
6
10
26
36
29
13
-7
-8
5
17
25
24
21
25
35
44
57
62
56
43
38
47
49
45
34
34
37
40
42
44
43
43
36
31
27
21
16
3
-1
-9
-11
-14
-19
-26
-34
-36
-41
-48
-56
-64
-71
-71
-83
-93
-102
-109
-113
-119
-123
-127
-135
-145
-155
-157
-156
-162
-177
-183
-187
-187
-179
-169
-163
-159
-162
-147
-143
-123
-94
-61
-9
39
74
84
94
113
142
162
177
173
142
111
114
142
171
170
144
127
133
160
190
210
201
165
139
130
132
136
124
93
48
25
38
65
77
64
40
31
35
45
52
52
25
-5
-28
-22
-2
10
-2
-28
-42
-37
-11
3
11
2
-15
-24
-16
11
25
21
3
-15
-14
2
19
18
2
-14
-19
-11
4
19
15
7
2
7
23
44
48
35
24
22
28
36
33
25
18
9
14
15
28
32
23
18
15
11
12
3
-4
-16
-34
-40
-47
-54
-58
-66
-69
-73
-77
-80
-85
-91
-96
-103
-105
-110
-114
-123
-127
-130
-134
-141
-153
-156
-160
-167
-174
-172
-184
-190
-195
-200
-195
-196
-196
-201
-201
-198
-186
-156
-116
-79
-28
25
67
88
109
141
175
200
214
213
194
165
158
185
204
195
175
161
164
184
208
217
218
192
159
139
139
138
119
83
40
15
17
38
51
43
26
16
18
27
47
52
37
9
-19
-19
-8
-1
-11
-30
-51
-51
-27
-1
14
17
8
-2
2
21
42
45
28
3
-2
9
19
22
16
2
-9
3
20
35
47
43
29
28
43
58
64
57
42
33
30
41
47
38
33
22
17
21
29
33
20
12
1
2
0
-4
-11
-21
-36
-52
-54
-57
-52
-55
-68
-81
-87
-88
-91
-99
-108
-107
-114
-124
-127
-125
-132
-133
-132
-136
-136
-136
-145
-146
-151
-155
-157
-164
-166
-170
-178
-178
-184
-188
-190
-194
-199
-193
-185
-161
-109
-55
10
65
102
123
154
191
228
252
258
251
220
205
219
241
239
212
193
184
192
205
219
224
200
165
127
125
127
113
82
37
5
-12
3
20
24
14
3
3
14
33
52
55
25
-2
-13
-6
2
-4
-28
-42
-46
-36
-2
22
29
28
19
23
52
71
73
52
15
7
13
17
10
4
-12
-16
-14
-1
19
29
23
9
9
20
40
39
26
14
5
3
12
16
18
15
5
3
11
18
26
19
-2
-12
-20
-14
-20
-31
-39
-43
-55
-59
-57
-59
-65
-83
-88
-87
-86
-88
-97
-104
-106
-112
-108
-113
-113
-114
-123
-125
-125
-132
-141
-143
-149
-156
-162
-166
-170
-179
-184
-188
-189
-188
-201
-203
-218
-225
-230
-234
-213
-179
-126
-73
-17
42
105
154
194
237
277
295
290
281
267
258
252
246
224
192
171
169
169
169
169
168
145
104
78
72
59
22
-18
-45
-56
-60
-57
-42
-22
-17
-14
-5
24
55
64
58
45
24
16
22
17
4
-14
-23
-17
-6
12
36
50
51
49
62
85
92
83
64
45
36
33
31
33
29
20
10
18
34
44
59
55
49
49
49
54
50
40
30
24
20
24
28
31
28
25
19
25
33
27
19
5
-3
-15
-19
-21
-32
-30
-40
-50
-47
-40
-48
-49
-59
-81
-89
-97
-115
-119
-124
-138
-142
-155
-161
-156
-157
-164
-168
-165
-165
-171
-171
-173
-170
-170
-179
-186
-191
-195
-202
-213
-224
-231
-243
-256
-270
-279
-277
-238
-165
-99
-32
35
120
202
265
317
366
409
422
394
353
325
305
284
244
203
157
133
124
117
106
97
75
41
-10
-38
-45
-63
-100
-156
-171
-158
-141
-124
-84
-50
-15
12
44
85
125
134
111
92
73
70
63
47
20
-2
-4
7
22
43
61
70
63
51
57
66
66
37
6
-16
-20
-19
-18
-10
2
4
5
28
52
71
76
66
57
50
42
36
25
10
-3
-9
-5
3
12
11
5
-3
-5
-5
-5
-15
-29
-38
-50
-64
-71
-69
-62
-64
-74
-76
-76
-78
-89
-94
-99
-106
-119
-131
-131
-136
-137
-141
-149
-147
-145
-143
-145
-156
-172
-185
-197
-206
-213
-228
-238
-251
-265
-273
-290
-296
-306
-321
-333
-337
-324
-274
-170
-56
41
123
239
374
477
552
599
634
640
588
512
446
396
330
243
158
96
60
43
17
-12
-27
-48
-79
-120
-157
-164
-170
-197
-232
-231
-182
-116
-63
-7
69
152
213
256
301
329
333
297
247
202
166
146
106
54
23
9
16
25
30
36
43
29
12
1
-2
1
-19
-41
-44
-23
12
43
74
103
136
159
172
186
189
183
150
111
79
65
46
21
-4
-18
-21
-22
-22
-23
-29
-39
-57
-83
-99
-104
-115
-128
-145
-138
-126
-117
-103
-94
-82
-68
-64
-72
-75
-79
-89
-110
-132
-147
-156
-162
-175
-183
-183
-192
-193
-202
-208
-219
-239
-256
-273
-285
-290
-300
-312
-322
-328
-332
-344
-356
-370
-378
-366
-305
-197
-41
101
229
364
516
667
765
824
833
811
736
621
496
376
268
151
32
-74
-129
-155
-165
-179
-194
-204
-216
-240
-273
-273
-264
-252
-250
-231
-163
-63
43
135
230
325
397
435
459
455
416
347
253
147
64
11
-38
-102
-153
-176
-162
-134
-119
-107
-97
-97
-98
-103
-94
-71
-56
-46
-28
17
82
152
202
236
262
276
278
258
226
185
128
60
3
-43
-69
-81
-101
-116
-120
-108
-96
-93
-95
-97
-105
-119
-130
-134
-121
-118
-121
-116
-108
-83
-65
-61
-64
-68
-75
-93
-118
-138
-157
-180
-203
-231
-242
-241
-240
-248
-247
-257
-261
-262
-273
-281
-290
-306
-309
-313
-314
-301
-300
-307
-329
-343
-364
-375
-380
-338
-233
-67
123
266
421
588
766
898
952
946
907
829
685
511
349
221
94
-39
-163
-237
-246
-239
-240
-251
-250
-236
-245
-268
-276
-252
-208
-169
-128
-39
101
255
380
480
570
634
657
628
557
458
348
206
46
-88
-177
-227
-260
-282
-296
-263
-213
-169
-132
-109
-82
-62
-48
-28
18
70
121
178
236
303
367
415
427
407
366
311
246
161
79
-1
-71
-126
-157
-167
-155
-134
-124
-113
-97
-76
-58
-48
-44
-39
-37
-22
-4
20
41
51
47
29
9
-16
-48
-90
-137
-183
-217
-239
-255
-257
-257
-249
-241
-231
-229
-222
-231
-259
-276
-303
-316
-327
-339
-340
-322
-305
-263
-235
-209
-196
-205
-244
-299
-357
-428
-424
-354
-217
-29
170
368
570
762
937
1050
1067
998
875
693
496
291
108
-40
-180
-279
-336
-341
-302
-250
-218
-217
-228
-248
-269
-281
-282
-253
-204
-124
-2
153
333
507
624
698
719
696
622
493
333
151
-25
-178
-298
-367
-401
-394
-373
-343
-301
-258
-201
-162
-149
-145
-134
-93
-29
53
143
242
342
425
488
518
513
474
384
262
132
14
-80
-164
-221
-243
-236
-209
-169
-130
-101
-79
-77
-84
-89
-92
-77
-49
-17
23
78
140
189
210
199
161
92
1
-95
-184
-269
-335
-383
-401
-393
-352
-297
-256
-222
-209
-204
-214
-235
-268
-298
-326
-358
-361
-349
-314
-287
-268
-253
-255
-255
-262
-288
-333
-383
-436
-500
-538
-550
-490
-303
-38
251
460
631
807
997
1103
1072
963
814
659
440
220
57
-35
-97
-186
-271
-301
-268
-237
-249
-303
-347
-352
-355
-344
-304
-195
-39
125
266
420
602
753
815
773
686
584
451
276
93
-73
-193
-269
-338
-369
-352
-306
-292
-319
-328
-301
-264
-244
-219
-171
-82
43
173
303
448
582
657
657
612
546
459
327
172
7
-117
-188
-238
-259
-246
-198
-160
-132
-119
-92
-61
-45
-53
-55
-33
16
89
151
212
267
303
304
268
221
152
51
-74
-198
-291
-346
-365
-367
-358
-332
-288
-233
-190
-150
-130
-134
-169
-201
-217
-218
-217
-231
-241
-237
-212
-197
-196
-221
-260
-294
-338
-375
-401
-427
-427
-445
-451
-466
-464
-442
-400
-245
-6
315
547
676
802
952
1103
1105
991
818
674
498
272
85
-43
-84
-159
-264
-341
-354
-304
-289
-318
-353
-345
-289
-220
-143
-33
149
337
480
577
666
759
794
709
557
402
260
123
-40
-184
-280
-320
-347
-376
-381
-355
-331
-351
-398
-407
-326
-195
-88
8
130
289
458
585
647
669
664
591
447
281
141
42
-67
-178
-261
-289
-262
-227
-212
-199
-165
-139
-130
-128
-100
-36
35
86
133
193
276
341
356
323
261
192
106
4
-98
-185
-260
-337
-397
-414
-391
-346
-306
-292
-274
-233
-176
-139
-128
-140
-151
-159
-163
-159
-159
-162
-178
-211
-246
-268
-294
-316
-347
-392
-423
-445
-455
-452
-444
-443
-454
-468
-487
-493
-490
-404
-191
128
466
683
798
906
1030
1093
1001
814
603
429
243
55
-72
-109
-100
-147
-224
-291
-296
-280
-300
-344
-374
-321
-209
-77
68
241
450
618
703
717
699
667
571
401
213
63
-31
-106
-177
-241
-269
-267
-285
-326
-363
-381
-383
-393
-392
-305
-114
93
266
397
512
618
671
649
562
461
356
221
71
-41
-90
-101
-120
-160
-204
-223
-203
-197
-204
-190
-156
-91
-29
45
141
238
306
316
299
280
274
242
175
88
9
-43
-80
-128
-180
-234
-292
-342
-375
-372
-341
-290
-256
-217
-164
-89
-18
5
-11
-59
-102
-144
-174
-207
-221
-219
-235
-238
-255
-264
-278
-326
-386
-438
-466
-477
-489
-493
-496
-469
-447
-442
-432
-418
-311
-114
174
494
698
803
835
869
897
822
677
472
335
207
85
1
-56
-47
-89
-161
-244
-305
-290
-273
-236
-202
-118
22
161
306
407
513
583
589
529
427
356
287
204
91
-15
-82
-124
-155
-205
-269
-316
-350
-364
-367
-333
-261
-194
-127
-56
67
217
332
392
429
461
471
460
390
313
242
160
67
-35
-85
-98
-111
-157
-209
-207
-149
-52
-1
25
67
125
196
246
267
257
241
213
184
179
183
185
147
73
9
-33
-69
-129
-216
-297
-341
-339
-317
-290
-245
-184
-125
-77
-44
-40
-49
-79
-126
-156
-183
-189
-193
-193
-191
-191
-203
-226
-267
-313
-338
-391
-425
-450
-477
-471
-459
-413
-367
-319
-307
-327
-355
-384
-372
-338
-192
77
406
665
753
740
711
730
681
537
362
232
196
152
101
54
49
54
-20
-137
-263
-291
-243
-171
-93
-19
109
249
362
422
440
463
434
345
224
148
132
126
99
27
-39
-83
-109
-160
-248
-323
-355
-342
-303
-247
-164
-91
-29
21
77
162
238
267
258
271
311
353
347
278
194
120
58
-3
-66
-111
-121
-121
-127
-105
-54
17
73
90
87
99
144
186
199
192
191
211
233
238
229
193
146
81
0
-84
-149
-191
-239
-278
-299
-281
-246
-203
-172
-148
-117
-92
-77
-92
-114
-130
-140
-143
-147
-139
-133
-140
-152
-185
-217
-260
-306
-343
-380
-388
-392
-374
-376
-382
-374
-359
-322
-311
-313
-337
-373
-382
-375
-306
-135
120
436
660
739
704
632
626
605
541
416
311
283
261
231
155
83
25
-58
-156
-254
-274
-209
-90
26
96
167
234
295
315
304
302
293
281
250
232
231
238
204
120
14
-98
-167
-233
-284
-324
-326
-271
-204
-131
-87
-62
-53
-37
8
64
134
180
220
276
331
368
333
247
155
90
52
10
-22
-43
-33
-19
-21
-38
-38
-21
3
23
22
53
108
177
220
237
250
248
245
222
180
127
79
25
-44
-97
-137
-155
-166
-198
-221
-234
-229
-216
-216
-209
-194
-169
-142
-127
-108
-103
-87
-87
-102
-107
-129
-144
-167
-207
-255
-298
-317
-318
-332
-358
-371
-386
-380
-375
-377
-365
-348
-333
-328
-339
-348
-351
-337
-257
-69
259
616
814
799
655
581
613
624
544
396
319
344
372
322
190
78
18
-51
-146
-238
-247
-151
5
113
173
205
243
274
277
285
302
331
348
325
297
287
281
240
130
-17
-130
-189
-209
-213
-233
-236
-216
-173
-121
-104
-115
-135
-117
-59
29
128
192
246
291
323
320
275
201
138
113
101
91
57
33
22
-4
-49
-96
-99
-67
-15
24
45
78
137
196
209
196
175
168
160
135
101
62
45
23
-18
-59
-101
-126
-153
-188
-227
-262
-273
-254
-244
-218
-186
-150
-118
-102
-99
-121
-132
-145
-151
-160
-177
-189
-211
-232
-269
-319
-355
-377
-386
-380
-377
-379
-378
-391
-391
-384
-361
-328
-322
-331
-364
-380
-371
-256
-27
292
600
732
682
527
454
484
532
518
431
381
387
418
370
236
100
-21
-101
-174
-224
-203
-100
40
138
161
144
148
173
199
235
263
306
338
352
336
301
258
193
104
1
-87
-148
-162
-156
-161
-175
-187
-180
-170
-171
-182
-181
-142
-56
60
153
211
237
229
219
220
215
215
208
194
168
139
112
75
39
0
-30
-46
-34
5
43
73
90
98
106
117
122
123
132
138
135
131
113
105
96
74
44
2
-35
-66
-102
-141
-190
-231
-251
-244
-221
-201
-178
-156
-149
-147
-154
-163
-168
-172
-175
-180
-180
-183
-179
-187
-206
-246
-287
-329
-349
-339
-333
-337
-352
-378
-392
-403
-401
-405
-405
-394
-382
-359
-346
-260
-90
198
520
688
664
489
359
388
510
597
559
494
452
440
385
251
80
-51
-106
-140
-172
-173
-95
35
136
153
89
37
60
135
226
293
329
357
368
362
323
256
187
116
47
-19
-71
-99
-106
-112
-137
-181
-214
-227
-215
-202
-196
-163
-89
21
120
181
189
177
186
208
240
249
251
240
213
186
139
89
44
28
19
1
-8
-2
24
51
60
54
42
49
84
116
138
158
169
170
159
152
138
129
111
73
23
-27
-62
-97
-139
-178
-209
-218
-204
-184
-167
-152
-147
-149
-145
-152
-156
-157
-156
-144
-135
-138
-159
-180
-204
-241
-275
-308
-320
-319
-322
-340
-376
-404
-419
-402
-370
-354
-349
-362
-380
-386
-368
-260
-70
224
503
630
567
387
280
338
510
625
609
528
465
434
352
209
56
-42
-57
-58
-88
-95
-40
65
137
117
27
-52
-33
66
192
276
305
314
302
279
236
182
133
98
66
24
-33
-68
-80
-86
-112
-172
-238
-279
-270
-250
-218
-167
-85
0
64
98
104
107
113
145
164
180
196
209
212
181
139
82
48
43
50
49
38
37
29
20
12
11
13
38
67
89
97
105
124
130
124
114
105
101
95
71
32
-9
-58
-100
-145
-185
-202
-205
-189
-175
-169
-176
-176
-173
-171
-176
-182
-179
-174
-154
-138
-137
-146
-162
-189
-223
-269
-302
-310
-300
-299
-308
-333
-359
-375
-378
-366
-349
-328
-311
-321
-339
-358
-311
-167
66
350
543
570
420
249
224
365
554
643
616
541
472
397
287
157
69
73
98
76
14
-15
27
94
131
81
-6
-52
-4
105
208
263
270
263
244
214
166
128
133
154
160
111
28
-43
-79
-91
-110
-146
-181
-197
-199
-197
-182
-139
-69
-2
28
13
-27
-44
-2
95
166
195
195
179
171
157
133
105
95
110
114
87
50
31
38
49
43
19
8
8
34
47
48
44
53
67
76
85
90
98
97
77
33
-22
-59
-87
-108
-131
-144
-138
-140
-134
-148
-170
-197
-206
-203
-207
-204
-201
-183
-168
-163
-171
-192
-216
-225
-231
-239
-245
-248
-259
-275
-280
-296
-316
-329
-314
-288
-270
-267
-281
-302
-316
-303
-245
-146
43
260
405
423
293
166
161
309
480
561
548
500
471
420
316
201
144
177
232
225
164
105
91
105
112
75
23
14
62
123
151
147
144
171
212
220
189
138
111
125
140
122
73
24
-2
-15
-34
-66
-94
-99
-104
-113
-136
-136
-108
-79
-46
-46
-58
-53
-20
26
67
105
128
149
163
153
127
110
117
135
145
135
111
88
65
37
11
-13
-16
-9
1
-1
-20
-33
-27
-14
10
33
47
54
43
15
-17
-40
-50
-51
-54
-57
-62
-65
-75
-87
-109
-137
-162
-165
-157
-162
-164
-164
-170
-175
-176
-179
-196
-209
-222
-227
-221
-223
-221
-230
-238
-256
-269
-266
-269
-262
-256
-256
-256
-246
-253
-267
-276
-261
-228
-160
-21
151
270
222
55
-46
31
215
334
336
268
255
288
276
202
118
120
193
252
250
205
171
170
167
130
71
40
90
173
218
185
117
94
121
181
214
181
133
116
127
131
98
71
73
99
115
98
44
4
-6
-8
-35
-58
-58
-29
-5
-13
-49
-83
-66
-10
35
33
30
59
91
104
96
78
78
95
120
119
101
87
91
90
54
22
8
10
31
38
21
-8
-17
10
27
34
44
60
61
49
31
10
5
15
26
22
10
2
5
2
-25
-63
-90
-92
-82
-82
-100
-123
-145
-152
-156
-172
-190
-197
-205
-215
-215
-218
-221
-222
-232
-239
-255
-254
-240
-234
-235
-237
-243
-250
-251
-262
-273
-278
-274
-227
-119
-8
-20
-148
-225
-120
85
210
197
133
137
213
264
243
188
193
261
305
294
248
229
231
238
208
140
91
111
186
228
192
122
91
117
174
204
175
127
114
138
148
121
91
94
114
119
82
26
-13
-15
-20
-54
-86
-77
-44
-32
-49
-108
-142
-112
-57
-30
-27
-19
16
45
57
42
19
21
50
78
69
50
43
59
53
24
-3
-10
2
22
23
-4
-19
-5
23
35
43
57
75
82
66
48
37
30
44
46
33
22
26
39
26
-8
-40
-62
-65
-60
-57
-70
-96
-108
-116
-121
-133
-146
-153
-165
-169
-167
-175
-182
-199
-201
-212
-228
-231
-232
-224
-208
-197
-222
-248
-258
-258
-245
-257
-278
-253
-149
-7
32
-74
-181
-131
60
210
212
145
127
190
266
267
211
192
256
311
305
248
211
223
250
244
177
110
114
183
237
211
143
107
122
168
197
184
135
115
137
140
103
68
67
98
109
71
13
-10
-9
-24
-61
-90
-74
-37
-16
-44
-101
-128
-103
-60
-30
-18
-12
1
28
32
15
-2
-3
18
28
19
15
21
37
43
21
-7
-18
-8
9
11
-10
-21
-8
7
22
24
28
39
53
45
29
18
22
38
41
27
18
24
26
25
4
-31
-51
-50
-35
-32
-40
-59
-80
-92
-101
-112
-129
-138
-149
-150
-150
-163
-181
-184
-182
-194
-208
-213
-211
-204
-195
-202
-227
-241
-234
-229
-231
-244
-252
-181
-59
38
11
-102
-143
-27
155
241
208
155
174
234
266
242
201
227
286
304
271
217
211
244
260
222
155
121
154
213
231
191
133
119
154
184
186
161
124
119
127
109
76
59
75
93
87
43
1
-10
-1
-25
-70
-89
-62
-28
-25
-71
-130
-138
-95
-55
-45
-46
-39
-17
-7
-15
-39
-49
-32
-9
-7
-24
-29
-10
12
10
-15
-26
-23
-10
-1
-14
-35
-40
-14
-6
1
11
14
21
17
4
-11
-16
-3
6
1
-15
-21
-6
-5
-16
-33
-45
-62
-63
-58
-58
-72
-89
-98
-120
-137
-147
-154
-166
-178
-183
-189
-201
-216
-228
-234
-247
-257
-256
-261
-251
-233
-233
-250
-258
-246
-235
-230
-244
-240
-168
-44
54
8
-101
-122
14
190
258
214
164
191
248
269
231
203
246
313
334
288
234
238
271
277
240
171
142
193
255
259
216
167
159
189
217
210
167
138
136
146
118
81
78
99
117
98
53
15
15
28
6
-35
-54
-31
4
4
-32
-79
-82
-44
-5
-2
-10
-5
12
23
10
-9
-14
8
33
39
25
25
37
47
42
24
11
16
30
36
25
12
13
34
45
45
46
46
47
35
18
1
2
11
20
11
-10
-16
-16
-13
-19
-37
-47
-55
-57
-55
-57
-64
-65
-83
-107
-123
-139
-155
-163
-176
-192
-197
-200
-208
-225
-250
-258
-263
-265
-259
-261
-257
-250
-258
-264
-270
-264
-253
-256
-248
-179
-46
43
-13
-146
-159
-3
183
237
173
119
154
217
231
184
155
213
288
297
243
195
196
228
243
203
131
115
175
243
245
187
141
131
160
192
183
141
109
116
123
97
59
59
82
95
75
30
-5
-2
9
-1
-29
-41
-21
2
5
-36
-79
-83
-43
-13
-12
-24
-25
-6
6
1
-20
-25
1
30
35
16
8
18
39
42
19
11
21
40
52
40
25
33
48
50
41
33
39
51
42
22
2
6
18
20
3
-19
-27
-27
-24
-35
-50
-53
-47
-40
-41
-54
-66
-66
-81
-104
-121
-135
-140
-150
-171
-198
-212
-209
-212
-226
-249
-264
-261
-260
-267
-273
-272
-264
-252
-259
-267
-263
-247
-246
-264
-233
-130
4
36
-77
-169
-104
77
207
202
134
111
163
210
196
149
153
226
275
251
196
172
197
233
223
152
96
122
195
237
211
143
103
116
150
168
139
107
104
116
114
69
40
53
74
71
33
-11
-23
-3
11
-5
-38
-41
-13
11
7
-36
-66
-51
-8
15
12
-1
15
38
35
17
-1
10
40
63
53
33
30
55
68
56
38
38
59
80
82
68
58
64
78
71
59
61
76
85
69
46
28
29
43
39
19
-5
-6
1
5
-5
-18
-18
-9
-7
-12
-30
-51
-60
-71
-87
-106
-118
-124
-131
-140
-155
-163
-174
-185
-196
-204
-213
-221
-229
-231
-227
-221
-220
-229
-236
-231
-217
-226
-239
-229
-138
-3
60
-23
-141
-125
44
203
225
161
119
163
222
223
174
157
219
283
274
215
175
196
226
227
181
113
108
176
232
215
150
104
107
136
161
149
107
86
99
96
58
17
25
49
53
21
-18
-39
-29
-14
-26
-49
-61
-41
-24
-39
-76
-103
-92
-61
-32
-25
-29
-27
-18
-16
-35
-42
-30
-5
12
8
-12
-21
-5
12
9
-4
-6
7
25
27
17
6
15
30
36
33
31
47
54
37
18
6
7
21
17
2
-19
-26
-14
-12
-21
-30
-33
-30
-28
-38
-54
-68
-81
-87
-106
-115
-118
-118
-119
-135
-157
-163
-163
-161
-166
-187
-209
-223
-218
-212
-212
-218
-224
-231
-232
-240
-235
-241
-249
-252
-226
-141
-34
22
-43
-134
-108
38
171
210
170
135
161
207
213
179
181
236
289
279
225
199
213
239
237
190
138
133
195
239
215
153
104
102
131
156
149
114
87
90
86
55
33
29
46
51
28
-6
-27
-20
-16
-28
-43
-48
-39
-38
-55
-80
-95
-79
-49
-30
-30
-38
-46
-48
-35
-33
-44
-34
-14
0
-5
-14
-16
-7
0
3
1
-10
2
21
27
13
9
21
31
34
34
34
35
38
32
14
-2
-4
13
15
-5
-18
-25
-24
-20
-23
-38
-50
-43
-38
-50
-71
-85
-92
-96
-101
-114
-129
-134
-131
-137
-145
-165
-170
-174
-184
-193
-204
-210
-214
-210
-213
-224
-223
-226
-228
-233
-239
-235
-229
-230
-227
-189
-100
-1
16
-57
-123
-66
85
193
197
145
128
168
210
212
183
188
247
284
266
219
206
221
243
224
173
142
162
212
232
191
128
103
121
150
159
135
106
93
100
91
51
33
43
68
71
36
0
-16
-7
-11
-31
-48
-32
-14
-23
-48
-80
-82
-50
-18
-19
-37
-32
-21
-14
-15
-22
-35
-22
3
9
-4
-13
-1
10
10
1
-1
2
18
33
31
17
17
34
42
39
36
37
39
34
20
7
-5
4
20
14
-7
-24
-25
-25
-29
-39
-56
-57
-53
-54
-70
-96
-107
-109
-114
-117
-126
-132
-137
-145
-159
-175
-177
-172
-176
-190
-205
-219
-223
-218
-220
-230
-240
-245
-242
-249
-245
-239
-247
-253
-258
-263
-227
-142
-29
3
-86
-162
-103
52
165
175
123
92
131
189
188
151
154
227
264
246
198
175
190
214
219
170
121
128
191
214
175
117
87
103
127
150
132
98
91
101
95
57
34
48
71
70
41
6
-10
-4
-9
-33
-58
-59
-35
-34
-54
-95
-97
-60
-36
-31
-55
-69
-47
0
15
-14
-47
-40
-5
13
11
2
9
28
41
26
7
11
37
63
59
38
31
48
65
61
47
42
58
64
57
34
21
31
42
36
17
6
4
10
7
-13
-34
-37
-32
-37
-55
-82
-99
-97
-98
-112
-130
-142
-145
-148
-162
-177
-183
-189
-190
-204
-221
-225
-222
-224
-236
-250
-246
-238
-232
-232
-240
-242
-241
-231
-235
-243
-243
-214
-123
-25
4
-80
-150
-102
41
147
156
121
101
137
180
175
145
152
216
257
226
184
171
192
211
200
155
114
123
178
191
147
97
81
100
116
128
118
91
82
88
74
36
19
35
49
46
19
-11
-25
-29
-35
-54
-63
-56
-37
-31
-51
-88
-97
-78
-56
-41
-37
-37
-38
-31
-27
-34
-38
-16
5
19
9
0
0
8
19
21
18
18
42
59
61
42
35
45
59
67
65
68
69
74
63
42
35
44
61
55
39
20
9
13
16
8
-7
-23
-23
-25
-34
-49
-67
-71
-76
-91
-99
-111
-116
-123
-143
-158
-166
-173
-171
-176
-193
-203
-205
-201
-201
-210
-212
-206
-208
-210
-216
-217
-216
-210
-214
-220
-213
-194
-116
-18
12
-70
-154
-112
31
144
158
119
90
110
168
170
130
136
201
251
232
189
167
178
200
199
152
103
106
162
192
157
108
88
94
113
132
124
95
81
88
74
33
16
34
53
49
17
-11
-30
-34
-36
-43
-57
-68
-49
-40
-58
-88
-95
-82
-69
-51
-46
-50
-55
-43
-39
-55
-64
-55
-35
-23
-19
-24
-28
-17
-3
-1
0
4
22
31
24
12
10
21
29
40
35
33
34
37
30
11
14
27
37
35
18
7
5
7
-3
-17
-25
-26
-28
-29
-46
-71
-79
-84
-83
-97
-110
-120
-127
-134
-149
-165
-171
-172
-171
-181
-188
-196
-196
-197
-204
-210
-220
-209
-194
-194
-195
-200
-210
-211
-207
-197
-194
-157
-73
15
13
-76
-122
-45
86
155
154
117
102
143
180
170
140
166
232
247
211
181
174
184
194
182
136
105
131
186
186
138
101
90
104
124
138
120
92
89
91
68
27
23
45
55
33
7
-18
-34
-27
-27
-48
-69
-59
-29
-23
-50
-81
-91
-86
-62
-42
-43
-53
-41
-26
-43
-58
-54
-33
-17
-8
-15
-23
-18
-3
11
2
-9
1
27
36
28
16
13
21
31
32
23
21
30
34
24
9
9
24
36
30
10
-4
-8
6
3
-16
-28
-30
-26
-30
-48
-67
-81
-86
-86
-98
-120
-134
-139
-146
-156
-173
-177
-179
-184
-187
-186
-188
-194
-194
-195
-196
-197
-194
-183
-174
-165
-169
-192
-202
-191
-174
-144
-88
-11
13
-49
-119
-80
35
123
151
117
95
110
158
173
147
152
203
229
213
180
173
172
184
184
151
113
125
175
188
156
115
107
115
125
140
135
115
99
102
87
50
32
45
63
51
30
9
-7
-12
-13
-30
-57
-48
-17
-11
-37
-69
-84
-66
-36
-19
-22
-31
-25
-13
-9
-24
-31
-21
-3
4
-1
-6
-6
12
18
15
3
0
24
40
34
17
4
9
24
26
14
12
18
29
19
0
-2
14
32
31
12
-9
-9
3
4
-13
-31
-35
-30
-32
-46
-67
-85
-90
-90
-102
-121
-135
-137
-138
-156
-170
-178
-181
-173
-179
-187
-188
-188
-184
-179
-190
-198
-192
-176
-160
-162
-171
-181
-179
-180
-169
-151
-98
-9
21
-29
-98
-81
24
118
146
123
99
115
159
173
145
142
186
217
206
175
160
167
178
178
147
111
109
152
177
145
111
94
99
115
126
121
95
90
98
86
49
30
41
57
50
38
19
1
5
-3
-24
-33
-20
8
12
-2
-34
-41
-28
-12
5
7
11
10
17
12
-3
0
15
39
41
37
27
23
31
41
39
31
38
51
59
54
39
33
34
37
48
46
48
57
64
52
33
27
34
47
46
40
26
16
16
10
-3
-16
-25
-24
-27
-36
-53
-67
-80
-81
-88
-98
-103
-113
-114
-127
-142
-149
-154
-153
-152
-155
-155
-150
-158
-168
-173
-168
-160
-148
-146
-145
-141
-148
-146
-152
-155
-132
-79
-14
16
-14
-65
-62
6
89
127
120
103
111
134
144
129
117
151
184
182
154
138
144
154
147
120
90
83
118
131
116
90
69
72
77
81
75
68
64
69
53
23
8
17
29
28
17
-1
-10
-12
-18
-30
-35
-24
-7
8
-13
-39
-51
-49
-34
-25
-20
-29
-27
-22
-25
-32
-35
-23
-7
-7
-10
-17
-21
-8
1
-1
-7
-7
4
12
7
-5
-12
-8
-4
7
11
12
15
13
1
-9
-12
-1
9
15
10
-4
-12
-18
-18
-25
-33
-39
-35
-37
-47
-61
-78
-88
-86
-94
-99
-107
-106
-114
-129
-135
-146
-147
-145
-139
-139
-141
-149
-144
-146
-158
-155
-148
-137
-132
-124
-136
-140
-136
-138
-139
-130
-106
-57
-3
3
-31
-62
-35
37
94
116
104
94
110
128
128
117
127
163
177
161
141
133
144
145
135
113
93
108
130
129
108
82
79
81
86
87
80
75
73
68
47
29
25
45
52
45
34
17
12
15
12
5
-1
5
19
17
1
-15
-15
-9
1
1
2
-1
10
16
6
-8
-10
2
10
2
0
2
3
13
12
0
-7
-3
11
9
1
-3
4
8
9
11
8
10
14
11
-1
-5
-1
7
13
14
1
-11
-17
-16
-17
-26
-37
-34
-28
-41
-52
-63
-70
-73
-80
-92
-104
-106
-102
-108
-121
-132
-132
-120
-119
-124
-129
-127
-121
-113
-116
-125
-120
-111
-99
-95
-95
-96
-102
-100
-96
-89
-64
-28
0
1
-8
-10
1
35
80
101
111
117
120
121
128
137
142
151
158
160
150
143
151
148
128
117
111
108
111
115
103
89
82
75
78
75
79
83
74
66
52
41
33
34
42
38
29
18
20
23
16
1
-8
-1
7
7
-2
-25
-30
-18
-19
-22
-23
-20
-11
-6
-12
-23
-24
-14
-10
-9
-13
-15
-8
-5
-12
-20
-26
-20
-11
-14
-14
-20
-23
-20
-20
-23
-19
-12
-11
-13
-16
-25
-27
-26
-19
-20
-27
-28
-28
-26
-33
-40
-44
-46
-47
-55
-62
-74
-80
-88
-97
-107
-111
-117
-121
-131
-144
-142
-142
-145
-140
-138
-139
-136
-139
-136
-136
-133
-125
-124
-120
-111
-108
-113
-117
-114
-111
-107
-97
-69
-39
-23
-28
-27
-16
9
33
61
72
78
90
90
94
91
103
110
118
121
119
116
115
117
116
103
95
97
95
98
88
82
79
76
82
82
81
84
85
88
73
63
66
63
69
69
67
62
64
56
41
31
32
43
42
31
21
17
11
13
10
10
20
26
30
25
17
21
22
20
22
23
23
20
22
16
16
9
13
20
21
18
12
12
11
7
6
7
9
11
11
11
7
2
3
-3
-5
-4
-3
-5
-10
-20
-23
-28
-34
-34
-41
-48
-52
-61
-63
-66
-69
-75
-78
-95
-100
-97
-102
-99
-99
-105
-111
-104
-93
-84
-88
-92
-90
-79
-77
-72
-61
-56
-51
-48
-55
-52
-42
-36
-33
-26
-13
1
2
0
3
20
45
54
50
53
59
73
81
72
74
84
94
87
86
83
82
82
80
78
67
65
74
75
70
62
59
56
58
56
47
52
51
52
43
41
36
40
41
36
37
27
29
28
27
23
15
17
11
5
-2
-4
-7
-1
-1
-3
-3
-4
-7
-6
-1
-4
-7
-5
0
-4
-14
-14
-18
-18
-15
-20
-19
-16
-17
-16
-19
-23
-22
-20
-22
-19
-20
-22
-19
-19
-21
-23
-26
-28
-26
-28
-29
-31
-33
-33
-38
-42
-45
-48
-48
-49
-52
-59
-60
-65
-75
-78
-78
-74
-74
-83
-86
-97
-102
-101
-100
-98
-93
-89
-88
-90
-91
-82
-87
-82
-74
-70
-66
-67
-66
-74
-72
-68
-68
-64
-59
-57
-52
-40
-26
-24
-21
-14
-5
15
24
33
41
43
48
47
51
58
62
66
67
70
68
67
70
64
61
65
62
57
51
59
57
50
55
55
54
55
57
56
57
53
47
43
46
49
50
44
33
26
30
26
24
18
20
23
13
4
-5
-7
-5
-2
-9
-13
-11
-9
-12
-17
-17
-14
-16
-15
-19
-22
-18
-19
-20
-22
-27
-21
-21
-19
-20
-23
-24
-22
-15
-22
-24
-18
-19
-18
-24
-27
-26
-26
-25
-23
-27
-28
-27
-27
-29
-32
-31
-26
-27
-33
-35
-40
-40
-32
-37
-42
-45
-43
-42
-42
-44
-43
-42
-39
-34
-28
-32
-36
-30
-18
-8
-15
-14
-15
-16
-13
-10
-8
-6
0
3
-6
-13
-10
1
9
10
19
26
25
26
27
35
46
54
58
62
64
66
70
72
69
67
74
78
78
80
79
81
77
79
81
79
82
86
81
80
79
85
92
94
93
91
87
87
86
78
71
69
72
67
67
62
52
53
43
36
35
32
25
24
20
13
7
5
4
5
3
2
-3
-1
-5
-13
-12
-21
-21
-15
-21
-29
-35
-35
-31
-34
-38
-38
-37
-33
-41
-40
-44
-46
-44
-45
-49
-52
-50
-47
-44
-45
-43
-42
-39
-41
-38
-37
-35
-34
-39
-39
-34
-33
-31
-31
-35
-42
-43
-44
-42
-37
-34
-33
-34
-34
-31
-30
-25
-21
-17
-11
-14
-16
-14
-14
-9
-8
-10
-9
-11
-15
-14
-7
-9
-11
-7
-5
-4
-6
3
11
13
12
17
21
24
32
38
44
49
52
55
54
57
61
69
74
77
79
80
80
88
91
87
87
89
90
95
93
95
96
100
101
93
94
90
94
93
87
83
80
80
72
72
63
59
51
47
43
31
32
25
20
15
8
1
1
0
-3
-4
-8
-5
-5
-8
-9
-11
-12
-14
-20
-23
-20
-20
-19
-22
-24
-26
-28
-30
-29
-26
-30
-27
-26
-27
-26
-26
-24
-22
-20
-24
-26
-22
-22
-21
-21
-24
-28
-29
-30
-25
-23
-23
-24
-28
-29
-31
-31
-24
-23
-24
-23
-28
-25
-27
-23
-17
-18
-18
-14
-13
-10
-8
-8
-10
-7
-2
-5
-4
-1
3
3
5
3
6
5
5
8
5
10
12
16
19
18
17
21
22
29
27
31
37
36
45
45
47
45
54
55
57
61
59
64
69
65
64
65
65
68
67
71
78
80
79
77
77
77
80
83
79
75
75
75
72
74
74
70
66
58
57
57
51
52
49
45
46
40
38
32
29
29
27
23
20
22
23
21
18
11
8
7
9
4
1
-1
-7
-6
-8
-10
-11
-11
-11
-15
-16
-14
-11
-11
-11
-14
-11
-11
-8
-5
-4
-6
-4
-1
-6
-11
-7
-6
-7
-4
-5
1
2
-4
-1
-4
-5
0
-5
0
2
4
1
-1
0
1
5
11
7
4
4
4
6
-1
3
6
4
-2
0
-2
0
0
-5
0
-3
-3
-1
0
0
4
1
1
1
5
5
6
8
5
7
6
8
15
13
14
11
12
17
21
23
23
23
23
23
25
29
27
29
31
30
37
36
42
44
38
40
36
42
41
41
39
38
37
34
35
34
32
35
31
33
33
34
34
35
35
31
36
33
38
27
25
26
26
25
23
28
27
22
20
19
16
20
19
19
15
16
17
14
13
14
11
9
9
11
13
16
20
15
13
15
16
18
19
17
19
20
20
21
21
21
19
19
21
24
21
20
22
25
23
23
25
21
19
22
30
30
32
34
29
22
23
26
25
29
32
28
24
25
20
17
23
23
22
25
22
17
23
20
17
16
14
15
17
13
16
13
9
7
2
5
6
10
6
2
2
-3
-4
-5
-4
-3
-7
-8
-3
-2
-9
-7
0
0
1
0
0
5
6
6
7
6
5
7
9
7
6
10
9
13
13
17
17
17
22
16
20
22
24
22
23
24
26
28
28
25
23
26
22
22
20
21
17
17
15
13
11
16
11
12
15
14
12
6
8
7
3
2
0
3
2
-1
0
-3
1
0
2
1
7
7
9
12
12
7
14
13
15
22
20
21
23
24
22
30
25
32
36
34
38
42
47
44
48
50
50
51
53
55
57
56
56
51
52
57
56
55
54
48
44
38
39
35
40
40
39
39
36
37
33
35
38
34
28
26
24
24
19
16
17
11
14
12
7
8
8
6
7
8
7
4
4
5
6
7
11
15
17
21
20
23
28
28
29
25
26
27
28
34
30
32
34
33
36
32
32
36
29
30
30
30
32
29
30
30
29
26
23
26
25
24
21
23
20
16
19
17
12
13
15
11
10
10
6
7
8
8
4
6
6
1
7
4
3
2
5
7
8
4
7
9
10
13
16
15
13
13
18
13
14
16
17
23
27
26
31
28
30
33
30
35
34
38
33
36
37
44
40
39
44
39
43
43
45
44
48
40
45
41
36
40
38
36
35
35
29
30
33
33
26
29
29
27
23
24
25
22
20
16
17
20
20
14
10
10
16
12
10
12
8
7
10
15
16
17
15
16
18
19
20
18
21
23
21
20
19
22
24
23
23
25
25
23
21
24
28
25
23
28
31
28
30
31
25
24
26
27
26
23
25
20
17
16
15
11
9
8
5
3
4
-4
-8
-3
-4
-5
-3
-5
-9
-10
-14
-11
-9
-11
-9
-11
-12
-10
-12
-16
-19
-17
-18
-18
-15
-15
-15
-11
-12
-10
-8
-10
-8
-10
-11
-8
-1
-2
-6
0
-2
0
2
2
6
13
15
16
15
19
21
21
25
26
28
23
27
29
25
26
23
21
23
22
24
22
23
19
19
26
25
23
21
19
22
21
21
23
22
20
18
18
23
22
17
18
19
16
17
20
19
19
17
17
16
19
23
25
28
28
31
32
34
35
39
42
48
50
52
53
54
52
55
53
54
56
51
55
54
55
58
57
57
58
52
55
55
53
54
50
54
50
50
55
51
46
45
44
47
39
35
34
31
34
31
31
32
31
31
31
28
27
25
25
23
24
23
25
22
23
20
22
21
18
19
18
19
20
21
20
19
21
18
18
22
19
18
16
20
21
22
18
19
26
26
24
24
26
25
27
22
23
19
16
22
18
17
17
11
12
12
14
13
9
9
3
1
6
6
2
-1
1
2
4
-4
-2
-1
-1
1
-4
-3
-3
-8
-7
-7
-14
-12
-12
-13
-13
-10
-9
-10
-9
-11
-9
-7
-8
-6
-7
-6
-6
-5
2
-2
2
8
3
4
6
13
13
10
14
13
13
17
15
21
25
18
19
27
26
24
31
28
29
31
33
32
28
31
32
35
34
36
34
31
31
32
27
30
31
30
27
24
27
25
30
27
31
31
31
27
24
21
20
20
17
20
19
17
21
20
20
20
20
22
20
23
26
28
28
29
29
29
30
28
34
32
32
33
30
34
37
32
34
34
33
34
33
34
31
32
32
26
26
28
28
28
24
22
23
23
22
19
16
16
12
14
12
8
7
4
3
-1
0
-2
-3
-4
-5
-4
-3
-8
-12
-11
-17
-13
-18
-15
-16
-13
-14
-13
-9
-10
-10
-8
-9
-11
-10
-8
-3
-7
-3
-3
-4
-1
-5
1
3
1
5
7
9
9
10
8
12
13
17
14
17
18
20
24
23
26
21
26
24
22
23
24
24
24
20
16
17
20
21
16
15
17
15
16
14
12
15
13
14
15
15
15
15
20
24
22
24
24
27
26
26
23
28
26
25
26
27
28
27
30
30
28
31
34
36
38
38
39
37
40
39
43
38
43
41
40
39
35
37
36
36
35
35
33
24
29
28
26
27
24
22
19
17
17
17
16
14
11
15
13
8
5
6
5
6
2
0
2
-2
0
-2
-5
-8
-14
-13
-18
-18
-14
-13
-11
-13
-15
-15
-18
-10
-11
-11
-12
-10
-11
-14
-13
-8
-9
-10
-10
-15
-14
-12
-13
-15
-13
-13
-13
-14
-11
-11
-12
-9
-9
-12
-8
-5
-6
-6
-5
-3
-5
-8
-4
-1
0
0
4
0
-4
1
0
-4
2
3
1
0
-1
0
-1
-1
-2
-7
-4
-4
-1
-5
-7
-5
-5
-2
-4
-6
-2
-1
-3
-4
-2
-2
-1
0
0
3
4
6
5
7
8
9
8
11
9
10
19
20
23
23
26
27
24
27
30
29
32
33
32
34
34
35
40
38
35
35
32
34
35
32
31
28
25
25
28
27
24
28
23
23
25
24
26
21
18
18
20
16
13
9
5
4
4
5
4
2
1
4
3
5
0
4
1
-1
1
-2
0
-4
-2
-2
-1
0
-2
-3
-1
-5
-1
3
-2
0
1
0
1
4
3
8
8
6
9
7
11
10
6
6
7
7
5
5
0
6
7
3
1
1
0
-4
-6
-4
-7
-4
-7
-9
-6
-9
-11
-10
-10
-7
-10
-12
-13
-14
-16
-20
-20
-23
-23
-22
-21
-21
-21
-20
-22
-24
-23
-20
-21
-23
-22
-22
-20
-18
-16
-16
-21
-18
-16
-15
-11
-15
-15
-12
-15
-11
-5
-8
-10
-8
-7
-6
-4
-1
-3
-1
-2
-2
-6
-7
-7
-5
-4
-8
-3
-1
-1
0
-6
-2
-2
-4
0
-3
-3
-5
0
-1
-2
-2
-6
-6
-5
-4
-1
-5
-8
-7
-7
2
-3
-6
-2
-9
-5
-3
-7
-3
-6
-2
2
-1
-2
-3
7
2
7
8
7
9
6
8
8
10
5
5
7
9
10
11
8
8
12
13
18
16
15
15
21
17
17
13
19
16
11
16
15
17
10
9
12
14
11
5
12
12
7
6
4
9
5
6
8
4
-1
1
-2
-6
-6
-7
-9
-7
-3
-6
-6
-4
-5
-10
-4
-3
-5
-4
-7
-3
-4
-6
-4
-2
-2
-3
-5
-4
-5
-10
-10
-4
-4
-1
-5
-3
-3
3
3
4
6
2
7
5
9
1
4
5
5
9
5
4
4
1
3
-1
-3
-1
-3
-5
-3
-3
-4
-3
-4
-3
-4
-5
-4
-5
-1
-2
-2
1
0
3
2
-2
-2
1
0
1
3
-2
-2
-2
2
0
-1
3
1
1
4
9
6
9
10
17
12
17
23
24
28
25
27
23
26
26
23
25
26
27
27
26
27
27
27
28
27
34
27
31
32
26
33
34
29
27
27
23
25
24
22
25
18
16
22
20
19
15
11
13
13
10
7
5
6
5
10
9
6
9
10
8
4
6
3
4
5
9
8
4
5
6
3
-1
-1
2
3
2
0
-2
-1
-2
-6
-3
-3
-2
-4
-8
-4
-8
-6
-7
-10
-7
-7
-7
-8
-10
-11
-13
-17
-19
-20
-23
-22
-26
-28
-24
-25
-25
-25
-26
-26
-22
-22
-23
-23
-21
-18
-19
-21
-23
-24
-24
-21
-22
-22
-25
-24
-22
-20
-21
-27
-21
-22
-23
-25
-22
-24
-20
-24
-28
-20
-23
-22
-19
-19
-17
-18
-15
-12
-11
-15
-11
-10
-15
-11
-13
-14
-13
-11
-12
-11
-8
-6
-10
-6
-5
0
0
-5
-1
0
7
3
2
7
6
7
6
6
9
6
4
7
9
9
10
12
9
9
14
14
11
9
11
7
10
10
6
11
8
6
10
7
5
5
4
5
4
1
2
1
7
4
5
8
7
11
5
5
10
10
14
14
11
10
6
8
4
7
5
4
1
1
2
0
-3
-4
-4
-6
-8
-6
-4
-8
-9
-6
-4
-5
-9
-9
-7
-12
-11
-10
-9
-10
-14
-14
-16
-18
-16
-16
-16
-17
-17
-17
-13
-12
-14
-15
-17
-16
-16
-14
-15
-16
-12
-13
-13
-12
-13
-12
-13
-15
-16
-14
-13
-11
-9
-11
-8
-6
-5
-8
-5
-2
-4
2
3
3
6
5
8
4
4
5
2
6
2
2
1
0
1
3
0
3
2
1
-3
-4
-3
-7
-6
-7
-4
-1
-9
-8
-8
-10
-4
-4
-2
-1
-3
1
-2
-7
-1
-5
-6
-2
-2
-5
-7
-4
-6
-3
0
0
-1
0
3
2
3
8
8
10
8
11
14
12
11
15
15
13
18
14
17
17
13
11
10
11
9
7
5
8
4
-2
3
0
-2
-4
-3
-4
-5
-7
-8
-5
-4
-5
-8
-9
-8
-12
-12
-9
-12
-12
-10
-8
-13
-11
-14
-18
-14
-18
-14
-13
-16
-10
-14
-12
-16
-17
-16
-17
-13
-13
-11
-8
-13
-11
-13
-14
-15
-15
-15
-17
-16
-16
-18
-18
-14
-17
-18
-21
-18
-16
-17
-19
-23
-22
-26
-24
-25
-27
-26
-27
-25
-25
-25
-25
-24
-22
-23
-27
-24
-24
-25
-26
-24
-23
-24
-24
-23
-23
-27
-21
-18
-23
-20
-19
-21
-18
-16
-17
-17
-17
-17
-16
-16
-16
-14
-15
-14
-16
-14
-16
-13
-13
-17
-16
-14
-17
-21
-16
-18
-17
-16
-15
-16
-14
-14
-10
-9
-11
-9
-6
-5
-2
-2
2
3
2
4
7
5
8
11
7
10
9
6
8
9
6
10
9
10
9
5
8
14
8
10
10
5
6
8
8
7
5
7
7
7
7
5
6
7
9
8
10
9
5
5
8
7
5
6
1
0
3
2
1
4
7
9
13
12
15
9
9
11
9
7
9
10
9
10
9
9
10
14
15
13
12
10
12
13
15
5
2
5
4
2
-1
-8
-4
-2
-6
-6
-5
0
0
0
-3
-5
0
-5
-3
-4
-4
-3
-7
-4
-6
-5
-6
-6
-4
-5
-1
-6
-1
-2
-4
-3
-3
-3
-1
-6
-3
-2
-8
2
-6
-4
-3
0
1
0
4
1
3
1
0
2
1
-2
1
1
0
-3
0
-1
0
-2
-7
-6
-5
-5
-1
-7
-5
-2
-9
-6
-3
-2
-5
-6
-8
-6
-6
-7
-3
-10
-7
-9
-8
-5
-6
-6
-5
-4
-2
-4
-3
0
-1
-2
0
-1
-2
2
3
3
7
10
8
6
7
5
10
8
3
2
4
2
2
0
3
2
1
4
1
4
3
7
7
8
8
6
10
9
10
9
12
12
9
13
8
7
11
8
6
7
6
5
5
3
3
6
4
4
2
3
5
1
2
-1
3
0
1
-1
1
2
2
3
2
2
-1
3
-3
-4
-5
-5
-7
-9
-5
-8
-7
-5
-7
-5
-5
-3
-8
-3
-8
-11
-7
-12
-12
-12
-12
-15
-12
-13
-15
-12
-12
-12
-14
-12
-11
-11
-11
-15
-14
-9
-11
-9
-13
-14
-15
-14
-13
-12
-12
-14
-12
-9
-7
-9
-10
-11
-6
-9
-6
-4
-7
-5
-6
-6
-5
0
-1
-2
-3
-2
-1
-1
2
0
2
3
2
1
4
2
6
5
9
6
4
6
1
3
0
-1
-3
-6
-10
-10
-10
-8
-6
-5
-2
4
5
1
5
6
3
6
0
3
9
11
10
5
6
7
9
7
11
10
9
7
13
11
15
17
19
17
16
17
17
16
19
22
18
21
16
18
13
12
12
11
17
11
11
15
18
21
19
17
14
18
22
18
22
24
19
20
23
19
10
12
11
12
9
7
5
5
7
3
5
8
10
10
9
16
13
10
8
10
13
8
13
12
11
13
12
12
11
14
15
13
16
13
16
14
11
7
9
8
7
4
3
1
1
1
1
-3
-1
-3
-5
-6
-3
1
-7
-2
-4
-4
1
-5
-4
-8
-8
-9
-9
-7
-6
-3
-2
-2
-2
-2
-2
-4
-4
-1
-1
-1
-1
1
-2
3
0
5
5
8
10
11
14
13
14
10
11
10
10
14
15
8
11
14
14
12
14
16
14
12
12
13
8
9
6
11
11
10
11
14
11
8
11
9
10
12
13
12
10
8
11
11
8
8
7
12
9
11
15
14
14
11
13
13
13
15
14
13
12
13
7
3
8
7
2
5
3
0
-2
0
4
2
2
4
1
0
3
4
4
1
3
0
1
3
3
5
5
0
3
4
2
6
6
6
4
-1
-4
-5
-4
-1
2
3
-1
-1
0
-2
-2
-5
-2
-5
-6
-3
-5
-6
-13
-12
-9
-10
-10
-14
-14
-16
-18
-16
-17
-15
-13
-15
-14
-15
-15
-15
-16
-16
-13
-11
-11
-9
-13
-13
-13
-8
-4
-8
-10
-5
-5
-6
-3
-1
5
4
2
6
7
9
11
14
6
4
8
7
10
10
10
11
9
8
6
4
3
4
6
4
4
2
3
5
8
6
8
4
11
9
7
11
12
14
11
12
14
18
18
20
20
22
23
23
22
20
21
24
23
24
26
24
26
26
26
26
27
26
26
27
26
27
28
28
30
30
27
29
31
31
26
29
30
29
26
24
27
23
22
21
21
21
19
19
16
15
16
17
18
15
15
15
12
14
15
16
15
14
9
7
8
9
6
