6
4
8
10
10
11
12
12
9
9
6
9
11
0
4
3
4
4
2
5
2
6
4
6
3
-1
2
0
4
8
7
6
8
6
10
11
4
5
7
5
6
4
1
1
4
3
-3
-5
-2
-1
-3
-3
-1
2
-1
-8
-12
-13
-18
-13
-12
-17
-12
-10
-10
-13
-12
-9
-10
-8
-12
-14
-17
-15
-12
-15
-14
-14
-12
-18
-16
-14
-18
-13
-12
-15
-19
-20
-18
-19
-18
-15
-18
-17
-20
-24
-20
-20
-20
-26
-24
-19
-21
-19
-18
-17
-19
-19
-14
-13
-15
-15
-14
-16
-18
-19
-21
-19
-15
-20
-24
-22
-19
-17
-21
-19
-14
-17
-19
-20
-20
-20
-18
-18
-23
-23
-25
-26
-26
-26
-25
-22
-26
-25
-23
-31
-23
-24
-22
-17
-20
-19
-15
-13
-14
-18
-16
-12
-15
-15
-15
-17
-11
-10
-9
-3
-2
-2
-2
-2
-6
-4
-1
-2
-3
-5
-2
1
2
2
3
2
3
4
-1
-1
6
6
6
4
7
6
2
6
1
2
4
6
5
7
6
6
4
1
3
2
1
4
6
2
-2
1
3
-3
-2
2
-3
-3
-3
-2
-1
0
4
-1
6
2
4
-2
-6
-1
0
-4
-5
-5
-8
-6
-5
-11
-11
-10
-13
-13
-19
-21
-18
-13
-18
-14
-12
-11
-16
-14
-12
-11
-7
-12
-9
-7
-13
-13
-11
-8
-12
-13
-11
-9
-10
-10
-10
-7
-9
-13
-5
-6
-3
-12
-12
-8
-10
-9
-9
-4
-10
-11
-9
-12
-11
-13
-13
-13
-15
-17
-15
-13
-16
-21
-20
-18
-16
-18
-21
-21
-16
-20
-20
-13
-21
-25
-22
-27
-22
-19
-19
-19
-12
-14
-15
-11
-9
-7
-9
-3
-2
-1
-7
-10
-3
-5
-7
-7
-7
-3
-3
-5
-4
-4
-4
-7
-3
-5
-4
-3
-3
-2
1
-5
-5
-1
-1
2
-6
-6
-7
-4
-6
-6
-9
-6
-4
-8
-7
-4
1
-5
-5
-5
-3
0
-1
-2
-1
3
2
1
3
4
1
5
5
4
0
-2
-1
-1
2
2
0
2
3
1
2
3
5
7
5
7
4
9
7
6
4
2
4
4
-1
-3
-1
-1
3
-1
-1
0
-1
0
-3
0
3
2
3
2
0
2
0
-2
-1
-2
-1
-3
-4
-9
-10
-6
-11
-13
-13
-7
-10
-12
-9
-11
-14
-19
-16
-14
-15
-13
-9
-11
-8
-4
-8
-5
-5
-5
-3
-1
-3
-2
-3
-7
-6
-3
-6
-5
-6
-4
-4
-6
-4
-5
-7
-7
-7
-1
-6
-10
-6
-6
-7
-5
-8
-3
-7
-6
-5
-10
-8
-4
-2
-4
-4
-5
-3
-6
0
-6
-3
0
-1
8
2
0
1
3
1
0
1
-1
1
-1
4
2
0
4
5
7
4
6
9
5
1
5
5
3
7
1
1
5
4
4
4
1
3
7
3
5
11
8
8
7
7
5
6
12
11
8
8
8
5
2
9
6
12
15
11
7
6
9
9
12
11
11
8
6
10
9
9
11
8
10
7
4
6
8
9
11
9
5
9
8
6
2
3
6
4
7
7
-4
-2
-4
-2
-2
-2
-2
-2
0
0
-3
1
2
-1
2
1
4
3
0
-2
2
3
1
4
9
8
4
0
1
1
0
0
1
4
3
3
4
3
1
4
5
7
3
3
8
6
4
8
8
7
5
7
5
6
9
4
8
4
4
4
4
7
8
6
2
5
4
0
2
1
-1
-3
1
1
0
1
-2
-4
-1
-1
2
2
6
6
5
9
7
3
3
8
8
10
12
10
12
7
6
7
5
5
11
8
11
10
10
11
12
10
12
13
14
20
12
11
11
10
10
15
16
9
9
9
13
14
9
8
8
9
11
9
5
10
8
9
10
10
12
10
10
8
12
16
19
15
16
20
17
22
23
22
21
20
21
22
17
18
20
18
20
16
17
17
13
15
13
15
15
14
11
11
11
12
7
8
12
10
7
7
8
7
8
8
7
4
4
2
2
2
4
3
1
4
8
7
8
5
7
3
9
8
8
3
5
9
10
7
6
9
8
9
8
9
9
7
4
6
6
7
2
1
1
4
4
2
1
3
2
0
-2
-5
-2
-2
-2
-1
2
1
2
-1
-1
4
0
0
2
1
-1
-1
-5
3
3
-1
2
0
4
1
5
8
2
2
1
5
6
4
0
4
2
2
4
6
2
3
2
5
5
8
9
7
9
7
10
7
10
8
7
5
4
8
8
10
10
11
7
7
3
7
7
9
7
12
8
4
11
5
5
7
4
-1
3
1
2
7
7
11
13
16
17
15
15
16
16
17
17
17
16
17
14
13
17
13
11
13
16
15
12
11
10
10
7
7
8
7
5
5
1
2
4
2
3
2
2
0
0
1
-2
-3
-3
-2
-3
-3
-2
-5
-8
-8
-4
-1
0
-4
-5
-7
-10
-7
-9
-10
-10
-10
-7
-10
-5
-9
-6
-3
-4
-2
-5
-5
-3
-1
0
-2
-4
-2
-3
-4
-3
-2
-4
-4
-6
-4
-6
-5
-7
-9
-7
-6
-10
-12
-13
-12
-11
-10
-7
-9
-8
-10
-11
-8
-9
-9
-4
-6
-12
-5
-5
-6
-4
-3
-3
-7
-5
-3
-1
0
-2
0
-2
-2
0
-3
-4
-3
-1
4
4
1
5
4
1
6
6
3
3
3
4
-1
0
1
2
-2
1
-1
1
0
5
1
1
2
-2
0
5
7
3
2
4
5
5
9
6
12
9
12
10
9
12
13
15
14
13
12
10
12
12
11
15
15
13
14
17
19
14
17
21
17
17
20
20
20
22
23
22
20
19
19
17
16
18
18
16
17
18
15
12
10
15
13
9
12
13
11
10
8
8
10
8
7
5
3
5
4
5
4
1
1
-1
1
3
4
4
3
1
3
4
3
5
4
7
6
5
8
10
9
14
10
7
8
7
10
2
7
7
9
10
8
10
8
7
6
6
5
1
0
0
2
-1
-1
2
-1
-2
-2
-4
-7
-9
-6
-7
-5
-1
-5
-6
-5
-3
-4
-2
-7
-7
-8
-5
-6
-8
-9
-11
-9
-11
-8
-8
-5
-3
-5
-7
-2
-1
-2
0
-2
-2
1
0
-7
-4
-2
-1
1
2
4
1
3
0
2
-5
-3
-3
-2
-2
-1
-1
3
0
0
-2
1
6
4
1
-2
0
1
3
2
1
1
4
1
0
1
-2
-2
0
4
6
4
9
10
11
9
8
14
13
11
9
7
11
11
9
5
7
8
9
9
3
9
7
3
9
10
10
9
8
13
11
13
15
11
15
15
15
14
11
14
14
11
9
11
10
10
10
9
6
6
3
3
8
4
2
4
3
2
1
2
3
-1
-5
-3
-6
-3
-1
0
0
1
-2
0
3
2
1
-1
0
1
-1
-1
-1
0
6
1
-1
3
2
6
6
7
6
5
6
7
4
1
3
4
5
3
3
2
6
-3
-3
1
1
0
-2
-3
-7
-4
-5
-5
-4
3
1
2
2
-2
3
0
4
8
7
4
11
11
5
4
8
7
3
6
8
5
9
8
5
9
9
8
10
10
12
11
16
16
12
12
14
15
14
11
14
13
14
13
14
17
14
13
7
11
13
11
11
15
17
14
16
17
12
14
13
16
17
19
20
18
18
17
20
21
20
18
15
16
18
18
18
17
20
14
15
15
10
15
12
11
14
12
12
13
9
7
11
12
9
6
4
5
6
3
5
3
6
9
8
8
7
4
9
9
5
8
10
9
8
7
6
9
5
5
3
4
3
3
1
0
1
0
8
9
0
-6
6
5
-3
2
5
-2
0
-1
-1
1
1
1
-1
5
0
-1
1
-2
-5
1
1
-2
-1
-6
-4
-2
-7
-5
-8
-9
-5
-3
-9
-6
-2
-5
-3
-3
-1
-3
1
1
1
2
5
8
8
6
8
7
4
5
4
9
5
8
13
13
17
15
11
12
12
6
13
8
12
12
13
8
6
5
8
12
11
10
7
12
13
11
17
15
13
18
11
17
15
17
18
18
17
14
13
13
16
16
15
14
20
21
25
28
27
27
27
31
30
30
27
30
33
29
30
30
30
34
33
32
35
33
29
32
33
31
31
30
29
25
28
26
23
26
25
24
25
22
22
26
21
23
26
20
23
20
17
17
19
15
16
19
16
16
17
10
13
16
10
12
11
14
14
9
11
13
13
18
13
16
16
15
16
14
14
11
12
12
13
6
5
6
5
3
4
4
1
3
2
-2
-3
4
2
2
4
7
6
4
6
5
6
5
6
5
-1
-1
3
4
5
9
8
5
4
2
5
4
6
1
3
6
4
10
8
9
14
11
6
9
8
7
10
5
6
4
4
2
1
1
1
-1
4
8
8
9
11
7
6
10
10
10
8
9
10
10
9
7
6
10
7
11
12
6
7
6
10
8
2
1
8
9
11
8
10
10
13
16
17
19
21
20
19
21
22
20
23
20
19
19
17
22
24
22
21
21
23
24
25
24
20
19
20
21
17
19
17
22
20
21
22
19
20
21
20
18
20
14
16
16
13
15
11
10
8
3
7
6
9
8
10
12
13
12
11
12
11
16
14
15
11
14
14
6
8
6
6
7
9
10
8
6
1
6
5
4
5
6
7
8
6
3
5
5
6
4
2
4
7
9
7
7
7
9
8
11
14
9
11
10
12
14
11
9
5
7
9
6
10
14
14
20
23
29
52
70
-48
-67
74
39
-58
1
26
-34
-4
25
-21
-20
24
11
-14
16
26
10
24
40
93
98
-70
-79
103
45
-54
19
7
-54
14
38
-20
16
77
133
219
-25
-184
26
105
-17
-5
-3
-94
-18
69
-43
-51
86
75
-6
64
78
31
73
38
-8
35
17
5
38
-37
-42
34
-8
-55
6
32
12
-14
19
60
55
5
60
65
-36
33
102
24
-17
24
19
-39
-27
56
23
-21
4
33
16
20
28
30
24
33
71
72
44
66
44
37
51
67
8
51
107
-93
-50
11
-62
-32
32
-20
-94
-70
-21
-54
-29
27
-19
-41
17
9
-23
6
25
50
42
36
74
71
32
128
138
27
126
77
-62
4
46
-7
-59
-50
-73
-112
-23
-20
-113
-40
0
-59
-49
-14
-54
-33
21
-4
-7
-6
-13
19
20
3
28
24
5
19
26
-9
-42
-9
-4
-16
-27
-16
-24
-30
-20
-11
-10
-15
10
12
-3
-14
-21
10
1
-17
1
1
-14
-18
-16
-39
-35
-5
-11
-14
-15
-1
-3
-5
1
25
106
56
-27
6
28
-7
31
65
-18
-52
-3
-25
-56
-46
-11
2
-34
-15
-18
-40
-52
-29
26
14
-10
13
20
-8
18
18
6
32
30
23
17
13
14
36
30
21
14
-3
27
36
28
32
12
27
34
8
8
45
24
-4
18
26
6
-6
39
26
3
31
37
2
8
23
12
9
11
0
-6
7
6
13
-2
-22
-4
17
5
4
4
-13
-3
8
-13
-17
7
12
9
12
20
-2
-15
3
-10
6
14
1
-13
-23
-2
-21
-28
17
23
13
19
11
-2
1
13
29
45
28
15
21
-6
-9
5
-1
-11
27
19
-40
-17
8
-11
-3
26
15
11
27
-1
6
26
11
-7
24
20
4
10
4
17
38
26
20
47
29
2
12
31
27
34
36
40
22
11
15
34
18
35
33
11
18
14
8
0
7
21
12
12
2
-24
8
11
-7
22
16
4
26
35
1
9
44
23
39
64
25
23
30
-3
17
56
22
-8
34
55
35
27
35
27
24
54
53
36
26
23
33
24
7
8
27
25
15
20
12
5
0
12
26
4
8
21
15
7
22
25
10
-1
7
47
43
24
36
45
27
38
52
34
40
38
26
25
-5
-37
-11
3
-22
-15
6
-23
-31
-12
-7
-4
17
40
23
12
9
15
42
44
33
56
43
-3
6
30
15
-5
1
1
-27
-4
15
-33
-46
-18
12
12
-21
-12
17
-5
-25
12
57
28
23
70
43
19
41
47
54
68
70
42
48
26
-36
69
106
-35
-55
80
42
-59
-11
-2
-17
0
12
20
6
-38
-16
57
16
-21
62
60
-42
-35
27
-1
-18
16
14
-36
-37
4
-12
-26
-43
-21
5
-23
-56
-54
-39
-78
-54
-26
-61
-93
-82
-65
-101
-91
-73
-95
-93
-84
-91
-108
-107
-117
-105
-67
-105
-89
-51
-95
-93
-54
-6
-10
-19
40
-6
-11
39
16
2
23
45
14
-9
-53
-73
-87
-92
-73
-76
-61
-80
-59
-40
-61
-25
29
74
87
115
134
150
211
223
249
296
318
329
333
337
321
321
319
298
307
289
232
194
177
143
122
130
111
77
61
56
10
-5
22
14
17
21
15
9
6
9
14
13
32
47
35
6
-6
1
-5
-10
-10
-21
-39
-56
-75
-103
-130
-126
-113
-119
-141
-149
-167
-191
-186
-159
-137
-152
-161
-121
-106
-137
-158
-161
-119
-62
-55
-100
-147
-121
-90
-86
-116
-108
-79
-70
-73
-96
-99
-100
-79
-80
-89
-93
-99
-80
-102
-111
-122
-120
-93
-115
-142
-182
-197
-209
-194
-195
-168
-55
30
77
27
-16
66
214
340
345
306
306
373
439
421
340
279
326
383
416
324
172
115
97
132
119
51
-15
-48
-50
-65
-82
-114
-114
-92
-44
11
36
48
32
49
97
163
233
261
222
207
229
248
266
224
199
186
203
225
163
68
-7
-12
12
40
12
-101
-163
-120
-91
-94
-138
-202
-174
-85
-35
-77
-190
-222
-144
-30
-7
-118
-168
-131
-90
-56
-87
-150
-145
-86
-6
-33
-119
-148
-117
-76
-74
-75
-87
-78
-74
-99
-91
-84
-78
-71
-93
-72
-62
-75
-96
-93
-84
-126
-100
-80
-106
-104
-145
-167
-131
-114
-127
-159
-193
-150
-121
-111
-93
-68
2
42
64
41
50
120
203
267
240
207
229
281
339
304
230
185
224
288
289
212
96
53
95
141
124
37
-32
-43
14
52
10
-52
-84
-55
8
53
11
-48
-62
-32
38
73
38
-15
2
68
113
107
58
17
42
98
120
94
41
14
34
48
35
16
8
-6
-5
21
6
-17
-28
-32
-11
-6
-18
-29
-35
-22
-16
-22
-31
-22
-14
-26
-15
-16
-11
-20
-32
-25
-8
-3
-28
-16
-24
-28
-16
-15
-29
-41
-38
-34
-13
-34
-56
-55
-41
-36
-35
-34
-33
-32
-30
-21
-26
-14
-18
-24
-26
-24
-21
-12
-21
-36
-43
-43
-35
-40
-59
-80
-89
-85
-86
-107
-137
-171
-188
-182
-128
-68
-43
-72
-122
-126
-63
28
92
87
49
66
141
220
235
185
130
150
247
330
314
204
116
112
177
225
177
69
-1
20
96
110
25
-79
-102
-33
47
54
-17
-98
-100
-37
25
27
-29
-64
-23
76
121
75
-11
-21
54
149
183
138
72
53
99
153
145
82
25
24
86
127
86
-5
-70
-51
10
72
52
-44
-106
-66
-14
1
-33
-114
-103
-33
-18
-28
-76
-124
-133
-57
5
-9
-63
-116
-74
-26
3
-57
-106
-69
10
2
-26
-73
-98
-78
-31
15
-68
-99
-84
-53
-81
-98
-114
-120
-119
-101
-109
-137
-142
-162
-158
-187
-159
-155
-164
-200
-216
-240
-256
-254
-290
-262
-133
50
63
-76
-203
-132
115
341
359
205
115
213
420
516
401
209
181
373
570
545
293
44
22
188
339
280
56
-103
-73
55
95
-18
-183
-223
-105
43
71
-39
-173
-204
-91
40
81
32
-25
-27
24
80
83
36
36
124
216
246
190
96
74
147
237
278
234
153
104
102
116
103
50
-15
-13
34
74
12
-121
-164
-123
-51
0
-22
-74
-117
-100
-64
-82
-67
-42
-54
-80
12
-4
-23
-89
-140
-72
65
57
-60
-81
-170
-67
-35
-64
-128
-99
-73
-71
-147
-188
-159
-165
-106
-138
-150
-173
-167
-197
-238
-243
-194
-162
-171
-219
-246
-237
-231
-234
-262
-300
-328
-329
-284
-134
38
49
-110
-236
-132
165
422
442
256
115
215
464
622
521
289
207
384
622
643
386
64
-30
160
394
377
113
-152
-192
-25
121
57
-162
-299
-214
-21
70
-39
-217
-286
-177
-5
92
41
-80
-126
-67
45
93
51
-4
7
99
214
248
168
80
74
177
317
362
282
141
70
122
217
235
145
19
-41
14
67
53
-50
-154
-162
-47
37
33
-19
-159
-176
-68
74
105
-7
-123
-88
18
61
11
-77
-117
-50
39
35
-46
-122
-143
-100
-36
-16
-47
-132
-161
-106
-78
-123
-146
-169
-150
-104
-107
-159
-191
-194
-181
-154
-124
-163
-193
-199
-219
-219
-242
-258
-277
-295
-342
-316
-165
4
52
-101
-260
-191
106
394
462
289
114
161
429
657
632
403
241
353
606
714
522
179
-2
126
394
475
249
-86
-236
-108
97
129
-61
-278
-310
-144
15
-12
-198
-346
-305
-117
45
34
-100
-201
-186
-55
60
82
19
-34
-12
81
179
197
155
110
138
232
331
351
269
152
113
185
278
293
179
16
-52
-4
84
66
-87
-214
-184
-54
29
-65
-193
-276
-176
52
85
7
-122
-155
-51
87
104
-14
-77
-96
24
97
43
-96
-172
-137
-67
16
-46
-133
-225
-234
-157
-72
-99
-194
-227
-218
-128
-92
-138
-261
-268
-200
-119
-103
-190
-244
-283
-294
-288
-284
-342
-401
-316
-108
51
-39
-272
-360
-142
234
456
374
130
47
235
531
650
501
292
297
539
740
675
368
100
102
345
555
457
144
-128
-139
43
170
79
-143
-266
-212
-58
-17
-153
-339
-378
-241
-63
11
-83
-225
-281
-196
-53
42
39
-21
-36
3
69
102
85
85
173
328
427
382
252
150
197
354
471
429
275
148
111
140
126
35
-55
-77
-29
-12
-79
-233
-322
-295
-174
-51
-33
-115
-171
-146
-129
3
0
0
28
32
72
54
-14
-72
-89
-50
17
22
-45
-170
-212
-242
-208
-164
-169
-216
-264
-253
-256
-253
-281
-285
-300
-275
-207
-197
-286
-376
-411
-403
-360
-364
-400
-359
-169
0
-70
-324
-430
-170
294
557
446
146
26
255
633
806
646
406
399
662
884
773
422
176
247
529
692
509
124
-145
-111
96
203
89
-140
-266
-235
-130
-100
-203
-333
-353
-239
-102
-55
-136
-265
-316
-239
-73
62
73
-10
-81
-71
17
109
140
115
157
298
436
435
286
151
200
433
609
558
296
73
78
228
311
181
-33
-137
-61
34
-30
-237
-407
-360
-160
-23
-96
-291
-395
-308
-108
20
16
-84
-146
-64
49
111
35
-76
-54
71
145
46
-124
-219
-147
-78
-88
-114
-207
-295
-348
-341
-317
-304
-305
-339
-381
-408
-391
-399
-406
-432
-455
-459
-458
-450
-373
-186
-30
-102
-321
-377
-68
395
596
410
102
65
380
788
901
649
378
417
730
937
782
419
212
352
643
714
437
17
-182
-51
188
237
26
-242
-359
-294
-184
-155
-250
-355
-365
-279
-179
-167
-233
-311
-313
-204
-38
60
25
-93
-147
-70
91
211
204
102
66
223
420
461
280
102
161
445
663
547
198
-47
49
318
440
244
-86
-205
-58
111
52
-189
-375
-288
-49
50
-103
-359
-421
-240
2
95
-27
-175
-196
-63
70
105
24
-37
-3
51
76
14
-54
-129
-136
-100
-65
-96
-201
-292
-337
-273
-208
-241
-364
-455
-432
-330
-274
-344
-482
-554
-506
-424
-409
-480
-434
-189
37
-77
-414
-512
-109
478
690
390
-3
-7
389
805
868
604
376
485
792
902
659
343
293
505
711
657
343
25
-81
38
196
198
37
-166
-291
-320
-265
-198
-191
-272
-359
-358
-277
-199
-214
-294
-348
-252
-53
72
-1
-178
-237
-79
157
255
160
20
6
207
437
471
296
115
165
418
613
514
206
-16
84
348
450
249
-92
-231
-81
123
110
-121
-333
-319
-109
25
-62
-281
-379
-265
-52
56
-26
-182
-234
-127
24
86
30
-75
-109
-30
61
76
-24
-154
-187
-92
15
-44
-209
-332
-310
-201
-171
-256
-393
-444
-407
-340
-322
-374
-446
-494
-498
-498
-510
-543
-434
-139
76
-132
-587
-659
-86
600
719
252
-204
-104
418
862
869
555
325
451
766
854
624
382
397
592
711
614
347
82
-14
118
331
372
175
-151
-375
-363
-150
54
9
-262
-482
-440
-248
-122
-181
-334
-384
-245
-40
7
-153
-319
-241
15
222
203
10
-132
-37
280
488
446
219
84
195
457
595
451
199
93
222
381
378
164
-66
-86
63
156
53
-161
-299
-228
-57
19
-88
-279
-349
-258
-79
16
-51
-186
-231
-147
-22
30
-29
-107
-108
-22
45
18
-83
-156
-111
3
49
-50
-215
-281
-210
-128
-139
-251
-357
-369
-346
-351
-386
-417
-438
-469
-528
-588
-616
-546
-308
-74
-108
-462
-709
-413
252
632
398
-80
-208
147
618
827
694
448
379
539
722
725
585
486
509
582
613
534
338
130
84
259
437
367
51
-257
-323
-123
132
136
-148
-449
-487
-283
-104
-105
-250
-380
-372
-243
-119
-121
-211
-252
-153
0
80
7
-97
-73
140
404
442
248
27
70
367
635
590
285
43
79
306
439
324
67
-71
-15
82
65
-77
-195
-190
-80
-19
-98
-251
-330
-255
-79
36
-10
-165
-271
-204
-33
94
62
-75
-152
-100
14
62
0
-84
-116
-72
-18
-37
-126
-204
-192
-145
-135
-209
-302
-352
-327
-287
-295
-354
-428
-477
-494
-498
-520
-543
-487
-277
-85
-203
-585
-692
-182
490
607
128
-297
-150
381
787
817
593
368
341
516
721
784
693
558
456
443
512
551
420
205
161
327
433
261
-58
-236
-133
108
219
33
-315
-491
-363
-112
-5
-98
-303
-457
-434
-238
-55
-62
-230
-340
-272
-99
8
-28
-132
-105
129
323
281
52
-36
175
535
670
444
83
-15
221
503
554
308
3
-105
16
158
144
2
-146
-191
-125
-64
-121
-227
-264
-184
-57
-27
-133
-281
-280
-119
49
63
-82
-223
-210
-53
75
66
-48
-148
-157
-79
7
0
-89
-186
-187
-136
-134
-188
-271
-288
-243
-226
-288
-400
-445
-431
-379
-404
-488
-548
-416
-162
-106
-384
-656
-416
198
522
210
-240
-239
198
607
706
585
399
289
358
584
795
791
590
374
333
474
631
584
324
138
222
404
355
110
-74
-53
68
138
66
-141
-318
-308
-147
-29
-67
-237
-413
-452
-283
-57
-25
-219
-417
-383
-173
-11
-26
-142
-208
-94
142
226
151
13
63
293
500
478
262
93
184
430
540
425
157
-4
52
211
264
119
-73
-177
-116
-15
-4
-120
-243
-241
-151
-71
-100
-199
-252
-179
-62
-21
-87
-179
-182
-87
18
43
-49
-140
-152
-84
4
22
-61
-173
-194
-129
-89
-149
-229
-274
-261
-218
-240
-328
-401
-389
-352
-354
-442
-539
-557
-433
-195
-106
-320
-655
-591
-30
467
328
-176
-371
-39
458
686
618
397
205
215
480
809
883
617
299
245
451
677
674
403
147
156
348
410
227
24
-30
43
121
106
-54
-250
-302
-158
13
0
-193
-410
-445
-260
-22
7
-216
-435
-411
-180
5
-3
-160
-269
-230
6
239
228
5
-139
57
396
562
375
68
2
278
559
525
255
15
20
197
331
249
25
-126
-119
9
89
25
-155
-266
-201
-47
9
-97
-240
-271
-134
7
4
-136
-234
-188
-59
35
3
-117
-205
-171
-57
21
-6
-146
-248
-218
-110
-64
-137
-249
-305
-265
-208
-215
-297
-361
-365
-344
-366
-444
-506
-497
-329
-121
-162
-499
-734
-404
238
475
50
-402
-318
178
566
640
496
250
94
228
632
934
809
392
144
287
620
789
622
295
126
251
435
409
229
85
58
98
137
109
-49
-205
-193
-29
48
-70
-292
-411
-321
-103
13
-128
-379
-466
-310
-85
-8
-126
-307
-364
-226
19
254
173
-113
-288
-13
448
628
342
-48
-86
256
641
590
254
-38
-13
220
399
338
64
-145
-141
45
159
73
-164
-298
-172
31
64
-136
-310
-286
-92
59
-11
-206
-308
-211
-32
58
-13
-183
-283
-208
-3
87
-22
-229
-320
-198
-21
14
-148
-323
-337
-234
-132
-138
-255
-383
-394
-327
-284
-353
-458
-474
-354
-140
-143
-421
-658
-391
188
428
51
-384
-300
171
536
581
463
253
90
200
619
963
806
347
114
312
667
802
627
314
134
225
424
463
322
137
31
39
115
160
43
-150
-201
-67
20
-75
-258
-344
-265
-121
-63
-185
-372
-417
-263
-82
-58
-187
-351
-372
-210
12
137
28
-122
-192
9
295
436
312
106
63
227
445
485
367
165
110
190
302
299
173
35
-17
38
68
20
-74
-120
-99
-55
-62
-146
-205
-184
-91
-44
-85
-182
-234
-174
-59
-5
-71
-180
-231
-170
-53
-16
-87
-212
-249
-176
-100
-85
-164
-259
-294
-243
-193
-191
-258
-325
-341
-309
-286
-346
-432
-436
-369
-250
-149
-235
-480
-552
-172
306
314
-134
-381
-119
346
559
508
359
181
102
329
774
934
596
169
155
481
747
732
491
217
115
273
469
461
256
55
-22
34
143
151
-8
-186
-182
-53
-24
-154
-275
-270
-195
-143
-165
-254
-337
-316
-186
-98
-148
-266
-337
-270
-54
94
60
-107
-172
-35
208
364
313
136
54
184
363
455
372
201
107
185
318
326
204
63
13
52
116
86
-15
-86
-83
-40
-33
-75
-145
-165
-104
-56
-91
-162
-196
-156
-76
-43
-105
-193
-209
-146
-73
-50
-103
-201
-242
-172
-88
-90
-165
-237
-268
-241
-182
-180
-221
-279
-312
-313
-268
-282
-360
-440
-433
-367
-234
-124
-258
-551
-580
-102
359
257
-244
-408
-63
373
532
476
338
126
60
382
873
931
466
85
217
593
778
688
441
192
134
317
519
479
228
10
-24
103
210
150
-55
-191
-133
-20
-37
-158
-247
-256
-229
-175
-138
-218
-345
-344
-205
-100
-151
-291
-356
-281
-63
83
14
-143
-202
-53
190
353
310
140
49
152
344
481
447
252
102
156
318
386
298
132
10
22
117
153
77
-37
-108
-101
-51
-32
-85
-148
-150
-116
-109
-127
-154
-155
-118
-90
-107
-147
-161
-139
-103
-87
-106
-161
-185
-138
-87
-85
-139
-202
-240
-209
-158
-143
-191
-269
-309
-286
-250
-269
-334
-396
-410
-386
-333
-226
-197
-358
-516
-351
73
267
4
-297
-186
172
407
421
375
277
148
234
592
844
661
291
218
447
660
674
538
347
206
246
429
507
349
121
18
63
165
192
77
-96
-158
-82
-27
-89
-186
-231
-230
-211
-170
-193
-293
-336
-258
-152
-168
-273
-338
-277
-158
-56
-76
-80
-47
-57
-15
115
307
321
213
123
191
322
453
449
315
222
180
237
328
363
234
43
-12
58
143
132
25
-106
-134
-79
-31
-44
-87
-138
-175
-149
-97
-92
-124
-135
-133
-131
-130
-129
-128
-101
-70
-98
-152
-164
-150
-105
-75
-96
-174
-243
-209
-161
-124
-159
-240
-322
-300
-237
-217
-276
-362
-416
-415
-330
-186
-106
-263
-511
-480
-18
317
145
-223
-237
81
343
438
459
377
170
151
496
865
792
386
192
387
642
699
606
433
241
196
374
524
431
175
27
60
168
214
113
-64
-144
-87
-35
-61
-139
-203
-243
-244
-189
-170
-243
-330
-291
-177
-159
-262
-317
-280
-184
-124
-40
3
-113
-175
-65
233
372
262
72
55
248
468
533
384
215
140
258
443
480
302
67
13
131
262
241
83
-76
-99
-19
58
39
-67
-161
-171
-92
-39
-71
-149
-178
-135
-91
-94
-127
-140
-127
-95
-82
-104
-138
-155
-101
-40
-54
-144
-207
-198
-145
-103
-120
-189
-266
-286
-244
-188
-186
-262
-332
-357
-360
-350
-316
-239
-144
-227
-455
-513
-146
292
238
-176
-341
-46
300
443
459
389
178
47
335
826
911
484
129
256
583
712
647
501
280
133
250
505
538
267
12
-14
120
210
172
37
-92
-127
-96
-64
-83
-140
-220
-244
-203
-158
-219
-314
-290
-183
-155
-242
-310
-287
-206
-130
-89
-80
-17
-54
-58
42
263
385
270
154
170
322
473
518
396
252
202
275
390
415
279
78
17
108
190
147
29
-95
-118
-47
-7
-30
-113
-161
-165
-131
-91
-119
-169
-167
-148
-128
-124
-142
-151
-140
-95
-78
-116
-144
-134
-108
-90
-88
-128
-176
-194
-158
-132
-152
-222
-289
-273
-220
-194
-246
-316
-364
-357
-331
-318
-290
-199
-189
-379
-495
-237
187
228
-113
-302
-62
256
382
392
372
240
96
284
718
855
499
153
242
548
683
614
474
283
147
235
476
526
278
21
-21
116
217
184
54
-87
-143
-105
-48
-42
-104
-209
-275
-247
-168
-173
-261
-288
-229
-202
-267
-305
-262
-194
-149
-130
-147
-90
-38
4
77
162
248
214
200
239
311
384
408
344
273
254
294
335
317
244
111
58
93
143
127
36
-55
-98
-68
-21
-28
-85
-143
-173
-157
-115
-102
-135
-169
-178
-171
-140
-106
-113
-142
-151
-128
-118
-114
-106
-108
-112
-115
-129
-140
-152
-145
-137
-145
-176
-211
-224
-194
-178
-202
-243
-268
-277
-290
-300
-311
-235
-119
-162
-355
-407
-122
190
170
-95
-176
12
232
358
427
398
201
115
367
732
752
423
198
306
521
603
572
448
256
142
263
476
467
229
20
25
150
214
165
48
-73
-112
-81
-21
-17
-112
-213
-237
-175
-144
-202
-265
-259
-216
-219
-261
-264
-214
-148
-114
-122
-124
-100
-11
93
163
156
103
112
213
327
360
306
225
209
260
333
344
257
155
113
150
190
173
100
17
-23
-9
18
16
-25
-95
-126
-109
-82
-86
-120
-139
-136
-133
-132
-135
-128
-129
-144
-145
-140
-132
-130
-127
-121
-145
-164
-169
-129
-110
-128
-179
-206
-188
-151
-121
-159
-211
-237
-222
-186
-162
-195
-254
-304
-297
-271
-222
-95
-88
-273
-437
-214
208
293
-20
-210
-33
232
373
422
416
232
71
267
675
769
422
133
217
458
560
538
415
208
71
200
456
463
204
-17
-6
141
231
170
38
-79
-123
-70
13
22
-103
-243
-254
-165
-114
-162
-257
-286
-254
-208
-168
-190
-202
-180
-112
-53
-32
-44
3
87
157
178
134
131
186
270
302
276
200
167
206
266
285
198
103
62
102
155
148
69
-15
-42
-9
34
28
-38
-116
-119
-81
-53
-73
-125
-168
-162
-125
-104
-129
-166
-184
-162
-126
-120
-132
-165
-160
-145
-120
-121
-145
-148
-138
-128
-138
-150
-145
-154
-159
-156
-158
-175
-182
-182
-180
-197
-213
-232
-241
-247
-237
-94
-38
-189
-371
-198
179
281
23
-140
-3
205
338
400
399
218
71
233
580
673
395
128
161
366
489
497
383
180
56
167
392
438
244
16
-27
103
217
193
67
-67
-130
-85
18
43
-82
-212
-232
-168
-124
-125
-172
-199
-197
-184
-165
-134
-93
-84
-70
-55
-24
4
60
106
111
97
96
144
192
212
183
146
143
167
183
187
157
102
84
104
129
109
56
24
16
35
67
64
23
-29
-48
-40
-25
-46
-95
-133
-144
-148
-168
-179
-168
-157
-157
-173
-165
-148
-127
-116
-113
-111
-119
-131
-129
-107
-103
-126
-165
-173
-154
-121
-128
-163
-193
-191
-169
-157
-159
-194
-228
-233
-204
-202
-171
-71
-71
-202
-255
-35
225
232
36
-54
74
287
426
402
278
135
149
344
537
493
232
60
151
344
421
332
164
42
51
197
312
250
54
-95
-48
100
160
74
-61
-135
-119
-39
12
-23
-125
-191
-170
-108
-76
-101
-119
-144
-110
-57
-27
-14
-15
25
63
74
69
80
110
155
149
119
102
96
114
128
121
80
32
26
53
69
43
5
-25
-8
14
14
-5
-24
-36
-31
-13
3
-7
-26
-37
-36
-21
-16
-21
-32
-45
-57
-68
-67
-56
-71
-96
-111
-117
-123
-120
-113
-115
-132
-156
-158
-134
-113
-133
-164
-176
-174
-151
-137
-139
-161
-189
-189
-163
-131
-112
-131
-174
-180
-154
-115
-112
-110
-59
-44
-100
-112
1
151
176
95
49
99
224
336
352
282
202
204
301
395
403
294
174
175
261
334
308
192
92
88
156
199
156
53
-30
-37
24
62
20
-69
-126
-113
-58
-35
-75
-129
-154
-124
-94
-71
-68
-105
-111
-68
-11
38
22
-10
12
69
142
154
120
100
107
155
193
167
108
62
69
103
104
72
12
-28
-9
26
34
1
-43
-57
-26
3
2
-31
-59
-56
-28
-10
-17
-47
-66
-54
-41
-35
-48
-66
-70
-71
-63
-62
-86
-97
-96
-89
-93
-111
-136
-138
-122
-115
-131
-145
-150
-147
-145
-143
-146
-168
-166
-152
-156
-166
-175
-181
-168
-154
-148
-150
-168
-157
-143
-128
-136
-120
-68
-42
-73
-84
-5
91
125
95
78
106
186
266
286
252
214
219
271
331
341
278
210
210
258
287
259
190
132
124
156
170
138
69
19
12
36
47
11
-42
-66
-67
-50
-44
-52
-66
-89
-81
-58
-32
-21
7
7
0
14
60
110
108
91
72
88
132
148
118
84
64
72
85
86
61
8
-6
11
31
30
-10
-42
-40
-17
-3
-16
-38
-50
-53
-35
-15
-24
-55
-66
-49
-24
-22
-41
-48
-50
-48
-45
-43
-38
-56
-64
-60
-56
-57
-66
-72
-73
-76
-95
-106
-106
-97
-104
-114
-122
-133
-139
-118
-106
-121
-145
-139
-110
-87
-90
-119
-135
-120
-78
-64
-74
-109
-117
-82
-53
-49
-91
-110
-65
-35
-45
-74
-64
-10
27
40
46
43
74
130
164
182
165
148
176
224
248
212
166
162
183
203
197
143
96
88
105
109
84
41
5
1
28
30
-2
-37
-49
-30
-4
-3
-18
-40
-20
4
24
35
44
36
34
58
83
115
111
95
77
85
121
130
118
82
56
56
81
88
62
23
3
14
37
46
16
-14
-27
-7
9
13
-14
-47
-49
-35
-11
-17
-34
-52
-45
-28
-11
-13
-26
-40
-35
-16
-15
-12
-22
-28
-29
-34
-28
-35
-47
-56
-59
-58
-69
-77
-75
-74
-83
-91
-89
-79
-81
-87
-82
-75
-76
-80
-79
-72
-73
-78
-73
-66
-69
-66
-63
-60
-61
-68
-66
-65
-75
-75
-78
-78
-54
-54
-74
-83
-46
4
24
11
1
18
63
129
128
100
80
98
150
161
151
109
87
95
126
123
100
62
50
56
80
95
55
27
24
43
54
48
20
12
20
29
47
36
21
25
32
30
43
40
53
60
48
46
54
78
87
80
60
51
59
74
77
51
20
9
24
33
29
-7
-35
-33
-11
6
0
-28
-48
-36
-15
4
-12
-34
-48
-36
-19
-7
-21
-42
-43
-29
-15
-10
-18
-29
-30
-26
-13
-20
-35
-51
-50
-38
-37
-44
-62
-69
-62
-56
-47
-53
-57
-57
-58
-54
-53
-42
-58
-55
-59
-60
-48
-42
-41
-51
-57
-58
-40
-32
-29
-53
-60
-51
-33
-24
-36
-55
-73
-60
-48
-44
-57
-67
-72
-59
-37
-38
-45
-40
-15
-6
3
7
15
27
45
67
67
53
50
73
98
104
82
69
80
97
110
111
100
88
84
92
107
100
74
54
59
66
68
60
39
29
25
47
56
62
44
27
42
62
86
82
69
52
52
65
89
86
52
30
31
56
68
53
21
3
16
36
39
28
-2
-13
-2
14
18
-4
-23
-32
-27
-16
-20
-39
-50
-50
-43
-36
-46
-50
-52
-46
-48
-43
-35
-34
-35
-40
-38
-28
-27
-32
-36
-35
-34
-32
-34
-29
-32
-44
-52
-46
-33
-29
-42
-54
-51
-41
-27
-29
-39
-45
-31
-30
-35
-32
-33
-37
-36
-31
-28
-33
-38
-34
-26
-30
-38
-43
-37
-32
-40
-38
-42
-45
-47
-47
-39
-42
-49
-49
-47
-40
-34
-32
-34
-26
-11
-3
3
3
18
28
46
51
45
51
55
64
68
67
59
58
66
74
76
63
59
72
79
84
79
69
70
79
89
86
78
80
82
86
86
79
77
81
81
80
74
62
56
66
68
52
40
31
35
37
28
19
12
0
-3
2
-3
-21
-37
-40
-29
-31
-43
-58
-60
-50
-38
-42
-51
-52
-56
-43
-33
-33
-42
-52
-45
-35
-29
-27
-37
-35
-31
-26
-23
-26
-29
-27
-24
-21
-21
-24
-36
-38
-28
-27
-29
-30
-23
-24
-25
-27
-24
-24
-28
-18
-15
-25
-32
-32
-28
-20
-24
-34
-35
-32
-30
-28
-36
-36
-37
-38
-36
-31
-35
-33
-31
-34
-34
-33
-28
-26
-25
-26
-33
-35
-28
-24
-24
-29
-38
-42
-31
-21
-20
-29
-34
-35
-21
-3
-2
-15
-21
-6
10
22
19
22
26
35
51
58
61
58
63
76
90
91
88
87
96
96
103
100
90
84
89
94
89
80
71
64
62
63
57
56
46
39
32
27
27
16
12
5
-2
-1
-1
2
0
-13
-13
-6
-4
-3
-5
-5
-8
-6
-5
-7
-5
-6
-15
-21
-16
-15
-19
-24
-23
-27
-34
-35
-30
-28
-34
-38
-37
-41
-48
-41
-44
-46
-49
-50
-47
-48
-47
-45
-38
-33
-35
-32
-27
-24
-20
-20
-15
-13
-14
-15
-6
-5
-10
-13
-9
-10
-8
-11
-11
-9
-13
-16
-14
-13
-21
-24
-30
-31
-29
-32
-36
-47
-46
-39
-38
-40
-40
-44
-49
-45
-38
-35
-40
-45
-43
-38
-40
-32
-29
-25
-28
-31
-23
-20
-12
-18
-21
-14
-13
-8
1
-4
-7
-7
-6
3
7
6
4
4
4
10
17
15
6
2
8
15
14
7
6
13
15
14
14
18
18
23
17
13
17
14
16
14
16
12
6
6
9
7
0
2
7
7
6
2
5
3
3
2
0
-5
-15
-18
-13
-12
-19
-26
-22
-16
-16
-16
-21
-25
-25
-23
-20
-22
-26
-30
-30
-18
-16
-18
-24
-24
-19
-10
-6
-5
-8
-10
-2
2
6
0
-4
-2
-2
0
-1
-9
-13
-8
-4
-6
-21
-28
-23
-19
-20
-23
-29
-36
-41
-33
-27
-25
-35
-44
-34
-35
-28
-33
-30
-27
-28
-18
-18
-15
-19
-15
-13
-10
-8
-7
-9
-12
-11
-11
-8
-10
-11
-18
-21
-23
-21
-23
-31
-30
-26
-24
-26
-31
-30
-28
-22
-26
-28
-25
-24
-24
-19
-16
-18
-16
-9
7
5
2
-2
0
6
13
13
11
10
3
8
11
12
4
-6
-4
1
2
0
-11
-19
-13
-8
-7
-13
-18
-23
-21
-17
-17
-21
-29
-28
-26
-19
-19
-24
-25
-27
-22
-17
-17
-20
-26
-24
-17
-20
-20
-19
-23
-21
-17
-18
-17
-19
-18
-11
-7
-1
-3
-3
-7
-4
-4
-6
-12
-18
-24
-24
-19
-25
-31
-35
-38
-41
-34
-31
-32
-37
-39
-33
-28
-27
-32
-28
-25
-18
-14
-15
-15
-13
-8
-2
-1
-11
-10
-6
-1
2
0
-9
-15
-6
-2
-5
-9
-16
-19
-17
-13
-16
-21
-28
-32
-30
-34
-35
-34
-39
-37
-33
-31
-35
-38
-38
-24
-26
-31
-27
-28
-21
-13
-8
-10
-6
-3
4
9
14
10
10
9
6
7
5
2
-3
-6
-3
-7
-10
-14
-20
-18
-14
-17
-20
-20
-20
-23
-16
-18
-20
-24
-20
-18
-16
-20
-20
-24
-23
-18
-19
-16
-19
-17
-20
-15
-8
-11
-17
-24
-19
-12
-10
-14
-15
-18
-20
-15
-9
-13
-18
-16
-16
-16
-11
-12
-21
-24
-20
-19
-23
-25
-24
-28
-33
-31
-31
-37
-38
-32
-27
-26
-29
-29
-26
-19
-16
-21
-19
-17
-12
-6
-2
-3
-8
-10
-11
-9
-9
-7
-13
-15
-14
-13
-13
-11
-9
-16
-15
-11
-13
-16
-18
-20
-18
-18
-17
-19
-21
-21
-15
-13
-16
-17
-16
-6
-8
-12
-8
-5
-1
3
5
3
-1
3
9
5
2
0
3
2
1
6
3
-5
-10
-9
-8
-6
-11
-19
-22
-25
-23
-29
-33
-32
-31
-30
-33
-29
-29
-31
-31
-27
-23
-17
-15
-17
-20
-19
-14
-6
-14
-16
-18
-14
-14
-10
-9
-7
-9
-8
1
-4
-7
-12
-8
-7
-2
-2
-7
-14
-11
-8
-10
-15
-20
-20
-20
-17
-16
-19
-15
-16
-17
-13
-10
-13
-18
-13
-15
-12
-4
-11
-8
-7
-8
-7
-5
-8
-19
-17
-13
-12
-17
-21
-19
-18
-18
-21
-25
-28
-28
-25
-23
-25
-26
-28
-30
-24
-19
-17
-17
-17
-18
-9
-12
-11
-13
-14
-8
-12
-12
-19
-19
-14
-18
-15
-15
-17
-15
-14
-7
-6
-13
-8
-6
-6
-9
-9
-12
-16
-13
-16
-16
-15
-19
-21
-19
-21
-22
-23
-25
-31
-28
-20
-22
-25
-29
-30
-26
-24
-27
-27
-31
-28
-20
-17
-15
-11
-14
-10
-4
-7
-6
-5
-8
-2
0
-3
-4
-5
-8
-8
-2
-4
-9
-10
-11
-9
-7
-15
-15
-15
-18
-15
-11
-16
-18
-17
-15
-18
-18
-17
-19
-14
-12
-8
-6
-9
-6
0
0
-1
1
0
1
4
-2
-3
2
4
3
3
4
-1
3
2
3
0
-4
-5
-8
-5
-1
-4
-9
-13
-12
-8
-11
-15
-16
-15
-10
-11
-8
-6
-6
-10
-7
4
2
5
-5
-4
5
10
6
5
-3
-2
5
3
5
-2
-6
-8
-4
-4
-10
-15
-17
-26
-26
-21
-20
-23
-27
-29
-24
-24
-29
-30
-31
-33
-33
-34
-36
-33
-32
-30
-32
-33
-32
-32
-28
-28
-30
-35
-31
-31
-25
-27
-32
-25
-26
-25
-23
-20
-22
-20
-19
-21
-19
-17
-14
-15
-18
-18
-15
-20
-17
-17
-19
-22
-15
-19
-22
-24
-23
-20
-23
-15
-20
-22
-21
-16
-11
-11
-15
-18
-18
-12
-5
-4
-12
-13
-11
-13
-10
-10
-10
-13
-17
-17
-15
-15
-18
-19
-21
-18
-18
-20
-21
-20
-22
-23
-18
-16
-17
-12
-15
-18
-18
-11
-11
-15
-13
-13
-9
-8
-5
-4
-7
-6
-1
0
0
0
0
4
1
1
-2
-2
1
0
-1
-1
-7
-6
-5
-5
-7
-8
-11
-13
-15
-19
-20
-19
-23
-30
-29
-33
-31
-26
-28
-32
-32
-29
-27
-25
-25
-31
-32
-29
-27
-28
-26
-25
-24
-28
-22
-23
-22
-22
-21
-17
-16
-13
-15
-12
-15
-17
-15
-16
-17
-20
-21
-23
-22
-22
-25
-23
-21
-21
-17
-21
-21
-23
-23
-20
-20
-22
-23
-27
-22
-16
-20
-22
-21
-21
-20
-19
-19
-16
-18
-23
-23
-20
-21
-22
-21
-18
-24
-22
-19
-24
-24
-24
-25
-23
-22
-25
-27
-24
-23
-24
-22
-24
-23
-25
-23
-24
-21
-14
-22
-23
-20
-19
-15
-15
-14
-18
-18
-15
-11
-7
-9
-7
-8
-10
-6
-6
-9
-7
-9
-12
-9
-9
-13
-14
-15
-15
-12
-14
-17
-19
-21
-23
-21
-21
-19
-20
-23
-19
-24
-20
-17
-21
-20
-18
-16
-13
-13
-14
-11
-11
-5
-7
-8
-7
-6
-3
-6
-10
-9
-11
-8
-6
-5
-8
-12
-11
-9
-9
-9
-15
-16
-13
-14
-16
-13
-13
-14
-17
-10
-7
-15
-20
-16
-8
-7
-5
-4
-5
-2
2
4
0
-3
1
-4
-3
-3
-4
-5
-9
-7
-8
-13
-19
-22
-24
-20
-14
-13
-15
-15
-17
-21
-21
-20
-22
-23
-22
-24
-21
