-2
-2
-7
-3
-5
-3
-2
-2
-4
-3
0
-2
-1
-5
-5
-3
-4
-4
-3
0
-3
-3
-2
3
1
-3
0
-2
-3
-4
-7
-5
-6
-4
-5
-1
-1
8
5
5
6
1
3
3
-3
6
8
2
6
7
5
8
12
12
14
12
16
9
11
15
16
18
19
21
19
21
19
21
16
23
19
17
20
16
17
21
25
18
18
16
14
12
13
14
10
13
9
12
12
14
15
14
20
19
18
13
19
16
13
15
14
15
12
14
14
18
17
16
18
22
21
22
27
32
27
28
26
19
23
24
22
18
20
18
17
16
13
18
12
15
12
5
8
6
3
5
4
5
4
3
5
4
1
1
2
-2
0
-3
-2
-1
2
1
-1
4
-2
4
1
-2
-3
-9
-8
-8
-9
-11
-16
-23
-18
-20
-21
-21
-19
-18
-24
-23
-24
-25
-21
-19
-17
-15
-15
-16
-12
-13
-12
-6
-4
-8
-7
-5
-3
-3
-8
-6
-8
-3
-6
-6
-1
-3
-5
-5
-6
-2
-1
4
10
5
8
5
9
12
11
9
9
9
8
11
11
14
13
12
11
13
9
10
14
13
15
13
11
11
11
9
6
8
11
13
11
11
11
13
8
9
11
9
7
11
9
7
8
8
6
5
5
6
5
6
8
7
8
11
10
11
13
7
9
11
10
9
11
11
12
13
11
14
17
15
15
14
14
14
12
17
15
14
12
13
12
14
15
12
9
10
11
10
10
8
6
2
3
-4
-9
-10
-6
-2
-4
-7
-7
-4
-10
-10
-10
-5
-10
-5
-6
-11
-5
-6
-7
-8
-9
-11
-8
-6
-4
-8
-12
-8
-10
-9
-6
0
-3
-5
-4
-3
-3
-6
-8
-9
-8
-8
-9
-8
-13
-14
-15
-17
-14
-11
-12
-12
-9
-11
-10
-7
-9
-4
-6
-10
-10
-11
-13
-14
-10
-12
-14
-13
-11
-15
-20
-14
-13
-13
-9
-11
-7
-8
-6
-3
-6
-1
0
-2
-3
-9
-2
-4
-5
-6
-8
2
-1
-3
-2
-3
-2
0
2
-1
3
4
0
-1
-3
1
4
7
3
0
-2
0
-2
1
4
2
0
-4
1
0
-2
-3
-4
-3
1
-1
-6
1
2
3
3
4
4
5
2
9
9
9
8
6
8
6
11
11
11
17
12
14
11
8
16
11
10
12
12
15
14
11
8
16
17
18
17
14
11
10
13
12
10
13
12
8
10
9
3
7
1
1
2
-1
-1
-7
-7
-14
-9
-12
-9
-5
-6
-3
-5
-8
-9
-7
-10
-4
-12
-9
-11
-11
-8
-8
-2
2
1
3
0
0
1
-2
1
1
3
-2
-3
2
0
-4
-2
-3
-2
1
-1
-4
-6
-4
-3
-3
-3
-2
0
-3
-2
-3
-3
-1
-2
-6
-2
0
-5
-3
-5
-5
-7
-11
-4
-2
-3
-8
-12
-11
-5
-5
-4
-3
-6
-1
-6
-4
-3
-6
-1
-1
-7
-5
-3
-5
0
0
7
7
2
7
7
2
6
1
1
6
6
6
3
3
3
3
1
2
3
3
7
5
5
8
11
11
14
9
10
15
14
18
12
11
11
10
12
14
16
12
13
11
12
12
11
13
11
13
15
10
17
11
6
11
6
4
4
12
12
12
10
11
10
9
4
6
10
6
6
7
11
10
11
4
8
8
5
7
9
4
2
2
-7
0
-2
-2
-6
-4
-1
-1
-1
-4
-1
-2
0
1
-2
1
1
-5
-2
0
4
-2
5
4
-2
-1
0
5
4
8
3
4
3
0
-3
-4
-3
-5
-6
-1
-2
-4
-5
-5
-5
-6
-6
-7
-4
-10
-7
-10
-14
-15
-12
-8
-12
-8
-7
-13
-18
-19
-19
-14
-15
-17
-12
-14
-12
-11
-14
-10
-8
-6
-6
-4
-7
-1
2
-4
0
-1
-4
4
8
8
12
9
11
9
10
11
11
11
8
12
11
13
13
12
11
11
10
8
10
11
13
10
11
11
15
9
13
12
13
16
11
10
9
14
15
15
13
11
8
11
13
14
8
8
9
7
7
9
8
14
12
8
11
9
14
16
16
12
10
12
15
10
7
8
4
6
6
4
11
9
12
14
17
13
13
12
7
11
15
12
12
13
13
10
9
16
7
9
12
10
9
5
8
10
7
5
5
4
4
4
0
5
3
-1
0
4
6
5
4
8
4
3
6
6
6
4
6
7
9
5
7
8
7
6
6
6
6
8
7
8
7
4
3
7
5
0
2
1
2
2
1
-3
0
3
2
2
2
6
0
0
1
0
0
3
1
5
10
6
9
9
10
10
6
2
5
4
5
4
1
0
4
6
5
7
8
6
8
4
10
11
9
8
8
2
6
7
4
3
3
6
6
8
6
4
6
10
11
10
7
12
11
8
5
7
14
6
8
5
2
5
1
0
5
1
-1
-2
-1
3
-3
1
-1
-1
3
-3
3
4
3
2
1
-3
-2
-2
-5
-6
-5
-4
-3
1
-1
5
3
3
3
3
1
4
1
4
8
3
4
7
4
6
8
9
15
6
10
12
13
8
5
6
7
10
8
7
7
8
9
8
7
11
10
9
12
12
7
5
1
3
5
2
4
2
7
0
0
3
1
3
2
4
5
6
5
3
4
3
4
4
-1
-3
0
2
-1
-4
-3
-5
-4
-1
-2
-4
-7
-11
-9
-3
-4
-1
-4
-5
0
-2
2
4
3
2
0
-1
2
2
-4
-5
-4
-1
1
1
2
-3
-5
6
2
1
1
-2
-1
0
-2
-2
-1
3
-3
-4
-4
-8
-9
-4
-2
-7
-7
-4
-11
-11
-6
-8
-6
-4
-1
-2
-2
-4
-3
-1
-8
-3
2
1
0
-2
5
4
0
3
4
4
6
7
7
11
6
6
3
1
1
3
4
5
3
0
-2
-1
-5
-8
-4
2
-2
-2
3
0
6
-1
2
2
-2
0
0
6
3
6
2
2
6
7
4
7
4
4
9
6
6
4
8
8
9
7
9
9
9
10
9
7
10
7
8
8
12
11
16
18
18
18
14
18
18
21
25
22
23
27
27
23
23
21
14
16
19
18
18
22
17
19
18
16
15
14
16
16
18
13
11
10
12
13
11
13
14
11
14
12
10
13
5
8
10
11
8
11
9
7
5
4
5
4
5
1
3
5
6
4
3
6
8
9
8
14
12
9
7
8
10
10
7
5
8
9
9
8
10
6
6
7
2
2
2
-4
-3
-2
-4
-4
-4
-1
-6
-1
-5
-5
-3
-3
-6
-5
-3
-5
-10
-9
-11
-15
-12
-8
-5
-6
-2
1
3
3
5
4
3
4
-1
-9
-5
-5
-6
1
0
-3
-4
-2
3
4
5
0
-1
2
3
0
4
7
6
9
8
6
5
6
3
3
3
2
3
4
2
6
4
7
5
5
3
4
8
7
8
5
4
0
4
5
2
5
7
5
5
0
0
0
-4
-2
5
5
10
10
6
10
7
7
7
10
10
5
6
4
2
2
0
2
1
3
-3
1
2
2
5
1
2
-2
-1
4
0
0
0
-2
-2
-4
-4
-4
-6
-9
-6
-2
-7
-11
-5
-6
-2
1
-6
-4
-3
-3
-3
0
0
-2
-3
-4
-2
-6
-6
-6
-10
-12
-13
-11
-14
-14
-8
-6
-8
-6
-3
-3
-5
-6
-7
-6
-8
-8
-7
-11
-12
-9
-11
-11
-7
-12
-9
-11
-8
-9
-10
-7
-6
-7
-6
-2
-4
-4
2
3
0
5
5
7
7
8
5
3
6
10
8
14
15
14
15
12
12
13
15
12
16
16
15
12
8
9
6
5
5
2
4
1
6
2
-1
3
2
0
-6
0
-1
-3
-1
1
-1
-1
0
-3
-4
-5
-8
-8
-5
-2
-1
-6
-5
-1
-4
-2
-2
-3
2
7
5
5
6
5
11
9
9
6
8
6
5
3
0
4
0
-2
-8
-5
-9
-5
-5
-5
-3
-5
-8
-5
-4
-8
-6
-7
-6
-10
-13
-10
-9
-13
-11
-9
-9
-8
-8
-9
-9
-5
-6
-8
-8
-5
-7
-10
-7
-4
-4
-9
-8
-7
-9
-6
-5
-8
-6
-5
-8
-8
-7
-5
-3
-3
-4
-3
-8
-4
-5
-7
-7
-9
-13
-9
-11
-16
-10
-15
-13
-11
-9
-9
-12
-9
-10
-18
-14
-12
-13
-13
-16
-18
-15
-16
-14
-13
-7
-5
-6
-7
1
6
7
12
11
12
11
11
11
8
7
10
10
9
10
7
2
6
5
5
2
-2
-11
-11
-12
-11
-13
-12
-7
-11
-7
-10
-10
-9
-8
-9
-6
-3
-3
0
-7
-10
-9
-6
-7
-12
-12
-11
-15
-12
-10
-6
-9
-14
-7
-4
-5
-7
-5
-1
-6
-10
-3
-5
-7
-6
-1
-2
-3
-2
-5
-4
-7
-9
-13
-12
-14
-9
-5
-3
-6
-9
-6
-7
-5
-9
-5
-3
2
-3
-6
-1
-3
-6
-5
1
0
-1
0
2
-3
-5
-3
0
1
-5
-6
-5
-10
-10
-10
-9
-9
-11
-14
-7
-7
-11
-10
-8
-8
-11
-11
-8
-6
-11
-5
-5
-15
-19
-16
-14
-12
-15
-12
-12
-18
-22
-17
-21
-27
-20
-14
-19
-25
-14
-9
-14
-14
-11
-8
-12
-12
-8
-11
-19
-12
-7
-15
-24
-22
-15
-19
-27
-23
-20
-21
-28
-27
-16
-25
-24
-15
-18
-18
-22
-18
-16
-18
-23
-14
-10
-19
-14
-7
-9
-16
-15
-10
-10
-14
-8
-11
-9
-13
-10
-8
-14
-16
-16
-13
-25
-24
-15
-14
-29
-21
-10
-20
-20
-15
-14
-24
-20
-11
-16
-27
-22
-14
-19
-28
-17
-13
-27
-14
-2
-9
-15
-6
-2
-16
-13
-4
-4
-12
-11
-4
-8
-11
-6
-10
-9
-10
-14
-9
-4
-19
-21
-5
-8
-21
-14
-4
-19
-18
-9
-11
-15
-14
-7
-17
-22
-14
-14
-22
-26
-14
-3
-15
-29
-13
-5
-27
-19
-4
-12
-23
-14
-10
-21
-18
-13
-19
-21
-5
-13
-28
-11
-2
-29
-24
-1
-13
-39
-20
-3
-23
-32
-8
-7
-31
-26
-9
-6
-31
-31
-8
-14
-38
-20
-6
-23
-38
-22
-4
-28
-43
-13
-10
-31
-34
-11
-5
-36
-34
-3
-19
-40
-9
8
-24
-32
2
-1
-31
-21
8
-16
-34
-6
6
-25
-32
1
4
-29
-27
4
-13
-43
-21
12
-16
-41
-8
12
-36
-36
12
-15
-47
-8
-4
-37
-26
-4
-26
-37
-8
-12
-31
-17
-5
-17
-27
-7
-5
-21
-15
-1
-9
-20
-11
-3
-15
-9
-8
-15
-13
-3
-10
-18
-8
-13
-15
-5
-9
-15
-1
-1
-25
-12
2
-34
-29
-4
-28
-41
-11
-11
-44
-23
-1
-24
-27
-5
-9
-29
-10
-3
-30
-16
-9
-25
-31
-12
-16
-43
-29
-10
-32
-42
-25
-29
-31
-28
-39
-32
-15
-34
-42
-22
-25
-40
-35
-14
-29
-41
-20
-22
-27
-24
-19
-10
-22
-26
-8
-12
-29
-18
5
-22
-28
-11
-8
-20
-31
-11
-5
-32
-25
-1
-16
-29
6
5
-34
-11
15
-19
-31
16
-5
-39
1
6
-34
-17
12
-16
-26
4
-12
-26
-8
-8
-26
-10
-6
-4
-18
-9
3
-21
-16
3
-22
-18
-7
-16
-10
-21
-7
-4
-8
-19
-5
-3
-14
3
3
0
-5
4
3
-6
-8
1
-3
-6
-5
-6
-5
-3
-8
-18
-2
-5
-12
-25
-12
-5
-17
-30
1
4
-26
-16
3
-20
-37
-19
-18
-25
-22
-18
-16
-9
-21
-14
-9
-13
-26
-7
-15
-19
-17
-10
-14
-16
-11
-12
-16
-21
-4
-10
-16
-16
-3
-12
-29
-8
5
-41
-24
8
-23
-33
3
-8
-33
-12
-5
-15
-23
-19
-2
-13
-28
-16
6
-22
-37
-5
-6
-43
-21
8
-34
-48
-7
2
-58
-36
10
-28
-54
-7
-3
-34
-29
3
-2
-34
-24
14
-20
-47
10
11
-56
-22
37
-31
-57
10
26
-51
-30
16
23
-58
-16
40
-20
-49
4
29
-40
-4
14
-9
-1
15
-29
2
16
-24
-15
-7
2
-31
-2
-13
-13
-7
-13
-24
-1
-15
-31
-27
-5
-13
-32
-5
-29
-2
-14
-26
-18
7
-8
-35
-19
15
-19
-34
-8
15
-18
-57
22
-4
-51
-12
16
-43
-20
22
-37
-23
40
-27
-57
29
17
-65
-38
65
-29
-76
29
26
-63
-22
35
-26
-59
35
10
-62
-7
22
-14
-46
4
14
-17
-63
10
34
-67
-42
34
2
-53
-16
17
-16
-26
-11
3
3
-28
-13
18
-17
-32
24
-24
-32
21
-16
-31
4
6
-23
-6
-10
-12
-7
-21
-10
-11
-8
-33
-4
5
-29
-21
1
-25
-21
-7
-8
-27
4
-29
-14
2
-3
-30
-9
10
-23
-19
-12
-6
-18
-13
-13
-30
6
-21
-29
3
-11
-14
-12
-8
-2
-5
-25
-4
15
-19
-25
26
-23
-21
1
-8
-12
-17
7
-22
4
-7
-10
-5
8
-18
-3
3
-12
-2
-3
-10
-6
14
-13
-6
-1
-1
-12
-15
0
-11
-3
-19
-25
3
5
-43
-12
31
-32
-44
18
2
-42
-29
7
-2
-33
-18
4
2
-43
-6
12
-8
-23
-1
1
-18
-13
-15
-17
-5
-28
-19
3
-12
-42
-6
14
-42
-32
26
-24
-28
10
-20
-35
19
-28
-36
15
-20
-40
4
28
-48
-20
11
13
-51
-16
15
-16
-60
-5
22
-28
-45
6
36
-34
-39
39
24
-46
-18
44
21
-50
-5
64
-8
-66
40
62
-50
-14
56
31
-47
9
44
-3
-45
1
50
-28
-54
20
29
-59
-34
26
14
-64
-4
33
-8
-38
15
13
-7
-7
-12
18
-13
2
-21
17
-4
-16
-2
7
-10
-7
-6
18
-7
-5
-8
20
-17
-13
-11
14
-5
-42
25
24
-48
-15
41
-19
-39
-4
40
-22
-48
38
31
-41
-16
59
8
-23
-1
51
8
-41
21
30
5
-61
23
36
-47
-43
36
-2
-48
-23
35
-3
-66
27
42
-60
-30
55
-16
-70
-2
24
-57
-33
-3
-14
-29
-33
6
-16
-24
-30
2
3
-10
-35
34
-3
-48
14
14
-27
-27
23
5
-38
-25
37
2
-43
1
26
-21
-40
9
20
-35
-9
27
-18
-14
6
-12
-7
-17
8
-6
-15
1
8
1
-20
14
13
-14
-8
28
9
-43
17
23
-6
-32
6
46
-36
-35
54
5
-56
24
17
0
-9
0
41
14
-11
25
33
12
-9
32
29
-27
35
27
-15
4
43
9
-28
34
39
-26
10
53
-2
-32
51
10
-38
4
46
-18
-24
28
24
-23
-10
43
-4
-14
3
23
5
-19
15
10
-6
-18
3
5
-23
-3
-15
-17
5
-17
-6
14
-13
-15
19
7
-12
-8
3
25
-23
-2
0
27
-18
-6
17
17
-36
15
52
-39
-31
39
31
-50
1
26
15
-19
-3
24
21
-14
-7
41
17
-59
10
30
-8
-46
25
24
-23
-17
41
-4
-23
4
14
15
-21
6
19
6
-2
-28
51
10
-48
13
59
-49
-19
19
35
-47
-7
23
29
-45
-9
46
-8
-34
4
43
-6
-25
16
32
-8
-15
-5
48
-24
-43
42
23
-47
-15
51
-11
-44
36
30
-29
-2
42
-10
-15
7
21
-13
-9
18
9
-18
12
3
20
-13
45
12
-7
4
41
13
-13
15
45
0
-19
19
51
-32
1
44
29
-39
28
44
-20
-7
42
-5
-9
12
30
-16
-10
35
-7
-10
7
30
-8
-7
43
-14
-7
17
6
-14
-17
40
-38
-22
17
-12
-27
-6
38
-29
-39
61
12
-53
0
70
-38
-41
42
21
-30
-21
34
23
-40
-14
53
-7
-39
4
55
-52
-29
73
-19
-68
49
41
-85
-3
69
-26
-51
29
40
-35
-27
32
19
-74
15
44
-64
-41
59
-12
-76
28
64
-74
-22
69
-9
-71
36
27
-51
-39
58
1
-63
-18
49
2
-79
15
63
-44
-72
70
9
-39
-18
65
-20
-45
36
44
-47
-44
88
2
-86
35
78
-55
-54
77
20
-82
8
84
-49
-68
89
8
-80
21
65
-38
-43
19
59
-59
-39
55
20
-75
26
29
-42
-17
27
17
-57
46
17
-8
-14
27
17
-1
-18
18
27
-23
-2
7
37
-35
10
34
-4
-14
47
0
-6
16
23
5
-26
23
19
-23
-6
29
-13
0
37
-2
3
18
43
-12
7
23
25
-24
3
9
-4
-6
3
0
10
12
-13
30
12
-8
42
6
-22
45
7
-30
29
11
-35
25
12
-26
-5
34
0
-37
20
32
-14
-41
36
38
-46
-21
75
4
-55
52
43
-24
-20
92
-5
-28
29
56
-25
-15
60
-9
-3
6
39
-24
-9
41
-19
7
6
28
-19
5
29
-7
-7
-9
37
-34
-17
22
12
-53
31
41
-67
12
29
-6
-36
24
29
-30
-6
40
-5
-25
26
2
8
-6
2
-15
28
-11
-20
16
11
4
-20
15
6
-3
-18
32
-35
-1
27
14
-50
28
49
-34
-37
62
32
-78
12
75
-39
-43
46
30
-40
-24
46
0
-25
-9
16
5
-5
-14
22
20
-38
17
28
-16
-7
35
-25
-7
51
-3
-38
34
53
-54
33
21
22
-12
19
12
21
7
17
6
3
25
-2
0
20
23
-20
5
31
5
-19
44
3
1
16
35
-26
55
3
-11
10
27
12
-62
62
6
-27
1
43
-27
3
20
16
-18
23
11
3
15
-9
12
16
1
3
33
-32
29
5
6
-9
26
-8
-8
20
-7
-7
-3
14
-12
-11
1
-5
-13
-6
3
9
-26
-3
17
-7
-37
7
61
-60
-7
66
-11
-46
39
33
-35
-11
43
10
-46
16
39
-10
-40
28
12
-8
-11
22
4
-7
26
-17
0
12
12
-7
-35
-1
41
-52
-31
43
11
-57
21
2
16
-50
32
-10
3
6
-37
22
-8
-9
-20
19
7
-13
-14
39
4
-34
26
21
-6
-17
12
18
-13
-30
7
28
-13
-23
19
41
-37
12
43
-19
-2
35
-8
-10
42
-10
-16
15
11
-8
-7
26
-29
30
16
-7
-39
73
-25
-58
41
35
-59
7
39
-25
1
15
-26
10
26
-27
-5
28
26
-44
-2
68
-13
-60
52
24
-31
3
6
15
16
-18
9
36
-14
4
5
23
4
-23
12
34
-11
-40
44
15
-25
4
33
-30
19
22
-16
29
5
-25
51
-1
4
2
45
-16
1
19
30
6
-41
56
28
-25
-17
54
26
-38
-13
64
10
-57
-2
108
-25
-89
112
35
-86
-2
81
-52
-38
8
31
-50
-31
23
-1
-33
-1
21
-51
28
-15
-13
-14
37
-9
-19
-10
50
5
-61
27
72
-46
-53
128
-22
-75
82
22
-51
28
18
18
-43
29
15
11
-39
16
56
-26
-38
77
-4
-28
0
46
-29
17
-9
-12
-5
35
-35
-37
84
-3
-84
65
37
-91
35
22
-22
-4
3
19
7
-33
41
15
-30
27
19
-31
-1
44
-12
-9
15
43
-21
38
-1
4
64
-19
-24
100
4
-49
74
27
-30
41
63
-46
28
79
-28
-29
75
52
-84
69
64
-40
51
12
6
77
-52
11
87
-4
-75
86
66
-48
0
112
12
-37
93
12
35
24
3
39
27
-13
29
4
31
8
-3
27
24
2
42
15
-14
60
45
-51
23
128
-71
-14
101
30
-60
34
59
2
9
17
16
13
32
4
-12
62
-4
-40
70
45
-67
54
45
-70
19
59
-71
2
86
-62
-6
56
18
-9
-21
85
8
-18
-2
76
-2
-41
54
3
-22
-6
59
-79
56
26
-77
32
85
-44
-80
148
-3
-100
69
89
-25
-55
123
18
-44
75
-7
-6
75
-33
-22
97
-42
15
22
6
20
1
18
11
26
28
-8
41
-2
-4
73
-34
-38
109
-22
-99
114
32
-131
88
94
-136
58
59
-74
44
40
-113
79
89
-102
-43
128
11
-133
40
75
26
-92
60
69
-34
23
32
-26
45
76
-80
2
87
23
-65
-6
83
80
-144
54
103
-60
-49
82
48
-76
-2
83
-17
-57
49
48
35
-80
88
90
-52
-33
147
28
-125
67
161
-76
-121
182
79
-181
18
204
-81
-87
116
45
-69
-2
80
4
-30
30
74
-56
-7
101
-52
-37
63
78
-80
-26
125
-42
-38
63
37
-28
26
52
-44
32
40
-1
-31
15
81
-28
-86
99
45
-88
10
66
56
-88
9
113
7
-102
82
99
-105
13
93
-1
-69
35
67
-45
-46
74
24
-70
51
56
-38
13
27
-20
61
-3
-30
76
4
-50
63
7
-28
15
28
-4
-2
12
5
-19
16
14
-8
2
41
-21
-16
61
-44
4
21
-25
-26
58
-62
-17
64
-38
-12
21
11
-15
15
0
10
14
9
22
2
-12
59
2
-58
56
47
-81
-12
82
-26
-94
9
72
-36
-76
48
42
-68
-16
41
46
-54
-37
96
19
-110
15
112
-64
-73
73
74
-90
-69
118
33
-115
54
94
-38
-58
74
94
-56
-21
111
32
-82
55
95
-52
-34
48
65
-26
-57
65
65
-61
-5
112
10
-82
53
109
-22
-61
90
67
-59
1
90
30
-36
41
94
24
-34
26
87
-2
-42
45
61
-44
-58
50
6
-85
-39
7
-29
-83
-19
11
-43
-34
12
29
8
34
23
27
47
11
35
35
0
44
14
-4
13
-37
-34
24
-56
-41
20
-11
-57
-33
31
-5
-42
21
59
4
-39
36
54
-34
-21
78
35
-46
8
51
-13
-45
24
18
-16
-12
5
6
-6
-21
13
13
0
18
16
7
-4
11
13
1
17
12
1
13
15
3
-9
21
11
14
16
28
17
12
3
12
27
14
18
12
14
13
-11
4
28
-4
9
23
22
-2
-2
26
-11
0
33
17
-13
32
26
-11
7
20
15
13
-4
24
13
-13
-20
7
11
-16
-15
8
0
-37
-40
0
-22
-45
-16
10
6
-46
-23
-5
-17
-36
-30
-10
-41
-51
-49
-59
-62
-74
-64
-44
-52
-76
-57
-61
-80
-75
-73
-71
-75
-74
-79
-95
-104
-106
-65
-67
-71
-17
19
43
74
102
121
130
166
205
226
221
204
225
204
167
172
168
112
78
78
63
-7
-37
-47
-76
-88
-100
-86
-85
-124
-109
-77
-74
-81
-59
-27
-14
1
12
46
59
70
130
163
175
163
183
202
190
195
190
172
161
139
107
69
30
-11
-22
-32
-67
-86
-107
-116
-131
-129
-97
-102
-95
-56
-50
-43
-27
-10
-2
13
34
57
37
23
24
-4
-12
-8
-38
-49
-59
-74
-89
-102
-100
-118
-117
-107
-113
-112
-123
-125
-105
-96
-97
-72
-78
-94
-78
-70
-67
-80
-63
-44
-72
-91
-82
-99
-144
-135
-146
-201
-237
-254
-241
-160
21
94
7
-18
104
181
171
279
393
322
283
395
415
284
204
225
205
171
181
137
-16
-127
-141
-143
-132
-143
-174
-178
-185
-177
-136
-109
-129
-109
-18
58
75
91
92
67
78
148
203
179
139
133
118
93
80
76
41
-5
-31
-30
-39
-99
-167
-143
-125
-152
-117
-44
-86
-123
-62
-1
6
40
107
106
108
135
159
149
139
150
157
160
147
101
58
27
5
-13
-9
-19
-64
-85
-84
-95
-119
-123
-97
-103
-95
-65
-70
-102
-98
-76
-79
-60
-52
-65
-76
-83
-80
-83
-89
-82
-70
-69
-66
-101
-100
-93
-101
-68
-40
-64
-73
-62
-86
-102
-90
-85
-106
-106
-98
-115
-141
-138
-150
-176
-178
-205
-223
-266
-274
-212
-9
186
122
25
90
230
267
327
469
445
323
313
426
374
194
134
133
109
65
42
-58
-227
-318
-295
-228
-196
-207
-236
-241
-212
-161
-73
-21
-23
29
131
201
210
203
163
138
184
241
244
161
90
24
-20
-28
-17
-47
-116
-177
-206
-179
-178
-235
-250
-206
-168
-143
-91
-62
-73
-91
-37
42
92
96
170
324
344
296
267
276
251
244
308
238
148
39
-23
-46
-107
-155
-220
-208
-209
-211
-193
-221
-212
-189
-91
-1
51
71
48
66
75
124
131
119
82
28
-10
-41
-80
-160
-177
-187
-182
-190
-231
-264
-291
-254
-224
-187
-145
-136
-147
-154
-114
-81
-78
-60
-66
-67
-75
-85
-109
-132
-124
-110
-101
-103
-151
-219
-256
-246
-102
156
275
111
-12
125
278
268
306
411
361
226
247
342
258
59
-28
44
95
16
-66
-153
-276
-343
-271
-120
-96
-168
-203
-159
-104
-30
53
66
71
118
197
231
213
150
98
99
145
182
118
3
-93
-126
-132
-116
-110
-143
-208
-276
-237
-171
-172
-192
-173
-105
-32
-6
0
31
29
30
100
189
205
132
98
93
94
65
148
270
217
137
106
125
43
3
65
46
21
-36
-21
-60
-137
-127
-126
-50
-47
-42
-29
-58
-43
-39
37
48
65
58
8
-2
-28
-57
-92
-75
-90
-131
-158
-190
-236
-266
-248
-238
-198
-171
-186
-194
-172
-125
-110
-87
-37
-13
-14
-18
-18
-27
-61
-65
-57
-24
-42
-129
-147
-166
-148
-152
-180
-208
-283
-307
-303
-146
121
253
122
-22
111
281
317
312
394
421
321
260
325
328
103
-78
-17
127
57
-133
-203
-249
-339
-352
-185
-76
-167
-253
-186
-42
15
27
92
147
160
209
282
290
202
107
122
195
230
137
14
-87
-142
-154
-146
-93
-114
-201
-277
-251
-158
-159
-200
-189
-86
-13
8
25
38
26
16
81
193
226
142
71
71
95
76
38
47
31
95
150
113
78
6
8
38
139
136
52
39
-14
21
16
44
24
-11
20
-9
33
-10
-52
-58
-26
25
-12
6
-48
-86
-98
-60
-30
-59
-90
-139
-134
-146
-141
-164
-141
-125
-129
-87
-109
-103
-126
-109
-63
-38
-25
-71
-67
-75
-96
-99
-76
-91
-123
-125
-123
-129
-170
-194
-203
-161
-187
-228
-226
-255
-291
-284
17
379
327
-4
-64
279
443
313
331
525
470
185
179
395
369
-14
-210
38
219
-54
-312
-217
-187
-387
-402
-62
96
-176
-368
-161
112
90
25
172
250
151
130
285
349
180
57
112
213
194
47
-95
-170
-186
-182
-163
-99
-107
-262
-403
-301
-78
-86
-204
-156
13
21
-38
54
157
113
20
116
302
313
128
26
95
122
55
25
82
43
-22
5
76
90
6
-10
60
148
127
67
110
91
76
88
162
150
41
8
7
50
13
-21
-29
-40
-47
-79
-65
-97
-144
-160
-107
-59
-69
-116
-177
-162
-153
-143
-147
-109
-104
-162
-140
-111
-74
-106
-126
-78
-34
-37
-65
-48
-56
-75
-80
-42
-48
-112
-170
-165
-140
-166
-180
-196
-180
-220
-268
-247
-212
-232
-307
-245
54
379
331
16
-12
284
463
427
460
572
493
226
158
377
417
60
-210
-23
161
-39
-321
-316
-256
-389
-417
-168
32
-136
-378
-291
9
135
116
161
222
192
173
265
322
261
145
90
157
212
142
-72
-224
-210
-166
-178
-156
-102
-227
-446
-416
-161
-65
-199
-222
-66
2
-47
0
128
143
43
70
241
328
219
51
38
117
110
58
69
106
99
20
24
100
91
20
5
105
106
51
19
32
57
15
39
49
48
2
-48
-23
-9
-2
-27
-8
0
-13
-34
-63
-66
-79
-88
-99
-86
-136
-174
-191
-186
-185
-189
-139
-133
-137
-143
-114
-85
-91
-93
-70
-29
-38
-47
-40
-49
-67
-61
-42
-40
-68
-127
-134
-115
-118
-152
-163
-131
-157
-190
-222
-236
-247
-256
-169
83
342
277
29
17
283
445
404
388
481
488
287
180
297
358
112
-127
-23
134
6
-259
-330
-278
-303
-346
-255
-96
-109
-275
-311
-110
95
136
91
109
178
222
214
202
246
227
105
56
157
204
34
-172
-183
-100
-110
-140
-103
-137
-291
-367
-221
-77
-100
-167
-129
-56
-32
9
85
122
72
32
124
264
265
151
90
93
99
107
223
310
184
35
16
101
135
106
39
-28
5
-2
14
35
-8
-85
-123
-23
34
54
-11
-82
-60
-8
48
43
54
14
-37
-43
-10
-10
-62
-117
-180
-163
-157
-170
-222
-264
-274
-244
-155
-133
-135
-147
-144
-134
-91
-27
4
3
-45
-58
-32
9
-20
-58
-70
-85
-86
-90
-81
-117
-161
-202
-193
-165
-193
-231
-249
-245
-252
-84
238
339
125
-29
152
381
432
371
413
504
403
230
252
414
322
11
-95
62
133
-46
-215
-238
-246
-304
-308
-171
-47
-121
-264
-235
-61
101
142
94
54
113
183
181
193
223
177
66
44
140
172
64
-82
-133
-96
-48
-21
-62
-166
-241
-198
-143
-125
-102
-61
-103
-166
-97
35
113
47
-32
14
118
151
110
118
134
85
33
159
338
315
190
93
123
176
190
139
90
64
-11
-22
5
38
-30
-126
-150
-129
-30
-9
-56
-100
-88
-41
-10
46
68
45
-17
-45
-27
24
15
-84
-148
-172
-158
-153
-181
-226
-250
-228
-215
-178
-125
-106
-147
-179
-131
-19
44
7
-52
-65
-20
9
23
23
-8
-86
-131
-89
-41
-50
-133
-204
-206
-180
-185
-207
-235
-294
-258
-19
247
260
73
18
157
303
352
383
463
468
336
225
311
408
287
80
10
87
127
51
-75
-149
-191
-239
-232
-139
-49
-88
-199
-247
-142
32
78
11
-23
38
89
88
122
171
163
84
60
126
194
185
100
37
33
73
108
67
-23
-52
-39
-68
-113
-81
-31
-91
-189
-204
-95
-5
-47
-118
-106
-36
-22
-33
2
77
84
60
138
260
317
270
212
230
304
345
298
243
208
154
101
79
87
50
-35
-128
-163
-131
-119
-149
-189
-191
-169
-130
-92
-69
-57
-56
-71
-59
0
29
16
-34
-66
-54
-42
-55
-93
-109
-115
-129
-136
-112
-91
-102
-124
-126
-81
-42
-50
-101
-105
-78
-73
-90
-112
-105
-107
-122
-110
-78
-65
-86
-109
-112
-124
-136
-140
-136
-152
-177
-137
29
187
173
57
47
170
250
227
223
307
351
280
212
277
345
260
112
80
147
156
85
19
-13
-45
-100
-132
-99
-73
-108
-160
-171
-128
-81
-81
-108
-115
-76
-37
-16
2
25
45
50
58
77
108
132
137
124
115
138
166
127
55
46
99
74
-7
-25
15
-8
-75
-103
-74
-42
-86
-116
-96
-50
-43
-76
-81
-40
25
63
77
101
159
210
223
223
242
262
245
228
224
231
232
181
116
69
55
29
-27
-63
-77
-72
-82
-114
-128
-108
-85
-102
-105
-78
-43
-40
-65
-81
-63
-45
-52
-66
-74
-71
-77
-86
-87
-85
-79
-89
-104
-94
-68
-57
-59
-71
-69
-49
-26
-21
-31
-32
-43
-57
-53
-34
-22
-32
-65
-92
-81
-71
-82
-98
-91
-77
-94
-120
-124
-131
-156
-186
-145
-13
89
72
17
41
107
139
139
173
241
266
240
243
305
333
275
198
165
155
149
147
126
73
8
-38
-62
-83
-102
-108
-120
-152
-171
-129
-91
-111
-135
-121
-75
-48
-29
-1
48
67
45
28
62
123
141
115
90
106
126
105
65
65
79
60
24
30
49
46
5
-33
-33
-1
12
-20
-24
3
31
45
39
46
56
51
49
67
108
129
120
110
115
130
146
127
98
98
113
118
101
96
94
80
39
18
34
56
52
12
-16
-15
-7
-23
-50
-58
-58
-62
-69
-79
-80
-86
-91
-105
-109
-94
-79
-79
-92
-91
-76
-53
-62
-57
-40
-22
-22
-38
-37
-24
-8
-15
-14
-13
-11
-15
-19
-22
-24
-25
-38
-46
-45
-47
-64
-61
-51
-55
-66
-94
-122
-149
-168
-190
-184
-111
-16
29
18
2
27
89
133
153
194
251
275
267
272
311
327
282
213
176
186
188
148
94
54
23
-28
-76
-92
-82
-93
-126
-141
-111
-66
-60
-78
-71
-51
-35
-19
13
42
61
50
26
33
62
84
80
71
81
101
99
72
57
66
64
46
34
38
57
50
20
5
12
5
-14
-20
-15
-14
-28
-52
-65
-57
-49
-11
44
85
107
102
99
97
119
135
141
167
170
160
154
151
126
89
69
53
46
45
38
34
14
-18
-47
-31
-3
-8
-28
-38
-32
-28
-40
-60
-57
-53
-65
-89
-80
-66
-68
-90
-103
-90
-78
-66
-67
-66
-53
-32
-21
-23
-23
-32
-41
-46
-34
-26
-17
-13
-21
-31
-39
-26
-34
-62
-72
-81
-80
-79
-87
-104
-120
-130
-149
-172
-184
-174
-119
-30
31
24
26
74
124
148
169
221
276
288
263
277
323
320
244
183
166
157
144
128
99
58
-1
-49
-65
-68
-59
-73
-102
-122
-109
-77
-72
-90
-92
-81
-78
-63
-32
9
18
0
-8
12
38
56
72
85
96
98
94
82
80
82
82
62
62
77
86
80
46
14
0
-11
-26
-23
-18
-23
-46
-52
-51
-70
-69
-60
-17
47
93
126
144
140
123
145
171
179
190
183
181
163
151
123
93
78
27
2
11
22
15
-19
-44
-55
-45
-48
-65
-62
-47
-65
-73
-68
-56
-60
-83
-102
-98
-70
-59
-64
-64
-71
-75
-67
-61
-51
-31
-10
-14
-17
-8
-8
-19
-28
-36
-26
-6
-11
-18
-30
-36
-51
-59
-61
-77
-73
-76
-75
-77
-72
-76
-98
-116
-127
-124
-129
-139
-95
11
83
69
44
63
112
146
163
197
255
277
249
243
267
282
240
179
148
138
144
136
98
53
-3
-46
-72
-85
-85
-88
-105
-140
-151
-126
-106
-114
-131
-127
-94
-64
-37
-14
16
24
9
4
29
65
92
103
107
121
136
123
93
82
82
69
52
38
43
36
2
-40
-62
-67
-76
-66
-42
-5
0
-29
-44
-30
3
27
23
36
77
107
106
103
109
111
104
90
104
134
145
108
74
62
60
49
31
21
10
0
-21
-35
-44
-66
-86
-96
-93
-79
-65
-69
-83
-88
-87
-86
-80
-68
-67
-64
-48
-36
-29
-30
-37
-37
-38
-33
-23
-8
-4
-9
-16
-22
-24
-34
-39
-39
-30
-29
-35
-38
-27
-32
-41
-44
-52
-49
-50
-34
-31
-37
-53
-67
-75
-78
-73
-88
-115
-147
-167
-130
-35
68
88
43
27
70
133
161
187
240
274
270
241
253
281
251
176
118
108
115
109
64
10
-42
-85
-117
-143
-143
-123
-121
-152
-185
-169
-126
-111
-117
-108
-71
-33
-11
17
59
82
74
58
66
104
142
160
139
121
122
112
80
59
68
64
36
1
-2
6
-14
-66
-105
-105
-81
-67
-68
-52
-33
-30
-43
-40
-12
25
51
69
99
134
160
153
136
135
137
137
136
143
139
121
86
52
32
15
-1
-19
-33
-52
-60
-71
-95
-112
-108
-99
-99
-96
-88
-80
-81
-89
-82
-61
-45
-36
-34
-29
-20
-6
3
-7
-9
1
11
8
4
9
14
3
-28
-38
-19
-2
-3
-16
-21
-22
-28
-34
-34
-28
-30
-38
-44
-40
-32
-35
-46
-47
-25
-10
-14
-33
-58
-73
-79
-91
-106
-67
35
130
146
95
80
120
169
191
200
252
296
278
230
211
221
201
124
61
56
71
55
8
-54
-101
-137
-163
-166
-150
-111
-88
-113
-132
-111
-74
-57
-53
-23
27
60
76
96
106
106
91
83
98
121
158
159
123
78
65
68
43
19
31
39
10
-26
-40
-42
-60
-108
-135
-121
-82
-55
-51
-57
-33
-6
2
16
49
85
109
131
151
172
191
176
150
140
146
151
145
123
89
60
29
-5
-26
-30
-41
-66
-86
-89
-86
-97
-117
-132
-106
-75
-74
-70
-59
-52
-57
-61
-47
-21
6
8
-5
-12
-8
5
2
-6
-10
4
22
12
-7
-9
-17
-33
-51
-49
-24
-20
-41
-57
-53
-41
-41
-54
-62
-64
-73
-71
-63
-56
-58
-56
-40
-19
2
10
1
-34
-62
-71
-74
-93
-123
-110
-4
139
168
79
6
40
119
161
186
243
294
255
167
144
190
192
113
42
42
80
71
-1
-83
-143
-174
-177
-152
-106
-69
-84
-135
-174
-139
-63
-21
-19
-5
40
79
91
80
78
81
73
86
113
143
153
114
46
5
19
42
23
-12
-12
-19
-63
-107
-114
-97
-110
-137
-134
-94
-58
-64
-96
-107
-84
-64
-41
-9
41
103
118
122
141
181
212
217
204
200
215
199
144
93
79
59
24
-28
-48
-68
-98
-138
-160
-148
-135
-123
-129
-109
-68
-22
-2
2
20
45
61
66
78
79
61
29
-1
-28
-34
-36
-71
-116
-131
-113
-98
-95
-93
-82
-66
-63
-56
-32
-4
10
5
4
7
9
2
-21
-32
-33
-27
-41
-62
-70
-79
-82
-79
-67
-44
-35
-56
-83
-98
-95
-98
-102
-115
-101
15
183
253
157
53
92
209
280
272
282
315
278
167
98
126
137
42
-58
-58
1
-6
-108
-195
-216
-175
-123
-62
1
27
16
-13
-1
69
160
194
163
141
168
203
173
103
51
28
15
5
-3
-18
-64
-146
-218
-217
-145
-90
-119
-173
-155
-97
-89
-103
-62
0
21
3
34
118
144
89
27
32
87
120
98
58
21
-12
-46
-66
-55
-13
22
13
-8
4
41
51
38
47
93
152
155
116
88
78
60
35
46
72
66
6
-62
-79
-52
-28
-40
-47
-41
-40
-53
-64
-69
-62
-48
-51
-45
-44
-49
-73
-103
-115
-97
-55
-29
-42
-77
-90
-84
-78
-63
-58
-39
-37
-59
-69
-61
-63
-88
-108
-97
-72
-62
-67
-80
-94
-108
-95
-69
-41
-19
-18
-33
-58
-63
-50
-23
-4
-12
-29
-37
-55
-87
-126
-74
96
248
189
13
-21
113
223
196
153
185
220
150
38
40
101
49
-78
-91
10
56
-35
-144
-160
-95
-28
19
58
87
66
20
20
68
139
156
98
44
59
92
56
-38
-90
-70
-42
-46
-75
-113
-150
-185
-194
-130
-34
6
-55
-131
-99
7
60
23
4
56
88
52
27
63
64
-8
-68
-31
46
33
-54
-130
-129
-101
-80
-72
-64
-62
-78
-51
22
96
125
95
68
95
170
215
181
118
76
77
63
35
1
-30
-49
-85
-92
-79
-77
-96
-116
-84
-35
3
-6
-34
-23
-4
12
15
6
-13
-48
-66
-60
-60
-87
-125
-135
-115
-110
-126
-145
-144
-135
-121
-91
-58
-43
-62
-81
-73
-45
-27
-20
-27
-32
-38
-52
-64
-67
-62
-45
-40
-34
-36
-46
-63
-73
-63
-36
-9
-7
-13
-18
-21
-30
-62
-87
-91
-92
-106
-76
51
170
119
-54
-75
86
230
206
112
125
173
141
50
28
74
53
-15
-21
52
48
-70
-162
-125
-10
52
50
17
-14
-23
-3
40
87
98
73
47
53
70
64
14
-39
-27
31
58
5
-67
-116
-124
-91
-43
-5
1
-17
-56
-85
-50
18
29
-14
-13
51
71
1
-70
-49
4
9
-11
-4
-3
-68
-140
-136
-62
-10
-19
-37
-25
0
-6
-20
9
57
88
97
96
82
65
51
40
49
78
80
38
-26
-56
-52
-35
-33
-33
-28
-23
-30
-47
-44
-25
-7
12
32
44
34
-3
-35
-35
-24
-25
-34
-42
-60
-98
-141
-139
-103
-84
-90
-93
-75
-70
-90
-102
-75
-27
-5
-15
-33
-45
-54
-66
-69
-46
-29
-37
-66
-82
-83
-74
-73
-62
-37
-21
-31
-67
-77
-62
-42
-22
-20
-24
-29
-50
-57
-58
-64
-62
-41
-29
-37
-73
-116
-133
-130
-68
69
182
149
3
-38
103
233
200
118
151
224
196
84
14
22
13
-7
10
51
24
-103
-185
-126
6
69
49
29
28
54
85
98
103
124
152
155
136
106
56
-3
-27
-2
43
33
-46
-124
-155
-137
-110
-98
-80
-53
-25
-21
-50
-49
-7
33
42
65
100
78
-4
-58
-17
42
30
-20
-46
-55
-76
-111
-110
-86
-56
-25
-2
8
4
-4
16
64
109
139
141
122
92
81
87
89
86
87
84
60
19
-17
-29
-18
-3
7
16
3
-19
-33
-21
-11
-3
17
29
34
14
-16
-30
-21
-17
-38
-46
-45
-52
-89
-112
-85
-64
-67
-90
-99
-78
-73
-91
-91
-62
-30
-26
-32
-39
-39
-50
-53
-32
-19
-25
-47
-67
-66
-59
-54
-46
-38
-26
-11
-23
-34
-34
-16
7
25
33
41
32
14
5
12
30
23
21
20
10
-15
-43
-63
-61
-62
-75
-87
-38
62
116
68
-15
15
142
207
148
105
159
197
149
79
77
78
56
45
62
53
-27
-88
-73
1
52
39
10
12
27
52
73
84
87
91
108
111
102
75
40
18
20
43
37
-16
-67
-80
-76
-77
-76
-68
-54
-26
-7
-31
-56
-33
27
56
44
40
52
44
10
7
48
62
31
2
10
9
-10
-11
0
11
13
32
41
28
15
22
49
72
75
74
64
51
57
61
57
52
64
73
74
53
24
16
35
49
36
29
25
15
-1
5
24
33
30
24
18
12
-12
-29
-28
-10
-10
-38
-55
-57
-67
-94
-101
-79
-55
-60
-78
-74
-67
-75
-82
-59
-17
12
2
-20
-29
-19
-8
-2
2
12
14
4
-12
-32
-30
-20
-1
15
30
41
21
-8
-4
24
36
30
32
42
40
11
-12
-7
3
5
-7
-8
-8
-25
-47
-31
-12
-19
-42
-50
-37
-34
-47
-56
-29
34
97
102
49
33
93
147
126
112
155
183
138
71
53
56
45
43
62
55
7
-34
-38
-6
20
21
27
55
72
69
44
38
56
86
119
119
97
68
53
50
46
54
55
32
3
-6
-12
-30
-36
-19
9
28
32
9
-21
-25
7
35
32
25
32
28
11
-2
3
7
-5
-4
10
25
21
-6
-13
8
49
65
49
33
38
47
48
44
53
56
58
55
46
33
28
35
37
48
69
69
42
32
42
45
37
30
29
34
31
17
0
-3
2
3
-6
-11
-18
-27
-40
-43
-35
-38
-47
-39
-16
-11
-20
-16
-8
2
12
8
5
0
-5
-17
-33
-31
-29
-38
-44
-46
-49
-52
-46
-39
-36
-40
-34
-29
-22
-16
-13
-6
-3
6
8
3
2
12
12
8
3
0
1
-7
-4
-4
0
-2
-7
-14
-13
-12
-7
5
9
17
18
20
11
2
-6
-13
-12
-18
-27
-35
-26
5
37
41
12
21
79
106
75
71
118
148
107
63
68
77
67
61
78
63
17
-10
4
20
13
0
-2
21
48
50
32
23
36
58
66
67
66
53
35
25
30
23
13
6
-3
2
5
-19
-43
-32
-2
19
12
-6
-25
-11
18
26
18
20
33
37
25
19
24
17
9
21
33
16
-10
-13
4
4
-1
0
4
1
3
4
-7
-17
-7
19
29
30
22
14
31
56
60
52
48
61
66
54
38
43
46
39
29
15
19
5
-12
-20
-14
-11
-18
-39
-45
-34
-36
-51
-53
-32
-17
-21
-37
-46
-39
-25
-17
-16
-26
-20
-22
-30
-39
-35
-22
-19
-8
-5
-12
-23
-29
-18
2
8
-2
-5
3
3
-1
3
10
18
18
13
1
-15
-22
-21
-16
-8
-4
-12
-24
-29
-17
-11
-5
1
10
19
12
-6
-4
1
6
14
8
8
5
-4
-13
-15
-9
-10
-16
-15
-14
-21
-37
-39
-26
9
29
22
16
27
51
51
37
47
76
83
59
42
45
45
43
52
65
62
47
44
46
45
42
43
53
52
51
46
40
32
25
34
36
33
29
20
13
2
-1
-3
-4
1
7
6
-6
-8
-11
-10
-1
9
10
1
-12
-15
-15
-15
-17
-9
-3
-13
-18
-10
-7
-4
11
24
30
30
23
31
25
27
32
39
30
32
32
18
16
16
20
8
2
2
5
2
-7
-8
-5
-1
-1
0
6
11
17
20
17
20
27
24
19
16
18
19
10
8
2
-2
-6
-2
2
-1
-4
-12
-10
-11
-14
-17
-13
-11
-14
-11
-16
-25
-23
-27
-35
-37
-28
-30
-35
-39
-45
-38
-33
-29
-26
-17
-21
-25
-21
-8
-3
-7
-6
0
9
12
8
3
1
2
3
5
9
9
-6
-14
-8
-5
-4
-6
-3
-7
-4
-4
-6
1
11
22
19
22
23
25
18
23
28
18
9
7
8
-3
-15
-18
-13
-16
-11
-5
4
10
14
16
16
23
27
39
49
40
25
18
17
19
24
23
14
0
-5
12
21
15
7
12
20
25
36
44
41
36
37
39
44
47
49
49
44
39
33
30
22
19
27
21
16
12
10
6
7
8
7
3
4
7
-1
-6
-7
-7
2
-2
-10
-14
-15
-13
-14
-15
-17
-11
-10
-6
-4
-8
-1
-5
-5
-3
2
10
6
9
9
6
-2
0
7
7
9
0
-1
-1
-6
-11
-13
-11
-8
-5
-2
-1
3
8
13
17
23
31
21
20
22
25
20
10
7
6
4
-4
-11
-16
-17
-20
-25
-26
-35
-40
-45
-47
-48
-51
-46
-46
-43
-44
-42
-39
-41
-42
-39
-35
-37
-43
-40
-41
-38
-36
-42
-42
-40
-31
-27
-22
-29
-24
-21
-27
-21
-19
-13
-11
-12
-10
-11
-2
-2
-3
0
-10
-12
-13
-14
-10
-12
-10
-11
-8
-8
-10
-7
-12
-13
-8
-5
-3
-5
-18
-22
-18
-15
-16
-23
-27
-31
-27
-30
-37
-42
-42
-30
-21
-19
-18
-16
-11
-6
8
21
28
31
29
34
39
34
34
34
40
39
38
34
20
21
28
29
23
22
29
28
33
32
30
39
40
40
39
38
36
30
24
17
16
12
4
-4
-7
-12
-16
-22
-25
-24
-28
-32
-40
-43
-48
-46
-46
-49
-38
-33
-32
-31
-30
-24
-16
-19
-17
-9
-6
-4
-5
-1
5
4
1
1
1
-3
-3
-10
-10
-8
-7
-12
-8
-9
-11
-9
-4
4
5
4
10
14
19
20
14
20
23
23
20
18
19
19
14
7
4
6
10
3
-4
-12
-17
-20
-27
-32
-35
-34
-43
-48
-52
-58
-56
-52
-54
-53
-51
-55
-53
-56
-51
-49
-46
-44
-49
-50
-43
-40
-33
-32
-31
-31
-34
-39
-40
-31
-28
-27
-25
-26
-31
-36
-29
-22
-23
-25
-23
-19
-18
-22
-20
-20
-21
-24
-23
-23
-24
-27
-25
-24
-25
-19
-16
-13
-19
-15
-13
-12
-18
-20
-7
-3
-9
-10
-15
-14
-9
-9
-8
-8
-7
-12
-11
-10
-16
-20
-16
-15
-13
-17
-17
-16
-17
-11
-10
0
5
4
5
6
11
11
19
24
25
22
22
30
33
27
24
30
28
17
16
14
10
6
2
0
-2
-4
-10
-12
-15
-16
-15
-16
-17
-24
-29
-27
-31
-33
-33
-30
-28
-32
-28
-25
-26
-27
-25
-24
-23
-27
-24
-31
-30
-29
-28
-26
-28
-28
-30
-35
-35
-31
-30
-34
-42
-38
-39
-40
-38
-39
-32
-34
-38
-38
-38
-32
-29
-31
-27
-22
-18
-18
-19
-19
-18
-20
-15
-10
-11
-10
-11
-17
-15
-11
-14
-13
-11
-15
-14
-18
-20
-21
-19
-24
-24
-24
-27
-31
-37
-40
-37
-37
-40
-44
-44
-44
-49
-48
-40
-42
-42
-46
-48
-42
-38
-36
-38
-39
-36
-29
-29
-28
-28
-30
-25
-23
-24
-25
-19
-19
-22
-24
-21
-21
-21
-17
-22
-27
-33
-34
-33
-31
-24
-23
-19
-19
-19
-15
-15
-17
-11
-12
-2
-6
-4
0
0
2
-2
0
-4
-5
-8
-11
-5
-4
-5
-1
-2
2
3
3
5
1
5
8
11
13
6
11
12
12
14
12
9
8
6
-1
-6
-7
-11
-7
-3
-10
-13
-21
-19
-22
-26
-23
-25
-23
-23
-28
-28
-29
-31
-36
-33
-32
-36
-36
-38
-40
-44
-46
-42
-38
-39
-43
-44
-43
-42
-44
-40
-36
-35
-29
-36
-33
-30
-34
-31
-27
-22
-21
-21
-26
-27
-24
-23
-21
-19
-18
-23
-23
-20
-17
-12
-16
-18
-20
-22
-16
-23
-27
-28
-34
-28
-30
-37
-37
-34
-32
-35
-27
-26
-26
-29
-25
-17
-16
-21
-21
-18
-19
-24
-30
-29
-32
-34
-41
-42
-41
-42
-45
-44
-44
-48
-49
-44
-46
-45
-40
-39
-37
-45
-40
-42
-43
-42
-42
-37
-39
-33
-30
-33
-32
-31
-28
-19
-22
-19
-19
-21
-19
-8
-4
-9
-9
-15
-10
-9
-10
-12
-7
-6
-10
-12
-12
-7
-15
-11
-12
-8
-6
-9
-9
-8
-8
-5
-7
-9
-2
0
1
-5
-6
-8
-3
-3
-4
-9
-8
-10
-14
-13
-11
-10
-18
-17
-15
-10
-13
-12
-21
-16
-21
-21
-17
-20
-15
-16
-14
-12
-12
-13
-13
-11
-5
-4
-5
-11
-12
-15
-16
-9
-7
-10
-10
-19
-18
-20
-25
-20
-27
-21
-25
-31
-27
-31
-28
-27
-27
-22
-21
-23
-28
-36
-35
-30
-30
-30
-32
-32
-28
-33
-38
-37
-35
-33
-33
-27
-26
-32
-29
-28
-20
-20
-23
-23
-12
-18
-21
-18
-17
-14
-21
-24
-24
-23
-28
-29
-31
-26
-20
-20
-15
-21
-21
-19
-18
-21
-16
-18
-19
-19
-19
-22
-24
-22
-22
-20
-22
-20
-21
-15
-17
-17
-15
-22
-23
-16
-13
-21
-26
-21
-18
-17
-20
-24
-25
-26
-27
-31
-28
-29
-22
-25
-25
-25
-24
-22
-15
-15
-17
-16
-18
-17
-14
-11
-9
-4
-4
-6
-8
-7
-6
-6
-4
-3
-10
-10
-10
-9
-12
-14
-7
-4
-9
-6
-5
-3
-3
0
6
3
3
-4
1
-3
-3
-5
-3
6
5
4
-2
-2
-1
1
2
3
6
1
-2
-3
5
0
-9
-8
-10
-9
-13
-13
-19
-19
-17
-16
-16
-23
-25
-24
-20
-21
-22
-25
-26
-22
-20
-25
-21
-17
-19
-17
-19
-18
-17
-17
-18
-15
-15
-19
-15
-14
-17
-14
-16
-15
-13
-12
-15
-16
-14
-21
-23
-25
-24
-23
-26
-26
-25
-27
-26
-22
-19
-18
-16
-20
-12
-9
-9
-11
-8
-13
-17
-12
-10
-9
-13
-9
-10
-13
-16
-11
-18
-18
-18
-20
-21
-19
-20
-21
-17
-22
-19
-14
-17
-14
-14
-17
-15
-16
-14
-20
-20
-21
-23
-21
-27
-24
-25
-30
-27
-26
-24
-27
-31
-28
-26
-29
-27
-28
-27
-24
-25
-24
-23
-23
-17
-18
-17
-14
-15
-15
-13
-8
-12
-15
-14
-11
-7
-10
-11
-12
-8
-5
-2
-3
0
-3
-4
4
2
0
-6
-2
-1
-4
-2
-6
-7
-6
-6
-12
-10
-7
-12
-14
-15
-19
-18
-23
-22
-20
-23
-23
-25
-25
-24
-23
-23
-17
-15
-14
-14
-10
-8
-12
-9
-8
-7
-6
-10
-13
-12
-17
-22
-21
-24
-17
-23
-22
-17
-26
-26
-23
-23
-21
-16
-17
-17
-18
-15
-13
-14
0
-3
-4
0
1
-1
-2
-5
-1
-2
-3
-4
-10
-9
-7
-10
-10
-15
-14
-13
-17
-16
-22
-24
-17
-18
-17
-14
-17
-11
-10
-13
-14
-12
-2
-5
-3
-10
-9
-8
-8
-12
-13
-8
-8
-8
-13
-13
-19
-16
-17
-13
-12
-9
-10
-15
-12
-13
-9
-9
-9
-11
-13
-18
-14
-18
-17
-13
-14
-15
-20
-16
-10
-11
-13
-11
-11
-10
-10
-11
-9
-3
-5
-7
-5
-1
-3
-5
-9
-4
-1
-7
-2
-7
-4
-4
-5
-5
-6
-3
-5
-8
-11
-10
-7
-10
-6
-10
-9
-6
-13
-15
-13
-15
-14
-14
-14
-13
-20
-21
-22
-26
-24
-25
-19
-18
-22
-21
-21
-13
-15
-10
-14
-15
-10
-8
-12
-15
-14
-18
-13
-17
-20
-23
-29
-30
-22
-22
-23
-23
-24
-23
-19
-18
-22
-20
-20
-18
-23
-26
-26
-22
-17
-21
-19
-22
-21
-18
-23
-23
-26
-24
-20
-22
-24
-24
-21
-20
-22
-21
-25
-24
-24
-20
-20
-20
-21
-28
-25
-26
-27
-29
-30
-29
-29
-28
-26
-25
-24
-22
-25
-20
-17
-17
-12
-17
-17
-18
-18
-20
-22
-22
-27
-24
-20
-21
-21
-23
-24
-23
-20
-22
-21
-19
-20
-18
-19
-17
-13
-12
-15
-16
-11
-12
-10
-9
-8
-5
-11
-7
-5
-3
-7
-6
-2
-7
-6
-7
-5
-9
-9
-5
-9
-6
-2
-2
-3
0
-7
-3
-8
-14
-8
-6
-5
-8
-16
-16
-14
-17
-16
-18
-16
-17
-18
-16
-15
-10
-11
-12
-10
-9
-7
-4
-5
-7
-4
-5
-8
-1
1
-3
-6
-6
-4
-6
-5
-6
-1
-9
-8
-5
-8
-7
-6
-8
-7
-6
-11
-5
-10
-12
-9
-11
-9
-10
-10
-11
-7
-10
-9
-5
-9
-12
-13
-12
-16
-18
-18
-15
-17
-16
-17
-16
-17
-17
-21
-23
-19
-22
-19
-16
-13
-10
-12
-9
-11
-8
-9
-13
-13
-12
-16
-17
-19
-25
-26
-23
-23
-23
-25
-22
-18
-22
-16
-19
-16
-14
-13
-15
-19
-9
-8
-11
-15
-15
-13
-12
-15
-19
-16
-17
-12
-13
-13
-13
-16
-14
-16
-7
-9
-8
-11
-8
-7
-9
-11
-9
-7
-13
-7
-3
-2
-4
-1
-4
-7
-12
-14
-12
-10
-10
-9
-9
-11
-8
-5
-3
-6
-4
0
1
3
3
5
6
6
6
5
1
1
1
1
3
0
-2
-7
-4
0
-2
-5
-6
-5
-9
-12
-12
-9
-12
-3
-3
-7
-6
-10
-9
-9
-6
-10
-12
-18
-24
-23
-19
-17
-16
-17
-16
-16
-17
-8
-11
-14
-12
-9
-10
-12
-10
-7
-10
-12
-11
-11
-9
-8
-8
-9
-10
-10
-11
-11
-6
-9
-6
-3
-4
-2
-4
-5
-5
-4
-5
-6
-2
-2
-6
-6
-9
-8
-5
-7
-8
-8
-12
-11
-11
-9
-4
-5
-6
-5
-8
-5
-5
-5
-8
-8
-4
-10
-10
-7
-9
-13
-15
-22
-23
-22
-23
-22
-17
-20
-18
-13
-13
-13
-11
-10
-13
-9
-10
-10
-12
-10
-8
-12
-9
-11
-14
-15
-9
-9
-6
-3
-1
-4
-3
-2
-2
-2
-1
6
5
6
7
10
9
9
11
10
12
9
13
10
7
11
8
8
10
13
11
9
9
10
10
10
7
9
6
9
9
7
5
10
10
7
6
9
6
2
3
3
3
-2
2
-3
-4
-2
1
-2
-2
1
-3
2
-3
1
1
4
4
4
1
-2
1
0
1
-1
1
2
0
2
1
1
0
4
0
1
2
3
3
6
9
12
13
10
13
10
13
13
13
9
3
5
6
10
7
0
3
0
-4
0
-7
-5
-3
-3
-4
-7
-1
-4
-7
-5
-11
-9
-7
-3
-1
-5
-8
-6
-8
-12
-8
-8
-9
-8
-10
-12
-13
-16
-15
-12
-10
-8
-9
-8
-7
-5
-5
-3
-5
-4
-6
-3
-4
-5
-2
-4
-1
-1
-2
-4
-4
-5
-6
-1
-1
-7
-4
-3
0
-1
-1
3
0
2
0
0
-3
-2
-1
-3
-2
-1
-1
-3
-2
0
-1
2
6
3
4
2
2
1
-2
-4
-1
-1
3
0
4
6
4
2
3
4
6
9
3
4
4
8
7
7
10
10
12
8
9
10
8
7
9
11
13
11
10
5
9
14
9
9
13
11
10
8
10
8
3
-1
-3
1
1
5
2
3
4
4
3
3
9
5
7
10
7
4
5
6
5
11
7
6
3
3
3
2
2
2
0
0
2
3
6
6
5
6
3
5
2
4
7
3
7
7
6
7
6
4
1
4
0
-1
2
6
4
0
-1
4
2
3
5
-2
4
3
4
-2
-6
-3
-11
-6
-7
-11
-8
-8
-13
-9
-9
-5
-5
-3
-4
-8
-9
-11
-4
-8
-4
-3
0
1
-3
-3
-5
-6
-3
-4
-3
-1
-2
-4
0
-2
-3
2
1
6
5
8
9
7
3
7
8
7
9
13
15
13
14
17
14
14
18
13
15
16
13
17
17
13
19
19
19
17
13
17
13
13
15
16
12
14
17
19
17
18
18
15
14
14
17
19
16
15
15
12
13
15
14
9
12
10
11
15
20
21
24
25
21
21
20
19
15
18
17
13
15
15
15
16
15
11
15
12
9
9
9
5
3
5
6
9
5
4
3
2
-1
1
-2
-2
1
-3
0
-2
0
-1
2
4
4
7
4
8
7
5
3
-1
-2
-1
-1
1
5
7
4
5
6
3
5
5
8
7
4
6
8
8
4
8
5
4
8
7
4
5
5
5
0
-1
0
2
4
2
0
-1
0
-2
-6
-7
-5
-6
-4
-4
-1
-4
-7
-1
-1
-2
2
4
6
5
1
1
1
4
8
8
4
7
7
6
8
11
9
10
14
17
18
13
14
16
16
12
13
11
10
6
3
7
4
4
5
2
1
0
2
3
8
10
16
16
14
15
16
18
15
21
23
22
20
16
18
18
20
17
15
13
12
13
10
7
11
12
14
10
11
13
12
11
7
10
13
20
15
15
12
14
20
20
17
17
18
15
19
21
19
21
18
19
20
16
19
16
10
16
11
9
6
5
7
7
9
-1
4
4
-2
0
0
-1
2
-1
-2
1
1
3
-1
-3
-3
-5
-1
0
3
3
4
3
4
4
1
0
2
1
-2
-1
-2
-2
-8
-6
-4
-7
-7
-5
-7
-9
-9
-10
-10
-10
-10
-10
-4
-7
-6
-7
-11
-7
-8
-10
-10
-10
-8
-9
-12
-8
-8
-8
-2
-3
-8
-7
-6
-7
-7
-10
-10
-12
-10
-7
-4
-2
-3
0
-2
2
-3
-5
-5
-7
-2
-1
2
-2
1
4
5
6
7
13
11
11
12
10
15
14
12
12
17
13
10
9
7
10
10
13
15
13
12
11
9
12
14
15
15
15
11
12
10
10
11
11
14
11
14
15
17
23
28
30
29
28
27
24
24
26
25
20
19
18
16
19
19
19
18
16
20
12
16
18
17
21
19
17
15
12
13
14
10
9
7
7
8
6
6
7
4
3
3
2
4
3
4
5
4
4
6
3
3
5
4
4
6
5
7
5
1
8
3
3
2
1
1
1
3
5
4
4
1
-1
5
2
2
7
3
2
2
0
3
5
3
3
2
2
-3
-2
-4
-4
-4
-9
-14
-16
-15
-15
-19
-20
-16
-18
-17
-16
-16
-17
-15
-12
-13
-15
-13
-9
-12
-11
-13
-12
-12
-7
-11
-13
-7
-3
-2
-6
-6
-3
-5
-5
-5
-2
4
0
1
-1
-1
-3
-6
-7
-11
-11
-10
-11
-14
-9
-11
-8
-9
-11
-4
-2
2
3
4
3
8
7
5
5
4
9
6
7
5
2
-2
-4
-2
-4
-2
-1
-2
-2
2
1
4
5
8
11
11
16
13
10
11
15
12
11
11
14
13
10
13
12
13
16
12
12
13
12
9
10
11
12
11
13
13
10
3
2
3
-1
3
-2
-3
-2
-1
2
-2
-3
-5
-5
-7
-5
-4
-8
-7
-4
-3
-4
-3
-2
0
0
-3
-7
-8
-4
-5
-7
-7
-11
-13
-9
-11
-7
-7
-10
-8
-9
-5
-6
-11
-9
-4
-11
-12
-13
-11
-7
-10
-10
-7
-8
-9
-8
-9
-5
-7
-10
-14
-13
-13
-14
-12
-9
-9
-9
-6
-7
-9
-10
-7
-7
-8
-8
-8
-7
-10
-7
-8
-7
-2
-5
-6
-7
-6
-2
-4
-6
-3
5
10
6
6
10
12
11
9
12
13
10
11
14
13
15
11
13
14
14
16
14
14
7
8
8
8
11
9
8
12
9
14
15
12
15
18
19
15
18
17
16
16
20
24
24
22
22
23
25
24
21
21
19
24
21
23
20
17
19
16
21
22
18
18
11
13
13
5
4
8
8
8
9
10
7
3
7
2
6
4
0
0
-4
-5
0
-4
-4
-4
-10
-4
-7
-7
-7
-2
-6
-9
-9
-9
-10
-9
-6
-12
-7
-9
-10
-7
-9
-9
-8
-4
-4
-4
-4
-9
-8
-3
-8
-6
-8
-8
-6
-10
-9
-11
-12
-17
-18
-21
-19
-20
-18
-16
