16
18
17
14
15
16
15
14
16
17
12
15
17
17
15
17
14
11
13
14
12
15
17
14
16
13
14
15
15
12
8
11
9
10
9
9
6
5
4
5
3
4
-3
-3
0
-5
-3
-4
0
0
-5
-1
-2
-5
-8
-14
-14
-11
-10
-12
-17
-22
-19
-21
-22
-23
-24
-17
-18
-19
-18
-20
-20
-23
-24
-26
-24
-19
-24
-24
-23
-22
-21
-25
-25
-24
-22
-16
-12
-20
-22
-19
-13
-13
-15
-12
-8
-11
-9
-9
-10
-8
-7
-10
-10
-8
-11
-11
-7
-3
-12
-7
-1
-4
-7
-5
-7
-5
-5
-5
-3
-7
-4
-4
-8
-6
-6
-6
-4
-5
-3
-5
-3
1
-1
-1
2
5
0
3
9
8
5
7
5
5
6
8
8
9
6
2
5
5
6
9
5
6
7
4
6
6
10
8
7
11
6
8
8
6
5
9
9
14
10
6
11
10
9
9
6
10
7
8
7
4
7
5
7
9
3
4
6
10
10
4
-1
4
5
-2
0
-3
-5
-8
-7
-3
-7
-4
-7
-6
-2
1
-4
1
0
-3
0
-3
-4
-5
-3
-3
-3
-1
-5
-6
-1
-1
-7
-6
-4
-2
2
1
2
-1
4
1
0
-4
-4
-1
-3
-6
-7
-7
-10
-7
-11
-9
-14
-11
-14
-15
-7
-8
-10
-14
-7
-15
-12
-10
-13
-7
-10
-14
-15
-12
-14
-16
-13
-12
-13
-12
-14
-16
-14
-17
-17
-17
-13
-12
-17
-21
-19
-16
-20
-19
-22
-23
-21
-21
-19
-18
-20
-18
-20
-19
-20
-20
-20
-24
-24
-21
-19
-19
-18
-15
-15
-12
-20
-16
-15
-15
-10
-12
-11
-9
-8
-4
3
1
1
2
-1
0
-4
-3
-1
0
-2
-6
-3
-6
-3
0
-4
-4
-4
-4
-7
-2
-2
-1
-4
-8
-1
-1
-3
0
-2
-7
-5
-5
-4
-4
-5
-4
-1
-1
-3
1
2
2
4
3
3
7
4
6
6
6
2
6
5
4
6
4
2
-1
-3
-5
-4
-6
-8
-12
-10
-7
-9
-9
-5
-7
-7
-5
-9
-9
-13
-12
-17
-18
-19
-22
-18
-22
-20
-22
-24
-19
-21
-24
-18
-18
-16
-15
-17
-18
-19
-19
-23
-18
-16
-15
-15
-16
-19
-17
-18
-14
-14
-15
-14
-18
-14
-18
-17
-17
-22
-20
-20
-23
-26
-20
-21
-20
-19
-16
-13
-18
-13
-18
-22
-19
-19
-17
-19
-21
-20
-23
-25
-21
-16
-19
-17
-19
-20
-15
-19
-14
-12
-13
-11
-15
-16
-12
-12
-15
-18
-20
-18
-16
-20
-21
-20
-14
-14
-15
-18
-12
-14
-16
-12
-16
-13
-13
-8
-6
-5
-5
-5
-3
2
2
5
8
9
11
9
7
7
6
9
6
-2
-3
0
1
3
-2
1
-4
-1
2
0
0
1
5
4
5
3
1
8
2
-1
-4
-1
-4
-1
-2
-5
-1
-6
-1
-6
-3
-3
-4
-7
-8
-11
-15
-12
-12
-9
-7
-9
-9
-8
-6
-5
-3
-11
-10
-10
-12
-11
-12
-13
-15
-11
-7
-9
-11
-10
-9
-9
-5
-3
1
1
5
7
4
6
6
7
3
2
5
0
1
-1
-4
-8
-14
-9
-9
-7
-10
-15
-13
-13
-14
-7
-12
-12
-9
-7
-9
-8
-6
-10
-7
-8
-10
-8
-3
-6
-4
-2
-3
-1
-1
-5
-6
-2
-6
-3
-5
-1
2
3
6
2
6
7
4
8
5
5
8
7
7
7
4
1
-1
-3
-2
-1
-3
-7
-11
-2
1
-3
0
-1
-1
-1
8
2
7
7
7
7
9
7
6
11
4
5
8
12
9
10
8
8
10
8
8
9
10
7
10
9
8
11
8
6
4
-1
0
-1
-6
-4
-2
-5
-5
-3
-1
-2
1
3
1
-3
-5
-1
-2
-3
-5
-3
-5
-7
-8
-11
-8
-6
-1
-1
-3
-9
-9
-3
1
4
-3
-3
-4
-3
-1
3
3
1
4
2
2
1
3
0
-5
-9
-5
-7
-8
-8
-10
-12
-16
-12
-12
-15
-12
-13
-19
-13
-12
-10
-10
-5
-6
-6
-8
-7
-5
-7
-4
-3
-6
-8
-5
-7
-3
-4
-6
-8
-9
-5
-4
-3
1
2
0
-1
-2
0
-2
-2
-2
-3
0
-1
1
2
5
10
15
17
18
19
14
14
15
11
10
10
2
4
3
6
3
0
0
-3
-1
-3
0
-4
-2
-5
-11
-4
-2
1
-2
4
1
4
10
8
7
14
18
13
15
14
17
17
12
15
10
11
7
7
5
5
5
5
5
-1
3
5
5
3
5
5
3
4
2
0
-1
-2
0
1
2
-4
0
-2
-3
3
1
-2
6
7
5
-3
-9
-9
-13
-12
-11
-9
-9
-10
-9
-6
-4
-5
-4
1
4
5
8
9
9
7
10
12
10
9
10
11
8
9
9
9
7
7
7
12
6
4
6
5
7
9
11
6
13
9
8
12
8
3
6
14
12
14
15
11
10
12
16
17
12
10
9
6
5
4
10
9
5
4
5
11
13
11
10
9
9
8
9
7
5
10
10
5
14
11
11
11
12
11
10
16
14
9
10
7
5
7
6
6
9
5
7
8
7
9
9
8
7
11
4
5
10
13
13
13
17
17
19
19
19
16
12
7
4
1
3
4
6
4
7
5
8
5
3
6
7
5
5
3
5
7
9
9
8
11
7
11
6
7
6
7
3
-1
-3
-1
-5
-3
-8
-12
-11
-18
-14
-13
-14
-9
-15
-16
-6
-11
-13
-9
-6
-5
-7
-1
1
-2
-1
-2
-3
0
0
2
-2
-2
0
1
2
0
4
4
1
-3
1
-2
-1
-3
0
0
-1
6
-1
-2
2
0
-2
1
4
1
2
0
-2
5
-2
0
1
2
0
-3
-2
-5
-8
-8
-6
-10
-9
-9
-7
-6
-3
0
-6
3
-1
3
2
1
5
5
5
4
6
5
4
2
3
1
3
5
5
2
3
4
1
6
-1
3
3
0
3
-2
-1
-1
4
2
-2
3
2
2
3
8
8
7
9
8
5
2
6
5
6
8
9
5
7
8
7
8
5
7
5
7
3
7
7
7
6
13
13
14
12
13
14
13
16
12
14
8
9
5
4
3
-1
-6
-9
-5
-8
-9
-10
-7
-12
-9
-9
-10
-4
-7
-7
-4
-6
-9
-9
-12
-15
-18
-10
-5
-8
-3
-10
-9
-7
-8
-5
-2
-1
-3
-3
-3
-2
-2
-3
-6
-6
1
0
-2
-1
-2
3
2
1
6
3
3
1
6
10
1
7
4
2
0
-1
3
2
2
4
8
6
6
2
4
7
10
12
11
11
8
11
11
10
10
9
12
9
6
7
7
4
4
2
0
3
1
2
5
8
8
8
6
6
9
7
14
11
7
9
6
3
-1
1
-1
2
5
5
1
3
1
-5
4
6
5
6
5
11
9
7
10
8
8
6
6
9
5
5
4
0
5
-3
2
6
5
8
6
4
7
8
6
7
2
5
9
14
11
11
6
1
5
-1
-3
-3
-6
-13
-11
-9
-13
-16
-15
-14
-10
-9
-6
-6
-7
-5
-9
-9
-6
-5
-4
-2
-5
-9
-9
-9
-5
-8
-7
-7
-10
-8
-9
-3
-5
-6
-10
-10
-10
-14
-14
-12
-14
-15
-14
-12
-15
-16
-14
-13
-15
-19
-17
-18
-11
-13
-19
-13
-13
-12
-11
-10
-8
-13
-9
-11
-11
-10
-8
-8
-8
-7
-2
-1
-4
-4
-4
-1
-5
-2
0
-1
-5
-5
-4
-5
-4
-3
-4
-3
-3
-4
1
2
3
5
3
2
6
3
2
2
2
3
4
8
6
1
-2
2
3
4
4
3
0
0
2
4
1
3
3
1
1
-1
3
6
2
1
3
0
-1
5
6
3
1
4
10
8
6
7
9
7
9
12
8
8
10
8
13
7
6
9
8
8
4
4
2
6
6
10
15
16
12
12
18
23
20
19
19
18
18
18
17
17
15
14
12
12
15
10
12
11
9
8
9
7
11
10
11
9
8
10
10
16
12
8
8
9
10
3
5
4
-1
0
-2
-1
1
2
-3
-3
-2
-3
-4
-5
-5
-4
-6
-7
-4
-6
-6
-9
-9
-6
-12
-13
-13
-15
-11
-10
-14
-16
-17
-12
-13
-16
-12
-8
-7
-5
-2
0
2
0
-1
0
-2
0
2
2
1
1
3
1
5
11
11
14
10
12
14
14
15
14
10
10
11
10
5
4
9
7
7
6
5
7
7
7
7
6
10
10
4
2
2
1
6
0
0
3
4
5
6
8
10
7
7
5
2
9
8
8
4
0
6
8
6
9
8
8
10
10
15
13
12
11
10
11
13
12
15
13
8
13
15
13
18
19
13
13
15
22
17
12
14
12
10
13
10
7
10
8
4
6
7
7
3
4
12
7
7
12
11
12
12
13
14
10
6
3
7
10
8
4
0
6
3
1
5
7
5
2
-2
-6
-12
-13
-13
-16
-19
-20
-18
-17
-13
-14
-12
-15
-11
-13
-17
-16
-17
-19
-21
-25
-25
-25
-26
-20
-23
-26
-26
-23
-23
-21
-21
-23
-26
-25
-28
-24
-25
-26
-22
-24
-27
-27
-25
-23
-24
-25
-26
-24
-16
-20
-21
-17
-12
-16
-14
-13
-9
-7
-11
-9
-7
-11
-13
-14
-13
-13
-11
-12
-13
-7
-8
-6
-4
-2
-1
0
-3
-4
-6
-4
-5
-4
-3
2
6
8
12
12
12
10
15
19
21
22
22
26
22
24
25
24
31
38
35
34
40
40
43
47
45
45
37
34
33
40
39
41
43
40
41
40
44
45
42
39
41
39
33
34
33
33
28
30
28
27
29
22
25
24
18
18
15
16
16
13
7
2
1
3
0
-4
-5
-12
-13
-14
-18
-20
-28
-28
-27
-38
-42
-44
-46
-50
-48
-51
-51
-50
-50
-49
-52
-54
-52
-53
-49
-52
-55
-52
-49
-47
-45
-43
-48
-48
-50
-55
-60
-57
-59
-64
-66
-69
-69
-68
-61
-59
-52
-48
-44
-42
-43
-39
-39
-40
-41
-42
-47
-49
-49
-49
-50
-46
-48
-45
-51
-50
-50
-53
-50
-44
-32
-15
10
25
40
49
64
84
104
121
125
121
122
117
114
119
125
123
119
113
108
111
118
125
118
106
93
80
70
64
61
44
23
9
8
8
4
7
6
6
4
6
15
19
22
18
9
11
12
14
22
18
14
14
19
33
41
46
41
40
38
37
42
38
37
26
20
17
16
15
10
5
-1
-5
-6
-1
0
-4
-4
-12
-12
-13
-15
-14
-20
-29
-42
-41
-39
-42
-42
-47
-52
-57
-56
-55
-54
-56
-60
-64
-67
-67
-73
-73
-75
-80
-79
-85
-86
-84
-86
-92
-94
-102
-101
-103
-107
-103
-104
-98
-98
-101
-96
-94
-96
-91
-84
-88
-87
-86
-86
-88
-84
-86
-92
-89
-87
-79
-73
-59
-36
-12
15
34
49
62
85
106
125
132
139
128
120
119
124
130
121
117
109
103
112
126
130
126
114
104
88
76
76
68
45
24
9
-14
-20
-16
-9
-14
-22
-31
-29
-25
-16
-8
-11
-19
-31
-30
-33
-33
-35
-35
-41
-41
-33
-17
-2
7
17
21
25
38
54
60
60
56
47
45
49
52
53
51
41
36
41
48
54
58
49
44
37
37
42
39
36
26
21
14
18
23
22
18
20
16
7
7
15
7
2
-6
-14
-17
-23
-22
-30
-31
-42
-49
-47
-48
-51
-54
-55
-63
-66
-69
-73
-72
-75
-85
-87
-88
-89
-90
-91
-88
-89
-92
-97
-94
-91
-92
-93
-96
-100
-99
-95
-96
-90
-89
-81
-76
-74
-73
-73
-70
-72
-77
-83
-86
-85
-82
-73
-55
-36
-11
12
26
45
74
98
118
136
143
138
131
130
138
139
132
126
119
108
110
119
131
129
117
109
98
88
85
80
66
34
16
-3
-21
-23
-22
-24
-31
-34
-31
-23
-14
-6
-4
-11
-18
-20
-21
-20
-24
-30
-28
-31
-25
-10
2
9
12
20
24
33
44
48
45
42
44
41
43
40
42
40
37
33
40
47
45
48
45
41
37
38
42
40
36
27
19
18
19
26
24
18
14
7
5
7
5
-4
-9
-16
-23
-29
-27
-33
-43
-48
-54
-53
-50
-55
-47
-51
-56
-63
-69
-67
-70
-75
-74
-80
-86
-82
-78
-81
-82
-79
-86
-81
-85
-77
-79
-85
-92
-94
-96
-100
-100
-104
-104
-105
-104
-107
-102
-105
-110
-115
-114
-115
-109
-95
-78
-54
-27
0
20
40
63
93
126
147
156
158
157
153
160
165
161
153
149
136
132
137
143
142
125
115
99
79
75
71
60
33
18
2
-9
-12
-11
-14
-26
-38
-42
-32
-29
-28
-17
-20
-35
-43
-38
-33
-34
-38
-45
-58
-56
-44
-31
-23
-13
-3
0
8
22
38
49
49
50
42
35
34
45
48
37
26
27
28
33
45
53
50
41
41
44
51
54
53
47
38
30
29
33
29
27
27
13
9
14
17
16
8
7
-4
-15
-19
-30
-18
-33
-46
-53
-55
-55
-55
-57
-59
-63
-70
-67
-66
-63
-64
-70
-83
-71
-74
-63
-56
-72
-82
-88
-93
-96
-95
-97
-102
-109
-107
-105
-100
-90
-88
-93
-104
-103
-95
-91
-92
-94
-96
-105
-104
-100
-92
-74
-57
-30
0
25
47
74
106
136
161
179
187
189
185
186
188
185
181
171
153
148
141
143
149
141
128
117
104
97
93
87
75
44
29
17
3
-2
-5
-9
-17
-27
-34
-22
-18
-14
-15
-19
-25
-29
-26
-26
-34
-45
-52
-54
-54
-52
-35
-25
-26
-18
-10
5
22
35
46
46
40
41
43
46
46
40
33
26
24
32
39
49
43
36
38
46
49
55
57
43
34
29
23
27
16
17
13
-5
7
-1
5
2
0
-22
-15
-24
-35
-20
-52
-44
-69
-69
-71
-72
-61
-66
-66
-72
-90
-85
-58
-69
-61
-61
-68
-79
-71
-71
-55
-66
-76
-99
-94
-87
-87
-73
-94
-96
-97
-100
-97
-84
-90
-91
-99
-100
-95
-90
-88
-91
-97
-103
-103
-90
-73
-53
-29
1
31
55
83
114
160
188
199
203
211
209
209
215
218
209
183
172
163
149
152
155
148
132
121
114
114
113
103
95
69
40
32
28
19
11
-1
-10
-25
-26
-13
0
1
1
2
3
-2
-3
12
2
-14
-32
-36
-36
-33
-25
-24
-23
-21
-12
-2
18
33
32
29
34
29
32
34
39
32
21
14
5
11
21
22
23
28
19
23
31
41
37
23
17
11
1
3
8
5
1
-9
-29
-30
-15
-21
-10
-40
-50
-31
-39
-35
-42
-51
-51
-77
-67
-59
-63
-48
-67
-66
-97
-90
-82
-84
-79
-92
-83
-100
-88
-97
-92
-88
-104
-106
-99
-89
-100
-85
-86
-97
-108
-107
-99
-103
-99
-104
-116
-123
-112
-113
-118
-121
-123
-131
-129
-102
-79
-46
-12
16
48
73
100
149
187
207
212
217
226
220
220
228
226
202
180
163
160
160
156
156
153
142
124
126
125
122
105
87
70
49
37
32
32
19
5
-2
-6
0
10
30
29
20
18
11
18
21
13
3
-11
-20
-23
-16
-5
-12
-7
-3
10
27
42
60
64
72
65
65
72
71
69
64
48
43
43
39
47
46
50
55
51
47
53
53
46
30
38
35
25
36
38
18
4
-4
-30
-19
-29
-40
-46
-35
-48
-83
-58
-60
-58
-60
-69
-84
-94
-93
-105
-109
-105
-105
-130
-110
-121
-108
-103
-107
-123
-115
-106
-98
-93
-115
-106
-110
-106
-119
-106
-113
-127
-129
-133
-135
-134
-134
-142
-145
-150
-152
-154
-156
-147
-154
-162
-154
-139
-106
-64
-20
20
60
96
130
183
229
257
258
251
257
247
243
240
235
210
172
157
155
160
156
154
156
142
129
126
136
136
120
90
64
48
35
31
29
21
5
-2
0
16
31
38
37
33
27
21
23
27
22
7
-17
-30
-35
-24
-5
10
15
24
42
65
90
112
121
121
114
111
100
95
89
77
63
49
47
55
71
76
80
79
71
75
76
91
88
75
61
46
50
34
32
28
14
0
-15
-12
17
10
4
-21
-49
-58
-66
-59
-73
-77
-96
-104
-126
-108
-107
-98
-103
-121
-119
-131
-108
-102
-108
-122
-139
-131
-134
-136
-136
-145
-168
-176
-179
-181
-164
-178
-189
-194
-193
-195
-193
-193
-194
-199
-208
-216
-218
-227
-219
-198
-168
-126
-76
-6
65
128
179
238
302
346
365
364
361
342
311
286
268
247
210
168
150
148
144
132
133
127
104
82
67
62
53
26
-10
-34
-42
-45
-38
-24
-14
-8
-8
12
43
63
74
71
60
49
40
28
26
15
-11
-27
-31
-10
19
41
65
90
108
131
149
174
183
170
151
126
115
108
96
86
74
59
60
79
87
94
100
107
108
94
93
85
82
60
39
23
13
25
14
13
13
18
4
37
50
36
40
14
-8
-39
-44
-39
-48
-78
-103
-112
-128
-125
-108
-102
-120
-134
-126
-139
-149
-155
-155
-157
-171
-181
-176
-166
-176
-181
-193
-190
-199
-206
-209
-243
-252
-271
-289
-301
-317
-314
-328
-344
-351
-354
-309
-243
-148
-60
29
138
255
366
449
531
611
635
612
562
535
496
424
351
288
240
168
113
96
90
72
40
4
-29
-65
-107
-140
-165
-196
-237
-256
-250
-211
-159
-110
-57
1
65
120
173
222
238
236
207
184
160
129
98
63
44
26
23
43
76
115
134
138
137
145
138
117
94
65
18
-11
-21
-21
-7
12
36
55
92
126
161
179
188
170
137
116
95
70
42
23
4
-12
-13
-5
14
18
8
-14
-41
-54
-78
-105
-129
-154
-179
-188
-178
-161
-137
-126
-112
-99
-92
-75
-76
-85
-104
-136
-154
-170
-176
-180
-202
-202
-212
-211
-205
-205
-207
-235
-260
-303
-338
-355
-373
-388
-414
-425
-434
-443
-420
-366
-265
-151
-10
140
288
445
582
712
794
852
896
870
811
724
644
561
460
361
265
192
109
49
11
-15
-50
-112
-170
-223
-278
-312
-327
-334
-333
-321
-274
-190
-83
29
132
222
299
364
404
435
446
415
366
296
239
194
151
112
63
38
18
1
5
8
17
-13
-56
-74
-86
-99
-109
-107
-91
-76
-43
12
85
148
200
235
255
286
296
288
265
239
187
134
91
61
39
2
-25
-48
-64
-70
-83
-90
-108
-144
-171
-191
-194
-204
-199
-197
-201
-176
-160
-127
-90
-71
-53
-55
-60
-62
-72
-92
-120
-143
-170
-185
-191
-199
-203
-222
-235
-246
-263
-275
-291
-321
-358
-383
-410
-414
-408
-408
-398
-400
-397
-385
-364
-311
-226
-108
47
221
379
538
702
844
947
985
1008
1002
909
767
621
509
377
229
104
19
-69
-150
-185
-196
-204
-235
-281
-319
-344
-357
-350
-324
-276
-213
-137
-30
108
257
394
489
558
595
612
581
540
475
373
258
144
67
11
-44
-89
-115
-143
-160
-162
-156
-133
-137
-156
-161
-144
-98
-57
-4
63
136
202
272
351
411
447
436
421
393
350
293
225
159
97
31
-25
-56
-88
-119
-147
-173
-196
-204
-209
-213
-213
-207
-198
-178
-143
-102
-69
-50
-25
-21
-22
-24
-43
-73
-96
-139
-171
-194
-212
-219
-239
-244
-249
-257
-272
-296
-321
-351
-382
-421
-443
-446
-447
-451
-449
-433
-408
-379
-361
-335
-334
-348
-361
-392
-367
-279
-135
30
226
426
610
792
938
1064
1106
1076
990
832
658
477
313
178
52
-60
-141
-179
-195
-194
-192
-198
-235
-290
-334
-360
-358
-330
-271
-189
-74
73
240
411
564
671
720
720
678
607
503
375
237
101
-12
-98
-142
-171
-192
-224
-245
-264
-288
-281
-289
-267
-255
-250
-177
-85
42
170
284
402
492
557
589
602
575
515
415
306
232
154
95
45
0
-25
-58
-77
-93
-113
-144
-190
-224
-242
-226
-201
-162
-95
-33
32
94
151
183
186
148
82
11
-65
-141
-209
-263
-297
-308
-305
-287
-262
-238
-236
-246
-256
-283
-306
-336
-369
-391
-409
-386
-355
-298
-262
-242
-223
-248
-235
-275
-313
-346
-418
-455
-533
-563
-543
-470
-262
-49
205
433
648
844
937
1034
1045
995
868
696
537
353
229
132
70
23
-51
-95
-158
-183
-220
-288
-339
-416
-457
-459
-395
-273
-127
44
208
368
520
644
721
718
674
578
440
322
210
118
36
-40
-95
-135
-143
-168
-202
-274
-356
-408
-474
-474
-391
-290
-169
-58
98
293
450
582
664
675
646
570
475
389
317
222
138
80
42
41
24
17
-10
-60
-112
-175
-200
-214
-213
-196
-162
-80
7
116
204
264
296
284
245
186
120
33
-70
-166
-233
-269
-302
-304
-303
-303
-296
-310
-317
-314
-305
-294
-304
-297
-282
-269
-252
-250
-219
-222
-231
-214
-234
-240
-249
-278
-291
-325
-352
-383
-417
-425
-450
-506
-548
-535
-456
-260
-9
248
501
697
863
977
1033
1041
952
817
642
443
266
149
92
32
-14
-82
-149
-207
-260
-297
-343
-393
-429
-430
-361
-221
-37
157
342
490
594
677
713
691
622
498
340
189
80
19
-33
-84
-130
-184
-239
-275
-315
-380
-462
-522
-551
-525
-406
-213
-19
175
332
464
584
653
678
622
511
385
256
159
102
70
36
0
-36
-66
-81
-106
-140
-190
-229
-246
-240
-180
-87
12
96
175
248
301
337
329
279
202
111
21
-50
-93
-142
-193
-243
-286
-311
-338
-346
-366
-382
-378
-383
-342
-279
-209
-141
-115
-78
-62
-80
-106
-159
-208
-259
-303
-340
-360
-359
-376
-392
-413
-414
-408
-453
-477
-502
-536
-568
-591
-545
-360
-51
255
536
773
952
1064
1074
1054
970
793
608
407
238
132
91
61
22
-19
-106
-206
-304
-363
-392
-417
-397
-335
-211
-17
199
404
574
691
719
689
633
545
433
307
184
84
13
-17
-41
-80
-134
-223
-328
-410
-468
-511
-517
-495
-433
-302
-116
88
313
482
547
569
550
522
485
391
308
226
135
102
71
34
21
-37
-144
-214
-251
-267
-247
-212
-148
-68
23
125
216
276
306
282
223
174
146
119
86
59
29
-7
-44
-90
-137
-214
-310
-403
-480
-512
-493
-454
-397
-310
-239
-175
-120
-84
-55
-69
-120
-156
-192
-211
-216
-218
-212
-210
-233
-260
-302
-366
-433
-507
-587
-641
-653
-648
-598
-523
-460
-424
-403
-354
-202
48
302
528
733
876
957
964
963
945
811
610
413
240
111
6
-64
-104
-164
-237
-305
-339
-328
-287
-239
-171
-81
31
177
330
461
569
619
611
560
495
432
336
226
110
16
-72
-147
-192
-246
-304
-376
-436
-454
-431
-384
-318
-247
-159
-36
106
247
399
515
530
503
454
421
400
335
255
175
82
6
-38
-91
-119
-154
-217
-243
-223
-154
-67
9
84
151
202
245
272
267
251
212
150
116
105
110
98
51
-4
-61
-123
-190
-248
-310
-370
-408
-411
-380
-321
-255
-200
-161
-139
-118
-122
-137
-148
-165
-187
-203
-210
-190
-166
-169
-196
-241
-279
-315
-348
-384
-433
-480
-520
-534
-524
-513
-492
-482
-461
-443
-454
-458
-425
-271
1
283
547
748
856
897
870
809
716
568
393
257
147
80
45
14
2
-41
-132
-218
-285
-311
-280
-207
-85
44
178
316
444
533
581
571
495
385
283
204
145
91
46
-4
-66
-128
-182
-245
-307
-382
-430
-426
-379
-280
-165
-54
34
127
218
303
370
428
413
352
299
268
281
259
191
123
35
-41
-73
-119
-147
-138
-143
-121
-54
41
142
194
223
250
254
254
256
229
201
187
175
169
168
154
106
20
-60
-143
-223
-281
-324
-349
-353
-334
-306
-272
-230
-189
-175
-169
-173
-177
-176
-172
-166
-157
-136
-114
-106
-102
-103
-138
-186
-254
-319
-366
-399
-403
-410
-434
-456
-476
-487
-465
-432
-419
-412
-429
-439
-425
-398
-256
10
299
543
706
832
897
840
732
654
560
416
277
190
153
124
83
40
-26
-117
-199
-272
-297
-243
-138
-15
110
222
323
411
453
460
417
366
303
214
167
155
132
88
24
-47
-129
-214
-290
-353
-404
-407
-351
-282
-195
-94
-7
43
82
138
196
236
282
323
314
283
259
228
199
130
41
-33
-108
-127
-121
-134
-109
-59
-21
23
64
97
124
130
153
190
213
244
269
254
232
223
193
130
53
-20
-95
-155
-189
-213
-226
-228
-224
-241
-253
-248
-251
-265
-270
-259
-225
-192
-156
-125
-114
-101
-96
-98
-104
-120
-142
-176
-197
-214
-248
-295
-342
-364
-380
-380
-405
-434
-450
-484
-504
-502
-477
-416
-375
-363
-352
-345
-306
-182
47
337
604
763
810
788
717
661
601
494
372
259
199
164
125
97
75
9
-107
-206
-253
-244
-170
-66
47
158
265
342
374
399
404
370
318
255
204
184
179
163
113
41
-44
-138
-234
-308
-340
-349
-330
-273
-204
-114
-33
15
30
27
52
106
155
210
270
281
256
205
175
166
119
49
-20
-87
-98
-76
-67
-57
-30
-10
11
27
60
117
141
171
197
212
228
241
208
155
121
80
34
-18
-49
-69
-91
-116
-134
-166
-193
-201
-229
-252
-262
-251
-237
-231
-204
-164
-135
-116
-121
-132
-138
-137
-144
-164
-183
-188
-197
-217
-245
-271
-314
-340
-352
-374
-376
-382
-404
-452
-484
-446
-402
-385
-382
-408
-437
-458
-443
-322
-49
289
582
727
756
757
689
600
555
515
437
372
347
337
310
270
213
80
-114
-245
-304
-305
-211
-74
66
183
269
318
328
318
318
301
276
286
295
308
326
322
260
153
29
-105
-226
-305
-310
-301
-275
-215
-153
-114
-106
-98
-114
-127
-96
-23
64
159
247
312
331
305
268
184
123
99
62
31
28
46
60
57
43
15
-8
-7
13
27
54
130
187
213
228
230
213
181
136
91
55
44
55
40
5
-26
-59
-120
-176
-216
-248
-274
-281
-271
-255
-230
-193
-164
-165
-163
-157
-168
-179
-181
-183
-189
-195
-194
-207
-243
-267
-292
-326
-345
-354
-360
-354
-360
-374
-388
-404
-427
-444
-468
-467
-442
-429
-429
-420
-397
-285
-46
232
465
604
660
640
542
483
504
545
536
496
451
387
305
215
125
4
-146
-238
-267
-238
-120
30
151
195
198
196
184
196
233
274
318
364
393
388
369
321
227
99
-37
-138
-199
-209
-185
-166
-170
-176
-179
-205
-238
-238
-219
-183
-109
6
122
210
275
300
295
262
221
160
118
135
163
172
159
131
91
39
-5
-32
-41
-27
12
53
77
132
184
196
189
166
159
157
170
185
180
170
160
138
69
-11
-76
-134
-180
-220
-238
-246
-246
-219
-202
-216
-220
-218
-218
-211
-192
-172
-163
-161
-175
-168
-154
-139
-134
-170
-225
-287
-333
-362
-361
-347
-361
-392
-435
-477
-504
-507
-474
-450
-421
-401
-411
-420
-422
-343
-141
150
448
618
644
584
498
444
456
504
531
522
487
408
307
200
130
57
-69
-185
-234
-203
-94
42
152
190
169
135
110
105
156
268
360
412
401
358
297
229
171
98
3
-82
-134
-152
-147
-143
-152
-189
-249
-302
-332
-330
-281
-200
-102
6
90
130
128
103
113
140
152
169
154
158
200
229
217
155
77
15
-15
-26
-15
20
57
95
107
87
87
101
127
140
141
145
154
173
183
183
165
135
94
24
-43
-87
-110
-120
-135
-168
-207
-245
-264
-256
-252
-234
-223
-218
-206
-202
-193
-185
-185
-178
-175
-174
-180
-190
-215
-252
-283
-314
-331
-330
-329
-340
-379
-427
-446
-444
-401
-352
-345
-333
-341
-379
-421
-424
-313
-75
253
531
632
575
421
322
315
417
543
614
649
600
485
319
178
106
46
-3
-50
-70
-45
22
121
154
137
89
48
15
-8
51
179
322
408
418
346
220
124
73
58
48
43
48
24
-37
-117
-177
-217
-235
-234
-250
-271
-267
-217
-126
-49
-16
-19
-43
-61
-29
37
124
202
246
260
236
182
127
89
68
65
86
106
106
81
51
34
20
12
15
20
26
47
72
88
95
98
107
103
92
74
53
26
-3
-28
-57
-98
-137
-170
-182
-193
-186
-175
-172
-177
-194
-203
-211
-204
-179
-159
-145
-145
-148
-139
-140
-147
-164
-187
-206
-220
-227
-226
-247
-257
-265
-280
-298
-316
-314
-313
-295
-280
-280
-282
-300
-302
-264
-176
1
201
325
341
283
216
195
244
330
382
404
413
415
368
283
194
105
64
85
143
197
213
197
161
100
49
23
37
83
136
179
201
190
174
174
178
176
162
141
120
101
92
83
69
45
21
9
3
-21
-63
-108
-136
-140
-117
-87
-78
-97
-108
-94
-75
-48
-20
10
33
57
88
105
106
99
96
91
85
99
108
104
87
76
53
26
16
18
37
44
42
50
46
45
54
66
79
85
92
87
68
40
18
7
-1
-6
-3
-4
-8
-26
-48
-74
-110
-136
-140
-134
-137
-155
-169
-190
-202
-202
-202
-219
-247
-251
-246
-237
-228
-231
-228
-233
-228
-221
-232
-235
-250
-249
-239
-235
-219
-228
-253
-295
-331
-323
-274
-159
-63
-10
-30
-93
-64
43
191
264
253
226
234
297
354
379
336
283
274
295
331
335
318
287
248
222
197
171
145
161
200
220
209
183
178
198
214
212
187
149
131
159
191
172
124
89
77
68
51
18
-38
-90
-102
-81
-67
-87
-120
-124
-115
-105
-87
-61
-40
-14
30
59
70
71
74
79
74
69
70
73
77
87
95
77
48
38
38
35
27
19
24
30
41
54
66
69
83
93
85
72
52
51
51
53
54
48
39
25
22
9
-19
-56
-77
-81
-87
-96
-116
-140
-164
-184
-196
-205
-219
-228
-228
-227
-228
-224
-223
-236
-247
-253
-262
-255
-261
-258
-236
-239
-244
-256
-285
-312
-334
-339
-337
-302
-214
-108
-43
-59
-99
-95
11
162
242
254
218
223
271
322
352
309
255
243
273
311
311
283
249
218
199
179
157
127
138
186
223
218
189
180
195
216
225
198
152
136
165
191
176
128
77
48
36
24
-11
-63
-104
-108
-91
-85
-112
-138
-148
-131
-105
-88
-57
-32
-6
33
67
69
51
49
61
61
58
59
71
79
88
93
66
34
18
26
38
35
28
36
44
55
70
74
75
85
92
98
89
74
77
84
81
84
67
51
42
36
27
4
-32
-56
-55
-57
-73
-90
-115
-138
-151
-164
-171
-195
-207
-204
-190
-188
-197
-200
-219
-233
-242
-246
-246
-248
-240
-237
-232
-255
-267
-280
-307
-317
-339
-333
-308
-233
-137
-86
-62
-75
-61
-24
60
168
222
225
215
245
274
285
291
265
240
244
272
293
278
261
242
223
190
162
158
157
174
198
204
183
168
175
194
193
167
147
127
121
125
126
109
67
27
7
-11
-39
-73
-87
-92
-101
-107
-113
-130
-143
-139
-127
-100
-76
-48
-20
-14
-4
13
26
12
6
13
23
39
47
62
63
47
49
46
32
30
33
40
47
51
49
61
62
72
87
100
104
98
98
96
91
80
81
79
63
59
46
27
10
-8
-13
-27
-41
-59
-76
-103
-123
-131
-155
-159
-171
-174
-174
-184
-182
-179
-181
-194
-208
-226
-240
-230
-219
-220
-223
-233
-236
-229
-234
-241
-256
-283
-305
-297
-282
-257
-206
-141
-66
-22
-14
-30
-28
40
153
231
238
214
211
242
273
287
273
240
229
263
296
294
273
247
227
204
187
177
167
175
195
209
193
164
144
150
157
151
136
110
98
100
102
90
50
11
-14
-20
-37
-62
-82
-88
-93
-91
-86
-94
-113
-119
-115
-98
-83
-70
-50
-43
-40
-31
-20
-24
-14
-4
2
9
13
23
30
21
16
13
11
19
28
37
40
33
38
43
41
43
45
53
57
60
63
64
57
51
59
53
35
28
15
8
1
-10
-18
-28
-39
-53
-75
-104
-129
-145
-158
-165
-171
-177
-182
-189
-188
-191
-204
-208
-215
-210
-200
-199
-193
-194
-184
-184
-197
-201
-214
-209
-202
-203
-210
-232
-233
-235
-236
-205
-142
-72
-16
4
-15
-21
42
146
228
237
210
202
220
256
290
289
260
260
287
314
315
292
271
245
226
203
183
167
166
188
201
188
158
152
164
172
166
149
122
103
105
109
100
65
34
27
24
17
2
-21
-38
-52
-36
-42
-76
-101
-92
-74
-67
-62
-58
-16
5
-11
-24
-43
-27
17
40
27
-2
-9
23
55
51
39
36
24
45
64
50
41
29
37
53
53
49
48
62
76
78
57
37
31
37
54
55
35
28
25
30
28
7
-22
-48
-66
-79
-100
-121
-137
-143
-151
-163
-172
-189
-195
-201
-212
-219
-230
-229
-220
-214
-205
-207
-206
-205
-215
-217
-216
-205
-206
-213
-223
-227
-229
-246
-255
-274
-276
-231
-144
-43
7
-31
-97
-95
24
156
210
187
152
165
218
274
284
253
236
256
283
293
279
260
236
212
190
167
128
120
162
205
206
158
120
114
135
151
150
121
92
94
121
127
99
60
41
43
37
19
-7
-33
-43
-41
-36
-52
-76
-75
-59
-48
-60
-74
-71
-52
-25
-9
-17
-31
-27
1
23
17
12
19
29
36
38
33
14
7
21
33
28
13
17
32
37
37
35
35
40
54
63
50
32
36
61
78
66
46
28
7
2
-3
-20
-52
-68
-73
-80
-90
-113
-129
-137
-149
-160
-179
-190
-194
-182
-184
-198
-209
-214
-197
-185
-194
-206
-215
-212
-200
-205
-216
-233
-230
-214
-221
-240
-267
-286
-277
-264
-260
-249
-204
-126
-43
-24
-66
-88
-16
114
199
202
166
150
179
235
279
263
222
228
252
271
258
234
210
190
177
172
152
129
145
179
190
160
121
116
135
156
169
152
111
91
105
114
98
63
46
45
46
41
26
9
-13
-27
-24
-28
-48
-54
-46
-42
-57
-58
-39
-21
-5
14
20
1
1
22
42
48
38
45
49
50
58
58
50
38
46
60
55
40
42
55
63
65
63
64
70
86
104
104
84
77
85
92
78
56
38
28
18
18
11
-16
-38
-42
-45
-58
-79
-98
-102
-109
-116
-126
-137
-145
-140
-138
-153
-170
-175
-165
-163
-171
-175
-178
-179
-187
-188
-196
-212
-218
-205
-201
-229
-259
-280
-280
-275
-262
-240
-204
-130
-48
-20
-57
-97
-43
81
169
183
151
131
150
190
226
209
160
161
188
205
196
179
158
136
121
116
101
77
86
126
148
121
90
84
95
113
120
98
63
39
49
68
59
25
5
-4
-6
-21
-40
-63
-81
-67
-60
-82
-117
-113
-92
-73
-74
-105
-110
-86
-48
-24
-35
-40
-33
-22
8
12
-4
-12
-3
13
14
1
-11
-7
6
18
20
12
11
25
50
52
42
41
51
63
67
56
35
24
32
44
42
25
7
3
0
-6
-21
-35
-44
-46
-47
-61
-78
-100
-107
-105
-109
-127
-136
-139
-132
-123
-133
-147
-159
-158
-151
-152
-154
-155
-155
-169
-184
-191
-199
-190
-193
-201
-217
-228
-239
-240
-228
-224
-183
-121
-30
31
-4
-64
-47
68
183
227
208
164
172
205
248
245
204
191
215
237
234
225
207
188
169
164
147
116
118
155
192
186
144
120
126
149
170
156
124
93
99
120
113
76
46
35
29
20
7
-6
-28
-39
-35
-43
-67
-79
-72
-58
-61
-75
-76
-61
-36
-17
-13
-19
-25
-12
3
4
-4
-14
-4
10
9
11
6
-1
10
21
21
13
11
18
32
36
34
35
39
43
56
55
34
22
32
43
48
35
21
10
1
-5
-3
-13
-27
-31
-29
-42
-57
-68
-93
-97
-110
-121
-128
-133
-129
-131
-131
-149
-156
-160
-157
-160
-161
-163
-172
-172
-179
-189
-192
-195
-196
-198
-205
-224
-225
-219
-221
-212
-193
-144
-65
7
6
-42
-48
42
161
213
200
162
153
181
222
236
201
186
204
227
231
208
190
177
171
160
146
122
109
147
184
183
145
120
123
140
157
153
131
101
97
108
100
66
35
28
24
18
2
-18
-32
-36
-49
-73
-97
-104
-90
-71
-65
-89
-90
-72
-45
-31
-34
-30
-34
-27
-3
-3
-25
-30
-18
-6
-7
-14
-18
-15
-13
-7
-7
-22
-25
-9
7
4
-3
-6
5
10
20
20
8
2
8
23
17
3
-9
-11
-15
-23
-32
-43
-52
-53
-61
-76
-89
-101
-105
-111
-126
-138
-145
-147
-146
-138
-141
-157
-168
-163
-156
-156
-158
-164
-164
-172
-185
-190
-194
-199
-196
-207
-216
-221
-215
-210
-208
-216
-197
-120
-23
32
-1
-55
-31
81
195
234
200
164
168
204
242
243
214
213
238
254
241
228
220
213
212
199
176
147
161
209
239
222
181
163
176
208
225
210
178
159
175
185
157
119
98
94
98
93
73
51
36
34
25
9
-10
-17
7
19
12
-10
-9
14
37
49
49
40
36
56
72
57
33
37
49
56
53
45
26
29
37
47
38
20
20
37
45
41
36
32
40
49
58
46
28
27
35
41
35
21
16
13
7
-2
-17
-31
-42
-42
-53
-68
-87
-93
-99
-119
-137
-146
-148
-149
-146
-158
-175
-187
-187
-184
-184
-195
-211
-208
-212
-216
-225
-238
-250
-265
-261
-265
-271
-267
-273
-275
-280
-268
-211
-112
-28
-53
-120
-129
-31
95
154
129
77
54
95
155
157
123
117
141
151
142
131
127
117
111
106
83
46
50
104
150
128
87
64
72
99
124
122
85
61
78
98
85
47
20
17
17
13
1
-18
-40
-43
-47
-63
-91
-97
-80
-65
-69
-90
-88
-73
-54
-32
-30
-44
-45
-24
-3
-4
-17
-18
-3
4
3
-1
-12
-12
0
12
3
-6
-7
8
15
11
4
-1
9
30
42
33
19
12
24
34
34
26
20
16
14
7
-3
-17
-29
-29
-30
-48
-64
-68
-75
-86
-98
-111
-122
-125
-119
-123
-133
-150
-151
-148
-151
-154
-167
-184
-187
-181
-173
-172
-188
-209
-215
-212
-200
-195
-197
-199
-209
-207
-187
-112
-3
50
-7
-80
-49
69
168
192
156
115
116
161
209
193
167
185
210
199
177
175
169
163
162
156
120
81
106
165
179
140
112
104
120
146
162
142
102
101
137
142
109
76
68
63
54
48
33
18
6
-2
-6
-31
-50
-36
-15
-15
-32
-35
-28
-9
16
32
25
9
20
41
47
38
40
53
54
46
44
41
34
38
46
43
34
27
48
55
49
47
41
43
44
65
73
63
48
52
60
56
51
50
47
33
24
19
15
-5
-11
-19
-34
-45
-55
-65
-84
-99
-111
-117
-131
-142
-143
-146
-153
-157
-158
-162
-179
-187
-188
-192
-186
-183
-188
-198
-207
-218
-221
-221
-217
-211
-215
-224
-226
-209
-138
-35
5
-55
-118
-81
28
116
130
99
64
70
118
149
126
101
117
139
126
106
97
99
94
93
82
42
17
45
91
97
61
31
31
43
67
73
47
12
17
50
46
12
-18
-22
-24
-36
-45
-54
-73
-83
-82
-98
-129
-140
-119
-101
-112
-124
-125
-114
-93
-71
-60
-72
-83
-70
-46
-46
-52
-47
-36
-37
-43
-55
-64
-68
-55
-47
-55
-73
-67
-45
-37
-38
-43
-42
-33
-23
-8
-7
-17
-23
-19
-10
-16
-16
-12
-12
-21
-23
-23
-28
-31
-31
-43
-58
-72
-74
-70
-84
-100
-117
-127
-128
-125
-123
-137
-155
-160
-161
-154
-151
-156
-157
-159
-152
-145
-149
-154
-154
-155
-154
-162
-156
-156
-153
-151
-150
-131
-66
40
84
20
-43
3
108
190
211
184
150
159
213
242
213
202
231
247
224
206
213
213
203
207
194
144
122
166
210
204
170
150
151
153
174
189
161
131
145
172
160
128
109
114
104
98
98
75
52
41
45
33
10
7
20
22
12
4
8
13
35
52
49
32
24
42
57
50
37
43
48
43
41
35
18
16
29
36
20
10
14
25
16
7
8
6
6
14
27
19
6
8
12
7
-4
-6
-4
-11
-12
-18
-26
-37
-40
-46
-62
-76
-84
-80
-94
-111
-125
-128
-128
-130
-129
-144
-162
-175
-169
-171
-176
-189
-198
-195
-199
-197
-202
-207
-200
-194
-193
-198
-200
-200
-192
-190
-189
-150
-66
6
-9
-72
-84
-11
85
131
118
82
79
114
150
144
114
121
155
152
128
116
114
112
115
111
71
33
40
92
110
86
60
47
52
65
83
68
38
35
60
64
40
21
25
34
30
20
4
-24
-29
-23
-29
-43
-62
-55
-43
-49
-59
-62
-59
-41
-22
-18
-30
-42
-39
-25
-24
-37
-29
-14
-13
-7
-20
-24
-25
-20
-12
-10
-24
-24
-15
-13
-17
-24
-28
-27
-21
-19
-9
-14
-18
-13
-12
-20
-27
-20
-19
-23
-30
-37
-36
-35
-31
-44
-55
-65
-63
-63
-79
-97
-109
-115
-113
-114
-120
-133
-153
-155
-152
-151
-147
-153
-158
-163
-164
-160
-158
-143
-139
-139
-137
-142
-138
-127
-120
-123
-108
-56
12
47
29
-6
15
82
142
172
164
150
156
179
195
187
184
202
220
213
195
191
192
198
197
175
148
132
148
169
168
150
135
129
130
137
137
125
113
120
132
114
94
89
98
101
92
81
72
62
64
60
42
31
33
54
56
37
23
25
40
61
69
50
37
38
53
58
53
43
54
68
65
61
51
45
56
65
70
50
39
53
51
50
42
36
40
45
48
41
37
31
31
35
25
13
8
10
9
-3
-13
-22
-21
-17
-22
-34
-46
-54
-58
-60
-73
-97
-103
-109
-114
-120
-138
-149
-155
-153
-155
-157
-167
-174
-171
-171
-171
-172
-167
-154
-148
-147
-149
-149
-148
-143
-137
-126
-88
-39
10
-6
-43
-39
7
69
102
98
84
78
102
125
110
99
105
127
118
105
99
93
84
79
66
33
16
30
48
45
28
14
10
5
6
10
2
-18
-9
1
-14
-29
-35
-36
-43
-31
-33
-51
-62
-62
-56
-64
-69
-75
-72
-73
-79
-86
-88
-79
-54
-53
-64
-78
-78
-68
-62
-57
-60
-53
-50
-42
-46
-53
-55
-50
-40
-38
-45
-44
-35
-35
-36
-43
-44
-46
-40
-35
-38
-41
-40
-35
-35
-36
-42
-43
-38
-40
-45
-52
-52
-51
-50
-52
-60
-62
-59
-61
-73
-86
-96
-95
-100
-106
-117
-124
-125
-130
-135
-141
-142
-136
-134
-134
-142
-145
-142
-140
-126
-125
-121
-105
-100
-100
-98
-94
-69
-29
13
39
38
30
46
80
119
144
151
159
168
172
176
178
188
197
202
204
200
198
198
207
194
180
169
160
167
168
164
154
148
145
142
140
135
123
122
121
118
111
100
95
94
85
82
81
72
66
56
60
58
59
49
38
34
25
25
22
30
40
34
30
23
16
23
24
28
25
25
32
33
31
26
30
30
30
33
37
36
36
39
36
31
26
29
32
30
25
23
20
17
11
8
6
-3
-3
-4
-16
-24
-31
-35
-38
-41
-48
-58
-65
-73
-80
-91
-96
-97
-106
-113
-129
-138
-141
-146
-147
-157
-166
-165
-165
-161
-164
-165
-166
-160
-153
-156
-144
-135
-119
-119
-120
-115
-105
-67
-37
-16
-8
-6
-1
16
44
69
86
88
92
94
99
102
110
109
110
112
109
102
99
98
91
76
63
59
60
56
50
41
27
23
22
15
7
1
-1
-8
-16
-22
-24
-24
-26
-32
-39
-44
-47
-46
-37
-42
-57
-62
-70
-67
-67
-68
-69
-76
-70
-71
-71
-70
-68
-58
-63
-72
-69
-65
-58
-52
-57
-55
-59
-57
-55
-51
-50
-52
-46
-47
-44
-44
-49
-51
-53
-50
-47
-54
-54
-55
-63
-63
-64
-64
-68
-73
-80
-86
-93
-95
-96
-92
-93
-102
-101
-108
-107
-114
-119
-130
-135
-130
-133
-131
-136
-137
-139
-142
-140
-135
-123
-115
-111
-119
-128
-119
-106
-93
-93
-99
-95
-88
-73
-57
-44
-22
-5
6
19
38
62
85
93
106
109
127
145
145
155
154
164
172
174
180
182
178
178
177
171
161
157
157
155
155
153
149
144
143
145
140
138
136
133
130
124
120
115
116
118
129
116
101
97
90
86
86
87
78
77
73
61
50
48
56
62
52
56
53
46
52
40
50
49
44
52
54
54
51
52
54
56
51
52
48
47
53
49
45
41
46
45
40
41
44
42
40
35
39
30
18
20
15
15
5
-9
-20
-24
-26
-34
-38
-44
-54
-61
-71
-84
-90
-90
-97
-105
-108
-104
-106
-111
-109
-118
-118
-115
-115
-119
-119
-124
-124
-122
-122
-122
-120
-117
-113
-106
-96
-80
-65
-54
-46
-35
-20
1
24
40
47
52
66
75
83
86
85
86
91
98
90
84
89
80
80
69
59
61
58
58
55
43
38
36
31
25
22
17
18
12
10
6
1
15
13
-2
-22
-27
-22
-18
-22
-43
-60
-60
-59
-64
-79
-80
-71
-77
-81
-83
-87
-81
-79
-83
-90
-90
-81
-75
-73
-77
-80
-77
-78
-76
-70
-73
-71
-62
-68
-73
-69
-65
-60
-54
-52
-58
-52
-49
-46
-44
-46
-46
-46
-45
-48
-55
-59
-60
-65
-68
-72
-76
-82
-88
-89
-96
-103
-100
-103
-103
-108
-113
-119
-123
-117
-122
-123
-120
-115
-109
-107
-108
-102
-106
-104
-101
-95
-96
-93
-85
-84
-81
-77
-70
-57
-38
-15
-2
1
20
39
59
78
84
98
107
121
130
130
140
149
153
156
158
154
151
156
148
145
142
140
139
139
146
137
136
143
139
141
136
132
129
132
124
120
117
114
114
104
101
92
90
85
81
71
60
57
60
54
48
42
37
35
34
35
30
24
29
28
29
26
24
27
26
32
25
24
27
21
22
21
16
17
26
28
24
24
20
20
22
25
28
25
25
31
27
27
26
18
15
11
12
7
7
5
-1
-11
-14
-18
-23
-21
-29
-34
-36
-40
-34
-39
-42
-54
-57
-46
-42
-43
-53
-53
-45
-43
-49
-53
-57
-49
-51
-54
-64
-66
-62
-59
-54
-59
-64
-63
-53
-39
-27
-27
-24
-13
-1
8
16
24
28
42
46
44
40
46
56
57
59
57
57
60
58
52
46
46
50
42
38
36
35
33
30
28
22
20
13
14
11
3
1
1
-7
-11
-14
-21
-29
-35
-37
-47
-53
-55
-62
-65
-70
-78
-76
-87
-91
-95
-102
-103
-103
-105
-109
-112
-116
-115
-116
-116
-113
-112
-110
-108
-111
-106
-111
-111
-110
-108
-108
-107
-107
-108
-104
-106
-104
-101
-102
-97
-97
-97
-96
-94
-91
-87
-87
-89
-86
-92
-91
-90
-90
-85
-85
-91
-89
-94
-96
-98
-101
-97
-89
-90
-96
-95
-94
-87
-84
-84
-84
-83
-78
-80
-82
-81
-80
-80
-74
-67
-67
-64
-62
-59
-46
-31
-23
-17
-17
-6
7
18
38
43
55
65
71
80
82
94
98
99
100
104
106
110
117
119
111
109
111
108
111
109
102
104
110
105
104
105
102
107
101
94
88
84
83
80
77
76
74
74
70
65
59
56
46
44
45
41
32
25
19
13
16
12
14
6
8
10
4
6
2
5
3
3
5
3
2
9
5
5
4
6
10
4
6
10
8
-1
-2
-2
5
5
3
4
5
4
5
6
6
6
2
-2
-3
-4
-4
0
-4
-4
-8
-13
-9
-9
-8
-7
-14
-13
-14
-16
-13
-7
-7
-3
-4
-1
-4
-4
5
0
5
2
-1
-1
-5
-9
-5
-5
-3
-2
-2
3
8
10
10
13
19
27
31
30
35
32
35
45
41
45
52
52
51
46
43
46
47
44
43
44
42
43
46
41
38
33
35
36
31
31
30
26
24
20
15
10
9
8
0
-6
-13
-22
-23
-29
-36
-40
-44
-48
-56
-66
-67
-69
-72
-75
-75
-78
-77
-81
-83
-86
-93
-95
-99
-103
-108
-113
-110
-115
-114
-120
-123
-123
-130
-126
-124
-125
-129
-126
-124
-120
-120
-120
-122
-120
-121
-119
-118
-116
-110
-114
-112
-111
-106
-106
-108
-112
-115
-115
-110
-103
-101
-98
-99
-99
-101
-96
-89
-82
-76
-76
-80
-77
-75
-78
-76
-67
-66
-63
-62
-60
-59
-58
-53
-56
-54
-53
-52
-51
-49
-42
-37
-35
-33
-23
-16
-15
-8
3
9
15
19
23
29
32
39
40
44
48
50
57
58
62
69
75
77
83
82
85
89
90
97
93
94
94
93
91
88
85
84
83
82
72
62
60
51
51
44
40
34
30
28
25
23
20
20
13
12
9
9
10
3
4
2
-6
-8
-9
-7
-14
-15
-20
-18
-19
-24
-17
-22
-17
-20
-21
-17
-15
-9
-10
-10
-6
-7
-5
0
0
2
4
-1
-1
3
8
5
2
4
5
7
3
5
8
7
6
8
6
11
11
12
13
9
11
18
18
15
10
5
13
14
15
16
8
7
9
10
17
12
5
7
14
13
16
18
16
19
23
26
29
32
34
35
34
40
39
38
43
42
44
46
46
48
47
50
50
52
49
50
51
52
49
47
48
47
43
40
46
45
43
42
38
33
29
21
22
21
15
10
6
6
6
3
-4
-7
-14
-18
-20
-23
-31
-32
-33
-36
-38
-41
-43
-45
-47
-48
-49
-57
-56
-58
-62
-65
-66
-69
-72
-68
-72
-76
-78
-80
-84
-86
-85
-89
-88
-86
-90
-90
-94
-90
-90
-96
-100
-103
-101
-101
-105
-101
-102
-101
-101
-99
-98
-99
-94
-95
-94
-93
-95
-95
-91
-87
-86
-85
-79
-76
-68
-65
-61
-56
-55
-53
-51
-45
-47
-40
-38
-39
-37
-38
-31
-33
-27
-23
-24
-20
-19
-17
-18
-20
-15
-21
-20
-21
-23
-16
-24
-25
-23
-22
-17
-17
-14
-12
-12
-11
-16
-13
-9
-4
-4
-7
1
1
3
4
7
9
8
9
8
12
15
14
18
22
18
24
26
26
30
32
29
18
27
23
27
28
25
27
22
29
28
28
31
27
27
21
16
18
14
14
13
11
4
4
2
-5
-8
-6
-7
-10
-9
-9
-8
-9
-9
-12
-8
-9
-9
-9
-8
-14
-12
-10
-12
-9
-7
-2
-3
-1
2
6
4
9
9
13
16
11
13
17
18
16
12
24
25
24
29
31
30
36
36
34
39
44
41
38
37
36
36
38
43
40
39
38
39
34
38
35
37
33
31
35
27
28
27
22
20
20
14
11
17
13
14
14
13
15
12
14
13
9
10
13
11
10
8
9
11
10
14
12
12
16
15
13
16
13
17
13
9
4
6
4
-3
-3
-1
-4
-9
-6
-9
-10
-11
-13
-10
-12
-8
-10
-14
-15
-16
-15
-20
-25
-29
-26
-30
-31
-28
-31
-30
-34
-34
-37
-38
-43
-44
-39
-45
-47
-48
-45
-53
-50
-49
-48
-55
-57
-55
-59
-59
-53
-53
-53
-49
-57
-54
-57
-56
-52
-46
-52
-56
-54
-55
-54
-54
-53
-51
-50
-52
-52
-51
-52
-59
-58
-59
-55
-50
-46
-45
-48
-45
-42
-37
-39
-36
-35
-35
-34
-31
-27
-25
-21
-22
-20
-21
-16
-10
-13
-10
-10
-8
0
-4
-1
1
1
0
0
-2
1
-4
-1
-1
-6
-6
-10
-5
-7
-5
-2
-2
-6
-6
-6
-4
-3
-5
1
-2
-2
2
7
4
5
4
7
7
5
13
17
15
18
20
21
21
26
26
33
32
34
40
38
42
39
40
41
45
42
41
44
42
41
38
41
37
37
35
35
31
31
28
26
22
21
19
15
12
10
10
2
0
1
-3
-7
-10
-12
-9
-12
-10
-13
-8
-7
-14
-9
-7
-7
-9
-6
-7
-7
-9
-9
-5
-1
-3
-1
3
1
0
5
7
7
10
10
9
12
14
15
16
13
14
11
11
12
9
10
7
9
14
11
9
9
11
10
7
3
-2
-9
-9
-12
-14
-14
-18
-13
-13
-18
-20
-20
-19
-24
-21
-18
-23
-23
-22
-22
-19
-22
-24
-18
-23
-24
-15
-15
-12
-13
-16
-13
-13
-14
-12
-17
-12
-7
-12
-8
-12
-9
-8
-9
-7
-6
-10
-10
-10
-12
-12
-12
-9
-16
-16
-15
-17
-19
-19
-22
-21
-23
-30
-30
-31
-33
-36
-40
-37
-37
-42
-44
-47
-51
-45
-47
-48
-51
-53
-56
-57
-52
-55
-55
-53
-53
-51
-49
-51
-53
-53
-52
-55
-52
-54
-53
-55
-57
-59
-64
-59
-59
-61
-62
-62
-62
-57
-56
-56
-56
-55
-56
-55
-59
-54
-48
-54
-49
-52
-48
-44
-44
-43
-40
-36
-36
-33
-34
-33
-34
-32
-32
-32
-30
-27
-24
-23
-20
-23
-19
-15
-17
-15
-18
-16
-19
-16
-19
-16
-8
-10
-10
-12
-11
-12
-16
-12
-12
-5
-6
-7
2
-1
0
6
10
5
10
9
10
13
14
16
17
18
19
24
26
25
32
29
29
35
37
40
37
38
39
43
46
43
46
49
54
57
61
60
64
68
66
66
68
67
65
65
67
64
68
68
66
68
67
70
68
71
69
67
68
69
72
62
68
71
70
72
71
67
68
69
64
63
57
60
56
62
56
53
55
53
54
49
49
48
44
42
35
33
36
34
37
38
35
32
30
35
30
30
29
28
31
29
29
35
33
33
29
32
35
28
31
30
30
27
23
24
24
20
20
22
20
18
17
14
10
5
4
0
-3
-8
-6
-6
-16
-15
-19
-23
-22
-27
-30
-30
-33
-31
-35
-38
-37
-39
-42
-43
-45
-45
-46
-47
-47
-45
-48
-49
-50
-51
-48
-48
-51
-47
-50
-48
-46
-41
-42
-45
-40
-41
-45
-44
-45
-44
-44
-42
-45
-42
-39
-46
-48
-45
-46
-50
-45
-49
-51
-49
-53
-58
-59
-58
-60
-60
-62
-63
-62
-62
-63
-63
-64
-64
-65
-65
-65
-66
-65
-68
-67
-66
-65
-69
-63
-59
-62
-65
-64
-63
-62
-62
-60
-57
-57
-53
-52
-47
-48
-47
-45
-46
-46
-44
-43
-43
-46
-47
-51
-47
-43
-41
-38
-43
-43
-37
-33
-35
-30
-32
-30
-29
-33
-24
-24
-23
-16
-20
-21
-21
-24
-23
-18
-19
-18
-18
-17
-15
-15
-21
-18
-15
-14
-12
-11
-9
-6
-5
-4
4
0
3
1
-2
6
9
12
10
9
14
14
14
16
15
21
20
23
19
20
24
21
27
25
25
24
25
26
26
24
27
30
29
34
31
32
36
38
33
36
38
41
40
42
49
49
45
47
46
46
48
45
48
51
48
48
51
51
55
55
53
54
63
58
62
63
61
63
61
65
61
66
63
57
61
61
65
61
66
66
63
62
65
61
61
59
54
59
57
58
56
54
58
55
52
61
58
58
59
57
58
62
60
62
62
62
63
67
65
69
72
64
68
66
66
63
64
61
62
59
55
53
54
48
42
44
37
38
36
37
36
33
31
24
18
17
15
12
10
13
8
2
-2
-9
-8
-10
-16
-17
-17
-21
-21
-21
-26
-25
-24
-23
-28
-30
-30
-27
-34
-33
-33
-37
-36
-41
-43
-50
-48
-47
-47
-50
-52
-54
-50
-49
-50
-50
-50
-53
-57
-54
-58
-59
-66
-66
-67
-69
-72
-73
-76
-81
-80
-86
-91
-90
-89
-91
-94
-96
-102
-101
-101
-106
-110
-111
-110
-114
-115
-118
-114
-110
-112
-108
-105
-107
-106
-104
-105
-106
-106
-109
-106
-101
-97
-95
-94
-92
-87
-84
-84
-84
-76
-72
-72
-68
-64
-63
-65
-65
-59
-57
-56
-55
-51
-46
-45
-43
-42
-43
-43
-38
-35
-37
-33
-33
-36
-40
-40
-36
-34
-33
-34
-30
-23
-25
-25
-18
-17
-18
-17
-14
-11
-7
-8
-5
-2
-1
5
5
11
11
12
16
18
19
23
26
25
25
28
33
31
33
35
34
38
38
38
40
39
44
44
44
49
51
50
52
56
57
57
56
54
52
53
56
58
55
58
59
60
57
58
61
59
57
62
63
65
64
69
70
67
71
67
72
72
73
69
70
71
69
74
74
73
70
70
76
77
74
76
78
79
80
76
79
75
73
77
79
76
77
76
69
76
71
70
71
71
68
69
68
68
68
70
70
69
69
70
74
75
73
72
73
71
67
71
70
67
68
69
66
63
64
61
56
55
53
55
50
50
52
49
51
43
45
49
43
45
41
36
39
38
38
38
39
38
39
36
37
34
33
31
31
26
25
23
21
26
22
26
26
23
19
18
16
14
15
17
13
13
8
7
5
3
3
-1
-3
-4
-3
-6
-6
-7
-6
-7
-10
-7
-11
-12
-13
-10
-13
-14
-20
-24
-27
-28
-27
-29
-32
-32
-31
-36
-36
-33
-38
-38
-41
-43
-45
-45
-42
-46
-47
-46
-41
-44
-42
-47
-49
-44
-46
-44
-45
-44
-49
-49
-48
-51
-54
-55
-54
-56
-54
-56
-54
-53
-51
-50
-50
-49
-51
-53
-52
-51
-53
-56
-56
-58
-59
-57
-55
-50
-47
-48
-49
-46
-46
-46
-50
-48
-47
-49
-50
-45
-47
-45
-52
-54
-53
-51
-50
-53
-50
-53
-51
-46
-46
-48
-44
-43
-41
-41
-36
-34
-31
-32
-29
-25
-23
-18
-19
-21
-18
-17
-14
-10
-9
-7
-5
-9
-4
9
9
10
13
17
20
25
23
20
18
26
28
24
26
29
34
29
34
35
36
42
40
44
48
50
52
56
55
58
58
58
58
62
65
64
68
67
65
67
69
72
70
71
73
75
73
74
77
74
79
78
77
82
83
81
80
81
81
86
82
85
82
82
88
80
86
83
85
87
88
93
88
91
91
88
90
93
91
90
91
95
93
92
88
88
87
83
79
79
78
76
75
66
69
65
67
69
68
65
64
62
61
61
59
61
57
59
54
54
60
58
56
57
55
51
53
53
54
50
49
44
44
40
36
37
35
30
29
29
26
19
21
22
14
15
12
5
5
3
-1
-2
-5
-9
-12
-19
-20
-16
-19
-20
-22
-18
-17
-21
-18
-20
-23
-21
-27
-27
-27
-29
-28
-32
-28
-31
-33
-35
-34
-32
-37
-36
-31
-33
-36
-32
-39
-32
-34
-34
-33
-34
-33
-32
-34
-35
-30
-34
-36
-35
-38
-39
-37
-41
-39
-40
-37
-38
-37
-38
-40
-39
-37
-37
-40
-34
-40
-39
-39
-32
-35
-35
-32
-37
-33
-34
-33
-27
-32
-30
-29
-27
-26
-28
-25
-27
-24
-31
-29
-22
-26
-27
-26
-25
-26
-23
-19
-18
-17
-20
-16
-14
-15
-14
-12
-15
-13
-12
-12
-7
-7
-6
-6
-4
-6
-6
-1
-2
-2
-3
-2
-3
-4
-5
-7
-5
-9
-6
-9
-11
-8
-6
-2
0
-2
-4
-3
-1
0
3
6
8
10
9
10
15
14
19
20
20
22
22
21
21
22
25
31
28
26
28
28
31
34
29
31
32
35
37
35
36
38
38
35
33
32
28
33
32
27
25
26
30
31
29
35
32
35
35
38
41
39
40
42
42
38
37
38
38
44
46
44
47
52
53
51
56
58
56
58
60
62
64
61
62
64
64
61
63
61
61
61
58
60
61
59
60
59
53
