6
5
4
6
14
13
11
12
12
16
13
10
11
11
13
15
13
12
16
17
15
15
13
10
14
17
10
11
10
10
10
12
15
11
10
9
6
8
8
6
7
3
3
9
8
7
15
14
13
14
17
18
17
14
14
15
9
9
12
14
9
10
11
12
12
13
18
18
15
16
20
15
20
17
17
14
12
16
12
18
21
18
20
16
15
16
15
16
15
14
14
12
12
11
9
8
5
3
7
4
-2
2
1
-2
4
0
-3
-3
-4
-2
-5
-4
-2
-5
-3
-5
-4
1
1
-1
-2
3
-1
-1
1
-5
-3
-5
-5
-5
-5
-5
-6
-5
-7
-5
-3
-4
-9
-8
-7
-7
-11
-12
-6
-9
-13
-15
-19
-14
-12
-12
-10
-8
-6
-3
1
1
0
-1
5
1
-3
-1
-3
0
-3
2
1
3
6
4
12
12
8
12
12
15
16
21
23
18
26
24
29
30
30
27
23
24
21
24
23
22
25
24
23
20
20
21
21
28
31
32
32
28
29
30
31
33
39
41
38
39
38
37
39
36
36
34
34
39
39
39
42
41
40
39
39
41
39
42
44
40
42
40
34
34
35
36
34
38
41
35
40
41
40
42
40
37
38
38
39
43
41
41
42
40
43
40
42
42
35
39
41
40
40
39
41
41
38
42
45
42
49
47
46
43
41
43
39
42
39
36
34
36
37
35
37
33
32
35
37
35
35
34
32
28
31
33
32
31
29
34
32
32
39
33
33
33
33
31
32
34
31
27
23
25
20
14
18
15
19
18
15
17
10
8
11
8
7
8
13
10
9
13
12
14
17
17
13
17
16
17
18
19
18
18
18
22
22
24
23
23
23
23
23
22
18
18
18
17
18
15
17
13
10
11
10
14
16
13
12
11
11
10
10
13
8
9
12
13
10
13
11
10
13
9
12
14
11
10
11
13
15
14
17
20
18
21
25
25
26
26
24
25
27
28
26
24
28
26
30
25
25
32
29
25
26
29
31
27
27
26
24
23
25
26
25
26
24
26
25
23
27
23
22
26
29
27
28
31
31
31
29
34
34
33
31
34
34
30
33
35
40
38
36
38
42
39
38
40
39
37
37
31
35
35
31
32
27
27
24
26
29
29
31
30
25
26
28
22
22
22
22
21
25
23
22
28
28
30
35
36
36
37
34
39
38
41
40
37
43
41
38
38
37
41
41
42
43
43
48
45
51
50
51
49
48
52
49
51
52
51
50
52
57
53
52
52
53
56
54
54
57
58
56
54
55
54
53
47
49
55
49
57
52
49
52
53
50
47
46
46
48
45
47
43
44
48
46
47
48
45
45
43
44
43
41
46
45
44
44
42
40
42
46
44
42
41
44
46
50
46
41
42
43
43
41
41
42
42
36
42
41
41
44
46
49
48
47
43
45
44
46
48
45
47
45
48
45
42
45
49
49
46
49
50
48
46
50
47
45
44
39
37
33
39
42
40
44
43
43
39
40
43
43
40
41
45
44
43
40
36
41
38
36
34
32
35
33
29
34
36
33
38
36
34
34
32
35
36
34
33
32
34
32
31
32
27
28
27
26
24
27
27
21
23
22
20
21
24
26
27
23
25
26
29
24
28
29
20
23
22
20
20
22
17
18
17
18
19
16
18
20
19
17
15
14
18
10
15
17
16
17
18
17
20
21
19
24
22
24
25
26
23
25
23
26
25
22
25
22
23
23
30
30
30
29
27
28
30
29
26
30
31
37
34
31
35
36
36
40
41
42
44
44
44
50
48
46
45
46
45
44
46
44
42
44
41
40
43
43
43
43
45
45
51
49
46
50
52
57
57
55
56
55
56
56
55
54
55
56
55
57
53
56
53
56
55
48
49
50
50
47
47
44
44
42
44
45
42
43
42
44
41
41
44
45
45
45
42
41
41
40
39
38
36
36
36
32
34
26
24
21
25
22
17
21
21
27
22
21
19
21
23
25
18
19
28
25
23
27
28
26
32
26
28
26
25
26
27
30
25
24
32
26
28
28
27
26
24
24
24
27
22
22
22
25
23
22
25
29
25
27
24
24
29
25
25
28
29
28
27
25
26
21
21
18
18
17
19
17
17
18
20
20
23
23
21
21
22
21
19
24
18
22
21
22
21
20
18
18
18
18
18
17
20
21
16
16
15
22
18
15
18
19
17
21
22
22
25
24
24
22
25
19
20
19
16
19
22
18
16
15
16
15
10
12
9
8
8
10
10
7
9
12
13
13
13
12
10
15
18
18
24
24
25
27
29
25
26
25
28
28
25
24
28
22
21
20
22
21
20
16
12
16
11
9
4
10
6
2
6
1
1
4
9
4
6
7
4
-1
0
5
1
0
-3
1
3
-2
2
4
10
6
3
6
2
4
1
1
3
1
5
5
10
11
6
9
8
5
8
8
9
9
5
11
9
9
12
7
13
15
10
10
10
13
7
6
11
7
8
5
6
5
4
7
3
1
2
4
8
9
8
7
5
5
8
6
8
9
7
11
7
13
13
12
12
10
4
-3
1
5
9
8
10
10
13
13
10
8
9
7
8
8
10
10
12
13
12
7
11
13
13
14
10
11
10
14
15
15
18
19
18
14
14
16
17
17
16
13
15
10
12
14
14
16
12
13
9
13
14
14
15
12
16
13
12
12
10
9
5
8
8
5
6
6
4
5
4
7
2
-2
3
-4
-5
-4
-6
-6
-4
-2
-5
-3
-1
2
1
0
0
-4
-2
-3
2
-5
-8
-6
-5
-7
-9
-6
-4
-2
-1
5
12
20
58
103
128
124
97
72
50
26
13
41
75
90
82
71
73
73
79
72
59
39
14
-26
-61
-88
-92
-71
-40
-19
-5
1
-42
-76
-108
-111
-104
-100
-96
-91
-109
-128
-138
-121
-102
-86
-88
-99
-97
-94
-86
-87
-69
-67
-64
-59
-40
-30
-22
-10
-6
-11
-14
-20
-26
-32
-30
-31
-39
-34
-37
-51
-69
-81
-74
-66
-66
-58
-56
-49
-27
-3
18
29
37
48
64
80
97
108
125
151
167
173
168
157
142
120
99
81
71
62
55
47
40
46
45
44
37
19
4
-3
-7
-6
12
25
30
38
50
46
30
2
-29
-44
-52
-50
-48
-52
-36
-23
-23
-29
-49
-71
-89
-111
-133
-136
-120
-88
-78
-75
-56
-42
-53
-78
-107
-124
-141
-157
-156
-142
-128
-124
-126
-133
-126
-131
-149
-159
-165
-170
-174
-174
-172
-174
-186
-192
-195
-187
-139
-55
10
48
87
182
291
350
349
345
368
404
426
420
408
402
395
395
385
349
311
269
215
143
62
9
-23
-63
-118
-168
-173
-165
-170
-196
-215
-211
-196
-178
-163
-157
-135
-88
-27
19
53
96
130
155
167
171
191
200
189
173
174
203
235
249
247
243
240
232
207
164
110
72
42
8
-27
-53
-69
-85
-103
-117
-117
-115
-114
-124
-134
-114
-88
-65
-52
-39
-17
7
28
30
28
25
26
26
8
-21
-37
-53
-85
-115
-141
-158
-176
-197
-225
-238
-242
-250
-270
-305
-329
-338
-348
-357
-366
-366
-361
-344
-321
-311
-316
-326
-343
-354
-353
-293
-162
-44
24
76
202
385
502
516
495
525
562
561
524
502
516
506
485
464
448
434
391
317
219
119
51
-12
-103
-219
-292
-296
-282
-293
-317
-309
-272
-252
-254
-250
-222
-190
-174
-157
-124
-67
8
82
135
174
244
323
357
334
296
294
298
269
223
214
238
261
257
243
251
262
239
176
95
37
7
-43
-116
-178
-192
-158
-132
-129
-123
-100
-58
-36
-49
-58
-43
-19
-12
-13
8
49
88
109
113
120
128
124
77
6
-48
-89
-121
-178
-237
-265
-271
-270
-283
-303
-316
-320
-339
-380
-423
-445
-456
-480
-494
-489
-448
-417
-415
-426
-432
-424
-383
-283
-163
-87
-42
56
244
425
517
554
614
694
727
701
673
661
626
559
502
477
462
439
394
327
248
182
132
54
-78
-209
-288
-329
-381
-435
-445
-411
-373
-345
-304
-244
-187
-156
-138
-132
-124
-95
-51
-22
2
60
157
249
295
327
373
410
399
349
299
252
227
204
175
170
190
215
223
223
216
202
171
115
43
-35
-90
-136
-173
-207
-199
-167
-115
-72
-42
3
42
59
51
34
18
10
-1
-11
-19
-10
16
34
42
40
33
22
-11
-65
-121
-172
-214
-260
-307
-337
-342
-342
-347
-358
-366
-370
-380
-403
-432
-457
-469
-489
-527
-555
-568
-573
-556
-464
-312
-185
-114
-27
152
354
479
523
570
648
694
688
654
643
634
589
539
507
499
486
462
404
329
266
219
153
29
-111
-209
-275
-344
-419
-460
-450
-433
-422
-394
-337
-272
-234
-213
-201
-186
-157
-121
-117
-120
-84
-3
80
127
175
248
321
359
363
357
347
317
264
199
142
125
134
127
117
133
168
216
225
199
160
119
88
27
-55
-128
-169
-194
-208
-196
-162
-103
-47
-7
33
85
114
113
87
55
40
19
-13
-53
-82
-81
-68
-61
-60
-60
-49
-54
-73
-102
-136
-167
-220
-284
-333
-367
-402
-430
-454
-469
-463
-449
-435
-426
-433
-457
-488
-509
-540
-551
-477
-360
-277
-232
-119
111
330
447
510
615
755
814
785
752
747
709
614
526
493
486
459
414
362
331
337
320
248
140
37
-21
-100
-225
-340
-395
-417
-467
-500
-469
-387
-321
-288
-240
-166
-91
-56
-46
-51
-45
-14
14
17
14
54
121
177
208
260
327
362
353
326
311
295
243
166
92
68
76
62
42
40
70
107
127
129
118
109
88
45
-11
-49
-87
-120
-144
-149
-120
-78
-42
-14
35
89
131
131
113
94
77
44
-14
-66
-102
-133
-162
-180
-181
-164
-160
-160
-164
-163
-171
-198
-248
-312
-357
-406
-458
-503
-536
-549
-554
-546
-534
-526
-521
-512
-519
-514
-445
-336
-264
-243
-176
9
198
287
342
462
616
688
681
698
752
757
667
582
576
581
514
416
352
328
311
259
185
116
69
29
-42
-129
-195
-231
-277
-352
-407
-392
-350
-369
-395
-351
-259
-192
-166
-142
-82
-23
3
26
59
93
116
129
141
168
202
236
232
216
235
258
257
219
188
161
144
127
95
74
71
60
45
52
72
87
71
46
44
57
49
20
-15
-29
-39
-53
-62
-48
-32
-15
11
42
67
90
99
89
78
67
49
10
-39
-87
-117
-138
-160
-182
-187
-185
-189
-191
-202
-209
-223
-250
-286
-321
-353
-389
-433
-470
-497
-506
-517
-541
-562
-565
-561
-552
-489
-369
-274
-232
-155
13
195
291
350
451
593
668
670
689
752
761
682
613
625
638
569
477
430
418
391
325
258
208
146
69
-8
-81
-141
-198
-273
-344
-391
-378
-362
-386
-398
-360
-284
-247
-234
-188
-126
-86
-73
-42
23
60
53
57
90
137
166
173
173
187
207
223
211
196
190
166
119
96
103
101
85
56
51
83
104
101
81
76
103
107
86
65
54
43
19
-3
-8
11
7
-2
13
54
91
97
102
115
128
127
106
74
31
-10
-52
-98
-134
-164
-197
-218
-225
-218
-206
-204
-210
-223
-229
-246
-284
-330
-375
-417
-458
-491
-509
-518
-544
-570
-572
-563
-551
-493
-380
-287
-231
-165
-7
186
290
350
454
603
686
688
708
772
781
699
634
643
651
573
478
444
440
401
319
261
221
155
71
-11
-84
-157
-231
-302
-371
-418
-424
-419
-444
-446
-403
-337
-299
-281
-233
-174
-134
-119
-80
-18
13
12
32
87
126
145
152
160
175
195
204
202
197
188
162
134
123
133
126
100
83
76
99
108
98
87
85
104
103
86
75
66
48
24
16
17
23
2
-8
15
45
66
67
70
79
86
78
59
38
4
-32
-79
-117
-145
-185
-223
-254
-264
-256
-249
-256
-267
-266
-264
-280
-311
-328
-348
-386
-426
-458
-470
-485
-517
-560
-572
-556
-562
-550
-452
-328
-255
-197
-64
144
300
379
464
620
745
760
755
795
832
767
676
647
665
617
512
463
464
441
372
301
261
212
121
25
-50
-119
-199
-275
-353
-397
-414
-410
-424
-440
-406
-345
-290
-271
-237
-162
-113
-96
-59
12
58
52
55
99
143
151
146
157
179
197
201
202
209
215
195
162
153
162
155
117
94
85
95
99
84
70
70
83
80
80
74
82
65
40
32
33
33
11
-14
1
21
33
25
22
45
42
31
12
7
-15
-58
-98
-136
-156
-185
-221
-250
-260
-259
-257
-269
-271
-266
-262
-274
-298
-309
-328
-359
-398
-427
-434
-450
-482
-521
-543
-551
-561
-579
-545
-430
-330
-269
-205
-39
170
287
352
468
633
724
713
723
792
806
719
636
641
650
571
465
432
435
394
306
239
214
155
65
-20
-82
-137
-216
-307
-374
-416
-436
-453
-475
-482
-446
-387
-356
-331
-261
-182
-144
-118
-59
24
58
46
68
116
145
133
132
160
183
185
189
211
237
243
219
207
219
217
184
151
138
129
112
92
79
82
79
72
71
82
94
91
76
72
76
72
59
34
28
35
30
15
5
21
17
6
-9
-13
-8
-36
-70
-87
-98
-120
-155
-190
-201
-214
-238
-250
-261
-262
-264
-274
-283
-288
-296
-318
-347
-366
-381
-398
-430
-455
-470
-488
-512
-536
-542
-543
-518
-431
-330
-267
-204
-66
127
254
328
437
595
692
701
723
798
826
747
658
657
661
573
447
395
380
322
234
175
163
114
29
-38
-78
-117
-192
-278
-346
-390
-411
-443
-480
-495
-471
-427
-395
-357
-275
-191
-145
-108
-36
58
94
76
91
137
157
142
133
152
170
166
170
193
226
234
209
194
202
210
177
145
140
133
124
97
97
109
97
96
97
119
138
131
113
109
110
95
75
45
24
16
5
-13
-18
-11
-11
-17
-11
7
18
6
-19
-43
-53
-75
-117
-160
-181
-201
-221
-236
-244
-239
-240
-246
-247
-241
-241
-263
-290
-314
-340
-364
-401
-432
-453
-483
-520
-544
-555
-562
-554
-484
-379
-309
-252
-139
47
197
282
383
535
663
696
710
771
818
762
669
635
632
572
454
381
361
323
249
180
161
133
58
-12
-63
-108
-179
-261
-344
-396
-435
-463
-502
-530
-508
-467
-425
-389
-323
-230
-166
-122
-69
16
72
71
74
106
140
136
123
131
155
161
157
175
208
233
231
236
259
276
260
228
208
196
166
120
86
61
30
1
-23
-24
-22
-30
-29
-22
-3
6
9
7
0
5
8
3
-8
-2
5
7
-2
-6
3
-3
-31
-46
-54
-64
-82
-109
-116
-128
-138
-154
-173
-184
-200
-223
-254
-276
-292
-315
-347
-369
-378
-386
-396
-413
-417
-408
-401
-417
-436
-442
-445
-457
-449
-378
-286
-233
-186
-70
115
256
341
442
591
710
745
766
822
848
778
681
634
618
532
401
319
287
244
170
111
101
80
14
-40
-65
-89
-153
-234
-302
-345
-376
-412
-457
-480
-453
-416
-388
-352
-275
-183
-131
-90
-21
68
114
103
109
153
194
178
161
178
197
186
170
177
197
212
198
194
217
243
237
209
200
207
188
150
114
88
62
17
-18
-34
-47
-58
-77
-82
-61
-40
-39
-33
-20
3
19
8
4
8
6
-16
-32
-34
-37
-61
-85
-86
-73
-77
-91
-98
-90
-90
-110
-128
-145
-157
-185
-222
-254
-271
-299
-334
-359
-380
-391
-408
-423
-424
-420
-407
-407
-418
-421
-422
-427
-430
-390
-304
-239
-200
-141
0
166
263
346
471
610
687
697
733
792
778
682
606
586
547
430
312
261
230
169
89
55
61
24
-33
-70
-84
-114
-182
-252
-309
-345
-379
-418
-457
-465
-438
-416
-388
-341
-259
-192
-150
-93
-13
74
104
109
137
186
198
175
163
172
174
155
142
157
182
196
199
213
260
289
284
272
259
251
209
169
130
87
40
-13
-43
-57
-77
-92
-96
-84
-61
-46
-31
-24
-12
10
20
11
3
-1
-7
-20
-35
-27
-26
-42
-52
-43
-33
-33
-40
-50
-45
-52
-77
-96
-124
-162
-197
-239
-275
-308
-341
-373
-401
-418
-427
-426
-424
-412
-400
-376
-365
-371
-376
-375
-376
-373
-321
-251
-199
-170
-90
57
187
270
361
489
614
660
683
742
781
737
641
588
570
492
366
271
227
185
114
60
49
31
-9
-52
-69
-82
-120
-189
-255
-301
-331
-366
-417
-448
-456
-438
-416
-389
-335
-255
-194
-147
-87
8
80
100
117
158
205
208
196
197
202
191
179
185
208
229
230
239
272
307
321
310
306
304
281
242
206
170
122
66
19
-10
-36
-59
-77
-81
-66
-49
-31
-13
-4
20
40
48
47
44
46
31
15
5
-1
-10
-28
-32
-24
-18
-26
-29
-24
-21
-37
-53
-68
-91
-129
-178
-218
-251
-289
-326
-361
-379
-388
-393
-392
-382
-365
-343
-323
-308
-307
-314
-322
-333
-339
-311
-254
-220
-191
-125
10
142
228
312
439
569
628
660
715
758
728
642
583
560
491
374
273
225
185
119
55
39
30
-16
-57
-83
-92
-128
-195
-259
-309
-346
-387
-438
-474
-485
-474
-456
-438
-386
-317
-260
-211
-144
-52
31
57
79
125
167
184
172
177
182
171
152
155
170
188
192
193
227
258
268
264
259
259
242
202
161
119
70
12
-41
-81
-111
-134
-156
-165
-146
-126
-105
-87
-69
-40
-19
-6
-8
0
4
-8
-22
-27
-28
-33
-43
-48
-34
-23
-27
-27
-27
-29
-37
-61
-88
-115
-154
-200
-244
-277
-312
-343
-363
-382
-390
-383
-376
-363
-354
-325
-295
-272
-274
-290
-293
-309
-331
-315
-260
-220
-204
-155
-31
113
211
295
414
555
643
673
727
782
773
693
619
589
537
421
303
235
198
134
65
37
28
-2
-45
-64
-70
-93
-146
-202
-251
-287
-318
-362
-413
-433
-431
-420
-408
-375
-304
-242
-192
-134
-37
53
96
126
171
226
245
232
235
242
224
202
189
202
213
211
206
221
255
277
277
267
273
269
237
203
165
120
62
-1
-49
-86
-120
-151
-175
-168
-151
-131
-105
-86
-54
-21
-2
15
23
31
22
10
6
-1
-4
-21
-32
-27
-23
-24
-30
-32
-35
-45
-63
-82
-102
-135
-170
-208
-245
-278
-305
-328
-349
-356
-359
-355
-346
-333
-319
-297
-277
-277
-289
-298
-310
-331
-326
-282
-232
-203
-166
-76
68
175
250
353
484
583
618
662
720
733
668
597
565
535
449
339
269
224
171
101
65
55
31
-16
-47
-49
-60
-110
-169
-221
-261
-297
-339
-381
-409
-417
-412
-407
-377
-317
-259
-216
-161
-76
22
87
114
161
216
251
249
247
255
245
215
189
183
184
176
161
161
185
211
216
216
224
219
201
172
143
104
52
-7
-55
-94
-135
-164
-188
-187
-171
-153
-132
-108
-79
-49
-20
-5
16
23
17
10
-4
-8
-18
-36
-54
-59
-63
-70
-80
-85
-86
-90
-100
-114
-122
-146
-175
-205
-233
-261
-293
-316
-336
-355
-359
-365
-363
-358
-353
-336
-318
-303
-304
-316
-323
-333
-339
-317
-269
-223
-195
-147
-40
85
168
245
347
463
538
580
629
678
678
618
565
542
492
395
305
241
191
129
68
39
11
-19
-52
-75
-85
-108
-144
-193
-238
-270
-299
-336
-370
-396
-397
-388
-374
-339
-283
-229
-176
-114
-21
63
110
150
193
242
262
254
252
244
221
187
166
153
145
148
140
158
191
212
227
234
245
241
223
204
167
123
78
26
-23
-61
-94
-117
-135
-131
-119
-105
-84
-66
-42
-15
9
25
40
47
42
30
23
19
6
-11
-23
-30
-31
-38
-44
-47
-43
-45
-49
-57
-73
-92
-117
-140
-170
-203
-235
-266
-293
-311
-325
-328
-329
-333
-322
-303
-291
-291
-292
-289
-293
-296
-268
-222
-183
-150
-104
-7
96
168
249
351
455
520
553
610
653
654
604
561
540
481
397
312
254
197
130
71
39
11
-30
-62
-90
-99
-127
-168
-205
-245
-270
-299
-331
-359
-378
-377
-373
-354
-318
-269
-221
-176
-117
-38
25
71
107
150
188
198
204
205
200
181
159
138
130
128
122
125
128
150
160
180
191
190
185
171
152
128
90
46
7
-34
-74
-110
-133
-147
-157
-152
-136
-115
-90
-70
-41
-18
3
16
26
30
27
25
14
9
-9
-21
-23
-28
-34
-30
-35
-38
-44
-41
-45
-59
-81
-105
-128
-160
-190
-223
-250
-290
-320
-337
-348
-354
-354
-345
-329
-320
-310
-310
-305
-302
-297
-259
-216
-181
-157
-100
6
95
167
247
348
437
491
536
598
631
611
567
541
516
454
372
296
240
179
122
68
39
-2
-45
-80
-95
-112
-148
-184
-224
-253
-278
-301
-331
-352
-363
-354
-346
-331
-297
-254
-218
-176
-121
-55
6
44
81
126
160
171
182
190
192
177
156
148
143
138
131
131
141
161
169
182
193
198
193
185
178
155
119
78
39
2
-35
-78
-107
-122
-130
-132
-122
-104
-87
-67
-43
-19
1
18
23
24
25
20
13
-1
-14
-24
-28
-31
-36
-39
-35
-40
-46
-49
-59
-70
-94
-120
-142
-171
-202
-233
-260
-288
-314
-333
-338
-341
-341
-334
-321
-305
-299
-296
-289
-282
-273
-245
-196
-161
-129
-77
15
106
174
247
337
423
481
517
568
605
598
567
533
516
461
392
327
270
221
159
111
77
41
-4
-37
-65
-86
-107
-143
-183
-209
-229
-249
-271
-290
-303
-303
-299
-285
-255
-226
-192
-163
-121
-61
-7
29
65
109
148
170
184
198
203
198
183
174
170
161
145
138
151
154
161
171
182
195
192
188
185
161
136
105
68
32
-4
-41
-72
-94
-105
-115
-110
-104
-95
-77
-53
-30
-11
3
15
23
27
29
22
18
9
-3
-6
-14
-19
-28
-37
-46
-55
-59
-69
-86
-105
-124
-138
-159
-192
-217
-246
-272
-293
-312
-323
-329
-336
-334
-324
-314
-305
-304
-293
-281
-268
-251
-212
-160
-120
-79
-17
71
141
191
254
333
404
442
463
495
509
492
464
443
418
362
290
232
198
153
92
41
-1
-42
-68
-93
-116
-137
-170
-194
-209
-213
-211
-226
-243
-246
-236
-217
-205
-194
-174
-155
-122
-82
-41
10
42
67
105
147
176
188
190
190
192
184
167
156
136
121
111
103
115
121
117
118
130
138
140
134
125
113
88
71
48
21
4
-18
-35
-40
-43
-39
-28
-13
0
16
33
45
56
63
69
72
61
51
41
27
13
-1
-15
-31
-47
-61
-70
-79
-86
-97
-110
-118
-128
-142
-158
-178
-195
-207
-224
-234
-241
-252
-256
-264
-265
-255
-253
-242
-239
-235
-230
-219
-213
-199
-151
-106
-70
-23
42
116
174
222
288
364
417
435
442
460
464
435
398
367
316
252
195
162
131
84
35
0
-23
-41
-51
-69
-93
-119
-138
-153
-156
-168
-181
-190
-203
-195
-168
-148
-141
-126
-96
-57
-21
10
49
77
99
118
143
163
166
155
147
137
125
108
95
79
65
57
53
57
62
68
72
76
82
90
86
84
74
62
47
28
13
-3
-16
-26
-27
-24
-14
-7
3
11
25
41
53
58
60
62
61
56
40
33
17
5
-8
-19
-30
-47
-58
-68
-75
-81
-93
-105
-113
-127
-139
-152
-171
-185
-198
-210
-223
-230
-235
-235
-235
-230
-218
-203
-195
-188
-179
-175
-168
-159
-161
-149
-121
-85
-52
-20
37
96
149
187
242
310
358
374
381
399
407
384
347
314
274
216
164
133
96
49
3
-31
-54
-67
-75
-88
-106
-119
-123
-125
-134
-139
-137
-142
-154
-151
-133
-119
-110
-102
-80
-49
-26
5
36
65
88
101
126
144
150
145
130
122
112
100
82
68
63
52
49
50
57
60
67
68
73
75
74
64
55
47
32
19
4
-8
-20
-20
-25
-21
-12
-1
10
19
33
47
49
50
56
58
60
54
46
36
24
16
3
-5
-14
-28
-39
-53
-61
-70
-83
-96
-114
-126
-134
-149
-163
-172
-180
-182
-188
-188
-186
-190
-189
-190
-181
-167
-159
-158
-156
-158
-157
-153
-154
-138
-109
-78
-44
-6
38
95
141
180
231
283
322
330
335
348
345
324
289
255
220
174
132
104
72
29
-4
-35
-54
-66
-75
-93
-105
-115
-122
-121
-128
-123
-122
-129
-127
-123
-107
-89
-80
-70
-50
-22
3
31
52
71
89
103
115
124
124
119
112
110
105
98
86
81
76
74
67
59
62
57
53
38
32
31
20
13
-5
-13
-17
-28
-31
-34
-35
-27
-16
-9
0
8
16
22
27
36
35
33
30
32
31
26
25
18
15
9
5
1
-7
-18
-28
-44
-57
-69
-87
-110
-125
-140
-154
-163
-176
-185
-192
-196
-191
-183
-180
-177
-172
-161
-151
-143
-136
-130
-123
-123
-119
-122
-118
-113
-106
-86
-56
-32
-5
35
73
108
138
182
214
238
245
246
244
236
217
189
161
120
83
47
22
0
-32
-57
-79
-94
-101
-106
-113
-119
-119
-116
-116
-113
-110
-111
-109
-105
-97
-85
-71
-61
-51
-33
-17
2
24
46
60
67
76
85
91
88
90
84
78
76
72
68
63
59
51
52
48
46
37
32
27
20
9
-4
-7
-14
-20
-27
-22
-23
-21
-15
-6
-1
11
13
19
25
30
34
31
27
31
28
28
34
30
25
21
18
20
12
1
-14
-27
-42
-59
-66
-80
-100
-113
-120
-129
-137
-141
-147
-149
-144
-139
-135
-135
-126
-123
-116
-107
-97
-93
-90
-82
-79
-73
-66
-55
-52
-41
-35
-28
-22
-9
3
14
33
46
63
81
99
107
126
140
151
159
161
160
146
139
128
113
88
62
37
11
-7
-20
-33
-47
-55
-60
-64
-60
-58
-54
-47
-41
-36
-34
-31
-29
-24
-26
-21
-18
-9
-5
-4
2
10
17
21
23
35
40
46
52
51
52
52
50
45
43
39
34
27
18
13
12
6
5
0
-6
-9
-14
-17
-16
-14
-16
-12
-10
-8
-5
-5
-3
1
-4
-7
-6
-11
-11
-12
-7
-5
-5
-5
-3
-2
-2
-4
-6
-10
-21
-28
-39
-48
-65
-76
-88
-100
-105
-119
-123
-128
-127
-127
-123
-118
-116
-108
-104
-98
-91
-84
-85
-81
-77
-76
-67
-64
-59
-61
-47
-40
-37
-27
-25
-18
-13
-14
-13
-15
-23
-32
-38
-48
-53
-55
-60
-58
-60
-51
-51
-46
-33
-18
-7
1
8
16
25
32
40
42
42
41
47
43
46
46
43
43
44
42
46
48
44
45
43
44
42
37
35
30
19
17
11
9
6
0
-4
-4
-5
-5
-1
5
6
3
8
11
12
13
6
4
0
-6
-13
-16
-17
-21
-27
-36
-39
-40
-45
-50
-56
-54
-56
-59
-64
-67
-68
-73
-78
-79
-72
-68
-65
-60
-61
-55
-54
-52
-48
-47
-50
-54
-53
-58
-63
-61
-66
-69
-69
-66
-69
-68
-67
-64
-67
-65
-60
-58
-53
-50
-52
-46
-36
-38
-29
-22
-18
-17
-11
-1
-2
-5
-4
-8
-10
-14
-16
-20
-23
-28
-31
-31
-32
-29
-23
-19
-20
-13
-3
0
10
13
14
21
24
27
29
30
27
23
28
28
25
26
23
30
29
33
39
45
48
54
56
55
60
56
49
43
43
37
29
23
17
15
11
12
14
11
11
14
16
20
19
24
29
20
19
11
6
3
-8
-20
-26
-28
-35
-38
-39
-42
-44
-45
-40
-44
-43
-37
-39
-36
-38
-40
-45
-47
-48
-53
-53
-51
-50
-48
-48
-39
-34
-33
-25
-26
-24
-23
-22
-26
-32
-36
-41
-39
-46
-45
-47
-52
-51
-50
-52
-47
-46
-46
-45
-40
-37
-37
-30
-32
-30
-23
-17
-10
-3
-3
-1
-1
2
4
4
1
-1
-2
-10
-10
-17
-21
-25
-32
-32
-38
-42
-50
-51
-50
-53
-51
-56
-56
-58
-59
-58
-55
-57
-55
-61
-60
-53
-48
-43
-38
-26
-23
-14
-10
-1
4
9
13
15
19
20
22
19
17
13
10
8
2
0
-5
-5
-6
-10
-9
-11
-5
-3
-1
0
1
1
-2
-1
-5
-4
-13
-15
-19
-18
-20
-24
-22
-28
-28
-27
-26
-22
-18
-22
-19
-20
-18
-19
-26
-27
-29
-31
-32
-36
-38
-38
-41
-36
-33
-31
-27
-26
-22
-21
-20
-16
-10
-13
-16
-10
-13
-13
-14
-16
-15
-14
-8
-6
-4
-7
0
4
4
7
8
10
13
15
11
17
16
15
11
12
9
9
5
8
6
3
-1
-9
-10
-15
-14
-18
-15
-18
-20
-24
-24
-21
-28
-28
-33
-38
-41
-37
-37
-40
-44
-48
-48
-48
-43
-44
-47
-39
-28
-29
-26
-17
-14
-9
-3
1
5
13
15
14
20
16
9
6
5
2
-4
-6
-7
-10
-10
-7
-7
-8
-4
-4
-4
2
4
4
1
-3
0
-5
-9
-8
-11
-12
-8
-8
-7
-5
-3
-1
-4
-1
3
3
0
2
-2
-4
-6
-12
-17
-18
-15
-17
-20
-20
-22
-24
-21
-15
-19
-23
-17
-19
-20
-20
-19
-20
-21
-25
-21
-18
-17
-19
-22
-15
-12
-12
-8
-12
-10
-3
-4
-3
0
2
1
-2
-1
-1
-1
-6
-4
-2
-4
-1
-2
1
0
-6
-5
-10
-9
-11
-14
-8
-15
-20
-18
-20
-21
-26
-24
-28
-26
-29
-30
-31
-31
-32
-42
-40
-40
-37
-31
-25
-27
-20
-18
-18
-12
-14
-6
1
1
1
3
11
10
9
5
3
6
1
-3
-4
-11
-6
-7
-6
-11
-12
-6
-10
-9
-10
-4
-7
-3
-3
-3
-3
-5
0
-5
-7
-6
-5
-4
0
1
6
8
11
16
14
19
18
18
19
15
13
6
0
2
-3
-6
-8
-6
-10
-14
-8
-8
-8
-9
-4
-5
-1
-3
-4
3
3
3
5
6
5
5
-1
0
-2
1
5
-2
4
9
8
13
7
11
9
6
10
9
5
5
2
3
1
-4
2
-1
0
-1
-1
2
-1
-1
0
3
0
-5
0
-2
-6
-5
-14
-15
-16
-18
-20
-21
-25
-22
-24
-28
-26
-23
-17
-18
-12
-9
-5
-5
-5
1
1
1
4
10
12
10
16
17
16
16
18
15
13
17
17
16
12
15
13
10
15
17
13
8
9
10
6
4
2
3
4
1
2
4
5
3
6
7
4
6
4
6
0
4
6
3
3
4
6
3
1
0
-2
-5
-5
-5
-7
-7
-5
-7
-10
-11
-7
-9
-9
-9
-11
-12
-14
-13
-16
-16
-18
-19
-22
-20
-20
-22
-22
-22
-22
-20
-21
-17
-13
-10
-9
-9
-11
-10
-7
-14
-12
-15
-15
-16
-18
-20
-18
-19
-24
-23
-23
-27
-29
-28
-26
-27
-28
-29
-27
-34
-32
-30
-35
-37
-37
-37
-40
-40
-42
-44
-43
-42
-43
-41
-41
-38
-38
-34
-31
-28
-24
-20
-18
-16
-11
-6
-9
-2
-1
-2
0
-2
-3
-1
1
2
-1
1
3
-1
0
1
2
2
3
7
9
7
7
6
11
9
5
3
2
4
3
6
6
7
6
11
10
11
11
14
11
14
16
13
10
4
10
7
4
6
4
4
4
3
3
8
11
11
14
15
17
14
16
15
18
16
13
16
11
12
10
8
14
12
12
14
17
13
16
18
17
20
22
22
18
19
21
22
20
24
21
22
18
20
23
17
20
17
14
16
13
12
11
9
8
9
11
9
7
8
7
8
6
7
9
5
2
3
3
2
-2
-1
0
2
1
2
2
-1
5
6
6
10
12
11
16
18
15
13
14
15
15
14
11
13
13
13
12
5
7
5
6
4
2
9
4
8
6
4
3
-1
0
1
4
-6
-6
-7
-8
-11
-14
-10
-14
-16
-17
-18
-18
-17
-19
-16
-20
-25
-22
-23
-27
-23
-25
-27
-19
-21
-22
-19
-16
-10
-12
-14
-12
-15
-17
-15
-16
-17
-19
-19
-13
-20
-19
-17
-19
-17
-15
-11
-11
-9
-10
-7
-5
-7
-2
0
-3
2
0
-1
-3
-5
-7
-11
-9
-9
-13
-14
-15
-16
-22
-21
-20
-20
-23
-27
-26
-26
-25
-22
-23
-22
-22
-22
-24
-20
-18
-19
-20
-22
-22
-20
-20
-21
-27
-33
-34
-33
-34
-33
-30
-26
-26
-26
-22
-17
-12
-9
-9
-13
-10
-7
-10
-11
-8
-7
-9
-7
-4
-6
-13
-16
-10
-7
-11
-7
-4
-5
-4
-1
-1
-5
-7
-10
-11
-15
-10
-18
-19
-17
-19
-20
-21
-22
-25
-22
-24
-29
-28
-26
-25
-27
-27
-23
-23
-26
-28
-25
-23
-24
-21
-18
-14
-12
-14
-12
-13
-6
-8
-7
-2
-7
-6
-4
-3
-3
-5
-3
-5
-2
-4
4
3
8
7
8
8
8
9
11
7
7
12
6
11
10
5
5
6
3
4
1
3
-2
-1
-1
1
0
-1
-1
-4
-4
-3
-3
-4
-3
-3
1
5
8
7
9
9
11
9
7
10
11
11
9
9
9
13
11
8
13
13
17
19
20
21
25
22
25
23
25
28
24
28
21
22
24
24
20
23
24
22
26
27
29
31
32
34
29
32
30
33
31
25
26
26
21
18
15
11
12
9
7
6
7
2
4
2
-1
1
0
-3
-5
-6
-4
-2
-4
-7
-3
0
-3
1
-3
-3
5
2
3
3
0
-1
-6
-7
-9
-11
-14
-13
-19
-18
-16
-19
-15
-16
-17
-17
-19
-18
-16
-17
-18
-18
-21
-19
-18
-17
-24
-23
-25
-26
-26
-27
-29
-32
-35
-35
-32
-36
-38
-36
-38
-44
-43
-42
-38
-38
-44
-39
-41
-43
-38
-36
-40
-38
-41
-46
-42
-41
-35
-39
-36
-34
-36
-36
-31
-29
-30
-25
-28
-26
-23
-24
-22
-19
-15
-8
-9
-12
-9
-8
-4
-2
-6
-2
-4
-3
-2
-6
-5
-10
-8
-5
-7
-8
-10
-10
-10
-9
-5
-3
-4
-4
-7
-5
-4
-5
-4
-4
-3
-9
-6
-6
-11
-2
-5
-5
-7
-5
-4
-1
4
3
3
4
6
3
3
0
1
-2
-7
-1
1
1
1
-1
3
4
1
3
3
4
2
6
9
10
9
11
11
12
15
10
14
13
13
9
9
7
9
6
2
7
0
0
-2
-2
-2
-1
-3
-7
-8
-8
-10
-12
-9
-12
-10
-9
-7
-13
-13
-11
-14
-11
-8
-11
-7
-7
-6
-9
-10
-6
-4
-6
-5
-5
-4
-2
-2
-4
0
1
-3
2
3
6
7
10
17
18
19
21
19
18
19
21
23
23
23
22
20
23
21
21
22
20
20
15
13
15
11
7
13
15
14
13
14
17
17
16
14
13
17
15
17
13
13
15
11
17
16
17
16
15
15
17
22
23
19
18
17
14
16
15
15
18
14
12
14
12
7
6
2
0
3
7
4
6
5
4
8
5
1
-2
4
1
0
-3
0
2
1
1
-10
-12
-12
-16
-18
-17
-12
-13
-13
-5
-9
-12
-12
-11
-11
-13
-17
-16
-18
-19
-22
-21
-27
-25
-20
-22
-22
-20
-22
-21
-20
-21
-17
-18
-18
-16
-14
-17
-16
-13
-14
-10
-11
-11
-8
-14
-8
-6
-2
1
-2
0
-2
-1
-3
-7
-5
-3
-3
-5
-4
-3
-9
-13
-11
-10
-7
-9
-12
-14
-13
-14
-14
-15
-16
-11
-12
-18
-21
-15
-13
-12
-15
-8
-4
-8
-2
-7
-8
-5
-3
1
-1
-1
1
3
2
2
2
7
7
9
6
1
2
4
10
7
6
9
2
6
5
5
3
-1
2
3
4
7
5
8
5
3
5
1
4
4
10
9
7
10
5
9
6
9
4
6
5
7
10
4
3
4
7
6
14
13
12
15
11
14
20
16
16
18
13
12
15
17
18
19
15
14
17
18
19
20
20
21
24
22
20
23
24
19
23
27
27
30
29
32
33
34
33
35
34
35
36
34
34
31
29
31
28
21
22
20
17
13
12
10
8
13
14
17
19
20
17
15
17
19
18
21
21
18
23
25
27
23
21
26
28
26
25
21
24
23
26
26
22
17
20
24
19
19
14
13
14
11
9
8
3
5
5
6
8
7
4
1
4
4
-3
-2
1
-1
0
-5
-4
-5
-9
-6
-10
-6
-5
-7
-1
0
-1
-1
-2
-2
-5
-4
-4
-6
-3
-4
-5
-4
-11
-15
-14
-15
-14
-14
-12
-14
-17
-17
-18
-19
-13
-12
-13
-9
-6
-4
-5
-7
-8
-6
-2
-4
-3
-1
-6
-4
-1
-3
0
-1
-3
-4
-5
0
-1
-1
0
-3
-3
-2
0
0
-3
-4
-4
-5
-3
-3
-3
-3
-7
-4
-4
-4
-5
-5
-3
-2
-2
-3
2
1
1
0
0
1
1
5
2
6
3
6
8
8
9
8
10
9
12
7
5
13
12
15
15
17
16
19
20
14
17
14
15
12
14
17
17
13
13
14
11
17
13
12
13
11
14
13
12
11
7
6
1
3
8
10
5
8
4
5
10
8
9
7
12
8
10
10
5
3
4
3
2
2
6
4
6
6
6
7
8
8
9
12
10
12
17
18
17
18
20
17
13
17
21
22
23
21
21
17
23
21
21
20
17
22
21
22
22
22
24
21
21
19
23
26
22
24
24
22
20
19
25
23
15
16
22
22
24
24
25
25
25
29
27
28
31
29
34
33
32
35
38
38
34
37
32
35
35
32
36
35
38
33
35
34
32
36
39
38
42
38
37
37
34
33
29
26
23
24
26
24
24
25
25
22
26
30
26
29
31
32
35
33
34
30
32
31
33
33
28
31
30
31
29
29
25
25
20
19
20
17
17
15
14
14
10
8
10
9
7
9
9
5
2
2
5
3
2
-1
-1
-1
4
5
4
2
2
-1
1
-1
-3
-4
-2
2
-3
0
2
1
7
6
7
9
4
5
1
3
5
8
7
4
8
10
6
5
8
6
10
10
8
11
13
11
8
7
12
10
11
12
13
11
9
9
10
13
13
13
16
18
14
16
15
15
19
16
12
20
18
11
16
18
19
21
27
27
29
31
26
28
24
22
23
25
23
23
21
19
21
24
27
25
27
25
23
28
24
25
26
27
30
28
28
29
27
28
31
26
26
27
29
25
23
24
27
27
25
27
25
27
26
28
27
27
27
28
27
26
26
27
28
31
35
30
30
34
34
34
37
36
33
42
40
38
33
38
39
38
44
38
42
43
44
45
42
42
43
43
45
46
47
48
51
48
50
48
52
49
45
50
51
53
44
38
41
45
43
42
43
42
43
41
42
39
38
36
37
36
33
32
34
32
29
30
34
38
33
38
39
40
39
37
40
43
39
38
34
34
34
34
37
36
37
39
33
36
38
36
41
39
37
38
35
36
36
37
37
38
37
39
39
34
37
34
33
34
33
33
34
27
28
26
26
24
25
27
24
21
20
18
19
21
20
18
15
16
18
15
14
11
10
12
9
9
10
11
11
7
9
9
8
5
7
8
11
9
4
8
7
5
10
9
13
15
17
18
17
18
14
17
18
18
17
16
20
20
22
19
22
23
21
19
15
20
15
15
13
12
12
11
14
7
8
9
11
12
14
12
13
11
10
14
13
13
12
10
14
11
8
11
6
9
10
7
9
10
8
13
12
15
16
16
12
15
16
10
16
8
6
11
9
12
10
13
12
13
18
19
17
17
23
23
22
27
24
25
25
23
25
25
24
29
30
30
24
29
30
29
27
30
33
33
31
32
33
35
32
25
33
30
30
30
31
28
30
31
26
27
25
24
28
26
25
28
22
22
28
24
26
24
25
24
27
28
28
32
29
34
32
34
35
37
41
44
48
45
44
44
46
48
45
48
45
44
46
37
40
44
45
39
37
41
41
38
36
38
39
42
31
37
37
34
39
40
42
36
39
39
40
39
37
38
38
41
41
43
37
36
42
39
39
35
33
35
35
36
33
27
28
27
29
30
31
37
32
35
33
30
33
37
32
28
31
31
35
32
39
39
39
40
38
40
43
44
41
38
38
36
38
34
33
33
34
34
39
37
35
36
34
35
32
31
27
32
29
29
27
21
23
27
21
20
18
11
15
13
14
12
15
13
14
10
11
14
11
14
9
14
14
12
16
17
20
20
20
21
20
20
15
17
13
14
18
22
18
17
20
17
17
14
14
13
11
8
9
6
10
8
5
8
7
9
3
10
11
6
10
13
10
8
8
7
6
4
7
7
6
7
9
9
8
8
10
11
13
11
11
9
9
8
11
9
6
6
7
6
7
9
8
11
6
6
10
10
10
9
8
7
7
5
5
6
6
2
9
8
10
9
16
19
14
19
23
26
21
23
28
29
25
30
24
29
27
31
35
31
33
29
30
31
28
27
29
29
34
32
29
31
28
34
28
30
35
31
34
34
36
36
38
35
38
39
41
43
37
39
40
41
42
39
42
42
45
48
44
46
49
46
42
37
44
43
35
39
37
42
37
39
41
43
47
44
46
45
47
47
43
52
48
45
49
49
48
42
41
39
43
40
37
35
36
34
31
30
32
30
33
29
26
27
24
19
21
19
22
25
24
24
23
26
22
22
20
26
20
17
26
23
20
19
24
19
17
17
16
16
16
16
