-16
-12
-19
-12
-11
-11
-10
-10
-10
-10
-15
-11
-9
-12
-12
-13
-11
-13
-11
-11
-10
-11
-10
-9
-12
-11
-7
-11
-10
-13
-14
-9
-12
-10
-13
-12
-13
-7
-7
-8
-2
-6
-2
-4
-2
-7
-3
1
-6
-5
-8
-8
-6
-9
-4
0
2
5
6
5
5
2
2
2
5
5
1
-3
-2
-2
-5
-7
-10
-7
-9
-10
-8
-2
-5
-3
0
2
3
6
8
6
7
6
4
6
-1
-1
-3
-4
-6
-3
-4
-6
-9
-5
-5
-10
-10
-6
-3
-5
-4
-4
-1
-7
-6
-2
-3
-8
-4
-3
-5
-5
-6
-5
-8
-8
-7
-2
-4
-3
-3
-4
-1
-5
0
0
-2
-2
0
-5
-9
-9
-15
-15
-19
-19
-18
-20
-16
-12
-16
-15
-12
-14
-12
-15
-14
-12
-15
-14
-15
-17
-20
-13
-16
-14
-15
-17
-17
-18
-17
-15
-14
-16
-17
-21
-21
-20
-20
-20
-15
-16
-13
-19
-19
-19
-20
-19
-15
-13
-15
-13
-14
-11
-14
-15
-13
-11
-5
-10
-6
-9
-8
-6
-6
-5
-4
-7
-2
-3
-2
-6
-7
-4
-8
-2
-5
-1
-2
-5
-1
-3
-4
1
2
-2
-2
-1
-3
-1
-1
-1
5
3
-1
2
3
6
7
5
5
3
2
3
2
4
4
6
5
7
2
0
3
2
3
6
3
0
2
3
4
3
3
6
4
7
7
9
5
6
9
8
4
2
8
5
4
5
5
5
4
5
7
3
2
4
4
6
5
9
12
11
8
9
9
7
12
10
9
9
9
11
8
6
4
5
2
7
6
5
3
1
2
1
1
-3
1
-1
-3
-1
-2
-1
-1
3
3
3
2
3
2
3
2
0
3
-3
2
-2
3
3
4
7
6
3
4
4
4
8
10
9
5
9
8
7
7
8
8
10
5
6
8
9
13
9
6
6
8
12
13
11
9
10
9
8
5
5
8
7
4
3
5
2
6
7
6
3
2
2
0
1
5
6
3
10
8
14
14
13
14
15
19
20
17
21
20
15
18
18
19
17
16
16
12
11
12
17
15
7
6
10
9
8
8
11
20
20
23
20
25
15
15
17
15
15
17
17
18
19
18
14
14
16
15
12
17
15
13
13
16
18
17
13
9
15
7
8
9
8
10
10
7
7
4
7
6
0
6
5
6
8
8
4
3
4
1
4
4
2
7
4
3
-1
1
3
2
4
2
2
3
5
4
1
1
3
1
0
0
2
0
-1
2
4
4
-2
-1
2
2
5
6
-1
-1
-2
0
7
0
-1
0
2
3
5
0
-1
-2
-2
-3
1
4
2
-4
-4
-1
0
6
4
1
0
-1
1
-1
1
6
8
7
11
11
6
7
10
9
9
11
9
12
15
12
17
17
14
13
11
14
13
10
9
12
12
12
8
13
11
11
12
14
19
19
19
21
18
21
21
19
24
21
19
20
24
24
19
18
19
21
17
17
18
16
14
16
14
11
12
9
6
12
10
9
11
7
15
12
11
13
15
14
11
11
12
12
14
14
12
17
14
5
7
11
10
11
10
14
12
8
7
9
7
7
12
5
6
9
11
8
4
9
10
11
11
13
11
10
14
15
14
11
8
4
0
3
4
1
0
-1
0
-5
-3
-4
-1
-2
-8
-3
-3
-4
-1
0
-3
-3
-4
0
-3
-4
-2
-1
3
2
3
3
-2
3
1
0
-1
-5
-3
-1
-3
-3
-5
-9
-6
-2
-2
-4
-3
-1
-3
2
0
2
2
3
4
6
1
2
4
2
7
5
3
5
2
-2
0
-5
0
-3
-3
0
-1
-3
-1
0
6
5
5
7
7
7
5
10
9
8
9
10
10
13
12
6
12
7
4
8
7
7
11
10
12
13
7
9
6
7
10
12
8
9
11
12
10
9
7
13
15
14
16
12
13
16
13
12
14
15
11
10
12
10
6
9
6
8
7
5
6
3
6
7
8
1
3
6
6
9
10
9
9
9
9
12
13
10
12
10
12
12
9
10
14
13
11
11
12
15
12
10
6
4
3
7
5
3
2
3
3
0
1
-2
-3
0
-1
-2
0
-6
1
-2
-2
-1
-3
2
-2
3
1
0
-3
1
5
3
3
1
-2
0
-6
-6
-5
-5
2
-3
0
1
3
2
-2
2
4
4
1
-2
1
1
-2
-3
0
-2
-6
-4
-8
-11
-5
-6
-6
-8
-8
-6
-5
-6
0
-2
-1
1
-2
2
-3
-1
-5
-4
-6
-4
-3
0
2
-1
6
2
2
4
5
5
5
7
8
12
8
7
5
0
4
7
1
5
2
2
0
3
6
8
4
-1
5
1
2
-1
0
0
2
0
-2
-1
0
-2
-1
4
3
7
4
5
9
9
7
5
9
6
9
5
2
1
2
1
1
2
-4
-3
-2
-3
-4
2
3
-2
-1
3
3
0
0
3
3
1
4
7
7
9
8
3
4
5
5
5
6
4
1
6
6
5
8
2
2
5
3
-1
1
5
5
6
8
8
8
2
1
8
4
5
2
1
-6
0
-2
-9
-4
-7
-3
-3
-4
-9
-6
-4
-4
-7
-8
-6
-5
-8
-9
-7
-8
-12
-16
-14
-13
-15
-10
-12
-10
-11
-13
-14
-10
-10
-10
-8
-8
-8
-9
-4
-7
-4
-7
-7
0
-4
-4
-4
-5
-6
-11
-5
-5
-4
-4
-9
-3
0
-1
0
2
-3
-5
-2
2
2
0
3
0
2
-1
2
4
1
1
-1
-1
-3
5
4
1
1
-1
3
-1
0
3
3
6
9
8
8
5
2
2
2
2
4
-3
1
0
-2
-3
-6
-3
1
0
0
1
2
5
3
4
5
2
2
6
7
7
9
6
6
7
2
1
7
8
7
8
10
5
7
6
8
8
6
8
8
8
5
6
7
8
7
9
6
6
5
6
9
10
11
10
6
7
7
4
8
0
-1
1
0
-2
0
-2
1
3
-5
-6
-10
-5
-4
-2
-3
-2
-4
-1
4
3
8
3
6
6
2
6
3
7
6
3
8
2
2
-1
0
-1
0
-3
-1
-1
-3
-1
-3
-4
0
-3
-2
1
-4
-2
-4
-7
-9
-7
-7
-9
-7
-7
-4
-4
-3
-5
-5
-2
-4
-1
2
4
4
3
6
4
2
7
4
8
3
4
6
3
6
1
-1
-5
-1
4
4
2
1
2
3
-3
-5
-1
-6
-1
-4
0
0
-4
3
-1
-4
-2
-1
-3
-2
2
-2
0
0
-2
-1
-7
0
-4
-8
-8
-7
-5
-1
0
-2
-2
4
0
-2
-2
2
0
7
8
3
5
4
9
10
16
10
11
12
16
11
14
15
10
13
15
19
19
16
17
15
9
8
5
7
8
11
8
8
7
6
5
5
5
0
0
1
1
0
1
5
1
4
3
4
12
-2
3
3
9
5
3
7
3
3
3
5
0
0
-4
-2
-1
0
1
1
0
-1
-4
-2
-2
-2
0
4
4
2
4
2
7
10
6
4
3
2
2
3
1
4
3
-2
-1
3
-2
-5
-4
-4
-4
-12
-11
-8
-10
-13
-10
-11
-10
-13
-12
-9
-8
-7
-5
-9
-4
-4
-3
-6
-9
-12
-13
-12
-8
-9
-12
-7
-10
-8
-7
-2
-2
-2
-3
-4
3
1
0
4
4
-3
-3
3
3
6
-1
-1
0
-4
-3
-3
-11
-9
-6
-2
-2
-1
-4
-2
0
-2
3
1
3
1
-2
-1
-1
-3
-1
-3
-5
-6
-5
-4
-5
0
-4
-4
-5
-6
-6
-8
-6
-7
-2
-5
-5
-5
-4
-5
-6
-3
-3
1
-1
-3
2
0
5
2
3
1
-2
1
0
5
4
4
5
5
3
1
4
6
7
9
10
8
5
4
4
9
2
5
8
3
5
2
1
3
1
3
1
-3
0
-3
-3
1
-1
0
-1
-1
-4
-1
1
-1
3
-4
-5
-4
-5
-2
-3
-5
-5
1
0
-1
-1
-1
3
0
-1
0
0
3
1
-3
0
-5
-5
-2
1
-1
-6
-7
-8
-10
-8
-11
-6
-5
-7
-7
-5
-2
-7
-4
-4
0
-2
-2
-1
-4
-5
-1
0
-1
-2
-7
-7
-4
-1
4
1
-1
2
0
2
1
3
3
1
1
-1
1
2
1
2
1
1
4
0
4
4
3
8
5
1
3
2
4
-1
7
4
5
4
2
5
-1
3
-1
1
6
2
0
0
0
1
-1
1
4
3
3
8
5
10
8
11
19
14
14
15
14
13
10
9
11
9
11
3
5
9
7
6
5
6
7
9
10
11
9
15
16
13
13
12
16
14
11
12
13
12
10
12
10
12
9
11
12
9
9
5
11
9
13
15
23
24
6
4
5
4
3
10
12
23
28
20
17
17
6
-6
-3
6
9
9
14
21
20
23
19
15
22
21
22
18
22
23
20
22
26
25
24
16
15
14
14
11
8
10
12
11
8
12
8
5
9
9
9
10
12
10
6
7
13
12
9
10
11
12
7
1
8
14
14
12
14
13
10
8
11
9
13
12
13
6
6
6
7
5
6
12
12
8
7
4
4
2
1
2
2
2
2
0
1
4
1
4
1
7
11
9
13
19
18
18
20
23
22
20
22
19
21
22
24
21
24
23
22
21
18
21
19
20
23
18
21
23
24
19
14
14
16
20
17
16
17
16
12
10
12
15
12
13
12
7
8
2
4
10
8
12
14
12
11
12
9
12
11
13
16
14
20
20
23
23
23
24
23
23
22
23
22
23
18
15
21
17
20
15
15
14
12
14
13
16
12
13
13
11
14
7
13
12
11
12
9
7
8
5
4
8
4
4
2
1
6
2
-4
-1
6
11
7
7
5
10
10
10
11
12
12
12
13
16
16
14
14
13
16
9
12
14
11
14
15
14
17
16
19
19
19
16
17
21
18
19
19
15
14
15
19
20
17
15
20
21
23
21
21
21
19
18
17
16
18
14
14
13
10
6
6
9
11
15
15
16
13
14
16
15
16
15
13
17
18
17
16
13
17
14
14
11
13
17
16
15
15
15
13
16
17
18
19
21
19
18
21
19
15
14
16
8
7
5
7
6
9
6
3
11
15
15
16
20
19
13
16
21
17
15
18
16
16
20
18
15
14
19
21
14
15
18
15
12
10
18
15
9
11
9
13
15
14
13
14
17
15
8
12
13
11
8
12
18
15
16
15
20
20
13
12
16
12
9
13
15
8
6
9
11
13
10
12
15
13
10
11
13
6
12
14
8
10
9
9
9
9
11
7
6
7
8
4
6
6
5
2
0
6
4
-1
1
2
-3
-1
2
0
5
5
8
14
10
17
16
14
9
8
15
16
7
4
9
12
7
6
8
8
11
5
7
10
10
3
9
15
8
2
4
10
11
4
6
4
9
5
2
12
13
5
6
3
-5
5
1
-4
-4
1
4
-5
-4
2
2
0
2
7
6
2
2
8
7
3
5
6
5
2
5
6
4
8
8
8
0
6
8
5
4
7
11
6
4
4
10
2
8
15
13
13
11
16
13
8
10
13
7
7
13
16
8
6
12
10
4
10
9
-4
6
-1
-8
-5
8
-3
-8
1
-1
-8
-1
-2
9
10
-5
-7
8
13
-6
-4
11
13
-7
-7
10
6
-16
7
12
-7
-5
14
13
5
16
26
22
10
17
16
20
19
17
24
19
9
10
13
0
-2
8
5
-14
-14
-4
-14
-15
-1
7
11
5
10
25
10
-2
12
24
10
-2
5
14
-2
-17
4
12
-8
-22
3
2
-26
-22
-7
1
-17
-6
15
8
-3
7
12
10
-6
9
18
-5
-10
10
14
-15
-13
12
4
-21
-6
9
11
-8
-6
22
24
-3
-5
28
18
-2
6
31
17
-4
9
27
10
-6
-5
7
8
-4
-1
9
8
10
3
11
11
-1
11
15
5
9
12
4
2
10
10
12
-6
0
31
5
-19
13
17
-16
-5
15
8
-13
0
10
18
-6
6
24
5
10
21
1
4
15
9
13
19
8
10
16
27
15
15
17
6
12
-6
0
-3
5
8
5
17
10
-5
10
11
12
20
3
4
16
20
3
17
3
-6
17
-1
8
2
12
3
3
-2
2
-3
-5
1
-2
-5
-6
-1
7
3
5
40
9
-13
24
34
4
-2
36
21
1
-6
27
26
-18
4
22
20
-13
-1
23
14
-5
11
34
19
6
3
23
2
-18
2
17
0
-14
3
14
0
-10
23
26
-1
8
38
22
-8
2
42
15
-22
13
32
-3
-25
20
41
-10
-13
31
39
-16
-21
36
16
-37
-4
34
5
-31
3
34
2
-12
21
42
18
-29
28
50
-24
-10
38
31
-19
-12
10
2
-2
-10
15
16
3
-21
4
16
-13
-6
28
-4
-21
18
17
-29
-10
46
-6
-25
12
29
-22
-15
17
22
-4
-7
20
20
-15
-1
26
-2
-4
8
11
-4
-17
-2
3
-3
-9
3
9
8
-9
-15
19
8
-11
7
10
-13
2
-11
-6
-3
6
-5
-9
1
-5
-8
-9
-11
14
6
4
-9
16
24
-20
-6
21
11
-24
-11
50
-5
-31
24
23
-15
-15
20
7
-13
-20
13
4
-22
0
18
-2
-4
-4
30
-6
1
32
7
-1
27
0
-5
35
14
-18
15
37
-16
-10
9
9
-16
-6
4
5
-9
-6
0
-4
-6
8
5
-8
7
6
-1
-13
3
28
-2
-12
18
31
-22
-15
31
0
-5
12
14
8
4
-16
8
24
1
-8
20
26
-19
-15
26
-4
-20
5
25
-6
-21
5
22
-3
-6
18
27
-10
-3
25
21
-8
-16
54
-3
-33
27
15
-27
-14
36
8
-23
12
27
1
-18
22
17
-6
15
-1
17
1
-16
25
24
1
9
29
8
4
12
12
1
5
30
6
12
0
20
24
0
14
23
24
11
22
19
2
19
18
12
-1
20
5
-29
12
10
-23
6
23
-5
-15
7
16
-1
-9
18
29
-11
9
22
20
2
-1
26
5
-18
17
3
-6
-4
17
-6
0
13
-5
-6
6
18
0
1
24
1
6
15
4
6
5
13
-1
3
2
-5
-2
2
8
-4
-4
4
10
-5
-23
15
35
-44
-7
34
3
-34
-8
37
-4
-58
20
49
-49
-14
25
11
-42
4
20
-16
-16
8
17
-16
-3
18
2
-12
3
14
3
-11
-6
14
7
-23
-17
32
0
-21
8
33
4
-31
29
34
-24
-5
26
29
-27
-9
41
6
-10
-7
24
-1
-23
-8
30
-2
-31
5
33
-30
-31
25
-5
-38
5
21
-21
-17
21
10
-11
4
5
24
1
-2
11
26
9
-5
13
23
8
1
1
22
14
-11
4
7
9
9
1
14
15
2
6
9
12
-10
-14
3
6
-26
0
4
5
3
-7
3
20
8
-36
26
39
-37
-10
27
7
-16
-11
19
16
-23
-16
51
-20
-35
30
18
-36
11
22
2
-31
3
29
-11
-1
12
43
-13
-24
43
18
-10
-12
49
24
-41
0
47
-8
-51
23
51
-49
-10
16
22
-34
-11
37
-11
-4
-4
7
-10
-8
-24
11
-23
9
-13
-5
-10
-3
-18
-16
-9
3
-27
-15
5
-4
-34
-11
15
-31
-34
-4
10
-47
-24
7
-29
-38
23
-26
-19
-13
25
-25
-15
8
0
-12
4
6
11
-11
-13
42
-28
-8
5
12
-42
0
36
-46
-36
40
-17
-40
14
17
-31
14
-3
0
5
-2
14
8
-7
-15
20
17
-25
-8
27
10
-26
-16
24
-15
-46
2
13
-10
-46
33
5
-46
-7
24
0
-19
-1
11
20
-52
-14
28
-7
-53
-12
15
-20
-61
16
27
-36
-35
54
-2
-46
36
23
-37
-7
26
-1
-36
0
18
-14
-41
14
34
-39
-7
3
37
-53
13
38
-4
-4
8
39
-6
-15
28
47
-15
-10
30
27
-30
-13
52
-36
-17
33
-5
-37
13
11
-25
-12
17
21
-25
-17
37
23
-55
-2
70
-27
-51
41
50
-58
-33
64
16
-88
-2
57
-34
-65
17
23
-23
-47
16
23
-32
-3
18
12
-35
30
28
-34
-17
62
-33
-21
11
17
-22
-44
31
13
-23
-14
24
3
-17
1
14
5
-8
20
-7
5
3
8
-1
-2
26
15
-40
16
28
-39
-35
41
24
-85
24
53
-25
-56
37
43
-46
-28
40
37
-74
16
57
-29
-32
36
37
-56
13
44
-26
-36
51
-9
-20
-4
20
1
-13
-13
20
18
-50
13
28
-20
-28
35
-3
-32
41
-11
-3
32
31
-14
-7
58
11
-51
39
44
-35
-15
33
14
-28
9
23
20
-37
22
11
11
-33
20
7
-27
10
5
-12
-20
33
-11
-31
33
0
-26
-12
8
14
-33
-12
13
-9
-34
1
14
-7
-12
16
-1
4
-27
19
1
-12
-4
13
3
-35
35
-16
17
-35
26
-7
2
-4
-24
16
9
-23
-7
18
-13
2
-3
-10
-13
11
-26
-12
-2
-23
-3
-6
-12
-21
20
-2
-40
26
-3
-25
-17
36
-14
-20
2
12
6
-14
1
1
23
-35
-2
19
0
-19
12
15
-16
-6
3
10
7
-39
28
23
-46
8
23
-10
-20
21
27
-37
-2
34
5
-24
25
22
-3
9
9
6
18
-9
12
-1
28
-4
13
39
-28
10
25
10
-4
26
13
21
1
-9
41
-5
-8
25
24
1
13
19
15
7
1
44
15
5
21
31
-14
34
7
21
28
-3
37
19
17
13
51
19
11
77
14
15
10
51
8
-7
47
33
-11
20
31
4
7
30
14
14
9
19
28
-4
11
49
25
-4
20
61
-17
-4
29
23
-18
8
17
5
-6
-10
19
17
-26
-20
88
-50
-6
41
23
-15
20
1
7
24
-32
22
8
-5
-49
44
-5
-53
-5
52
-42
-45
54
-11
-34
-21
50
-29
-27
29
21
-21
6
20
34
-30
22
25
-16
1
13
2
-14
22
10
0
4
26
-5
11
0
17
-13
5
-6
15
4
-33
36
16
-8
-20
49
15
-42
25
17
-9
-24
38
6
-21
2
12
-8
1
12
7
-12
1
20
-9
-4
-6
-3
-6
-14
2
10
2
2
-1
-1
43
-15
-11
22
2
7
-29
24
16
-9
-31
43
16
-28
1
33
31
-23
10
27
37
-40
21
39
-5
-20
24
36
-4
5
5
68
-5
-13
52
21
7
5
32
28
-9
11
39
13
3
32
42
-12
17
44
-1
-10
38
12
-8
14
25
33
-17
40
44
11
-12
49
19
10
11
11
20
-1
14
4
3
27
14
-14
23
59
-50
47
12
-4
16
-6
32
-35
5
2
-5
-10
12
-29
20
-23
22
4
-8
4
35
1
-30
64
-2
-42
18
57
-29
-27
40
29
-31
11
31
40
-39
20
47
-29
0
36
14
-48
46
15
-15
-17
26
11
-13
-3
17
28
-34
-4
48
-51
-4
7
-3
-19
-1
1
-6
1
-12
0
-6
5
20
-21
-3
20
10
-22
-16
79
-19
-58
56
55
-77
12
27
27
-70
24
6
30
-41
-4
51
-13
-15
-11
72
-38
-20
47
23
-78
48
17
-28
-8
37
-12
13
-23
19
50
-47
26
35
20
-38
38
20
-8
-17
51
24
-22
7
41
-5
-6
28
-2
-10
4
24
-28
2
8
20
-27
31
15
-13
16
4
15
-13
11
22
-6
1
29
-4
15
-1
19
-16
33
-1
-8
34
8
19
-18
45
-13
29
3
2
24
5
-2
12
37
-25
-1
46
-26
7
6
-6
-31
7
19
-34
-18
11
23
-34
-9
2
3
-20
-17
-12
28
-48
-36
50
-15
-52
-4
42
-27
-77
53
6
-74
4
44
-61
21
11
-33
52
-38
-26
27
28
-72
14
50
-13
-50
31
7
-43
5
-5
-15
-11
-13
-17
4
24
-15
-23
63
-2
-28
19
68
-61
1
55
22
-96
40
83
-96
-28
92
-12
-108
75
57
-88
-14
72
-55
-1
-13
-15
34
-39
-19
22
10
-20
-21
45
6
-68
24
21
-52
-42
52
-15
-37
34
32
-67
40
71
-80
23
55
-12
-53
24
20
-22
-56
28
48
-45
8
5
3
40
-35
9
88
-16
-36
92
13
-32
38
59
-18
-2
21
29
-16
-12
62
-4
-26
39
32
-3
-11
42
4
-7
-2
19
34
-12
-16
43
20
-41
-4
46
5
-52
17
68
-14
-49
60
29
-14
-14
59
-33
-7
30
-7
-10
-5
-5
-19
-3
-44
11
-17
-12
-41
-8
-10
4
-58
11
18
-40
-25
24
15
-98
45
66
-78
-10
65
-19
-49
59
-15
-6
-16
-13
24
1
-40
28
9
-5
-43
35
-6
-79
19
14
-77
-12
40
-44
-32
17
24
-28
2
29
-25
23
0
-46
49
-8
-59
16
24
-50
-48
44
-38
-40
0
-13
9
-15
-47
6
27
-33
-52
25
48
-117
5
91
-58
-97
107
8
-120
50
28
-36
-29
0
17
16
-59
21
84
-4
-84
91
68
-94
22
32
17
-86
-4
62
-53
-77
66
-4
-41
-14
2
22
0
-7
0
74
-12
-30
40
58
-29
-33
71
32
-52
23
29
14
-22
-22
67
41
-24
-84
138
25
-146
25
132
-43
-145
121
75
-116
-54
130
29
-110
24
140
-38
-77
58
113
-87
-64
110
24
-74
-43
108
-4
-120
30
94
-59
-52
61
29
-80
32
-11
-4
1
-66
40
33
-36
-55
69
-22
-42
22
-2
1
9
-38
-56
35
-9
-115
22
114
-116
-93
101
30
-150
11
104
-27
-95
28
87
-53
-101
29
106
-101
-56
95
16
-93
-14
67
1
-86
-27
78
-14
-99
3
67
-62
-88
56
35
-89
-55
44
-9
-70
2
29
-32
-30
26
13
-5
-32
20
20
-12
12
19
-1
26
24
-2
21
45
-20
-18
53
-15
-48
26
16
-66
-8
10
-37
-24
-37
7
5
-18
-38
27
22
-53
-22
48
21
-84
32
60
-51
-24
35
10
-12
-9
18
22
-8
0
12
21
2
12
10
26
22
-3
17
33
14
11
13
31
31
-2
5
48
13
2
21
45
36
-19
31
40
13
-7
19
54
-8
-29
41
37
-32
0
62
8
-24
31
78
-8
-32
79
45
-20
2
71
37
-51
13
62
-8
-57
11
40
-28
-51
29
28
-38
-44
33
19
-64
-6
49
-14
-55
34
28
-32
-10
33
2
-9
15
4
-4
-3
-6
-14
20
-7
-45
-14
2
-43
-34
-17
-15
-30
-41
-11
-12
-37
-32
-4
-7
-27
-44
-11
-9
-47
-28
-5
-22
-60
-51
-19
-53
-72
-62
-63
-90
-85
-61
-100
-121
-78
-82
-87
-62
-71
-82
-62
-46
-41
-24
-6
-13
8
62
79
65
108
127
109
129
158
162
128
122
140
129
101
88
75
50
20
17
19
-5
-27
-31
-33
-18
-33
-16
10
6
13
48
66
68
82
100
115
128
133
132
119
105
102
88
77
72
50
22
26
10
-28
-24
-20
-39
-52
-39
-37
-70
-63
-50
-68
-65
-52
-58
-68
-55
-59
-62
-57
-54
-51
-33
-30
-37
-22
-10
-18
-19
-5
-16
-26
-19
-38
-41
-41
-48
-61
-70
-64
-89
-87
-77
-86
-100
-86
-77
-91
-107
-72
-79
-108
-110
-94
-105
-170
-169
-182
-228
-219
-86
34
48
40
70
101
135
187
280
305
274
295
328
305
219
167
137
95
72
94
35
-79
-148
-169
-196
-182
-162
-175
-172
-154
-129
-97
-66
-59
-34
24
103
140
162
156
146
128
152
180
157
128
105
81
46
27
7
-30
-93
-111
-113
-115
-137
-149
-139
-147
-152
-99
-62
-60
-31
15
41
54
107
128
130
155
164
174
172
162
137
107
111
81
45
31
-8
-32
-63
-79
-90
-98
-93
-101
-84
-79
-86
-76
-50
-39
-34
-8
6
-8
-17
-14
-9
-29
-19
-27
-44
-56
-60
-65
-92
-87
-95
-115
-123
-120
-101
-104
-91
-91
-76
-87
-94
-92
-87
-92
-92
-92
-62
-47
-69
-74
-72
-99
-124
-141
-166
-178
-192
-144
32
188
144
48
118
220
216
265
399
388
246
248
346
279
122
69
84
33
-8
25
-36
-193
-280
-258
-198
-162
-139
-123
-115
-117
-65
30
54
49
88
161
201
233
237
173
123
104
140
155
101
27
-33
-91
-123
-124
-113
-162
-236
-224
-179
-155
-176
-188
-165
-135
-86
-16
49
58
26
56
117
147
143
142
140
121
107
137
208
227
179
149
134
121
70
49
45
-21
-37
-49
-19
-70
-121
-117
-130
-77
-57
-21
-8
-18
14
23
84
85
78
86
70
69
37
26
-15
-76
-90
-115
-130
-162
-201
-220
-236
-212
-186
-169
-152
-147
-121
-87
-79
-54
-21
-7
-17
-24
-15
-31
-62
-80
-103
-101
-110
-132
-146
-200
-218
-256
-254
-199
-42
196
232
107
112
275
345
283
374
482
392
263
336
408
222
18
-1
68
5
-97
-89
-109
-272
-359
-224
-103
-130
-164
-83
-9
2
63
171
207
164
189
311
343
278
210
168
123
109
119
75
-29
-124
-183
-214
-208
-184
-201
-266
-263
-210
-141
-134
-136
-103
-44
31
82
163
194
133
104
149
212
205
178
151
110
71
16
4
-26
-111
-160
-124
-10
78
48
8
7
27
63
153
248
186
145
163
180
159
88
74
24
25
37
13
-26
-125
-171
-169
-119
-83
-121
-130
-156
-161
-140
-104
-79
-97
-94
-89
-93
-85
-99
-135
-134
-85
-49
-57
-69
-109
-134
-107
-85
-58
-40
-39
-66
-105
-103
-128
-156
-132
-111
-130
-150
-159
-181
-230
-250
-236
-231
-229
-88
240
398
184
10
212
414
329
323
531
513
234
137
324
318
2
-222
-84
37
-149
-276
-189
-201
-443
-454
-127
60
-89
-181
6
142
89
131
329
366
199
203
397
388
190
88
116
81
8
6
-33
-197
-323
-316
-268
-223
-172
-188
-272
-261
-109
-12
-53
-24
98
146
134
218
319
249
110
126
243
249
149
80
46
-27
-124
-134
-82
-112
-239
-253
-142
-63
36
78
91
91
114
213
299
364
270
242
283
259
214
111
66
-57
-113
-76
-116
-137
-243
-261
-243
-195
-141
-166
-118
-129
-98
-33
17
45
6
-12
-19
10
17
-19
-67
-87
-77
-82
-99
-135
-149
-179
-179
-146
-125
-119
-154
-146
-123
-119
-117
-111
-90
-113
-139
-115
-111
-112
-147
-169
-176
-195
-225
-240
-100
178
315
164
1
153
351
294
242
384
471
262
98
234
325
48
-248
-153
66
-22
-251
-200
-111
-294
-453
-209
92
14
-172
-61
174
164
82
221
345
235
123
275
399
233
41
17
55
5
-59
-83
-153
-271
-322
-291
-196
-120
-143
-257
-252
-50
53
-6
-14
121
165
94
169
331
285
70
26
168
195
90
6
-8
-49
-157
-177
-95
-78
-205
-282
-158
-26
-38
71
236
253
201
231
360
400
372
290
286
316
208
127
64
16
-149
-229
-142
-171
-217
-302
-280
-231
-216
-147
-118
-44
-62
-67
13
69
73
5
-26
-12
8
-36
-86
-107
-130
-178
-195
-126
-138
-192
-255
-235
-151
-141
-118
-96
-46
-82
-137
-89
-70
-90
-109
-98
-67
-75
-108
-130
-131
-143
-184
-149
-142
-237
-273
-111
256
368
180
65
216
393
297
281
430
455
234
95
262
322
44
-265
-195
11
-78
-264
-219
-137
-327
-462
-244
50
24
-153
-84
143
218
139
205
303
232
133
218
351
262
77
-8
-10
-18
-57
-106
-181
-250
-280
-279
-218
-104
-121
-249
-276
-92
66
21
8
120
197
125
123
270
300
140
27
147
254
167
31
-10
1
-79
-145
-100
-16
-83
-210
-179
-28
106
90
89
157
203
225
264
354
337
254
206
228
261
166
53
-40
-64
-79
-117
-110
-149
-199
-249
-221
-146
-117
-121
-138
-85
-31
3
21
5
-27
-58
-42
-3
9
-54
-109
-109
-90
-93
-110
-107
-121
-150
-140
-99
-64
-79
-117
-113
-70
-57
-70
-75
-94
-109
-119
-119
-115
-103
-116
-138
-126
-93
-92
-175
-235
-172
93
353
329
150
124
283
315
240
276
384
319
111
73
217
203
-90
-303
-188
-27
-125
-241
-172
-140
-294
-367
-158
75
30
-105
-45
152
217
156
177
220
182
108
148
237
216
75
-49
-53
-18
-29
-118
-200
-213
-216
-217
-160
-72
-90
-202
-204
-68
42
41
45
126
150
109
130
215
226
119
63
113
172
137
53
12
-23
-80
-130
-71
-31
-76
-150
-126
18
95
110
120
138
168
208
276
293
298
246
176
179
182
152
60
9
-29
-64
-72
-118
-140
-181
-206
-215
-193
-142
-143
-131
-129
-101
-55
-30
-47
-75
-57
-39
-20
-21
-20
-31
-47
-68
-74
-49
-52
-81
-109
-81
-43
-45
-50
-74
-88
-101
-107
-96
-81
-93
-119
-109
-72
-60
-96
-106
-101
-101
-117
-133
-153
-206
-147
110
348
280
73
121
313
319
196
247
428
407
207
154
319
319
14
-188
-66
62
-53
-176
-115
-89
-242
-358
-241
-61
-62
-175
-156
-6
76
63
75
116
109
109
143
202
244
211
128
61
61
78
30
-43
-102
-127
-114
-90
-82
-133
-195
-213
-196
-199
-166
-53
5
-63
-106
-9
100
72
22
86
150
133
114
168
212
147
33
-4
65
97
32
-23
-1
74
90
83
86
64
33
21
80
131
163
145
93
78
70
86
48
17
-1
-16
2
-12
-17
-45
-81
-121
-139
-98
-82
-71
-93
-107
-94
-75
-92
-133
-111
-81
-69
-88
-64
-7
-16
-62
-97
-44
-18
-40
-57
-47
-12
-48
-79
-94
-76
-76
-96
-86
-69
-63
-83
-79
-87
-109
-122
-105
-107
-120
-140
-168
-213
-255
-113
140
238
105
18
174
304
263
209
307
417
341
230
271
395
311
61
-44
33
70
-43
-122
-108
-139
-242
-293
-214
-142
-182
-247
-213
-124
-48
19
47
52
57
89
124
147
178
201
201
166
147
137
128
74
-23
-78
-57
-18
-36
-105
-143
-122
-154
-235
-230
-117
-65
-135
-159
-59
32
9
-27
18
72
71
55
107
170
170
106
63
75
100
88
54
97
151
157
128
103
101
93
84
44
47
87
84
52
12
16
-14
-33
-38
-53
-49
-46
-27
-34
-41
-31
-30
-45
-75
-66
-31
-30
-60
-53
-33
-59
-112
-109
-78
-87
-117
-139
-99
-56
-71
-84
-66
-53
-70
-86
-47
3
15
-31
-61
-48
-17
-16
-45
-57
-57
-55
-51
-48
-58
-63
-78
-113
-122
-110
-122
-175
-204
-118
53
166
140
90
139
228
234
214
260
332
333
268
262
328
344
225
96
57
70
41
-16
-29
-44
-87
-139
-149
-129
-131
-165
-190
-181
-136
-64
4
15
-15
-16
17
40
43
68
105
119
92
79
114
137
82
8
1
45
60
22
-5
10
4
-54
-83
-53
-28
-66
-127
-110
-49
-22
-47
-68
-62
-70
-79
-69
-40
-18
-7
-9
-4
24
57
128
181
191
201
223
242
238
248
245
214
185
145
131
117
84
6
-63
-87
-105
-114
-148
-175
-173
-163
-161
-148
-104
-76
-96
-111
-78
-38
-17
-14
-21
-21
-31
-34
-27
-24
-51
-86
-87
-82
-73
-72
-62
-74
-105
-106
-72
-32
-29
-49
-64
-56
-38
-36
-31
-43
-63
-81
-85
-87
-86
-67
-75
-108
-131
-129
-129
-165
-191
-150
-25
82
111
99
129
191
209
209
232
291
321
284
256
286
318
265
164
105
87
61
17
-17
-28
-44
-79
-107
-109
-107
-131
-147
-157
-150
-102
-45
-21
-34
-22
7
16
10
19
66
94
73
63
102
138
119
73
60
68
70
56
36
37
35
21
-13
-32
-27
-47
-83
-99
-76
-44
-39
-60
-73
-72
-76
-85
-86
-71
-48
-26
-13
48
127
169
174
164
168
183
219
215
207
216
213
188
146
119
82
33
-36
-93
-93
-65
-79
-119
-139
-135
-131
-146
-143
-108
-79
-76
-73
-41
-17
-29
-50
-71
-72
-64
-56
-58
-63
-70
-91
-96
-93
-91
-89
-81
-75
-75
-53
-31
-20
-24
-37
-39
-37
-34
-35
-34
-32
-40
-57
-71
-73
-89
-97
-114
-125
-129
-131
-139
-161
-169
-171
-135
-41
68
122
112
121
174
230
245
258
285
308
294
257
272
298
277
187
111
86
69
35
7
-14
-41
-71
-116
-130
-126
-134
-149
-174
-163
-123
-68
-37
-33
-33
-14
3
16
39
71
94
85
84
107
124
126
109
88
86
86
87
71
53
54
49
13
-21
-23
-24
-41
-62
-62
-49
-52
-74
-97
-96
-86
-85
-91
-65
7
60
67
72
103
148
169
159
152
175
199
190
170
180
189
146
79
40
33
18
-35
-70
-70
-72
-87
-111
-108
-114
-135
-138
-121
-90
-62
-53
-57
-69
-66
-47
-35
-52
-73
-69
-59
-69
-86
-97
-96
-105
-133
-128
-102
-85
-94
-93
-80
-56
-36
-38
-45
-46
-37
-27
-19
-12
-4
-13
-40
-57
-50
-52
-70
-86
-91
-86
-85
-97
-126
-148
-155
-179
-196
-134
6
114
113
69
106
190
209
180
203
273
291
253
248
302
324
245
123
65
72
61
31
0
-26
-59
-109
-140
-151
-148
-151
-174
-184
-160
-89
-30
-31
-47
-37
-4
13
14
44
98
124
111
104
133
169
162
111
91
115
127
91
63
82
86
23
-48
-50
-19
-36
-81
-91
-64
-61
-85
-97
-84
-74
-90
-85
-59
-17
23
43
57
87
166
224
253
256
252
261
272
271
238
232
208
150
97
64
44
-10
-76
-133
-161
-141
-139
-157
-165
-162
-158
-157
-126
-87
-58
-46
-44
-35
-8
9
8
-16
-39
-51
-49
-39
-58
-68
-82
-92
-100
-103
-76
-59
-72
-79
-67
-33
-16
-18
-25
-29
-28
-37
-40
-29
-23
-36
-58
-67
-64
-80
-99
-120
-142
-141
-135
-137
-143
-127
-44
67
125
111
101
166
223
239
247
294
338
322
274
271
304
286
210
123
91
77
41
-5
-40
-72
-118
-166
-183
-178
-159
-148
-160
-162
-126
-71
-30
-21
-20
14
50
69
78
106
142
141
120
113
135
147
132
95
81
100
93
60
26
20
20
-18
-71
-71
-37
-47
-95
-105
-74
-67
-96
-110
-83
-62
-56
-59
-20
29
67
105
152
200
217
210
208
231
255
253
234
226
219
196
154
110
63
23
-15
-47
-67
-65
-69
-83
-110
-131
-117
-91
-81
-79
-59
-26
-19
-17
-14
-1
-5
-34
-34
-22
-19
-46
-71
-79
-85
-102
-112
-95
-79
-85
-85
-60
-44
-41
-43
-29
-12
-5
1
-2
-13
-28
-28
-12
-16
-28
-39
-58
-83
-100
-100
-85
-77
-88
-116
-127
-122
-133
-155
-148
-63
88
187
164
116
144
214
243
238
272
343
354
290
247
280
282
184
60
14
34
23
-22
-72
-100
-143
-200
-225
-204
-161
-147
-159
-164
-123
-57
-6
-7
-9
30
68
92
106
151
191
168
123
115
153
175
145
99
86
89
60
19
-12
-8
-13
-65
-112
-89
-54
-73
-120
-126
-89
-82
-94
-72
-30
-5
-4
8
37
64
93
108
105
97
119
171
247
275
273
264
237
196
176
198
188
148
94
69
58
5
-51
-98
-119
-135
-137
-112
-97
-94
-109
-116
-103
-70
-30
-1
0
-8
10
31
34
-3
-19
-30
-33
-30
-30
-27
-47
-64
-84
-74
-48
-35
-33
-54
-66
-45
-19
-14
-22
-32
-32
-33
-42
-27
-26
-35
-81
-115
-106
-79
-65
-97
-127
-136
-126
-141
-170
-167
-59
115
200
147
88
148
243
274
253
291
368
364
276
225
269
275
160
34
9
55
45
-38
-111
-148
-177
-219
-231
-199
-149
-133
-153
-164
-119
-46
-9
-5
8
70
124
137
124
149
172
143
100
103
150
164
121
60
37
32
14
-36
-62
-47
-43
-83
-134
-124
-85
-103
-163
-159
-77
-32
-50
-52
-5
22
3
8
56
112
128
138
173
223
241
207
165
148
168
199
199
159
123
109
77
25
-3
-5
-19
-64
-97
-78
-43
-47
-85
-104
-79
-40
-17
-13
-3
2
-9
-17
-10
10
18
-11
-61
-84
-80
-80
-103
-111
-113
-116
-126
-118
-94
-82
-84
-90
-71
-38
-12
1
9
1
-9
-15
-23
-31
-25
-17
-21
-32
-44
-58
-61
-83
-112
-119
-110
-91
-93
-110
-135
-153
-172
-189
-189
-123
45
197
194
84
55
160
258
275
286
360
401
315
214
229
274
205
68
0
36
48
-22
-113
-176
-222
-264
-255
-187
-125
-125
-160
-186
-168
-93
-19
14
22
44
94
142
147
143
159
149
114
110
148
170
128
47
-8
-17
-14
-35
-71
-96
-100
-125
-173
-180
-135
-108
-143
-160
-103
-31
-32
-64
-38
16
37
38
77
144
163
136
130
172
207
207
176
149
160
178
162
113
67
42
26
2
-17
-15
-28
-72
-101
-92
-54
-30
-44
-69
-62
-34
3
21
31
22
11
6
0
13
6
-27
-77
-99
-85
-80
-99
-125
-142
-147
-145
-126
-87
-63
-65
-62
-36
-2
18
15
3
8
20
21
10
-18
-47
-56
-59
-70
-76
-78
-94
-119
-135
-130
-98
-74
-72
-68
-66
-74
-101
-113
-108
-104
-116
-61
120
289
261
89
37
149
263
277
260
306
315
200
69
61
111
56
-67
-124
-69
-37
-106
-218
-268
-247
-212
-131
-48
-1
2
-27
-30
10
99
178
187
143
124
159
178
119
51
40
33
3
-26
-32
-55
-123
-197
-208
-151
-88
-83
-138
-158
-113
-64
-59
-50
10
55
34
16
72
126
87
16
7
47
53
38
30
2
-34
-48
-26
8
27
15
-8
-12
20
59
85
66
43
61
98
124
120
94
73
49
20
29
43
31
-20
-73
-91
-83
-64
-69
-96
-113
-112
-105
-92
-78
-78
-78
-73
-59
-32
-21
-35
-52
-53
-49
-37
-16
-11
-34
-72
-83
-65
-48
-55
-84
-93
-83
-71
-80
-119
-142
-130
-109
-88
-69
-59
-69
-94
-102
-78
-34
-13
-23
-20
-1
-1
-22
-32
-40
-48
-59
-67
-60
-65
-57
46
176
180
62
17
123
229
220
167
190
207
131
32
35
79
38
-63
-107
-57
-49
-119
-193
-191
-132
-89
-44
4
30
20
3
28
93
151
173
153
114
98
111
95
37
-12
-25
-29
-55
-85
-99
-124
-178
-201
-153
-75
-32
-54
-100
-94
-32
22
23
36
83
105
65
30
71
97
37
-39
-33
28
48
8
-33
-38
-35
-29
-14
24
47
40
23
27
56
78
77
62
65
75
88
78
50
26
23
25
6
-6
-6
-16
-45
-66
-61
-37
-36
-55
-62
-46
-35
-43
-51
-51
-35
-30
-35
-36
-42
-59
-71
-66
-47
-41
-53
-67
-77
-85
-86
-86
-87
-88
-79
-79
-81
-82
-86
-90
-100
-107
-102
-73
-51
-57
-68
-59
-33
-33
-38
-24
0
29
31
19
11
-4
-11
-18
-8
-1
-24
-69
-111
-130
-146
-128
-32
109
145
29
-80
-21
130
188
133
108
158
155
67
-3
21
30
-24
-74
-35
23
-27
-138
-195
-130
-36
16
40
34
17
-4
15
63
99
106
84
56
42
58
42
-20
-87
-80
-29
-20
-70
-129
-163
-173
-149
-86
-9
2
-50
-97
-74
10
80
78
39
48
92
86
41
22
35
22
-27
-29
21
24
-20
-65
-64
-34
-12
-4
4
5
-13
-9
14
38
53
29
30
36
46
53
36
21
13
27
29
20
-1
-8
0
-9
-14
-3
4
-14
-32
-30
-13
-8
-19
-23
-20
-28
-28
-38
-48
-43
-54
-71
-70
-59
-62
-81
-92
-87
-74
-78
-79
-75
-63
-47
-53
-43
-32
-35
-47
-54
-53
-50
-45
-39
-32
-32
-34
-44
-48
-48
-40
-25
-30
-23
-7
-6
-25
-50
-52
-39
-34
-38
-37
-45
-83
-132
-153
-131
-108
-51
64
129
48
-75
-42
127
222
162
114
166
190
114
36
52
93
55
-2
18
63
0
-139
-173
-82
11
15
-7
-14
-41
-61
-36
30
69
59
33
22
32
31
2
-33
-41
-3
41
34
-41
-114
-134
-108
-64
-13
16
0
-43
-77
-64
-5
44
37
13
21
53
45
-20
-66
-27
17
2
-26
-17
-8
-58
-94
-63
-13
1
-9
-8
4
-2
-14
2
35
63
68
54
38
37
29
31
43
54
59
59
26
-8
-12
1
8
1
3
12
-1
-30
-52
-44
-31
-20
-15
-25
-30
-33
-55
-71
-73
-65
-58
-54
-53
-62
-75
-84
-71
-55
-42
-31
-26
-37
-54
-52
-36
-25
-22
-24
-26
-36
-43
-53
-54
-50
-66
-71
-50
-40
-49
-71
-75
-56
-42
-32
-30
-31
-32
-40
-51
-50
-39
-27
-22
-42
-60
-69
-71
-89
-118
-128
-95
-57
-10
65
106
53
-21
28
171
230
169
113
143
165
106
31
17
36
12
-22
-33
-37
-91
-165
-171
-85
-12
-8
-37
-41
-21
14
61
92
99
102
121
120
99
80
63
41
14
10
22
-5
-77
-133
-139
-106
-89
-90
-83
-80
-93
-100
-92
-56
-14
9
9
9
16
8
-13
-18
24
56
40
-9
-17
0
-4
-5
8
8
-4
-6
3
-3
-13
1
27
45
49
56
52
41
40
40
66
79
70
48
25
9
-9
-20
-10
1
-6
-19
-30
-47
-54
-38
-12
6
6
-8
-26
-39
-38
-20
-7
1
-2
-19
-36
-53
-60
-67
-66
-55
-53
-66
-85
-98
-99
-101
-95
-79
-66
-54
-59
-74
-71
-53
-31
-20
-9
-20
-39
-51
-50
-31
-24
-20
-29
-36
-34
-35
-48
-58
-33
-10
-11
-20
-30
-32
-30
-27
-15
-10
-9
-16
-34
-48
-68
-86
-79
-62
-50
-36
17
63
29
-38
-17
86
153
109
59
99
121
71
11
13
38
32
24
29
22
-24
-69
-52
12
52
23
-11
-23
-9
2
18
36
31
20
26
38
14
-28
-44
-36
-23
-21
-23
-57
-101
-113
-89
-54
-49
-53
-47
-32
-25
-32
-32
-15
15
31
26
18
24
12
-6
-3
31
53
26
-4
-1
10
-14
-34
-6
18
11
-5
1
7
-13
-16
10
33
44
46
40
14
-1
17
42
54
55
56
38
22
13
8
26
38
30
7
-7
-20
-27
-28
-25
-26
-35
-32
-35
-55
-77
-73
-61
-59
-54
-47
-48
-61
-69
-62
-50
-40
-39
-49
-59
-56
-42
-38
-48
-46
-41
-45
-42
-40
-46
-45
-41
-27
-17
-14
-20
-40
-43
-27
-10
0
-2
-3
-1
-12
-31
-39
-34
-22
-22
-27
-34
-34
-39
-50
-44
-37
-43
-58
-52
-47
-48
-61
-67
-56
-55
-67
-74
-62
-38
7
54
50
6
-8
52
99
86
52
57
88
60
4
-11
-4
-14
-25
-19
-16
-52
-81
-79
-49
-21
-16
-9
1
13
25
35
41
41
48
60
78
66
34
14
17
10
-9
-23
-34
-51
-65
-64
-67
-79
-82
-56
-33
-27
-36
-53
-47
-17
6
3
-6
-1
7
0
-6
14
40
30
6
14
38
30
0
-4
14
21
5
1
1
-12
-16
6
6
-8
-5
8
9
-3
8
23
26
16
18
26
19
10
11
20
12
0
-1
-8
-6
-12
-7
1
0
-6
-11
-7
-14
-29
-33
-27
-26
-35
-49
-56
-60
-61
-65
-67
-63
-54
-57
-65
-66
-57
-50
-48
-47
-43
-42
-39
-42
-56
-51
-29
-18
-25
-34
-35
-29
-37
-39
-22
-2
8
-2
-6
-2
0
-6
-4
9
18
7
-3
-6
-13
-26
-34
-21
-16
-30
-48
-60
-64
-68
-69
-64
-57
-58
-64
-64
-72
-82
-70
-49
-43
-42
-17
20
32
5
-6
29
64
62
45
47
68
54
14
-2
8
13
10
11
-2
-32
-50
-34
-17
-16
-28
-19
-14
-23
-24
-11
11
14
17
27
28
26
22
29
38
38
32
29
27
14
-2
-1
-3
-12
-14
-16
-17
-25
-35
-51
-46
-35
-29
-31
-36
-27
-18
-18
-19
-2
20
25
23
27
37
29
26
34
45
38
21
17
13
7
-2
3
-1
-7
-7
0
1
-15
-10
1
10
10
17
29
22
16
11
22
19
7
5
6
0
-9
-7
-13
-18
-26
-24
-19
-23
-26
-23
-19
-18
-18
-22
-20
-13
-6
-5
-14
-15
-5
-7
-4
-7
-13
-20
-21
-23
-22
-38
-47
-36
-35
-42
-42
-38
-44
-52
-53
-35
-31
-38
-39
-31
-20
-16
-13
-4
6
3
3
14
18
16
11
11
15
16
7
-2
-5
-15
-19
-29
-37
-37
-44
-55
-54
-63
-66
-63
-64
-71
-78
-72
-70
-67
-58
-33
-23
-8
6
17
22
27
37
52
67
67
49
35
44
50
47
49
41
30
27
30
24
7
-6
0
12
7
-6
-10
-10
-15
-8
0
3
5
5
9
18
21
9
11
15
27
30
20
13
6
6
4
5
0
-2
-6
-24
-20
-19
-12
-11
-10
-9
-8
0
3
6
7
14
25
22
8
7
18
18
1
1
9
10
6
-2
0
-6
-8
-5
-1
7
15
27
27
28
30
42
46
46
55
65
64
45
41
49
45
26
5
9
12
-1
-16
-23
-20
-23
-31
-35
-25
-27
-31
-28
-25
-18
-6
-10
-14
-7
-2
-4
-12
-4
-2
1
-3
-9
-2
-3
3
6
5
-1
-3
1
-3
-5
-5
-8
-16
-20
-28
-26
-36
-38
-31
-34
-31
-34
-36
-32
-32
-28
-29
-24
-16
-7
-2
-1
2
9
17
19
21
20
19
14
9
5
-2
-3
-8
-14
-21
-29
-26
-36
-41
-42
-39
-32
-31
-35
-29
-15
-4
8
17
22
27
38
51
56
62
58
52
55
64
65
67
61
57
53
55
64
59
47
40
50
55
45
38
38
33
29
26
28
19
9
8
8
10
9
6
0
1
2
7
5
-1
7
12
13
11
13
22
19
12
3
4
7
14
17
22
31
32
32
28
30
35
36
32
34
44
41
29
20
20
33
33
28
24
21
24
25
22
32
39
35
28
29
37
36
31
31
42
46
47
39
35
38
32
22
26
36
34
24
18
19
16
12
10
17
18
6
-1
-6
-11
-19
-22
-24
-24
-22
-24
-26
-30
-31
-32
-23
-19
-16
-7
-2
-4
-6
4
9
10
9
3
5
-1
-8
-14
-13
-16
-22
-22
-26
-26
-33
-34
-30
-27
-21
-22
-20
-18
-13
-8
-2
3
4
2
8
8
3
9
17
15
7
1
3
3
-2
0
0
-1
-4
-5
-1
4
6
-3
-7
-5
-7
-10
-14
-17
-14
-4
2
4
6
17
22
23
25
33
39
35
27
23
25
29
33
28
26
29
30
31
29
33
47
47
49
55
60
62
59
62
67
63
65
65
58
53
44
33
28
26
17
17
17
8
3
3
7
8
10
14
13
14
13
18
27
31
39
42
43
43
49
53
58
66
67
59
53
45
36
36
33
33
25
16
17
9
3
0
5
0
-1
6
5
9
6
6
15
21
25
33
41
36
32
33
36
41
46
39
32
23
19
18
12
11
9
1
-4
-7
-12
-18
-27
-26
-23
-21
-18
-24
-28
-30
-28
-17
-11
-17
-20
-15
-17
-10
-3
3
-2
-1
-1
-6
-2
-6
-4
-3
-6
-10
-9
-10
-10
-15
-21
-16
-11
-13
-13
-9
-6
-4
-7
-1
-1
-1
-3
2
4
4
-6
-6
-2
1
5
0
1
-2
0
-4
-1
2
2
3
1
4
8
14
16
19
21
25
21
20
20
23
19
21
19
10
16
17
14
13
16
21
18
18
23
23
29
27
29
35
40
45
49
53
53
56
54
54
63
61
63
62
52
56
55
53
45
40
38
40
33
28
29
28
25
15
17
10
13
14
7
5
3
3
8
5
2
-4
-8
1
4
5
7
6
6
3
-1
3
4
-1
-1
1
0
-4
-8
-14
-13
-17
-21
-23
-21
-19
-20
-22
-23
-21
-19
-17
-17
-9
-9
-11
-11
-6
2
-2
5
14
18
21
23
27
31
35
37
39
40
35
35
41
38
40
33
32
32
26
25
28
30
27
23
15
14
15
19
18
12
13
14
13
7
4
7
12
2
-1
0
-3
-1
-8
-6
-1
1
-7
-11
-16
-16
-16
-14
-12
-9
-9
-11
-7
-3
-1
-1
-4
-10
-6
-6
-6
-8
-6
-6
-11
-11
-7
-4
-5
-9
-14
-6
1
6
11
8
11
16
21
27
26
35
32
39
44
50
57
56
56
52
51
53
51
46
41
37
35
29
28
24
27
27
27
26
26
27
23
22
21
26
28
30
34
31
27
30
23
23
19
23
18
16
17
17
10
4
0
1
3
-3
1
-1
1
-3
-9
-12
-14
-9
-14
-20
-17
-14
-18
-16
-16
-21
-27
-25
-17
-15
-19
-20
-18
-17
-11
-11
-12
-12
-7
-5
-9
-3
-4
-3
-1
0
-4
-3
-3
-2
1
1
2
-5
-5
-3
-5
-1
0
-1
3
4
8
8
8
11
10
9
13
10
16
20
16
16
13
12
13
12
11
7
5
9
5
4
8
3
-3
-7
-14
-13
-17
-15
-19
-23
-24
-28
-28
-27
-25
-24
-23
-24
-21
-19
-19
-22
-16
-12
-9
-9
-3
0
-3
-3
0
4
4
5
10
6
6
9
5
0
1
2
3
4
6
5
8
10
12
13
17
11
11
10
11
11
11
13
10
13
19
18
19
20
19
19
22
27
27
29
29
29
28
26
30
26
22
18
19
25
18
21
21
22
20
17
17
15
11
10
9
10
9
6
4
7
8
11
15
15
17
20
20
23
24
25
24
21
23
18
15
9
7
4
4
3
-3
-6
-8
-7
-5
0
-3
-2
2
0
-8
-12
-5
-3
2
2
2
1
-3
1
1
6
5
5
0
-3
5
3
5
7
3
5
7
8
3
2
6
5
9
3
-2
1
-3
-6
-8
-3
-1
3
0
0
1
1
3
3
2
-3
-2
-5
0
6
6
8
5
5
7
10
3
2
2
4
2
6
6
0
1
-3
-5
-6
-11
-8
-9
-14
-9
-11
-13
-17
-21
-20
-20
-17
-16
-16
-12
-15
-15
-13
-9
0
-2
-4
-8
-4
-7
-6
-4
-5
-2
-3
1
1
7
1
5
5
6
4
4
9
12
10
3
7
6
8
8
10
13
10
2
4
11
11
10
10
13
10
11
13
13
18
21
25
28
22
21
18
13
14
11
12
12
15
16
10
12
9
4
5
6
7
9
5
4
2
-4
-1
4
9
5
1
4
3
5
5
7
10
13
9
13
13
14
13
10
14
18
18
11
7
4
-3
-2
-2
-2
1
2
2
1
1
2
-3
0
-5
-5
-4
-3
-7
-9
-6
-4
-6
-5
-1
3
5
7
9
11
17
16
18
16
20
17
18
19
19
17
17
17
14
11
13
16
15
19
14
12
10
12
9
10
16
12
12
11
11
9
10
7
10
15
8
12
9
13
10
15
15
10
11
8
11
7
8
6
0
2
0
-5
-7
-7
-6
-9
-14
-15
-9
-8
-9
-8
-9
-6
-5
-5
-1
-2
-3
-2
5
6
9
15
7
7
6
8
7
12
13
11
9
11
10
12
14
6
12
6
13
13
10
13
11
10
11
16
15
19
16
17
19
23
25
25
20
17
16
20
18
15
13
12
9
10
8
4
10
9
7
4
6
7
5
8
9
14
13
14
14
10
9
8
7
8
4
1
-3
-10
-9
-2
-9
-12
-18
-20
-13
-15
-9
-4
-2
-1
-2
-1
4
1
3
7
14
16
15
18
13
15
13
7
12
9
7
6
10
6
6
6
4
8
6
12
13
16
17
16
17
18
18
17
21
19
15
16
19
19
18
13
14
16
14
11
15
12
8
8
9
9
11
10
7
11
8
8
5
6
5
2
-2
2
-4
-2
-1
-1
3
-1
4
3
2
6
8
12
9
10
10
11
16
16
17
18
15
10
11
9
9
9
9
8
7
1
4
3
5
5
1
3
2
4
2
4
5
7
10
10
7
16
19
16
16
16
17
19
20
20
22
22
17
17
18
16
13
11
16
14
15
14
13
12
9
6
14
9
10
11
11
11
9
9
2
7
7
3
4
2
-3
-3
-4
-4
-4
-2
-3
-5
0
0
4
8
8
6
8
7
7
5
5
9
7
9
9
8
8
6
1
-2
4
-1
4
5
5
10
8
6
10
12
16
15
16
16
18
16
17
17
16
18
19
23
16
19
15
17
18
24
22
19
16
22
22
22
21
20
20
23
26
19
15
12
15
14
14
16
14
16
13
12
18
18
18
25
23
22
24
18
17
14
8
10
14
12
11
11
7
8
7
9
5
4
11
9
9
8
7
3
7
8
8
5
8
6
8
11
8
3
4
8
8
11
8
8
10
8
14
10
10
14
8
9
10
6
9
8
13
10
9
11
12
16
15
16
14
12
14
11
11
9
15
17
10
11
14
15
14
11
13
14
12
12
12
11
11
10
8
14
17
13
8
9
7
6
4
5
0
5
8
4
7
2
3
6
4
2
3
0
0
1
3
2
2
7
8
7
7
10
13
15
16
18
14
13
20
16
16
17
14
14
11
10
5
2
5
5
7
7
5
-2
1
2
3
4
7
8
12
10
10
16
14
16
16
14
19
15
15
17
14
12
12
9
10
10
9
12
10
10
11
7
8
6
8
7
7
7
10
9
1
0
5
6
7
2
4
6
4
5
3
-1
6
9
6
7
11
11
10
6
9
5
5
5
-2
2
1
3
-1
-1
0
0
-3
-9
-9
-5
-4
-5
-6
-5
-4
-7
-8
-2
-3
-3
-2
-3
1
1
2
1
1
1
4
1
2
-2
-8
3
4
5
6
4
5
5
0
2
2
-4
-6
-6
-6
-11
-13
-13
-16
-12
-15
-21
-23
-28
-31
-26
-24
-19
-22
-25
-22
-19
-18
-19
-12
-15
-14
-15
-13
-16
-15
-15
-16
-11
-16
-14
-12
-16
-17
-18
-19
-17
-16
-16
-15
-14
-13
-12
-8
-9
-4
1
4
5
8
7
8
8
5
6
9
13
12
11
9
4
5
6
1
0
-2
-7
-9
-8
-8
-10
-16
-17
-17
-18
-16
-17
-25
-25
-17
-18
-14
-14
-15
-13
-15
-12
-9
-8
-10
-6
1
5
5
9
8
8
12
11
11
8
9
10
6
2
5
6
5
5
6
3
1
-1
-2
-2
-2
-4
-4
-1
-3
-5
0
-1
-3
0
-1
-1
3
1
-3
-5
-8
-8
-9
-4
-11
-9
-8
-14
-13
-12
-10
-13
-12
-14
-11
-10
-10
-10
-8
-8
-4
-6
-7
-12
-10
-10
-14
-11
-14
-10
-13
-12
-13
-18
-17
-19
-21
-15
-19
-14
-11
-17
-16
-19
-15
-13
-12
-11
-14
-11
-9
-11
-11
-5
-10
-7
-8
-7
-5
-5
-8
-3
-4
-11
-8
-7
-6
-8
-6
-12
-7
-4
-9
-9
-9
-8
-7
-4
-5
-6
-3
2
1
-3
-3
-5
-4
-4
-5
-7
-6
-7
-9
-9
-4
-5
-9
-8
-10
-10
-10
-6
-6
-8
-12
-10
-8
-10
-13
-15
-11
-15
-14
-8
-8
-5
-5
-3
-4
-1
-3
0
2
2
4
2
6
5
5
4
-1
1
4
1
1
-1
-1
-1
-1
2
0
1
9
7
3
3
1
0
4
5
6
4
0
-3
-2
-4
-2
0
-1
-5
-5
-5
-6
-8
-8
-11
-10
-13
-15
-13
-14
-9
-7
-11
-10
-8
-10
-10
-16
-17
-13
-8
-15
-10
-13
-17
-13
-12
-9
-7
-8
-15
-6
-4
-7
-7
-10
-10
-5
-6
-5
-7
-10
-8
-7
-9
-11
-11
-13
-16
-21
-18
-22
-22
-22
-26
-26
-24
-24
-23
-24
-21
-23
-24
-18
-18
-17
-20
-12
-8
-9
-11
-18
-16
-14
-12
-12
-12
-14
-18
-15
-11
-16
-14
-18
-17
-19
-19
-17
-22
-20
-20
-24
-20
-19
-17
-20
-17
-15
-22
-18
-18
-15
-17
-10
-12
-11
-12
-14
-16
-20
-19
-21
-25
-21
-20
-19
-20
-21
-18
-20
-19
-17
-12
-17
-20
-19
-12
-16
-14
-12
-16
-15
-17
-10
-11
-8
-12
-11
-10
-10
-12
-8
-5
-10
-4
-4
-4
1
-2
-1
3
0
3
9
2
2
2
3
3
-1
1
0
-3
-3
-5
-8
-7
-12
-10
-11
-11
-17
-18
-21
-16
-14
-13
-12
-9
-7
-9
-7
-9
-8
-8
-9
-10
-9
-11
-11
-12
-12
-15
-12
-10
-5
-5
-7
-10
-16
-11
-9
-8
-5
-10
-9
-3
-5
-3
-2
-3
0
-3
-1
-3
-4
-9
-10
-9
-10
-7
-8
-12
-11
-7
-11
-13
-16
-12
-12
-18
-15
-15
-13
-16
-19
-15
-11
-8
-10
-15
-15
-17
-19
-20
-17
-15
-14
-13
-17
-17
-21
-24
-20
-15
-11
-9
-12
-11
-10
-13
-7
-15
-15
-9
-16
-14
-14
-12
-10
-13
-12
-8
-8
-10
-14
-12
-12
-11
-13
-15
-19
-16
-11
-11
-9
-9
-7
-12
-10
-12
-12
-10
-11
-8
-10
-7
-4
-11
-6
-4
-3
1
-2
-3
-2
-1
0
2
-1
-1
0
3
1
-1
2
2
2
-2
1
-1
-5
0
3
5
2
5
4
6
7
3
3
3
4
4
5
2
0
-5
-1
3
0
0
0
-1
-2
-4
-10
-9
-11
-12
-11
-12
-18
-18
-16
-21
-21
-20
-19
-20
-15
-20
-17
-16
-16
-12
-12
-9
-7
-12
-12
-10
-14
-10
-12
-10
-13
-16
-15
-19
-15
-17
-23
-19
-16
-18
-21
-17
-12
-16
-22
-21
-27
-29
-31
-31
-30
-30
-32
-30
-30
-35
-32
-27
-26
-30
-30
-26
-25
-23
-23
-21
-17
-19
-16
-17
-14
-14
-14
-13
-14
-15
-20
-19
-20
-16
-16
-13
-13
-13
-11
-7
-7
-7
-4
-6
-7
-9
-8
-5
-8
-5
-5
-10
-6
-6
-6
-8
-6
-3
-3
-4
-7
-3
-4
-3
0
-6
-2
0
-2
-1
1
5
3
3
2
1
2
3
2
-1
-1
4
2
-1
-1
0
-2
-6
-1
-3
-3
1
4
5
4
7
9
9
8
13
13
12
13
11
11
8
3
5
2
-2
-3
-4
-1
-4
-1
-5
-8
-6
-8
0
0
-2
-3
1
0
1
2
2
-2
1
2
0
3
1
4
1
-3
-2
-4
-2
-8
-1
-1
0
-2
-6
-6
-9
-6
-8
-8
-8
-4
-6
-5
-7
-6
-10
-10
-11
-12
-8
-9
-9
-7
-5
-6
-5
-3
-4
-5
-1
0
0
-1
-4
-6
-4
-5
-10
-12
-10
-12
-8
-7
-8
-9
-9
-10
-11
-11
-11
-9
-14
-11
-6
-6
-6
-10
-9
-4
-1
-2
-6
-2
-1
-3
1
