3
0
1
0
1
-1
-2
-1
-3
-2
-3
-3
-3
-7
-5
-6
-1
-2
-3
-4
-5
-3
0
4
-1
4
2
0
2
-1
1
-4
-5
-7
-8
-3
-6
-11
-12
-11
-11
-14
-13
-16
-17
-18
-23
-19
-20
-21
-22
-20
-21
-22
-20
-17
-17
-16
-15
-12
-11
-13
-13
-10
-10
-9
-8
-13
-12
-15
-18
-16
-19
-21
-21
-23
-29
-29
-27
-25
-24
-26
-28
-26
-26
-26
-28
-24
-22
-26
-23
-22
-23
-29
-24
-25
-29
-29
-28
-29
-35
-30
-32
-34
-33
-29
-31
-28
-31
-30
-30
-32
-32
-32
-30
-31
-30
-37
-38
-36
-38
-36
-35
-37
-34
-36
-35
-33
-32
-33
-30
-29
-30
-26
-24
-21
-20
-18
-21
-22
-16
-21
-20
-18
-15
-15
-19
-18
-13
-15
-14
-10
-14
-10
-13
-10
-10
-11
-10
-13
-14
-11
-18
-15
-16
-18
-12
-14
-15
-14
-15
-18
-12
-12
-12
-14
-15
-12
-11
-9
-7
-12
-12
-12
-12
-11
-13
-10
-8
-10
-9
-5
-6
-5
-1
-4
-4
-2
-5
-5
-4
-3
3
-1
1
2
4
-1
-2
1
1
-2
-1
2
2
-2
-2
-1
-2
-5
-1
-3
-3
0
-4
-2
1
2
5
5
2
3
0
3
4
1
1
1
-3
-5
-3
-1
-4
3
5
1
3
0
9
10
2
3
5
4
3
5
1
0
0
0
-3
-6
-1
-9
-12
-7
-9
-12
-14
-15
-14
-16
-14
-15
-15
-17
-18
-16
-17
-18
-18
-20
-23
-20
-23
-25
-22
-24
-25
-27
-23
-24
-29
-27
-24
-25
-27
-29
-32
-32
-31
-34
-30
-29
-33
-33
-31
-30
-27
-31
-31
-30
-32
-29
-28
-28
-23
-18
-27
-23
-23
-22
-22
-21
-21
-22
-21
-20
-22
-26
-19
-24
-21
-21
-16
-14
-16
-13
-15
-12
-14
-13
-6
-6
-8
-8
-8
-6
-2
-1
2
1
0
2
0
7
0
2
3
1
3
4
7
1
1
0
1
3
3
-2
-1
-1
-4
-3
2
-4
-2
-4
-4
-3
-6
-5
-4
-7
-2
-1
-1
-3
-5
-5
-5
0
-2
0
-1
1
-3
2
2
2
6
3
5
6
5
8
6
3
3
4
4
3
5
7
4
0
-3
-6
0
-4
-5
-2
-3
-1
-3
-2
-2
-3
-6
-3
-3
-5
-10
-8
-9
-12
-11
-9
-9
-9
-11
-8
-5
-14
-16
-11
-14
-18
-17
-12
-14
-16
-15
-19
-20
-19
-17
-15
-14
-14
-10
-8
-16
-16
-20
-18
-14
-18
-12
-21
-24
-22
-19
-19
-16
-22
-17
-17
-18
-14
-16
-13
-14
-13
-15
-17
-14
-18
-22
-20
-22
-22
-22
-26
-24
-21
-26
-21
-18
-22
-18
-20
-17
-16
-15
-11
-11
-9
-9
-9
-6
-3
-8
-3
-2
0
0
-3
-2
-2
-5
-4
-3
0
-1
3
2
-3
0
-4
-2
-4
0
2
3
-2
-2
1
-1
1
-1
4
2
7
8
5
4
2
-1
-2
0
2
-2
-5
-5
-10
-5
-6
-5
-1
-4
-3
-2
-2
-2
2
-2
2
1
2
7
3
6
8
10
10
9
7
7
10
7
8
4
3
5
3
1
-1
1
1
5
3
2
1
-4
-2
-1
-3
-7
-5
-8
-9
-6
-6
-7
-11
-12
-9
-12
-10
-15
-18
-11
-18
-18
-18
-20
-20
-19
-18
-19
-18
-17
-17
-16
-19
-22
-22
-24
-22
-24
-24
-23
-22
-25
-25
-21
-24
-23
-22
-20
-22
-23
-25
-26
-25
-20
-23
-29
-27
-29
-26
-24
-31
-29
-33
-31
-33
-34
-32
-36
-33
-32
-26
-27
-20
-20
-20
-17
-19
-14
-17
-16
-10
-11
-7
-8
-6
-5
-7
-4
-7
-4
-7
-3
-2
-1
2
0
6
4
2
5
5
3
4
3
4
8
6
8
8
9
11
7
6
2
6
3
6
7
2
3
1
4
3
1
2
1
2
-1
0
-2
-1
-2
-3
-6
-6
-8
-4
-1
-8
-3
-1
-2
-3
-4
-5
-1
2
-1
0
3
3
4
1
3
2
2
5
6
6
3
3
5
6
3
0
6
4
2
2
-4
3
2
-4
0
-4
-8
-7
-5
-3
-7
-3
0
-4
-3
-4
-6
-7
-11
-7
-9
-10
-12
-14
-16
-13
-10
-13
-12
-10
-10
-9
-14
-18
-11
-11
-11
-13
-12
-9
-9
-8
-11
-17
-17
-16
-17
-22
-18
-21
-25
-21
-20
-22
-25
-24
-24
-28
-25
-23
-24
-27
-27
-26
-27
-26
-25
-23
-25
-24
-25
-27
-29
-25
-28
-29
-27
-30
-25
-26
-24
-21
-24
-25
-23
-19
-19
-18
-14
-18
-18
-16
-16
-14
-14
-6
-11
-8
-11
-10
-8
-10
-8
-7
-11
-13
-12
-11
-9
-11
-8
-16
-11
-9
-11
-9
-11
-11
-10
-8
-8
-6
-8
-7
-6
-10
-7
-11
-13
-8
-12
-7
-4
-5
-5
-2
-4
-3
-1
3
4
3
7
4
7
6
6
6
5
8
5
3
4
1
-2
0
-3
-3
-8
-8
-7
-8
-5
-3
-3
-3
-4
1
1
-3
-1
-7
-8
-7
-10
-11
-10
-9
-11
-14
-14
-11
-14
-13
-12
-12
-14
-9
-5
-3
-4
-6
-7
-4
-3
-7
-2
3
0
4
6
5
5
0
0
2
3
3
0
-3
4
1
-1
-1
0
0
-1
-3
-4
-4
-9
-6
-7
-10
-14
-15
-11
-17
-14
-16
-18
-22
-20
-16
-22
-19
-26
-25
-24
-27
-30
-29
-25
-30
-33
-28
-24
-22
-22
-17
-16
-16
-13
-14
-12
-16
-11
-14
-9
-10
-11
-7
-7
-5
-7
-7
-8
-5
-6
-4
1
4
2
2
5
4
2
3
3
0
3
7
7
4
5
4
8
3
7
5
2
9
6
6
1
0
4
4
7
6
12
11
6
9
11
9
9
7
7
10
10
4
6
9
6
6
5
6
8
11
10
13
15
14
12
10
12
9
11
9
6
6
8
4
5
3
1
3
2
0
-1
-3
-1
0
-4
-3
-5
-5
-1
-1
-4
1
-2
1
3
-1
3
3
-5
-2
-2
-4
0
-1
0
0
1
1
1
-2
-2
-2
-1
-3
-7
-10
-12
-8
-11
-15
-13
-16
-12
-9
-11
-14
-12
-9
-9
-13
-13
-12
-12
-13
-15
-17
-17
-20
-18
-14
-17
-8
-12
-9
-12
-15
-10
-14
-9
-11
-15
-11
-11
-16
-15
-15
-17
-17
-14
-19
-19
-28
-24
-25
-23
-17
-19
-16
-14
-12
-15
-10
-10
-7
-9
-11
-11
-12
-13
-13
-12
-13
-14
-14
-15
-17
-14
-15
-14
-15
-12
-13
-14
-11
-11
-10
-8
-8
-5
-5
-5
-1
4
1
-2
6
6
6
6
4
6
4
7
6
11
9
4
9
14
12
7
11
12
12
10
8
4
6
2
1
6
4
8
12
11
12
6
6
11
6
7
6
6
7
9
6
11
11
5
9
12
10
7
7
10
11
9
6
5
-2
4
1
0
0
-3
-3
-4
-4
-8
-5
-6
-3
-3
-3
-8
-6
-8
-3
-2
1
4
1
2
7
8
-1
-1
1
-3
-4
-3
-6
-2
-4
-6
-4
-5
-5
-5
-7
-7
-12
-16
-7
-12
-9
-10
-10
-14
-15
-15
-16
-16
-18
-19
-19
-15
-17
-18
-20
-22
-17
-17
-16
-12
-19
-12
-8
-12
-14
-17
-14
-13
-13
-16
-15
-14
-19
-18
-17
-18
-14
-17
-15
-16
-16
-12
-13
-10
-13
-8
-8
-8
-9
-9
-5
-4
-4
-5
-1
-1
-1
2
4
2
0
-3
0
-2
-6
-3
-8
-5
-4
-7
-4
-5
-2
-2
-3
-2
-4
-1
-2
-1
4
0
6
2
2
1
8
9
6
7
10
12
11
7
12
12
11
13
14
10
8
11
11
13
11
10
8
11
10
11
12
9
12
10
6
2
5
4
1
2
5
5
6
4
-1
4
5
5
-2
3
4
4
0
-1
-3
-5
-6
-7
-6
-10
-13
-12
-11
-12
-11
-8
-7
-6
-7
-8
-12
-8
-12
-11
-6
-7
-8
-10
-7
-8
-6
-9
-9
-14
-7
-2
-6
-9
-8
-9
-7
-7
-4
-4
-5
-4
-7
-6
-5
-6
-7
-8
-9
-3
-7
-8
-6
-8
-9
-11
-9
-12
-12
-13
-18
-19
-22
-19
-18
-20
-18
-18
-19
-19
-19
-16
-15
-21
-17
-15
-15
-15
-13
-11
-10
-10
-12
-9
-11
-8
-6
-6
-1
-3
1
-1
0
0
1
6
4
5
8
1
3
5
2
2
7
3
5
9
6
10
3
5
5
3
6
8
2
5
5
6
0
-2
-5
-4
-5
-7
-6
-6
-3
0
-1
0
2
5
8
5
4
12
7
13
17
17
18
17
23
22
24
21
18
15
18
14
16
17
13
14
10
15
7
8
4
8
9
4
3
2
0
-1
-4
-3
-5
-10
-5
-10
-13
-13
-14
-11
-9
-10
-13
-10
-8
-7
-8
-11
-11
-9
-8
-8
-9
-6
-5
-8
-4
0
1
1
2
1
-4
0
-2
-3
-1
-4
-2
2
0
1
-1
-4
-5
-3
2
-5
-5
-5
-8
-10
-9
-7
-9
-9
-9
-11
-12
-14
-13
-15
-14
-17
-21
-16
-19
-16
-23
-24
-24
-28
-26
-22
-23
-22
-17
-19
-20
-16
-15
-15
-13
-14
-17
-12
-8
-10
-10
-11
-8
-8
-3
-4
0
-1
-1
-2
-2
2
-1
-1
-1
-2
-4
-2
-1
-4
-5
-1
1
3
6
7
9
7
6
2
3
2
1
-1
-6
-5
-5
-1
1
3
3
0
-1
-1
-1
4
5
0
-3
-4
-1
-2
-1
-2
-2
1
-1
2
5
4
6
5
5
7
8
7
6
9
7
7
8
4
5
8
1
0
0
-4
-3
-4
-4
-13
-16
-13
-11
-15
-16
-15
-15
-10
-10
-7
-5
-7
-7
-5
-11
-10
-11
-13
-10
-15
-11
-9
-8
-10
-12
-6
-3
2
-1
-1
0
-5
0
3
3
2
2
7
6
8
14
15
22
38
76
106
121
113
83
44
7
-7
-16
-15
-23
-19
-1
34
60
58
48
20
-8
-33
-43
-62
-76
-67
-15
22
51
81
82
82
70
63
36
0
-42
-84
-96
-88
-80
-92
-93
-82
-91
-107
-119
-141
-148
-131
-124
-120
-100
-83
-57
-42
-48
-55
-63
-47
-31
-32
-35
-42
-23
4
12
2
-31
-45
-51
-45
-41
-56
-53
-43
-20
4
16
15
8
13
21
22
13
5
17
45
71
95
109
132
148
165
168
153
151
154
157
160
158
162
165
173
164
136
111
90
72
48
29
18
9
12
13
7
-2
-7
-5
-6
-13
-31
-39
-39
-39
-35
-28
-23
-11
-3
-5
-11
-15
-23
-49
-67
-81
-84
-90
-97
-104
-97
-93
-96
-93
-98
-98
-104
-102
-104
-120
-125
-138
-157
-162
-172
-163
-169
-183
-190
-198
-208
-217
-219
-233
-240
-257
-273
-279
-289
-283
-230
-123
-19
15
45
149
285
356
337
338
407
466
449
434
472
515
507
460
452
456
416
322
221
161
121
58
-21
-85
-121
-136
-152
-190
-228
-244
-255
-287
-322
-323
-282
-256
-252
-212
-126
-40
-8
13
70
134
171
183
210
243
256
285
312
347
375
377
370
369
364
340
295
252
210
164
119
67
18
-23
-53
-94
-137
-169
-189
-211
-230
-233
-217
-193
-172
-148
-111
-63
-20
7
35
70
88
101
118
132
132
130
107
84
64
30
-14
-71
-114
-151
-196
-238
-271
-300
-315
-340
-369
-384
-399
-411
-417
-426
-429
-414
-399
-387
-362
-347
-348
-355
-358
-351
-301
-165
-31
30
70
216
431
540
526
536
629
670
603
553
606
653
579
486
514
585
541
393
293
268
192
46
-82
-146
-193
-269
-334
-341
-317
-296
-307
-322
-311
-274
-250
-264
-281
-243
-171
-119
-99
-33
83
162
186
226
310
354
326
278
293
316
276
227
223
258
273
249
241
265
276
227
153
110
85
36
-45
-100
-102
-100
-113
-121
-105
-76
-57
-63
-70
-49
-32
-38
-51
-40
-1
28
41
55
96
137
135
108
92
92
56
-5
-50
-72
-92
-134
-169
-180
-178
-202
-236
-258
-276
-305
-353
-401
-438
-464
-489
-512
-516
-496
-470
-447
-438
-430
-426
-429
-466
-460
-337
-175
-105
-85
49
327
527
545
563
692
806
749
644
658
723
648
489
453
545
568
446
343
350
342
227
72
-31
-112
-218
-348
-428
-437
-425
-416
-423
-396
-321
-233
-204
-231
-226
-165
-134
-173
-177
-97
-9
18
59
179
311
345
346
382
422
407
338
278
246
221
185
160
170
214
230
218
226
242
226
162
82
17
-31
-93
-149
-183
-183
-151
-117
-89
-40
12
46
54
48
55
56
24
-11
-13
11
31
22
27
57
77
59
36
19
-9
-60
-128
-164
-198
-232
-268
-293
-301
-293
-293
-308
-327
-343
-358
-380
-407
-433
-445
-457
-472
-486
-493
-489
-492
-502
-459
-313
-164
-107
-79
82
330
472
478
526
673
770
728
670
724
774
686
551
548
625
597
467
387
400
377
262
138
57
-19
-129
-249
-328
-363
-381
-415
-449
-443
-374
-295
-284
-296
-255
-176
-147
-180
-164
-92
-55
-52
-10
100
194
216
238
315
387
402
370
348
322
295
245
198
186
175
154
130
158
198
204
176
144
132
117
70
3
-60
-87
-111
-132
-131
-108
-63
-36
3
49
101
125
109
100
111
113
81
40
27
26
10
-7
-10
-6
-17
-44
-65
-79
-104
-151
-207
-245
-279
-310
-348
-389
-409
-425
-433
-440
-442
-434
-431
-434
-435
-422
-425
-457
-489
-500
-507
-502
-422
-284
-193
-147
-27
212
415
478
527
662
785
771
697
708
745
656
504
474
546
536
412
345
402
412
312
209
165
111
-25
-173
-252
-297
-375
-459
-494
-474
-420
-374
-346
-313
-246
-162
-122
-122
-103
-59
-51
-76
-55
27
81
75
96
192
289
313
309
335
362
347
288
251
234
188
125
80
87
112
89
65
91
128
139
106
92
90
53
3
-39
-57
-72
-100
-119
-92
-45
-13
19
49
87
127
136
130
117
101
79
40
-4
-31
-59
-91
-121
-135
-132
-140
-159
-178
-178
-181
-211
-250
-285
-317
-357
-401
-434
-451
-465
-473
-472
-454
-424
-409
-408
-414
-413
-419
-445
-442
-357
-263
-242
-210
-55
175
313
359
479
678
793
782
769
842
861
717
577
588
620
505
349
335
396
361
250
221
249
204
63
-31
-43
-101
-240
-365
-404
-400
-429
-462
-448
-388
-317
-265
-211
-141
-57
-17
-20
-1
59
108
72
34
66
137
158
140
175
239
263
246
258
291
297
245
185
186
195
157
80
57
83
85
52
40
72
87
62
50
72
78
44
-2
-4
19
2
-26
-24
6
27
34
51
79
105
107
102
96
89
60
5
-43
-77
-108
-152
-196
-225
-229
-232
-242
-252
-250
-249
-263
-281
-292
-311
-346
-381
-410
-423
-440
-455
-465
-476
-488
-500
-498
-503
-483
-395
-285
-227
-188
-66
145
287
331
426
590
708
712
700
783
838
744
634
651
700
617
462
435
484
428
292
232
251
199
45
-51
-46
-88
-216
-336
-352
-351
-405
-458
-450
-408
-386
-373
-326
-252
-201
-173
-148
-94
-23
16
8
15
62
111
119
111
142
183
184
165
189
228
221
177
169
197
204
166
122
122
131
106
70
72
91
80
51
55
91
86
47
21
39
52
20
-5
8
33
30
30
59
97
99
85
97
111
96
57
12
-24
-55
-102
-147
-181
-206
-228
-248
-261
-270
-272
-282
-289
-291
-302
-315
-332
-355
-369
-392
-418
-438
-453
-457
-465
-482
-497
-503
-501
-506
-472
-365
-260
-211
-149
11
205
316
377
502
663
731
717
752
844
836
714
653
694
687
560
442
450
452
337
227
223
218
102
-34
-61
-51
-148
-286
-342
-334
-377
-459
-473
-438
-432
-448
-422
-336
-271
-242
-207
-132
-54
1
37
58
98
123
126
125
142
170
161
142
169
217
229
207
209
235
260
242
214
209
208
192
152
132
148
128
77
62
80
91
51
22
31
50
32
8
24
50
37
21
45
78
74
45
48
62
57
17
-17
-33
-51
-94
-137
-153
-172
-202
-239
-251
-248
-262
-287
-299
-299
-294
-307
-322
-330
-330
-334
-361
-375
-394
-409
-424
-453
-475
-493
-506
-513
-517
-463
-350
-268
-216
-122
52
226
312
392
539
676
714
716
780
847
807
701
676
712
663
524
446
463
429
301
227
238
204
74
-26
-14
-27
-143
-257
-283
-287
-371
-457
-456
-439
-465
-492
-444
-355
-304
-282
-236
-148
-63
-14
13
48
88
110
115
118
139
159
142
126
163
208
207
185
202
245
243
234
240
249
248
213
191
197
177
139
88
73
81
49
12
2
13
9
-5
1
26
29
13
17
38
48
20
-4
6
6
-24
-48
-54
-63
-91
-118
-123
-129
-154
-179
-198
-197
-207
-231
-241
-251
-264
-275
-290
-306
-314
-333
-353
-370
-386
-403
-427
-440
-447
-471
-498
-509
-515
-516
-484
-393
-298
-244
-182
-34
162
267
336
470
635
718
724
789
892
886
779
730
773
740
587
467
464
438
304
196
200
196
81
-34
-29
-13
-116
-246
-282
-283
-355
-457
-481
-465
-487
-529
-504
-420
-368
-340
-289
-199
-110
-53
-2
34
81
123
138
147
169
182
165
152
172
198
196
191
209
246
260
273
291
301
308
297
286
282
249
202
156
118
102
55
15
3
-14
-16
-21
-11
6
3
0
4
29
33
8
-9
-5
-7
-30
-49
-62
-66
-83
-110
-110
-114
-133
-152
-162
-158
-175
-196
-205
-216
-232
-250
-270
-292
-317
-343
-363
-384
-401
-418
-433
-436
-432
-451
-471
-483
-483
-487
-471
-387
-304
-258
-205
-70
114
228
298
441
617
718
743
810
919
925
821
763
794
761
601
470
455
427
294
183
186
183
73
-44
-33
-10
-103
-233
-274
-264
-337
-438
-473
-449
-477
-529
-506
-426
-374
-362
-317
-220
-124
-65
-23
34
91
128
150
167
194
196
171
153
170
192
187
174
193
228
246
250
273
293
294
276
267
269
249
200
151
129
114
72
27
7
1
-10
-36
-38
-26
-18
-29
-24
2
13
6
-7
2
13
-6
-30
-35
-45
-65
-93
-108
-115
-131
-152
-157
-155
-161
-172
-178
-185
-196
-212
-236
-261
-277
-301
-332
-357
-378
-396
-415
-429
-429
-442
-464
-479
-480
-490
-498
-439
-347
-284
-249
-161
30
191
258
364
541
693
733
756
869
939
866
761
762
791
680
507
448
461
367
211
164
188
126
-16
-67
-20
-54
-177
-267
-252
-268
-378
-450
-442
-434
-487
-518
-455
-375
-356
-338
-261
-159
-75
-37
14
83
128
152
158
190
220
207
182
190
224
233
203
197
229
260
255
249
277
291
283
267
260
272
235
187
159
138
122
63
18
5
-14
-34
-61
-55
-43
-48
-43
-17
14
22
14
25
45
35
2
-19
-25
-51
-86
-119
-122
-137
-162
-174
-164
-150
-161
-171
-162
-159
-175
-203
-225
-244
-278
-316
-349
-367
-393
-423
-446
-448
-448
-470
-496
-502
-498
-508
-500
-421
-318
-273
-240
-113
84
214
274
399
583
707
722
765
896
932
832
754
786
787
638
486
468
452
326
190
180
191
91
-36
-42
-3
-75
-204
-248
-226
-274
-386
-419
-400
-422
-483
-483
-402
-352
-354
-327
-244
-149
-91
-53
10
69
110
129
157
203
222
195
178
201
228
216
183
194
221
220
214
233
255
265
251
251
270
265
232
182
156
144
97
46
7
-10
-32
-58
-61
-55
-44
-53
-53
-22
10
9
-7
6
17
0
-28
-41
-56
-80
-110
-127
-131
-144
-164
-167
-157
-149
-161
-162
-156
-163
-178
-201
-223
-248
-284
-331
-366
-388
-417
-452
-476
-481
-487
-510
-531
-530
-520
-525
-486
-373
-285
-241
-176
-19
177
262
333
484
651
722
721
792
905
882
766
723
763
717
545
437
438
393
252
152
162
148
14
-88
-63
-55
-151
-263
-277
-265
-342
-433
-439
-416
-454
-504
-475
-398
-370
-369
-331
-243
-156
-105
-68
-2
58
90
112
147
191
197
169
162
195
209
191
180
208
234
242
261
287
308
303
297
306
304
277
233
182
150
123
69
20
-14
-35
-59
-66
-66
-53
-49
-45
-29
2
28
18
9
15
21
-1
-18
-39
-52
-79
-104
-111
-117
-130
-138
-144
-129
-116
-128
-132
-134
-149
-168
-199
-228
-265
-306
-346
-389
-411
-441
-469
-487
-491
-476
-484
-497
-485
-478
-471
-440
-345
-249
-215
-166
-38
135
242
302
434
598
692
710
776
891
896
803
741
772
748
592
463
434
401
269
148
149
144
36
-67
-67
-34
-102
-219
-244
-230
-285
-380
-408
-392
-427
-500
-493
-422
-393
-400
-371
-285
-196
-148
-97
-20
44
81
112
160
194
201
186
175
198
211
187
172
190
216
220
239
278
303
305
305
326
335
310
279
238
204
171
111
50
3
-39
-69
-99
-110
-112
-119
-117
-99
-69
-45
-38
-41
-23
-5
-15
-37
-49
-64
-92
-129
-140
-138
-154
-176
-181
-158
-139
-141
-146
-135
-122
-137
-164
-186
-212
-261
-318
-364
-389
-428
-475
-502
-503
-501
-520
-539
-531
-513
-509
-468
-359
-266
-220
-166
-22
160
251
317
443
598
674
680
759
865
851
758
727
769
740
585
480
473
431
308
204
200
181
51
-47
-39
-35
-128
-247
-267
-257
-329
-414
-430
-419
-462
-521
-495
-421
-398
-411
-370
-283
-206
-163
-121
-51
5
40
70
121
163
171
160
171
202
222
209
205
228
245
264
275
301
319
316
316
330
340
310
267
226
197
164
104
38
-4
-42
-76
-104
-120
-119
-126
-123
-107
-73
-45
-46
-38
-14
6
-4
-23
-34
-46
-75
-98
-106
-115
-130
-146
-142
-118
-104
-111
-112
-105
-105
-130
-159
-190
-221
-268
-325
-367
-404
-446
-482
-510
-511
-506
-522
-531
-526
-502
-488
-440
-347
-253
-196
-147
-16
161
259
314
437
583
676
691
746
850
848
769
726
761
750
607
498
485
452
328
217
202
180
64
-44
-45
-29
-109
-230
-255
-238
-293
-384
-410
-399
-429
-488
-481
-406
-382
-397
-372
-284
-206
-169
-125
-59
3
41
78
130
177
189
183
189
227
243
228
217
233
258
258
269
292
310
305
311
324
320
306
263
226
195
160
106
41
-6
-45
-83
-110
-135
-139
-143
-150
-134
-106
-81
-76
-69
-48
-24
-25
-39
-50
-49
-73
-98
-110
-119
-131
-155
-160
-140
-130
-137
-145
-132
-124
-147
-176
-192
-224
-277
-329
-372
-400
-441
-493
-511
-510
-503
-509
-525
-513
-505
-490
-469
-413
-309
-237
-203
-131
25
179
236
307
450
587
644
660
750
845
815
737
724
765
706
541
458
454
392
251
165
171
122
-6
-76
-44
-50
-160
-254
-252
-248
-334
-409
-412
-406
-462
-511
-473
-410
-409
-423
-376
-284
-215
-187
-129
-56
-1
37
76
134
177
187
182
204
236
242
230
232
255
272
275
295
318
323
324
326
338
328
296
259
217
186
141
81
24
-25
-66
-104
-134
-144
-147
-150
-151
-123
-82
-67
-59
-44
-9
10
-1
-9
-8
-18
-49
-66
-69
-80
-106
-122
-106
-87
-93
-102
-101
-95
-113
-142
-163
-190
-238
-294
-335
-370
-411
-457
-491
-497
-494
-495
-488
-478
-467
-458
-441
-414
-356
-278
-219
-174
-105
17
153
228
299
422
545
618
650
729
812
798
736
718
738
680
543
455
434
372
243
159
140
93
-16
-86
-77
-86
-174
-259
-266
-265
-329
-398
-406
-401
-442
-483
-455
-402
-399
-402
-360
-285
-227
-195
-137
-66
-12
30
82
136
182
194
202
227
256
262
249
254
269
277
270
282
302
299
286
284
290
280
249
204
172
142
92
35
-16
-54
-99
-133
-156
-165
-172
-180
-165
-132
-103
-77
-58
-43
-8
7
2
-2
-1
-11
-43
-61
-61
-68
-93
-103
-96
-85
-87
-104
-102
-98
-118
-150
-177
-200
-244
-293
-332
-364
-401
-441
-468
-468
-458
-450
-437
-419
-407
-401
-391
-370
-346
-280
-212
-181
-142
-38
99
190
246
361
500
589
623
684
791
807
743
705
728
705
572
456
431
393
276
163
145
133
32
-63
-64
-49
-113
-210
-233
-217
-267
-348
-377
-364
-394
-455
-456
-405
-396
-407
-393
-327
-262
-226
-175
-108
-36
11
56
117
176
207
217
229
260
276
255
246
257
262
258
260
278
288
276
277
287
279
260
229
196
154
107
51
-12
-66
-112
-149
-179
-198
-201
-199
-186
-160
-125
-85
-61
-38
0
19
21
18
16
8
-23
-43
-50
-59
-73
-90
-86
-75
-73
-87
-92
-86
-100
-129
-163
-193
-229
-283
-331
-364
-394
-429
-456
-460
-452
-444
-438
-421
-397
-391
-384
-369
-345
-285
-226
-188
-144
-64
60
155
220
328
451
546
590
652
744
771
732
695
697
686
582
479
437
393
293
185
152
130
41
-54
-68
-60
-110
-197
-226
-214
-252
-323
-349
-337
-364
-420
-437
-394
-377
-390
-382
-326
-264
-226
-177
-107
-33
20
67
137
201
228
243
251
273
288
270
265
273
272
266
262
271
285
276
268
277
275
257
218
187
150
114
55
-2
-49
-96
-139
-173
-186
-191
-196
-189
-163
-133
-99
-83
-66
-35
-13
-13
-17
-13
-17
-35
-53
-51
-55
-73
-90
-86
-70
-72
-87
-97
-91
-101
-138
-167
-180
-215
-265
-308
-346
-369
-405
-439
-445
-445
-444
-436
-420
-403
-400
-408
-394
-372
-325
-264
-220
-184
-121
-10
104
170
254
379
486
551
600
689
751
726
683
682
695
626
506
449
417
333
220
165
154
80
-21
-58
-44
-77
-166
-209
-205
-232
-298
-342
-341
-355
-419
-453
-418
-396
-412
-416
-371
-303
-259
-213
-140
-64
0
49
116
186
230
240
251
277
288
275
259
264
262
255
250
263
272
268
267
280
288
277
252
221
188
145
94
38
-18
-68
-117
-153
-175
-186
-195
-197
-170
-145
-119
-91
-69
-37
-12
-1
6
16
15
2
-9
-11
-17
-30
-49
-56
-46
-51
-66
-74
-79
-87
-112
-137
-152
-182
-228
-265
-293
-331
-365
-401
-420
-427
-438
-438
-431
-413
-408
-412
-400
-383
-361
-314
-250
-200
-160
-84
39
132
199
294
407
510
560
604
687
719
691
664
673
662
569
465
417
377
289
187
140
101
17
-56
-74
-77
-123
-201
-228
-224
-254
-304
-330
-332
-359
-399
-403
-380
-366
-377
-365
-310
-251
-202
-153
-85
-14
44
100
160
211
232
236
242
257
256
230
216
209
202
192
194
202
205
207
218
227
226
217
195
168
138
101
55
9
-36
-75
-108
-136
-150
-160
-158
-151
-135
-108
-82
-63
-48
-27
-7
-10
-11
-8
-9
-22
-43
-49
-62
-77
-92
-95
-93
-103
-113
-123
-118
-123
-143
-157
-171
-193
-221
-246
-270
-294
-326
-345
-354
-358
-367
-368
-354
-337
-341
-345
-335
-322
-330
-307
-240
-191
-159
-107
6
123
178
247
368
484
547
568
633
687
661
624
612
604
525
402
345
324
262
155
81
50
2
-64
-90
-92
-123
-189
-226
-216
-218
-261
-307
-321
-325
-343
-353
-336
-327
-322
-319
-278
-213
-164
-120
-71
-3
64
111
152
190
218
230
231
226
219
196
169
157
153
146
137
137
147
160
168
174
178
180
162
140
119
92
48
-2
-38
-64
-86
-112
-127
-127
-118
-108
-93
-69
-42
-24
-13
7
22
21
9
3
-6
-26
-49
-67
-77
-96
-119
-124
-119
-124
-134
-141
-138
-140
-157
-171
-181
-198
-228
-249
-264
-283
-308
-326
-334
-338
-341
-346
-334
-319
-308
-303
-306
-299
-293
-294
-280
-240
-190
-156
-112
-26
80
157
217
316
434
505
534
575
620
626
591
561
533
466
368
302
275
212
118
45
16
-14
-63
-102
-116
-139
-170
-199
-199
-202
-227
-252
-261
-250
-258
-270
-264
-240
-226
-215
-187
-136
-87
-50
-12
41
101
138
167
196
229
224
219
215
209
190
152
139
134
128
111
104
112
123
119
115
114
110
95
76
60
35
2
-31
-50
-57
-72
-85
-88
-77
-60
-53
-44
-27
-5
4
6
18
32
26
12
4
2
-15
-35
-54
-66
-78
-100
-112
-110
-110
-123
-136
-143
-142
-151
-163
-179
-191
-204
-224
-232
-244
-261
-273
-280
-280
-276
-270
-265
-254
-237
-227
-223
-221
-226
-230
-228
-226
-197
-156
-124
-92
-26
65
135
194
278
378
456
498
523
568
576
542
512
477
418
332
243
190
131
55
-14
-59
-83
-120
-149
-157
-163
-173
-193
-196
-185
-186
-199
-209
-200
-188
-190
-180
-158
-132
-110
-88
-40
3
42
79
122
162
188
200
214
227
224
209
185
167
145
117
101
89
72
57
45
45
41
40
44
34
29
22
10
2
-12
-29
-40
-47
-47
-46
-39
-34
-21
-3
8
25
43
51
56
58
58
55
48
32
19
9
-9
-24
-42
-65
-82
-98
-113
-125
-141
-152
-163
-168
-173
-174
-179
-187
-190
-193
-195
-198
-202
-205
-211
-213
-213
-214
-209
-204
-197
-191
-179
-169
-156
-149
-146
-140
-142
-140
-134
-128
-107
-82
-56
-19
32
83
128
186
248
306
343
373
391
405
398
371
346
304
256
196
143
94
40
-5
-46
-73
-95
-111
-115
-119
-115
-112
-108
-100
-94
-84
-83
-76
-68
-56
-46
-35
-15
4
19
40
61
84
109
123
143
157
165
170
172
175
173
160
144
122
106
85
62
47
23
9
-3
-19
-25
-35
-35
-35
-37
-32
-27
-25
-18
-9
-2
-2
5
20
19
21
25
28
31
30
31
32
33
32
30
32
26
24
17
11
-1
-20
-42
-56
-75
-98
-116
-132
-140
-149
-164
-161
-155
-154
-152
-146
-136
-124
-121
-120
-117
-117
-120
-122
-117
-118
-116
-123
-122
-119
-120
-119
-114
-103
-100
-104
-104
-106
-107
-105
-98
-86
-68
-42
-14
23
64
106
148
183
221
252
271
281
291
287
260
228
198
173
131
85
56
27
1
-24
-29
-28
-32
-32
-33
-15
-1
3
10
17
23
22
22
27
23
25
20
20
28
36
43
48
61
78
89
101
117
126
128
127
118
110
93
76
54
32
13
-15
-32
-45
-59
-64
-63
-60
-51
-42
-26
-14
-5
8
15
22
22
24
21
20
15
8
0
3
0
-4
-7
-5
-1
-2
-4
-2
-4
-16
-24
-40
-48
-61
-79
-93
-106
-118
-123
-130
-143
-140
-134
-133
-128
-120
-114
-111
-108
-104
-94
-89
-80
-81
-82
-76
-72
-74
-73
-71
-75
-71
-69
-66
-68
-69
-73
-76
-86
-103
-109
-109
-104
-100
-86
-62
-39
-11
20
53
80
108
135
150
152
150
148
136
115
95
71
41
27
21
10
8
8
10
24
40
56
63
79
92
91
90
90
83
72
67
60
48
45
41
38
30
37
47
50
63
73
80
90
98
102
104
101
91
89
75
55
42
29
17
1
-6
-7
-12
-10
-9
3
15
23
30
38
45
46
47
45
38
31
23
20
7
5
0
-3
-3
-6
-8
-15
-11
-12
-15
-15
-19
-25
-24
-29
-36
-44
-50
-58
-68
-76
-78
-84
-86
-90
-85
-78
-73
-64
-61
-47
-44
-39
-35
-31
-24
-19
-17
-19
-22
-27
-35
-41
-45
-50
-57
-65
-66
-73
-72
-83
-89
-92
-101
-110
-115
-120
-132
-135
-136
-135
-127
-126
-110
-87
-66
-42
-12
19
38
65
86
105
123
126
130
130
130
129
123
123
119
112
106
98
98
90
89
78
72
70
70
69
65
62
61
62
59
64
62
69
72
78
81
82
89
93
95
99
100
94
98
94
91
91
79
71
62
52
44
33
19
7
2
-3
-6
-9
-11
-11
-7
-2
2
9
9
10
16
20
20
16
14
14
13
5
-8
-6
-9
-15
-21
-23
-27
-28
-35
-40
-46
-50
-52
-54
-56
-61
-57
-60
-61
-60
-53
-52
-46
-33
-30
-19
-18
-14
-2
-1
0
-3
-2
-6
-9
-18
-23
-32
-41
-48
-62
-74
-84
-92
-97
-101
-99
-97
-91
-86
-83
-87
-91
-89
-92
-92
-96
-98
-96
-85
-73
-59
-36
-22
4
28
52
72
84
98
117
128
127
126
118
110
108
101
91
80
70
69
61
62
60
61
56
62
68
66
75
81
85
84
90
94
96
104
103
98
98
94
92
93
95
93
88
88
89
84
85
85
77
72
67
53
47
41
30
18
8
5
1
-2
-6
-3
-6
0
4
9
14
16
13
16
18
17
13
13
12
3
-3
-7
-5
-10
-23
-25
-22
-29
-34
-42
-39
-35
-37
-34
-32
-32
-29
-22
-21
-13
-8
-7
0
3
8
10
10
13
14
13
0
-2
-6
-6
-10
-22
-34
-38
-38
-46
-53
-59
-69
-77
-80
-80
-90
-93
-98
-100
-99
-99
-92
-93
-86
-80
-74
-70
-64
-58
-49
-42
-38
-19
-9
4
9
18
29
37
49
53
59
60
61
65
59
56
54
56
53
53
55
50
55
59
70
73
78
88
87
100
110
110
114
117
118
120
120
115
116
116
113
114
107
105
97
92
85
75
69
62
55
52
44
39
36
30
30
21
14
15
13
8
5
5
7
7
5
7
8
5
7
3
3
-3
-6
-9
-9
-13
-14
-18
-23
-25
-31
-29
-32
-32
-31
-35
-32
-31
-32
-29
-27
-25
-25
-21
-22
-18
-19
-20
-18
-18
-14
-13
-12
-14
-15
-12
-12
-19
-18
-20
-29
-34
-45
-54
-60
-64
-69
-82
-85
-82
-80
-82
-84
-84
-76
-65
-62
-58
-54
-49
-43
-40
-34
-33
-34
-31
-29
-25
-22
-24
-20
-15
-12
-13
-10
-12
-11
-5
1
-5
-4
-2
2
8
6
7
13
23
26
35
42
51
56
61
65
73
78
85
90
91
91
90
90
89
95
91
89
87
83
77
76
76
72
67
63
67
61
55
52
44
45
40
39
30
27
29
26
17
14
20
12
11
8
11
13
14
11
10
14
13
6
4
-1
-3
-5
-14
-17
-15
-20
-20
-21
-23
-26
-29
-26
-26
-27
-27
-27
-24
-25
-29
-29
-24
-23
-21
-18
-17
-16
-15
-11
-14
-11
-10
-10
-11
-14
-17
-24
-28
-31
-31
-35
-42
-47
-51
-55
-52
-52
-51
-55
-45
-44
-40
-38
-39
-35
-30
-30
-26
-27
-28
-27
-30
-27
-26
-21
-23
-24
-23
-25
-28
-29
-32
-35
-35
-35
-37
-37
-33
-28
-27
-22
-22
-20
-17
-14
-9
0
3
1
11
13
20
24
22
28
26
32
27
28
28
28
27
27
30
32
39
35
38
40
39
33
34
30
27
24
27
26
22
24
22
22
21
23
21
21
22
18
25
23
23
22
21
22
15
12
11
7
6
3
-1
-8
-7
-12
-15
-12
-12
-14
-9
-11
-12
-8
-14
-16
-19
-24
-22
-22
-28
-29
-31
-33
-32
-25
-19
-19
-15
-8
-9
-10
-5
-7
-6
-9
-18
-23
-26
-34
-32
-42
-47
-49
-51
-49
-52
-50
-48
-40
-32
-27
-27
-27
-17
-9
-11
-11
-14
-15
-20
-23
-27
-31
-35
-38
-35
-36
-39
-33
-29
-27
-22
-20
-18
-16
-12
-16
-16
-18
-19
-24
-24
-26
-32
-36
-41
-39
-42
-44
-42
-38
-39
-36
-23
-17
-16
-8
-3
-4
-5
-6
-9
-9
-11
-15
-14
-15
-17
-14
-11
-8
-8
0
-1
1
7
5
7
7
10
12
14
16
21
24
25
24
24
32
29
24
24
24
25
28
29
26
26
27
29
27
29
27
28
26
19
17
15
16
12
8
8
7
5
4
0
2
2
3
1
1
5
7
9
17
17
17
15
16
16
13
6
4
0
-8
-13
-21
-20
-25
-29
-32
-27
-28
-27
-23
-21
-11
-10
-12
-7
-1
-1
-1
-5
-4
-7
-11
-12
-12
-13
-9
-5
-3
2
5
8
12
14
17
23
21
21
20
12
10
7
1
0
-8
-15
-19
-19
-20
-17
-15
-19
-17
-14
-12
-14
-12
-15
-19
-19
-18
-20
-22
-24
-26
-29
-30
-35
-34
-29
-33
-36
-31
-28
-28
-25
-20
-19
-15
-17
-16
-14
-15
-16
-16
-12
-7
-3
0
-1
4
5
6
13
12
13
14
14
12
11
8
9
4
0
-1
-2
0
-4
-3
0
2
2
-3
2
2
0
-2
-1
0
-1
-6
-8
-10
-10
-4
-5
-4
1
0
1
8
12
13
16
11
8
7
6
4
0
-1
-1
-5
-3
-3
-3
1
0
3
4
10
12
12
19
17
15
14
12
12
8
7
4
8
13
11
21
24
24
24
28
34
31
30
29
28
25
18
19
10
7
2
1
2
-1
-4
-4
-3
-4
-4
-6
-4
-6
-6
-8
-11
-12
-8
-11
-17
-17
-22
-23
-19
-18
-16
-15
-13
-13
-11
-8
-8
-3
-4
-3
1
1
0
1
-2
-2
2
1
-1
4
6
5
9
12
14
17
17
18
21
21
20
21
12
14
14
6
-2
2
-3
-2
3
-5
-2
-2
-4
-6
-4
-6
-9
-10
-12
-12
-10
-14
-16
-14
-14
-16
-16
-18
-17
-14
-15
-15
-14
-18
-15
-14
-17
-16
-15
-11
-15
-14
-19
-12
-12
-6
-5
-3
-4
-3
-2
-2
1
-6
2
4
0
-2
2
3
0
3
5
5
7
14
16
18
27
27
33
33
36
36
34
38
34
34
30
29
26
24
22
18
12
7
3
1
-5
-8
-5
-11
-12
-14
-14
-15
-14
-15
-16
-15
-12
-12
-10
-5
-5
-5
-1
-3
-2
0
1
1
-2
1
0
0
0
-4
-6
-2
-2
0
4
4
5
7
10
12
14
14
11
16
18
19
17
14
14
13
13
13
10
8
8
7
4
5
2
0
2
1
-2
-4
-7
-11
-11
-12
-16
-15
-17
-21
-19
-22
-18
-20
-20
-21
-23
-19
-16
-18
-16
-17
-17
-9
-8
-10
-5
-4
-4
-4
-3
-2
-2
4
-2
1
5
0
-2
-1
-6
-2
-5
-6
-2
-3
-1
1
2
-3
-2
-2
0
1
6
5
6
10
16
16
15
20
17
17
17
14
10
10
8
4
-4
-2
-5
-13
-10
-14
-14
-20
-23
-20
-15
-19
-13
-11
-9
-4
-2
1
4
10
7
9
8
8
10
9
9
11
11
9
11
9
9
5
5
5
7
9
6
10
8
9
6
6
7
9
11
12
17
14
15
17
15
17
14
14
11
7
12
12
7
10
6
9
9
2
4
4
3
3
0
1
3
5
5
-3
-5
-1
2
-3
-4
-9
-7
-8
-9
-7
-8
-4
1
0
1
6
3
5
6
10
8
13
20
13
17
18
19
15
12
12
15
14
10
10
8
4
3
3
7
2
4
5
3
4
0
4
6
7
9
10
13
9
13
12
12
11
6
3
4
-2
-3
-5
-8
-12
-13
-11
-13
-15
-12
-10
-13
-17
-15
-15
-22
-13
-12
-12
-9
-13
-17
-16
-13
-14
-15
-11
-12
-13
-11
-9
-12
-10
-7
-8
-5
-5
-5
-5
-1
-1
-1
0
1
2
0
2
3
6
8
9
11
11
17
16
15
16
17
17
16
15
16
18
19
19
20
20
17
20
17
14
17
14
13
13
10
13
10
14
14
12
13
13
15
17
17
15
18
22
23
24
21
25
26
31
34
35
34
33
35
35
38
38
44
37
34
36
33
32
27
26
26
26
21
24
22
25
25
25
28
24
26
24
25
25
30
22
24
26
23
19
19
18
12
15
13
16
15
12
10
11
7
12
10
11
10
11
13
6
10
9
6
8
7
6
5
4
-3
-5
-6
-2
-7
-12
-12
-13
-13
-15
-17
-17
-16
-18
-16
-13
-11
-10
-12
-9
-10
-10
-10
-12
-11
-12
-15
-12
-14
-12
-13
-16
-9
-11
-13
-8
-8
-10
-11
-12
-12
-12
-11
-12
-14
-10
-8
-11
-7
-7
-7
-7
-9
-6
-4
-6
-5
-5
-1
3
3
10
7
10
9
7
12
15
20
22
27
28
33
37
34
38
36
38
46
44
46
42
42
39
41
38
34
35
29
31
27
32
28
29
32
33
33
34
32
34
36
34
31
31
31
31
30
31
31
32
36
35
38
38
41
38
36
39
36
38
38
40
38
37
36
33
28
33
35
28
30
28
31
22
20
20
19
19
14
13
12
8
6
8
7
5
6
8
5
5
8
7
5
4
6
4
2
-2
2
2
2
-1
-6
-5
-3
-6
-2
-2
-1
-3
-6
-2
-1
-2
2
3
1
0
-2
-1
-5
-2
-3
-2
-4
-3
-7
-6
0
-3
-1
1
3
1
6
6
12
8
4
9
12
13
15
18
20
20
24
25
23
27
27
30
28
31
32
35
36
28
27
25
28
24
19
17
17
16
11
12
11
12
15
20
24
25
28
29
34
26
29
32
33
33
35
41
39
40
42
48
48
48
53
54
51
51
52
56
54
54
54
55
51
49
45
43
47
45
41
37
36
35
33
33
33
32
29
33
27
25
25
26
24
21
22
20
23
23
20
18
20
21
23
22
22
20
26
23
19
22
19
16
14
16
14
17
14
12
10
10
11
9
9
7
10
8
9
9
10
9
6
7
10
8
6
6
6
7
6
7
12
12
9
10
11
11
12
14
15
20
23
23
23
21
19
21
20
22
19
17
16
15
12
6
7
5
1
0
3
0
-2
-7
-8
-11
-15
-13
-8
-9
-13
-13
-8
-9
-10
-8
-7
-4
5
6
4
9
13
15
16
22
23
25
28
31
32
36
40
39
42
43
40
36
36
34
32
31
30
29
28
30
29
24
25
22
19
24
24
27
26
27
26
34
36
33
37
38
31
32
33
28
30
28
28
26
26
21
17
19
18
18
20
22
19
15
16
13
16
15
13
16
14
18
17
20
19
18
24
22
27
27
27
26
28
33
34
36
33
31
30
26
33
32
27
32
35
33
35
39
36
38
41
41
38
43
40
41
38
40
39
35
35
35
33
31
30
26
27
25
31
31
30
28
23
24
26
27
23
14
17
20
20
19
21
21
16
19
18
20
21
22
23
18
21
21
20
20
21
23
24
26
24
27
28
29
28
27
28
30
32
27
29
29
26
24
23
26
22
20
19
16
20
16
17
16
16
20
15
13
9
9
10
12
12
9
10
8
7
9
7
5
5
5
3
3
7
1
-3
-4
-5
-7
-9
-5
-8
-11
