3
5
-5
-2
-1
-8
-8
-3
-6
-13
-11
-5
-1
-3
3
7
-1
-1
4
0
0
-9
-15
-10
-18
-12
-7
-7
-3
-11
-10
-1
-6
-15
-11
-7
-17
-9
-7
-11
-11
-11
-9
-15
-14
-8
-9
-10
-20
-16
-13
-24
-19
-10
-12
-18
-12
-23
-21
-15
-24
-23
-23
-23
-24
-24
-30
-23
-22
-17
-17
-15
-12
-21
-16
-17
-20
-8
-16
-20
-13
-20
-25
-12
-15
-29
-20
-14
-27
-22
-18
-25
-15
-17
-16
-5
-5
-7
-4
-9
-15
-6
-6
-16
-14
-9
-9
-10
-14
-10
-1
-4
-6
-1
-6
-6
-1
-11
-9
0
-9
-11
-4
-4
-3
-14
-12
-10
-19
-14
-7
-15
-9
0
-10
-10
-12
-4
1
1
0
-6
-1
6
3
-12
0
3
-9
-1
-1
0
7
-6
-2
13
2
11
10
3
9
-7
3
12
-5
5
11
1
9
7
4
11
11
7
4
-3
6
15
2
5
22
15
10
19
15
13
19
11
16
16
3
18
13
2
15
6
9
21
10
7
15
13
3
2
7
10
3
5
11
0
4
-2
0
2
8
2
-2
-3
-3
-2
1
-8
-10
-5
-9
-9
-8
-14
-19
-16
-10
-12
-18
-10
-16
-20
-20
-33
-20
-17
-27
-11
-18
-28
-15
-20
-20
-19
-36
-35
-20
-29
-28
-19
-29
-26
-20
-21
-17
-20
-31
-24
-21
-27
-17
-23
-34
-15
-18
-33
-23
-19
-29
-20
-24
-17
-15
-31
-22
-20
-31
-17
-21
-36
-25
-24
-25
-21
-22
-21
-26
-20
-13
-27
-31
-20
-26
-19
-16
-22
-26
-18
-22
-15
-16
-27
-18
-32
-20
-6
-25
-19
-8
-25
-16
-1
-15
-14
-10
-19
-4
-8
-13
-2
-20
-18
7
-7
-10
-1
-6
-3
7
2
8
12
3
21
6
-5
23
17
5
19
19
11
12
-2
-3
7
-4
-3
6
5
6
3
-8
-6
-4
-5
-9
-2
8
1
0
13
-1
-4
3
-5
-3
1
-5
-14
-11
-13
0
-1
-17
-17
-5
-8
-7
-7
-16
-6
-3
-7
-12
-15
-10
-10
-12
1
3
-11
-2
0
9
5
-11
-2
-13
-21
-1
-12
-27
-7
-30
-26
0
-26
-37
-17
-36
-37
-22
-37
-30
-23
-24
-20
-14
-17
-33
-25
-15
-36
-24
-23
-47
-28
-22
-34
-22
-23
-33
-32
-32
-25
-18
-19
-20
-16
-6
-14
-9
-8
-19
-10
-11
-26
-19
-6
-20
-22
-14
-16
-12
-8
-17
-7
-6
-17
-8
-12
-14
-5
4
-3
-3
-6
0
-10
-15
-9
-7
-17
-9
-9
-15
-3
-16
-16
-14
-17
-15
-8
-5
-8
-21
-10
0
-15
-9
-10
-15
2
7
-4
-4
6
-9
-7
-1
-17
-5
-4
-3
-5
-9
5
12
-3
-6
-5
-8
-2
9
-8
-11
-3
-9
-17
-11
-9
-3
-15
-20
-5
-21
-11
-7
-14
-8
-17
-30
-21
-15
-29
-17
-12
-28
-17
-13
-16
-10
-12
-18
-12
-11
-21
-14
-18
-29
-18
-20
-28
-25
-33
-31
-21
-23
-22
-23
-31
-25
-22
-13
-18
-33
-13
-12
-30
-5
-8
-28
-23
-16
-18
-17
-15
-16
-24
-26
-25
-30
-20
-36
-41
-25
-34
-41
-27
-33
-33
-19
-40
-34
-3
-15
-31
-15
-18
-34
-28
-36
-25
-6
-27
-19
-1
-26
-21
-10
-27
-8
-21
-36
-10
-16
-21
-20
-19
-15
-29
-25
-14
-38
-12
-7
-23
-8
-6
-24
-27
-17
-27
-9
-23
-35
-12
-25
-29
-4
-25
-33
-12
-22
-20
-19
-29
-21
-17
-27
-28
-20
-19
-11
-22
-29
-8
-19
-31
-5
-19
-34
-11
-26
-16
-12
-17
-8
-24
-20
-7
-15
-29
-7
-9
-13
-5
-11
-17
-19
-12
-23
-24
-13
-18
-22
-18
-27
-25
-18
-12
-13
-5
-12
-24
-8
-11
-19
-4
-15
-19
-16
-17
-3
-24
-24
0
-18
-24
-10
-14
-25
-11
-4
-16
-26
-4
0
-23
-1
-3
-10
9
-8
-13
3
-13
-5
14
-4
-8
-1
-5
4
-10
-13
-15
-10
-14
-19
-14
-8
-17
-19
-15
3
0
-32
0
-4
-25
2
0
-18
2
-10
-8
8
-20
-8
9
-1
-7
-8
-13
-15
-15
-26
-17
-17
-16
2
-23
-25
8
-7
-26
3
-3
-23
4
-7
-14
-6
-12
-8
-21
-34
-8
-23
-32
-12
-30
-21
-20
-18
-8
-31
-30
-5
-22
-26
-6
-22
-22
-19
-25
-14
-16
-29
-7
-12
-28
-11
-20
-36
-22
-12
-25
-26
-25
-37
-20
-31
-32
-15
-18
-26
-14
-13
-11
-22
-29
-7
-17
-26
-16
-28
-12
2
-15
0
-11
-26
3
-9
-26
3
-9
-19
6
-17
-17
6
-2
-14
-4
-21
-9
2
-13
-2
-5
-18
0
14
1
7
6
-5
-4
1
-4
10
7
-3
10
12
0
18
20
-11
5
14
-10
-3
17
-8
3
17
-1
8
13
-16
6
44
-6
-7
32
-14
-6
26
-20
5
26
-22
-1
18
-18
17
9
-41
20
13
-56
4
16
-29
-8
-10
-21
-14
-24
-22
0
-11
-19
2
-18
-19
10
-16
-11
-9
-18
-8
-30
-29
11
-11
-35
-2
-11
-33
-1
-19
-23
3
-27
-17
5
-11
-12
3
-21
-20
7
-5
-15
7
-4
-24
9
11
-21
-22
-16
-17
3
-13
-20
-7
-4
-11
-11
-10
-18
-3
-16
-18
-18
-13
-16
-21
-6
-3
-8
-12
-3
-5
-22
-12
4
-24
-15
8
-14
-21
11
-1
-28
-6
10
-13
-10
3
-16
7
-1
-18
3
2
-2
2
1
12
22
-12
2
17
-4
-7
18
6
-36
-12
18
5
1
7
-12
0
-2
-6
18
16
3
13
8
20
13
-4
19
8
9
23
-1
-17
3
10
-5
-9
3
-5
-9
3
3
6
-1
-3
9
-12
-3
23
-3
-2
13
5
-7
4
7
-20
-6
9
-6
5
6
-4
5
6
-4
10
1
-1
11
16
-4
-11
14
-9
8
11
-12
-8
16
1
-14
0
-5
-7
10
10
-4
-2
-14
7
13
3
-3
-16
-7
-8
-1
0
-29
-24
22
5
-10
7
-26
-20
5
-13
-19
-20
-29
-3
-2
-8
-18
-23
-1
23
-8
-17
-3
-4
-2
9
-7
-22
-16
-4
-15
-9
-4
-26
-11
6
7
-25
2
13
-33
-11
18
-15
-21
4
-11
-24
11
14
-33
-2
22
-9
6
-2
-13
-12
10
18
-5
-2
-13
1
12
-5
-9
0
5
-2
-1
2
7
7
1
7
6
-15
-1
4
15
21
-34
-24
11
1
24
7
-14
13
20
8
19
-3
0
9
-20
11
14
-18
-15
10
-7
-2
3
-43
3
41
15
-2
-4
8
6
15
2
-40
2
32
-16
-7
15
-6
-8
6
-10
4
1
-18
-9
-8
10
-4
-29
7
12
-7
7
-23
-21
15
11
-10
-24
-15
3
-4
5
8
-27
-10
23
3
10
-32
-4
27
-23
6
36
-13
-5
-11
0
31
-17
-5
10
-14
9
0
-23
-6
7
28
6
-7
13
5
7
-2
5
-7
4
18
-4
-2
20
4
-12
40
4
-8
22
-21
-21
4
16
-4
35
7
-38
18
11
-15
8
-6
-7
36
15
-5
-3
0
32
12
-23
23
-9
-11
62
-3
-39
32
15
0
23
-10
-16
19
19
22
5
-26
9
22
20
10
-17
-11
12
13
15
24
-1
-15
16
15
16
8
26
13
-25
14
17
-9
17
7
-16
1
26
-3
-33
7
-11
0
3
-25
-23
12
-22
-37
27
-7
-18
0
-3
4
-7
-10
-10
-16
4
-2
-33
18
-3
-52
13
-2
-25
-5
9
-1
-4
-22
-15
32
-20
-26
1
-20
-23
-9
-13
-9
-1
-11
-8
-4
0
3
-12
-12
16
-9
-3
11
10
8
-13
-12
20
-18
-34
42
-4
-44
10
-8
-25
-1
0
-7
-14
-5
0
-26
-2
22
-2
-22
-25
10
8
8
-22
-9
30
-33
-15
43
-36
-28
16
-27
8
8
-36
-6
13
-4
-2
0
-15
11
26
10
-4
-14
31
39
-18
-15
13
12
24
14
-19
15
7
-2
45
-35
-22
47
-27
-3
55
-21
-27
36
21
14
21
-2
15
32
5
19
20
1
4
13
23
18
0
-4
9
13
17
-4
0
12
11
-3
39
20
-35
23
25
16
64
22
-39
35
51
12
14
-31
16
32
-29
31
25
-15
31
22
-9
23
1
4
39
-18
4
10
-17
9
0
-15
19
-10
19
24
-10
36
-14
-23
57
3
-41
17
-9
-27
7
-19
-22
14
-28
-46
-1
-22
-12
5
-14
-14
9
12
-9
4
-21
-18
8
17
-18
-5
-12
3
1
-3
1
-17
-11
-2
-8
-6
-8
-16
19
6
-37
8
12
-39
-2
13
-18
-23
-10
-7
17
-33
-31
14
-35
-9
11
-6
10
11
16
4
7
29
-12
-17
8
-27
-7
11
-32
-36
12
-7
-12
0
-18
2
1
19
10
-34
19
35
-33
-9
1
12
-2
4
0
-2
10
5
12
-10
15
2
5
34
16
20
51
8
26
48
-20
24
42
-6
32
53
2
22
51
9
13
23
25
11
10
4
9
48
0
-10
5
-7
38
4
-22
34
11
7
-2
8
22
-20
-22
46
22
-43
27
3
9
38
13
-22
5
10
-27
12
-20
-13
30
-3
-29
17
8
-21
27
9
-9
-14
-24
16
8
10
-10
-34
30
-14
-44
55
19
-56
17
-20
-37
1
-47
-23
-24
-10
-30
-45
28
8
-33
6
11
-17
19
-5
-38
-12
-21
-5
-19
-49
-24
-8
-25
5
-18
-26
9
-43
-28
10
-24
-39
-9
-17
9
23
-42
6
21
-34
20
5
-49
4
18
-4
3
-10
2
24
-10
-14
21
33
-8
4
43
-19
26
58
9
25
4
4
57
11
-4
41
6
1
21
12
4
5
51
30
5
7
15
23
-1
-1
20
14
18
13
1
39
41
10
35
23
29
33
16
16
27
26
37
22
10
23
69
102
5
-4
58
-3
28
30
-39
13
24
-4
13
11
15
24
-4
19
34
4
33
43
37
36
21
14
44
45
33
30
6
26
23
19
19
13
8
-1
-6
16
7
14
12
-13
10
6
53
21
-6
9
-3
-28
-1
18
-14
-23
-31
-5
-13
-24
-17
-19
-36
-24
-34
-30
3
-11
-29
-36
-25
-21
-3
-2
-17
-16
6
2
-1
14
-11
-23
-6
-3
-20
-11
-16
-19
-14
-25
-16
3
-20
-27
-9
-22
18
14
-9
11
-10
8
3
-2
3
-19
7
9
-30
-7
-6
7
10
9
-5
-14
14
19
-6
1
4
-22
-3
-4
-3
10
-2
7
-15
-2
-6
2
42
3
-4
21
26
15
15
22
0
2
29
12
17
42
16
28
38
-6
11
36
17
4
12
8
-5
14
16
21
13
6
32
21
11
34
18
2
25
24
11
13
2
9
16
26
31
15
30
14
14
26
14
28
17
-3
9
13
6
8
12
12
18
-4
21
24
5
30
20
14
9
1
40
23
6
11
2
13
18
11
28
26
5
16
23
23
3
6
2
3
5
7
14
9
19
15
29
8
16
16
12
9
4
-4
-4
5
-7
-11
7
-4
-21
-5
-2
-9
-9
-15
10
83
31
-5
17
-11
-12
-13
-17
-24
-39
-39
-22
-35
-34
-16
-25
-22
-20
-2
-13
-4
-3
-5
7
11
4
15
9
-6
17
21
12
22
7
10
9
-8
-1
11
-6
-7
14
0
5
5
-6
14
11
-4
4
14
9
-6
8
7
3
5
0
2
0
2
2
5
15
31
27
14
15
10
-1
4
7
3
10
6
6
14
5
22
29
11
23
17
18
20
9
12
12
17
11
18
24
16
5
10
19
26
22
24
26
29
25
19
25
37
27
26
28
28
35
29
35
37
25
26
33
28
25
13
16
14
-1
7
18
5
7
6
15
20
20
13
12
6
5
6
2
12
5
6
2
-2
8
-2
-1
8
10
7
9
9
15
12
13
14
9
12
8
11
15
9
10
9
-6
-7
4
-1
-6
12
0
-3
1
-3
-11
-20
-7
-13
-10
-9
-6
-3
-8
-5
-8
-12
-15
-12
-13
-10
-8
-7
-7
-7
-3
-4
-6
4
1
1
-2
5
14
9
12
9
7
13
16
5
16
8
9
14
11
19
18
12
9
11
5
10
12
14
14
17
22
17
23
26
17
20
20
32
29
23
28
29
28
23
28
22
21
25
24
17
7
9
-3
-5
-11
-18
-22
-23
-16
-29
-27
-31
-33
-32
-39
-33
-38
-38
-36
-30
-30
-34
-29
-26
-15
-18
-16
-9
-18
-14
-13
-16
-18
-21
-25
-19
-20
-28
-28
-38
-37
-32
-35
-41
-45
-51
-50
-45
-41
-31
-18
-6
15
38
65
87
110
141
166
187
205
225
226
221
216
203
182
154
129
105
82
54
35
19
4
-4
-14
-11
-9
-4
9
26
35
46
62
79
92
96
106
113
109
113
108
95
90
87
73
56
44
24
12
-3
-9
-12
-27
-29
-21
-25
-33
-33
-38
-30
-41
-48
-42
-55
-56
-57
-65
-67
-77
-91
-93
-97
-92
-97
-102
-100
-100
-101
-103
-97
-102
-114
-104
-106
-114
-114
-118
-122
-128
-127
-134
-139
-142
-161
-176
-184
-200
-210
-211
-185
-129
-110
-90
-25
65
144
192
258
335
393
421
436
449
435
389
335
284
231
159
76
9
-39
-81
-114
-134
-145
-136
-133
-119
-94
-60
-39
-46
-34
-11
-4
-2
-1
1
16
16
24
53
74
93
102
123
152
168
174
179
171
164
144
120
103
78
46
15
5
8
9
1
5
21
37
48
61
73
72
62
57
51
39
28
1
-17
-17
-20
-22
-19
-6
6
14
33
50
54
59
56
47
40
29
3
-27
-31
-50
-71
-87
-104
-107
-119
-121
-121
-119
-126
-138
-138
-142
-143
-156
-165
-178
-192
-199
-218
-234
-251
-285
-311
-316
-325
-335
-309
-248
-187
-155
-90
23
135
213
280
369
454
503
526
537
539
506
434
371
316
247
146
56
1
-59
-105
-139
-171
-180
-187
-198
-181
-159
-146
-144
-133
-120
-102
-83
-78
-64
-42
-24
-12
19
59
96
114
138
178
208
218
224
222
215
199
162
138
111
72
27
-10
-27
-47
-68
-77
-72
-63
-53
-45
-28
-13
-2
5
14
23
21
15
14
15
20
28
22
36
57
65
79
93
107
110
108
108
93
78
47
15
-22
-45
-76
-116
-131
-153
-174
-182
-185
-188
-182
-183
-171
-159
-151
-144
-150
-149
-145
-152
-170
-178
-191
-219
-250
-280
-291
-300
-320
-303
-240
-177
-138
-79
38
165
252
326
430
525
572
588
607
621
569
482
411
351
266
148
51
-17
-81
-139
-182
-198
-210
-221
-215
-194
-161
-135
-125
-111
-92
-70
-59
-56
-50
-35
-18
-10
16
52
81
96
122
166
203
220
224
230
232
211
180
150
117
71
15
-28
-62
-86
-111
-129
-130
-124
-119
-106
-76
-55
-35
-20
8
28
25
25
23
27
29
23
18
18
22
24
34
45
56
63
65
70
71
64
40
14
-19
-54
-92
-133
-166
-192
-213
-232
-235
-232
-234
-223
-206
-181
-161
-147
-143
-137
-133
-137
-146
-159
-179
-216
-256
-284
-303
-325
-344
-324
-253
-195
-161
-92
42
175
259
343
458
551
588
600
628
632
569
476
401
339
237
106
17
-44
-113
-178
-213
-218
-226
-233
-216
-172
-137
-116
-95
-78
-50
-33
-31
-29
-22
-11
-5
0
23
62
85
104
135
183
221
235
248
267
267
246
217
191
154
92
28
-15
-47
-90
-133
-156
-151
-148
-137
-114
-79
-44
-18
9
44
72
80
80
85
89
81
65
57
59
53
46
55
67
73
73
80
90
88
76
52
31
6
-29
-75
-120
-153
-189
-229
-248
-252
-257
-258
-251
-230
-201
-181
-165
-147
-134
-125
-126
-135
-153
-169
-198
-245
-284
-304
-329
-353
-360
-310
-238
-194
-154
-56
92
198
266
368
481
551
569
588
618
584
494
408
343
270
145
30
-39
-104
-176
-223
-238
-238
-243
-234
-200
-156
-110
-81
-62
-39
-10
6
6
8
14
23
11
23
55
80
87
96
141
189
209
213
231
249
230
200
183
159
110
35
-21
-59
-104
-159
-202
-220
-215
-209
-198
-158
-107
-65
-22
28
88
132
148
163
180
178
166
142
118
97
65
38
30
19
14
12
13
23
29
31
25
17
13
-9
-41
-65
-99
-130
-164
-189
-198
-211
-217
-219
-208
-191
-178
-168
-154
-144
-137
-138
-144
-156
-173
-199
-244
-284
-311
-344
-380
-377
-327
-262
-228
-183
-73
68
170
249
364
485
558
584
615
646
613
527
445
385
298
167
48
-30
-97
-180
-231
-235
-240
-247
-233
-194
-140
-90
-60
-41
-11
23
37
32
22
19
14
-1
2
27
44
45
54
98
148
172
183
210
233
222
199
192
170
113
43
-15
-59
-111
-186
-241
-274
-303
-318
-317
-283
-227
-183
-136
-50
35
103
150
197
240
267
287
277
257
234
184
138
108
70
29
-14
-36
-45
-54
-60
-67
-64
-58
-68
-70
-70
-78
-93
-114
-123
-131
-143
-157
-168
-171
-164
-171
-171
-166
-168
-167
-174
-176
-173
-185
-193
-214
-245
-266
-295
-322
-331
-329
-290
-231
-204
-156
-61
64
169
235
344
454
522
567
600
626
602
522
450
400
312
181
66
-8
-84
-164
-210
-222
-235
-243
-232
-185
-121
-88
-54
-23
21
55
61
66
66
53
39
21
17
32
29
26
35
70
108
123
142
178
197
196
186
185
170
109
50
-5
-56
-125
-204
-257
-301
-333
-353
-357
-335
-285
-234
-184
-101
2
74
129
193
258
293
314
323
303
288
242
188
151
97
41
-8
-50
-64
-83
-99
-103
-114
-107
-100
-105
-94
-92
-100
-115
-120
-118
-137
-156
-167
-167
-169
-178
-191
-182
-174
-191
-192
-195
-191
-197
-211
-214
-222
-255
-281
-303
-317
-333
-343
-301
-253
-215
-185
-106
26
124
192
286
396
481
533
567
606
607
537
467
418
354
241
124
45
-25
-96
-156
-188
-201
-213
-218
-184
-129
-93
-70
-43
-1
28
44
51
47
42
36
12
13
20
18
18
17
54
95
111
131
164
183
193
189
187
177
124
65
20
-26
-90
-157
-217
-266
-298
-322
-320
-308
-271
-220
-160
-82
10
84
148
217
279
317
338
350
327
312
278
223
175
126
66
16
-20
-43
-61
-75
-79
-87
-74
-70
-76
-71
-68
-82
-93
-102
-107
-134
-151
-165
-177
-185
-195
-207
-210
-204
-209
-203
-201
-199
-202
-213
-216
-220
-245
-279
-317
-342
-354
-377
-374
-331
-284
-249
-206
-98
42
127
207
328
448
528
566
616
656
629
554
491
449
358
214
103
27
-56
-148
-209
-229
-253
-272
-259
-214
-171
-142
-116
-81
-36
-8
4
13
6
4
-6
-15
-7
3
12
9
30
76
114
135
163
192
217
215
213
212
174
119
59
8
-47
-119
-190
-250
-293
-327
-345
-335
-301
-248
-192
-133
-36
54
121
188
259
314
340
356
350
330
299
245
196
162
108
52
5
-17
-33
-52
-57
-63
-61
-57
-66
-66
-66
-82
-105
-122
-133
-157
-179
-196
-207
-218
-224
-223
-217
-205
-198
-187
-175
-162
-160
-165
-167
-174
-183
-211
-253
-288
-302
-329
-365
-357
-307
-260
-247
-199
-76
62
144
218
343
472
537
569
625
666
631
543
487
450
358
206
95
27
-53
-146
-204
-215
-241
-267
-256
-211
-165
-140
-119
-84
-41
-21
-18
-13
-12
-16
-30
-40
-30
-12
-7
-14
4
59
92
111
135
173
195
185
172
167
138
73
9
-41
-92
-171
-239
-285
-310
-323
-317
-295
-263
-204
-148
-74
15
95
141
183
244
281
286
283
263
240
217
182
152
116
93
63
47
53
46
33
27
13
12
4
-21
-50
-81
-106
-147
-177
-197
-225
-255
-265
-254
-243
-223
-211
-192
-155
-123
-110
-94
-85
-83
-95
-103
-113
-145
-173
-219
-269
-307
-336
-374
-393
-380
-331
-273
-234
-166
-48
90
174
257
386
501
552
583
632
666
618
533
492
444
345
222
129
70
-4
-91
-135
-154
-182
-208
-208
-180
-161
-152
-133
-119
-100
-88
-79
-72
-71
-59
-54
-54
-36
-8
9
18
38
91
126
131
144
173
182
159
142
133
106
38
-18
-54
-98
-157
-225
-250
-273
-297
-299
-288
-247
-191
-150
-93
1
77
135
194
258
303
327
346
340
326
301
246
205
168
111
57
12
-13
-46
-76
-86
-106
-112
-107
-129
-136
-141
-158
-173
-185
-191
-201
-218
-222
-215
-211
-200
-195
-182
-159
-148
-141
-129
-122
-128
-140
-147
-164
-189
-224
-281
-318
-347
-387
-416
-405
-352
-301
-281
-214
-74
60
148
243
387
521
582
624
692
723
675
595
548
504
383
235
143
70
-25
-121
-177
-190
-228
-257
-236
-194
-163
-157
-126
-86
-56
-37
-30
-29
-32
-36
-38
-35
-26
-13
-4
0
37
88
124
146
166
208
224
212
210
203
166
104
48
9
-49
-127
-195
-238
-266
-294
-307
-288
-258
-209
-141
-78
14
100
158
232
297
353
366
375
379
349
323
273
218
172
113
60
21
-11
-39
-74
-86
-95
-113
-115
-131
-149
-147
-163
-186
-193
-196
-209
-216
-211
-208
-202
-193
-168
-149
-124
-110
-103
-85
-84
-94
-105
-122
-151
-181
-215
-259
-316
-355
-384
-421
-431
-410
-354
-300
-274
-184
-45
85
171
272
416
524
574
622
681
695
635
557
517
461
340
207
123
53
-37
-122
-159
-180
-217
-247
-228
-190
-163
-153
-142
-115
-94
-79
-81
-81
-85
-85
-89
-88
-67
-46
-37
-27
22
80
118
126
157
203
211
203
199
187
145
79
23
-11
-63
-136
-199
-226
-245
-272
-279
-262
-219
-166
-127
-60
39
100
155
207
274
316
323
338
323
310
275
225
192
154
101
52
20
1
-25
-50
-64
-85
-93
-97
-122
-127
-134
-156
-171
-180
-185
-200
-207
-198
-186
-184
-165
-155
-134
-111
-104
-96
-90
-92
-106
-122
-148
-172
-208
-250
-307
-354
-378
-418
-445
-439
-384
-322
-298
-233
-95
50
147
235
372
509
579
618
683
726
692
607
558
526
422
283
182
116
25
-77
-132
-157
-199
-245
-247
-212
-191
-197
-181
-154
-133
-116
-109
-102
-106
-115
-108
-97
-80
-60
-43
-29
9
64
111
130
146
199
220
211
211
212
188
125
76
45
-1
-74
-145
-181
-214
-253
-274
-273
-260
-239
-194
-133
-68
7
62
126
200
257
286
302
329
330
305
285
244
207
164
108
82
43
10
-27
-48
-54
-72
-91
-98
-118
-127
-134
-157
-160
-175
-187
-199
-202
-200
-200
-203
-191
-177
-167
-149
-143
-132
-125
-128
-132
-135
-154
-166
-189
-216
-255
-308
-333
-365
-395
-395
-356
-297
-280
-239
-130
15
112
194
320
458
541
590
657
711
706
628
583
563
483
344
230
160
79
-30
-108
-139
-185
-236
-255
-224
-195
-189
-182
-153
-119
-97
-85
-80
-73
-75
-76
-72
-63
-49
-39
-38
-18
33
76
93
103
157
191
199
200
207
197
143
91
65
25
-42
-106
-149
-172
-198
-217
-214
-196
-176
-146
-105
-46
6
33
69
114
151
167
167
173
172
170
162
151
149
142
122
123
126
120
104
88
76
52
32
-6
-44
-87
-129
-168
-200
-233
-262
-276
-282
-273
-262
-241
-222
-198
-164
-125
-108
-96
-77
-73
-76
-83
-104
-124
-149
-175
-216
-267
-305
-338
-367
-387
-384
-337
-281
-255
-198
-76
64
143
220
352
475
547
581
643
690
658
591
555
528
440
307
212
154
69
-39
-100
-128
-177
-232
-250
-226
-215
-227
-224
-189
-159
-145
-131
-113
-101
-95
-77
-62
-35
-19
-2
8
43
87
121
128
146
184
205
204
191
201
178
126
89
57
17
-44
-110
-150
-176
-211
-234
-238
-227
-194
-153
-108
-38
32
81
141
201
256
275
291
309
300
289
258
215
187
150
107
71
44
19
-12
-28
-32
-52
-58
-75
-107
-107
-121
-146
-170
-187
-198
-213
-218
-221
-216
-207
-204
-187
-158
-140
-134
-122
-105
-100
-111
-121
-135
-157
-185
-224
-283
-324
-356
-397
-419
-416
-368
-319
-293
-223
-86
59
151
244
386
516
583
631
700
736
700
620
583
543
433
285
187
120
23
-84
-133
-162
-214
-251
-244
-203
-186
-188
-176
-136
-109
-97
-88
-77
-76
-92
-84
-75
-70
-55
-41
-21
9
60
106
125
156
196
222
228
219
215
190
134
81
46
-2
-72
-135
-162
-185
-212
-214
-209
-188
-156
-120
-77
-15
25
46
84
124
151
158
163
169
167
173
170
166
169
162
155
158
162
146
125
111
81
53
21
-25
-79
-128
-169
-210
-243
-271
-291
-302
-293
-281
-255
-223
-202
-167
-128
-97
-82
-71
-63
-64
-74
-92
-118
-149
-177
-207
-242
-286
-329
-356
-365
-377
-380
-333
-254
-209
-168
-65
74
178
240
341
462
541
563
600
659
651
573
517
509
450
323
216
169
106
4
-74
-107
-132
-191
-236
-221
-192
-204
-231
-201
-160
-149
-143
-119
-90
-80
-75
-56
-21
2
10
20
51
88
109
109
120
151
164
154
139
148
139
89
50
41
16
-41
-100
-120
-140
-177
-198
-205
-195
-184
-161
-100
-42
10
53
108
187
241
269
289
317
334
314
296
267
228
185
127
91
54
8
-35
-65
-77
-96
-127
-139
-150
-168
-174
-184
-191
-203
-216
-224
-225
-217
-218
-213
-201
-184
-169
-148
-141
-136
-131
-123
-123
-133
-151
-170
-183
-202
-233
-288
-320
-343
-374
-400
-391
-336
-287
-267
-211
-77
65
147
233
371
500
561
604
670
714
669
592
561
530
421
273
172
117
24
-96
-152
-175
-213
-275
-278
-233
-209
-221
-217
-169
-130
-122
-121
-99
-87
-98
-96
-77
-52
-38
-41
-22
26
70
103
115
146
183
196
193
193
194
155
100
55
37
-12
-89
-135
-144
-159
-192
-187
-166
-148
-122
-88
-32
28
58
74
115
162
178
177
188
199
192
183
184
186
172
153
140
150
144
116
91
76
55
13
-23
-63
-106
-150
-192
-219
-232
-254
-277
-270
-248
-228
-215
-178
-143
-114
-96
-73
-62
-52
-51
-62
-68
-83
-109
-144
-172
-193
-220
-254
-299
-332
-341
-362
-380
-365
-305
-243
-211
-162
-48
94
183
245
363
493
565
585
631
688
678
588
539
531
461
313
192
147
71
-54
-140
-160
-192
-272
-309
-263
-230
-252
-271
-224
-166
-162
-166
-133
-91
-92
-101
-78
-32
-23
-30
-18
27
65
83
92
117
158
162
153
155
168
147
90
56
49
11
-60
-105
-117
-117
-151
-170
-146
-120
-105
-82
-38
26
58
71
110
162
190
180
190
200
197
180
164
166
163
136
121
125
120
95
61
49
34
-1
-44
-75
-108
-142
-178
-207
-217
-227
-244
-247
-223
-194
-183
-161
-132
-99
-71
-64
-50
-35
-44
-63
-75
-85
-112
-153
-179
-195
-217
-257
-302
-320
-328
-348
-362
-331
-256
-199
-177
-107
33
171
234
303
445
568
615
635
693
742
688
592
558
540
424
252
158
120
27
-105
-176
-177
-216
-300
-309
-247
-214
-245
-247
-174
-120
-125
-124
-82
-46
-53
-63
-28
24
22
12
37
94
134
135
142
186
214
211
188
188
194
146
67
31
21
-38
-118
-160
-155
-162
-188
-190
-149
-95
-76
-42
28
94
117
128
171
217
225
194
187
194
182
152
128
125
116
83
61
74
72
42
7
7
2
-29
-74
-107
-129
-156
-191
-216
-215
-227
-239
-235
-205
-179
-171
-151
-126
-87
-74
-73
-61
-57
-75
-92
-105
-118
-149
-187
-210
-231
-251
-296
-331
-337
-345
-361
-344
-271
-191
-164
-115
17
176
265
320
441
577
646
654
693
752
708
594
526
511
425
256
132
88
18
-99
-186
-190
-203
-271
-303
-252
-196
-204
-228
-188
-122
-109
-116
-101
-59
-47
-60
-41
15
50
49
57
107
170
192
186
201
239
250
210
177
179
149
67
-3
-11
-36
-117
-180
-173
-144
-158
-172
-134
-68
-28
-7
45
127
174
173
187
240
256
222
196
199
200
169
133
127
132
112
78
74
88
73
31
8
6
-12
-62
-108
-124
-141
-179
-212
-219
-217
-227
-232
-207
-165
-142
-136
-117
-73
-48
-49
-52
-45
-43
-77
-106
-120
-140
-186
-227
-242
-253
-283
-335
-358
-356
-362
-378
-364
-288
-204
-166
-121
8
171
269
324
441
578
642
645
674
728
694
568
483
460
384
216
78
34
-25
-143
-226
-230
-232
-293
-330
-279
-218
-226
-248
-210
-150
-137
-154
-125
-89
-78
-83
-52
7
45
61
81
133
190
222
222
229
247
247
205
163
147
116
28
-45
-67
-88
-139
-199
-189
-150
-144
-129
-81
-8
37
62
112
176
223
217
211
245
261
224
196
182
169
144
106
94
101
87
58
51
74
75
36
20
11
-7
-39
-88
-116
-127
-148
-181
-187
-180
-182
-185
-166
-132
-106
-93
-78
-44
-21
-29
-38
-48
-61
-92
-132
-156
-180
-213
-243
-259
-265
-287
-326
-338
-342
-340
-339
-300
-208
-138
-98
-22
126
278
364
438
553
658
692
689
713
722
643
514
437
385
278
113
3
-38
-103
-193
-243
-231
-239
-290
-296
-234
-193
-212
-224
-187
-145
-148
-155
-122
-95
-93
-87
-39
31
72
93
135
195
242
257
260
264
256
222
166
122
91
27
-62
-119
-143
-163
-211
-238
-224
-196
-176
-147
-88
-25
20
46
93
152
182
177
184
202
211
192
175
169
164
142
121
117
120
99
76
72
78
67
32
9
-7
-22
-57
-83
-95
-114
-138
-156
-156
-156
-161
-162
-145
-126
-111
-95
-78
-58
-41
-37
-36
-44
-58
-80
-105
-121
-148
-174
-202
-226
-236
-248
-259
-281
-298
-296
-284
-280
-264
-195
-106
-60
-24
89
255
361
405
489
605
672
657
652
682
646
532
423
392
330
181
46
-11
-47
-126
-208
-220
-209
-249
-285
-256
-208
-211
-233
-225
-180
-160
-157
-127
-77
-39
-11
39
112
172
204
224
247
272
278
252
223
189
145
94
46
9
-24
-75
-125
-138
-122
-122
-135
-131
-98
-72
-56
-21
12
33
44
68
98
124
118
103
107
123
126
123
129
138
137
134
140
142
133
102
79
65
38
9
-22
-46
-68
-94
-113
-124
-143
-163
-170
-173
-170
-166
-161
-157
-146
-123
-100
-83
-70
-55
-42
-45
-59
-73
-92
-122
-158
-188
-217
-250
-278
-295
-294
-296
-323
-330
-312
-286
-273
-240
-137
-38
-2
45
167
332
404
430
517
617
650
599
590
620
555
406
297
274
215
70
-42
-63
-84
-158
-222
-199
-173
-230
-276
-239
-181
-193
-233
-213
-159
-143
-142
-91
-19
20
36
91
170
221
231
234
240
247
233
201
170
137
100
50
17
5
-6
-42
-84
-87
-63
-59
-71
-68
-55
-45
-39
-20
-2
11
6
18
53
95
116
118
143
174
184
180
185
185
173
156
150
157
148
118
93
79
57
23
-20
-54
-86
-114
-155
-175
-178
-197
-206
-201
-175
-146
-123
-103
-70
-37
-16
-9
-2
-10
-29
-57
-89
-121
-157
-204
-239
-257
-266
-271
-280
-271
-259
-253
-259
-263
-249
-233
-233
-190
-89
-9
22
77
208
342
399
435
514
596
592
533
532
542
461
318
235
217
157
38
-39
-46
-66
-136
-183
-152
-161
-219
-270
-257
-234
-265
-294
-276
-227
-201
-167
-93
1
63
115
184
245
291
305
292
271
246
214
179
134
92
59
26
-7
-24
-16
-36
-75
-95
-85
-81
-95
-102
-89
-61
-54
-28
12
56
83
100
143
185
206
201
202
205
193
165
145
133
115
87
76
85
96
97
82
81
75
54
26
-9
-46
-84
-125
-144
-153
-156
-153
-139
-113
-82
-48
-32
-14
-2
4
2
-9
-26
-50
-80
-109
-142
-171
-192
-215
-229
-226
-216
-211
-210
-201
-197
-202
-221
-232
-227
-229
-233
-185
-82
13
61
131
271
408
466
504
567
608
584
507
476
454
375
246
165
152
113
33
-24
-20
-37
-101
-152
-152
-169
-230
-297
-320
-298
-298
-304
-273
-205
-143
-86
-8
79
147
182
206
227
240
224
192
156
127
105
82
68
77
89
71
55
47
47
20
-37
-79
-107
-127
-152
-162
-145
-124
-104
-61
1
56
88
117
144
164
168
155
145
136
126
117
120
134
145
139
135
130
118
93
51
7
-32
-70
-107
-129
-145
-157
-154
-134
-103
-76
-57
-41
-24
-12
-11
-14
-24
-37
-51
-64
-75
-81
-90
-98
-111
-113
-125
-132
-139
-151
-156
-170
-170
-174
-177
-178
-180
-190
-206
-216
-217
-223
-219
-152
-58
17
56
142
281
405
469
521
575
605
585
551
543
492
399
301
261
215
131
49
6
-27
-107
-178
-203
-204
-270
-343
-361
-335
-317
-319
-271
-199
-139
-79
18
118
162
174
205
238
234
204
198
205
169
130
132
163
161
134
121
121
89
45
15
-20
-89
-158
-166
-154
-167
-171
-138
-89
-59
-19
31
75
80
82
104
125
125
111
130
143
147
152
193
214
194
175
160
130
73
18
-28
-73
-129
-152
-147
-149
-151
-132
-94
-74
-76
-61
-47
-56
-78
-80
-57
-65
-81
-74
-55
-50
-50
-41
-29
-42
-69
-78
-91
-123
-164
-179
-184
-194
-204
-203
-196
-195
-201
-201
-211
-231
-241
-242
-238
-194
-88
27
94
168
279
402
494
547
567
542
512
484
465
395
314
262
229
191
129
100
76
22
-60
-132
-194
-257
-307
-348
-376
-382
-342
-261
-185
-115
-46
20
90
143
173
178
164
162
159
149
157
184
212
225
235
250
257
244
215
139
55
-16
-65
-115
-166
-187
-190
-177
-145
-99
-66
-35
-6
29
36
35
59
88
102
107
133
167
199
221
245
229
200
186
157
110
56
11
-22
-43
-67
-81
-82
-67
-67
-73
-69
-63
-71
-83
-89
-95
-104
-104
-87
-78
-76
-78
-55
-39
-40
-52
-58
-56
-65
-74
-80
-91
-102
-103
-104
-114
-126
-137
-150
-164
-173
-188
-198
-203
-213
-226
-234
-219
-208
-181
-104
9
113
183
249
336
423
489
525
504
460
422
410
397
343
276
216
189
163
115
53
-16
-74
-131
-202
-264
-310
-340
-339
-323
-309
-290
-240
-168
-98
-57
-26
4
43
93
120
139
160
195
228
259
285
298
306
298
270
227
174
123
65
6
-52
-105
-148
-155
-146
-136
-129
-113
-82
-39
-12
16
43
52
75
110
144
157
169
177
190
198
198
183
161
144
121
95
66
42
16
0
-9
-24
-44
-57
-56
-60
-68
-76
-79
-74
-64
-68
-67
-63
-56
-48
-44
-34
-27
-31
-23
-19
-14
-18
-28
-31
-44
-62
-79
-96
-122
-144
-165
-183
-195
-208
-209
-208
-195
-182
-175
-174
-172
-166
-159
-160
-162
-127
-59
39
130
199
256
311
365
416
439
420
384
358
343
320
286
235
189
164
144
94
25
-54
-128
-191
-230
-262
-297
-325
-326
-292
-244
-195
-154
-116
-72
-28
9
28
28
26
49
95
136
175
203
229
235
237
239
214
171
126
87
40
-1
-40
-61
-71
-73
-63
-50
-28
-24
-30
-28
-32
-32
-32
-31
-25
-12
8
30
57
73
76
82
85
79
62
46
26
13
-4
-16
-20
-20
-13
-12
-4
8
10
11
11
7
-2
3
19
29
42
59
78
97
109
108
106
96
83
67
42
23
7
-10
-23
-31
-45
-52
-62
-63
-62
-62
-58
-55
-52
-51
-45
-38
-29
-23
-9
1
20
36
43
43
44
42
35
30
16
4
-7
-20
-23
-37
-46
-48
-55
-58
-63
-75
-82
-90
-100
-103
-100
-96
-82
-68
-51
-28
-10
5
25
36
53
62
68
82
86
91
97
101
102
87
86
87
83
77
71
66
59
53
49
47
42
37
27
22
13
17
15
10
7
8
4
1
-1
-10
-11
-20
-27
-30
-36
-32
-25
-15
-4
3
9
15
20
20
18
10
1
-4
-10
-18
-28
-33
-29
-24
-25
-14
-6
2
1
1
3
5
2
-1
1
8
16
21
30
47
56
61
50
46
47
37
24
11
6
-3
-13
-23
-21
-22
-26
-21
-9
-6
-7
-5
1
8
7
8
14
21
36
41
50
64
65
64
61
57
42
27
19
7
-5
-18
-25
-29
-28
-31
-38
-43
-53
-59
-74
-81
-89
-95
-90
-80
-63
-49
-42
-26
-14
1
9
8
10
8
6
2
2
5
5
5
14
23
28
32
36
43
46
48
49
52
56
59
60
63
67
64
64
56
55
47
35
23
15
9
2
1
4
15
23
24
30
41
44
39
29
22
13
2
-15
-21
-34
-49
-52
-54
-46
-42
-41
-40
-31
-23
-23
-26
-24
-24
-29
-30
-29
-21
-22
-22
-13
-7
-4
-3
-7
-6
-10
-17
-21
-22
-23
-30
-33
-34
-33
-33
-33
-30
-22
-19
-21
-16
-4
4
3
5
14
22
31
34
39
46
52
52
52
49
46
36
27
15
9
-5
-18
-24
-31
-38
-48
-52
-54
-58
-62
-67
-69
-64
-62
-57
-45
-33
-24
-13
-3
9
18
21
22
23
21
17
16
18
20
27
29
34
34
30
27
21
25
32
51
67
74
68
59
38
10
-17
-49
-66
-70
-64
-43
-19
6
32
49
66
84
86
79
65
61
64
54
48
40
36
37
37
31
29
21
4
-16
-25
-39
-46
-56
-61
-47
-35
-23
-13
-4
-6
-5
-12
-7
-2
-7
0
12
13
16
19
19
14
6
6
1
-9
-12
-13
-15
-20
-20
-22
-24
-18
-20
-20
-20
-11
-2
5
11
24
30
32
39
46
47
38
41
38
31
23
23
18
12
2
-5
-10
-21
-37
-43
-46
-51
-54
-58
-50
-51
-42
-38
-45
-40
-43
-35
-34
-33
-33
-33
-23
-13
-4
12
24
26
39
49
55
49
45
38
45
41
39
38
32
36
36
26
11
9
0
-14
-24
-23
-28
-38
-36
-24
-19
-8
-2
6
13
22
23
36
46
45
47
53
58
68
66
59
63
56
47
33
23
5
-5
-13
-12
-13
-10
-16
-26
-15
-11
-15
-19
-15
-12
11
11
18
24
30
41
50
54
47
49
44
42
32
39
30
28
24
25
30
33
29
20
24
13
3
-11
-6
-12
-10
-16
-8
-2
-6
7
14
20
15
16
19
28
29
22
27
21
14
20
19
16
12
3
3
3
-6
-20
-24
-34
-47
-47
-42
-46
-48
-43
-41
-36
-33
-38
-37
-29
-29
-21
-18
-11
1
5
18
39
45
50
61
58
50
46
46
26
7
19
7
-4
-10
-23
-27
-28
-25
-37
-45
-50
-39
-29
-38
-23
6
42
60
51
43
44
32
8
-9
-21
-23
-16
-2
7
8
-2
4
15
27
38
18
18
32
37
33
30
26
20
10
7
9
-5
-5
-12
-8
-13
-18
-11
-3
4
9
21
34
34
30
42
47
50
55
51
35
43
54
30
26
22
7
-5
-11
-19
-13
-15
-24
-20
-10
-5
-3
7
17
29
20
21
21
24
20
13
-2
8
23
23
20
23
33
28
21
14
20
8
10
3
7
-8
-14
-11
-13
-12
-25
-22
-22
-14
-21
-10
-7
-1
-1
15
24
31
31
31
36
47
52
44
52
48
34
27
21
-2
5
-2
-8
-19
-33
-33
-30
-25
-29
-31
-22
-23
-25
-13
-4
-2
1
12
7
9
12
22
31
35
40
32
31
28
28
19
19
13
8
1
-4
4
17
14
-9
-17
-23
-19
-26
-31
-38
-35
-24
-16
3
-4
-5
-12
-18
-5
-7
-12
-9
1
0
12
18
10
9
8
9
4
-4
-16
-20
-10
-3
-3
5
14
13
13
20
21
3
-1
6
7
5
5
0
-10
-4
3
11
16
11
14
15
14
14
12
13
22
29
32
24
10
-4
-4
8
9
4
7
10
7
11
13
10
12
9
3
-7
-12
-4
5
16
28
40
50
55
49
49
47
38
27
23
25
27
24
23
23
27
30
23
5
-7
-17
-17
-15
-14
-2
7
23
34
43
37
30
28
27
21
20
21
24
29
33
37
45
41
32
31
22
13
2
-3
-3
2
9
13
10
5
13
13
4
-3
-5
-9
-8
-1
4
11
27
25
24
21
17
10
6
7
6
1
-6
3
4
3
-2
-5
-13
-13
-5
0
12
17
25
36
43
42
40
26
22
16
2
-5
-11
-13
-14
-7
-9
-16
-16
-11
-10
-11
-13
-16
-12
-9
0
4
12
12
12
10
4
-6
-10
-4
-6
-3
1
-3
-6
-5
-7
-2
-5
-11
-9
-11
-10
0
5
9
13
18
18
20
15
2
-1
0
1
12
18
23
29
32
30
30
30
32
36
32
36
34
34
37
37
32
30
22
15
12
10
5
-3
0
5
5
10
12
13
14
18
22
21
15
15
24
28
32
36
42
38
33
31
28
20
25
31
28
22
24
28
27
32
30
27
20
24
22
16
11
14
20
12
5
2
-1
-9
-5
-9
-10
-5
-9
-12
-9
-7
-7
-9
-8
-7
-14
-12
-6
-4
-3
0
6
9
5
3
-6
-11
-17
-19
-18
-18
-11
-5
0
-3
6
4
2
1
5
4
-1
2
8
20
21
26
33
31
26
25
19
13
6
7
-1
-7
-8
-7
-3
-5
-8
-10
-10
-18
-21
-23
-22
-20
-16
-11
-15
-5
-4
-1
-5
-7
-7
-7
-8
-6
2
7
14
22
26
21
18
16
14
12
9
10
13
15
19
15
17
20
15
9
4
2
3
12
12
17
18
27
27
30
29
27
25
19
15
12
15
18
29
30
34
30
28
24
18
11
7
5
-1
-5
-8
-6
0
9
11
13
17
19
18
18
22
14
12
19
22
27
33
39
42
38
36
33
32
27
24
23
19
22
20
15
13
6
4
5
5
-3
-3
-1
-5
-5
-4
2
8
5
5
5
12
12
12
19
17
16
13
14
11
10
10
8
6
1
-6
-6
-5
-5
-5
-6
-9
-12
-9
-10
-6
-8
-2
3
6
10
5
3
5
10
10
15
16
22
30
31
34
34
30
20
30
25
23
16
12
14
17
15
9
12
7
7
6
1
-4
2
3
5
8
8
14
18
18
20
21
18
24
23
9
1
-3
-6
-8
-3
2
-7
-7
-7
-19
-17
-8
-6
-8
-5
2
9
18
24
26
28
24
22
30
27
22
15
9
6
1
-3
-5
-2
3
4
7
10
13
20
27
22
19
18
17
14
10
13
12
8
7
5
3
1
-2
-5
-5
-4
-5
-5
-3
5
8
9
11
12
15
18
20
20
20
17
14
14
17
11
9
9
8
6
5
3
6
7
5
1
2
6
4
8
14
17
15
21
17
17
24
21
30
33
44
45
43
43
37
33
31
24
22
18
15
14
12
13
13
11
13
13
15
13
14
22
27
31
33
32
29
25
19
13
13
6
-2
-5
-7
-7
-10
-10
-10
-7
-9
-14
-12
-8
-7
-8
-10
-10
-16
-10
-12
-13
-15
-16
-22
-24
-28
-33
-35
-37
-28
-22
-18
-14
-2
3
9
10
6
8
9
8
3
2
-1
-3
-3
-5
-7
-11
-14
-13
-11
-12
-10
-12
-5
-1
-5
-4
-4
-1
1
-1
-4
-5
-6
-11
-11
-13
-13
-16
-14
-12
-14
-14
-13
-11
1
1
6
9
8
10
8
9
7
5
4
2
3
5
2
8
13
15
11
11
14
13
9
12
16
18
22
17
19
20
15
16
11
8
6
6
7
10
15
20
29
38
39
35
40
40
37
36
30
24
23
25
27
25
24
19
18
21
20
12
14
14
13
11
11
9
2
8
0
-6
-11
-13
-11
-12
-11
-9
-8
-9
-9
-4
-2
0
-5
-4
-1
0
-1
-6
-4
0
2
-3
-6
-8
-7
-9
-6
0
1
-1
2
5
8
8
7
15
8
12
12
12
14
4
8
1
1
0
-4
-12
-10
-13
-18
-16
-14
-11
-13
-10
-7
-7
-7
-1
1
-4
-4
-5
-9
-4
-7
-9
-12
-12
-12
-11
-11
-12
-13
-10
-8
-13
-10
-6
-5
-5
-3
-6
-7
-4
-3
1
4
-1
5
4
2
-2
-1
0
-2
-1
-4
1
3
3
6
7
13
13
17
16
14
15
18
18
17
17
14
15
11
6
5
-4
-5
-9
-10
-16
-20
-17
-17
-19
-23
-20
-21
-20
-21
-17
-19
-11
-6
-7
-6
-2
3
1
3
1
-4
-7
-6
-7
-7
-12
-11
-16
-14
-11
-12
-10
-9
-8
-6
-4
1
0
2
10
12
14
14
19
18
11
13
10
7
0
-1
-4
-6
-11
-14
-12
-14
-9
-10
-16
-15
-12
-12
-16
-13
-13
-16
-12
-15
-19
-16
-23
-25
-20
-23
-20
-14
-15
-13
-9
-5
0
4
5
8
2
8
9
7
8
4
-2
-2
-6
-13
-14
-14
-13
-12
-12
-12
-8
-6
1
2
4
7
3
7
11
11
16
12
11
14
15
14
14
19
21
19
15
16
19
19
21
15
13
9
10
3
0
0
-7
-9
-8
-5
-7
-1
3
5
4
4
10
7
7
2
8
9
6
4
1
-3
-6
-4
-8
-11
-9
-13
-15
-21
-21
-21
-18
-13
-13
-17
-16
-14
-13
-9
-6
-8
-6
-6
-7
-7
-3
-9
-12
-10
-15
-19
-23
-19
-23
-25
-24
-19
-20
-19
-20
-14
-11
-10
-8
-12
-7
-7
-6
-7
-9
-10
-6
-7
-7
-6
-8
-6
-7
-9
-7
-9
-11
-11
-6
-4
-5
-6
-7
-6
-4
-4
-8
-5
-6
-8
-2
-4
-7
-3
-1
-3
-3
-3
-5
-7
-10
-11
-10
-9
-9
-6
0
-3
0
0
2
4
3
1
-1
0
5
4
-1
5
1
-2
-6
-7
-5
-7
-6
-12
-8
-12
-11
-13
-11
-9
-13
-8
-5
-3
-4
-3
-4
-6
-7
-12
-12
-10
-11
-13
-13
-12
-16
-14
-16
-11
-15
-10
-10
-14
-18
-15
-16
-18
-17
-16
-11
-15
-12
-10
-13
-13
-16
-20
-18
-22
-26
-25
-23
-25
-31
-29
-29
-28
-27
-30
-25
-30
-27
-27
-24
-24
-24
-19
-22
-22
-22
-18
-25
-28
-30
-34
-30
-36
-34
-31
-32
-31
-33
-29
-30
-30
-28
-27
-26
-25
-27
-24
-18
-18
-17
-17
-17
-13
-15
-16
-15
-7
-10
-9
-8
-9
-1
-3
-6
-7
-7
-6
-4
-8
-10
-9
-5
-7
-10
-10
-11
-10
-14
-13
-13
-12
-12
-9
-9
-10
-3
-7
-1
3
6
4
3
5
2
7
4
5
5
1
3
4
1
6
4
6
6
1
4
8
5
0
-4
-7
-4
-1
-2
-7
-3
0
-2
5
8
7
8
12
15
11
16
16
14
10
12
8
4
2
2
1
2
-5
-8
-2
-4
-1
0
3
0
-3
-5
-3
-8
-8
-10
-15
-15
-21
-23
-21
-23
-25
-27
-24
-25
-21
-20
-22
-25
-24
-26
-27
-23
-23
-24
-26
-24
-27
-24
-23
-23
-20
-18
-13
-9
-6
-5
-3
-3
-6
-5
-7
-12
-12
-12
-14
-16
-16
-17
-16
-20
-21
-20
-23
-21
-27
-23
-23
-21
-25
-27
-29
-29
-36
-35
-32
-41
-42
-39
-38
-37
-28
-26
-22
-20
-18
-17
-14
-15
-15
-12
-10
-11
-15
-13
-13
-15
-13
-14
-10
-11
-10
-7
-9
-9
-6
-4
-8
-4
3
-3
0
-1
-1
-2
-4
-1
-3
-5
-5
-2
-1
-2
3
5
5
7
5
8
6
3
-4
-2
-4
-6
-6
-15
-8
-7
-10
-10
-13
-10
-13
-12
-6
-9
-9
-8
-2
-4
-5
-3
-3
-4
-3
-3
-6
-11
-9
-13
-18
-21
-24
-18
-19
-20
-18
-16
-14
-12
-9
-10
-10
-8
-3
0
0
4
5
14
7
6
10
10
9
6
5
4
0
-1
-3
-7
-10
-13
-17
-22
-23
-24
-23
-29
-27
-27
-24
-25
-25
-19
-18
-19
-24
-24
-20
-19
-15
-19
-16
-12
-15
-17
-17
-19
-19
-17
-14
-13
-14
-14
-13
-9
-9
-9
-13
-17
-17
-18
-17
-19
-20
-20
-27
-21
-24
-24
-25
-21
-22
-22
-15
-13
-13
-9
-3
0
-1
1
-2
-6
-9
-12
-14
-20
-18
-22
-25
-28
-27
-27
-27
-24
-25
-26
-32
-32
-29
-29
-35
-35
-34
-33
-30
-28
-29
-29
-23
-27
-26
-21
-21
-18
-16
-16
-15
-14
-11
-9
-9
-12
-10
-8
-8
-8
-5
-4
-6
-1
-3
-5
-2
0
-6
-6
-5
-6
2
1
0
1
-2
-2
-5
-5
-6
-4
1
-2
0
5
1
6
7
1
0
-2
-5
-7
-5
-8
-8
-5
-10
-8
-9
-11
-4
-5
-6
-2
-2
0
0
-1
-2
-2
-4
-5
-7
-4
-5
-6
-5
-2
-5
-4
-5
-2
-5
-7
-6
-6
-6
-7
-2
-7
-8
-6
2
-1
-4
1
0
2
0
2
-1
1
4
8
8
8
9
5
1
0
-5
-3
-3
-7
-5
-4
-6
-8
-7
-8
-8
-8
-14
-14
-14
-17
-18
-22
-19
-17
-22
-22
-27
-25
-25
-29
-23
-24
-23
-22
-20
-21
-20
-21
-17
-19
-21
-16
-16
-20
-22
-20
-18
-17
-16
-13
-14
-15
-13
-15
-14
-10
-12
-13
-10
-14
-13
-14
-12
-11
-12
-8
-9
-12
-10
-12
-16
-16
-17
-17
-16
-23
-21
-22
-26
-29
-27
-27
-25
-17
-14
-15
-13
-10
-14
-9
-9
-10
-8
-9
-2
-6
-7
-6
-8
-9
-7
-5
-4
-4
-8
-6
-6
-4
-4
-5
-2
-4
-1
-1
-3
-2
-7
-3
-3
-3
-3
-5
-5
-2
-4
-3
-5
-4
-2
-6
-5
-3
-7
-6
-4
-10
-8
-8
-7
-6
-9
-8
-10
-9
-10
-10
-9
-12
-16
-11
-15
-19
-15
-15
-17
-20
-19
-19
-18
-14
-14
-11
-12
-6
-5
-1
-4
-2
1
-1
2
2
1
3
0
-5
-6
-3
-7
-4
-10
-7
-11
-17
-16
-19
-22
-22
-22
-22
-15
-18
-16
-12
-11
-6
-7
-5
-4
-8
-1
-5
-4
-3
-3
0
2
-2
-3
-1
-9
-4
-7
-7
-10
-10
-5
-5
-4
-5
-8
-13
-5
-7
-9
-4
-5
-7
-6
-10
-6
-3
-4
-8
-8
-8
-7
-7
-6
-6
-9
-8
-8
-6
-8
-6
-7
-12
-8
-4
-7
-6
-3
-9
-8
-9
-6
-6
-6
-8
-7
-3
-2
-4
-9
-6
-6
-10
-8
-6
-8
-10
-10
-9
-9
-4
-4
-3
-4
-1
-3
-6
-7
-9
-10
-9
-6
-12
-8
-10
-10
-9
-10
-10
-10
-10
-10
-13
-14
-12
-15
-10
-16
