6
7
2
0
-1
1
2
-4
3
3
-3
-1
0
-2
-5
-3
-2
-6
-1
-1
1
0
1
2
3
4
3
4
2
4
-2
-1
-2
-1
3
4
3
2
6
0
6
5
9
15
9
10
8
5
5
6
1
4
7
2
2
5
3
2
4
4
3
5
3
1
4
-1
-1
0
4
4
0
-1
-2
-3
1
-5
-4
-1
-3
1
-2
-2
-4
-3
-3
-4
-2
-2
-4
2
1
1
4
4
6
1
1
3
3
0
-1
-1
-2
2
1
0
3
1
-2
-1
1
-2
-3
2
-1
1
3
7
6
8
6
4
7
1
4
3
7
4
-1
2
5
4
1
7
7
2
5
3
-2
6
7
4
3
3
4
8
14
14
8
9
10
7
11
9
6
3
4
5
5
5
8
7
7
6
6
6
4
3
2
1
3
0
0
2
-3
-7
-7
-7
-10
-7
-10
-7
-14
-15
-16
-14
-15
-17
-12
-13
-11
-10
-10
-8
-8
-8
-9
-10
-9
-10
-6
-10
-8
-8
-6
-1
-3
-3
-4
2
-1
0
-2
0
-1
-2
-2
-1
2
-7
-4
-4
-8
-7
-3
-2
-4
-3
-5
-6
-4
-2
-1
1
-3
-6
-4
-1
-2
-3
-2
-2
0
1
0
1
0
0
5
0
2
-5
-1
-1
-3
-2
-2
2
4
4
3
8
3
3
0
-1
-3
-5
-2
-2
-1
0
6
1
4
8
3
10
6
2
0
-3
-2
-2
-2
-7
-8
-9
-8
-9
-7
1
-6
-5
-7
-5
-4
-7
-6
-5
-5
-3
-3
-8
-6
-2
-2
0
2
4
2
5
6
11
9
7
8
7
2
4
5
2
2
0
1
4
3
2
1
4
7
3
1
5
3
5
3
-2
-1
5
6
4
6
6
3
6
2
-3
1
-2
-2
-5
-7
-8
-9
-12
-7
-7
-7
-8
-7
-6
-9
-9
-9
-11
-12
-13
-7
-7
-10
-6
-5
-3
-6
-6
-2
0
-2
-2
-4
-9
-2
-4
-5
-1
-2
1
0
-2
-1
-2
-1
-3
-5
-3
-4
-3
-5
-6
-10
-9
-8
-11
-6
-4
-6
-8
-10
-7
-4
-3
-9
-7
-6
-14
-6
-5
-5
-5
-6
-7
-7
-10
-14
-10
-8
-2
-3
-7
-12
-6
-4
-11
-5
-5
-3
-1
-3
-5
1
3
0
1
-6
-2
0
0
-2
-7
-5
-3
-2
-11
-5
-4
-8
-5
-3
-5
-5
-1
0
2
-3
0
0
-1
-4
-1
-5
-3
-3
-3
0
-1
1
2
2
-2
-4
-1
-5
-5
-3
0
0
-1
0
1
3
2
4
1
5
3
4
4
0
4
0
4
1
0
1
-2
2
-2
-1
0
4
6
5
-1
-2
-3
-4
1
-4
-4
-4
-6
0
2
4
3
1
4
1
3
2
2
4
4
1
-3
-1
-6
-7
-3
-10
-5
-6
-4
-5
-3
-3
-9
-9
-7
-4
-1
2
0
5
2
2
1
-1
2
0
1
5
1
-2
0
0
-4
-1
1
-2
0
-2
-2
0
-1
0
1
-3
-2
-1
3
4
-3
1
-3
-1
1
-4
0
-7
-4
1
-3
-4
-6
-3
-2
-6
-6
-3
-3
3
-3
-2
0
1
2
4
4
6
8
1
5
5
7
3
3
6
7
8
6
8
7
8
4
0
3
-4
-3
-3
-4
-2
-4
-1
-2
-7
-4
-6
-5
-3
-5
-2
-2
-3
-4
-3
-4
0
3
0
1
0
1
-2
3
0
-2
3
0
-1
-1
-5
0
2
-1
-2
0
0
-5
0
0
-5
-4
-7
-3
-4
-3
-3
-3
1
1
0
1
4
5
3
-1
3
2
1
3
0
0
0
-3
1
-3
-1
-5
-2
2
-4
-4
-7
-4
-7
-3
-7
-7
-4
-5
-7
-4
-2
-4
-4
-8
-6
-6
-10
-7
-10
-9
-11
-6
-7
-12
-11
-12
-11
-14
-14
-15
-18
-20
-18
-15
-16
-12
-16
-18
-13
-15
-14
-14
-11
-12
-12
-9
-11
-6
-6
-10
-6
-10
-8
-8
-9
-7
-13
-14
-16
-17
-15
-15
-17
-10
-13
-11
-11
-10
-9
-11
-6
-8
-6
-6
-4
-5
-2
-2
-4
-5
-3
-8
-9
-10
-16
-13
-10
-6
-9
-7
-6
-9
-7
-7
-9
-7
-10
-9
-7
-8
-7
-10
-14
-11
-11
-12
-12
-13
-11
-14
-16
-18
-18
-19
-20
-20
-21
-22
-22
-21
-20
-18
-17
-18
-23
-22
-15
-19
-13
-11
-12
-9
-12
-10
-11
-13
-10
-6
-12
-14
-12
-17
-16
-14
-14
-15
-14
-14
-12
-10
-12
-9
-8
-11
-15
-13
-11
-14
-11
-10
-16
-16
-15
-13
-13
-10
-13
-13
-8
-11
-14
-16
-14
-14
-11
-11
-9
-5
-6
-6
-8
-3
-10
-4
-6
-13
-10
-10
-13
-11
-8
-9
-7
-6
-8
-8
-5
-7
-7
-7
-7
-6
-4
-4
-7
-6
-6
-5
-7
-8
-3
-1
0
1
0
-3
-4
1
1
0
0
-1
-2
1
-1
-3
-2
-1
-2
-4
-3
-7
0
-1
0
0
3
0
2
4
3
6
1
4
2
0
-1
5
8
5
7
11
7
5
9
9
5
4
2
0
1
2
1
2
4
5
0
3
1
2
1
-3
-2
-7
-7
-9
-11
-7
-6
-9
-9
-10
-9
-9
-9
-2
-4
-5
-8
-10
-9
-8
-9
-9
-9
-12
-9
-9
-9
-6
-5
-1
-4
-4
-1
-4
2
1
1
6
3
5
2
7
7
6
8
6
8
10
4
6
11
2
5
6
3
1
6
1
3
-1
-4
-9
-6
-10
-15
-12
-17
-16
-18
-15
-13
-6
-9
-11
-8
-6
-7
-6
-5
-6
-5
-4
-2
-1
0
-2
-1
1
-1
0
0
0
3
2
8
10
5
5
9
7
9
10
7
12
9
4
8
7
6
5
1
3
6
4
1
-2
-1
-1
-3
-2
-5
-5
-3
-8
-9
-7
-8
-8
-11
-10
-8
-4
-5
-5
-6
-9
-4
-5
0
1
1
1
-4
-2
-3
-1
1
1
0
1
5
7
7
4
8
4
6
9
11
12
11
11
10
8
7
12
17
13
12
15
10
13
13
12
11
9
9
7
7
6
1
3
0
-3
1
0
-2
-4
-1
-3
-2
-5
-1
-1
0
2
1
0
-4
-5
2
3
-3
-5
-7
-3
-5
-6
-4
-4
-2
-1
-4
-3
-2
-5
-6
-5
-2
-4
2
-8
-3
-6
-4
-5
-7
-4
-7
-6
-11
-5
-6
-6
-5
0
1
6
5
2
5
6
10
10
6
7
7
3
4
2
1
5
0
0
-1
1
0
-2
-3
-3
1
5
5
3
8
8
7
7
5
9
12
7
7
8
11
9
6
6
6
5
5
6
6
8
3
4
1
4
4
3
2
1
2
-2
-5
-5
1
3
-1
-2
2
1
-4
0
-1
-1
-2
-5
-5
-9
-11
-14
-13
-13
-11
-9
-11
-7
-6
-6
0
2
-3
0
2
1
0
4
7
7
6
7
7
8
7
1
2
2
3
1
2
4
4
6
3
2
1
3
-1
0
3
0
-2
-2
-2
-3
-3
-3
-6
-6
-9
-6
-5
-11
-9
-11
-13
-9
-9
-11
-11
-8
-11
-14
-15
-15
-15
-13
-10
-16
-13
-17
-15
-16
-17
-11
-10
-11
-12
-12
-12
-15
-16
-12
-18
-22
-17
-20
-21
-21
-23
-21
-20
-18
-14
-15
-20
-14
-14
-13
-12
-9
-11
-14
-19
-17
-16
-13
-8
-9
-3
-3
-2
-4
1
0
3
-1
-1
0
-5
-3
0
0
-1
0
-4
-1
-2
-2
-2
-2
-2
-3
-7
-4
-2
-6
-3
-5
0
-1
-5
-3
-5
-5
-3
-3
-3
-3
0
6
7
5
1
1
0
-2
-2
-4
-6
-5
2
-1
0
-3
-2
-2
3
4
2
3
1
4
2
2
2
3
4
4
4
3
4
4
3
4
6
6
7
9
4
8
10
7
5
6
6
8
8
4
6
4
4
0
2
-5
1
0
-2
3
-1
1
2
1
0
3
0
-4
-4
-8
-9
-10
-13
-8
-11
-15
-13
-14
-12
-15
-17
-14
-17
-17
-14
-17
-18
-15
-15
-17
-17
-19
-17
-17
-18
-13
-12
-12
-14
-12
-12
-14
-14
-10
-13
-10
-8
-14
-20
-22
-22
-22
-19
-22
-18
-14
-15
-14
-16
-15
-16
-14
-13
-15
-15
-16
-17
-18
-17
-19
-19
-17
-12
-9
-14
-16
-19
-20
-22
-23
-23
-19
-17
-18
-21
-18
-9
-12
-8
-7
-3
-2
-3
-1
-2
0
-4
-1
-2
-2
-4
-6
-3
-5
-9
-9
-7
-8
-8
-9
-7
-10
-4
-7
-9
-10
-9
-8
-6
-5
-8
-7
-12
-11
-7
-8
-3
-3
-5
-3
-7
-5
-5
-3
-6
-5
-3
-1
2
-1
-3
-4
-2
-2
-4
-1
-2
-5
0
-7
-3
-1
0
0
-4
-3
-3
-3
-5
-4
-6
-2
0
-1
5
3
0
1
0
-2
-4
-3
-8
-3
-9
-9
-5
-4
-6
-5
-6
-9
-6
-6
-6
-7
-4
-4
-3
-4
-5
-4
-4
-6
-11
-6
-6
-10
-12
-12
-9
-12
-12
-12
-14
-14
-12
-17
-15
-15
-15
-16
-16
-17
-15
-16
-25
-20
-20
-22
-17
-16
-17
-15
-13
-9
-9
-9
-4
-8
-8
-11
-7
-6
-9
-8
-10
-5
-3
2
-2
1
2
3
4
2
1
-1
2
1
6
6
9
3
3
4
4
3
1
0
-2
2
-1
0
0
1
2
0
1
-2
0
0
0
0
-2
-4
-4
-7
-8
-5
-6
-3
-1
-1
-1
2
3
0
3
2
-1
3
-1
0
6
1
0
7
3
4
5
5
4
6
4
3
-1
-4
4
2
-1
6
6
4
-1
-7
-3
-4
-5
-3
-5
-5
-1
0
1
0
4
0
5
5
0
4
1
-2
-1
3
0
0
-4
2
1
5
6
1
-2
-8
-5
-4
0
-1
0
-2
-1
0
0
0
-1
0
-5
-5
-6
-4
-8
-9
-6
-7
-8
-5
-10
-7
-6
-5
-2
-4
-3
3
4
4
5
3
2
2
7
3
5
3
4
6
4
2
3
1
0
0
2
4
5
5
7
3
3
2
0
0
-1
4
4
3
4
6
2
11
8
12
15
12
8
10
10
7
7
9
10
10
12
15
18
14
20
20
21
16
15
13
13
14
12
13
12
16
13
11
15
14
17
13
11
15
13
17
21
23
20
18
19
20
23
21
22
25
24
23
21
24
22
24
23
23
23
24
23
24
23
23
25
29
29
28
26
25
33
28
26
23
28
28
29
31
32
29
28
33
28
29
30
27
26
28
32
30
27
26
26
22
19
21
20
21
23
17
22
22
21
23
22
19
23
22
15
19
17
15
21
19
19
19
18
21
22
21
22
18
19
20
15
17
19
17
18
19
23
26
28
22
23
24
22
22
21
20
16
19
22
18
18
17
18
19
19
17
21
21
16
14
15
13
13
15
15
14
14
16
17
15
12
11
10
13
11
7
8
8
10
7
10
12
17
16
19
18
20
23
18
13
20
17
16
18
18
18
12
19
20
20
22
22
29
27
25
30
30
29
30
32
32
38
34
31
31
36
29
31
32
31
33
30
30
26
27
28
28
27
26
30
31
29
26
27
25
28
27
29
26
26
30
28
29
30
33
28
30
27
26
29
27
23
24
24
25
25
23
24
22
21
24
25
25
26
27
27
30
31
29
30
29
27
25
20
24
22
20
27
29
25
24
20
22
23
22
19
19
23
22
19
20
21
24
23
19
25
22
21
21
19
23
21
23
28
27
26
24
22
23
23
21
18
20
17
17
14
15
15
12
16
16
16
14
17
19
10
12
10
10
11
6
12
8
12
13
14
17
17
14
15
11
11
10
9
10
10
8
8
4
11
11
9
11
10
7
8
10
9
17
14
12
14
19
17
15
15
14
19
20
17
12
13
16
15
15
16
20
19
16
18
19
20
18
19
23
21
19
17
20
23
20
19
21
23
22
13
17
12
14
14
10
12
10
11
10
16
15
15
14
14
13
12
11
15
16
17
19
15
14
18
11
10
13
17
18
15
19
13
12
13
13
15
18
17
16
20
18
19
20
18
18
21
21
15
14
16
19
20
18
17
17
18
18
20
23
22
20
18
18
20
16
20
19
17
18
17
19
16
14
17
14
16
18
15
18
16
13
16
14
15
13
15
17
15
14
18
14
14
9
8
14
9
10
10
10
7
9
16
16
13
11
6
9
10
5
7
6
7
4
3
2
2
4
-1
3
2
-4
1
2
1
0
0
5
5
4
9
4
7
10
14
6
8
10
9
16
15
13
10
14
13
14
15
14
16
18
16
17
15
11
10
13
12
12
11
9
10
11
11
7
7
8
10
13
10
7
8
11
11
7
13
7
11
14
13
14
12
12
12
15
14
13
12
15
14
12
22
17
17
20
19
19
20
21
19
20
22
22
19
20
21
17
15
19
17
20
18
17
20
18
20
21
18
9
10
10
16
8
11
15
14
20
13
13
17
20
17
17
23
20
19
24
20
20
22
21
21
21
21
18
17
20
22
18
17
18
16
13
14
16
17
9
6
9
12
6
10
10
9
12
7
9
9
7
11
10
5
3
7
14
15
14
14
14
17
18
13
15
17
13
13
16
14
13
16
12
14
12
5
10
15
15
13
14
17
13
19
22
22
18
22
22
18
17
19
16
18
22
19
17
17
22
22
22
22
20
20
24
28
24
22
27
26
23
25
22
22
20
20
21
17
18
17
18
17
17
17
16
11
13
13
9
13
9
11
7
8
5
6
8
5
8
5
7
12
9
11
14
15
14
15
10
12
12
14
17
19
20
20
22
20
18
19
19
25
21
18
22
19
20
16
18
15
17
19
18
14
14
14
8
8
12
8
10
7
10
11
11
7
11
6
2
11
8
5
6
8
10
9
12
12
6
9
8
12
10
9
10
5
5
5
6
6
4
7
6
9
13
9
10
11
10
12
14
15
15
12
16
13
14
12
11
14
13
11
9
15
13
12
15
14
8
11
11
6
8
11
14
11
8
9
6
7
6
6
2
0
1
4
2
4
5
3
2
3
2
3
2
3
0
0
0
-6
1
-1
-1
2
3
-3
-2
-1
-5
-5
-9
-3
-4
-7
-4
-6
-4
-3
-9
-7
-7
-8
-3
0
-5
-3
-1
-2
2
4
1
1
3
-3
-4
2
2
3
-2
0
4
2
5
1
4
0
1
3
-3
-3
-1
0
-2
2
2
2
3
0
1
7
5
6
7
11
10
7
6
7
9
4
7
9
9
7
8
10
10
13
13
11
15
16
14
16
20
19
20
21
21
24
24
20
27
25
21
17
13
16
13
13
16
15
13
10
13
15
11
12
13
12
13
11
11
9
7
4
1
7
8
2
2
6
7
7
8
6
3
9
7
7
6
5
5
4
8
0
0
2
4
2
1
2
-2
1
2
-1
0
-1
-3
-5
-2
-7
-8
-8
-13
-13
-17
-15
-16
-18
-18
-18
-16
-15
-15
-19
-25
-20
-22
-25
-22
-27
-25
-27
-28
-25
-24
-23
-24
-22
-20
-17
-16
-12
-8
-12
-13
-7
-7
-7
-7
-5
-9
-11
-7
-9
-10
-9
-6
-8
-7
-3
2
5
3
7
8
10
10
7
11
13
17
19
16
17
21
22
24
20
23
25
24
28
28
30
24
22
24
25
20
19
24
22
23
23
22
20
19
15
17
18
15
18
15
11
9
9
8
7
9
5
3
1
-2
-11
-15
-18
-25
-26
-26
-25
-25
-33
-38
-39
-44
-45
-43
-48
-46
-46
-45
-47
-51
-49
-51
-49
-50
-51
-48
-48
-42
-44
-45
-42
-40
-41
-44
-43
-43
-45
-42
-35
-35
-33
-31
-32
-24
-20
-18
-15
-16
-14
-11
-15
-19
-25
-31
-41
-45
-48
-59
-58
-47
-40
-31
-19
-2
6
6
14
27
44
61
68
79
74
71
80
82
75
66
76
76
71
72
76
61
47
49
50
40
35
41
40
38
35
38
32
31
31
37
33
26
23
18
10
7
8
-1
-7
-11
-9
-7
-12
-18
-19
-18
-13
-8
-5
0
-2
-1
1
1
5
7
0
7
6
1
-3
-4
3
-6
-5
0
3
-4
-5
4
4
-4
-1
10
5
-2
3
4
0
-5
1
8
-4
-4
7
5
-2
-3
0
-4
-17
-16
-16
-20
-27
-27
-20
-28
-35
-33
-36
-43
-46
-45
-47
-55
-54
-53
-55
-61
-62
-65
-65
-66
-68
-66
-68
-73
-69
-62
-58
-59
-64
-68
-74
-79
-85
-91
-92
-95
-95
-90
-77
-47
-15
-4
-20
-21
-2
25
51
75
77
54
59
85
97
82
73
83
84
85
98
103
80
60
64
72
57
42
44
53
52
47
47
36
24
29
47
50
35
19
19
16
10
7
3
-5
-18
-8
3
-6
-22
-31
-28
-28
-29
-33
-42
-40
-44
-37
-22
-20
-32
-21
4
8
-7
-10
6
4
-1
10
19
11
-1
13
22
9
0
14
25
12
11
24
22
9
13
32
36
22
26
37
38
22
22
30
16
8
15
18
5
-9
-2
-7
-22
-33
-30
-25
-39
-42
-43
-48
-64
-65
-56
-63
-71
-79
-75
-82
-90
-94
-95
-98
-105
-103
-98
-103
-117
-120
-112
-111
-117
-115
-113
-118
-123
-119
-119
-132
-144
-125
-108
-95
-72
-44
-28
-27
-28
-4
21
34
62
90
90
73
81
102
95
85
94
105
98
98
115
106
75
68
82
79
64
67
84
76
64
67
67
50
36
45
60
51
37
36
35
16
4
14
8
-9
-13
-6
-6
-21
-33
-31
-37
-44
-46
-46
-49
-52
-57
-54
-53
-48
-49
-38
-22
-24
-24
-19
-19
-15
-10
8
22
14
8
13
15
12
15
25
32
25
27
40
41
35
35
46
49
38
45
60
62
51
54
58
51
39
37
39
24
13
15
15
-3
-16
-6
-9
-22
-34
-32
-40
-59
-59
-55
-58
-79
-91
-87
-97
-111
-116
-116
-118
-124
-120
-118
-125
-133
-126
-118
-126
-133
-135
-135
-146
-156
-152
-153
-157
-147
-124
-96
-71
-40
-29
-43
-34
1
28
59
84
90
75
74
90
98
94
83
92
103
104
105
98
83
71
70
81
80
70
70
81
81
75
71
59
53
52
57
58
34
12
9
8
4
-5
-13
-15
-25
-22
-12
-16
-40
-57
-46
-39
-41
-54
-59
-60
-70
-69
-54
-57
-74
-64
-46
-39
-41
-31
-12
-18
-24
-8
11
5
11
36
42
20
7
24
34
27
29
38
33
24
39
60
55
34
37
53
59
53
60
65
54
36
42
50
32
19
28
30
14
1
-3
-4
-17
-20
-16
-22
-36
-41
-35
-37
-54
-60
-61
-63
-73
-84
-85
-93
-99
-103
-97
-105
-115
-112
-103
-106
-116
-115
-117
-129
-135
-130
-137
-146
-137
-124
-103
-90
-57
-22
-14
-31
-25
14
39
72
101
103
79
85
111
117
105
95
111
118
118
133
134
105
79
85
99
92
83
92
93
90
92
94
82
61
62
81
76
49
43
38
30
20
23
20
1
-13
-6
8
-2
-24
-37
-38
-38
-45
-48
-49
-63
-74
-67
-50
-61
-81
-73
-52
-49
-55
-41
-33
-35
-29
-2
11
2
1
25
37
27
30
48
51
35
39
56
53
42
53
74
68
54
61
71
72
63
72
80
68
51
60
60
41
30
32
35
26
13
11
11
-7
-20
-21
-24
-44
-49
-44
-45
-59
-68
-65
-73
-88
-98
-93
-95
-106
-114
-103
-109
-125
-125
-116
-118
-129
-120
-120
-139
-155
-151
-157
-182
-188
-166
-152
-136
-90
-35
-16
-50
-52
-10
29
68
111
134
103
89
126
157
145
119
135
144
144
163
181
150
111
115
129
120
101
108
125
125
112
121
122
90
77
99
104
84
64
59
59
47
36
35
19
-6
-5
15
13
-20
-43
-38
-29
-37
-46
-49
-59
-76
-73
-53
-57
-83
-88
-69
-62
-72
-80
-66
-62
-70
-46
-17
-19
-33
-8
28
32
19
38
57
50
47
64
76
59
52
74
91
70
57
71
82
69
62
76
74
51
49
72
69
39
32
48
41
16
15
22
7
-17
-15
-5
-28
-55
-52
-40
-55
-70
-70
-69
-86
-97
-87
-87
-107
-119
-112
-109
-126
-137
-124
-125
-139
-137
-126
-137
-168
-170
-158
-178
-200
-192
-163
-153
-133
-71
-21
-32
-53
-34
7
41
81
136
140
105
107
153
163
135
129
145
144
146
175
187
153
115
133
146
124
113
130
142
127
132
141
122
87
84
107
105
75
68
68
54
41
43
39
11
-14
1
17
2
-21
-31
-27
-33
-38
-41
-45
-58
-61
-56
-38
-53
-75
-70
-60
-56
-64
-63
-54
-56
-52
-29
-8
-7
-15
8
37
42
48
72
81
74
68
82
88
78
72
88
96
78
69
85
89
78
95
124
123
82
76
97
91
61
45
37
11
-5
-9
-19
-58
-78
-66
-60
-73
-94
-92
-88
-89
-95
-105
-116
-126
-134
-133
-141
-163
-174
-172
-174
-197
-208
-201
-195
-199
-200
-200
-224
-236
-234
-228
-239
-244
-195
-96
-7
44
57
55
72
99
118
135
173
237
269
245
193
130
81
80
113
111
62
42
83
105
79
28
11
10
27
88
148
142
103
114
144
125
76
76
94
97
88
96
71
-7
-60
-54
-39
-63
-82
-73
-55
-55
-68
-92
-118
-122
-102
-69
-50
-42
-41
-43
-38
-25
-28
-46
-40
-17
4
-5
4
16
9
-6
26
74
82
76
100
141
138
112
120
132
102
84
120
138
100
71
98
104
57
45
77
76
56
83
114
87
41
51
69
36
-1
7
6
-30
-51
-47
-79
-133
-135
-109
-126
-161
-143
-121
-135
-148
-131
-124
-149
-148
-113
-103
-132
-138
-126
-137
-160
-161
-165
-185
-194
-185
-186
-222
-242
-228
-231
-233
-199
-72
89
166
154
138
167
192
168
162
211
267
274
249
201
82
-42
-75
-14
3
-43
-55
-11
11
0
-1
-2
-12
10
111
205
204
165
148
149
119
78
64
61
40
16
5
-27
-106
-185
-200
-167
-144
-140
-127
-101
-62
-51
-64
-64
-38
-5
8
32
72
77
21
-7
22
23
-27
-56
-32
-28
-67
-84
-69
-92
-124
-75
8
70
131
189
229
221
206
209
212
203
179
190
193
159
102
41
-6
-36
-45
-36
-13
-10
5
27
42
35
24
34
58
75
70
57
33
-3
-38
-71
-109
-147
-167
-177
-200
-207
-207
-210
-216
-207
-181
-166
-156
-134
-86
-49
-60
-82
-84
-80
-103
-134
-144
-146
-164
-178
-186
-202
-225
-235
-235
-236
-158
18
181
239
209
206
237
232
184
182
248
298
290
234
152
18
-105
-139
-96
-48
-59
-73
-35
22
46
26
5
23
99
188
249
256
225
180
128
91
50
19
-13
-47
-64
-83
-122
-203
-267
-272
-223
-178
-154
-121
-63
-13
6
-1
17
43
45
49
66
94
73
6
-32
-25
-44
-108
-150
-131
-97
-120
-144
-123
-102
-108
-79
-12
76
209
279
288
304
297
263
236
206
162
149
162
127
77
1
-88
-140
-139
-104
-67
-44
-19
48
84
93
92
89
93
113
138
132
92
22
-39
-78
-129
-201
-232
-233
-243
-232
-214
-220
-239
-228
-199
-170
-140
-111
-50
4
0
-31
-31
-39
-102
-149
-159
-149
-138
-169
-201
-226
-254
-288
-301
-308
-266
-124
79
262
313
255
212
248
267
224
219
273
319
305
233
114
-54
-205
-242
-149
-84
-97
-105
-40
44
70
50
41
79
146
238
326
344
278
195
141
95
38
-26
-85
-104
-112
-124
-161
-236
-303
-305
-241
-186
-139
-68
1
60
84
75
70
67
62
53
71
86
56
-21
-100
-109
-129
-209
-254
-203
-156
-173
-173
-120
-92
-112
-77
38
176
291
316
348
388
323
230
188
147
86
79
90
61
-3
-108
-184
-198
-176
-150
-98
-44
20
103
149
152
137
135
141
158
161
119
61
-4
-77
-149
-226
-293
-316
-307
-295
-268
-247
-240
-234
-194
-156
-128
-97
-49
12
54
39
3
-12
-65
-139
-185
-208
-215
-238
-270
-289
-305
-326
-351
-354
-286
-101
154
308
317
311
338
335
260
193
212
267
282
252
218
104
-98
-243
-230
-156
-161
-178
-95
63
148
140
127
130
130
158
257
357
345
272
220
175
88
-32
-115
-156
-178
-172
-152
-162
-225
-265
-253
-206
-167
-126
-44
71
150
154
146
139
103
30
-10
20
54
0
-89
-92
-73
-159
-281
-286
-216
-189
-188
-108
-16
-9
-39
28
143
241
329
367
430
454
350
250
203
117
8
12
44
21
-19
-99
-146
-144
-143
-140
-75
6
87
169
227
228
187
150
117
110
84
19
-32
-78
-142
-218
-305
-361
-379
-385
-356
-296
-246
-222
-189
-150
-122
-104
-93
-55
-6
18
-6
-17
-43
-124
-197
-255
-289
-311
-330
-359
-348
-320
-341
-357
-276
-67
185
317
305
338
426
403
256
191
233
255
234
199
188
91
-120
-255
-205
-151
-197
-205
-68
125
197
182
186
209
203
203
282
362
344
276
228
179
76
-53
-152
-191
-213
-217
-186
-183
-215
-236
-203
-158
-131
-88
-4
106
169
168
183
190
133
35
-19
-5
-3
-69
-136
-106
-86
-176
-278
-265
-201
-203
-201
-96
19
34
28
112
197
256
339
385
430
425
332
267
231
125
-21
-25
13
-1
-25
-70
-104
-127
-118
-96
-36
31
97
172
249
265
213
165
113
94
64
0
-57
-99
-153
-216
-279
-340
-376
-393
-367
-297
-235
-192
-145
-85
-75
-85
-87
-78
-45
-41
-64
-53
-76
-129
-179
-233
-289
-330
-320
-325
-314
-297
-301
-319
-329
-261
-48
238
366
325
324
392
374
229
112
119
198
215
191
169
65
-135
-266
-230
-162
-187
-216
-73
156
278
253
214
209
179
166
233
315
308
236
179
151
55
-100
-205
-252
-271
-245
-184
-151
-175
-202
-177
-128
-103
-78
6
124
183
198
203
188
125
19
-64
-70
-51
-110
-172
-136
-90
-155
-242
-242
-186
-181
-181
-75
59
87
80
152
319
406
351
337
361
325
247
210
155
57
4
-11
5
-10
-84
-137
-108
-44
-14
19
58
121
178
246
249
219
195
155
137
109
60
-19
-97
-148
-181
-236
-292
-315
-317
-296
-271
-218
-180
-172
-147
-93
-37
-53
-63
-13
11
-23
-90
-119
-121
-152
-236
-281
-259
-272
-322
-331
-309
-303
-305
-324
-279
-91
190
375
390
363
381
385
280
155
124
169
200
197
183
91
-89
-234
-249
-207
-209
-197
-80
80
199
257
274
244
175
162
237
307
274
222
204
163
32
-110
-166
-218
-299
-336
-253
-162
-178
-221
-193
-126
-103
-91
-5
110
161
158
176
204
166
57
-49
-89
-89
-122
-177
-179
-150
-159
-219
-244
-203
-177
-164
-102
21
91
106
166
318
406
386
391
361
274
203
187
139
41
-26
-42
-10
-28
-101
-136
-118
-82
-39
34
108
143
189
258
279
245
177
132
121
94
33
-22
-89
-164
-216
-250
-272
-300
-313
-287
-239
-184
-153
-113
-73
-40
-18
-17
-23
-26
-22
-48
-97
-144
-168
-194
-242
-290
-317
-325
-327
-337
-323
-285
-268
-270
-205
34
317
425
359
326
407
412
276
119
96
179
201
161
108
10
-129
-234
-234
-176
-156
-147
-34
144
282
315
280
228
199
231
283
294
258
219
187
118
-8
-116
-177
-228
-293
-289
-207
-164
-185
-200
-158
-91
-60
-37
56
151
174
156
158
168
117
-1
-104
-108
-81
-147
-228
-204
-141
-178
-251
-255
-183
-154
-152
-68
62
124
181
349
418
382
365
339
297
234
153
99
93
53
-20
-37
-81
-138
-143
-99
-38
-15
-2
73
163
215
221
216
200
168
165
145
103
30
-53
-106
-140
-194
-255
-260
-248
-256
-259
-244
-206
-176
-159
-127
-40
5
-37
-63
-42
-39
-86
-138
-186
-196
-211
-243
-260
-293
-354
-368
-336
-309
-317
-286
-142
105
339
391
322
292
343
370
308
200
155
211
246
190
72
-68
-181
-244
-220
-139
-95
-92
-28
138
289
302
224
174
209
288
330
330
314
247
154
75
-7
-89
-179
-252
-261
-198
-145
-168
-220
-220
-169
-108
-64
-9
85
168
199
200
186
146
62
-46
-107
-90
-60
-92
-183
-226
-184
-176
-259
-332
-275
-170
-116
-71
38
142
237
331
356
373
341
284
253
247
203
100
54
32
-3
-70
-133
-142
-140
-100
-46
18
70
78
110
181
229
223
169
153
167
132
59
-12
-82
-148
-206
-241
-226
-236
-260
-271
-246
-214
-211
-185
-144
-106
-64
-10
10
1
-19
-39
-71
-130
-177
-189
-201
-240
-295
-304
-295
-334
-387
-380
-329
-277
-179
44
323
426
348
273
328
388
315
181
156
248
289
216
96
-30
-161
-258
-253
-170
-116
-103
-26
129
266
284
235
200
215
281
354
393
371
297
218
136
25
-85
-140
-181
-228
-237
-170
-119
-164
-242
-240
-138
-59
-19
68
191
243
217
212
232
180
28
-96
-88
-28
-59
-155
-191
-158
-169
-265
-319
-268
-204
-176
-87
65
198
314
376
396
365
319
285
257
225
168
156
157
92
-26
-122
-154
-173
-155
-84
-7
50
80
119
173
197
181
162
175
189
180
140
77
-8
-97
-162
-212
-241
-250
-234
-215
-220
-225
-227
-209
-176
-151
-100
-25
28
28
8
-21
-54
-117
-171
-217
-240
-233
-242
-273
-342
-399
-427
-420
-410
-374
-231
44
343
449
334
223
264
352
321
230
210
269
303
221
76
-75
-222
-326
-303
-170
-79
-83
-74
43
184
233
176
118
172
310
438
465
403
311
217
97
-18
-73
-84
-122
-207
-230
-155
-138
-258
-354
-301
-171
-85
-37
55
174
198
135
108
167
168
62
-34
-15
55
8
-149
-251
-229
-204
-266
-308
-242
-180
-175
-137
-18
86
196
286
336
356
373
382
326
245
160
116
125
85
-3
-64
-87
-122
-133
-86
-59
-56
-28
50
150
201
200
182
189
207
201
157
88
11
-61
-94
-141
-198
-227
-235
-233
-253
-247
-238
-227
-194
-147
-79
-17
31
37
35
22
-28
-90
-147
-193
-233
-238
-239
-285
-351
-380
-365
-357
-389
-389
-260
44
361
435
305
218
298
381
335
234
210
256
279
211
82
-67
-239
-339
-295
-152
-53
-64
-75
8
139
205
169
132
165
280
406
463
415
302
181
68
-6
-31
-22
-68
-177
-232
-189
-158
-245
-344
-312
-191
-80
-2
92
157
120
49
73
180
209
111
19
39
84
28
-111
-209
-217
-224
-261
-262
-204
-168
-200
-184
-78
13
99
224
310
343
367
391
348
255
176
122
134
120
57
-9
-55
-99
-135
-110
-81
-82
-74
-10
90
173
208
184
169
194
219
206
141
72
8
-32
-84
-150
-180
-190
-212
-255
-257
-222
-207
-190
-163
-121
-52
15
37
38
38
33
19
-27
-86
-119
-127
-153
-224
-285
-327
-383
-426
-435
-367
-269
-149
72
306
355
216
144
260
399
405
316
301
341
302
162
16
-93
-190
-249
-206
-100
-65
-102
-119
-64
36
110
136
178
245
344
423
428
359
264
177
107
82
95
110
33
-115
-235
-270
-278
-314
-316
-257
-154
-70
-15
44
70
19
-21
46
196
269
213
117
77
75
3
-117
-178
-154
-151
-202
-221
-180
-199
-285
-285
-171
-24
148
270
303
273
275
319
321
272
179
166
215
194
106
1
-68
-121
-132
-91
-50
-51
-85
-69
21
112
123
110
125
175
227
225
165
80
19
-28
-79
-95
-102
-132
-184
-232
-238
-256
-263
-247
-227
-176
-79
12
30
-22
-63
-43
-13
-36
-75
-79
-74
-105
-152
-204
-278
-355
-399
-377
-320
-286
-197
35
291
323
152
66
189
361
399
337
319
345
292
172
69
3
-80
-159
-143
-59
-17
-86
-157
-114
2
83
112
155
221
288
329
345
333
300
241
168
136
152
160
84
-71
-199
-228
-216
-226
-231
-195
-142
-130
-107
-28
21
-16
-49
37
189
266
203
109
63
58
20
-38
-44
-23
-67
-176
-229
-178
-162
-242
-280
-196
-74
88
229
261
216
189
234
271
282
266
237
222
178
132
74
1
-77
-123
-90
-28
-32
-79
-76
-41
2
70
146
166
146
158
175
165
123
62
1
-44
-55
-61
-75
-136
-229
-274
-266
-234
-210
-207
-177
-118
-58
-25
-32
-55
-51
-35
-43
-43
-37
-43
-104
-169
-203
-224
-262
-323
-337
-317
-292
-263
-131
117
291
218
36
44
265
416
363
268
259
279
222
133
89
40
-67
-142
-109
-35
-66
-146
-141
-52
42
100
143
160
163
167
241
342
370
330
260
204
158
134
119
35
-99
-175
-152
-100
-108
-155
-186
-191
-174
-110
-10
26
-2
-2
84
188
204
131
52
36
45
41
32
51
24
-92
-206
-183
-80
-39
-76
-84
-38
5
57
120
148
120
120
184
244
228
178
134
107
110
123
134
121
73
8
-8
21
45
37
7
10
64
132
144
84
39
43
43
35
37
35
4
-37
-43
-37
-49
-101
-167
-198
-177
-118
-78
-92
-127
-118
-92
-86
-95
-99
-84
-73
-89
-88
-59
-67
-145
-206
-168
-110
-127
-220
-283
-280
-256
-249
-217
-48
203
299
123
-55
32
260
346
283
254
282
259
151
69
66
53
-32
-100
-56
9
-23
-115
-135
-51
54
117
109
76
95
189
274
309
318
303
217
80
6
57
119
48
-80
-106
-52
-64
-160
-233
-217
-177
-134
-44
50
56
-26
-80
-21
92
131
76
24
28
41
15
6
23
-6
-96
-147
-86
-32
-89
-157
-121
-44
71
185
188
76
7
105
243
302
258
190
168
156
127
109
124
92
-3
-32
20
55
8
-36
1
99
173
149
56
4
45
87
104
106
84
33
-47
-87
-75
-57
-78
-156
-200
-176
-127
-101
-129
-151
-117
-54
-31
-55
-82
-73
-63
-65
-73
-61
-69
-130
-206
-214
-176
-177
-242
-289
-262
-225
-206
-181
-53
139
211
75
-51
81
337
416
320
242
243
226
150
95
89
82
8
-63
-43
-1
-35
-116
-123
-30
66
107
100
72
82
169
266
301
263
213
151
74
44
90
147
87
-40
-92
-61
-65
-140
-194
-170
-124
-105
-63
-15
-31
-81
-75
11
92
62
-27
-57
-6
36
36
32
54
17
-93
-149
-84
-17
-63
-128
-83
-36
8
102
135
61
-9
62
179
237
218
159
123
120
124
126
117
74
7
-3
60
96
65
21
22
71
128
139
75
24
57
101
98
79
45
-10
-52
-63
-34
-26
-61
-125
-176
-166
-103
-54
-74
-133
-124
-62
-45
-87
-121
-83
-43
-35
-38
-47
-76
-146
-192
-163
-109
-108
-177
-229
-219
-206
-217
-229
-219
-130
69
220
123
-77
-52
212
419
407
297
229
170
122
151
255
296
167
-1
-22
67
68
-39
-78
-3
87
127
108
60
47
103
170
213
227
200
114
16
29
166
278
212
18
-94
-54
-2
-33
-61
-43
-53
-109
-116
-41
-3
-71
-149
-104
23
56
-43
-127
-68
37
66
46
42
14
-82
-128
-16
124
83
-67
-119
-81
-42
50
157
144
48
35
116
176
177
172
160
146
129
108
131
142
92
44
94
154
109
21
8
62
120
121
76
26
8
20
39
51
55
15
-48
-88
-91
-70
-65
-89
-125
-139
-102
-84
-103
-127
-139
-124
-114
-104
-96
-74
-76
-105
-110
-103
-97
-107
-135
-155
-146
-102
-70
-114
-191
-228
-212
-204
-213
-219
-117
99
209
52
-146
-67
214
389
366
256
181
154
182
264
343
312
129
-16
21
140
140
47
12
56
100
104
68
13
-3
55
127
159
155
99
51
39
95
206
261
147
-39
-76
52
119
40
-26
-40
-60
-95
-78
-14
-17
-119
-186
-127
-17
-12
-102
-134
-66
8
5
-28
-40
-40
-53
-42
52
142
75
-63
-84
18
116
145
107
20
-4
64
139
139
103
80
68
58
62
95
120
115
101
119
141
124
85
76
105
131
120
80
30
13
39
53
35
7
-12
-32
-52
-49
-11
5
-39
-91
-96
-75
-77
-84
-90
-100
-105
-95
-94
-129
-163
-153
-111
-91
-118
-149
-143
-115
-117
-143
-137
-87
-91
-141
-169
-149
-142
-169
-211
-239
-218
-134
3
103
47
-123
-159
90
377
409
228
96
129
224
313
347
309
175
55
79
188
204
102
13
33
82
72
16
-22
-21
26
108
145
101
23
6
65
138
194
192
98
-28
-33
98
188
129
-5
-73
-71
-59
-20
32
22
-79
-156
-107
-4
7
-92
-145
-68
32
17
-69
-79
-5
13
-32
-11
46
4
-74
-27
125
175
114
73
77
119
178
227
219
146
89
117
174
188
146
98
69
66
88
101
96
79
65
69
85
90
78
60
50
75
98
79
41
30
35
25
13
7
-19
-69
-83
-62
-55
-93
-126
-121
-114
-125
-133
-125
-124
-141
-146
-110
-80
-99
-129
-133
-109
-100
-104
-108
-121
-137
-137
-121
-135
-184
-230
-236
-225
-216
-185
-86
37
12
-146
-182
62
345
346
155
48
121
236
305
330
312
215
91
72
168
221
152
41
15
54
61
16
-16
19
79
97
45
-13
-8
46
88
96
103
99
43
-37
-21
98
140
39
-80
-88
-26
2
-5
-12
-29
-106
-176
-152
-55
-9
-77
-166
-156
-79
-70
-115
-113
-41
-19
-76
-93
-31
2
-33
-28
37
54
58
118
137
103
122
200
240
209
195
172
136
138
162
187
160
87
31
55
102
87
59
53
51
55
68
79
71
81
113
103
55
45
55
46
27
14
8
-25
-66
-103
-117
-98
-84
-112
-172
-211
-183
-123
-116
-157
-189
-157
-119
-130
-144
-129
-106
-114
-127
-115
-99
-101
-129
-159
-154
-138
-161
-205
-213
-193
-176
-152
-67
40
25
-120
-139
110
353
324
145
81
167
274
325
344
289
173
84
127
255
259
121
17
43
88
66
32
39
43
35
41
46
26
4
29
78
91
69
35
1
-8
24
87
91
4
-67
-70
-32
-19
-37
-41
-68
-129
-165
-117
-33
-38
-154
-226
-163
-64
-62
-130
-124
-53
-51
-117
-93
21
50
-27
-44
32
89
96
104
105
94
111
138
130
112
109
111
118
135
132
96
59
56
79
104
97
63
53
80
101
101
92
80
72
86
95
86
72
66
61
28
12
19
2
-54
-90
-91
-93
-108
-108
-113
-148
-185
-174
-144
-145
-174
-184
-155
-125
-119
-125
-115
-100
-106
-117
-118
-95
-84
-114
-125
-108
-91
-108
-144
-164
-163
-145
-146
-181
-215
-168
-36
84
58
-98
-133
92
338
351
190
123
182
271
333
352
311
183
91
123
239
268
147
29
25
74
76
39
8
-6
6
27
26
-10
-10
39
50
31
39
74
60
2
-12
46
58
-17
-65
-43
-17
-46
-90
-88
-78
-110
-134
-104
-52
-43
-96
-148
-131
-69
-41
-71
-73
-34
-22
-59
-41
35
51
-20
-59
-22
15
40
88
146
149
118
105
123
180
256
262
176
89
116
202
219
157
94
66
48
51
93
121
91
40
33
50
57
69
83
65
29
24
28
13
-16
-14
-8
-56
-106
-130
-129
-135
-154
-166
-179
-200
-213
-200
-167
-156
-169
-161
-142
-149
-156
-129
-85
-86
-142
-165
-131
-78
-78
-125
-150
-143
-123
-113
-112
-112
-125
-154
-164
-133
-93
-24
59
81
2
-37
113
323
349
209
133
200
295
334
332
292
209
133
152
223
214
119
59
86
106
69
19
10
31
43
42
20
-13
-4
46
76
41
7
22
19
-22
-27
17
11
-75
-131
-77
-8
-26
-94
-105
-80
-80
-104
-93
-42
-36
-83
-131
-118
-54
-26
-59
-88
-72
-56
-71
-40
42
45
-20
-24
44
77
83
107
115
98
110
165
169
123
123
165
173
119
72
92
120
117
103
89
78
58
66
104
107
73
49
47
41
43
58
48
3
-31
-24
-19
-42
-64
-82
-98
-130
-154
-167
-162
-153
-175
-217
-230
-195
-158
-166
-191
-192
-174
-147
-141
-143
-139
-130
-129
-134
-128
-112
-97
-107
-132
-128
-101
-89
-111
-127
-112
-87
-97
-129
-144
-131
-119
-107
-73
9
70
45
-32
-17
171
334
288
120
82
200
303
309
265
191
126
136
190
192
120
76
87
100
66
15
8
23
26
39
46
-4
-87
-81
34
92
1
-91
-57
12
7
-11
-1
-5
-46
-59
-14
14
-6
-37
-28
-21
-56
-74
-37
2
-12
-67
-94
-65
-31
-18
-22
-24
-21
-30
-32
16
84
80
29
41
100
115
105
132
146
109
105
160
167
105
95
147
156
94
65
91
111
104
92
74
50
55
75
92
69
38
10
2
16
21
10
-24
-54
-58
-57
-68
-84
-94
-104
-134
-148
-147
-139
-142
-133
-130
-160
-190
-157
-111
-131
-185
-196
-160
-138
-149
-154
-140
-131
-117
-115
-114
-107
-95
-82
-83
-97
-95
-65
-58
-78
-76
-46
-47
-106
-141
-103
-60
-68
-99
-104
-53
27
46
-17
-37
86
223
201
89
83
161
206
206
203
169
100
81
140
155
80
28
63
92
39
-32
-32
13
30
11
-13
-53
-69
-29
34
41
-23
-61
-23
13
-9
-23
-3
0
-34
-39
-13
-12
-41
-28
25
29
-31
-55
-1
48
33
-18
-29
6
25
13
-7
-3
12
1
-20
-1
34
27
7
47
90
75
54
86
136
133
109
119
127
107
120
167
159
84
47
87
100
72
59
58
36
17
51
58
6
-20
9
23
-2
-3
11
-26
-54
-17
5
-43
-80
-48
-36
-85
-106
-76
-83
-130
-129
-90
-109
-156
-141
-87
-97
-145
-141
-99
-87
-109
-102
-80
-60
-39
-36
-72
-99
-68
-30
-38
-65
-64
-51
-50
-61
-58
-43
-39
-43
-46
-60
-68
-63
-51
-50
-66
-76
-70
-35
9
12
-18
-29
16
80
87
56
45
79
115
111
80
61
77
110
116
79
25
18
64
95
48
-12
-26
-4
12
19
15
-1
-22
-27
10
28
17
4
20
43
45
21
17
34
40
22
17
31
28
23
38
47
19
-18
-4
32
25
-10
-10
17
26
8
-1
13
16
20
35
42
35
37
47
54
46
37
39
51
53
48
43
31
16
13
41
58
33
9
15
42
48
42
50
51
31
27
63
75
44
13
14
36
30
8
7
7
1
4
-4
-26
-30
0
13
-21
-50
-39
-14
-22
-38
-38
-44
-61
-65
-58
-58
-62
-55
-56
-77
-85
-74
-56
-65
-74
-63
-62
-84
-87
-51
-35
-73
-90
-60
-45
-67
-93
-89
-86
-106
-124
-129
-129
-147
-160
-143
-128
-122
-114
-90
-60
-40
-17
10
30
49
67
84
82
82
96
119
128
115
98
96
106
111
114
103
88
95
102
104
92
93
99
93
90
91
93
91
93
91
84
70
53
36
38
42
25
0
-7
1
10
5
-2
-12
-31
-21
-2
1
-20
-42
-32
-24
-27
-41
-35
-42
-65
-61
-51
-60
-80
-74
-45
-35
-57
-57
-37
-31
-29
-2
28
11
-15
3
41
53
30
21
35
58
65
65
53
49
68
89
89
66
63
81
89
73
66
73
76
65
64
71
65
51
56
53
31
6
9
17
3
-15
-18
-22
-45
-51
-41
-41
-59
-65
-60
-55
-57
-59
-61
-70
-73
-62
-63
-78
-83
-60
-34
-47
-73
-79
-80
-91
-98
-83
-70
-87
-111
-103
-102
-117
-117
-95
-86
-110
-121
-97
-62
-45
-37
-6
17
20
29
64
94
100
115
130
123
115
135
157
152
137
139
144
134
128
139
131
116
116
113
96
79
82
97
90
69
67
60
56
67
70
59
35
18
25
30
18
10
4
-1
-13
-20
-5
-8
-32
-51
-38
-22
-43
-66
-57
-43
-58
-66
-62
-53
-59
-55
-50
-48
-46
-40
-19
-3
-14
-20
-3
6
14
18
24
17
19
35
48
44
35
47
57
57
53
68
83
86
81
82
97
96
90
93
106
101
74
71
80
76
57
53
57
36
17
18
26
13
-12
-2
1
-18
-30
-17
-5
-10
-19
-25
-34
-38
-29
-19
-30
-51
-59
-54
-53
-54
-52
-57
-78
-81
-67
-57
-65
-64
-43
-49
-67
-66
-45
-30
-34
-32
-27
-25
-21
-6
6
-10
-27
-12
-6
-19
-27
1
18
13
21
58
77
61
66
93
111
113
124
134
120
105
128
143
126
102
105
117
99
86
98
89
63
56
69
68
45
32
45
56
39
31
32
20
11
10
16
3
-5
-4
1
-10
-27
-20
-14
-16
-25
-23
-24
-40
-42
-21
-16
-34
-44
-36
-35
-45
-46
-28
-36
-54
-52
-25
-17
-33
-26
3
12
-6
-12
8
31
39
40
43
45
42
47
59
62
50
48
53
55
48
46
44
40
30
36
49
42
26
25
28
22
13
16
28
20
14
8
8
0
-6
4
6
-13
-23
-19
-13
-20
-26
-28
-28
-30
-35
-37
-37
-31
-30
-38
-50
-47
-33
-32
-42
-42
-35
-29
-32
-24
-6
-2
-11
-12
-2
-1
6
12
18
16
8
22
23
14
3
11
21
11
-1
4
8
-5
-12
-4
4
0
-3
5
10
13
30
48
49
46
54
66
70
66
73
75
71
68
71
67
53
43
45
47
41
41
36
23
21
37
40
19
11
30
44
30
20
33
46
37
28
34
36
24
14
30
32
23
13
10
12
12
14
13
8
3
11
17
7
-11
-16
-14
-13
-18
-21
-15
-15
-11
-4
-1
-4
-10
-11
0
0
-2
18
21
4
-10
2
8
3
1
2
1
-13
-16
-6
2
-3
-13
-14
-9
1
8
0
-10
-3
6
8
0
-12
-4
0
-5
-2
5
-4
-16
-18
1
14
4
-2
5
15
9
11
23
20
8
2
17
25
12
2
4
9
-2
-3
1
-5
-23
-19
0
-4
-24
-21
-7
-4
-12
-11
3
1
-5
2
3
-4
-6
3
9
-6
-13
-11
-19
-27
-24
-10
-18
-39
-49
-48
-51
-55
-47
-47
-59
-63
-48
-31
-18
-8
2
-2
-2
29
51
55
57
60
59
68
78
83
75
74
84
81
77
72
76
70
67
69
69
62
53
48
58
58
47
37
35
46
49
46
36
28
20
25
38
45
34
12
10
15
14
12
7
4
-10
-22
-28
-27
-21
-29
-41
-57
-64
-59
-57
-61
-63
-51
-49
-53
-47
-29
-24
-31
-33
-17
-10
-14
-11
-12
-17
-19
-7
-1
-3
0
1
3
8
11
16
26
29
31
42
50
50
45
47
58
58
53
52
50
49
48
45
45
41
36
29
28
27
24
13
8
11
16
23
17
1
-10
-5
3
1
-21
-30
-36
-34
-36
-42
-42
-44
-46
-53
-49
-48
-48
-53
-50
-45
-44
-46
-56
-52
-41
-34
-36
-43
-52
-44
-30
-33
-38
-40
-27
-18
-20
-25
-24
-21
-16
-15
-15
-12
-11
-8
-7
5
13
23
21
29
45
54
70
71
71
80
83
85
93
97
89
88
93
92
80
76
82
76
56
51
61
60
48
43
43
39
33
35
37
33
27
29
30
22
16
23
20
13
10
12
12
1
-2
-9
-19
-33
-31
-24
-29
-42
-43
-37
-32
-29
-34
-34
-29
-26
-20
-21
-19
-11
0
5
2
9
10
14
12
19
26
23
30
30
35
35
28
31
35
39
37
31
24
30
36
34
30
30
28
30
37
30
26
22
23
20
11
5
8
9
-6
-15
-12
-9
-16
-19
-23
-25
-31
-41
-32
-25
-31
-40
-45
-51
-51
-47
-45
-47
-47
-43
-40
-40
-44
-44
-44
-40
-37
-27
-26
-29
-31
-28
-22
-18
-21
-23
-20
-12
-7
-14
-18
-16
-10
-8
-5
-1
-2
1
3
4
6
10
12
12
20
22
17
17
14
3
-5
-10
-15
-23
-29
-30
-23
-25
-25
-19
-9
0
2
3
10
17
26
40
41
34
31
47
58
55
50
52
51
39
43
48
51
41
40
50
44
38
35
37
34
35
37
34
32
28
28
22
22
21
23
20
11
8
5
10
13
15
5
-4
5
6
7
7
4
-3
-2
4
3
-4
-6
-4
-10
-14
-11
-10
-16
-29
-26
-12
-13
-23
-21
-17
-15
-17
-11
-15
-21
-17
-9
-6
-16
-11
-13
-12
-16
-11
-9
-15
-19
-20
-12
-17
-25
-24
-18
-18
-26
-29
-15
-8
-18
-18
-13
-14
-14
-13
-14
-17
-18
-13
-23
-28
-24
-26
-27
-28
-30
-30
-38
-41
-39
-38
-42
-41
-42
-46
-42
-42
-50
-56
-50
-47
-51
-54
-55
-57
-55
-56
-54
-51
-44
-43
-41
-36
-36
-33
-29
-29
-33
-32
-26
-24
-27
-25
-20
-19
-25
-23
-18
-15
-22
-26
-25
-23
-27
-35
-35
-29
-32
-29
-25
-18
-16
-7
2
1
5
15
27
29
36
42
44
34
33
46
46
39
35
39
39
30
32
36
32
29
30
28
25
28
36
28
19
23
19
15
10
6
-1
-4
-4
-4
-11
-18
-20
-24
-25
-32
-35
-35
-38
-38
-46
-43
-42
-38
-41
-46
-42
-42
-42
-50
-47
-42
-44
-42
-37
-27
-31
-33
-29
-23
-19
-16
-10
-11
-12
-6
-3
1
0
1
2
-2
-3
0
3
-1
-5
-10
-11
-10
-10
-7
-2
-5
-10
-7
-4
-10
-17
-12
-13
-17
-25
-24
-24
-31
-36
-37
-39
-50
-50
-56
-59
-61
-64
-65
-64
-65
-66
-68
-76
-73
-67
-70
-71
-78
-78
-69
-71
-71
-69
-63
-68
-65
-61
-59
-51
-53
-44
-36
-34
-26
-23
-20
-17
-12
-7
-6
-3
-6
-1
-5
-5
1
-2
-2
-5
-7
-3
-1
-6
-10
-8
-5
-4
4
-4
-6
0
1
5
7
6
7
9
16
18
11
12
12
20
16
7
10
10
13
11
8
6
0
-9
-7
0
-2
-8
-13
-6
-11
-12
-15
-14
-21
-21
-19
-21
-20
-21
-24
-19
-13
-13
-20
-22
-18
-20
-10
-11
-19
-22
-14
-6
-11
-16
-16
-9
-9
-8
-8
-13
-15
-14
-10
-5
-5
-7
-8
-8
-5
-2
-4
-1
0
-3
-7
-5
-4
-11
-12
-8
-13
-15
-18
-22
-22
-27
-27
-25
-26
-30
-31
-36
-40
-36
-36
-42
-44
-45
-43
-44
-51
-48
-48
-52
-54
-49
-49
-49
-51
-48
-44
-39
-39
-35
-37
-42
-38
-33
-35
-38
-36
-29
-31
-36
-32
-35
-29
-27
-26
-21
-27
-22
-14
-13
-9
-7
-6
-2
-1
-4
-4
-4
-3
-2
-6
-7
-9
-19
-24
-20
-15
-13
-12
-17
-19
-18
-18
-14
-12
-10
-10
-14
-12
-10
-9
-15
-17
-13
-14
-14
-14
-16
-17
-15
-12
-11
-10
-10
-6
-7
-4
-2
-1
-1
-2
0
3
-1
2
5
10
17
14
14
21
28
27
26
27
28
29
34
34
28
31
34
28
28
28
24
27
23
21
18
13
15
16
12
12
12
4
0
0
0
-4
-9
-10
-8
-11
-8
-12
-21
-20
-24
-29
-36
-31
-33
-39
-41
-40
-43
-49
-52
-56
-56
-50
-56
-55
-55
-57
-55
-55
-54
-55
-54
-52
-50
-53
-51
-45
-49
-52
-50
-51
-47
-44
-44
-39
-39
-38
-37
-32
-30
-33
-23
-26
-18
-11
-17
-11
-10
0
0
-5
-7
-9
-7
-12
-15
-15
-18
-23
-25
-25
-23
-28
-31
-30
-32
-30
-34
-31
-31
-35
-33
-33
-34
-33
-33
-30
-27
-25
-26
-24
-28
-28
-18
-15
-20
-21
-16
-19
-23
-15
-13
-13
-19
-20
-17
-17
-16
-16
-16
-13
-12
-15
-11
-8
-6
-6
-7
-4
-4
-6
-2
-3
-2
-3
2
1
2
4
6
7
14
17
15
21
21
17
15
17
19
20
19
24
18
17
15
14
20
17
16
15
12
8
9
8
7
3
1
-4
-5
-6
-1
-8
-9
-9
-11
-7
-11
-16
-20
-21
-21
-19
-19
-18
-22
-22
-23
-29
-32
-31
-30
-29
-26
-29
-32
-34
-37
-34
-30
-36
-36
-35
-31
-29
-30
-23
-25
-27
-27
-25
-19
-16
-19
-21
-19
-17
-13
-14
-15
-13
-10
-13
-17
-14
-11
-11
-14
-16
-22
-21
-24
-26
-29
-30
-31
-30
-30
-32
-35
-28
-29
-31
-31
-33
-37
-35
-33
-34
-38
-42
-35
-32
-33
-40
-35
-37
-35
-30
-25
-28
-31
-32
-24
-20
-17
-22
-25
-21
-23
-20
-20
-19
-17
-12
-11
-5
-6
1
4
4
8
8
10
6
4
4
4
5
1
4
7
2
-3
-3
-2
-1
-4
-9
-4
-4
-2
-2
-2
-3
-8
-3
-7
-6
-4
-6
-6
-7
-4
-1
-4
-9
-4
-8
-4
-1
-5
-5
-5
-10
-9
-4
-4
-5
-5
-8
-4
-6
-3
-2
-3
-3
0
0
1
-3
-4
1
3
0
-1
-2
-2
-4
-8
-6
-4
-5
-14
-18
-14
-12
-14
-17
-18
-21
-19
-15
-12
-15
-15
-15
-15
-15
-13
-11
-13
-14
-12
-8
-13
-16
-16
-15
-17
-22
-19
-14
-16
-25
-24
-22
-25
-28
-27
-25
-24
-28
-26
-26
-29
-29
-29
-24
-21
-21
-21
-19
-21
-21
-20
-16
-13
-16
-13
-12
-7
-6
-8
-6
-1
-6
-3
1
-1
-6
-7
-8
-4
-4
-5
-5
-6
-8
-9
-10
-12
-13
-14
-17
-18
-17
-16
-14
-21
-24
-22
-21
-22
-18
-19
-25
-26
-24
-23
-24
-26
-28
-24
-26
-26
-24
-25
-23
-25
-23
-18
-16
-25
-21
-15
-17
-16
-12
-9
-8
-8
-7
-5
-6
-6
-7
-2
0
-1
2
-1
4
5
9
9
12
17
9
8
16
19
12
14
16
20
16
15
15
11
10
12
15
14
8
8
7
0
6
5
3
-1
-2
-5
-5
-3
-11
-10
-12
-18
-17
-16
-14
-16
-18
-22
-24
-20
-20
-21
-21
-19
-19
-16
-18
-24
-23
-24
-22
-22
-21
-24
-22
-26
-27
-22
-24
-22
-23
-21
-14
-11
-11
-8
-8
-5
3
4
9
11
11
13
17
20
20
15
17
20
19
19
14
14
11
14
11
7
11
13
8
7
5
9
7
-1
-1
3
4
3
0
-1
-4
-5
-4
-2
-5
-10
-10
-7
-6
-8
-6
-8
-8
-7
-9
-7
-8
-15
-10
-11
-20
-19
-18
-15
-12
-16
-21
-20
-19
-18
-15
-14
-12
-13
-16
-9
-5
-9
-5
-7
-11
-2
1
-2
-6
1
4
2
3
2
4
8
8
10
9
11
7
6
10
10
10
12
11
9
11
7
3
6
2
-2
0
-6
-4
2
-2
-5
-9
-7
-13
-16
-15
-7
-10
-9
-12
-16
-14
-17
-13
-17
-15
-11
-18
-19
-13
-15
-14
-16
-20
-18
-11
-11
-14
-10
-11
-4
-6
-3
0
-3
-4
-6
-3
0
-1
1
-1
-1
1
2
2
3
4
-4
1
0
-5
1
3
4
9
9
11
11
12
10
13
19
15
13
14
12
13
14
11
11
10
7
6
8
7
11
9
2
5
3
6
6
3
2
0
2
1
1
2
1
0
-2
3
1
-2
-1
-2
1
0
-2
-2
-3
-3
-3
-3
-3
-2
-5
-6
-4
-5
-6
-5
-1
-8
-6
-5
-5
-4
-2
4
4
7
6
9
7
9
12
9
8
5
6
9
9
7
7
8
6
2
5
5
1
-1
-2
1
2
-3
0
-2
0
3
3
0
4
3
3
0
-3
0
0
-3
0
-4
-9
-2
1
3
-1
0
3
-1
0
-1
-1
-1
-2
-4
-7
-9
-11
-9
-12
-15
-16
-17
-18
-13
-11
-16
-13
-13
-13
-17
-17
-12
-8
-7
-10
-6
-10
-7
0
-2
1
-2
-3
-2
-5
-7
-5
-9
-6
-9
-6
-9
-9
-7
-10
-8
-4
-8
-5
-11
-10
-4
-9
-7
-6
-6
-5
-3
-7
-4
-6
-6
-2
-3
-5
-9
-6
-1
1
0
1
-1
2
-2
0
-1
-2
-2
-1
-6
-5
-4
-5
-8
-11
-7
-7
-7
-6
-4
-3
1
-3
-6
-3
-10
-8
-5
-5
-13
-13
-12
-13
-13
-13
-11
-13
-8
-12
-9
-10
-12
-9
-11
-6
-10
-15
-15
-11
-9
-11
-11
-13
-12
-13
-16
-17
-13
-14
-17
-15
-11
-9
-11
-10
-11
-7
-5
-9
-4
-2
-4
-5
-4
-4
-2
-2
-10
-5
-3
-5
-3
-10
-11
-11
-13
-9
-10
-11
-6
-10
-12
-12
-14
-11
-5
-8
-12
-11
-11
-12
-10
-9
-7
-13
-11
-8
-14
-11
-15
-15
-15
-17
-10
-11
-12
-11
-7
-8
-11
-12
-11
-7
-9
-9
-10
-10
-11
-12
-9
-8
-10
-8
-9
-8
-7
-3
-9
-4
-6
-6
-5
-1
0
-2
0
-3
-7
-11
-10
-2
-5
-6
-4
-8
-5
-8
-6
-6
-8
-8
-5
-3
-6
-8
-9
-7
-9
-7
-9
-11
-12
-14
-12
-8
-9
-10
-9
-7
-2
-4
-6
-5
1
-2
-2
-3
-1
-2
0
2
1
-1
-6
0
-4
-2
-2
2
3
0
2
0
7
4
4
0
0
3
1
3
1
-1
-2
2
2
-1
-3
-2
-5
-6
-4
0
3
1
-3
-4
0
1
-2
2
-1
4
2
3
0
2
3
-4
2
2
1
2
0
2
5
6
4
-3
-1
3
-3
-3
-1
3
7
2
-3
-1
-3
-1
0
-1
3
-1
-5
-2
-1
1
1
1
-1
4
5
6
10
10
1
1
1
-6
-4
-2
-4
-1
-3
-1
4
-2
-2
-5
1
5
4
11
6
6
8
7
13
13
10
10
13
9
4
4
5
0
0
-2
0
1
-5
-9
-6
-8
-8
-9
-7
-7
-9
-10
-7
-9
-7
-9
-11
-12
-12
-11
-12
-14
-10
-9
-9
-5
-6
-4
0
-3
-2
-2
-3
-3
-7
-3
-1
-4
-2
-3
-1
-1
-2
1
1
4
5
2
5
8
6
5
5
7
5
7
5
3
0
-2
-2
-3
1
2
1
2
-2
-2
6
-1
-1
2
3
6
2
3
5
1
2
2
1
6
2
1
2
2
-3
-3
2
3
0
4
6
4
1
1
-1
-1
0
2
7
3
3
4
5
7
1
0
1
2
2
2
-1
1
0
0
4
1
-3
-4
-1
-1
-4
-1
-1
-1
2
1
0
2
-2
-2
-3
-2
1
-1
-4
-5
-2
-6
-7
-2
-6
-5
-8
-7
-5
-12
-14
-9
-12
-9
-11
-12
-8
-14
-10
-10
-16
-16
-13
-11
-16
-19
-20
-15
-14
-12
-15
-16
-13
-11
-10
-9
-10
-11
-4
-3
-3
-4
-5
-2
-6
-4
-3
-5
0
-5
-3
-6
-11
-9
-7
-7
-11
-11
-10
-13
-13
-15
-12
-10
-7
-8
-12
-6
-9
-9
-10
-6
0
-2
-4
-1
1
2
5
2
1
3
4
5
4
7
8
14
13
15
19
19
22
22
24
24
24
14
17
14
17
22
15
11
11
8
11
14
8
4
6
10
8
8
2
3
6
6
3
1
3
-1
-2
-1
-3
-3
-1
-4
0
-5
-3
0
-2
-6
-7
-8
-6
-7
-6
-1
-3
-4
-4
-6
-3
-5
-9
-3
-2
-1
-6
-6
-8
-7
-4
-4
-6
-5
-3
-4
-2
1
3
1
-3
-2
-9
-2
-2
-4
-7
-9
-10
-15
-14
-15
-8
-13
-10
-13
-12
-12
-13
-12
-12
-14
-14
-13
-18
-15
-18
-16
-15
-13
-18
-21
-20
-19
-17
-18
-20
-19
-15
-16
-19
-16
-14
-14
-16
-19
-20
-19
-18
-17
-19
-21
-19
-18
-16
-17
-14
-14
-15
-16
-13
-14
-13
-7
-12
-3
-3
-4
-4
-9
-4
-5
-8
-9
-5
-4
-2
0
0
1
-1
1
1
2
-1
1
-1
-2
4
3
3
5
6
7
6
8
2
5
10
4
3
6
9
10
9
6
7
5
6
5
3
5
6
6
8
2
3
-3
-1
-1
-4
-1
-14
-15
-12
-11
-13
-18
-19
-22
-20
-17
-22
-21
-17
-16
-12
-15
-16
-11
-11
-9
-6
-10
-13
-7
-10
-10
-10
-10
-9
-6
-4
-9
-2
-3
0
0
-5
-1
-2
-1
-1
-2
-3
-1
2
2
0
-5
-5
-5
-2
-2
-7
-7
-11
-12
-15
-14
-12
-11
-8
-14
-13
-13
-16
-17
-15
-17
-18
-20
-22
-22
-22
-18
-22
-22
-23
-24
-23
-22
-21
-14
-10
-15
-14
-15
-13
-16
-11
-11
-9
-11
-14
-9
-9
-6
-11
-9
-10
-14
-11
-6
-9
-10
-6
-10
-13
-11
-11
-8
-5
-5
-5
-4
-4
-5
-5
0
-2
-2
1
-3
0
-2
-2
1
-2
-3
0
-1
-2
-2
-2
0
-5
-1
-4
-6
-3
-4
-4
-4
-7
-5
-2
0
0
-2
-1
0
0
0
4
-3
-1
-3
-2
-2
0
0
4
0
0
1
-4
-2
0
3
-2
-4
-4
-5
-4
-5
-5
-4
-5
-4
-2
-4
1
-3
-2
-4
1
-5
-7
-4
-6
-1
-7
-7
-6
-3
-5
-8
-3
-5
-4
-7
-8
-7
-10
-7
-9
-7
-8
-6
-6
-6
-4
-2
-10
-7
-7
-9
-3
-4
-6
-9
-6
-7
-6
-3
-5
-7
-8
-14
-14
-10
-16
-14
-15
-19
-13
-14
-14
-18
-13
-16
-14
-15
-14
-13
-15
-14
-15
-10
-9
-14
-13
-11
-8
-10
-11
-10
-11
-9
-6
-7
-7
-2
-2
-6
-8
-4
-8
-7
-6
-6
-2
-7
-9
-9
-9
-6
-4
-5
-5
-5
-6
-6
-9
-4
-8
-10
-9
-7
-6
-7
-8
-12
-13
-13
-9
-10
-9
-16
-15
-12
-15
-13
-13
-17
-12
-12
-7
-7
-13
-13
-15
-11
-12
-11
-13
-12
-11
-16
-12
-11
-11
-10
-10
-11
-8
-5
-9
-10
-9
-5
-5
-2
-3
-6
-5
-5
-5
-2
-6
-4
-3
-8
-9
-8
-4
-3
-5
-6
-4
-6
-7
-6
-6
-9
-9
-4
-5
0
-1
-3
-2
-4
-4
-3
-5
-7
-5
-3
-3
1
0
-2
-2
-4
-4
-1
-3
-4
-5
-6
-6
-8
-8
-6
-9
-11
-12
-11
-14
-17
-16
-18
-15
-16
-17
-19
-20
-19
-18
-23
-20
-24
-20
-17
-18
-16
-20
-17
-16
-17
-17
-15
-19
-21
-23
-24
-21
-26
-22
-22
-21
-22
-23
-25
-25
-24
-27
-23
-26
-24
-23
-28
-29
-31
-25
-28
-28
-24
-26
-25
-23
-24
-22
-22
-20
-20
-22
-25
-21
-19
-21
-21
-18
-18
-18
-17
-14
-13
-19
-13
-13
-11
-11
-11
-9
-8
-8
-6
-9
-10
-14
-12
-10
-8
-9
-5
-9
-13
-11
-11
-11
-11
-8
-6
-10
-12
-10
-10
-10
-10
-11
-11
-8
-10
-10
-3
-6
-7
-10
-12
-5
-6
-7
-9
-12
-10
-9
-8
-10
-7
-8
-5
0
1
0
-1
1
1
1
-2
2
1
2
-2
-3
1
0
0
2
5
4
4
-1
-4
-7
-6
-7
-13
-12
-10
-13
-7
-3
-4
-7
-7
-4
-6
-4
-5
-4
-8
-10
-9
-12
-13
-11
-7
-11
-8
-13
-14
-13
-18
-18
-21
-21
-26
-26
-21
-24
-25
-26
-29
-23
-22
-25
-25
-27
-22
-25
-32
-29
-32
-33
-32
-30
-28
-28
-32
-25
-26
-29
-27
-26
-26
-25
-23
-25
-23
-23
-26
-26
-24
-24
-25
-23
-26
-27
-27
-30
-26
-25
-24
-24
-24
-24
-21
-24
-21
-22
-24
-21
-21
-15
-21
-21
-17
-15
-17
-17
-15
-14
-12
-12
-9
-12
-11
-11
-10
-11
-10
-8
-12
-11
-9
-9
-9
-9
-13
-11
-13
-11
-8
-6
-8
-8
-7
-6
-4
-1
1
-3
-1
0
2
3
4
2
6
2
1
5
1
5
-1
6
6
6
5
7
7
7
7
6
5
3
4
3
5
7
5
1
-1
1
2
2
3
-1
0
-1
-6
-4
-3
-5
-4
-4
-3
-7
-11
-6
-4
-11
-15
-12
-12
-15
-14
-14
-19
-16
-17
-18
-16
-18
-15
-20
-15
-14
-15
-17
-14
-12
-14
-14
-18
-15
-16
-15
-17
-18
-19
-17
-17
-15
-17
-17
-19
-22
-15
-18
-18
-19
-23
-22
-18
-19
-17
-15
-22
-22
-19
-23
-23
-17
-18
-18
-17
-19
-15
-15
-14
-15
-18
-12
-17
-14
-10
-10
-12
-10
-10
-10
-11
-12
-8
-9
-8
-9
-6
-8
-9
-6
-7
-7
-2
-3
-4
-2
-2
-4
-1
-3
1
-1
-5
-4
-3
1
-2
0
1
0
-1
4
9
8
11
15
12
14
15
18
19
17
15
19
11
9
8
9
13
16
16
13
11
11
17
15
18
16
19
21
23
21
19
23
17
17
17
17
16
14
14
11
11
15
14
16
14
14
14
15
11
12
17
9
13
15
14
15
13
11
8
9
8
9
10
9
11
8
10
9
8
7
5
7
5
7
7
3
6
8
6
6
3
7
7
5
6
8
11
8
5
4
6
5
5
6
3
6
5
5
6
5
3
5
2
-3
-3
-6
-8
-7
-6
-10
-8
-7
-13
-13
-16
-15
-16
-13
-14
-15
-13
-12
-13
-13
-13
-11
-10
-14
-11
-15
-14
-15
-17
-14
-12
-11
-12
-8
-9
-9
-4
-2
-5
-4
-2
-2
3
4
0
0
-1
1
7
4
6
6
5
2
7
8
9
6
9
8
3
7
6
7
6
5
6
5
8
8
4
1
-1
0
0
1
2
2
2
5
1
3
2
3
9
7
9
10
11
14
13
13
16
18
19
15
15
11
8
10
10
8
14
13
10
10
12
10
6
8
6
6
5
7
10
11
10
17
13
13
14
15
16
14
15
9
12
18
11
11
7
10
11
10
12
8
4
8
6
1
-3
1
-3
-8
-1
-2
-4
-3
-4
-7
-9
-9
-6
-6
-11
-12
-9
-7
-5
-4
-4
-4
-5
-6
-3
-7
-4
-3
-6
-8
-9
-11
-9
-6
-9
-7
-9
-13
-11
-12
-9
-8
-14
-14
-13
-15
-16
-13
-9
-11
-14
-11
-8
-10
-6
-9
-6
-10
-6
-7
-8
-6
-2
-7
-4
-5
-6
-6
-3
-5
-4
-9
-6
-6
-7
-4
-10
-5
-11
-6
-7
-6
-1
-6
-5
-6
-2
-4
-4
-4
-4
-1
-8
-4
-3
1
2
1
2
3
9
9
10
14
11
12
19
16
16
17
16
13
15
17
16
19
16
16
16
17
17
16
19
21
20
20
22
21
21
19
18
17
17
18
19
16
15
12
11
7
11
11
14
13
15
16
12
15
16
17
12
15
15
10
16
12
9
12
13
9
8
10
10
5
8
7
4
4
7
9
9
8
8
9
5
6
8
7
6
0
2
7
2
3
8
4
2
3
0
5
5
0
-2
-2
-3
-4
-5
-9
-5
-8
-5
-5
-10
-9
-8
-11
-12
-10
-10
-8
-10
-8
-8
-12
-12
-12
-16
-15
-10
-13
-16
-13
-14
-15
-13
-9
-11
-11
-10
-12
-5
-7
-8
-9
-12
-13
-15
-12
-11
-14
-14
-8
-13
-14
-12
-12
-12
-11
-7
-13
-12
-12
-9
-10
-7
-9
-9
-13
-6
-4
-6
-8
-9
-6
-4
-5
-3
-5
-2
1
1
4
-1
-5
-6
-2
0
0
0
-2
1
3
0
6
8
8
11
12
