11
8
8
7
7
6
3
2
3
0
4
3
1
3
3
-1
-1
2
-3
-2
-8
-7
-9
-10
-10
-8
-9
-12
-11
-12
-12
-10
-13
-11
-12
-11
-10
-5
-4
-7
-7
-2
-5
-4
-2
-2
-4
-2
-4
-2
1
-2
-2
-1
0
2
4
5
1
4
3
2
0
-2
3
4
5
5
2
6
6
3
7
8
5
3
1
3
1
3
3
-2
5
0
1
4
2
3
0
4
3
4
4
7
11
11
10
12
13
18
12
15
19
21
22
24
23
21
25
23
25
24
23
23
23
23
21
26
29
30
27
28
27
26
26
25
27
31
25
24
25
23
24
20
19
17
15
15
17
14
14
16
11
7
8
6
4
5
-3
-1
-1
-2
6
7
5
13
10
11
9
6
6
5
8
6
3
6
8
6
5
8
9
6
9
7
11
13
10
17
18
14
14
13
15
13
15
9
8
9
9
9
10
11
10
10
14
16
11
8
5
8
10
9
12
11
11
14
12
10
8
9
14
13
14
15
16
16
16
21
19
21
20
20
17
21
22
20
21
20
21
17
19
21
23
19
13
21
22
23
19
15
19
18
18
17
13
15
13
13
15
11
12
15
13
13
11
15
14
16
16
18
17
20
23
24
26
25
23
26
26
28
32
26
27
26
29
27
27
29
28
37
35
33
31
29
31
27
28
26
26
24
20
19
23
25
25
25
23
22
24
26
26
24
22
21
19
18
21
20
19
21
19
18
16
16
12
12
15
12
13
20
14
14
22
18
11
14
16
15
11
8
8
7
12
11
7
12
11
17
19
20
17
18
19
14
14
16
19
12
12
11
10
9
12
9
9
10
8
7
3
8
10
9
11
13
6
6
7
11
7
3
2
4
3
5
4
1
4
7
12
10
10
5
9
6
7
6
7
10
7
14
12
9
6
10
9
9
6
12
7
11
10
9
11
14
16
18
22
19
18
12
17
18
15
11
7
13
10
10
8
5
6
7
9
12
15
10
12
13
12
17
14
15
20
21
21
19
21
26
22
23
22
18
22
24
23
24
27
24
27
30
30
32
32
35
34
34
33
35
33
35
34
33
32
26
29
29
21
25
26
26
29
28
28
28
28
28
29
24
25
22
24
19
21
23
21
19
22
21
20
20
19
21
24
22
24
20
15
22
24
23
19
19
20
17
16
16
16
18
17
15
13
14
20
23
23
21
23
22
23
23
20
24
22
20
24
16
12
11
17
17
10
11
12
10
13
10
15
15
17
17
18
18
16
18
13
21
17
14
13
16
13
13
13
17
18
13
15
14
17
21
19
22
17
19
17
19
20
16
14
17
18
18
19
16
15
13
13
15
13
12
14
14
14
15
16
11
16
15
11
11
10
11
13
11
10
12
8
8
8
13
15
17
13
15
19
15
21
22
19
17
18
17
18
21
22
22
22
23
26
28
28
26
33
28
24
29
27
32
30
31
29
32
27
24
29
25
25
27
25
21
24
23
21
26
23
25
22
18
22
24
24
25
29
25
23
26
23
25
24
27
29
27
28
29
30
28
28
30
30
24
20
22
21
20
19
20
22
18
18
18
19
20
21
23
25
22
28
27
28
30
25
27
26
27
26
24
21
20
16
19
15
16
18
12
20
22
20
18
20
21
21
19
16
22
22
20
23
20
18
15
17
14
14
18
16
17
21
20
18
23
19
20
23
22
23
24
22
23
22
16
19
19
20
18
26
29
24
24
24
23
24
17
16
21
23
21
20
21
18
16
12
15
14
11
11
13
14
11
14
17
17
17
17
17
18
20
21
22
21
21
18
21
22
21
22
25
19
20
21
16
17
20
21
18
20
24
24
20
21
23
21
20
19
22
22
20
20
20
16
21
22
24
24
18
22
20
16
16
17
16
11
10
8
9
11
10
12
16
18
18
19
17
13
16
12
14
14
13
14
14
17
13
17
20
19
23
18
17
17
20
23
21
17
18
19
17
16
15
9
15
15
13
13
7
8
11
12
11
7
6
5
4
9
6
8
12
10
15
16
11
12
15
18
17
17
18
15
18
16
12
14
15
15
12
18
16
11
10
9
9
6
14
7
6
11
5
7
6
5
4
9
7
10
14
11
7
8
11
14
10
11
14
14
13
11
11
11
13
10
11
14
18
20
18
13
15
12
12
12
8
10
6
6
4
5
6
9
7
11
15
10
13
11
10
12
8
11
11
9
10
7
6
5
4
6
9
10
10
8
13
11
13
13
14
14
16
16
20
18
21
21
14
16
18
22
20
16
17
15
12
13
11
14
20
18
17
18
16
21
18
21
16
14
16
19
20
17
16
15
20
20
21
23
24
23
23
21
18
17
15
13
14
15
18
15
12
17
19
20
18
12
16
15
13
13
16
12
13
17
11
10
9
11
13
9
10
6
5
8
4
1
1
0
-1
-2
0
-4
-1
1
-4
2
0
-5
-5
-5
-6
-3
0
0
-1
-2
0
3
3
4
4
7
8
5
5
6
5
1
4
1
2
4
1
5
3
5
2
5
6
3
4
-1
1
-7
-5
-5
-4
8
7
14
12
9
11
13
9
8
10
12
11
10
11
8
7
4
2
1
-1
-3
5
2
-3
7
6
6
7
8
7
4
8
8
11
9
9
12
11
8
11
14
7
5
5
-1
4
7
6
5
6
8
7
6
6
8
9
1
2
1
4
0
-6
-3
-3
-2
-5
-5
1
-2
-1
3
4
3
1
9
10
10
14
11
9
10
14
14
10
15
14
17
20
19
20
22
19
18
21
18
16
10
17
16
14
16
14
14
12
13
11
9
13
9
11
14
8
8
7
8
13
12
12
11
7
6
0
4
0
-3
-1
-2
0
2
-6
-1
-2
-3
-2
-1
4
-1
3
3
4
11
10
12
14
12
12
12
12
12
8
10
13
15
17
19
14
10
12
11
12
8
7
4
5
3
4
7
11
13
16
15
17
16
15
17
14
18
12
8
6
6
4
-1
-2
-5
-3
-6
-5
-6
-4
1
0
0
-2
0
8
0
1
4
-5
-1
-3
1
-1
1
5
7
15
11
10
10
8
6
0
-2
-4
-4
-4
-7
-9
-5
-5
2
5
8
11
18
21
24
24
24
26
24
21
25
22
17
13
14
13
12
13
11
13
9
9
8
8
9
5
5
6
12
12
17
18
16
18
20
20
18
17
15
15
14
15
13
14
13
15
16
15
16
16
16
14
11
4
5
2
2
-1
-2
-1
-1
-1
-3
-4
2
5
4
6
4
2
0
-1
-7
-4
-7
-2
-4
-4
-3
-7
-2
-1
-2
-5
-1
0
-2
-5
-3
-4
-4
-6
-10
-6
-7
-8
-11
-7
-2
-1
5
6
12
14
17
18
17
17
20
20
15
12
8
11
12
8
8
7
10
6
3
6
10
7
9
13
4
8
9
9
8
11
14
11
8
4
3
3
3
-2
-5
1
2
7
10
5
4
7
8
5
5
5
7
10
5
7
11
9
12
15
15
13
10
9
9
7
8
-2
-2
-2
-4
-5
-5
-11
-10
-8
-10
-8
-8
-5
-5
-9
-7
-5
-5
-1
0
5
6
6
4
6
3
0
-2
0
-1
-3
-2
-3
-4
-3
0
-1
4
9
13
14
12
15
18
22
22
23
21
21
22
23
24
21
22
25
21
16
21
16
13
10
9
10
7
9
7
9
13
9
3
9
9
1
3
1
-4
-5
-4
-4
-1
-4
-4
1
1
3
0
0
0
-3
1
4
4
8
7
4
9
6
12
10
8
5
0
3
0
-1
-7
-8
-10
-12
-8
-3
-5
-7
-10
-9
-8
-5
0
-4
-2
-2
-5
0
-4
-4
-1
4
1
3
4
4
0
2
3
3
4
3
7
4
2
-4
4
2
0
3
0
0
2
2
0
-1
0
4
4
-2
0
-2
-1
-4
-10
-12
-8
-5
-10
-7
-10
-7
-6
-8
-5
-2
1
0
1
-3
-4
-3
-7
-6
-5
-8
-10
-9
-8
-7
-3
-3
-6
-1
3
9
15
16
17
13
19
20
20
21
11
10
10
10
12
9
4
7
10
13
15
15
18
25
31
35
39
37
34
28
28
22
27
22
15
15
13
20
23
21
17
13
16
14
10
9
5
3
3
2
3
7
3
2
2
3
7
10
8
2
1
-2
-6
-5
-6
-2
-4
1
2
4
5
1
0
0
-2
-6
-6
-6
-10
-9
-3
-1
-4
1
0
1
5
11
10
11
9
4
3
2
1
4
6
6
4
8
8
8
10
7
8
7
5
5
-1
1
-1
-3
-2
-1
-2
-3
-2
-4
1
2
1
2
-1
-4
0
4
8
6
8
6
7
5
10
15
13
10
10
9
6
7
-1
5
6
2
8
3
7
6
6
9
3
2
5
1
2
-3
2
5
6
8
10
11
14
12
13
17
14
13
12
9
7
11
10
8
9
9
10
6
4
7
2
2
5
1
0
2
9
11
9
8
14
15
13
18
14
19
22
18
23
26
27
24
21
24
26
27
26
21
20
21
19
20
22
16
11
18
17
18
22
13
11
11
8
7
2
3
5
7
8
4
5
7
1
3
-1
3
5
8
10
6
5
8
3
6
6
7
9
6
6
11
11
8
10
8
5
2
1
-6
-3
-6
-4
-3
-6
-8
-7
-7
-4
-4
-10
-2
-4
-5
-1
0
1
-3
-4
-3
1
0
-1
0
2
4
5
4
5
5
5
5
7
6
2
5
3
-1
-3
-3
-5
-4
0
-6
-7
-2
0
-3
2
1
1
2
0
-2
-3
0
-2
-2
1
3
5
10
9
9
10
12
8
5
8
5
3
4
0
-5
-9
-8
-10
-10
-10
-15
-16
-13
-10
-10
-9
-10
-7
-8
-6
-3
0
5
6
6
3
3
10
8
4
2
0
4
5
2
5
5
11
10
6
13
7
10
11
5
8
9
9
12
10
9
13
12
17
19
18
19
17
19
18
15
15
10
6
9
8
8
7
8
7
4
7
9
10
9
11
7
5
6
5
7
6
9
9
9
7
7
10
9
7
5
8
2
2
5
-2
1
-1
0
-4
-2
3
5
8
5
4
3
5
4
4
2
2
4
3
1
4
4
8
7
4
5
4
8
3
-1
0
-6
-11
-13
-10
-12
-15
-10
-13
-11
-7
-1
0
-6
-3
-5
0
-7
-5
-5
-9
-4
-3
3
7
12
11
15
15
13
14
9
10
4
5
4
0
-4
-3
-6
0
2
0
1
7
9
9
12
8
10
10
8
9
12
12
17
14
16
22
20
23
22
23
26
27
33
31
32
39
35
36
40
41
44
41
41
45
41
43
48
45
50
49
47
45
46
48
42
42
45
43
41
44
41
41
36
33
31
29
30
31
28
24
26
25
23
14
13
10
6
2
0
-1
-6
-11
-14
-17
-20
-24
-21
-26
-28
-32
-33
-33
-42
-46
-42
-41
-42
-39
-36
-38
-38
-29
-30
-33
-33
-35
-39
-39
-34
-36
-39
-41
-40
-38
-36
-32
-36
-35
-37
-43
-38
-44
-39
-42
-46
-46
-46
-48
-47
-49
-51
-50
-52
-53
-53
-55
-60
-65
-69
-70
-74
-74
-71
-70
-60
-41
-17
4
35
66
90
107
129
156
172
175
172
169
163
155
146
148
135
116
109
105
107
106
100
95
83
74
66
49
36
21
2
-17
-24
-21
-21
-21
-22
-15
-3
13
31
39
46
46
48
51
54
55
50
44
36
37
42
48
52
54
51
50
51
52
54
46
33
18
17
13
9
5
-3
-3
-5
-4
2
7
12
11
5
9
15
13
8
0
-7
-5
-10
-13
-16
-21
-29
-41
-40
-41
-45
-44
-46
-55
-53
-55
-62
-63
-59
-66
-69
-65
-63
-71
-67
-67
-76
-83
-84
-83
-92
-96
-94
-91
-95
-102
-106
-108
-105
-104
-104
-108
-112
-114
-109
-108
-108
-111
-108
-112
-110
-110
-111
-108
-110
-104
-89
-63
-35
-8
25
67
96
120
152
188
212
217
216
203
199
196
188
185
173
147
124
126
132
135
122
107
90
72
65
49
36
13
-19
-43
-49
-45
-41
-40
-48
-50
-43
-22
-1
8
10
5
5
10
16
23
13
3
-8
-5
4
17
26
33
35
37
51
64
79
88
82
59
53
56
55
52
37
28
18
18
24
31
35
31
26
27
33
37
36
28
21
8
6
4
0
-5
-12
-9
-12
-12
-6
-17
-21
-20
-25
-36
-36
-45
-45
-59
-65
-62
-67
-62
-77
-73
-73
-66
-70
-68
-69
-83
-76
-88
-85
-85
-89
-97
-91
-96
-102
-92
-98
-99
-101
-97
-104
-109
-108
-107
-106
-110
-116
-110
-117
-121
-127
-132
-127
-134
-137
-142
-145
-144
-130
-96
-66
-37
-2
43
88
116
150
193
225
239
237
236
237
225
210
203
200
177
151
132
127
132
132
129
108
89
70
56
43
27
2
-26
-49
-57
-52
-46
-46
-45
-42
-30
-10
3
22
23
22
18
20
26
28
19
3
-6
-7
1
14
29
38
42
48
61
77
94
92
84
74
65
65
61
53
38
24
12
12
21
24
31
26
26
35
46
57
56
45
36
21
17
11
12
7
4
-2
-6
-5
-11
-10
-14
-16
-28
-37
-39
-52
-57
-69
-72
-81
-91
-88
-95
-108
-98
-100
-95
-89
-101
-101
-108
-114
-112
-115
-118
-117
-123
-121
-127
-134
-127
-122
-128
-134
-136
-135
-135
-139
-142
-144
-152
-150
-155
-158
-161
-169
-163
-172
-176
-172
-153
-115
-83
-48
-4
53
106
140
173
218
254
268
270
277
275
252
225
211
198
176
146
127
116
108
105
96
84
64
41
18
3
-11
-32
-52
-80
-97
-96
-85
-77
-67
-52
-39
-24
-7
15
30
30
22
19
21
18
15
9
2
-1
1
10
26
42
49
57
65
76
87
93
84
76
68
60
54
49
43
26
18
13
12
20
23
23
25
30
32
30
26
21
18
13
5
2
2
-4
-8
-6
-4
-8
-7
-9
-14
-24
-27
-29
-44
-47
-52
-60
-69
-80
-82
-88
-81
-79
-77
-80
-74
-83
-97
-96
-101
-105
-128
-129
-130
-132
-134
-137
-136
-140
-138
-138
-141
-146
-144
-153
-159
-164
-165
-173
-180
-182
-188
-198
-204
-208
-217
-219
-224
-227
-211
-162
-115
-75
-33
31
111
159
198
249
298
322
322
319
330
311
264
237
224
207
176
144
128
119
98
80
67
51
27
-8
-36
-58
-76
-95
-117
-137
-143
-129
-119
-104
-82
-54
-34
-19
2
28
38
35
29
26
26
13
6
0
3
3
12
27
46
67
78
86
103
110
109
99
85
73
54
43
27
19
10
2
-1
2
17
29
29
28
33
38
30
21
17
6
-4
-9
-7
-6
-7
-12
-9
1
1
7
3
-6
-24
-32
-42
-63
-74
-84
-93
-96
-98
-108
-102
-103
-105
-99
-96
-97
-99
-108
-118
-114
-121
-123
-122
-127
-135
-140
-142
-144
-143
-150
-156
-159
-170
-176
-181
-189
-195
-199
-206
-210
-216
-212
-212
-213
-213
-219
-226
-221
-200
-135
-64
-18
28
106
212
284
329
384
441
463
452
437
434
414
338
275
244
211
170
121
91
77
45
16
1
-20
-53
-91
-129
-160
-176
-192
-204
-222
-215
-187
-164
-130
-95
-44
-3
15
46
84
105
105
96
100
95
86
72
75
78
84
93
105
125
132
135
132
128
123
104
77
43
19
0
-19
-36
-39
-33
-32
-21
-3
17
31
36
36
44
48
37
22
11
-4
-10
-18
-15
-5
-4
-3
-6
-2
7
2
-19
-33
-50
-72
-87
-106
-116
-117
-123
-122
-119
-107
-101
-104
-107
-99
-95
-97
-105
-122
-129
-139
-138
-142
-136
-141
-149
-143
-147
-140
-149
-155
-171
-187
-201
-226
-237
-257
-269
-286
-288
-289
-286
-283
-284
-271
-258
-218
-118
-14
60
123
224
366
461
509
564
625
637
598
561
539
494
389
294
234
193
141
74
29
3
-32
-62
-87
-114
-142
-183
-231
-263
-271
-267
-272
-281
-256
-194
-136
-82
-16
54
111
138
172
214
236
224
202
182
167
158
139
130
123
126
134
134
147
150
139
116
92
73
52
19
-26
-58
-71
-75
-77
-70
-49
-28
-9
17
40
70
77
75
68
68
67
54
44
36
27
25
19
13
5
-7
-30
-52
-66
-86
-115
-151
-174
-185
-200
-204
-209
-196
-180
-165
-148
-123
-102
-98
-94
-89
-92
-96
-110
-132
-130
-150
-159
-172
-185
-189
-204
-216
-228
-242
-249
-260
-289
-294
-310
-317
-324
-337
-335
-328
-318
-308
-285
-250
-178
-38
105
204
293
417
581
690
736
777
810
787
711
637
590
507
376
248
171
120
64
-10
-61
-95
-137
-164
-199
-234
-264
-307
-350
-367
-345
-301
-260
-239
-171
-63
36
121
194
277
330
346
355
367
361
318
264
220
194
177
160
137
125
130
119
109
101
91
60
19
-21
-43
-58
-81
-108
-108
-78
-42
-3
27
70
107
133
153
163
168
152
122
93
79
66
46
23
6
2
-7
-12
-26
-48
-70
-109
-148
-177
-200
-228
-261
-276
-264
-249
-231
-202
-177
-141
-115
-98
-76
-63
-64
-80
-92
-104
-116
-129
-153
-161
-173
-180
-190
-207
-212
-235
-274
-299
-331
-368
-388
-413
-427
-423
-424
-411
-391
-373
-340
-309
-277
-195
-66
103
248
342
478
656
805
881
924
950
944
864
744
660
553
407
231
85
4
-63
-148
-221
-271
-300
-319
-351
-370
-384
-400
-411
-408
-374
-288
-199
-131
-43
79
228
348
422
491
543
554
527
491
447
382
287
192
132
97
69
33
5
-7
-1
-6
-16
-26
-44
-65
-92
-105
-92
-66
-49
-27
24
101
174
226
273
310
327
334
319
294
258
207
148
107
82
55
23
-13
-40
-50
-61
-84
-112
-140
-171
-206
-229
-241
-235
-235
-225
-204
-166
-121
-86
-66
-42
-19
-9
-6
-15
-32
-54
-77
-107
-128
-147
-163
-187
-211
-233
-255
-281
-311
-337
-369
-399
-423
-430
-427
-410
-392
-376
-351
-325
-303
-281
-264
-244
-231
-154
-9
169
320
427
591
780
940
1011
1025
1023
965
839
673
533
382
203
9
-136
-204
-253
-297
-342
-369
-367
-363
-367
-381
-388
-393
-387
-364
-294
-170
-45
69
187
339
501
619
672
691
677
617
522
416
311
187
56
-46
-119
-135
-132
-148
-163
-156
-130
-109
-100
-109
-112
-114
-104
-71
-16
62
127
192
272
369
439
469
459
425
385
334
267
186
115
43
-5
-41
-54
-56
-71
-90
-106
-117
-116
-133
-164
-192
-204
-194
-179
-149
-111
-73
-41
-2
29
54
59
32
-2
-36
-60
-92
-136
-152
-177
-185
-193
-202
-198
-222
-247
-273
-310
-335
-363
-405
-426
-436
-419
-379
-345
-310
-275
-236
-222
-212
-226
-239
-246
-270
-260
-192
-46
150
345
494
672
863
1022
1108
1077
1012
908
739
534
336
163
3
-161
-297
-332
-327
-326
-334
-354
-347
-339
-350
-373
-392
-395
-356
-288
-186
-21
158
321
461
589
716
791
771
690
571
438
291
140
1
-106
-190
-252
-270
-260
-225
-200
-200
-209
-205
-192
-174
-165
-161
-112
-25
76
197
318
423
487
530
551
542
490
384
256
138
50
-15
-73
-110
-128
-124
-97
-75
-56
-59
-81
-116
-154
-170
-167
-169
-164
-130
-67
9
83
128
151
157
130
81
21
-49
-131
-199
-247
-272
-255
-247
-227
-203
-182
-151
-156
-190
-234
-284
-339
-381
-424
-437
-426
-403
-363
-310
-237
-182
-146
-136
-127
-111
-150
-196
-247
-284
-282
-290
-249
-68
221
457
578
682
888
1097
1107
980
865
762
599
346
145
63
-23
-150
-256
-271
-221
-196
-243
-316
-353
-361
-363
-416
-456
-399
-274
-147
-22
159
395
580
643
676
736
732
619
431
256
129
-3
-131
-223
-268
-266
-245
-252
-254
-224
-213
-239
-287
-287
-241
-183
-125
-52
88
260
405
513
592
645
632
552
444
329
209
65
-76
-175
-203
-191
-184
-178
-157
-123
-100
-104
-127
-147
-163
-186
-195
-160
-84
-4
58
113
163
211
224
166
75
-20
-125
-230
-324
-378
-391
-387
-365
-322
-258
-185
-141
-149
-148
-171
-212
-259
-317
-352
-377
-383
-374
-335
-285
-250
-238
-245
-222
-219
-240
-272
-306
-310
-301
-312
-330
-313
-278
-229
-177
-51
236
505
601
630
744
950
1031
905
764
693
597
402
198
88
54
-62
-218
-292
-302
-276
-285
-358
-419
-412
-351
-293
-284
-234
-74
106
215
327
488
654
694
617
577
560
485
324
132
-11
-93
-162
-237
-292
-324
-309
-311
-362
-382
-361
-343
-371
-381
-324
-98
277
481
598
745
854
1028
1010
821
628
371
152
-26
-230
-343
-381
-477
-454
-358
-259
-120
-119
-172
-162
-105
-59
-59
-97
-89
14
110
218
302
313
306
217
93
27
-74
-245
-419
-558
-589
-527
-481
-434
-375
-298
-190
-125
-112
-116
-173
-224
-264
-301
-284
-264
-288
-305
-280
-227
-178
-189
-252
-317
-340
-327
-339
-362
-362
-350
-326
-316
-306
-294
-265
-245
-194
-4
305
530
594
656
822
1013
1012
847
689
585
429
196
11
-75
-127
-237
-336
-360
-321
-268
-258
-309
-351
-314
-225
-153
-119
-47
129
313
414
499
611
695
651
511
399
300
161
-13
-181
-298
-334
-327
-340
-346
-332
-294
-276
-309
-323
-298
-256
-218
-171
0
395
692
835
928
930
1035
1010
768
482
163
-74
-221
-379
-492
-444
-445
-391
-290
-233
-72
-20
-69
-102
-78
18
104
136
125
207
307
381
416
316
229
106
-84
-218
-337
-438
-511
-587
-598
-513
-395
-315
-278
-261
-220
-156
-142
-141
-174
-190
-162
-147
-142
-146
-156
-184
-222
-274
-321
-340
-372
-412
-410
-383
-338
-307
-304
-275
-256
-263
-283
-313
-320
-289
-258
-152
168
532
720
743
780
948
1030
873
609
403
246
62
-93
-175
-172
-188
-236
-224
-247
-271
-259
-267
-324
-397
-355
-170
22
106
220
436
641
727
678
617
551
382
166
-30
-180
-256
-315
-382
-424
-376
-291
-245
-272
-321
-301
-286
-274
-240
-178
-29
163
342
498
637
748
816
764
623
481
321
166
-27
-219
-305
-318
-324
-333
-338
-321
-265
-222
-190
-140
-80
-10
66
139
226
306
361
354
295
221
162
106
10
-93
-188
-257
-275
-293
-331
-362
-387
-400
-408
-405
-375
-331
-278
-228
-158
-87
-32
-5
-33
-67
-110
-152
-211
-290
-360
-383
-358
-349
-313
-301
-279
-236
-256
-267
-292
-311
-304
-293
-310
-317
-285
-252
-174
-100
85
418
665
735
669
670
773
777
603
381
246
133
66
12
-37
-51
-113
-162
-213
-289
-321
-317
-286
-275
-253
-133
103
308
378
435
512
580
602
492
343
208
83
3
-103
-203
-251
-268
-317
-388
-419
-401
-376
-405
-419
-368
-283
-146
-5
106
223
374
528
609
622
584
563
516
419
302
157
49
-61
-183
-285
-345
-360
-377
-385
-378
-314
-185
-65
32
107
179
254
307
319
285
236
176
126
67
11
-22
-62
-106
-166
-239
-284
-326
-362
-419
-458
-453
-408
-337
-271
-200
-136
-75
-25
-23
-57
-104
-159
-224
-281
-312
-329
-316
-310
-311
-317
-317
-295
-291
-293
-300
-310
-310
-294
-270
-233
-200
-188
-184
-188
-180
-141
-70
92
389
643
724
661
637
711
716
569
357
192
93
57
45
38
27
-30
-89
-111
-162
-231
-278
-253
-175
-113
-27
161
369
477
504
492
502
500
399
242
89
-25
-59
-86
-148
-212
-253
-278
-304
-343
-372
-372
-369
-324
-242
-157
-57
74
171
244
266
305
314
438
641
682
691
543
418
331
170
19
-218
-398
-455
-402
-392
-359
-269
-266
-94
37
54
114
73
122
219
244
285
252
180
138
115
47
8
-39
-204
-292
-356
-391
-338
-382
-453
-480
-454
-367
-272
-237
-213
-162
-108
-6
43
-13
-88
-196
-275
-294
-338
-379
-428
-446
-440
-394
-331
-303
-284
-322
-342
-333
-311
-260
-262
-281
-288
-259
-199
-143
-72
28
261
580
757
703
538
489
512
457
317
166
97
89
138
197
218
163
24
-67
-104
-175
-263
-286
-168
-7
116
227
362
493
545
506
413
324
274
210
118
27
-26
-12
-12
-67
-167
-259
-312
-331
-329
-311
-281
-227
-114
23
105
129
134
164
206
235
249
274
319
359
382
372
361
305
203
66
-66
-143
-172
-172
-174
-172
-135
-58
39
107
140
136
127
168
222
244
215
170
144
133
129
83
20
-25
-63
-89
-120
-161
-192
-239
-282
-330
-356
-346
-316
-278
-240
-190
-140
-97
-81
-112
-158
-209
-252
-268
-311
-346
-359
-349
-310
-292
-308
-340
-351
-324
-305
-310
-344
-368
-343
-283
-211
-193
-223
-275
-294
-245
-185
-102
28
267
555
686
604
450
388
412
401
334
269
222
208
256
323
294
122
-96
-223
-232
-224
-245
-224
-86
123
258
318
341
353
352
321
255
186
179
212
222
179
116
54
-29
-126
-224
-327
-402
-409
-335
-232
-160
-119
-88
-65
-41
-33
-31
-21
19
101
186
369
560
694
718
522
322
155
49
2
-61
-152
-205
-145
-80
-12
-14
-97
-137
-107
-31
76
107
148
248
295
336
315
237
180
147
108
60
29
-19
-75
-151
-252
-315
-364
-389
-387
-400
-382
-312
-229
-134
-75
-66
-74
-90
-100
-124
-154
-193
-217
-232
-248
-262
-308
-337
-359
-388
-400
-421
-444
-456
-430
-377
-319
-296
-296
-302
-302
-252
-193
-77
137
449
741
853
756
539
404
384
405
377
294
207
161
205
286
276
96
-141
-296
-322
-273
-210
-120
19
183
299
341
330
327
346
346
311
239
206
241
294
287
174
20
-126
-228
-295
-331
-363
-369
-314
-207
-108
-72
-73
-90
-100
-92
-58
6
101
222
325
375
355
314
288
271
240
167
69
-22
-43
-29
-21
-23
-58
-90
-99
-70
-18
29
66
99
129
149
177
189
189
183
165
129
89
73
81
82
47
-8
-80
-141
-179
-200
-220
-249
-276
-296
-272
-231
-187
-140
-126
-118
-124
-138
-146
-147
-154
-189
-217
-252
-272
-277
-286
-283
-299
-327
-341
-356
-369
-357
-325
-310
-289
-283
-266
-234
-217
-210
-214
-208
-153
-24
189
480
677
674
492
281
208
263
386
489
517
462
377
315
264
188
49
-95
-185
-202
-150
-78
36
183
287
287
187
66
14
77
220
328
367
344
323
296
228
141
30
-61
-129
-173
-196
-204
-165
-99
-58
-87
-171
-273
-343
-317
-209
-63
57
123
161
192
223
251
261
257
231
201
172
148
145
139
109
56
-14
-85
-127
-122
-85
-25
28
61
76
39
20
14
26
57
82
114
109
101
92
91
90
67
22
-40
-109
-163
-198
-216
-219
-227
-237
-246
-244
-232
-209
-184
-158
-150
-164
-190
-199
-200
-200
-184
-187
-188
-193
-209
-237
-260
-279
-283
-276
-302
-324
-341
-336
-307
-254
-211
-194
-197
-230
-271
-290
-246
-117
100
355
529
521
358
158
92
168
306
440
510
553
556
476
304
68
-115
-162
-65
95
218
252
209
152
82
4
-63
-74
-8
108
222
274
264
226
208
200
162
82
14
1
39
84
96
66
34
20
7
-27
-98
-173
-214
-192
-115
-31
27
65
93
91
56
2
-32
-19
41
123
173
186
160
134
89
34
-9
-14
31
99
144
135
80
26
-18
-59
-99
-116
-87
-35
26
64
55
35
33
44
54
47
37
30
33
34
12
-27
-62
-69
-58
-55
-63
-80
-100
-120
-141
-171
-205
-225
-212
-190
-177
-182
-188
-185
-172
-170
-197
-222
-241
-224
-198
-193
-197
-213
-229
-221
-202
-203
-204
-209
-227
-238
-259
-266
-259
-248
-188
-76
13
-8
-108
-142
-46
107
198
188
142
149
231
297
278
198
143
162
219
280
272
223
193
208
209
159
101
75
119
192
245
232
160
112
116
130
110
73
68
114
189
227
193
108
42
17
0
-27
-49
-56
-38
10
52
28
-27
-76
-101
-113
-128
-131
-113
-71
50
140
77
-7
-67
-46
54
121
122
84
73
94
121
67
-24
-24
-29
1
47
2
34
48
61
72
-5
-25
1
57
80
65
34
-2
38
54
22
-25
-84
-65
-43
-37
-32
-86
-111
-111
-116
-134
-153
-148
-148
-142
-156
-158
-166
-184
-186
-222
-259
-274
-265
-241
-233
-238
-250
-255
-255
-251
-253
-288
-315
-321
-310
-282
-240
-165
-75
-59
-132
-187
-115
52
178
177
107
98
173
264
285
230
190
195
239
287
300
272
246
256
253
203
142
113
130
178
213
203
143
113
139
174
159
95
64
81
150
211
207
154
103
101
105
76
20
-23
-33
-6
33
37
4
-37
-40
-63
-103
-121
-112
-63
-22
-2
-19
-53
-47
1
20
0
-19
-5
35
80
92
57
20
8
22
13
-13
-18
-4
8
17
12
-8
-13
15
47
42
18
9
15
28
38
33
6
-5
-1
-3
-25
-62
-76
-80
-86
-84
-96
-122
-136
-132
-131
-149
-165
-160
-152
-151
-161
-182
-195
-195
-192
-212
-238
-243
-222
-196
-198
-219
-246
-268
-267
-274
-301
-317
-314
-288
-229
-135
-37
-58
-164
-206
-93
87
193
180
110
128
216
297
285
211
177
202
249
282
267
233
224
242
240
177
110
96
142
183
201
166
99
86
130
172
150
100
89
125
167
177
138
75
46
64
58
18
-23
-28
-16
8
28
-4
-51
-77
-79
-88
-108
-101
-72
-46
-11
-6
-27
-49
-32
4
4
-14
-11
19
33
47
43
12
5
14
21
14
-6
4
22
30
41
28
11
11
34
49
41
33
24
36
35
34
19
-10
-19
-17
-26
-46
-64
-67
-59
-63
-71
-87
-92
-92
-89
-106
-138
-144
-145
-137
-151
-176
-195
-192
-184
-184
-202
-234
-240
-222
-215
-219
-233
-242
-245
-264
-287
-318
-322
-300
-258
-198
-113
-49
-88
-159
-135
-5
140
181
148
127
164
238
276
246
203
204
240
282
296
266
236
233
240
217
155
113
122
160
186
178
139
107
120
168
186
152
117
130
158
168
144
94
54
51
68
58
17
-18
-16
-7
-5
-15
-56
-80
-79
-73
-90
-108
-88
-51
-19
-10
-22
-44
-41
-14
-1
-20
-25
-12
14
29
23
9
-21
-27
-18
-14
-26
-28
-3
23
34
34
24
18
29
52
55
39
30
35
45
45
27
0
-31
-36
-34
-43
-64
-81
-82
-85
-92
-102
-113
-116
-113
-109
-118
-132
-137
-135
-140
-161
-186
-203
-198
-188
-196
-214
-232
-232
-225
-230
-240
-264
-279
-281
-290
-304
-311
-312
-296
-270
-218
-115
-8
-8
-89
-122
-18
158
257
245
179
168
225
288
271
218
198
211
259
284
265
230
212
213
198
148
100
91
137
182
195
167
118
110
146
181
158
107
85
106
125
121
78
18
-1
20
28
3
-31
-49
-44
-37
-22
-36
-54
-44
-28
-41
-68
-64
-29
1
9
-4
-23
-33
-11
17
14
-8
-13
-6
-1
2
-11
-22
-25
-2
15
4
1
12
31
41
41
34
29
43
64
69
45
26
26
29
24
6
-26
-52
-59
-53
-61
-82
-95
-97
-98
-110
-117
-118
-114
-104
-106
-116
-135
-137
-130
-133
-150
-180
-196
-191
-166
-152
-166
-186
-205
-212
-226
-245
-252
-257
-255
-263
-276
-290
-295
-285
-279
-257
-193
-87
-15
-45
-112
-97
31
189
250
208
146
154
223
268
243
186
174
204
242
263
237
204
194
198
186
131
93
106
153
197
204
166
120
127
171
188
160
113
93
108
122
113
65
14
17
47
53
29
1
-13
-18
-17
-20
-39
-51
-42
-32
-39
-49
-34
-11
10
11
-3
-17
-16
11
18
3
-14
-18
-13
-13
-12
-8
-13
-7
15
24
12
7
13
19
20
19
25
36
53
69
60
41
28
20
8
-9
-26
-43
-52
-59
-55
-65
-75
-72
-77
-82
-95
-98
-102
-107
-105
-116
-125
-135
-133
-127
-136
-153
-154
-153
-149
-145
-153
-181
-205
-223
-237
-247
-255
-254
-251
-252
-257
-264
-282
-291
-293
-288
-276
-215
-88
27
6
-93
-115
-9
158
234
182
104
101
184
253
232
170
153
187
232
255
219
184
184
204
201
146
92
99
157
215
224
177
118
107
151
171
141
84
65
92
114
111
63
21
29
56
63
34
-5
-17
-13
-4
3
-16
-34
-20
-5
-20
-39
-28
-11
-2
-4
-15
-37
-35
-10
2
-10
-25
-25
-20
-4
8
11
6
14
30
31
16
9
29
45
50
57
56
50
54
63
56
21
2
1
-1
-1
-8
-17
-37
-46
-48
-59
-73
-78
-75
-78
-88
-90
-97
-110
-116
-119
-138
-144
-135
-133
-137
-145
-159
-172
-173
-175
-180
-203
-218
-215
-214
-215
-222
-233
-246
-256
-259
-282
-290
-283
-266
-243
-216
-136
-24
4
-69
-138
-89
61
174
186
128
98
147
221
242
192
166
191
231
263
252
223
197
216
234
195
147
128
164
207
220
189
136
102
119
151
134
84
66
84
105
113
85
37
16
37
50
27
-2
-17
-14
-7
0
-11
-35
-29
-14
-21
-45
-53
-33
-18
-10
-5
-20
-38
-30
-5
-14
-35
-33
-16
1
7
11
7
7
18
27
23
18
29
50
57
57
52
45
41
45
41
20
3
10
18
20
18
2
-23
-42
-43
-44
-58
-73
-74
-73
-69
-70
-77
-88
-97
-106
-106
-117
-117
-108
-115
-125
-140
-154
-167
-166
-172
-179
-202
-216
-220
-216
-216
-222
-233
-254
-260
-256
-251
-251
-247
-239
-236
-196
-102
-4
-10
-114
-173
-88
73
181
167
91
77
140
220
215
156
143
180
227
254
239
206
198
213
216
171
117
112
153
188
194
147
91
69
99
140
123
83
63
87
100
99
62
15
10
36
53
29
0
-4
1
0
-6
-29
-43
-35
-19
-35
-72
-82
-60
-47
-40
-35
-38
-43
-27
-15
-33
-47
-39
-17
-9
-6
0
1
11
31
43
26
17
31
49
46
39
37
34
36
38
41
24
12
23
35
24
6
-8
-19
-33
-32
-38
-44
-48
-41
-41
-59
-64
-66
-70
-73
-81
-100
-122
-124
-115
-125
-142
-163
-172
-174
-162
-164
-174
-190
-205
-212
-220
-233
-237
-226
-225
-227
-230
-243
-243
-236
-232
-214
-166
-61
4
-59
-151
-132
9
159
210
160
105
132
214
259
229
182
196
244
286
299
266
236
232
246
227
172
139
159
201
221
200
141
89
99
142
159
124
90
98
118
123
106
62
27
42
70
67
43
20
13
8
10
-4
-28
-44
-28
-27
-56
-73
-71
-47
-36
-33
-37
-38
-37
-27
-28
-53
-61
-43
-19
-7
1
11
25
32
41
35
21
16
34
45
39
37
30
28
21
30
27
15
15
21
15
3
-7
-20
-23
-31
-31
-37
-36
-36
-35
-42
-61
-68
-72
-81
-85
-101
-116
-128
-135
-131
-143
-157
-168
-168
-171
-177
-175
-190
-208
-203
-207
-208
-219
-225
-218
-210
-216
-239
-258
-265
-262
-264
-241
-163
-48
-20
-113
-191
-125
50
184
198
131
93
153
245
266
214
184
224
277
310
300
257
229
237
240
194
135
120
153
196
207
175
116
83
111
157
152
111
90
112
134
128
96
49
38
69
93
73
35
10
11
15
3
-16
-40
-42
-27
-25
-57
-59
-42
-33
-31
-27
-34
-33
-22
-12
-15
-37
-23
3
16
16
18
22
20
33
36
20
7
18
37
32
24
28
29
27
35
35
25
20
24
33
25
8
2
-3
-11
-13
-13
-17
-21
-17
-23
-43
-60
-63
-65
-74
-85
-94
-103
-110
-106
-121
-138
-153
-157
-159
-150
-154
-166
-182
-196
-195
-202
-213
-215
-210
-216
-217
-227
-239
-248
-258
-264
-264
-227
-120
-6
-19
-120
-164
-65
101
206
190
117
106
175
252
247
197
190
236
280
298
275
233
223
236
238
187
125
133
188
226
222
181
123
105
147
181
154
112
116
142
155
142
105
66
68
102
108
78
45
33
34
28
9
-14
-29
-19
-4
-24
-52
-56
-43
-40
-44
-48
-49
-39
-22
-12
-20
-31
-11
15
22
18
18
24
38
51
48
27
24
40
55
47
41
44
41
42
44
41
36
37
48
45
30
26
22
14
10
8
0
-5
-6
-6
-18
-36
-52
-48
-45
-50
-62
-86
-93
-92
-92
-104
-129
-148
-146
-143
-140
-144
-160
-180
-190
-191
-199
-206
-206
-210
-225
-230
-238
-241
-245
-252
-258
-265
-241
-146
-29
-6
-95
-169
-105
53
178
190
123
94
151
241
257
206
178
217
260
285
267
222
212
228
239
189
129
114
165
209
218
178
114
88
124
168
156
115
103
123
141
132
95
56
46
77
91
68
37
20
26
22
8
-15
-36
-28
-11
-23
-58
-64
-50
-38
-34
-43
-46
-28
-2
14
-9
-30
-18
7
23
17
17
20
41
59
51
29
18
33
50
54
45
39
48
51
51
47
39
41
53
60
43
33
28
26
19
9
-3
-11
-2
1
-4
-21
-42
-44
-36
-38
-53
-66
-72
-71
-82
-94
-114
-127
-124
-120
-124
-138
-147
-158
-162
-168
-184
-202
-208
-192
-190
-201
-221
-235
-236
-228
-230
-242
-251
-219
-128
-18
2
-84
-153
-92
59
170
185
126
103
163
241
252
195
172
216
265
281
255
223
219
241
250
198
125
112
161
212
208
154
101
80
122
158
149
104
85
113
135
125
87
52
48
74
85
59
24
11
20
21
-1
-26
-37
-26
-18
-28
-61
-75
-59
-39
-34
-44
-48
-32
-17
-11
-18
-29
-19
0
15
7
3
11
24
34
24
11
8
18
32
32
26
20
26
26
25
23
27
35
37
36
27
17
15
16
10
-6
-20
-16
-8
-4
-15
-33
-46
-47
-41
-49
-60
-69
-82
-86
-97
-106
-112
-125
-130
-130
-136
-149
-155
-159
-168
-183
-197
-200
-201
-198
-204
-219
-234
-241
-241
-241
-248
-259
-249
-194
-83
-3
-43
-130
-132
-17
122
181
146
93
104
186
234
198
155
176
224
256
252
229
211
210
228
206
133
93
125
187
212
180
125
89
102
144
161
130
92
99
126
130
107
71
50
61
84
79
40
18
13
18
14
-16
-37
-38
-30
-23
-36
-61
-65
-42
-22
-25
-34
-39
-28
-11
-12
-17
-25
-15
3
11
6
8
17
29
31
17
5
8
26
39
36
31
25
25
34
34
36
36
35
34
26
20
17
19
20
6
-2
-6
-4
6
0
-15
-33
-42
-41
-39
-48
-59
-70
-83
-83
-91
-102
-114
-123
-129
-132
-138
-146
-156
-168
-176
-187
-192
-190
-195
-196
-211
-223
-229
-232
-231
-228
-229
-234
-194
-95
4
-7
-101
-126
-31
109
184
168
121
114
181
247
229
184
186
233
263
267
239
214
215
228
219
165
118
136
192
220
199
150
110
105
146
179
156
116
115
141
152
129
96
65
66
90
87
62
29
23
21
13
-7
-28
-34
-25
-25
-45
-68
-69
-45
-30
-28
-40
-35
-26
-14
-11
-26
-28
-16
3
13
10
11
19
26
34
22
12
19
29
41
41
33
31
30
34
39
39
34
36
40
33
28
22
24
17
6
2
-7
-5
-3
-5
-14
-36
-44
-43
-40
-47
-61
-74
-90
-100
-102
-104
-117
-131
-136
-142
-149
-154
-165
-182
-191
-201
-215
-219
-210
-208
-220
-241
-260
-253
-241
-232
-247
-260
-234
-145
-24
-9
-95
-155
-86
63
166
177
120
89
143
216
222
171
152
200
240
254
232
202
194
214
224
168
111
111
165
213
206
161
114
98
136
178
167
116
103
133
147
138
96
63
59
78
90
63
29
15
20
12
2
-20
-39
-33
-28
-39
-63
-64
-53
-38
-26
-30
-37
-43
-24
-9
-24
-35
-30
-23
-9
-1
-3
-13
-5
12
15
0
-7
8
20
30
29
18
11
23
38
39
32
28
33
35
32
25
20
15
14
7
-3
-10
-6
3
-3
-19
-33
-39
-35
-35
-41
-59
-76
-75
-75
-75
-92
-111
-120
-125
-123
-134
-157
-172
-186
-201
-207
-222
-225
-231
-236
-234
-235
-238
-240
-232
-230
-233
-237
-206
-100
0
-9
-95
-130
-44
86
171
161
98
88
145
212
207
160
158
199
233
237
214
190
182
197
201
145
102
119
173
203
189
146
106
106
139
169
146
101
98
126
127
106
71
44
49
74
75
51
22
11
20
9
-14
-33
-31
-23
-20
-32
-55
-60
-45
-23
-22
-41
-49
-38
-17
-10
-21
-27
-22
-7
12
9
-4
-1
20
29
19
4
6
28
41
48
32
19
24
39
42
40
36
40
39
42
34
22
22
25
22
7
0
-3
9
11
0
-15
-31
-31
-19
-26
-43
-61
-74
-74
-73
-84
-103
-113
-122
-132
-143
-160
-170
-176
-187
-196
-207
-214
-215
-207
-208
-221
-226
-234
-230
-219
-221
-214
-176
-84
-2
-26
-104
-119
-38
80
152
140
89
87
144
201
188
146
155
195
222
224
207
189
182
197
192
142
105
130
178
196
178
145
115
107
134
165
143
108
113
131
130
104
74
51
48
64
67
42
11
-1
3
3
-16
-37
-43
-35
-38
-47
-65
-74
-58
-34
-29
-46
-58
-48
-29
-24
-30
-33
-29
-19
-6
-3
-15
-8
6
11
6
1
-4
8
24
29
21
5
18
32
40
34
34
30
33
36
36
27
20
22
20
10
-7
-5
1
5
-3
-22
-41
-42
-40
-40
-56
-77
-86
-92
-95
-105
-122
-142
-150
-154
-155
-166
-183
-194
-195
-197
-205
-207
-210
-204
-198
-204
-210
-216
-210
-204
-206
-208
-181
-96
-14
-18
-84
-121
-54
55
135
135
88
75
125
178
167
136
135
170
203
207
190
169
158
177
182
135
92
102
152
176
160
132
90
83
111
142
125
90
93
107
114
93
70
47
40
52
61
32
7
9
9
-9
-33
-39
-37
-31
-32
-44
-68
-72
-47
-20
-30
-46
-47
-41
-22
-12
-19
-29
-31
-19
-7
-13
-15
-7
7
13
3
-4
-7
4
24
22
9
3
8
19
24
17
14
13
19
25
21
9
6
10
8
-2
-13
-9
-2
-1
-6
-26
-42
-38
-34
-38
-60
-79
-92
-98
-105
-112
-131
-147
-151
-146
-150
-165
-176
-180
-179
-185
-194
-204
-206
-200
-193
-193
-200
-205
-201
-194
-197
-183
-134
-55
-11
-39
-85
-79
-5
87
132
118
88
99
155
187
165
138
157
184
199
200
178
161
161
169
157
110
92
117
146
158
144
114
82
79
105
113
88
72
85
92
86
72
45
25
25
43
47
29
10
4
1
-21
-24
-29
-32
-34
-46
-51
-62
-55
-34
-25
-37
-51
-54
-40
-24
-22
-32
-45
-44
-29
-14
-23
-20
-5
-4
-8
-6
-15
-16
-10
0
4
-8
-6
2
9
6
8
4
1
7
11
5
-3
-8
-12
-15
-22
-23
-26
-23
-23
-32
-41
-53
-55
-58
-63
-77
-91
-101
-104
-107
-116
-133
-149
-151
-148
-154
-163
-166
-175
-180
-187
-194
-198
-200
-192
-182
-190
-203
-202
-200
-187
-154
-88
-37
-40
-82
-88
-35
45
99
107
81
82
123
160
156
132
137
160
173
193
182
166
160
164
161
123
104
114
139
142
140
125
98
91
101
114
94
73
84
99
86
69
57
40
32
38
45
34
23
18
2
-7
-20
-16
-20
-33
-34
-41
-50
-48
-32
-30
-36
-47
-48
-38
-29
-24
-26
-32
-32
-22
-13
-13
-13
-3
1
1
0
-4
-1
3
4
-2
-7
-7
2
7
6
5
2
0
3
8
7
8
1
3
-9
-21
-20
-21
-22
-32
-30
-39
-46
-53
-57
-62
-78
-84
-87
-89
-96
-99
-112
-126
-136
-134
-128
-135
-136
-146
-158
-156
-160
-167
-170
-175
-170
-168
-173
-175
-181
-168
-123
-61
-23
-43
-79
-68
-1
70
106
95
82
97
135
153
139
131
147
176
177
176
167
156
159
164
144
104
93
118
139
137
119
99
84
90
109
102
81
72
85
90
82
70
48
34
42
49
43
28
19
21
12
-2
-12
-15
-14
-19
-23
-34
-45
-32
-24
-27
-39
-46
-44
-30
-24
-29
-41
-51
-38
-29
-27
-30
-25
-20
-19
-14
-18
-21
-18
-11
-8
-11
-19
-20
-9
-1
2
3
-1
-3
0
-1
-7
-10
-10
-17
-23
-33
-38
-39
-41
-46
-49
-60
-68
-68
-74
-79
-91
-94
-106
-111
-115
-116
-120
-129
-130
-137
-139
-131
-129
-134
-147
-157
-157
-156
-153
-160
-166
-169
-175
-168
-159
-138
-90
-41
-37
-60
-74
-40
23
77
100
84
78
102
140
143
127
121
146
164
172
174
161
150
153
152
121
97
104
124
138
131
115
95
80
89
105
96
81
84
91
89
72
63
48
47
54
55
47
37
30
23
16
10
5
4
1
3
-3
-13
-22
-10
2
-2
-11
-19
-16
-16
-14
-14
-19
-21
-19
-11
-17
-16
-8
-3
-5
-11
-12
-12
-11
0
-2
-10
-15
-11
-4
-9
-10
-7
-1
-5
-8
-9
-9
-13
-11
-17
-24
-33
-42
-40
-45
-51
-56
-64
-68
-75
-80
-85
-93
-92
-93
-105
-110
-117
-120
-114
-114
-115
-120
-127
-127
-125
-128
-135
-140
-140
-135
-136
-139
-143
-151
-142
-109
-67
-29
-28
-48
-51
-22
35
76
89
87
86
109
131
133
126
124
140
155
154
154
148
146
143
135
113
96
104
119
132
122
110
94
85
93
96
87
79
77
80
74
62
55
42
33
31
34
31
20
13
8
-4
-5
-2
-7
-9
-11
-15
-19
-22
-12
1
-7
-16
-16
-21
-19
-17
-20
-28
-31
-20
-16
-16
-17
-10
-12
-7
-5
-4
-5
-1
4
-3
-3
-3
4
5
5
4
1
3
2
1
-5
-3
-3
-4
-12
-18
-22
-26
-32
-38
-40
-46
-49
-52
-61
-69
-80
-83
-93
-92
-100
-108
-109
-110
-115
-115
-117
-117
-113
-116
-121
-117
-117
-119
-115
-119
-120
-121
-122
-119
-114
-110
-96
-68
-39
-19
-19
-26
-15
19
57
83
91
87
96
107
118
122
118
125
138
143
141
133
128
121
120
117
102
94
98
110
103
97
85
72
70
73
75
64
60
60
59
51
45
37
25
28
38
35
26
19
20
17
9
2
-7
-6
-1
-2
-11
-21
-18
-13
-15
-17
-29
-25
-20
-18
-25
-34
-32
-27
-25
-23
-20
-24
-20
-18
-14
-19
-18
-14
-15
-14
-15
-13
-10
-8
-10
-10
-12
-7
-5
-5
-7
-12
-12
-15
-27
-34
-37
-37
-45
-44
-49
-57
-61
-58
-64
-68
-71
-77
-77
-82
-84
-90
-89
-88
-82
-86
-85
-85
-89
-86
-81
-88
-91
-92
-90
-82
-86
-87
-89
-87
-84
-77
-66
-44
-34
-17
-1
3
15
32
50
66
79
93
100
104
118
120
115
113
122
133
134
133
128
122
115
117
114
107
106
113
112
104
100
93
83
83
79
79
73
70
68
65
63
60
49
45
50
52
50
38
28
27
27
25
13
4
7
5
7
3
-3
-2
-3
-2
-7
-17
-13
-10
-11
-14
-19
-21
-18
-17
-14
-20
-20
-18
-14
-14
-15
-18
-20
-14
-15
-13
-16
-15
-14
-8
-7
-15
-14
-15
-12
-12
-13
-21
-22
-21
-26
-28
-33
-31
-34
-37
-39
-45
-48
-51
-56
-58
-67
-68
-67
-67
-68
-63
-66
-61
-59
-55
-53
-55
-48
-49
-46
-48
-52
-45
-42
-38
-36
-39
-36
-38
-37
-31
-25
-10
5
8
18
19
29
42
56
71
71
75
85
90
90
92
100
102
108
109
105
109
107
108
105
95
98
99
94
97
96
93
86
85
87
79
80
81
80
75
72
69
70
68
63
55
50
41
46
47
40
30
28
28
22
23
20
17
13
6
3
4
-2
-2
-2
-8
-13
-18
-18
-18
-19
-24
-26
-28
-30
-28
-26
-30
-33
-36
-33
-32
-30
-25
-24
-24
-27
-27
-24
-22
-25
-25
-29
-30
-30
-30
-28
-31
-32
-31
-34
-34
-35
-32
-35
-41
-43
-44
-42
-37
-41
-40
-38
-38
-34
-35
-35
-38
-37
-29
-28
-21
-25
-30
-27
-27
-33
-31
-29
-29
-27
-29
-32
-34
-27
-26
-24
-29
-35
-33
-29
-19
-13
-5
-3
5
5
16
23
30
34
41
48
46
51
53
61
65
67
74
82
84
87
92
93
92
91
93
95
97
98
95
96
100
98
98
94
89
93
91
90
93
90
87
86
86
84
84
83
80
73
68
60
54
51
48
47
37
31
24
19
13
9
2
3
-2
-3
-6
-12
-12
-19
-21
-25
-27
-29
-26
-27
-29
-33
-36
-35
-36
-33
-31
-30
-28
-30
-35
-31
-32
-35
-34
-34
-32
-32
-32
-35
-34
-35
-35
-32
-30
-27
-29
-28
-24
-21
-20
-19
-17
-16
-12
-11
-15
-14
-8
-10
-7
-6
-13
-15
-11
-8
-5
-8
-11
-16
-14
-15
-13
-17
-27
-30
-38
-36
-41
-44
-36
-38
-36
-38
-45
-42
-34
-26
-21
-21
-19
-11
-7
-2
2
5
6
15
22
26
30
35
42
45
46
52
54
57
59
62
66
64
70
69
73
71
73
73
72
74
75
71
65
71
69
71
73
74
68
59
64
56
52
47
41
38
27
24
23
19
11
7
-2
-7
-12
-13
-21
-26
-27
-32
-34
-39
-39
-37
-40
-38
-38
-44
-45
-44
-44
-43
-37
-36
-41
-40
-41
-37
-37
-35
-36
-31
-35
-41
-31
-27
-27
-27
-28
-24
-22
-22
-18
-21
-19
-23
-20
-13
-18
-15
-18
-14
-14
-13
-9
-10
-5
-1
4
12
14
11
14
15
14
12
12
12
11
9
6
-2
-3
-1
-8
-12
-14
-17
-18
-20
-21
-20
-31
-28
-27
-27
-21
-15
-17
-20
-18
-14
-11
-9
1
-4
0
6
15
16
15
22
19
26
25
32
36
41
45
42
47
51
51
54
59
58
58
63
67
68
65
69
69
64
69
63
62
63
59
58
55
53
51
49
41
41
33
29
26
14
14
7
3
0
-5
-10
-13
-21
-23
-28
-31
-30
-34
-35
-38
-37
-38
-39
-41
-41
-42
-41
-42
-47
-42
-43
-44
-43
-40
-35
-35
-33
-34
-32
-28
-23
-25
-24
-17
-15
-11
-11
-7
-3
-4
-1
-3
-4
-1
2
9
7
4
6
6
8
4
5
10
12
9
9
8
7
10
8
8
9
5
3
0
3
1
-2
-7
-11
-15
-19
-20
-21
-21
-24
-27
-27
-20
-24
-25
-25
-19
-13
-11
-14
-16
-12
-12
-5
-3
0
3
2
5
9
11
13
20
26
27
28
28
28
34
37
38
41
41
43
48
46
46
47
45
42
50
55
50
52
45
45
44
40
40
36
34
30
24
18
11
13
10
9
8
1
3
-3
-6
-17
-17
-20
-19
-15
-17
-18
-24
-19
-26
-23
-28
-25
-23
-26
-21
-22
-26
-30
-27
-26
-27
-21
-13
-18
-14
-20
-22
-15
-16
-12
-11
-14
-16
-11
-7
-6
-5
-10
-3
-5
-5
0
0
1
-2
-1
-1
6
5
5
8
9
9
5
4
-1
1
-5
-6
-5
-9
-6
-10
-9
-10
-12
-11
-12
-9
-7
-11
-8
-11
-9
-9
-7
-9
-9
-3
-7
-3
1
3
8
8
6
8
11
13
17
19
16
18
16
13
15
12
15
20
19
21
22
18
20
21
23
21
19
24
26
27
24
23
24
22
25
29
30
34
29
29
26
28
24
21
20
15
17
15
14
11
10
12
6
7
3
-3
-2
-4
-1
-5
-7
-1
-2
0
-3
-13
-13
-9
-11
-10
-12
-8
-7
-9
-10
-12
-10
-8
-7
-6
-11
-16
-13
-10
-7
-13
-8
-8
-7
-8
-10
-10
-14
-8
-7
-9
-9
-4
-4
-3
-2
-9
-4
-2
-2
1
-1
-5
-6
-5
-7
-8
-9
-6
-8
-8
-7
-8
-14
-13
-17
-19
-19
-19
-18
-20
-20
-26
-25
-25
-24
-24
-25
-26
-26
-26
-24
-24
-26
-24
-18
-21
-22
-22
-20
-16
-14
-10
-14
-13
-10
-5
-4
-1
-1
-1
-1
-2
3
4
4
7
8
9
9
13
13
11
17
12
11
20
18
21
27
26
24
21
23
24
22
24
20
21
18
17
17
12
13
10
12
14
6
11
11
8
6
6
8
4
5
-1
0
0
1
0
2
0
0
0
-2
1
-3
-4
-5
-3
-4
-3
0
2
0
3
5
4
4
9
10
8
3
4
7
3
5
7
4
3
3
1
2
-1
1
0
0
1
3
1
0
1
1
3
0
1
-1
-5
-4
-10
-9
-8
-11
-13
-16
-16
-17
-20
-20
-19
-21
-22
-27
-23
-23
-26
-22
-23
-25
-23
-28
-25
-23
-26
-22
-26
-25
-22
-24
-20
-20
-20
-17
-13
-12
-12
-10
-7
-8
-9
-7
-1
-2
-5
-5
-2
-5
-5
-2
-3
-3
-4
-5
-8
-7
-4
-7
-10
-4
-9
-14
-11
-14
-12
-12
-16
-15
-14
-16
-13
-12
-13
-14
-16
-14
-17
-15
-11
-12
-3
-6
-8
-13
-8
-8
-6
-6
-5
-4
-2
0
2
4
3
1
-2
2
-1
3
0
-2
-2
-7
-5
-1
-7
-6
-8
-6
-5
-2
-1
0
3
3
2
3
4
6
10
9
13
14
10
8
10
15
14
15
16
15
17
14
17
11
9
10
9
9
0
2
2
3
5
1
-1
-5
-5
-5
-3
-2
-8
-2
-8
-17
-11
-11
-10
-16
-18
-21
-22
-22
-15
-21
-17
-16
-17
-15
-19
-17
-24
-19
-19
-15
-10
-15
-13
-12
-15
-11
-10
-9
-6
-10
-8
-9
-9
-6
-10
-11
-6
-4
-3
-1
-5
1
-3
-2
-4
-2
-4
-10
-7
-14
-13
-16
-17
-21
-20
-17
-21
-24
-18
-16
-19
-19
-16
-13
-14
-14
-17
-20
-20
-17
-21
-20
-23
-21
-20
-23
-19
-19
-16
-9
-12
-15
-8
-7
-9
-10
-7
-9
-9
-10
-6
-6
-2
-5
-2
3
3
3
4
8
9
12
13
17
20
19
20
18
26
26
25
24
21
21
22
22
19
19
21
20
16
18
16
12
11
11
14
12
9
8
14
15
7
8
7
3
6
5
6
1
6
5
3
-2
-1
6
5
2
2
4
4
8
9
10
7
8
12
13
11
16
16
16
15
17
16
14
8
12
17
10
13
13
17
15
13
17
12
8
3
7
6
5
4
-2
-5
-6
-3
-4
-5
-7
-9
-15
-15
-17
-19
-19
-22
-23
-24
-24
-25
-19
-19
-20
-21
-20
-18
-19
-19
-19
-17
-19
-19
-17
-16
-12
-18
-16
-17
-19
-18
-20
-14
-14
-17
-13
-15
-13
-10
-12
-13
-16
-11
-10
-10
-8
-7
-12
-9
-7
-5
-1
-6
-3
-7
-7
-7
-6
-4
-5
-3
0
-3
-5
-3
-5
-2
0
1
0
1
4
2
2
4
-2
-1
4
5
8
4
-1
-2
0
-4
-5
-2
-5
-5
-2
-6
-3
-4
-4
-4
-2
6
-1
5
5
6
9
10
12
8
12
14
13
16
17
13
17
23
22
15
20
18
18
20
15
19
15
18
19
16
15
16
16
17
15
14
17
18
15
10
13
9
9
5
6
9
7
8
9
5
4
4
3
4
2
0
-3
-2
3
-1
-5
-5
-6
-5
-3
-8
-8
-6
-7
-6
-8
-8
-7
-9
-6
-11
-13
-11
-15
-15
-14
-13
-17
-19
-12
-10
-9
-10
-7
-13
-14
-14
-14
-10
-12
-10
-13
-14
-11
-6
-7
-9
-7
-4
-4
-5
-5
-3
-3
-8
-6
-9
-8
-7
-11
-9
-6
-6
-6
-11
-11
-8
-9
-7
-12
-8
-13
-9
-9
-14
-9
-14
-11
-9
-13
-9
-4
-3
-6
-3
-6
-4
-6
-4
0
-2
0
4
1
4
5
4
11
13
11
15
13
14
11
13
16
11
10
9
13
10
13
11
10
15
10
9
10
6
12
11
13
16
11
6
7
5
8
3
2
3
2
5
3
9
11
10
9
13
16
14
13
12
15
14
17
19
22
23
18
18
17
16
19
17
21
19
18
18
14
13
14
16
14
14
15
14
13
12
12
10
11
14
10
10
12
9
6
5
3
7
6
6
5
4
2
-4
-9
-12
-10
-9
-9
-11
-12
-11
-10
-13
-12
-17
-15
-15
-19
-20
-21
-21
-26
-19
-23
-23
-19
-18
-17
-19
-20
-18
-17
-15
-14
-10
-9
-11
-11
-10
-11
-12
-11
-10
-8
-9
-5
-9
-9
-8
-5
-5
-9
-8
-10
-10
-6
-5
-9
-8
0
-5
-5
0
1
1
3
2
0
2
-3
1
-1
-2
-2
-6
-3
-7
-11
-11
-7
-8
-11
-10
-13
-12
-11
-12
-11
-11
-11
-10
-9
-6
-4
-3
-4
-2
-4
-6
-4
-3
-1
-2
-3
1
2
2
3
7
7
8
18
14
13
16
16
18
17
16
18
17
19
21
23
22
20
22
22
26
24
24
22
24
31
26
27
25
25
28
27
26
25
21
20
22
20
21
22
21
21
21
23
21
15
17
18
12
11
12
13
11
12
8
7
4
1
8
7
5
2
0
4
5
6
2
3
4
4
-3
-3
-3
-2
-4
-10
-6
-6
-7
-2
-7
-4
-5
-7
-5
-3
-3
-4
-5
-4
-6
-2
-4
-4
-10
-7
-6
-6
-6
-8
-5
-6
-2
-6
0
-4
-6
-4
-6
-8
-7
-8
-7
-5
-9
-12
-7
-8
-6
-9
-9
-7
-13
-11
-10
-8
-9
-7
-9
-10
-10
-12
-9
-11
-12
-9
-9
-13
-12
-8
-9
-9
-9
-6
-5
-4
0
-2
2
5
3
4
4
2
2
2
4
6
10
10
10
15
20
20
21
15
19
17
17
15
20
19
17
16
13
23
23
24
25
25
26
21
24
25
22
21
19
18
17
16
16
15
12
12
12
7
11
12
11
18
15
11
10
13
18
17
18
14
13
14
12
17
18
14
13
13
15
12
14
16
15
17
15
12
18
17
15
17
17
16
14
14
13
11
10
8
3
2
-1
-5
-4
-1
-2
-6
-8
-10
-14
-17
-15
-18
-18
-20
-18
-21
-19
-17
-19
-19
-19
-19
-17
-17
-19
-21
-15
-16
-15
-14
-16
-15
-14
-16
-18
-19
-16
-19
-20
-17
-17
-14
-16
-10
-9
-9
-10
-7
-5
-4
-5
-2
0
-3
3
4
1
0
4
6
4
9
4
6
5
5
10
4
5
6
4
8
3
5
8
10
6
7
8
7
11
10
12
10
14
11
11
15
17
19
13
14
13
15
14
18
18
16
19
17
22
21
23
24
21
21
20
16
