-18
-16
-18
-16
-13
-14
-10
-16
-13
-15
-12
-10
-17
-10
-11
-16
-18
-17
-19
-15
-12
-17
-16
-18
-17
-14
-15
-16
-12
-9
-13
-13
-16
-17
-11
-12
-14
-16
-13
-13
-13
-16
-16
-12
-11
-13
-14
-12
-13
-12
-11
-6
-8
-12
-8
-9
-10
-11
-11
-13
-12
-13
-15
-11
-13
-9
-8
-8
-2
0
-1
1
4
2
0
4
3
-2
0
-3
-3
-6
-3
-8
-9
-7
-9
-11
-14
-10
-11
-16
-11
-2
-7
-8
-9
-10
-9
-12
-13
-15
-17
-19
-24
-22
-19
-23
-22
-21
-16
-19
-14
-13
-12
-9
-15
-16
-18
-14
-23
-22
-25
-29
-26
-31
-32
-31
-33
-30
-30
-29
-19
-22
-21
-22
-26
-23
-20
-20
-23
-18
-24
-22
-29
-31
-27
-28
-29
-32
-31
-27
-29
-27
-20
-21
-20
-17
-13
-15
-16
-15
-15
-14
-19
-21
-21
-21
-21
-22
-24
-22
-16
-14
-14
-10
-8
-6
-5
-5
-5
-8
-4
-9
-6
-6
-6
-5
-9
-7
-4
-6
-2
2
0
-1
4
0
-7
-7
-3
-5
-6
-6
-9
-12
-6
-10
-12
-5
-10
-6
-6
-4
-5
-4
-5
-3
-2
-5
0
-3
-2
-9
-13
-12
-14
-8
-12
-11
-6
-10
-7
-8
-5
-3
-1
0
-4
-6
-8
-6
-5
-6
-2
0
-3
-1
-5
0
1
-2
-3
3
1
3
8
1
3
6
4
5
1
-1
-4
1
-2
-5
-2
-4
-4
-4
-8
-5
-8
-8
-4
-8
-6
-4
-3
-8
-7
-7
-10
-10
-11
-14
-15
-17
-15
-16
-16
-19
-18
-13
-16
-17
-16
-13
-20
-20
-19
-20
-22
-22
-24
-19
-18
-20
-19
-21
-21
-15
-12
-16
-16
-15
-16
-17
-14
-19
-19
-19
-22
-23
-20
-21
-20
-15
-18
-16
-13
-15
-12
-9
-6
-5
-3
-6
-9
-7
-7
-6
-7
-5
-8
-7
-11
-15
-12
-13
-16
-16
-17
-16
-16
-11
-10
-12
-10
-9
-8
-11
-8
-10
-10
-5
-6
-4
-4
-3
-4
-5
1
2
-2
2
1
-2
1
-1
-2
0
0
0
-1
0
-3
-1
-8
-8
-3
-4
-4
-4
-4
-2
0
1
1
2
4
2
4
7
7
8
7
2
3
1
-5
-3
-6
-7
-5
-10
-10
-8
-5
-5
-9
-7
-8
-7
-4
-6
-9
-3
-6
-5
-6
-7
-6
-3
-3
-5
-1
2
0
4
5
7
8
5
6
1
2
1
0
-6
-8
-7
-9
-9
-16
-11
-14
-12
-14
-7
-6
-8
-8
-10
-8
-9
-8
-10
-10
-13
-12
-15
-23
-26
-26
-27
-25
-23
-24
-22
-20
-22
-23
-20
-21
-19
-18
-18
-18
-21
-14
-15
-17
-14
-10
-9
-6
-6
-7
-5
-1
1
-2
-4
-6
-9
-7
-12
-13
-10
-13
-19
-18
-15
-16
-15
-17
-17
-12
-12
-19
-17
-15
-13
-14
-12
-10
-7
-5
-3
-1
-1
0
-6
-5
-2
-5
-5
-4
-8
-3
-1
-6
-6
-8
-10
-6
-4
-8
-4
-8
-5
-2
-3
-5
-7
-5
-5
-1
-1
-1
1
0
4
7
1
2
4
1
4
6
3
7
4
2
5
2
2
1
-3
-3
0
2
4
4
6
3
6
5
5
4
8
7
5
9
8
5
4
5
2
4
2
4
3
0
-1
-1
-4
-9
-7
-11
-8
-12
-12
-4
-6
-6
-2
-1
0
-3
0
1
1
0
2
1
-1
-1
3
-1
-1
1
1
-3
-2
-2
-8
-9
-4
-5
-6
-3
-4
-2
-2
-2
2
1
-1
0
3
5
3
7
5
6
10
6
2
-1
-1
-2
0
1
-5
0
0
-3
-2
0
0
2
1
-2
-1
2
5
4
3
2
1
3
4
3
3
2
3
3
2
9
4
5
5
6
5
5
6
6
4
-2
0
-3
-1
0
-1
2
3
6
6
7
0
5
4
4
11
7
5
5
7
5
2
4
5
5
1
-3
-1
-2
-1
-3
-1
-1
3
10
8
3
6
9
9
5
7
5
4
2
8
7
2
0
-2
-1
1
0
-4
-1
-1
1
0
0
0
1
0
3
3
-4
2
5
6
5
5
8
4
6
7
7
11
12
10
8
10
4
3
2
-3
-1
-2
-2
2
1
-1
3
4
5
7
7
6
5
6
8
4
6
4
3
4
6
1
1
6
3
2
3
0
0
-2
-1
1
3
0
-3
-5
-1
2
-3
2
1
0
4
4
2
-1
3
5
0
-4
2
3
5
1
1
6
0
1
3
3
-1
1
2
2
1
0
-1
4
5
3
8
6
5
7
11
10
11
10
11
10
9
8
7
8
5
8
6
8
7
6
7
4
8
4
9
4
6
10
5
8
9
8
5
6
4
6
2
4
7
13
9
10
6
1
5
0
3
4
4
7
8
6
8
11
10
11
11
13
12
12
11
11
11
11
12
10
8
11
9
9
12
10
12
12
7
8
6
6
5
4
5
7
3
8
9
8
9
9
10
3
8
4
6
5
6
5
3
3
4
6
4
3
2
5
8
3
6
7
5
9
10
13
15
13
12
16
15
13
11
11
11
7
10
9
10
3
-3
2
6
5
7
5
11
12
8
11
4
6
6
8
9
4
-1
4
1
0
-3
-5
-5
-8
-4
-2
0
0
1
-2
-5
-3
-3
0
0
-2
-2
3
0
0
0
-1
-2
-4
-1
-2
-4
-2
-2
-2
4
0
5
6
8
9
5
4
10
12
12
9
11
13
8
10
8
9
11
8
6
5
2
3
-3
-3
0
1
-4
-3
-1
2
2
-6
-2
-3
-2
-5
1
1
-7
-2
-2
-3
-4
2
-1
3
6
7
7
11
8
10
11
12
13
9
17
16
16
12
15
14
9
14
12
12
14
14
14
10
7
12
8
17
15
12
11
14
15
11
11
14
16
11
12
13
13
12
14
8
11
7
8
7
5
7
4
4
4
4
0
-1
0
3
4
5
2
2
3
1
2
3
5
5
4
3
5
7
7
8
7
6
5
4
-1
2
2
3
1
-2
-2
-4
-6
-2
-5
-4
0
-1
1
1
10
8
6
8
10
11
11
8
10
10
5
7
10
10
3
2
1
2
2
2
1
4
1
4
2
4
4
5
4
5
7
5
7
4
7
3
9
9
3
7
5
8
11
8
7
4
4
7
6
7
2
4
7
4
7
4
4
3
3
4
5
8
11
10
9
10
12
10
8
9
11
10
10
12
8
5
6
0
3
6
2
4
5
5
3
5
1
4
6
2
1
1
3
3
1
-2
-2
0
6
1
1
2
0
3
3
4
6
5
3
-2
2
0
-4
-4
-6
-2
-3
-11
-10
-6
-6
-3
-2
0
5
5
0
4
7
5
2
3
1
-3
-3
2
0
-3
1
-6
-7
-5
-8
-8
-11
-6
-10
-9
-8
-12
-9
-11
-10
-11
-11
-16
-14
-15
-15
-13
-13
-16
-11
-12
-13
-14
-11
-10
-14
-15
-13
-13
-16
-17
-13
-14
-17
-16
-15
-17
-13
-10
-10
-5
-5
-5
-3
-4
1
-3
-5
-1
-1
-1
3
7
5
8
3
8
9
6
5
3
7
4
3
4
1
7
8
7
8
8
10
9
8
12
11
11
10
7
10
9
7
8
11
12
10
8
12
9
9
10
10
8
9
7
4
4
-1
3
1
3
1
1
2
1
4
1
4
5
4
1
5
6
5
6
7
9
7
8
8
7
10
6
6
7
6
9
3
8
6
7
7
9
11
11
9
6
6
6
8
6
2
-1
-2
-3
-8
-5
-5
-6
-8
-8
-1
-3
-1
-4
-4
-5
-2
2
-1
-2
-3
-6
-3
-5
-10
-11
-14
-12
-11
-8
-9
-10
-8
-7
-4
-3
-2
-4
-7
-6
-3
-1
-6
-8
-5
-4
-3
-4
-3
-6
-5
-5
-2
1
0
1
-5
-5
1
0
-1
1
1
-1
-3
-5
-4
-6
-1
-1
-1
-3
-3
-2
-5
-2
-1
2
2
3
2
0
3
6
8
10
6
7
6
8
8
5
9
9
4
8
5
4
2
3
3
4
4
5
2
5
8
8
7
10
9
15
15
12
9
5
9
7
11
7
5
9
9
3
2
4
7
4
-2
4
3
1
6
1
2
-1
-1
3
7
2
5
6
2
4
2
-1
-1
-1
0
-2
-1
-4
-2
1
-2
-2
-3
-2
0
0
1
2
-2
-2
-1
0
0
1
0
0
2
3
2
1
2
3
2
4
2
8
7
7
11
2
8
8
7
12
15
9
13
13
13
11
9
14
14
11
9
11
10
4
7
1
0
6
6
6
6
8
8
12
7
10
9
11
14
13
14
8
10
12
8
5
3
6
6
1
-1
-4
-4
0
0
-4
-3
1
3
6
2
2
5
6
5
6
5
4
7
7
9
11
13
10
10
8
7
9
7
13
14
11
9
12
14
11
12
13
13
10
16
14
8
2
10
8
4
4
4
2
5
7
8
8
4
7
9
10
5
10
6
-1
2
4
2
-3
-1
3
0
-1
7
8
0
2
4
3
5
2
7
3
0
5
6
3
3
9
7
5
4
8
3
4
8
8
6
10
12
12
13
12
14
13
12
12
13
9
11
6
10
9
9
13
10
13
7
12
8
2
2
2
0
2
4
2
3
1
-2
-4
-3
-1
0
-1
3
4
0
2
7
-1
-3
3
6
6
2
3
6
4
2
4
2
0
6
8
4
7
8
8
4
1
7
2
4
4
2
-6
-7
-3
-2
-7
-6
-2
-2
0
1
7
2
4
8
8
7
8
3
6
1
4
-2
-5
-5
-7
-8
-12
-4
-6
-9
-1
3
-3
-4
10
2
-4
8
12
2
7
12
6
1
5
6
1
-5
-3
-2
-6
-3
0
2
-2
-4
8
9
4
9
19
16
14
26
23
18
17
18
21
17
14
17
26
19
22
28
20
16
25
29
15
17
21
17
9
16
8
13
14
7
6
5
13
6
5
3
16
14
3
16
24
2
2
20
10
2
3
9
0
-3
4
-2
-5
-3
4
4
-10
1
8
4
-16
8
18
-4
-10
18
14
-13
1
19
10
-8
7
15
-4
-5
14
13
-1
13
24
6
10
23
22
8
4
24
15
-6
20
19
-2
-15
22
-2
-28
1
4
-23
-13
10
-6
2
9
-7
0
16
-11
-18
8
-1
-20
-5
-2
4
-8
-2
7
0
0
2
6
4
6
4
2
19
4
-5
-1
18
-6
-14
6
-6
-12
-6
-12
-2
5
-12
4
19
3
-4
22
17
-1
9
12
12
6
14
0
10
5
-7
-4
11
-4
-21
5
6
-13
-8
17
6
8
2
13
-1
9
8
-1
4
8
7
-18
10
8
-10
-2
8
3
-3
4
2
4
5
14
2
-6
25
16
-22
20
13
-19
-6
11
-12
-24
3
12
-14
-12
10
7
-14
-1
22
-8
-12
23
4
-20
4
6
-25
-12
18
-28
-30
25
-7
-33
1
19
-17
-6
16
4
-8
10
15
-2
8
17
2
4
5
11
15
2
5
23
9
-1
21
26
-3
5
44
11
-5
20
35
-3
6
34
7
1
12
19
0
-1
18
9
4
18
14
23
20
11
21
21
22
8
27
18
5
19
24
17
2
14
23
1
5
13
8
-4
2
21
12
-13
14
32
-3
11
35
14
-14
44
21
-8
16
36
7
0
33
17
15
-11
36
18
9
7
34
17
11
10
19
9
-7
-12
11
13
-31
-2
13
0
-32
18
-14
6
-16
-3
3
16
2
-6
20
26
-17
10
25
5
-13
6
17
-16
-4
0
7
-33
10
5
-8
-10
22
0
-2
12
17
6
15
7
12
10
-5
3
12
19
-28
7
33
-16
-22
22
13
-20
-9
22
23
-19
-1
37
8
-25
20
18
2
-4
6
11
-2
-8
12
5
-17
7
18
6
5
16
20
21
1
30
19
16
2
38
13
0
7
29
15
-6
26
22
17
3
27
31
24
8
48
36
21
15
32
37
0
-7
34
19
-34
21
29
-19
5
24
7
-14
29
20
-8
12
34
11
-23
24
41
-9
-21
33
15
-27
-30
32
10
-58
19
17
3
-10
14
34
3
18
27
18
9
57
10
-2
28
35
-2
-16
20
33
-20
-19
20
28
-22
-16
25
28
-3
-20
39
15
-2
-4
9
8
-5
-10
-9
6
-6
-12
-11
17
13
-14
-13
32
6
-14
-13
29
6
-45
23
-9
-21
1
-10
-27
-11
2
-31
-33
20
-1
-41
-16
51
-2
-35
31
37
-9
-8
32
9
0
0
6
-5
-2
-7
-12
-3
-5
-4
-18
9
-2
13
-10
21
22
24
-9
10
51
-2
-6
12
32
-20
-13
15
23
-25
-4
8
11
-18
-9
30
-8
-2
0
29
-10
21
-22
22
15
6
-2
17
15
-5
20
1
21
7
19
12
11
15
43
-6
26
31
28
5
42
13
7
29
7
8
7
35
-7
7
31
25
-38
36
42
-4
-5
34
24
-13
10
11
31
-5
-18
18
36
-14
-22
34
35
-25
-4
37
27
-11
-4
44
29
-22
19
29
2
-16
-3
10
-8
-28
-13
13
-14
-44
14
9
-29
-13
26
7
-16
13
24
21
2
6
18
24
-28
-15
50
-16
-49
29
34
-44
-18
23
20
-53
2
38
-18
-10
22
5
12
3
17
17
0
0
24
-7
-15
41
-7
-4
25
19
-2
27
10
15
24
2
13
10
14
2
5
-3
13
-1
9
-7
12
5
-11
4
8
12
-21
27
20
-3
21
10
17
26
0
-7
39
33
-37
31
39
-15
-19
17
17
-8
-2
-4
40
6
-36
32
43
-11
-21
60
29
-20
20
49
0
-16
33
27
-16
1
32
1
-5
12
16
14
2
7
17
17
2
-12
39
-6
-25
13
17
-14
-6
10
-1
8
-11
5
11
-3
4
-24
44
-5
-31
29
31
-16
-14
37
19
-27
4
29
-10
-13
1
19
1
-22
1
23
0
-35
-2
41
-16
-43
37
26
-45
6
47
4
-23
7
24
-12
3
-22
30
5
-51
5
46
-40
-28
34
14
-33
-32
53
-12
-49
0
33
-31
-37
14
12
-29
-46
27
18
-49
-19
37
4
-50
8
56
-18
-42
36
37
-33
-13
19
18
-27
-19
48
7
-38
15
39
-17
-7
6
42
-30
-14
26
9
-34
-7
53
-17
-46
44
28
-67
16
32
-17
-24
27
30
-33
-3
43
0
-28
34
11
-15
-7
13
12
-19
16
16
-4
-11
34
10
-22
4
45
-33
-19
51
-5
-23
19
38
-20
3
34
17
-12
20
10
16
-16
11
25
-17
4
33
16
-16
35
25
0
-8
39
7
-11
3
39
-10
2
26
27
5
-2
48
24
-3
14
64
-22
19
45
14
-8
30
16
4
2
33
-6
-3
28
-12
-8
19
24
-16
10
28
21
-17
26
14
17
-11
25
4
-4
15
13
-11
3
15
-13
19
-4
10
-2
9
-4
27
-17
19
24
-5
2
27
18
-35
26
21
-15
-7
22
6
-1
1
24
18
-12
27
21
-2
-5
24
16
-23
3
22
-14
-2
-9
1
-5
-12
-20
18
-2
-39
17
-4
-20
-1
20
-8
-4
19
-10
12
8
-22
32
6
-25
-4
36
-25
-24
16
9
-42
11
5
-20
-11
19
-9
-14
26
-17
-20
22
-14
-35
7
-5
-28
-15
7
-20
-24
-6
12
-23
0
-5
13
-6
-2
-8
21
-10
-6
10
32
-42
13
24
-23
-2
3
12
-30
12
19
13
-23
37
34
-4
4
52
-1
7
22
17
-19
7
9
-23
12
-7
4
6
-9
13
17
5
3
15
14
-2
9
24
9
-4
7
23
7
-35
26
10
-32
-4
12
-1
-20
1
9
10
1
13
17
29
-14
23
36
9
-13
53
-13
-3
26
16
-39
10
26
-15
-40
41
-5
-7
3
30
-10
13
-3
46
-10
-10
20
18
-24
-2
9
9
-31
-7
34
-34
-22
34
9
-44
4
40
-11
-34
17
28
-31
-29
31
5
-39
-9
24
-41
-19
-15
6
-31
18
-23
17
8
-32
32
8
-15
-2
33
3
-18
4
8
-4
-16
-26
30
-45
-29
28
-41
-19
16
-7
-22
-10
2
-6
-15
12
-8
-7
25
-13
-15
0
35
-75
1
28
-49
-35
26
-7
-46
29
11
-24
-12
54
-40
-4
18
8
-38
14
-1
-9
2
6
-13
1
-6
10
-1
-20
40
-14
13
4
33
-15
15
42
3
-8
67
-12
-14
27
17
-18
-22
50
-40
-9
19
-9
-25
16
13
-28
13
28
-2
0
30
-17
32
-14
10
18
0
-2
5
25
-36
33
-1
-2
-3
21
17
-21
17
31
-18
3
10
10
-12
-14
7
-5
-27
-11
9
-8
-29
20
29
-26
1
32
6
-23
27
20
3
5
25
27
-14
11
27
10
-42
19
-6
-19
-37
6
-3
-41
10
-6
-18
-8
23
-29
12
20
1
-18
28
-13
-4
4
-3
-23
9
5
-18
-7
15
-8
-9
11
3
8
-18
5
33
-18
-6
28
11
-39
13
46
-47
-16
41
2
-55
42
5
-29
21
38
-28
13
40
-20
-8
31
2
-11
3
29
-22
-22
41
-28
-21
4
12
-57
34
-26
10
-19
8
36
-33
19
6
24
-19
46
-21
34
5
8
-4
31
-10
-27
37
-8
-37
9
35
-52
15
17
-6
-5
-5
31
-28
11
23
-29
10
8
-16
-8
0
13
-25
12
7
6
-20
30
-4
-13
14
37
-23
1
49
-11
-20
26
47
-47
6
32
13
-35
22
22
-33
21
21
-19
-8
29
8
-15
20
50
-44
7
65
-43
8
49
-21
-27
63
-22
-27
26
22
-42
21
-22
12
-4
4
-26
12
5
-43
2
-20
-7
-8
-40
23
-40
-9
-7
-9
-40
12
17
-57
1
13
-29
-19
8
16
-43
16
31
-51
13
11
-8
-37
18
-19
-18
-17
10
-32
-60
59
-14
-97
29
82
-117
-36
97
-18
-91
41
23
-35
-50
30
-35
-64
59
-64
-37
42
-8
-67
51
27
-81
57
28
-39
14
25
-10
-23
1
21
-35
29
-41
2
28
-2
-12
26
35
8
-8
48
35
-37
33
44
14
-55
95
25
-72
15
99
-58
-88
99
14
-105
61
9
-41
33
20
-32
14
84
-30
-14
54
45
-50
25
69
-7
-70
84
58
-129
27
112
-74
-64
83
30
-54
-15
75
-14
-44
46
42
-18
-14
76
-10
-20
26
54
0
-62
100
58
-102
34
136
-85
-9
111
28
-53
51
89
-19
-25
85
16
-53
64
41
-40
14
34
-15
-28
24
12
-18
16
-27
48
7
-60
55
7
-13
-15
39
15
-44
31
65
-69
15
96
-63
-60
112
27
-130
25
111
-75
-85
100
42
-133
21
111
-103
-50
114
-23
-104
62
70
-93
-30
105
-24
-42
25
49
-43
-22
43
35
9
-74
120
37
-83
79
46
-38
18
35
-5
-8
-44
26
6
-47
-58
80
-26
-87
39
41
-63
-34
67
-5
-42
37
26
-8
6
-14
58
8
-55
39
60
-33
-31
55
18
-42
13
35
6
-18
8
26
-7
22
0
0
11
10
48
-32
13
71
-23
-8
83
0
-38
69
32
-70
45
34
-42
21
11
21
16
-2
14
24
-12
-7
34
-6
-50
25
52
-54
-44
75
0
-59
46
88
-26
-15
86
66
-43
29
106
-32
-14
82
8
-76
-8
27
-73
-88
-20
-10
-77
-52
7
-6
-41
-18
65
34
-25
68
80
-18
55
107
20
3
79
27
-21
9
10
-28
-39
9
-17
-41
-15
-13
-48
-12
10
-24
-8
16
6
-15
-7
6
-2
0
1
5
-7
-8
5
-24
13
12
-3
35
-6
23
48
3
0
49
32
-1
-12
36
15
-51
2
26
-29
-47
33
1
-35
11
37
3
-23
14
15
-8
-3
16
31
-24
-6
53
-2
-6
25
21
-4
2
23
16
13
10
57
40
3
33
56
23
-2
44
49
-16
-13
50
10
-35
15
43
-1
-12
19
27
2
-3
38
35
-4
15
60
17
6
48
57
23
14
58
42
-2
18
54
20
-4
28
52
16
-16
42
56
-4
4
63
66
17
20
75
59
-5
32
75
23
-1
30
38
10
7
31
27
14
19
28
26
15
22
34
16
9
27
18
0
10
19
4
-7
-4
2
-10
-6
-25
-18
-14
-26
-38
-41
-26
-40
-65
-48
-40
-72
-85
-69
-73
-106
-108
-71
-91
-118
-96
-78
-80
-89
-60
-35
-33
-35
7
46
53
101
122
133
139
165
179
169
179
194
168
161
157
127
82
72
75
31
14
14
-19
-56
-71
-66
-88
-108
-82
-76
-98
-76
-36
-51
-51
3
27
32
63
116
122
139
166
178
190
181
192
206
175
148
140
117
79
45
30
4
-35
-41
-53
-73
-90
-87
-91
-83
-59
-50
-45
-28
-14
5
23
37
56
52
64
73
50
30
27
10
-14
-15
-24
-58
-78
-68
-77
-90
-90
-78
-86
-95
-77
-76
-84
-72
-53
-41
-38
-46
-19
-49
-55
-28
-41
-64
-72
-53
-69
-123
-137
-157
-199
-231
-223
-115
51
114
38
15
113
185
193
264
358
329
289
387
432
302
178
198
218
159
153
131
11
-129
-121
-99
-136
-172
-138
-121
-145
-98
-55
-71
-110
-65
43
107
135
150
151
135
129
186
208
160
125
131
143
81
37
40
-8
-72
-73
-40
-81
-147
-176
-170
-165
-165
-145
-125
-99
-70
-44
-15
13
24
55
121
170
177
176
196
181
162
179
185
142
122
116
78
16
-8
-48
-69
-64
-72
-64
-86
-106
-109
-88
-78
-65
-38
-8
-10
0
12
-3
-14
-11
7
6
-12
-39
-54
-86
-121
-102
-91
-121
-128
-125
-127
-128
-123
-119
-99
-80
-61
-48
-47
-53
-53
-45
-36
-30
-45
-48
-48
-57
-89
-107
-149
-190
-199
-226
-255
-201
32
212
129
3
106
293
287
284
437
470
321
307
471
427
180
91
181
178
62
24
-25
-186
-311
-255
-146
-160
-211
-183
-145
-109
-56
0
41
63
105
221
315
270
202
191
197
205
243
230
132
43
8
-7
-70
-113
-111
-160
-198
-179
-130
-169
-244
-233
-152
-92
-63
-34
-1
22
17
58
136
152
108
148
196
171
134
158
182
146
158
218
207
121
62
68
41
17
2
-14
-29
-62
-69
-73
-80
-98
-84
-38
0
21
28
19
19
40
66
73
71
50
6
-13
-38
-82
-127
-154
-165
-180
-196
-231
-259
-263
-239
-205
-187
-166
-141
-130
-135
-107
-72
-58
-59
-48
-22
-44
-71
-74
-107
-129
-147
-138
-169
-219
-245
-280
-274
-127
147
266
112
29
209
414
390
352
462
476
343
320
439
376
87
-47
81
136
-10
-149
-177
-237
-336
-295
-128
-89
-204
-227
-80
38
54
72
148
203
203
291
379
303
181
156
207
220
176
107
-19
-110
-119
-135
-180
-213
-212
-254
-274
-211
-150
-178
-225
-148
-1
67
68
97
147
161
166
215
278
249
188
190
206
181
92
27
17
-12
-55
-56
-69
-80
-72
-7
61
62
70
105
174
203
207
229
224
223
193
179
161
92
42
1
-16
-50
-112
-135
-163
-167
-172
-180
-166
-159
-157
-155
-120
-95
-107
-113
-97
-72
-50
-55
-66
-69
-58
-53
-54
-68
-80
-90
-104
-92
-91
-111
-114
-119
-150
-189
-163
-153
-177
-201
-198
-190
-209
-227
-254
-269
-293
-247
-1
329
388
106
-24
263
484
369
338
520
484
233
203
358
255
-96
-235
-28
87
-128
-334
-321
-320
-428
-363
-69
37
-150
-221
7
190
158
143
272
347
318
348
416
330
133
66
151
212
127
-21
-161
-264
-290
-268
-261
-253
-236
-265
-300
-203
-90
-122
-162
-39
162
207
156
167
207
182
165
236
307
242
108
50
79
53
-72
-143
-110
-111
-176
-182
-111
-35
-35
0
115
195
198
185
275
298
256
288
318
309
192
135
98
29
-19
-89
-110
-146
-179
-192
-197
-169
-193
-177
-129
-97
-70
-70
-44
-18
-19
-15
-13
-4
8
-13
-40
-30
-11
-38
-95
-97
-94
-135
-157
-155
-145
-163
-172
-133
-123
-198
-234
-191
-148
-147
-157
-175
-210
-231
-246
-234
-224
-171
108
431
367
-6
-16
373
464
277
329
533
424
112
116
311
191
-191
-291
2
84
-226
-418
-276
-225
-391
-321
11
100
-146
-229
44
254
188
148
273
344
270
247
316
259
96
25
94
129
20
-143
-288
-348
-295
-259
-265
-227
-207
-283
-341
-183
-1
-33
-108
43
256
229
101
145
239
187
127
211
291
168
-30
-84
-9
-21
-147
-191
-127
-143
-238
-242
-60
60
-13
40
227
312
243
247
351
338
328
342
364
277
121
28
-29
-24
-93
-174
-179
-220
-242
-265
-253
-231
-214
-138
-85
-20
-5
-33
-42
-9
36
25
20
32
5
-58
-99
-77
-60
-111
-179
-177
-157
-183
-226
-217
-150
-141
-140
-98
-80
-114
-168
-136
-78
-61
-95
-133
-165
-249
-277
-238
-254
-204
105
456
331
-74
-43
365
503
328
372
612
542
208
150
360
314
-83
-254
31
182
-148
-460
-346
-236
-388
-386
-78
88
-148
-319
-88
193
204
127
215
342
305
254
293
284
166
70
86
129
88
-87
-302
-379
-297
-243
-286
-285
-239
-311
-421
-308
-50
-23
-147
-66
172
217
81
92
219
217
132
174
291
244
16
-125
-55
18
-79
-175
-133
-119
-221
-273
-137
14
-5
44
170
237
218
212
273
301
352
357
320
276
164
73
-4
-18
-44
-117
-141
-195
-213
-233
-253
-230
-193
-111
-79
-51
-33
-51
-52
-24
26
31
14
2
-36
-102
-144
-115
-82
-102
-153
-150
-129
-155
-192
-178
-128
-109
-81
-45
-42
-60
-134
-152
-106
-62
-61
-98
-114
-172
-229
-233
-214
-222
-274
-180
168
457
301
-69
-7
389
544
419
408
543
458
193
141
306
290
-50
-273
-88
116
-81
-401
-424
-310
-324
-307
-120
11
-87
-225
-127
122
270
258
204
212
256
312
316
240
147
95
59
17
-5
-65
-236
-387
-374
-292
-257
-244
-244
-325
-377
-234
-35
-12
-79
-15
98
125
140
221
268
177
113
180
261
219
77
-24
-37
-26
-48
-87
-112
-165
-233
-137
34
60
-18
-4
98
148
196
233
233
240
238
253
238
203
105
-5
0
9
-18
-82
-161
-209
-229
-200
-191
-175
-143
-164
-169
-122
-71
-94
-129
-93
-74
-86
-76
-68
-105
-147
-138
-75
-58
-102
-149
-140
-98
-102
-105
-55
-19
-48
-93
-55
-36
-86
-139
-137
-86
-85
-130
-187
-233
-271
-314
-288
-270
-204
88
409
338
-18
-29
360
569
456
408
567
589
356
196
283
346
93
-197
-120
89
-12
-310
-416
-365
-357
-338
-204
-78
-92
-153
-106
41
176
264
298
270
251
311
403
363
219
155
166
118
18
-35
-91
-201
-295
-328
-291
-208
-187
-306
-414
-302
-111
-75
-118
-42
83
65
13
121
282
281
169
139
210
263
209
113
53
27
1
-36
-47
-71
-130
-124
-33
31
42
43
28
-23
20
138
196
175
136
160
164
135
83
51
59
20
-27
-26
-1
-36
-138
-178
-143
-89
-74
-112
-151
-163
-158
-168
-173
-139
-146
-209
-223
-162
-105
-129
-163
-132
-89
-79
-87
-80
-53
-75
-89
-64
-1
12
-55
-99
-104
-99
-98
-95
-107
-150
-200
-228
-248
-259
-275
-288
-318
-277
-46
259
323
96
-26
173
419
451
403
473
535
422
290
304
352
235
-3
-113
-49
1
-63
-173
-276
-375
-382
-270
-168
-154
-161
-111
-52
-10
73
182
228
174
149
247
348
344
256
169
125
86
60
34
7
-29
-95
-179
-189
-101
-63
-170
-262
-212
-113
-78
-70
-34
-31
-61
-52
39
126
126
81
44
59
109
157
149
88
33
23
64
83
91
141
186
171
119
136
181
164
103
81
123
149
144
98
50
1
-63
-85
-71
-52
-59
-79
-103
-120
-93
-64
-59
-70
-66
-35
-9
-16
-47
-71
-98
-119
-134
-145
-151
-157
-166
-180
-183
-159
-128
-141
-178
-173
-132
-92
-82
-87
-81
-90
-91
-93
-77
-57
-74
-103
-140
-153
-152
-160
-197
-242
-257
-268
-272
-211
-24
178
178
46
22
165
304
314
302
367
429
385
314
296
294
217
68
-29
-26
13
11
-57
-174
-263
-246
-197
-190
-201
-164
-115
-109
-94
-31
47
67
45
53
90
128
163
189
168
116
82
85
68
38
44
48
7
-46
-28
17
-5
-64
-106
-100
-88
-70
-49
-58
-80
-93
-79
-46
-29
-43
-59
-52
-32
-4
26
49
50
38
37
67
149
227
279
283
275
278
278
274
248
229
190
143
137
121
90
11
-80
-141
-176
-164
-143
-129
-149
-181
-170
-114
-66
-66
-71
-44
-11
2
23
43
34
-15
-68
-81
-74
-71
-106
-156
-169
-163
-160
-168
-183
-189
-198
-184
-152
-117
-95
-82
-67
-74
-80
-65
-34
-37
-84
-114
-94
-67
-100
-165
-201
-226
-261
-272
-208
-55
81
67
-2
14
114
208
236
240
269
311
332
318
305
302
252
156
66
41
61
59
2
-97
-145
-141
-137
-169
-198
-180
-155
-159
-154
-105
-49
-29
-37
-42
-32
-7
21
35
40
47
48
49
40
46
57
53
38
47
62
62
49
51
47
9
-39
-42
-21
-33
-70
-79
-61
-68
-106
-119
-89
-78
-100
-115
-79
-30
-13
1
17
65
132
203
266
303
305
293
295
317
320
294
247
211
183
143
100
41
-20
-96
-155
-169
-156
-147
-162
-185
-179
-133
-95
-86
-75
-47
-22
-26
-19
16
35
0
-51
-72
-69
-72
-90
-96
-98
-104
-109
-115
-106
-109
-101
-79
-80
-76
-54
-29
-24
-48
-66
-65
-61
-63
-78
-90
-93
-115
-150
-175
-199
-223
-252
-281
-263
-147
3
57
13
10
84
162
183
182
224
280
296
290
292
301
281
206
144
95
61
47
42
7
-47
-72
-78
-104
-144
-155
-151
-153
-154
-136
-107
-73
-49
-62
-74
-83
-83
-50
-18
-6
-10
13
38
33
31
48
69
80
87
81
83
103
116
83
34
9
7
-3
-28
-47
-56
-70
-95
-119
-129
-127
-139
-149
-159
-141
-112
-69
-27
20
80
135
168
174
195
224
236
243
238
232
228
209
184
150
93
34
-3
-28
-63
-90
-102
-100
-121
-137
-126
-108
-91
-86
-76
-51
-31
-17
-17
-21
-30
-35
-46
-69
-82
-76
-71
-75
-82
-86
-91
-90
-90
-76
-57
-53
-60
-55
-37
-17
-8
-16
-30
-44
-51
-52
-59
-59
-65
-78
-83
-96
-120
-158
-192
-194
-184
-186
-179
-109
11
75
66
46
92
156
177
178
210
264
277
246
236
261
275
240
160
94
61
60
76
58
7
-31
-41
-51
-79
-108
-111
-112
-121
-127
-101
-65
-52
-76
-110
-123
-101
-63
-26
-12
-5
20
33
40
55
81
102
104
93
90
97
107
110
84
47
28
16
-4
-34
-45
-52
-83
-100
-100
-107
-121
-124
-118
-123
-136
-117
-71
-9
54
96
134
159
165
164
189
213
199
182
177
182
171
140
95
31
-10
-50
-87
-100
-94
-88
-109
-120
-122
-93
-66
-71
-88
-81
-53
-38
-47
-41
-27
-42
-64
-85
-88
-82
-77
-87
-109
-105
-90
-80
-78
-85
-85
-78
-72
-61
-53
-51
-51
-49
-50
-59
-70
-72
-60
-59
-79
-80
-67
-67
-89
-133
-144
-143
-159
-199
-228
-193
-80
36
53
19
20
86
137
159
167
205
247
264
261
273
307
309
260
187
140
133
145
138
97
48
27
12
-28
-73
-93
-96
-101
-115
-127
-113
-81
-72
-102
-126
-111
-72
-48
-28
-5
21
41
59
83
104
109
113
121
121
106
91
107
120
95
49
30
18
-22
-57
-60
-56
-64
-87
-106
-108
-98
-101
-114
-122
-112
-82
-48
-9
56
125
179
188
178
187
204
224
202
187
195
194
181
137
100
46
-13
-65
-101
-110
-97
-83
-98
-110
-115
-104
-82
-82
-96
-93
-68
-45
-44
-54
-58
-59
-76
-103
-112
-101
-83
-90
-106
-109
-103
-94
-94
-97
-107
-98
-80
-84
-86
-75
-49
-43
-66
-85
-82
-57
-44
-51
-55
-50
-52
-70
-85
-91
-114
-145
-157
-158
-169
-185
-158
-65
33
65
35
44
97
146
174
195
242
279
293
284
293
317
307
261
200
149
122
124
115
67
3
-40
-68
-94
-116
-118
-120
-144
-166
-168
-142
-111
-83
-69
-77
-72
-37
10
50
61
75
88
100
111
123
135
140
129
112
85
79
91
79
30
-26
-39
-46
-64
-84
-91
-84
-96
-115
-127
-125
-113
-95
-82
-72
-40
11
80
118
120
127
154
166
167
188
219
232
201
173
163
149
121
63
14
-14
-27
-33
-37
-53
-79
-104
-117
-122
-115
-96
-82
-80
-84
-70
-54
-54
-73
-91
-101
-96
-88
-96
-91
-86
-92
-106
-112
-117
-121
-111
-113
-116
-112
-97
-79
-84
-93
-100
-92
-86
-85
-83
-80
-68
-69
-84
-83
-75
-84
-100
-110
-104
-87
-77
-96
-119
-141
-172
-204
-205
-118
24
121
118
76
98
167
216
225
237
283
324
327
316
326
326
281
184
104
59
54
63
34
-27
-80
-110
-139
-182
-204
-188
-163
-157
-164
-140
-89
-33
-17
-33
-32
-4
54
92
110
132
151
136
103
98
115
119
90
56
35
21
23
15
-18
-70
-96
-94
-100
-112
-103
-83
-76
-86
-95
-84
-55
-32
-28
-23
2
31
40
35
62
124
193
238
246
244
250
246
224
187
179
178
159
130
90
62
17
-39
-103
-146
-143
-132
-135
-148
-145
-128
-120
-115
-108
-99
-83
-67
-48
-29
-18
-5
-11
-31
-64
-85
-87
-94
-108
-126
-129
-122
-131
-139
-143
-143
-136
-138
-137
-123
-105
-86
-75
-71
-79
-87
-84
-82
-79
-79
-75
-81
-93
-91
-106
-121
-131
-140
-154
-174
-160
-75
74
169
142
95
126
206
254
268
298
340
336
301
270
274
271
213
119
40
15
16
10
-27
-112
-172
-190
-180
-179
-174
-154
-131
-132
-137
-109
-50
5
10
-3
13
64
111
132
131
119
111
83
57
64
84
70
33
-6
-35
-61
-69
-67
-89
-125
-138
-120
-99
-109
-117
-104
-99
-94
-76
-28
9
22
14
19
45
67
81
88
122
165
191
217
235
236
211
196
176
159
154
142
128
93
55
19
-17
-46
-81
-113
-113
-93
-87
-93
-96
-76
-64
-69
-62
-41
-5
6
3
3
10
8
-11
-35
-68
-96
-114
-117
-127
-144
-153
-152
-149
-152
-145
-120
-96
-96
-99
-76
-42
-13
-8
-40
-70
-64
-33
-16
-20
-30
-38
-30
-37
-57
-66
-63
-75
-115
-145
-154
-148
-156
-160
-54
133
227
160
83
123
220
278
280
310
367
373
304
257
256
236
162
62
11
7
33
25
-62
-168
-222
-203
-190
-197
-175
-134
-123
-158
-149
-62
19
28
5
11
63
109
134
141
127
117
110
93
84
94
96
49
-12
-28
-17
-24
-52
-78
-115
-144
-143
-127
-119
-120
-106
-89
-77
-55
-17
13
15
12
33
70
101
113
113
102
94
92
105
168
212
224
203
166
146
144
153
133
111
91
57
23
-12
-45
-90
-110
-120
-103
-75
-60
-71
-98
-105
-91
-50
-12
6
9
6
5
-11
-10
-14
-30
-65
-100
-91
-82
-86
-121
-150
-159
-160
-144
-129
-113
-102
-109
-103
-73
-32
4
-9
-51
-74
-50
-12
4
-5
-16
-18
-20
-29
-47
-59
-73
-95
-122
-115
-94
-105
-142
-180
-119
70
218
195
88
81
174
267
302
313
351
349
275
199
214
246
197
82
-1
-13
1
-9
-96
-192
-241
-226
-192
-176
-153
-138
-139
-169
-158
-65
33
50
18
16
61
113
133
122
103
102
88
73
63
67
62
8
-49
-39
-3
-22
-87
-120
-121
-123
-117
-89
-62
-70
-82
-73
-49
-24
-4
6
-6
-4
23
57
76
71
50
36
39
46
65
97
149
165
163
166
163
140
120
120
123
120
109
87
42
-10
-49
-62
-68
-57
-47
-67
-95
-114
-98
-78
-42
-11
-1
11
9
6
-8
-20
-13
-20
-42
-56
-67
-91
-137
-167
-173
-169
-151
-134
-121
-106
-94
-81
-58
-20
11
19
10
-2
2
6
5
4
-5
-22
-40
-63
-81
-97
-108
-105
-100
-87
-75
-86
-125
-155
-161
-144
-124
-37
153
295
230
72
71
210
316
316
291
305
299
223
138
124
123
60
-23
-50
-29
-17
-56
-134
-201
-184
-92
10
45
26
15
24
42
81
163
205
172
110
95
111
101
49
-25
-58
-50
-36
-58
-116
-154
-170
-181
-148
-65
-3
-38
-102
-85
2
65
77
97
118
109
91
94
105
89
36
-13
-16
11
16
-26
-95
-128
-136
-122
-87
-83
-96
-111
-30
90
159
188
143
105
130
229
289
244
202
121
84
78
57
34
-30
-62
-115
-108
-90
-106
-122
-143
-111
-68
-7
9
-28
-55
-62
-8
32
27
-27
-86
-112
-109
-97
-109
-122
-115
-112
-118
-109
-94
-105
-112
-105
-64
2
27
-4
-56
-72
-41
4
-1
-39
-63
-75
-70
-82
-102
-111
-115
-103
-80
-58
-55
-75
-116
-123
-77
-50
-59
-67
43
213
243
112
21
107
244
282
239
213
243
201
100
49
82
90
31
-11
-2
15
-20
-83
-123
-94
-1
76
90
41
11
40
76
100
113
133
106
55
32
50
39
-5
-41
-42
-21
-17
-42
-97
-146
-128
-70
-12
28
36
-12
-69
-52
38
102
69
24
30
43
10
-20
-12
-19
-52
-69
-45
-18
-46
-104
-137
-106
-17
35
25
0
-1
24
72
112
125
151
155
124
117
114
101
85
80
89
105
87
13
-46
-36
-5
6
4
-10
-35
-51
-55
-53
-39
-23
-36
-56
-56
-54
-69
-102
-119
-108
-86
-76
-70
-88
-110
-120
-101
-76
-58
-39
-39
-42
-51
-54
-40
-40
-45
-38
-35
-52
-86
-115
-106
-63
-53
-82
-103
-108
-106
-93
-82
-73
-58
-37
-7
7
-4
-31
-38
-14
18
34
13
-24
-72
-88
-73
3
147
229
131
-11
14
164
254
196
128
168
220
172
85
49
34
-5
2
45
55
-19
-124
-168
-116
-8
61
40
-17
-28
30
88
91
91
117
143
138
127
120
86
15
-22
28
84
73
-14
-110
-167
-147
-85
-60
-69
-60
-38
-67
-116
-88
-12
3
-8
35
86
64
-7
-35
-4
27
26
7
-20
-48
-52
-40
-20
-9
0
9
29
52
52
29
28
61
112
145
123
68
28
34
61
63
42
28
7
-10
-21
-22
-40
-57
-45
-29
-23
-28
-44
-62
-61
-32
-11
-13
-27
-40
-55
-57
-47
-48
-69
-86
-69
-51
-58
-88
-111
-100
-77
-69
-84
-91
-76
-71
-82
-86
-66
-56
-70
-88
-102
-97
-87
-86
-86
-89
-87
-86
-97
-94
-72
-46
-42
-43
-24
-5
-6
-9
2
30
45
37
12
-13
-24
-44
-56
-18
87
153
94
-28
-47
66
159
120
61
98
153
118
35
7
30
39
53
72
63
13
-39
-56
-19
55
95
77
39
30
55
79
69
52
70
116
121
79
30
-3
-15
-14
15
27
-7
-58
-88
-110
-116
-84
-60
-56
-35
1
-21
-83
-84
-15
35
26
33
48
23
-6
14
50
49
31
28
33
35
38
24
7
8
36
60
48
24
13
10
9
30
47
36
12
-1
2
2
12
13
1
14
31
19
2
2
9
22
36
33
15
-5
0
11
3
-5
-2
1
-15
-23
-40
-55
-49
-46
-54
-75
-84
-84
-97
-110
-113
-94
-84
-104
-116
-103
-75
-66
-78
-76
-56
-40
-46
-67
-68
-49
-27
-8
-9
-21
-42
-43
-36
-36
-20
-12
-7
0
16
9
-34
-58
-36
-6
-3
-12
-30
-42
-64
-86
-96
-91
-73
-65
-54
-13
33
45
17
21
94
165
163
116
114
164
172
122
77
69
82
89
99
61
-10
-57
-33
2
2
-6
-23
-33
-29
-8
7
7
-2
11
41
58
49
27
13
23
36
37
35
5
-29
-37
-25
-26
-31
-32
-17
-12
-7
-7
-32
-44
-13
45
42
20
33
37
19
10
30
40
18
15
18
4
-27
-31
-19
-22
-33
-22
-7
-16
-16
-11
-5
-1
12
36
38
33
44
52
56
68
89
95
85
81
78
62
63
69
65
47
34
22
10
5
-5
-13
-24
-23
-24
-31
-43
-58
-65
-64
-69
-69
-65
-63
-52
-48
-52
-49
-29
-14
-20
-22
-21
-27
-30
-32
-34
-31
-24
-29
-38
-53
-61
-56
-67
-68
-54
-42
-44
-68
-77
-68
-51
-44
-50
-44
-34
-44
-55
-54
-47
-44
-39
-29
-19
-25
-41
-54
-63
-69
-54
-44
-47
-55
-39
10
47
50
34
55
106
128
102
92
122
140
99
57
53
49
36
26
21
-5
-36
-33
-18
-19
-26
-22
-7
2
12
38
50
49
52
77
97
92
86
76
78
75
55
38
25
21
18
10
-13
-33
-44
-41
-33
-29
-28
-37
-53
-50
-31
-35
-53
-52
-21
-12
-22
-25
-27
-41
-51
-37
-12
-13
-11
9
15
5
3
26
46
52
67
84
75
59
67
72
59
59
68
64
40
31
24
9
3
14
22
5
5
5
0
-13
-6
19
34
44
49
44
22
24
32
34
22
21
23
8
-23
-36
-31
-35
-40
-45
-47
-41
-36
-53
-72
-64
-38
-33
-38
-50
-58
-64
-75
-73
-59
-49
-63
-68
-72
-80
-83
-87
-80
-61
-48
-45
-50
-50
-41
-37
-37
-35
-25
-14
-15
-24
-20
-9
-12
-16
-21
-21
-20
-38
-59
-70
-82
-83
-76
-63
-46
-30
-29
-30
-9
11
20
34
75
109
86
51
60
82
90
89
102
97
77
80
96
86
65
61
61
48
37
35
28
5
2
19
23
12
12
22
21
2
-4
-4
-1
11
21
20
1
-10
-5
3
-2
-3
2
4
-5
-6
5
5
-12
-17
5
18
15
14
24
21
3
-4
1
0
13
24
14
-9
-12
12
9
3
17
27
20
19
37
53
38
38
59
68
61
74
88
77
66
72
77
68
68
74
71
55
50
56
52
46
47
50
36
21
16
14
4
-2
-2
0
-9
-17
-27
-35
-42
-34
-24
-33
-42
-44
-50
-61
-63
-67
-65
-65
-63
-64
-68
-75
-71
-67
-53
-47
-47
-59
-60
-48
-45
-51
-57
-45
-27
-21
-32
-44
-50
-59
-55
-39
-32
-34
-36
-41
-47
-34
-23
-13
-8
6
15
6
-2
-4
-1
-8
-8
-4
-11
-25
-17
-4
-3
5
23
39
35
36
48
55
60
73
65
45
49
61
54
35
26
29
26
23
29
19
3
7
20
22
21
25
28
29
34
44
48
39
44
51
49
37
31
31
26
20
20
14
6
0
0
0
-10
-6
-2
-9
-17
-15
-9
-10
-15
-8
-1
-10
-12
3
10
3
1
7
9
11
18
25
22
22
29
39
49
44
51
53
51
59
60
52
41
48
62
52
37
37
40
30
27
34
29
17
17
21
11
1
2
8
12
18
27
22
13
17
29
24
14
17
15
2
-9
-11
-14
-31
-33
-32
-40
-49
-56
-57
-57
-57
-57
-62
-68
-62
-60
-58
-57
-49
-46
-55
-56
-45
-40
-44
-37
-33
-35
-41
-40
-34
-33
-25
-19
-13
-18
-21
-24
-21
-19
-15
-10
-17
-29
-33
-29
-29
-37
-40
-30
-34
-42
-42
-40
-47
-58
-61
-59
-56
-58
-59
-51
-38
-23
-2
13
17
23
30
38
54
74
75
54
55
72
66
56
54
50
47
43
44
29
9
15
25
30
16
19
27
26
30
33
37
33
39
55
53
38
31
40
38
37
48
48
37
27
27
25
16
18
26
20
10
3
-2
-16
-21
-11
-7
-20
-26
-11
-1
-9
-18
-10
-9
-16
0
18
16
10
15
26
31
30
31
37
36
42
51
37
23
31
47
47
37
34
30
27
27
37
37
25
26
33
27
19
23
17
18
14
20
23
14
1
-2
-1
-8
-9
-10
-8
-4
-7
-17
-22
-19
-14
-15
-20
-17
-12
-17
-27
-32
-32
-29
-31
-37
-41
-46
-49
-53
-61
-63
-61
-59
-60
-53
-48
-54
-57
-59
-53
-49
-49
-46
-46
-50
-50
-53
-49
-46
-35
-27
-20
-20
-22
-19
-14
-5
-6
-5
-9
-14
-18
-22
-25
-22
-27
-25
-39
-54
-56
-58
-61
-59
-54
-55
-49
-25
-4
0
-2
-1
21
41
61
78
68
51
57
74
74
61
61
63
56
57
59
47
37
39
50
45
39
42
33
22
26
41
36
29
28
40
39
24
28
31
23
21
29
34
22
19
25
21
16
21
19
22
12
10
13
7
2
2
1
-10
-10
-7
-4
-9
-5
-7
-7
-5
9
19
9
6
15
25
18
18
22
27
31
31
29
21
17
19
31
28
24
29
30
31
29
35
38
40
51
47
43
48
50
45
36
38
39
36
24
20
14
2
-7
-12
-16
-24
-28
-33
-39
-44
-45
-51
-51
-51
-43
-42
-47
-43
-42
-40
-44
-42
-37
-44
-37
-33
-29
-30
-25
-27
-23
-20
-21
-21
-29
-32
-24
-20
-26
-36
-43
-41
-43
-42
-45
-41
-42
-41
-38
-35
-31
-28
-20
-18
-18
-13
-7
-5
3
2
-1
1
9
16
11
8
1
-5
-12
-14
-14
-21
-23
-19
-15
-11
0
6
7
15
24
34
48
57
49
45
50
58
55
55
60
61
58
58
60
56
49
52
60
56
48
40
47
51
48
50
53
54
56
66
63
59
57
48
41
48
46
39
31
22
18
11
1
-2
1
-2
-6
-3
-4
-10
-10
-2
4
-1
-1
6
9
14
25
38
41
39
48
57
60
59
58
56
47
46
54
45
37
32
23
20
20
19
17
15
18
21
22
19
25
26
24
33
35
37
36
38
39
39
35
35
34
34
24
16
18
13
8
5
-2
-8
-15
-18
-15
-24
-25
-28
-29
-31
-32
-30
-36
-34
-30
-31
-30
-31
-35
-31
-31
-26
-19
-18
-14
-11
-18
-13
-9
-7
-9
-17
-18
-19
-20
-21
-22
-22
-20
-26
-25
-23
-28
-27
-32
-27
-28
-24
-22
-22
-20
-17
-14
-13
-5
-3
7
10
9
8
7
12
14
9
4
5
2
-3
-4
-4
-2
-2
-1
3
7
10
11
14
14
15
22
30
31
36
41
39
40
40
46
52
50
51
57
58
55
53
58
56
53
48
50
56
53
55
56
51
49
54
59
59
58
70
68
66
65
64
70
61
60
57
53
51
47
35
33
35
34
34
28
29
24
21
17
19
26
29
32
33
30
30
29
25
30
32
36
34
22
24
22
15
11
18
17
13
12
10
8
4
5
4
3
-3
-6
-14
-16
-15
-11
-13
-19
-22
-18
-15
-20
-21
-20
-15
-11
-7
-4
-7
-5
-4
-5
1
-1
7
3
1
5
7
7
5
2
2
-3
-9
-3
-9
-10
-13
-14
-13
-15
-17
-17
-19
-22
-19
-16
-14
-16
-14
-14
-12
-6
-6
-4
-4
-2
2
3
3
3
-1
0
6
6
2
-1
1
-3
-5
-4
-6
-7
-1
1
7
11
12
15
19
28
30
32
38
36
40
44
52
55
44
52
51
50
53
50
45
49
50
46
49
46
47
49
49
47
43
42
40
38
38
37
34
32
29
29
21
19
25
18
17
17
20
16
11
18
15
15
18
17
22
18
21
26
33
35
36
30
30
35
33
37
35
31
29
30
34
34
29
31
35
39
39
38
32
29
34
34
34
29
27
25
25
26
24
16
8
7
5
8
3
-2
1
-1
-2
-5
-6
-12
-15
-13
-12
-12
-18
-20
-25
-26
-30
-32
-32
-32
-34
-38
-41
-43
-50
-49
-50
-51
-56
-54
-48
-48
-45
-43
-37
-34
-31
-27
-24
-26
-26
-16
-10
-13
-12
-10
-11
-11
-8
-7
-5
3
-2
-5
-3
0
0
-2
5
6
0
-1
0
-3
-3
-4
-5
-4
-4
-9
-3
-4
0
-7
-2
2
5
8
6
12
13
10
11
12
12
11
10
10
13
15
15
15
18
16
12
14
10
15
13
7
8
10
17
14
14
17
25
27
29
29
30
37
35
43
46
48
42
37
41
45
43
38
36
34
33
28
31
30
26
26
25
26
23
22
23
23
27
25
21
17
15
17
17
17
15
16
19
18
18
18
14
13
11
13
13
8
7
0
-4
-7
-4
-5
-6
-9
-5
-5
-9
-10
-11
-10
-9
-11
-8
-14
-18
-16
-19
-18
-21
-23
-20
-24
-24
-27
-30
-27
-28
-28
-26
-23
-24
-30
-33
-31
-28
-27
-23
-30
-31
-28
-32
-29
-26
-28
-22
-18
-17
-21
-17
-20
-26
-17
-17
-18
-15
-17
-15
-15
-14
-11
-16
-19
-13
-12
-14
-17
-14
-14
-15
-13
-15
-12
-17
-19
-15
-14
-8
-9
-11
-7
-7
-6
-3
1
7
6
-2
-3
-5
-6
-9
-14
-13
-19
-13
-14
-24
-32
-29
-27
-24
-26
-26
-25
-28
-25
-19
-16
-13
-11
-9
-7
-9
-4
1
-1
5
3
3
-1
-2
1
3
1
-3
2
-1
-1
1
5
6
5
9
7
6
5
5
7
4
0
-1
-1
-6
-7
-6
-9
-3
-3
-1
1
1
2
5
9
13
13
15
11
7
10
7
4
1
2
3
-3
-6
-8
-13
-12
-12
-17
-14
-15
-13
-14
-12
-13
-10
-9
-9
-3
-1
-7
-7
-4
-4
-6
-14
-12
-12
-11
-15
-19
-19
-25
-23
-28
-27
-28
-33
-36
-36
-35
-33
-34
-36
-32
-29
-25
-26
-23
-24
-21
-20
-18
-16
-18
-18
-17
-20
-16
-14
-13
-14
-6
0
-6
-1
-5
0
0
7
8
3
1
0
2
-4
-3
1
2
0
-8
-4
-10
-8
-9
-8
-8
-11
-11
-11
-9
-13
-8
-10
-13
-11
-11
-12
-11
-11
-13
-14
-14
-12
-16
-15
-7
-11
-11
-8
-9
-8
-8
-8
-11
-9
-10
-14
-11
-8
-9
-9
-11
-9
-15
-13
-14
-11
-5
-11
-7
-12
-10
-6
-7
-4
-4
-4
-5
-2
-1
-2
-1
3
2
4
4
9
6
6
6
3
4
3
0
-3
-3
-8
-8
-8
-7
-10
-9
-7
-14
-9
-3
-8
-9
-7
-8
-5
-1
1
2
3
6
2
0
0
2
6
9
8
7
7
7
10
9
5
3
4
2
6
7
-1
2
3
1
0
0
3
-5
-1
-1
-5
-4
-10
-12
-10
-14
-15
-15
-13
-16
-21
-20
-18
-16
-20
-15
-16
-13
-14
-19
-19
-18
-22
-25
-28
-32
-29
-33
-34
-34
-36
-33
-31
-27
-27
-27
-29
-30
-28
-26
-28
-29
-32
-33
-29
-32
-28
-28
-27
-27
-25
-24
-27
-29
-25
-23
-20
-21
-22
-16
-16
-16
-14
-12
-12
-10
-9
-6
-7
-5
-11
-11
-3
-5
-9
-12
-9
-10
-14
-12
-9
-11
-10
-11
-12
-12
-9
-8
-11
-7
-7
-8
-7
-6
-8
-8
-4
-6
-2
-4
-3
-4
-10
-4
-3
-2
-4
-3
-8
-6
-5
-4
-3
-2
0
-3
-2
-1
4
1
1
4
3
1
1
5
4
10
13
9
12
14
15
19
18
18
18
19
20
25
19
22
21
20
21
21
15
8
10
10
5
7
7
5
9
6
4
3
3
4
2
1
1
3
1
-6
-1
-2
1
-1
-1
3
-1
-2
7
4
1
4
3
1
-3
-7
-9
-12
-13
-17
-19
-20
-27
-30
-32
-33
-31
-33
-31
-32
-29
-25
-25
-25
-23
-17
-18
-14
-12
-10
-10
-10
-12
-8
-7
-12
-10
-11
-11
-16
-16
-16
-19
-18
-21
-21
-24
-29
-29
-28
-29
-27
-27
-27
-25
-21
-22
-17
-14
-13
-15
-11
-9
-8
-5
-5
-3
-3
2
-3
-5
-9
-7
-1
-4
-8
-7
-9
-10
-9
-8
-10
-16
-13
-15
-12
-10
-16
-15
-18
-18
-11
-16
-12
-13
-12
-12
-10
-7
-3
2
-3
-1
-3
0
1
1
1
-2
-2
-6
-7
-8
-7
-9
-10
-8
-8
-11
-11
-8
-8
-7
-6
-10
-8
-9
-11
-12
-9
-6
-1
0
-2
2
5
7
7
10
15
12
9
10
7
7
3
6
6
10
6
4
7
6
9
7
4
4
12
8
4
3
4
2
2
-1
-2
-2
-6
-9
-7
-11
-10
-10
-14
-16
-15
-14
-18
-18
-21
-20
-26
-26
-25
-28
-30
-33
-33
-29
-27
-28
-30
-32
-31
-28
-31
-27
-31
-27
-29
-26
-27
-24
-26
-22
-16
-17
-13
-15
-9
-6
-8
-7
-7
-4
-3
-5
-2
-3
-5
-2
0
0
4
5
4
4
4
4
1
4
-3
1
1
-6
-5
-7
-10
-15
-16
-11
-10
-11
-15
-11
-8
-13
-4
-7
-5
-4
-3
-5
-8
-2
-2
-1
-1
-2
-2
-2
0
2
0
-1
-2
-3
-1
-3
-2
0
-3
-3
-4
-3
-1
-6
-6
-6
-6
-5
-4
-2
-6
-4
-3
-3
-2
2
-2
0
8
8
9
5
8
8
3
9
11
9
9
9
7
6
10
9
4
0
0
1
3
-3
-2
1
-1
-4
-7
0
-3
-7
-3
-2
-6
-8
-1
0
-3
-3
-4
-4
-1
-4
-9
-5
-6
-8
-4
-8
-8
-14
-14
-13
-18
-20
-17
-18
-18
-19
-24
-23
-25
-16
-22
-21
-19
-20
-18
-22
-17
-16
-15
-18
-17
-15
-8
-11
-10
-9
-10
-13
-12
-8
-9
-11
-11
-9
-12
-10
-15
-14
-16
-16
-14
-12
-14
-16
-14
-14
-13
-16
-15
-12
-12
-14
-15
-13
-10
-10
-5
-9
-9
-5
-6
-6
-5
-5
-8
-14
-10
-14
-17
-18
-16
-19
-19
-18
-20
-19
-18
-18
-19
-17
-17
-16
-19
-23
-19
-20
-21
-18
-21
-21
-22
-22
-19
-19
-19
-17
-21
-14
-15
-16
-16
-22
-18
-17
-15
-19
-15
-20
-18
-16
-17
-14
-18
-12
-18
-13
-14
-7
-5
-4
-5
-3
0
-3
1
3
1
2
2
4
5
4
4
3
3
1
2
5
6
6
9
9
9
7
8
10
7
6
9
10
12
10
5
8
5
1
2
1
1
-2
1
-1
0
0
1
-4
-4
-3
-2
-2
-1
1
-2
-2
0
-5
-10
-7
-3
-5
-2
-1
-4
-3
-3
-6
-2
1
0
-3
-1
-3
-1
0
-3
1
0
1
1
2
2
1
3
4
6
5
6
5
5
2
2
3
3
-3
-7
-9
-12
-9
-6
-4
-3
-2
2
0
-1
0
0
3
1
3
3
1
2
-1
-6
-5
-11
-17
-14
-22
-21
-22
-19
-19
-23
-25
-21
-21
-20
-18
-16
-10
-10
-7
-9
-5
0
-1
-4
-3
-1
-2
-3
-4
-5
-10
-12
-11
-12
-10
-13
-12
-14
-4
-4
0
-2
-3
2
-2
1
-1
1
-1
1
-1
-4
1
-4
-5
-2
-2
0
1
-1
-2
3
5
6
3
7
8
4
5
8
9
9
11
12
9
11
8
2
5
2
1
-1
1
0
1
0
3
3
4
8
7
8
7
12
11
7
11
15
14
15
13
10
10
9
12
13
6
5
5
0
0
1
-2
-2
0
-1
2
-1
-2
-2
-4
-2
0
1
0
0
4
6
5
3
4
2
8
10
11
10
8
9
5
7
9
9
10
2
2
0
-1
0
0
3
5
3
2
1
3
3
3
-5
-6
-5
-5
-5
-5
-4
-3
-5
-9
-7
-7
-5
-6
-4
-8
-4
-6
-4
-5
-10
-10
-8
-9
-11
-11
-18
-15
-19
-20
-17
-16
-18
-15
-12
-17
-12
-13
-13
-12
-11
-7
-6
-12
-6
-8
-8
-7
-3
0
-3
2
-5
-3
-4
-5
-4
-7
-3
-8
-7
-7
-1
2
-3
-2
-2
-1
3
4
2
0
5
1
0
1
-4
0
-4
-3
-2
0
-4
-7
-9
-9
-11
-13
-6
-10
-8
-13
-12
-10
-12
-10
-7
-4
-3
-3
-1
0
-1
-1
2
0
-3
-6
-3
-7
-6
-5
-1
1
-3
-2
-4
-1
-2
0
3
0
1
4
8
7
6
10
12
11
13
10
7
12
10
11
15
12
10
8
8
3
2
0
0
-2
-5
-4
-8
-3
-6
-7
-4
-3
-2
-6
-1
-8
-8
-5
-8
-8
-3
-5
-7
-4
-5
-8
-9
-8
-8
-9
-8
-4
-7
-3
-9
-5
-6
-12
-9
-11
-11
-16
-15
-18
-15
-15
-16
-21
-21
-18
-21
-17
-20
-18
-13
-14
-14
-14
-10
-9
-7
-7
-4
-4
-3
-5
-4
-3
-5
-4
-6
-8
-5
-10
-13
-18
-15
-14
-15
-16
-14
-10
-16
-14
-14
-15
-16
-12
-12
-12
-12
-10
-10
-9
-10
-9
-6
-9
-6
-7
-5
-6
-8
-2
-3
-5
-2
1
1
0
-1
4
8
8
5
2
9
7
4
7
-1
3
5
1
6
3
6
6
6
6
5
8
8
10
12
13
14
16
12
10
13
13
14
12
13
13
9
4
4
8
10
6
7
10
8
2
10
5
0
2
-4
-1
-5
1
4
-2
2
5
10
10
9
11
11
9
12
7
9
8
5
5
3
5
-1
-4
0
-1
-4
-3
1
-1
-1
-5
-3
-2
-2
-6
-7
-4
-2
-1
-8
-3
-6
-1
1
-2
-8
-1
0
-6
-6
-6
-7
-6
-2
-8
-2
-8
-8
-1
-4
-8
-4
-3
-3
-3
-5
-8
-10
-11
-8
-11
-15
-7
-8
-6
-7
-6
-4
-6
-2
-1
0
-1
1
-1
-6
-6
-5
-1
-3
-6
-9
-7
-11
-13
-12
-11
-11
-15
-14
-15
-14
-15
-12
-15
-17
-14
-14
-10
-7
-9
-8
-6
-2
-1
-3
3
-1
1
2
3
4
5
0
5
2
1
4
0
1
3
5
3
4
8
3
4
-1
-1
0
-3
-4
-1
2
-2
0
-2
-3
-1
2
4
7
4
7
4
7
7
5
10
5
4
4
2
2
3
4
4
1
2
7
4
3
6
3
6
9
6
10
10
6
12
12
13
11
12
11
10
12
7
9
10
11
11
8
9
9
10
9
10
8
7
6
4
3
6
8
0
2
-1
-2
-3
-2
-1
-5
0
1
2
5
3
9
7
8
11
7
6
3
8
1
-3
-4
-6
-9
-10
-10
-15
-12
-15
-10
-12
-13
-9
-8
-5
-6
-7
-1
-2
-2
0
-1
0
-3
3
-1
-5
-2
-4
-5
-8
-9
-13
-14
-13
-13
-12
-16
-21
-20
-19
-19
-14
-9
-11
-15
-10
-12
-8
-12
-10
-12
-10
-5
-14
-8
-8
-9
-12
-7
-3
-3
-5
-4
0
-3
0
-6
-5
-4
-3
-3
-4
-5
-4
-6
-8
-10
-14
-9
-8
-3
0
4
8
9
5
9
7
7
12
12
11
13
15
6
9
11
8
9
4
8
9
5
6
2
-1
-3
-4
-6
-6
-4
0
2
-1
2
6
3
0
3
8
9
8
5
6
8
8
9
8
9
8
7
12
15
17
15
15
13
12
13
10
10
14
11
10
10
10
8
5
9
4
7
12
7
9
9
9
10
10
11
6
6
8
12
7
5
6
2
3
0
5
4
-2
-1
2
