-7
-7
-9
-7
-11
-8
-4
-4
-6
-6
-5
-5
0
-2
4
-1
-1
-1
-2
-2
0
5
2
7
5
6
7
4
6
10
10
11
8
9
5
5
7
4
4
7
8
8
11
9
8
14
10
8
11
13
12
13
12
12
13
10
13
12
8
6
10
13
12
14
12
14
12
10
12
10
8
7
10
3
6
10
7
8
5
11
5
7
8
8
4
0
-3
-8
-8
-7
-7
-7
-7
-7
-9
-11
-9
-12
-15
-12
-12
-11
-10
-13
-12
-9
-10
-12
-12
-11
-10
-10
-12
-9
-15
-15
-15
-14
-14
-14
-17
-13
-11
-14
-13
-8
-8
-4
-7
-7
-7
-6
-7
-7
-5
-9
-8
-7
-9
-11
-5
-11
-12
-12
-10
-10
-12
-10
-12
-9
-8
-3
-6
-10
-12
-7
-10
-5
-4
-6
0
-7
-1
-3
-3
1
-3
-2
-4
0
-1
-1
1
-1
0
0
4
3
4
3
4
2
2
-1
-4
1
-3
-1
0
-3
4
-1
2
7
4
4
7
8
5
5
10
9
13
9
10
14
15
21
13
15
21
20
21
20
17
15
18
18
17
14
15
17
17
17
18
13
17
15
14
17
13
17
14
14
17
12
10
15
12
11
13
8
8
11
10
10
9
5
6
5
3
1
-1
0
-1
0
-3
-2
-3
-1
-1
-5
-2
-2
-5
-3
-4
-7
-4
-7
-7
-5
-6
-6
-10
-9
-7
-9
-10
-10
-13
-17
-15
-11
-11
-19
-11
-16
-17
-14
-16
-14
-10
-18
-14
-9
-14
-15
-15
-20
-16
-15
-16
-16
-15
-13
-19
-19
-21
-21
-20
-18
-20
-20
-20
-17
-19
-19
-18
-15
-17
-18
-20
-17
-19
-20
-17
-19
-16
-15
-18
-21
-17
-16
-19
-11
-15
-9
-10
-11
-10
-10
-11
-12
-13
-12
-11
-10
-8
-11
-15
-10
-11
-10
-8
-10
-7
-6
-5
-6
-5
0
-3
-4
1
3
0
2
0
1
2
-1
6
3
5
9
4
4
6
5
5
10
8
6
11
11
11
14
13
15
15
17
16
16
21
18
16
16
16
16
15
15
14
16
13
15
14
10
10
8
11
7
8
7
9
8
9
4
3
3
4
2
1
1
-2
-1
-2
-3
-2
2
-2
-4
-2
2
-2
-1
-5
-9
-10
-8
-7
-11
-11
-11
-15
-11
-10
-12
-12
-17
-14
-13
-16
-17
-15
-13
-14
-16
-18
-18
-17
-20
-21
-17
-19
-20
-20
-22
-18
-21
-18
-18
-14
-16
-19
-16
-17
-19
-20
-14
-16
-15
-16
-14
-14
-16
-13
-13
-15
-15
-13
-15
-18
-18
-18
-14
-18
-21
-18
-13
-14
-15
-13
-14
-11
-11
-11
-10
-12
-7
-5
-6
-5
-7
-6
-5
-7
-6
-7
-6
-5
-6
-8
-7
-6
-6
-6
-4
-7
-8
-1
2
-4
1
0
2
4
4
3
5
8
8
7
7
8
7
10
10
12
12
6
7
10
10
10
9
12
9
10
12
16
16
15
15
14
12
12
14
9
12
12
13
9
13
10
10
12
9
15
10
13
10
10
12
5
10
10
7
9
3
-2
3
2
-1
-12
-7
-8
-10
-6
-9
-7
-7
-6
-6
-2
-4
-5
-6
-5
-6
-9
-12
-11
-11
-5
-8
-13
-14
-12
-13
-14
-11
-18
-17
-17
-14
-18
-14
-18
-18
-20
-21
-23
-25
-23
-22
-22
-22
-20
-19
-20
-22
-16
-22
-26
-19
-23
-19
-19
-21
-21
-27
-25
-28
-25
-18
-22
-22
-25
-27
-21
-23
-25
-22
-24
-22
-22
-24
-22
-24
-21
-25
-20
-20
-22
-18
-22
-20
-17
-18
-22
-17
-15
-17
-16
-17
-16
-20
-16
-15
-17
-12
-13
-11
-12
-9
-11
-8
-10
-11
-9
-7
-9
-10
-6
-7
-9
-11
-8
-4
-1
-3
-1
1
0
-4
4
1
3
3
1
1
5
2
0
3
2
4
4
7
11
10
9
4
9
8
5
8
7
7
7
6
3
8
12
8
7
9
8
9
5
6
4
2
4
2
4
4
-5
-7
1
1
5
-4
-4
-3
-7
-4
0
1
2
1
1
-4
-3
-1
-5
-7
-8
-7
-7
-2
-8
-8
-13
-16
-11
-11
-12
-14
-10
-15
-17
-16
-20
-19
-17
-20
-16
-22
-26
-19
-22
-20
-21
-25
-21
-27
-24
-27
-27
-26
-26
-25
-26
-24
-26
-19
-21
-24
-23
-24
-22
-26
-29
-27
-24
-28
-29
-27
-28
-25
-24
-24
-19
-21
-24
-22
-22
-20
-20
-22
-17
-19
-23
-20
-22
-28
-28
-27
-26
-24
-20
-22
-21
-16
-19
-18
-16
-15
-13
-10
-13
-10
-9
-9
-8
-10
-10
-8
-7
-7
-10
-7
-9
-11
-9
-7
-10
-11
-8
-8
-10
-5
-4
-4
-4
-8
-8
-4
-1
0
-2
-3
0
-3
-3
-4
0
1
0
3
3
1
0
1
0
1
3
4
1
4
1
4
5
9
13
10
16
18
15
9
12
16
12
15
13
13
13
10
9
9
6
7
8
8
8
9
9
12
14
12
10
7
6
9
10
8
8
2
1
3
4
4
6
7
3
4
-1
-1
3
0
0
-2
-3
-4
-5
-11
-10
-12
-12
-8
-11
-13
-18
-12
-10
-15
-14
-13
-16
-12
-15
-18
-18
-17
-20
-17
-23
-20
-17
-17
-17
-14
-11
-19
-14
-16
-17
-12
-15
-17
-19
-13
-15
-12
-11
-13
-13
-14
-12
-10
-7
-7
-12
-10
-8
-9
-6
-7
-7
-7
-13
-11
-13
-19
-17
-14
-8
-13
-11
-13
-7
-6
-12
-12
-13
-8
-9
-12
-13
-14
-18
-17
-8
-12
-13
-9
-12
-5
-2
-7
0
-1
-5
2
-3
-4
-1
4
2
1
2
6
8
5
8
7
4
6
4
6
11
13
12
16
16
14
21
17
21
19
24
23
22
22
18
18
16
15
11
14
15
15
16
15
17
18
11
11
10
8
8
9
12
11
11
10
12
13
14
14
11
11
14
9
10
10
10
11
16
16
14
15
12
12
10
9
2
7
3
1
2
3
7
5
1
1
4
1
1
-2
-1
-2
0
-4
-5
-5
-7
-5
-9
-8
-10
-18
-15
-16
-17
-17
-17
-15
-17
-15
-12
-15
-18
-18
-16
-15
-10
-12
-13
-12
-12
-10
-8
-10
-11
-10
-9
-6
-7
-6
-5
-3
-2
-3
1
-3
-3
-3
-1
-2
-2
1
-1
-2
-2
-4
-6
-6
-3
-4
-4
1
-3
2
-1
-2
-2
-2
-3
-5
-5
-3
-1
-5
-2
0
-1
-2
-7
-6
-4
-1
-5
-6
-5
-7
-8
-7
-6
0
1
0
6
4
6
3
4
6
9
5
10
9
9
16
17
19
17
20
22
21
21
23
17
23
23
21
24
24
30
29
29
29
26
32
31
30
29
27
27
28
29
26
24
27
29
32
30
23
24
25
31
25
25
24
25
23
23
22
25
22
16
22
22
20
19
17
16
21
20
19
19
19
26
19
21
15
15
13
13
13
11
14
15
13
10
12
12
9
12
13
10
10
12
6
9
8
7
8
4
6
5
7
4
4
4
0
0
0
-3
-4
-3
-6
-3
-6
-4
-5
-8
-11
-13
-16
-14
-13
-12
-12
-10
-6
-9
-8
-7
0
-2
-2
-3
-2
0
-1
1
1
3
3
2
-1
0
-4
1
-1
-2
0
0
-3
-2
2
-3
-1
-4
-5
-1
0
-2
-2
2
-2
1
0
1
3
5
7
4
8
8
3
7
6
8
7
6
13
13
12
11
13
11
15
12
13
16
16
17
19
14
14
18
19
22
20
24
24
22
18
20
16
18
20
22
20
14
22
22
25
21
26
26
29
30
31
32
28
28
29
29
27
29
28
30
24
26
26
25
27
22
22
19
20
18
18
17
19
16
15
19
16
13
20
16
16
20
12
13
12
10
12
14
13
16
11
11
11
17
8
8
9
7
12
8
8
10
8
11
11
11
16
12
12
8
11
8
9
11
8
6
8
7
6
5
11
12
9
12
8
7
6
3
3
-2
-5
-5
-10
-7
-8
-8
-9
-6
-5
-7
-7
-8
-2
-5
-7
-4
-3
-2
-5
-7
-6
-9
1
-4
-1
2
0
3
-1
5
3
1
4
5
4
-1
1
-2
2
1
1
7
4
6
5
4
6
7
4
7
7
5
8
9
9
8
8
5
6
7
5
7
7
11
9
12
13
10
13
7
8
10
14
8
7
10
9
9
10
12
11
9
11
11
10
13
15
13
12
11
9
12
12
13
16
14
15
16
16
20
24
17
18
20
16
16
21
21
18
20
12
20
20
18
19
17
17
14
16
14
14
17
16
18
17
20
14
16
21
16
19
15
14
17
14
14
11
7
9
7
9
5
5
6
2
7
4
2
0
-5
-4
-7
-4
-1
-3
-5
-1
-3
-5
1
3
-3
-6
1
-4
-2
-4
-3
-4
-4
-1
-8
-3
-6
-6
-8
-5
-2
1
-1
-5
-4
-6
-8
-3
-4
-6
-4
-3
-2
-6
-6
-6
-5
-6
0
0
1
4
-1
3
3
1
-2
-2
2
1
3
5
2
3
8
1
5
3
4
8
6
8
9
9
6
8
7
7
9
10
9
6
9
9
4
8
5
5
5
7
7
9
7
7
12
6
8
12
12
15
18
15
16
15
15
14
11
9
6
10
12
10
12
13
11
16
17
15
17
19
13
11
12
15
13
15
17
14
12
14
19
15
11
18
12
11
14
12
17
18
17
15
15
16
14
16
17
16
16
16
16
11
16
13
14
11
4
7
10
6
8
12
7
8
9
12
8
2
2
7
5
5
6
4
-1
-1
-1
-4
1
2
-2
-2
2
2
0
3
1
1
4
1
-1
2
2
2
2
-3
1
0
1
4
-1
1
-3
-3
1
-4
-2
0
1
-7
-5
-5
-7
-1
-6
-4
-4
-6
-7
-10
-4
-3
-9
-4
-11
-8
-8
-11
-7
-5
-3
-10
-7
-6
-7
-7
-12
-15
-16
-15
-9
-9
-4
-10
-10
-9
-5
-7
-8
-8
-7
-6
-8
-8
-10
-12
-9
-7
-9
-6
-8
-10
-8
-11
-10
-10
-11
-8
-7
-3
-6
-3
-6
-4
1
0
4
1
5
7
10
7
8
9
8
16
7
12
11
12
16
14
14
17
21
19
24
16
23
18
17
22
20
20
17
18
20
21
23
23
24
27
28
28
28
29
26
27
29
27
28
26
26
25
23
22
24
25
27
25
24
25
30
29
23
25
23
21
20
20
21
19
13
12
13
12
11
10
7
8
7
7
7
5
3
4
-3
-1
1
0
-5
-8
-3
-6
-8
-9
-8
-11
-10
-10
-14
-16
-17
-21
-21
-25
-28
-27
-29
-27
-25
-26
-33
-34
-36
-35
-34
-35
-36
-37
-33
-33
-33
-30
-29
-30
-26
-20
-19
-16
-18
-17
-14
-11
-14
-16
-14
-18
-22
-16
-14
-19
-17
-19
-21
-24
-19
-17
-24
-17
-16
-14
-13
-14
-9
-7
-2
0
8
12
15
20
21
22
30
26
23
32
36
37
33
37
47
46
46
52
50
50
50
52
53
52
52
50
53
50
50
55
48
46
47
49
48
41
37
34
38
32
32
30
22
24
24
21
17
13
17
12
6
6
5
5
-1
-1
-2
-6
-7
-14
-14
-13
-13
-16
-22
-21
-23
-26
-21
-27
-31
-31
-35
-32
-35
-36
-36
-34
-34
-28
-28
-32
-28
-31
-32
-29
-28
-26
-28
-28
-31
-29
-33
-35
-35
-34
-33
-35
-32
-31
-32
-36
-45
-51
-54
-55
-53
-49
-43
-41
-30
-14
2
4
5
12
32
47
66
77
69
69
67
71
78
80
76
75
73
70
68
62
54
45
42
47
52
50
45
40
41
44
48
46
42
40
47
44
33
27
17
10
13
9
3
-7
-8
-15
-12
-9
-15
-17
-21
-18
-16
-15
-21
-24
-22
-21
-15
-8
-10
-16
-15
-14
-12
-11
-4
-5
-12
-5
-3
-9
-10
3
3
2
5
13
17
17
20
17
20
20
23
31
25
28
26
25
24
32
32
33
31
29
29
26
27
19
24
20
11
14
10
3
4
1
-1
-3
-1
-2
-8
-8
-14
-15
-17
-23
-20
-28
-30
-33
-39
-35
-40
-48
-52
-47
-45
-46
-46
-45
-40
-46
-39
-36
-36
-35
-41
-44
-49
-55
-62
-68
-80
-80
-75
-65
-41
-21
-11
-18
-21
-14
15
46
71
80
64
59
70
80
85
81
73
75
81
88
92
76
56
49
50
54
53
48
46
46
47
45
43
35
34
41
47
45
31
11
8
11
15
7
0
-9
-7
0
-4
-15
-29
-34
-25
-14
-13
-19
-31
-33
-28
-21
-18
-20
-19
-13
-15
-7
-10
-14
-16
-13
-5
0
-2
2
4
7
11
13
12
12
15
17
22
18
14
18
24
26
29
22
19
23
23
26
23
20
18
12
10
11
1
-1
-3
-4
-9
-12
-17
-19
-21
-22
-35
-46
-47
-47
-54
-62
-66
-66
-70
-72
-74
-81
-87
-87
-81
-81
-81
-81
-83
-81
-78
-78
-78
-85
-91
-97
-95
-98
-94
-93
-82
-66
-46
-16
-3
-9
-7
15
39
55
74
91
84
80
92
106
107
99
99
103
108
114
113
98
85
82
82
86
84
75
73
69
68
65
55
49
48
48
52
51
35
19
13
15
11
5
-2
-11
-14
-10
-11
-25
-40
-44
-36
-35
-33
-41
-46
-53
-52
-44
-44
-45
-45
-38
-36
-36
-29
-29
-34
-25
-19
-12
-8
-3
-7
-6
-2
-1
3
6
11
13
15
14
9
13
21
24
20
19
19
19
24
28
28
25
22
18
19
22
13
9
7
1
-3
-3
-6
-13
-22
-27
-38
-49
-46
-51
-57
-56
-64
-67
-73
-75
-79
-83
-83
-85
-95
-95
-95
-100
-98
-102
-103
-105
-104
-100
-97
-98
-108
-117
-125
-131
-131
-131
-123
-115
-104
-88
-58
-41
-41
-43
-31
-3
26
57
78
73
60
68
84
91
94
98
98
91
96
106
96
79
73
73
77
84
83
75
70
72
77
71
60
50
49
56
59
48
30
20
20
18
15
12
-1
-12
-4
0
-7
-27
-40
-31
-28
-29
-34
-37
-51
-56
-52
-43
-48
-52
-51
-36
-33
-32
-24
-28
-33
-24
-16
-14
-7
3
9
6
10
16
17
15
20
25
22
21
28
28
27
27
29
30
37
36
33
31
31
29
26
26
21
16
18
13
7
1
-6
-12
-19
-22
-28
-36
-39
-48
-54
-55
-70
-78
-83
-90
-91
-97
-101
-101
-106
-103
-102
-103
-110
-114
-109
-106
-107
-106
-111
-111
-114
-125
-130
-140
-147
-150
-142
-135
-128
-111
-80
-50
-37
-47
-50
-24
10
52
84
90
76
68
85
106
108
105
103
96
105
121
118
97
77
69
76
80
78
73
69
71
74
72
56
41
37
49
59
55
35
19
17
17
13
6
-3
-10
-11
1
0
-22
-46
-49
-34
-34
-40
-51
-60
-73
-73
-60
-60
-72
-72
-47
-40
-41
-46
-50
-47
-42
-8
6
-11
-13
2
10
14
27
25
15
21
34
41
39
36
36
39
45
50
50
43
44
47
48
48
40
36
34
33
34
26
16
10
6
-4
-10
-13
-18
-27
-32
-39
-50
-59
-66
-66
-74
-86
-88
-98
-105
-109
-115
-118
-124
-124
-120
-130
-145
-143
-132
-135
-132
-126
-135
-151
-152
-149
-157
-178
-180
-166
-148
-127
-93
-56
-45
-63
-64
-27
4
48
86
111
95
80
101
124
123
122
123
123
128
142
156
137
105
95
103
105
109
106
100
95
103
105
89
69
67
74
80
79
54
37
32
35
31
16
4
-11
-16
-10
-2
-22
-55
-62
-43
-43
-54
-61
-66
-80
-88
-74
-69
-86
-96
-79
-68
-70
-71
-70
-78
-80
-58
-32
-24
-14
-6
2
11
22
30
39
55
56
65
67
66
70
77
83
80
76
77
82
88
86
79
77
70
73
72
72
67
59
50
47
34
19
16
7
6
-3
-17
-27
-33
-42
-45
-52
-62
-69
-70
-73
-81
-89
-98
-105
-112
-113
-120
-130
-135
-134
-132
-134
-138
-137
-131
-134
-144
-146
-150
-168
-181
-176
-161
-145
-116
-76
-45
-47
-59
-44
-11
29
62
103
109
88
99
116
133
126
123
128
126
139
159
163
141
110
103
110
109
106
101
96
90
96
86
73
52
48
55
58
57
41
26
22
24
13
-3
-10
-17
-22
-16
-6
-28
-61
-55
-34
-41
-59
-58
-57
-75
-82
-64
-69
-89
-95
-73
-65
-79
-70
-52
-52
-58
-38
-14
-7
0
19
35
28
35
63
65
67
74
79
80
83
81
87
80
76
74
75
85
77
81
74
73
70
69
66
56
49
44
42
30
20
8
-1
-12
-20
-27
-40
-53
-69
-54
-45
-53
-82
-100
-99
-105
-107
-120
-144
-169
-172
-167
-169
-191
-197
-186
-179
-176
-172
-173
-202
-218
-213
-206
-197
-197
-169
-96
-10
51
73
53
42
76
130
151
151
200
258
246
195
148
104
71
90
135
125
67
61
108
117
66
20
14
44
85
124
130
111
92
96
108
96
69
60
83
93
74
40
3
-33
-62
-69
-53
-61
-88
-85
-53
-55
-104
-127
-103
-88
-92
-74
-38
-44
-71
-62
-35
-44
-69
-56
-25
-15
-7
1
-9
-14
5
43
59
46
67
94
106
100
85
69
59
80
89
63
45
62
71
69
62
45
35
51
76
83
69
58
60
58
44
21
-2
-20
-34
-34
-41
-74
-104
-115
-120
-128
-139
-159
-167
-155
-125
-114
-126
-132
-118
-99
-107
-121
-117
-118
-128
-138
-147
-155
-159
-144
-147
-165
-178
-191
-204
-214
-214
-206
-175
-75
77
193
193
135
135
212
246
178
146
239
338
295
179
103
43
-34
-51
8
32
-13
-41
21
82
65
17
11
59
130
187
221
227
190
142
126
126
85
34
17
29
10
-37
-80
-135
-191
-189
-126
-93
-115
-104
-21
16
-33
-53
2
44
25
23
70
85
31
-16
-8
6
-15
-62
-83
-66
-55
-65
-86
-75
-36
8
70
124
156
161
189
231
222
184
174
199
190
145
102
71
33
6
4
-17
-56
-62
-24
9
22
40
44
51
62
80
74
41
26
17
2
-30
-72
-105
-138
-164
-188
-215
-233
-234
-217
-192
-179
-169
-140
-108
-93
-95
-84
-69
-70
-85
-103
-110
-124
-120
-129
-154
-156
-174
-192
-227
-239
-236
-230
-199
-103
93
245
247
164
162
256
265
176
152
250
327
263
164
98
7
-134
-186
-89
-9
-47
-108
-28
95
104
16
3
87
157
196
242
289
245
151
107
101
46
-31
-61
-60
-67
-95
-134
-201
-259
-248
-180
-135
-118
-62
29
71
51
39
78
89
53
54
103
120
36
-50
-32
-3
-71
-166
-170
-99
-70
-108
-90
-24
18
10
48
156
219
227
255
305
306
248
190
173
157
98
48
33
24
-8
-42
-62
-76
-78
-67
-30
26
74
91
96
104
107
93
61
28
17
17
-4
-51
-116
-156
-183
-218
-236
-249
-231
-193
-159
-133
-106
-84
-79
-91
-67
-29
-3
-20
-47
-66
-89
-119
-164
-181
-189
-183
-171
-189
-216
-250
-258
-249
-218
-110
112
318
329
240
254
325
267
123
111
237
294
209
150
130
-5
-230
-293
-146
-61
-131
-148
36
191
136
33
85
175
152
158
299
394
291
136
117
132
12
-155
-165
-85
-97
-163
-175
-172
-225
-263
-207
-101
-62
-35
68
163
153
108
115
119
71
34
64
79
-1
-83
-81
-57
-134
-232
-215
-139
-127
-153
-111
-25
-4
-22
60
264
307
234
291
372
346
221
158
161
158
75
-9
16
-18
-110
-156
-103
-73
-103
-99
-14
105
141
130
149
193
187
151
128
109
82
20
-27
-66
-126
-207
-253
-249
-269
-280
-261
-222
-173
-124
-90
-53
-20
-26
4
40
25
-20
-50
-53
-92
-143
-204
-224
-237
-258
-242
-219
-225
-251
-236
-221
-216
-184
-16
273
423
332
247
325
344
186
43
96
221
196
107
98
91
-104
-318
-271
-89
-61
-156
-64
193
306
186
105
198
231
152
175
332
368
210
80
96
73
-112
-255
-217
-154
-176
-198
-156
-149
-206
-209
-125
-51
-37
19
147
202
153
128
142
88
-16
-37
5
-26
-129
-157
-95
-105
-232
-288
-203
-140
-162
-142
7
126
120
119
215
280
218
195
290
349
260
146
149
156
41
-99
-116
-53
-50
-81
-48
7
-5
-33
16
105
136
119
141
205
223
161
91
49
12
-39
-86
-113
-146
-192
-225
-226
-240
-277
-278
-222
-149
-105
-79
-45
-14
-6
-28
-45
-40
-47
-60
-86
-109
-142
-196
-239
-267
-262
-250
-215
-165
-147
-149
-163
-182
-199
-190
-124
63
332
459
371
257
271
281
145
0
21
173
235
165
107
68
-75
-251
-239
-90
-17
-71
-18
208
363
285
144
147
188
175
172
243
295
218
100
38
-2
-103
-224
-271
-249
-189
-126
-108
-154
-179
-122
-65
-62
-51
63
188
178
113
142
173
69
-76
-98
-35
-72
-184
-208
-140
-133
-205
-239
-191
-137
-136
-110
-11
66
77
71
184
340
309
250
265
277
254
201
134
70
49
3
-18
-24
-76
-102
-81
-41
-27
13
40
60
111
178
209
176
145
146
163
107
23
-18
-62
-135
-203
-229
-252
-277
-300
-291
-238
-216
-203
-169
-118
-85
-40
-21
-23
9
19
-14
-73
-110
-122
-138
-185
-228
-231
-228
-247
-255
-254
-240
-236
-235
-241
-217
-158
-16
255
437
400
278
293
346
248
88
40
157
244
190
102
42
-51
-208
-248
-147
-51
-73
-77
95
312
349
222
154
197
243
230
219
256
256
167
60
1
-58
-167
-277
-315
-240
-145
-130
-179
-181
-106
-50
-57
-67
23
152
179
129
151
189
101
-52
-109
-60
-73
-183
-235
-161
-94
-164
-251
-233
-158
-109
-119
-77
38
142
199
237
311
333
276
225
235
249
186
111
92
83
22
-51
-82
-91
-85
-60
-15
25
37
65
121
170
184
173
167
169
170
144
98
38
-34
-99
-149
-192
-237
-269
-274
-257
-236
-221
-203
-173
-128
-85
-60
-36
-10
-17
-11
0
-24
-88
-154
-169
-197
-222
-260
-275
-257
-247
-226
-212
-174
-161
-140
-133
-135
-120
-133
-109
-32
183
418
414
208
100
210
223
67
-53
53
243
236
122
72
81
-54
-207
-155
26
77
-16
19
239
383
256
82
86
155
147
129
189
231
157
18
-41
-29
-100
-220
-270
-192
-78
-37
-88
-138
-107
-72
-73
-76
-19
96
142
112
95
135
111
-29
-131
-109
-33
-70
-166
-188
-99
-53
-134
-189
-148
-74
-69
-66
23
135
145
92
194
329
307
232
222
268
278
208
95
64
90
46
-12
-36
-24
-30
-42
-35
26
75
48
48
120
206
199
160
143
165
160
80
23
-14
-64
-145
-194
-206
-216
-233
-273
-250
-198
-180
-185
-179
-149
-97
-47
-57
-59
-25
-34
-82
-117
-125
-128
-149
-208
-228
-206
-225
-254
-232
-188
-185
-209
-219
-208
-192
-186
-54
250
457
406
237
218
300
270
92
5
140
278
245
127
83
30
-136
-278
-224
-53
-20
-96
5
254
362
232
73
94
188
175
155
224
273
198
49
-29
-48
-114
-245
-327
-251
-109
-62
-128
-198
-178
-113
-103
-127
-54
99
175
132
105
153
131
-22
-145
-98
-14
-56
-168
-171
-83
-84
-185
-247
-175
-89
-82
-54
78
218
225
190
220
280
274
217
204
236
237
166
87
42
4
-51
-101
-100
-59
-16
4
8
33
68
104
120
125
147
171
173
152
128
88
27
-50
-112
-136
-164
-205
-226
-213
-205
-220
-227
-206
-167
-133
-112
-86
-39
-18
-32
-48
-48
-67
-120
-165
-177
-167
-168
-184
-217
-222
-205
-195
-180
-149
-120
-124
-144
-160
-155
-125
-95
19
261
444
365
129
84
208
221
52
-30
137
307
264
94
35
20
-111
-247
-173
27
69
-9
32
242
329
176
17
42
156
185
174
215
239
150
10
-64
-78
-116
-200
-233
-148
-30
-8
-106
-202
-196
-116
-77
-70
8
139
169
81
57
113
85
-73
-171
-85
33
-27
-170
-195
-99
-81
-182
-232
-153
-62
-55
-50
46
179
181
142
197
278
255
185
190
226
220
157
78
43
34
-7
-64
-86
-59
-16
11
16
40
77
108
109
115
158
176
149
121
129
121
52
-42
-99
-129
-176
-226
-248
-235
-224
-225
-210
-180
-168
-160
-152
-134
-82
-47
-61
-85
-81
-73
-104
-130
-154
-177
-177
-193
-217
-204
-186
-185
-191
-180
-195
-219
-236
-243
-193
-92
119
353
447
316
153
182
265
229
78
66
239
361
273
91
9
-57
-172
-243
-126
41
46
-18
64
270
309
139
10
85
236
257
223
236
244
126
-45
-102
-78
-105
-213
-270
-180
-50
-61
-213
-297
-230
-113
-75
-66
21
137
138
49
47
100
49
-88
-121
-12
52
-39
-163
-172
-110
-124
-193
-193
-110
-44
-21
26
127
182
151
151
217
269
252
204
185
209
205
138
60
3
-18
-18
-18
-38
-35
12
45
51
52
81
108
107
109
132
163
144
94
64
49
3
-61
-121
-167
-198
-216
-213
-218
-232
-229
-201
-170
-154
-130
-118
-101
-81
-64
-61
-76
-84
-103
-122
-155
-185
-175
-163
-174
-203
-192
-164
-165
-173
-155
-119
-130
-175
-191
-154
-92
-61
15
216
403
351
119
41
173
268
175
93
198
337
300
124
17
-3
-87
-201
-143
58
156
74
9
107
207
163
46
37
136
224
267
263
206
96
-21
-84
-99
-99
-100
-113
-130
-116
-82
-119
-231
-293
-215
-69
10
49
103
123
60
-2
35
79
15
-76
-40
67
69
-54
-151
-135
-97
-123
-147
-97
-25
-10
-25
9
116
184
173
194
261
293
281
280
256
194
148
129
114
76
26
-29
-51
-31
-10
1
-13
-2
47
103
125
118
122
134
142
126
114
94
25
-46
-107
-139
-182
-238
-269
-262
-236
-224
-220
-216
-202
-186
-162
-142
-97
-50
-46
-57
-72
-67
-77
-119
-158
-166
-144
-156
-202
-229
-227
-211
-225
-253
-270
-246
-217
-202
-120
95
361
439
286
140
209
334
296
177
177
305
360
248
88
0
-77
-209
-237
-94
50
44
-53
-36
98
175
126
64
115
222
297
317
282
191
70
-36
-72
-45
-28
-80
-180
-227
-180
-128
-200
-316
-306
-170
-47
2
55
95
50
-17
22
127
130
9
-56
18
78
4
-114
-151
-136
-145
-162
-122
-58
-52
-85
-57
58
140
135
155
242
299
295
282
265
208
164
161
154
118
46
-3
0
-3
-37
-47
-4
20
21
38
102
152
133
98
98
138
155
115
62
26
-1
-54
-120
-174
-199
-203
-209
-222
-219
-198
-175
-165
-162
-142
-102
-81
-80
-80
-49
-27
-64
-129
-162
-151
-154
-179
-190
-170
-159
-182
-193
-171
-162
-184
-196
-173
-156
-133
-59
127
360
422
258
78
95
226
274
209
177
242
299
229
95
-1
-78
-155
-164
-29
130
138
12
-34
62
152
129
78
120
212
257
260
254
191
39
-109
-119
-9
61
-35
-193
-230
-152
-100
-169
-260
-241
-145
-74
-18
62
109
16
-107
-62
112
169
32
-93
-55
41
37
-74
-150
-149
-115
-89
-64
-33
-53
-123
-134
-36
115
216
217
204
223
268
280
252
213
180
190
212
182
107
29
-35
-66
-54
-18
0
-4
-9
17
63
91
86
66
63
96
142
143
87
9
-42
-77
-124
-165
-195
-219
-246
-268
-243
-223
-205
-212
-215
-189
-149
-112
-110
-115
-101
-59
-47
-91
-126
-125
-128
-161
-189
-174
-143
-153
-205
-229
-208
-198
-234
-265
-229
-73
207
421
375
142
51
201
356
346
250
246
302
291
188
98
27
-96
-190
-122
72
147
10
-141
-100
67
150
118
96
159
224
253
260
236
147
7
-73
-14
104
109
-51
-245
-298
-211
-139
-174
-242
-236
-147
-83
-44
-3
-17
-89
-105
31
192
177
11
-91
-42
35
23
-37
-76
-95
-111
-108
-66
-35
-59
-88
-39
73
152
155
143
164
202
237
267
259
199
150
158
170
118
34
12
40
37
12
3
14
7
-11
6
71
126
115
45
34
63
75
38
-2
2
5
-34
-104
-152
-167
-197
-236
-237
-187
-135
-147
-166
-154
-119
-114
-151
-171
-143
-78
-36
-54
-103
-134
-147
-145
-151
-160
-148
-127
-101
-85
-87
-124
-180
-214
-215
-173
-114
-52
70
256
359
233
25
2
196
361
322
227
233
274
210
70
-1
14
-10
-73
-52
47
76
-35
-100
-33
71
110
100
116
146
162
172
183
162
79
2
-9
19
34
-7
-97
-190
-213
-164
-114
-131
-172
-154
-113
-95
-57
-1
-16
-88
-75
55
142
82
-45
-80
-25
14
11
-1
-13
-47
-78
-74
-28
-13
-14
16
74
122
129
132
153
178
183
206
234
225
153
98
111
119
83
45
41
41
24
18
35
51
48
38
53
68
68
38
18
20
26
10
-28
-60
-74
-84
-120
-170
-194
-197
-204
-218
-211
-170
-144
-139
-145
-144
-142
-138
-141
-137
-118
-98
-90
-113
-156
-174
-161
-155
-156
-156
-144
-124
-124
-143
-170
-194
-202
-197
-164
-101
-1
159
293
261
88
15
147
329
372
280
210
209
190
133
89
89
70
-6
-46
-2
38
-25
-104
-67
68
148
106
53
60
101
125
150
188
166
65
-32
-28
40
60
-25
-146
-182
-134
-95
-135
-182
-176
-136
-119
-102
-34
-14
-76
-120
-44
85
92
-7
-67
-43
-1
29
52
51
-4
-66
-71
-10
48
26
-1
52
133
150
124
119
133
145
183
238
229
151
85
85
112
116
101
83
62
23
5
31
63
54
40
70
106
90
40
-1
-7
18
31
21
-17
-66
-91
-112
-136
-166
-179
-182
-192
-200
-184
-151
-139
-141
-138
-109
-89
-116
-154
-156
-106
-64
-74
-122
-171
-172
-139
-128
-148
-172
-162
-123
-98
-98
-127
-172
-204
-198
-144
-82
-2
134
257
220
41
-15
157
366
387
251
183
205
203
138
106
157
142
24
-65
-23
36
-20
-97
-44
88
107
21
-20
31
85
106
144
195
167
35
-60
-26
64
82
-8
-106
-128
-102
-101
-148
-172
-140
-118
-138
-128
-56
-28
-108
-155
-60
67
61
-50
-108
-60
18
53
52
37
-10
-59
-51
18
82
80
44
56
106
119
88
82
112
138
162
189
179
128
81
78
108
117
113
98
73
53
48
69
90
83
60
55
73
74
44
6
-5
-5
-8
-39
-68
-78
-85
-109
-141
-157
-156
-162
-187
-194
-157
-114
-109
-131
-154
-143
-107
-101
-122
-126
-100
-82
-103
-145
-148
-121
-123
-149
-152
-122
-103
-126
-146
-131
-115
-135
-164
-160
-123
-86
-12
142
271
212
13
-37
191
438
434
254
154
178
196
177
187
232
164
5
-75
-5
64
-12
-87
-32
81
95
16
-26
1
38
75
146
187
123
-13
-71
0
105
117
11
-104
-119
-67
-43
-79
-121
-122
-131
-145
-103
-19
-24
-136
-176
-56
58
20
-83
-100
-26
28
45
47
34
-16
-52
-3
103
146
74
20
67
140
139
100
93
112
135
163
164
137
86
60
73
90
94
72
59
46
36
52
85
89
60
44
75
107
95
53
14
9
19
17
-2
-34
-49
-54
-84
-108
-128
-150
-164
-161
-147
-141
-135
-127
-123
-116
-106
-84
-87
-100
-97
-59
-28
-56
-106
-126
-101
-88
-117
-139
-121
-112
-131
-141
-126
-120
-137
-160
-147
-119
-94
-51
52
204
246
102
-36
92
362
471
346
193
176
199
194
200
255
250
98
-55
-41
84
110
3
-43
30
82
43
14
38
63
74
108
161
149
48
-42
-21
79
142
93
-22
-91
-74
-20
-19
-60
-88
-103
-117
-107
-33
20
-59
-170
-146
-7
43
-51
-123
-77
13
38
11
-9
-12
-2
17
57
119
132
69
49
116
177
157
117
117
133
166
181
157
92
58
70
79
80
80
66
46
32
47
78
84
56
39
72
105
101
53
18
7
14
19
11
-18
-54
-85
-103
-123
-150
-171
-179
-175
-170
-165
-164
-148
-138
-137
-124
-89
-81
-111
-131
-87
-30
-39
-99
-136
-116
-81
-70
-86
-97
-112
-133
-130
-87
-60
-91
-143
-147
-108
-91
-92
-79
-17
114
204
139
-25
-10
223
396
350
201
137
158
181
214
279
292
143
-51
-69
86
177
83
-31
-43
-1
5
-6
5
8
-1
17
56
59
8
-47
-37
34
101
99
28
-70
-89
-19
47
28
-40
-76
-83
-75
-35
14
-20
-136
-164
-43
55
-7
-111
-101
-22
6
-21
-20
35
48
15
32
119
161
79
10
67
180
200
130
88
98
119
133
148
126
65
3
12
71
96
62
2
-18
20
63
70
47
43
52
59
58
53
49
28
7
18
46
27
-35
-99
-117
-112
-106
-105
-140
-188
-205
-181
-147
-132
-139
-155
-162
-133
-96
-85
-93
-101
-91
-73
-73
-100
-115
-98
-75
-75
-103
-132
-139
-129
-103
-85
-84
-106
-148
-172
-146
-107
-99
-100
-76
36
143
89
-58
-63
183
386
320
131
75
179
258
259
258
238
121
-15
-6
149
219
95
-60
-65
31
49
-1
-19
7
17
-9
-20
-16
-11
-11
8
37
69
61
-12
-74
-36
63
89
3
-85
-78
-36
-33
-28
-18
-56
-148
-169
-53
41
-28
-149
-144
-48
-4
-36
-44
-4
9
-6
5
63
108
76
36
82
158
158
104
93
109
121
134
132
83
26
23
78
107
60
0
-14
20
55
60
59
45
30
22
41
80
83
52
22
33
52
38
-19
-64
-76
-73
-72
-98
-132
-159
-167
-154
-144
-146
-157
-169
-180
-185
-145
-94
-93
-144
-166
-118
-68
-80
-115
-122
-115
-110
-116
-116
-112
-126
-145
-136
-103
-93
-121
-141
-142
-138
-123
-108
-123
-161
-160
-73
46
87
-14
-117
-29
203
322
216
86
95
179
228
246
244
181
56
-16
61
180
160
-4
-102
-37
51
22
-61
-71
-33
-29
-41
-23
-1
-11
-40
-25
43
94
55
-34
-55
21
99
54
-68
-113
-61
-11
-19
-39
-45
-83
-136
-103
-11
14
-62
-109
-70
-27
-30
-26
4
12
-19
-24
29
81
82
44
44
80
92
81
86
102
103
81
82
83
66
58
72
67
36
20
34
52
38
29
40
34
27
24
46
67
59
46
30
21
11
-2
-6
-8
-20
-48
-67
-82
-88
-83
-83
-112
-147
-164
-154
-135
-117
-113
-139
-151
-134
-114
-120
-120
-94
-76
-94
-124
-129
-90
-64
-83
-105
-93
-77
-78
-86
-82
-73
-78
-101
-103
-91
-93
-113
-138
-145
-142
-139
-112
-20
67
26
-106
-94
141
322
250
75
46
164
244
236
206
184
115
29
37
115
119
7
-85
-56
6
-20
-77
-82
-42
-30
-42
-38
-27
-17
2
25
38
33
9
-25
-36
7
56
33
-64
-110
-60
-10
-29
-61
-43
-30
-83
-111
-35
39
-11
-105
-94
-11
21
-19
-46
-20
5
-13
-31
2
41
37
4
-5
23
48
59
76
87
69
56
73
90
90
82
70
36
3
14
49
58
44
26
3
-11
-2
26
38
22
-17
-36
-24
0
7
2
-7
-21
-33
-48
-52
-57
-59
-75
-93
-105
-121
-136
-136
-120
-110
-128
-151
-146
-117
-107
-119
-121
-108
-106
-109
-88
-59
-51
-73
-98
-101
-77
-56
-49
-66
-93
-105
-100
-91
-90
-106
-121
-120
-119
-123
-127
-120
-101
-68
-9
39
12
-65
-27
159
293
215
46
42
169
238
205
153
120
81
47
56
104
94
17
-43
-17
39
34
-13
-20
13
15
-14
-28
-11
20
37
31
14
-12
-16
-8
6
29
37
3
-54
-64
-11
25
-2
-30
-10
-20
-81
-75
12
55
-28
-113
-72
7
-4
-58
-62
-27
-35
-76
-72
-5
38
2
-24
8
51
51
57
90
94
60
61
103
104
50
38
77
87
39
-3
19
56
49
14
-15
-3
22
28
38
38
34
19
8
15
40
47
30
-1
-13
1
-5
-43
-68
-61
-57
-83
-118
-110
-88
-82
-102
-122
-105
-82
-74
-82
-89
-81
-68
-63
-65
-66
-57
-51
-65
-85
-98
-91
-75
-81
-107
-120
-95
-60
-67
-86
-74
-49
-64
-87
-74
-51
-57
-78
-78
-51
7
44
11
-52
-17
126
215
142
30
48
149
202
161
118
120
124
103
96
132
140
80
15
44
94
63
-5
-7
50
49
-14
-41
0
45
46
29
17
14
19
23
34
54
61
28
-22
-29
14
35
15
-10
-11
-37
-78
-59
-7
-4
-72
-112
-81
-38
-42
-62
-62
-40
-28
-52
-56
-26
9
16
18
27
28
12
21
65
92
75
41
30
34
54
69
64
39
16
22
49
67
58
44
29
22
32
49
66
58
44
21
12
27
42
36
13
-4
-10
-16
-20
-16
-15
-27
-51
-59
-63
-68
-61
-48
-55
-92
-115
-88
-53
-58
-95
-109
-91
-94
-108
-109
-81
-67
-84
-96
-92
-73
-63
-79
-82
-55
-37
-47
-67
-52
-20
-13
-40
-62
-61
-61
-68
-77
-78
-85
-91
-65
4
27
-28
-59
46
188
193
87
57
149
232
216
167
146
140
133
134
147
120
79
67
92
89
53
19
29
67
56
13
-1
25
55
43
29
35
38
37
38
37
33
36
18
-19
-39
-21
8
-11
-43
-32
-8
-33
-68
-40
-3
-21
-64
-63
-30
-27
-52
-51
-31
-35
-51
-48
-34
-4
12
-6
-31
-16
20
38
40
57
70
65
64
66
62
68
88
77
34
18
47
71
51
27
24
19
20
44
52
26
7
28
44
32
22
24
30
20
19
7
-11
-15
-9
-17
-35
-46
-58
-64
-63
-61
-89
-130
-126
-79
-64
-106
-132
-99
-64
-76
-106
-105
-75
-53
-63
-88
-98
-81
-63
-72
-80
-69
-64
-74
-73
-52
-42
-55
-64
-63
-50
-48
-64
-77
-76
-66
-82
-101
-85
-42
0
14
9
-5
8
87
173
174
105
86
155
209
196
159
147
158
151
139
140
119
82
77
94
90
44
11
43
82
72
10
-27
-2
36
29
-7
-9
3
2
-12
-21
-26
-25
-24
-30
-33
-38
-30
-36
-35
-22
-24
-56
-73
-33
4
-22
-64
-55
-25
-27
-45
-41
-20
-13
-17
-13
-10
-17
-6
26
42
22
-2
14
52
63
48
35
43
61
60
57
62
57
41
38
64
80
64
41
48
75
79
57
39
41
51
45
37
27
18
19
6
-9
-20
-31
-34
-36
-39
-44
-61
-81
-84
-80
-79
-84
-81
-85
-92
-87
-77
-70
-80
-77
-66
-57
-69
-87
-81
-59
-52
-71
-85
-84
-65
-60
-76
-91
-83
-71
-68
-73
-66
-55
-54
-54
-39
-29
-24
-13
-5
-10
-28
-36
-20
-11
-22
-19
-7
6
17
27
46
53
58
69
92
102
95
102
119
126
119
100
90
92
93
89
71
60
55
55
53
41
32
20
20
17
10
4
12
10
-6
-13
-11
1
4
-9
-20
-22
-27
-34
-34
-31
-26
-20
-19
-22
-25
-17
-6
-7
-7
1
-1
-14
-25
-19
-5
-6
-18
-32
-33
-24
-10
-10
-26
-25
-19
-14
-16
-1
12
17
15
20
29
37
47
47
37
43
60
65
40
13
24
41
31
10
12
20
16
13
13
10
-9
-18
-11
4
-2
-22
-27
-20
-16
-29
-36
-32
-24
-31
-47
-56
-49
-45
-55
-61
-65
-59
-57
-65
-68
-74
-65
-49
-49
-61
-73
-75
-70
-62
-63
-67
-73
-74
-66
-66
-62
-52
-44
-48
-54
-56
-42
-20
-11
-18
-23
-23
-14
-9
-12
-16
-25
-33
-34
-35
-38
-48
-57
-50
-34
-27
-28
-18
4
25
32
27
44
64
75
72
58
62
80
87
76
64
58
59
58
53
46
45
42
35
28
19
23
34
36
36
34
36
37
41
48
51
44
37
34
35
41
33
23
10
13
15
9
-5
-14
-14
-7
-7
-6
-9
-18
-17
-17
-13
-17
-26
-31
-28
-27
-25
-27
-32
-32
-36
-34
-31
-37
-31
-13
-10
-19
-27
-17
3
15
16
-2
-6
0
14
20
10
6
5
13
20
12
1
-1
8
6
-3
-4
1
-1
-11
-14
-5
-3
-9
-14
-6
0
-4
-9
-14
-16
-11
-7
-15
-26
-32
-32
-25
-28
-36
-42
-43
-41
-48
-43
-36
-37
-42
-47
-47
-46
-44
-44
-47
-53
-61
-61
-50
-52
-64
-71
-76
-69
-58
-57
-58
-53
-47
-46
-46
-41
-36
-31
-40
-50
-61
-68
-67
-74
-84
-86
-74
-63
-62
-70
-57
-30
-10
-5
-6
10
28
43
44
43
53
60
69
76
84
79
71
78
82
87
82
68
59
57
57
59
54
44
36
39
44
41
37
36
36
34
30
20
19
18
18
18
14
6
2
-3
-11
-18
-20
-19
-19
-25
-36
-38
-42
-38
-32
-35
-41
-42
-38
-42
-47
-53
-50
-37
-35
-42
-50
-45
-36
-24
-16
-15
-9
-11
-13
-10
-4
4
8
5
13
7
13
22
32
33
27
26
27
36
37
33
28
28
31
35
31
30
29
32
36
33
29
23
24
24
25
20
13
5
-6
-7
-6
-5
-16
-32
-39
-33
-44
-54
-56
-53
-59
-64
-63
-63
-62
-68
-70
-66
-59
-62
-68
-66
-68
-74
-70
-66
-63
-67
-68
-65
-72
-79
-74
-66
-62
-63
-72
-65
-57
-53
-55
-58
-59
-58
-55
-49
-41
-42
-28
-18
-9
9
21
25
32
44
63
76
73
76
85
87
86
88
94
92
87
84
75
74
70
64
58
49
45
40
34
29
24
22
21
19
19
14
12
6
10
16
16
8
2
-1
-2
-5
-15
-16
-8
-10
-23
-39
-50
-37
-28
-30
-34
-43
-53
-57
-47
-42
-35
-40
-41
-39
-34
-24
-25
-15
-11
-7
-4
-5
1
8
12
15
15
15
17
28
33
35
41
46
49
45
41
48
51
48
47
41
32
23
29
35
26
9
15
20
14
3
2
8
8
3
-7
-8
-4
-3
-7
-6
-7
-10
-14
-22
-31
-36
-39
-45
-53
-51
-60
-70
-69
-69
-66
-69
-76
-78
-75
-78
-69
-65
-58
-61
-64
-59
-51
-45
-50
-46
-39
-34
-37
-44
-41
-36
-28
-26
-37
-38
-30
-22
-24
-26
-23
-24
-34
-30
-19
-16
-22
-25
-15
-3
3
5
13
26
29
25
23
27
42
47
48
44
45
43
47
48
48
48
41
37
33
36
34
31
23
33
31
29
20
22
29
39
38
25
25
24
25
22
19
15
15
11
3
-5
-1
6
-2
-8
-12
-12
-9
-13
-13
-17
-19
-18
-13
-9
-9
-14
-6
0
0
4
6
15
13
10
10
21
25
23
24
24
26
18
16
19
29
32
23
25
20
23
24
30
34
33
30
28
35
37
35
27
23
22
19
20
23
16
15
6
3
9
9
10
7
10
7
6
9
13
16
8
4
4
5
-1
-4
-1
-5
-12
-19
-19
-22
-27
-32
-33
-32
-32
-39
-46
-40
-30
-22
-26
-31
-30
-27
-20
-18
-16
-14
-15
-21
-16
-14
-15
-18
-20
-23
-24
-18
-15
-19
-28
-25
-21
-24
-27
-32
-37
-39
-37
-34
-35
-37
-30
-28
-19
-4
3
13
20
31
41
49
51
54
54
53
58
67
66
64
65
68
65
58
58
59
60
43
38
39
44
39
36
32
35
37
37
32
26
30
30
27
20
22
20
19
14
13
11
7
5
3
5
-3
-10
-12
-9
-4
-14
-17
-11
-9
-11
-10
-12
-9
-4
-2
-3
1
7
12
12
4
8
8
14
19
23
29
21
25
24
33
30
31
34
36
41
42
43
43
49
51
54
50
48
47
48
46
50
46
35
27
23
23
24
25
16
19
19
10
8
4
1
2
1
-1
0
-5
-5
-4
-2
-5
-13
-17
-22
-19
-24
-27
-29
-26
-28
-28
-29
-34
-32
-31
-26
-22
-20
-23
-26
-23
-21
-21
-22
-29
-29
-23
-23
-27
-27
-23
-18
-18
-15
-7
-6
-7
-4
2
1
-3
-1
3
-2
-4
0
3
3
1
0
3
13
19
31
38
35
36
44
57
62
65
69
69
67
74
77
76
67
67
76
71
64
60
57
57
52
46
47
42
40
37
34
32
35
31
29
33
29
26
25
22
19
17
16
12
11
2
0
0
1
3
-1
-3
-8
-1
0
-3
-2
-8
-8
2
8
8
8
8
7
9
18
18
21
20
17
25
26
29
32
27
35
41
44
41
39
47
48
53
53
48
50
49
49
53
57
56
44
40
44
45
40
27
28
29
31
28
18
17
18
15
11
7
10
10
7
6
5
2
-3
-9
-11
-15
-11
-14
-19
-25
-31
-26
-30
-29
-24
-29
-28
-34
-27
-24
-25
-22
-23
-23
-22
-23
-21
-15
-11
-17
-22
-21
-15
-14
-11
-7
-1
-3
1
2
9
14
11
12
7
9
9
12
3
-4
-6
-7
-10
-15
-12
-14
-19
-22
-15
-14
-14
-5
3
7
8
13
24
39
37
37
46
45
51
48
49
44
37
37
40
39
38
31
18
21
21
17
11
8
14
18
20
17
16
14
13
22
26
24
21
20
21
21
19
18
20
17
16
15
15
12
7
9
10
12
3
9
11
17
14
11
10
12
17
18
17
15
17
20
19
18
22
18
20
25
30
28
28
25
27
37
34
32
34
31
27
24
26
29
26
22
22
22
17
11
11
18
21
13
9
9
8
6
10
16
12
9
6
15
14
9
6
0
6
15
13
10
7
8
12
15
13
8
8
8
8
8
5
1
-1
0
-5
-2
-1
2
0
-5
2
4
2
2
-3
-1
-3
-8
-7
-6
-11
-14
-16
-15
-9
-7
-9
-9
-8
-5
0
8
2
3
7
4
6
6
3
-1
4
-3
1
-4
-11
-22
-19
-16
-16
-17
-15
-13
-15
-7
-3
4
9
10
15
20
29
34
39
41
40
45
48
50
50
53
54
55
53
51
51
51
52
49
48
51
48
43
44
45
45
46
45
35
35
37
38
40
36
34
31
35
32
32
35
31
27
26
31
31
24
20
19
21
14
9
9
12
11
7
5
7
7
7
7
6
7
11
11
9
6
11
9
3
5
2
5
3
2
5
-2
1
6
4
6
10
13
12
16
19
20
24
27
27
27
31
34
31
32
31
30
28
25
24
29
27
21
21
17
14
8
10
7
8
8
1
2
5
3
0
1
-5
-3
-8
-10
-7
-11
-8
-8
-14
-19
-16
-16
-17
-15
-23
-22
-20
-17
-16
-15
-14
-15
-15
-17
-9
-3
-3
-4
-1
3
3
-1
7
4
5
7
3
3
-1
2
1
-1
1
-8
-4
0
3
6
4
11
11
12
12
18
19
20
24
24
28
29
33
40
43
43
41
44
52
52
53
58
57
54
57
58
59
54
52
50
53
52
45
51
49
44
41
41
41
39
38
34
32
30
29
28
27
27
21
19
19
18
22
15
14
8
8
13
12
4
2
2
5
5
1
4
6
4
1
7
7
2
8
8
13
16
14
18
18
24
25
24
24
24
23
28
32
31
30
27
25
25
28
31
21
18
15
18
21
12
9
13
16
13
12
11
10
15
13
10
15
14
22
23
23
22
15
20
13
12
8
8
8
4
6
6
5
0
-3
-2
1
-2
-1
1
-1
-1
-5
0
1
-1
1
4
7
5
7
12
13
9
11
12
11
14
16
18
14
10
11
12
15
10
10
7
9
9
6
3
4
1
0
0
-3
4
5
12
12
10
12
12
15
18
19
19
18
20
25
26
32
31
31
35
35
42
42
41
43
42
44
45
45
47
44
43
44
46
50
53
53
49
47
41
47
48
43
39
38
34
31
33
31
31
23
23
19
19
18
15
14
8
11
4
7
7
7
5
3
1
3
5
1
10
18
13
-1
-5
0
9
13
6
-6
-7
-7
-4
-4
-9
-13
-11
-4
-4
-5
-9
-11
-10
-4
4
1
1
-2
-3
2
0
1
7
7
9
13
9
8
7
7
9
10
10
13
13
13
13
14
19
17
15
16
13
15
14
15
11
12
19
17
19
17
14
15
22
26
22
23
21
18
22
24
19
20
23
24
16
22
22
20
13
13
16
18
16
12
20
14
15
13
12
8
12
12
5
4
1
3
5
3
1
-3
-1
2
2
2
0
-4
-1
5
13
19
27
38
40
35
27
35
44
50
53
51
46
40
41
31
26
26
37
44
38
33
27
30
34
40
32
30
29
34
40
30
20
22
30
27
24
17
13
12
16
15
16
11
3
6
4
-2
-6
-10
-7
-7
-17
-17
-21
-15
-12
-16
-17
-18
-15
-8
-5
-8
-3
-2
2
4
4
6
6
10
12
7
11
11
22
24
22
23
23
23
19
20
21
21
17
18
22
20
23
22
16
18
15
14
19
20
20
16
16
18
19
17
15
20
26
21
16
13
16
17
9
9
4
7
11
11
6
6
5
4
3
7
5
3
3
3
-2
-5
-5
-8
-6
-6
-12
-12
-11
-9
-7
-2
-6
-10
-7
-6
-3
-6
-2
2
4
0
2
3
0
5
5
4
5
7
7
4
3
5
3
6
9
12
13
11
15
15
16
11
14
17
19
18
14
11
11
17
18
14
17
18
18
17
16
18
13
15
11
10
12
12
11
10
6
2
3
5
7
5
4
2
6
8
4
-1
-1
-3
-1
-4
-4
-8
-11
-11
-11
-9
-10
-13
-11
-12
-15
-8
-8
-8
-7
-1
-5
-4
-2
3
3
3
7
7
10
10
12
17
16
18
16
17
21
23
24
20
24
27
22
19
24
20
24
22
22
22
17
19
15
14
14
10
11
8
6
6
8
6
10
7
5
8
5
9
7
1
3
0
1
3
-5
-8
-14
-14
-11
-8
-10
-11
-5
-10
-12
-17
-20
-12
-14
-8
-13
-13
-8
-8
-4
-4
-2
4
3
-1
0
-1
3
6
7
7
9
6
4
10
12
10
8
10
14
12
13
15
15
16
20
15
11
14
18
16
11
13
8
11
9
11
15
11
7
7
10
5
3
5
2
4
2
-1
-6
-3
-5
-10
-5
-10
-13
-11
-11
-7
-8
-12
-10
-8
-8
-12
-7
-7
-7
-6
-9
-10
-7
-7
-10
-5
-6
-6
-5
-3
-4
-4
-5
-8
-3
-3
0
-2
0
6
6
7
6
4
7
9
11
9
7
7
7
7
9
6
6
11
5
5
4
3
2
0
-7
-7
-5
-6
-1
-1
1
4
2
1
2
6
5
1
2
0
2
-1
-3
-4
-2
-2
-8
-5
-5
-1
0
2
6
9
8
6
7
7
7
10
9
8
10
9
7
6
11
12
12
14
17
19
20
20
17
14
16
13
16
18
10
1
2
5
0
1
5
5
3
3
6
9
10
5
3
7
2
5
4
5
8
7
6
9
9
9
10
12
18
16
17
15
15
14
15
14
16
15
16
17
12
11
16
15
12
15
9
10
11
8
11
9
13
11
10
10
11
7
8
7
8
10
9
5
7
12
10
14
11
17
13
6
11
11
10
8
7
6
8
7
7
7
2
2
1
-2
-2
-1
-1
-1
-2
-2
0
3
-1
1
3
4
2
0
-1
-7
-5
-14
-13
-15
-12
-12
-14
-15
-19
-18
-15
-10
-11
-8
-8
-8
-6
-3
-2
-6
-4
-2
-4
-3
-2
2
-1
0
1
2
0
6
10
5
7
3
3
6
6
2
2
4
2
7
4
5
7
4
3
5
6
4
3
2
5
5
4
3
2
1
0
-1
-4
-2
-2
-2
2
4
2
2
3
2
3
4
-2
-2
1
3
0
-3
1
1
-2
1
1
1
9
5
2
9
8
8
11
7
11
12
13
18
17
15
12
13
11
9
11
6
8
5
9
5
4
6
5
5
0
3
1
4
4
1
1
4
1
-1
4
0
0
-2
2
0
-7
-11
-5
-8
-10
-10
-12
-14
-13
-9
-13
-13
-18
-21
-19
-17
-17
-19
-16
-24
-27
-24
-21
-21
-17
-20
-22
-22
-20
-18
-22
-21
-23
-21
-18
-14
-15
-14
-15
-18
-15
-17
-12
-16
-14
-17
-19
-17
-18
-13
-12
-8
-6
-7
-9
-11
-12
-7
-12
-10
-8
-5
-3
-5
-2
-2
-3
-1
2
1
2
4
3
-2
1
-1
-1
-1
-2
1
1
0
0
-4
-2
0
2
5
1
2
0
3
7
2
-2
4
5
2
0
1
6
5
5
4
7
7
7
14
13
10
13
13
15
11
12
12
14
15
9
11
11
11
9
14
10
5
11
7
10
10
8
4
5
10
9
11
8
7
6
5
4
5
7
5
5
4
3
1
-3
-3
-2
0
-3
-3
-1
-1
-6
-4
-6
-11
-9
-12
-8
-5
-3
-8
-5
-1
-3
-1
2
3
2
3
0
3
-2
-5
-2
-3
-2
3
1
-2
-3
-1
2
2
1
-2
1
-3
-5
-1
1
3
1
-2
0
-3
-1
0
0
3
0
-2
-6
-2
-2
0
0
-1
-3
-2
-2
-4
-7
-10
-10
-9
-13
-11
-10
-13
-17
-15
-8
-8
-9
-9
-10
-11
-8
-10
-9
-7
-10
-6
-7
-8
-5
-6
-3
0
-2
3
1
5
6
9
14
11
13
10
17
11
13
16
9
10
13
13
13
12
12
7
6
7
10
8
5
12
6
8
9
9
6
7
5
6
7
7
8
5
7
6
7
10
7
3
3
3
4
0
0
3
-1
-3
-1
1
1
-2
-8
-1
3
-2
2
1
2
1
-1
1
1
0
1
0
-2
-1
3
5
4
9
3
4
6
0
0
3
0
2
2
5
5
4
5
9
10
10
7
12
13
12
11
11
13
8
8
7
10
9
13
12
10
11
9
6
6
10
10
3
7
7
0
0
1
2
2
1
-2
-1
-5
-2
-9
-5
-6
-2
-2
-3
-2
-5
-2
-8
-3
-3
-3
-1
-7
-5
-6
-3
-4
-4
-2
-3
-3
-7
-8
-5
-4
-9
-4
0
-2
-4
0
0
2
3
1
6
9
6
6
9
17
14
8
15
13
19
20
18
17
18
21
19
19
16
21
20
18
18
20
14
14
13
9
12
9
6
11
9
11
9
6
4
5
4
4
6
5
4
-1
0
2
3
2
0
3
5
4
3
6
3
5
3
5
8
10
12
9
13
10
16
17
17
18
18
19
19
22
14
15
15
17
21
24
24
22
20
17
18
17
21
18
18
16
17
13
15
13
15
16
12
13
9
13
9
6
1
4
6
4
7
4
6
4
-2
2
3
1
0
4
5
4
1
1
-1
-2
-3
-5
-6
-10
-10
-14
-16
-15
-11
-15
-11
-9
-15
-9
-10
-3
-5
-3
1
-3
-2
-3
4
1
3
3
3
3
3
2
5
4
0
5
3
3
2
4
4
5
-2
3
2
0
5
1
6
6
2
4
0
4
4
1
1
2
1
3
2
0
2
3
2
3
7
0
-1
1
5
2
2
4
5
4
5
3
3
3
5
6
3
7
4
6
11
11
12
10
2
7
7
6
8
5
5
4
2
2
3
1
3
7
3
4
5
3
1
3
3
1
7
4
3
5
7
10
12
9
7
9
9
10
11
9
11
12
11
15
17
20
21
17
17
18
19
22
17
15
19
18
18
19
16
18
15
15
14
11
12
11
9
9
9
6
8
7
2
5
3
2
2
0
1
2
3
-2
-1
-1
-2
-2
-3
-4
-3
-2
1
-2
-3
-1
-2
-4
-1
5
-1
1
1
-4
-1
2
-2
1
2
3
5
1
2
1
-1
2
-4
-1
0
-2
0
-1
3
-5
-2
-4
-1
1
-3
-1
-3
-2
-1
-1
0
-2
0
-5
-5
-3
-4
-3
-2
3
0
3
0
4
1
1
4
1
7
6
6
11
10
5
8
10
8
6
7
4
7
4
5
-4
-3
2
2
2
5
5
4
7
2
6
2
4
0
3
1
2
4
3
2
-1
2
3
3
0
3
5
3
3
7
7
9
14
12
9
9
10
12
14
14
15
13
11
8
8
11
12
10
14
15
17
17
17
21
17
16
19
20
17
17
19
12
16
15
13
13
10
4
3
4
6
9
6
3
5
8
7
6
3
4
5
2
3
0
-2
1
2
-3
-2
-2
-3
-2
-3
-3
-5
-6
-3
-4
-5
-4
-6
-4
-3
-1
-1
-4
-2
-1
-3
-3
-1
0
4
2
2
4
3
3
-1
2
0
4
7
5
7
4
5
1
-2
0
2
5
5
5
9
6
6
7
4
3
5
7
3
4
6
4
6
5
4
5
2
1
2
5
3
1
1
1
3
5
2
6
4
3
4
3
7
7
5
7
5
8
10
2
6
4
5
3
8
8
5
10
10
6
9
11
8
8
7
11
14
10
7
9
8
6
6
12
12
11
9
16
11
9
12
14
16
15
18
21
19
22
19
22
26
24
23
21
23
22
17
18
18
17
15
18
18
13
16
13
18
13
12
13
8
7
7
1
4
4
7
6
5
5
-1
6
1
2
-1
-2
0
0
1
-2
-1
-7
-10
-12
-9
-7
-8
-11
-10
-10
-7
-9
-11
-12
-13
-11
-9
-9
-11
-9
-11
-14
-10
-9
-14
-14
-10
-11
-6
-10
-10
-9
-12
-8
-15
-10
-10
-15
-16
-11
-10
-12
-11
-10
-8
-10
-10
-4
-4
-8
-1
-2
-2
-2
-5
-4
-4
-6
-3
-4
-3
2
0
3
0
3
3
6
5
5
1
3
5
4
2
-1
0
-2
2
2
-1
-1
3
3
1
4
5
6
4
5
7
1
0
4
4
7
6
2
4
4
3
-2
1
0
0
-2
2
2
1
4
5
11
7
8
9
7
4
2
7
9
8
8
5
7
8
7
13
8
10
11
6
5
9
10
5
7
5
3
8
5
6
7
5
8
12
13
9
10
12
12
11
9
8
5
6
4
2
5
4
5
9
8
4
9
7
2
4
5
6
6
9
3
3
3
2
5
4
-1
0
3
5
6
