1
-2
-2
-3
-3
-3
-2
-2
-5
-1
-2
-5
-5
-6
-6
-8
-3
-5
-5
-7
-10
-8
-7
-8
-7
-6
-8
-3
-4
-5
-9
-7
-8
-8
-8
-6
-1
-1
0
-5
3
-2
-3
-1
2
2
0
5
2
4
5
4
0
1
-1
1
2
-2
1
0
8
11
9
8
9
9
4
7
4
6
4
2
6
3
0
3
-2
0
-1
-1
2
0
2
4
1
3
-1
-2
-1
0
4
2
8
7
7
4
5
2
9
4
9
14
9
11
8
1
4
9
8
12
9
8
10
14
12
10
13
9
13
13
11
13
9
12
10
11
10
10
12
8
9
11
13
10
14
12
11
10
13
11
10
14
12
11
12
10
9
16
10
9
11
11
14
10
7
4
2
1
-2
-3
-1
-6
1
2
0
2
4
6
7
9
10
10
8
11
11
12
8
9
10
6
6
5
2
3
5
2
6
10
8
9
6
10
10
11
17
15
20
19
18
22
19
15
19
17
16
18
22
19
21
23
23
22
20
19
22
20
19
20
20
21
15
21
17
17
16
22
21
18
18
17
23
19
13
8
12
12
7
15
13
7
11
12
13
11
15
16
21
19
19
19
18
23
20
16
18
18
16
11
12
10
9
5
1
1
-4
0
0
0
-2
1
3
4
3
3
3
8
4
9
10
7
11
5
9
6
5
9
8
7
3
5
6
2
0
-1
1
1
-3
-3
-1
0
-2
0
0
0
-4
-5
-7
-9
-8
-5
-6
-6
-2
-4
-2
-4
-1
2
-4
-4
-2
-3
-3
-4
-7
-7
-6
-4
-6
-6
-5
-9
-9
-9
-8
-3
-7
-8
-5
-7
-8
-8
-8
-11
-10
-7
-7
-9
-10
-9
-5
-6
-8
-2
-3
1
0
4
6
3
5
2
5
4
4
5
6
4
4
8
8
8
3
2
2
3
3
3
9
8
9
9
9
9
9
11
10
9
7
9
8
10
10
10
10
12
8
12
11
7
8
3
9
8
5
5
5
8
9
5
5
6
2
1
-2
-3
-2
3
6
3
5
7
4
3
0
3
6
4
5
1
2
9
4
10
8
0
5
7
7
7
9
9
7
9
4
7
8
5
6
2
6
6
-1
-2
-1
-3
-3
-4
-6
-3
-5
-7
-3
-7
-7
-4
-3
-3
-1
0
-3
0
0
2
5
5
3
5
2
5
7
3
3
5
3
-1
5
2
1
1
1
3
4
4
3
2
1
2
2
3
0
-2
-2
1
2
0
1
1
2
1
1
1
6
3
6
2
5
8
5
3
-1
5
7
2
4
5
5
5
4
4
-3
-1
0
1
4
2
2
2
4
6
4
3
5
9
13
12
11
8
10
9
13
10
8
11
7
5
4
5
1
4
1
0
-1
-2
-6
-3
-7
-7
-5
-8
-3
-10
-6
-2
-4
-2
-3
-3
-5
-1
-3
1
0
-3
4
1
3
4
2
1
2
0
4
1
5
6
2
0
-4
0
-3
-3
0
2
-1
-1
-3
-3
-1
0
0
-1
-2
1
7
2
0
4
6
1
3
0
2
5
4
0
0
4
0
-1
0
-2
-2
0
-3
0
0
1
-1
-2
-2
0
-2
-8
-6
-1
-6
-5
-8
-5
-4
-4
2
0
-1
0
-1
-2
2
1
-3
-4
0
-2
0
1
-2
-5
2
-4
-2
2
-1
1
1
1
-1
3
1
-3
0
2
7
3
3
4
2
7
5
5
10
5
-2
0
-1
-5
0
0
0
-3
-4
-4
0
-1
-7
-6
-3
-4
-6
-4
-5
-3
-1
-1
-1
-5
-4
-4
-7
-9
-6
-7
-8
-8
-6
-6
-1
-3
-4
-3
-1
-2
-1
-2
0
9
8
-1
3
2
3
5
-2
-1
-4
-5
-9
-7
-4
-7
-7
-7
-5
-4
-2
-2
-4
-4
-3
-4
-1
2
4
4
4
3
2
-1
0
1
-4
-3
-4
-1
0
1
1
-6
-3
0
-1
4
6
3
9
6
5
12
9
10
11
7
8
6
3
0
0
-4
-4
-3
-5
0
1
2
2
2
5
6
8
8
12
13
11
8
8
10
10
7
4
4
1
0
-4
-5
-3
-4
-2
-4
-8
-5
-7
-4
1
1
2
-3
3
1
-4
0
2
2
-1
0
-1
2
-2
-2
1
2
1
0
4
3
6
7
7
7
6
3
5
7
6
0
3
0
-1
-1
-3
-3
-7
-7
-8
-4
-4
-3
-2
-5
-1
-1
3
5
1
2
7
3
0
5
5
-2
-1
0
-2
-4
-4
-3
-5
-2
-4
0
0
2
-4
-2
-2
-5
-5
-1
2
-3
-3
-4
-1
1
-2
-4
-5
2
3
4
3
5
3
3
2
2
3
3
6
2
1
5
4
2
3
1
-3
-3
-5
-9
-7
-7
-10
-13
-11
-12
-15
-12
-11
-10
-10
-7
-11
-9
-6
-8
-11
-10
-8
-7
-3
-2
-1
-4
-2
-1
-2
0
-3
-1
-2
-2
-6
-4
-2
-8
-8
-8
-5
-11
-7
-7
-10
-10
-13
-11
-14
-15
-11
-7
-11
-13
-14
-14
-9
-8
-5
-10
-7
-8
-9
-11
-15
-10
-9
-14
-17
-19
-17
-17
-20
-23
-21
-16
-15
-17
-17
-17
-17
-15
-15
-13
-13
-14
-16
-15
-16
-12
-13
-5
-3
-5
-6
-8
-6
-8
-7
-9
-9
-7
-7
-8
-8
-11
-10
-11
-11
-6
-3
-4
-3
-1
1
3
1
-1
-1
1
-2
-2
-4
-3
-6
-5
-6
-10
-11
-9
-12
-9
-6
-7
-6
-11
-11
-5
-5
-12
-7
-8
-11
-7
-9
-8
-10
-13
-13
-11
-12
-12
-7
-3
-4
-5
-1
-3
-8
-1
-3
-6
0
-2
-2
0
0
-3
-3
-3
-6
-1
-6
-9
-12
-11
-10
-10
-10
-8
-6
-8
-6
-4
-7
-8
-5
-4
-5
-4
-7
-5
-8
-11
-16
-12
-14
-18
-14
-15
-15
-17
-17
-18
-15
-15
-18
-19
-14
-9
-10
-7
-7
-7
-7
-5
-13
-15
-15
-18
-16
-21
-23
-20
-21
-22
-18
-17
-21
-17
-18
-20
-15
-15
-12
-11
-9
-9
-13
-10
-11
-12
-10
-10
-10
-14
-13
-14
-17
-18
-18
-19
-18
-21
-22
-21
-17
-17
-16
-15
-15
-13
-16
-9
-10
-13
-20
-19
-19
-20
-15
-19
-24
-22
-23
-17
-15
-16
-12
-14
-13
-7
-11
-9
-12
-7
-3
-7
-8
-3
-4
-3
0
-1
-1
1
-3
-2
-3
-4
-1
0
-2
-1
1
-5
-7
-4
-4
-5
-3
-7
-7
-5
-9
-8
-10
-10
-10
-9
-10
-12
-15
-15
-9
-12
-15
-13
-11
-11
-12
-8
-8
-12
-10
-11
-10
-9
-11
-11
-15
-14
-16
-23
-22
-23
-20
-20
-24
-24
-24
-21
-19
-24
-19
-16
-20
-19
-22
-20
-21
-24
-21
-27
-29
-29
-26
-36
-28
-27
-29
-31
-31
-29
-29
-28
-31
-29
-30
-30
-31
-31
-32
-34
-36
-34
-37
-40
-39
-37
-36
-34
-33
-35
-38
-32
-37
-33
-34
-36
-33
-35
-31
-30
-32
-35
-35
-36
-34
-33
-29
-34
-33
-28
-32
-31
-28
-28
-31
-28
-28
-28
-30
-27
-26
-26
-20
-24
-22
-22
-19
-17
-17
-14
-14
-15
-14
-16
-14
-15
-15
-15
-14
-10
-10
-14
-7
-11
-11
-8
-7
-4
-9
-8
-4
-7
-3
1
-6
-5
-9
-6
-8
-9
-11
-10
-9
-12
-6
-8
-2
-3
-4
-5
-1
1
-3
-3
0
-6
-6
-8
-10
-7
-10
-13
-15
-19
-16
-16
-19
-14
-17
-17
-16
-20
-22
-22
-21
-21
-15
-19
-19
-19
-16
-15
-19
-15
-18
-14
-20
-15
-18
-19
-16
-20
-20
-22
-25
-22
-27
-24
-21
-24
-25
-27
-31
-31
-28
-27
-27
-29
-27
-32
-29
-29
-34
-34
-34
-39
-41
-41
-41
-43
-45
-38
-40
-35
-36
-39
-35
-34
-33
-33
-31
-33
-36
-31
-29
-32
-34
-34
-32
-37
-35
-33
-33
-35
-32
-33
-33
-33
-33
-30
-32
-32
-33
-33
-29
-27
-26
-25
-25
-26
-21
-19
-22
-20
-24
-23
-23
-24
-25
-25
-22
-24
-25
-23
-19
-16
-16
-15
-12
-9
-10
-9
-8
-8
-9
-11
-12
-10
-10
-13
-11
-12
-8
-11
-8
-8
-7
-2
-4
-2
-6
-4
-2
-3
-4
1
-3
-4
1
-5
-3
2
0
1
-3
0
-1
1
3
-1
1
-3
-1
-1
-4
-3
2
1
-1
2
-1
-1
0
-2
0
0
0
0
-8
-2
-3
-6
-4
-3
-11
-9
-6
-7
-5
-8
-6
-7
-4
-5
-13
-18
-14
-14
-14
-19
-19
-20
-20
-19
-21
-21
-19
-21
-19
-18
-17
-19
-21
-19
-17
-17
-21
-20
-24
-24
-20
-24
-30
-28
-25
-27
-27
-27
-26
-27
-23
-22
-29
-32
-29
-36
-32
-34
-33
-33
-36
-29
-29
-30
-36
-36
-41
-38
-37
-35
-30
-34
-32
-30
-34
-34
-33
-32
-32
-31
-32
-30
-31
-29
-27
-27
-25
-27
-25
-24
-27
-27
-24
-26
-28
-28
-31
-30
-28
-31
-27
-27
-26
-25
-20
-16
-20
-17
-12
-11
-13
-13
-10
-11
-12
-13
-9
-7
-10
-8
-10
-12
-12
-10
-9
-8
-7
-6
-3
-4
-2
-2
-3
0
2
2
0
0
-1
-3
-4
-4
-1
-1
1
0
0
-2
-3
0
1
3
5
3
-1
-1
-3
-6
-6
-7
-6
-7
-9
-8
-8
-8
-8
-6
-2
-2
-3
-8
-1
-1
-3
-4
-7
-1
-5
-8
-5
-5
-7
-1
3
-1
-5
-2
-4
-4
-1
-6
-1
3
-1
1
-2
-4
-6
-3
-9
-13
-5
-3
-4
-5
-1
-6
-2
-8
-2
-4
-5
-4
-5
-3
-4
-5
-8
-8
-11
-10
-10
-9
-9
-10
-7
-6
-10
-10
-11
-13
-14
-15
-18
-17
-21
-18
-18
-18
-13
-10
-11
-12
-14
-11
-9
-10
-10
-11
-13
-14
-11
-13
-14
-9
-8
-13
-15
-14
-14
-13
-14
-15
-20
-17
-17
-19
-18
-14
-11
-7
-11
-13
-15
-11
-12
-14
-13
-14
-12
-15
-14
-16
-19
-22
-23
-29
-27
-29
-28
-28
-32
-31
-31
-27
-27
-28
-27
-23
-22
-22
-24
-23
-22
-19
-16
-18
-19
-15
-17
-16
-12
-13
-16
-17
-18
-15
-15
-13
-11
-11
-14
-14
-12
-9
-7
-8
-10
-9
-8
-12
-11
-11
-15
-20
-15
-18
-14
-14
-15
-12
-10
-10
-11
-6
-11
-7
-10
-13
-9
-9
-10
-11
-13
-12
-8
-11
-10
-10
-11
-9
-4
-6
-11
-12
-8
-5
-10
-7
-5
-5
-3
-3
-9
-8
-9
-11
-12
-11
-15
-18
-18
-14
-15
-19
-15
-12
-12
-14
-15
-12
-10
-13
-12
-16
-15
-17
-14
-15
-16
-21
-19
-18
-17
-18
-19
-18
-21
-23
-22
-25
-28
-30
-32
-27
-27
-24
-30
-29
-30
-28
-27
-27
-26
-27
-26
-21
-23
-26
-24
-24
-26
-29
-26
-24
-26
-24
-21
-20
-22
-28
-24
-20
-20
-16
-17
-18
-11
-15
-18
-18
-19
-17
-20
-18
-17
-13
-11
-11
-15
-17
-11
-14
-10
-15
-10
-5
-5
2
-4
-4
1
2
0
2
2
1
0
0
2
0
-3
-3
-2
-2
2
-1
2
4
2
8
11
7
11
12
9
12
14
12
13
11
8
9
14
14
12
12
12
10
10
13
9
9
6
7
7
5
9
6
9
7
3
8
9
8
10
6
9
4
5
2
-1
1
-5
-3
-1
2
2
4
3
-2
-4
-4
-8
-5
-3
1
-2
-3
-7
-8
-5
-7
-8
-8
-10
-11
-15
-14
-16
-18
-18
-18
-18
-19
-15
-15
-12
-14
-11
-16
-19
-18
-18
-18
-16
-17
-18
-14
-15
-19
-17
-16
-19
-19
-20
-21
-21
-20
-19
-22
-24
-24
-29
-28
-29
-26
-27
-25
-26
-24
-27
-26
-19
-24
-29
-27
-28
-27
-26
-27
-27
-24
-25
-27
-28
-27
-23
-26
-21
-21
-21
-20
-25
-25
-18
-16
-18
-13
-14
-10
-10
-9
-5
-6
-2
5
9
16
25
30
26
23
13
-2
-21
-35
-45
-44
-43
-45
-33
-23
-14
-11
-10
-23
-40
-48
-55
-49
-44
-30
-12
2
21
34
39
40
46
52
97
136
145
136
103
81
68
61
32
13
27
60
69
52
25
2
15
3
10
22
34
12
-18
-22
-67
-54
-44
-48
-48
-55
-79
-104
-123
-128
-133
-136
-117
-119
-117
-93
-55
-52
-54
-55
-53
-53
-56
-61
-65
-58
-46
-40
-35
-39
-56
-60
-55
-57
-56
-53
-46
-43
-35
-26
-25
-21
-11
-15
-19
-15
-26
-30
-27
-9
3
11
22
31
34
38
41
46
59
65
74
79
87
95
105
113
118
113
108
103
93
88
83
81
72
73
78
67
46
31
24
13
1
-14
-23
-28
-41
-41
-42
-47
-44
-44
-42
-44
-43
-51
-61
-62
-61
-55
-52
-40
-29
-23
-25
-33
-49
-65
-80
-100
-108
-116
-117
-115
-108
-108
-110
-106
-115
-120
-128
-124
-117
-105
-85
-82
-79
-91
-94
-100
-118
-122
-136
-152
-154
-149
-143
-146
-149
-151
-150
-155
-167
-183
-195
-165
-88
12
75
111
180
273
348
361
334
334
357
370
366
362
374
389
376
354
345
323
264
184
101
42
7
-20
-57
-108
-125
-109
-104
-126
-157
-170
-174
-193
-204
-190
-164
-133
-116
-79
-24
32
60
70
80
104
150
173
174
174
190
217
241
253
261
272
272
260
239
222
205
173
125
88
69
57
26
-18
-44
-58
-73
-91
-117
-136
-148
-148
-138
-126
-106
-88
-77
-52
-31
-11
9
19
30
46
67
72
64
48
41
27
11
-11
-40
-67
-92
-123
-150
-175
-199
-230
-258
-274
-288
-294
-311
-322
-324
-320
-313
-311
-305
-290
-281
-276
-272
-261
-253
-254
-266
-268
-260
-219
-130
-17
56
92
171
316
431
439
423
463
515
497
457
454
473
458
401
385
417
408
329
232
161
104
34
-47
-143
-208
-244
-258
-271
-283
-265
-239
-238
-250
-230
-188
-165
-193
-200
-147
-74
-33
-8
36
99
148
185
214
234
247
241
226
216
212
203
180
148
149
175
180
161
138
125
119
97
63
23
4
-13
-38
-53
-53
-41
-39
-47
-35
-2
25
28
20
25
47
52
45
44
41
47
49
57
52
44
38
14
-5
-25
-47
-75
-115
-150
-167
-178
-186
-202
-206
-201
-194
-195
-203
-219
-228
-234
-244
-260
-269
-275
-289
-294
-290
-282
-275
-268
-265
-266
-273
-288
-311
-328
-329
-293
-195
-107
-58
6
144
313
406
424
459
535
570
535
503
501
500
450
400
406
431
413
348
288
259
221
161
61
-54
-134
-181
-225
-281
-322
-318
-298
-296
-288
-245
-197
-188
-204
-197
-152
-119
-113
-117
-92
-38
29
79
117
158
202
236
259
267
274
264
224
190
174
174
163
136
110
117
152
169
153
129
123
119
92
55
18
-15
-43
-73
-83
-69
-51
-40
-29
7
49
75
80
65
60
61
56
29
-2
-15
-15
-9
-15
-17
-14
-16
-31
-46
-63
-81
-113
-156
-185
-206
-210
-228
-247
-250
-238
-227
-228
-235
-238
-241
-248
-265
-285
-294
-311
-323
-332
-337
-340
-353
-362
-368
-363
-330
-241
-149
-96
-50
59
231
345
384
424
515
594
599
575
585
596
552
485
463
468
442
373
308
277
258
220
142
51
-18
-65
-114
-194
-270
-302
-319
-338
-362
-342
-294
-275
-279
-252
-181
-125
-115
-123
-94
-51
-13
8
20
45
85
128
163
198
239
262
246
245
254
241
211
164
137
124
118
106
91
89
102
114
111
102
98
89
58
24
4
-3
-25
-57
-67
-47
-23
-17
-10
12
38
62
65
71
70
62
49
29
6
-17
-43
-68
-88
-104
-119
-139
-155
-161
-161
-159
-168
-177
-181
-192
-205
-227
-246
-261
-274
-289
-297
-294
-294
-292
-290
-287
-283
-289
-293
-295
-298
-317
-345
-360
-362
-350
-311
-236
-158
-102
-28
114
266
356
409
484
583
631
619
607
620
590
512
450
431
408
334
270
248
244
228
179
129
84
42
-7
-78
-147
-221
-281
-327
-366
-379
-367
-349
-344
-310
-235
-165
-130
-104
-68
-24
-2
4
22
41
50
58
85
117
143
163
174
194
223
243
236
215
210
210
202
178
155
149
138
131
127
116
114
104
93
91
87
79
56
36
27
25
17
-9
-29
-35
-28
-34
-31
-24
-19
-11
-7
4
5
6
-9
-28
-39
-59
-80
-105
-130
-148
-154
-169
-182
-192
-190
-185
-192
-189
-194
-194
-197
-209
-217
-224
-244
-264
-282
-295
-294
-301
-307
-301
-285
-264
-246
-239
-244
-242
-240
-241
-231
-174
-111
-79
-50
41
184
289
334
397
509
599
619
609
630
643
581
494
457
438
371
264
198
192
175
118
68
37
21
-12
-55
-99
-133
-175
-227
-272
-297
-306
-321
-343
-352
-317
-260
-230
-210
-158
-91
-37
-4
43
98
127
134
149
174
194
184
163
153
161
171
163
153
162
187
200
197
213
228
230
221
208
218
212
182
159
148
149
134
105
87
78
66
52
35
16
3
-12
-27
-27
-28
-26
-33
-34
-20
-7
-3
-12
-16
-11
-15
-32
-55
-69
-82
-105
-123
-135
-140
-152
-166
-173
-168
-163
-174
-180
-179
-171
-173
-185
-195
-199
-206
-210
-213
-215
-211
-211
-218
-217
-209
-210
-223
-241
-250
-250
-251
-221
-167
-123
-82
-31
70
179
246
301
376
469
522
531
543
571
554
493
446
427
398
310
233
201
182
134
75
48
36
10
-29
-55
-75
-106
-151
-192
-223
-244
-274
-303
-326
-320
-284
-262
-241
-206
-144
-87
-47
2
66
106
120
133
160
185
181
165
152
164
163
158
153
150
164
167
159
180
199
204
196
200
216
215
200
183
172
160
145
112
89
65
35
9
-16
-29
-49
-64
-70
-68
-55
-44
-40
-30
-4
12
18
17
14
8
-5
-28
-59
-73
-90
-116
-137
-144
-150
-161
-164
-161
-155
-149
-147
-153
-152
-149
-151
-156
-163
-170
-172
-177
-185
-191
-198
-198
-203
-214
-216
-219
-223
-231
-247
-262
-273
-275
-256
-207
-164
-130
-85
12
123
194
250
338
435
493
513
542
583
576
516
469
462
426
331
247
224
202
137
75
61
52
19
-28
-36
-34
-68
-110
-146
-159
-178
-215
-248
-267
-269
-258
-253
-239
-206
-159
-123
-84
-27
36
82
97
124
169
190
181
164
158
162
151
135
133
126
123
118
107
131
153
151
156
183
213
218
205
208
210
199
179
151
132
108
65
31
12
-17
-39
-55
-61
-48
-42
-35
-20
-1
19
30
35
36
29
12
-7
-31
-55
-84
-114
-140
-162
-169
-172
-186
-181
-165
-156
-144
-133
-126
-119
-117
-119
-123
-128
-137
-156
-168
-173
-191
-204
-222
-233
-239
-247
-254
-252
-262
-279
-294
-301
-300
-285
-237
-193
-166
-117
-23
84
158
218
310
417
480
503
538
593
586
528
495
489
455
357
279
249
215
141
75
55
39
-8
-52
-55
-54
-91
-136
-152
-152
-177
-216
-234
-249
-255
-261
-258
-238
-214
-186
-156
-114
-60
-7
27
54
95
142
164
171
175
186
192
173
167
161
144
126
116
112
116
122
112
114
136
155
163
163
173
185
175
172
163
140
125
88
61
56
27
-2
-18
-28
-31
-34
-28
-19
-9
2
13
21
30
29
13
4
-14
-41
-61
-91
-120
-145
-165
-176
-190
-194
-191
-189
-185
-175
-171
-166
-154
-150
-146
-149
-152
-164
-171
-183
-202
-219
-235
-246
-259
-269
-277
-276
-276
-288
-299
-300
-294
-292
-252
-194
-158
-136
-82
32
128
174
238
350
438
478
503
565
605
566
511
501
494
421
314
262
251
189
109
76
76
40
-16
-40
-26
-44
-104
-138
-133
-149
-193
-224
-235
-245
-251
-256
-237
-216
-198
-177
-139
-86
-35
6
38
76
126
156
165
180
197
195
179
177
182
169
152
143
144
143
144
146
140
158
178
194
203
205
219
215
208
208
189
158
122
92
79
48
4
-21
-39
-43
-52
-52
-39
-31
-20
1
19
27
31
25
22
15
-10
-33
-61
-98
-124
-149
-167
-188
-206
-212
-211
-207
-194
-184
-183
-168
-157
-150
-147
-150
-164
-177
-190
-209
-234
-254
-268
-291
-301
-302
-308
-312
-318
-327
-325
-323
-313
-268
-214
-170
-143
-76
41
135
183
247
357
448
482
504
560
598
560
505
498
501
425
318
277
270
211
123
86
86
51
-18
-42
-32
-48
-113
-157
-152
-167
-218
-255
-266
-276
-288
-296
-281
-257
-238
-212
-173
-117
-64
-22
10
52
99
133
151
162
179
185
172
168
175
160
131
121
121
113
105
108
101
107
127
135
145
149
152
159
147
151
141
110
96
75
63
45
14
-3
-14
-23
-27
-33
-16
-11
-14
7
32
38
32
33
24
14
-18
-48
-69
-105
-141
-165
-188
-203
-224
-232
-226
-217
-203
-198
-190
-176
-160
-157
-153
-153
-152
-158
-170
-175
-198
-216
-230
-254
-264
-272
-277
-282
-297
-308
-314
-321
-320
-296
-243
-195
-168
-120
-20
98
165
217
317
434
492
514
562
630
623
557
528
542
505
399
327
316
279
189
127
121
108
37
-14
-11
-14
-75
-141
-155
-157
-200
-254
-271
-278
-294
-306
-294
-266
-234
-212
-181
-126
-58
0
37
74
127
167
186
196
210
219
207
197
198
192
172
149
149
145
140
138
132
127
135
146
145
148
144
152
151
147
156
132
112
103
77
75
54
24
21
14
8
11
15
19
16
20
44
47
38
37
31
20
6
-18
-38
-69
-105
-126
-144
-162
-183
-199
-201
-199
-197
-193
-185
-179
-168
-153
-145
-144
-142
-150
-159
-168
-185
-205
-230
-254
-274
-286
-304
-316
-334
-352
-368
-370
-368
-341
-280
-227
-186
-139
-31
101
176
231
333
442
509
525
571
633
625
568
528
543
505
400
315
302
279
191
124
115
98
27
-28
-33
-35
-95
-160
-185
-193
-235
-289
-310
-318
-327
-336
-317
-275
-245
-217
-178
-118
-45
11
42
79
119
160
176
178
189
187
171
153
151
148
126
106
103
110
111
118
118
116
135
141
145
143
138
139
122
117
123
102
77
70
61
59
44
24
32
30
25
27
31
39
23
23
37
41
31
11
4
-3
-21
-46
-71
-93
-122
-144
-165
-181
-197
-219
-224
-222
-221
-224
-218
-210
-200
-186
-178
-176
-172
-179
-179
-185
-195
-212
-232
-254
-265
-275
-291
-304
-325
-340
-361
-363
-359
-325
-253
-200
-158
-92
30
159
219
290
399
510
565
575
627
673
647
575
544
551
497
376
306
299
259
173
118
121
100
19
-32
-18
-37
-104
-169
-185
-188
-249
-307
-324
-320
-330
-339
-303
-263
-229
-192
-144
-77
-5
41
71
104
152
182
183
181
184
180
161
155
161
153
134
126
128
133
137
140
137
133
146
149
149
150
139
139
123
122
128
105
96
87
87
94
75
63
64
63
60
51
56
57
42
36
41
37
19
7
-3
-13
-31
-56
-72
-96
-126
-150
-167
-179
-200
-219
-223
-225
-222
-224
-220
-211
-193
-180
-169
-155
-150
-156
-161
-165
-181
-196
-222
-243
-272
-289
-310
-330
-354
-374
-391
-395
-388
-341
-269
-221
-179
-104
29
148
205
282
402
497
534
547
608
646
593
522
509
513
439
328
284
283
234
150
117
128
94
18
-14
-1
-36
-120
-183
-197
-220
-289
-334
-344
-349
-364
-362
-321
-274
-246
-211
-158
-88
-21
17
46
85
126
147
152
161
171
157
141
147
154
143
129
128
140
148
147
159
165
165
163
169
168
160
151
136
120
122
110
87
73
60
63
61
50
39
39
31
23
24
31
29
13
20
32
29
13
8
8
-5
-28
-48
-56
-75
-109
-133
-146
-157
-186
-207
-210
-213
-218
-228
-220
-206
-198
-191
-183
-164
-157
-164
-166
-172
-182
-200
-224
-242
-268
-288
-300
-322
-342
-372
-389
-391
-379
-322
-257
-215
-163
-68
75
177
235
334
448
533
558
585
645
654
581
526
522
505
408
312
293
282
212
143
135
143
87
18
14
18
-39
-124
-162
-169
-215
-290
-320
-327
-347
-360
-344
-295
-260
-230
-183
-122
-52
6
43
80
114
141
151
156
170
163
141
128
136
137
118
107
116
130
130
146
158
156
161
166
177
172
147
136
123
106
98
78
57
49
39
39
31
30
23
24
29
33
38
39
37
32
40
45
33
19
6
-10
-21
-44
-65
-83
-109
-133
-145
-151
-168
-194
-206
-202
-205
-210
-212
-202
-199
-198
-190
-182
-171
-169
-171
-167
-163
-174
-184
-203
-214
-234
-261
-278
-311
-345
-378
-398
-410
-399
-334
-278
-242
-182
-61
97
177
239
364
500
563
569
626
696
665
569
536
552
493
365
290
305
279
180
142
170
162
85
45
77
60
-25
-107
-124
-144
-220
-289
-312
-329
-361
-378
-346
-296
-269
-244
-187
-108
-40
6
44
84
125
147
156
165
172
151
127
128
141
130
106
113
130
138
141
162
177
180
178
190
195
186
160
138
125
109
100
75
50
41
30
27
26
22
25
26
29
40
52
49
39
42
49
41
24
12
6
-10
-29
-47
-65
-81
-109
-129
-134
-139
-160
-175
-180
-176
-187
-197
-196
-193
-194
-196
-188
-182
-179
-183
-179
-172
-179
-191
-206
-217
-233
-255
-266
-290
-316
-345
-369
-381
-378
-320
-253
-217
-170
-65
82
177
241
351
479
561
577
618
688
682
599
548
559
529
408
315
309
294
212
150
163
167
104
52
70
76
0
-80
-107
-123
-184
-262
-287
-303
-337
-366
-351
-302
-277
-254
-206
-137
-64
-13
31
81
123
147
154
164
177
165
141
131
137
139
113
110
129
134
135
152
183
194
185
196
211
213
190
160
144
130
109
81
56
44
27
11
6
4
5
-7
-4
9
28
26
17
24
30
33
16
9
4
-12
-35
-55
-70
-86
-113
-136
-143
-146
-162
-180
-190
-190
-194
-206
-210
-208
-205
-212
-208
-199
-199
-201
-207
-211
-210
-217
-228
-235
-243
-257
-273
-280
-295
-329
-354
-364
-372
-351
-297
-245
-198
-136
-16
124
203
285
400
516
578
598
656
701
669
595
561
566
499
380
322
314
271
188
148
171
144
72
47
69
54
-28
-91
-101
-132
-210
-262
-285
-307
-348
-362
-325
-285
-266
-234
-178
-103
-34
17
63
109
150
172
182
199
203
182
156
157
165
148
131
131
147
151
156
178
195
197
197
204
206
193
172
150
135
119
92
69
43
25
16
3
-3
-3
5
7
14
31
48
50
46
56
70
63
49
37
28
10
-15
-31
-41
-65
-89
-104
-113
-121
-140
-155
-160
-164
-179
-188
-188
-188
-194
-200
-199
-193
-195
-201
-198
-191
-200
-214
-217
-218
-231
-251
-260
-266
-293
-320
-349
-357
-352
-336
-274
-226
-184
-118
7
138
212
290
416
527
574
600
662
701
651
580
562
551
463
351
309
305
241
161
148
165
130
57
49
72
33
-51
-99
-108
-153
-231
-274
-288
-312
-356
-355
-312
-281
-267
-228
-171
-92
-29
15
59
107
150
170
177
192
197
176
160
163
172
148
135
141
151
147
152
173
189
191
190
203
213
201
185
164
147
135
106
79
48
29
8
-16
-15
-18
-24
-21
-11
15
33
41
53
66
85
80
68
66
51
28
-4
-26
-38
-68
-101
-119
-122
-136
-161
-168
-165
-168
-177
-174
-174
-175
-186
-191
-192
-199
-211
-225
-221
-226
-238
-250
-253
-256
-265
-274
-273
-278
-299
-326
-339
-340
-345
-307
-253
-216
-182
-106
36
141
196
296
427
528
558
596
673
681
615
554
552
536
423
316
294
274
188
117
119
124
63
3
25
39
-16
-89
-120
-123
-181
-255
-278
-300
-337
-373
-363
-321
-296
-278
-240
-172
-97
-39
3
54
96
134
148
157
179
169
139
128
143
132
110
96
112
119
128
140
161
179
179
190
200
199
184
152
128
104
78
41
-1
-25
-46
-61
-70
-70
-61
-47
-38
-15
18
38
37
47
68
75
62
48
37
24
-2
-30
-40
-64
-96
-118
-126
-128
-143
-160
-162
-156
-166
-174
-181
-179
-188
-206
-205
-202
-207
-223
-228
-215
-217
-227
-230
-226
-221
-235
-241
-242
-249
-278
-306
-315
-327
-322
-278
-224
-191
-137
-40
97
185
253
363
489
568
589
638
699
679
608
562
555
510
395
315
299
261
180
135
151
141
72
42
63
59
-12
-73
-89
-114
-186
-254
-273
-296
-338
-365
-340
-299
-280
-247
-189
-121
-47
3
48
93
134
162
168
185
189
168
141
133
136
118
103
110
125
142
158
182
209
222
230
238
234
215
185
144
101
63
20
-19
-59
-87
-101
-110
-105
-94
-78
-58
-30
-1
27
50
55
61
70
67
50
33
19
-4
-27
-44
-55
-66
-85
-97
-98
-96
-109
-128
-135
-141
-157
-170
-188
-201
-223
-243
-248
-253
-257
-267
-263
-256
-249
-255
-248
-237
-234
-235
-243
-240
-257
-286
-315
-334
-344
-344
-311
-257
-220
-180
-80
63
164
229
339
467
549
568
610
676
657
581
528
525
483
357
273
261
235
149
94
115
108
41
11
34
39
-29
-100
-107
-129
-200
-270
-302
-317
-359
-383
-360
-321
-299
-272
-215
-146
-75
-20
25
68
114
139
149
166
169
146
116
104
110
102
86
90
112
134
150
179
206
219
221
224
227
210
174
128
82
41
-4
-50
-92
-121
-137
-143
-146
-135
-110
-84
-58
-30
1
20
28
42
51
50
36
13
-1
-19
-42
-63
-72
-78
-91
-101
-97
-97
-116
-129
-133
-144
-161
-183
-204
-216
-242
-265
-275
-279
-293
-303
-297
-288
-279
-276
-271
-260
-252
-254
-246
-241
-257
-288
-314
-329
-341
-340
-296
-238
-209
-165
-58
86
171
236
364
484
553
572
628
686
657
579
541
542
476
348
275
268
224
133
93
120
105
38
18
47
40
-36
-95
-102
-130
-201
-264
-282
-304
-342
-357
-320
-284
-265
-233
-174
-100
-35
13
63
110
148
175
185
194
201
175
149
138
149
138
129
139
157
184
202
229
249
259
262
268
260
233
188
145
101
60
14
-35
-78
-110
-121
-125
-116
-103
-80
-50
-27
3
30
50
54
60
67
61
43
21
5
-6
-29
-45
-52
-65
-82
-92
-92
-95
-111
-121
-120
-132
-151
-175
-188
-203
-229
-246
-252
-258
-270
-276
-270
-261
-258
-255
-248
-239
-238
-238
-232
-230
-245
-277
-297
-317
-330
-334
-299
-252
-220
-173
-68
67
157
223
342
470
537
560
606
665
648
566
520
515
457
338
255
241
205
122
85
102
90
32
3
27
26
-40
-98
-110
-138
-204
-264
-285
-303
-343
-361
-337
-299
-279
-245
-190
-123
-56
-3
40
81
122
153
159
166
171
152
122
113
118
111
99
100
125
141
163
186
211
224
224
231
226
198
165
120
70
26
-16
-61
-105
-128
-142
-139
-135
-118
-94
-67
-40
-11
27
46
50
57
70
67
48
31
19
1
-21
-37
-41
-50
-61
-71
-65
-63
-76
-88
-96
-101
-122
-145
-167
-183
-210
-231
-242
-242
-254
-265
-258
-247
-244
-237
-229
-226
-222
-219
-219
-218
-227
-247
-271
-297
-321
-337
-339
-303
-252
-222
-175
-78
53
144
206
314
434
509
535
581
636
625
551
504
497
451
344
264
255
214
141
100
112
107
57
28
43
47
-8
-69
-84
-106
-169
-234
-260
-281
-317
-341
-329
-299
-273
-245
-201
-133
-68
-13
30
75
118
142
150
159
169
154
123
114
116
112
99
98
127
153
174
203
231
246
254
254
246
231
194
142
93
50
1
-50
-99
-122
-133
-140
-135
-118
-91
-72
-47
-13
24
43
46
54
67
58
37
21
6
-12
-32
-44
-49
-58
-71
-73
-66
-65
-69
-77
-82
-87
-98
-122
-136
-152
-175
-195
-210
-220
-238
-245
-252
-254
-252
-247
-246
-242
-234
-223
-217
-218
-214
-223
-249
-279
-294
-303
-312
-291
-244
-204
-162
-91
29
135
200
292
413
504
537
564
624
632
574
530
508
472
378
286
262
229
160
112
113
103
58
27
41
46
0
-52
-80
-103
-154
-215
-249
-276
-309
-342
-340
-311
-294
-270
-233
-178
-110
-57
-11
37
76
108
123
134
142
131
104
89
89
82
72
71
87
111
127
153
182
203
217
214
219
210
177
139
98
57
6
-48
-95
-122
-146
-158
-159
-142
-124
-103
-71
-33
5
23
37
49
60
61
41
22
10
-14
-40
-54
-68
-80
-95
-95
-93
-92
-93
-96
-89
-93
-103
-113
-132
-147
-164
-187
-206
-223
-239
-252
-267
-264
-263
-265
-259
-251
-240
-237
-235
-233
-232
-234
-247
-262
-276
-303
-326
-337
-332
-288
-252
-225
-170
-69
42
115
195
310
416
466
500
555
602
569
512
485
466
401
305
252
227
178
118
95
94
73
38
32
44
30
-13
-54
-78
-104
-158
-207
-236
-267
-297
-318
-310
-287
-271
-254
-214
-143
-81
-38
-1
46
81
103
111
125
120
92
73
65
60
45
42
50
66
91
114
144
166
179
191
198
201
178
147
107
64
23
-23
-63
-101
-121
-130
-137
-129
-111
-87
-65
-34
3
28
44
53
62
69
61
42
16
-6
-30
-55
-77
-93
-109
-116
-113
-110
-100
-99
-96
-90
-79
-80
-89
-105
-118
-136
-158
-179
-203
-225
-247
-259
-264
-262
-267
-272
-267
-258
-253
-245
-239
-233
-225
-228
-230
-240
-258
-272
-288
-292
-269
-238
-204
-173
-112
-10
81
147
218
323
415
463
488
523
533
501
464
441
408
329
241
200
183
149
96
65
53
36
26
30
29
0
-44
-62
-69
-87
-127
-175
-205
-219
-229
-230
-225
-213
-199
-176
-127
-71
-35
-9
23
60
87
100
105
102
91
74
73
59
40
22
16
32
42
57
72
89
113
136
150
158
153
136
118
101
70
36
3
-34
-58
-66
-75
-77
-72
-55
-30
1
31
55
79
93
98
103
95
74
48
16
-7
-36
-68
-85
-106
-120
-129
-124
-116
-106
-98
-92
-78
-72
-75
-79
-89
-106
-129
-154
-178
-195
-215
-238
-250
-259
-262
-260
-261
-250
-241
-230
-219
-213
-201
-199
-199
-201
-203
-213
-230
-247
-258
-262
-264
-251
-214
-172
-132
-66
25
113
185
248
335
407
443
459
475
475
445
402
362
316
248
189
153
127
83
51
35
27
23
18
11
-3
-20
-44
-68
-90
-118
-150
-184
-206
-219
-231
-232
-214
-193
-174
-143
-106
-63
-23
6
33
59
76
81
80
74
63
49
32
19
15
3
6
11
22
43
51
69
87
104
114
111
97
86
64
35
6
-19
-41
-72
-80
-78
-69
-62
-48
-25
4
27
54
74
83
89
86
78
62
42
16
-10
-33
-50
-64
-68
-81
-80
-75
-68
-62
-61
-53
-51
-56
-63
-79
-97
-122
-148
-173
-191
-213
-231
-239
-248
-251
-242
-235
-226
-211
-194
-181
-163
-152
-138
-126
-136
-132
-128
-136
-140
-152
-154
-151
-156
-149
-141
-132
-122
-103
-61
-27
7
47
92
144
176
202
243
274
290
289
280
281
268
250
226
203
180
145
124
108
91
70
50
37
25
6
-8
-22
-38
-60
-80
-91
-103
-115
-129
-136
-133
-127
-125
-116
-97
-76
-59
-46
-26
-11
0
11
21
33
35
36
32
35
36
33
34
38
47
54
67
70
79
83
87
89
84
82
68
55
43
30
10
-5
-16
-30
-37
-35
-29
-22
-15
-3
9
16
32
39
42
48
48
50
48
46
35
25
26
22
12
4
-5
-11
-16
-26
-34
-45
-56
-66
-72
-86
-99
-113
-122
-135
-147
-155
-165
-166
-170
-169
-169
-161
-159
-155
-149
-145
-135
-126
-120
-116
-112
-107
-101
-92
-88
-82
-68
-65
-57
-46
-41
-31
-27
-20
-13
-9
-13
-20
-22
-33
-34
-39
-36
-25
-11
12
36
65
91
121
153
176
200
207
213
216
207
195
174
148
122
96
74
55
35
15
5
-6
-14
-18
-23
-34
-41
-46
-56
-61
-66
-75
-82
-81
-81
-78
-76
-75
-64
-46
-32
-12
6
23
42
59
72
82
93
96
100
100
100
99
88
77
69
61
53
39
27
20
14
5
0
-3
-7
-12
-11
-14
-13
-9
-7
2
9
20
36
44
51
57
67
73
71
62
53
44
38
28
18
10
-1
-10
-24
-29
-39
-48
-56
-63
-71
-76
-83
-93
-100
-108
-112
-120
-124
-127
-137
-135
-137
-136
-129
-125
-113
-100
-88
-75
-57
-43
-36
-25
-20
-15
-10
-9
-8
-10
-13
-14
-17
-20
-24
-28
-28
-26
-35
-32
-33
-34
-38
-36
-42
-50
-50
-57
-63
-64
-63
-61
-51
-40
-14
12
34
62
86
111
128
143
151
153
145
134
115
91
71
44
23
1
-9
-20
-24
-24
-18
-12
-5
9
9
13
18
15
6
1
-17
-25
-34
-41
-44
-43
-36
-24
-8
5
27
44
55
69
83
86
88
89
80
67
52
45
32
13
0
-9
-12
-11
-10
-1
11
23
32
44
53
53
58
56
49
43
34
22
16
3
-10
-18
-20
-20
-16
-14
-7
4
8
11
13
15
9
0
-8
-19
-33
-46
-64
-76
-77
-82
-86
-82
-68
-60
-48
-29
-13
3
12
18
29
36
28
20
10
1
-7
-14
-16
-21
-28
-36
-32
-28
-31
-26
-23
-21
-13
-16
-14
-18
-21
-26
-31
-37
-43
-45
-47
-52
-55
-51
-46
-35
-26
-18
-6
7
18
27
38
41
44
37
36
39
27
21
19
12
12
13
19
22
33
38
44
48
54
62
61
67
63
60
48
44
42
37
35
34
32
34
38
40
43
50
52
57
61
64
59
60
63
58
50
42
44
43
45
48
52
50
58
64
72
80
83
87
87
90
88
83
73
68
59
44
35
20
12
9
1
0
-4
-5
-7
-13
-4
-7
-12
-15
-13
-15
-21
-20
-27
-28
-29
-27
-29
-23
-15
-11
0
10
20
27
31
40
44
49
50
49
47
42
38
26
13
0
-8
-17
-25
-29
-36
-40
-36
-38
-35
-32
-29
-23
-25
-19
-20
-24
-23
-26
-25
-29
-31
-32
-33
-31
-31
-27
-21
-15
-11
-2
2
10
11
17
18
11
11
4
-1
-6
-12
-13
-11
-9
-5
-3
2
2
8
13
17
20
19
17
20
17
10
9
4
9
5
3
6
8
5
8
12
12
14
13
16
13
19
16
16
16
19
22
24
27
31
32
36
43
48
53
61
65
65
70
72
70
72
65
58
53
41
37
22
15
8
3
0
-9
-10
-17
-19
-14
-13
-9
-9
-10
-4
-1
5
8
8
12
17
19
27
34
39
44
48
52
55
61
61
65
66
66
63
61
54
47
45
36
24
17
8
2
-2
-5
-11
-14
-18
-20
-28
-27
-27
-32
-31
-33
-34
-40
-38
-37
-35
-33
-33
-30
-32
-25
-19
-15
-10
-4
3
8
12
16
18
26
28
30
38
33
35
37
35
36
37
38
41
39
40
39
40
46
42
41
41
38
33
30
31
20
19
21
15
16
13
10
12
15
20
22
23
27
27
31
29
31
31
30
29
33
36
36
34
38
41
41
46
46
51
53
55
54
51
49
48
42
37
38
34
33
33
32
28
30
32
30
32
29
28
25
21
20
16
16
15
14
11
17
19
24
32
37
41
47
57
62
68
75
80
80
79
76
67
61
53
48
44
34
28
23
16
13
12
6
2
-5
-14
-12
-19
-22
-24
-32
-34
-35
-41
-43
-45
-47
-50
-48
-49
-46
-41
-38
-35
-30
-29
-25
-20
-16
-18
-15
-7
-5
-6
-6
-2
-1
-2
0
7
13
14
16
17
16
20
18
18
15
14
13
9
8
2
2
1
-1
-1
-1
-3
-6
-4
-2
-2
-5
-3
-2
-4
-4
-4
1
-1
-1
3
4
8
11
16
17
18
21
19
25
26
31
28
23
23
18
21
26
26
25
23
22
26
27
25
25
21
19
20
13
12
12
9
7
3
-3
0
-8
-3
-5
-6
-4
-2
7
15
22
27
34
42
50
56
60
66
67
70
70
69
65
58
55
49
45
40
33
26
24
17
16
15
12
8
7
4
2
-4
-10
-15
-18
-24
-29
-29
-33
-33
-33
-31
-28
-25
-27
-19
-19
-17
-7
-5
-1
0
3
6
4
7
7
6
4
3
5
5
7
7
15
18
14
16
22
25
23
22
19
21
18
9
15
11
8
5
2
-1
-1
-4
0
5
11
9
9
11
16
16
18
15
9
9
7
6
4
8
7
7
10
13
18
21
23
27
27
28
30
29
29
29
29
29
26
22
26
25
26
24
26
29
31
28
25
29
26
26
29
30
28
30
25
25
27
34
36
40
40
48
46
48
52
50
58
54
53
52
52
46
44
36
37
31
26
23
25
23
12
12
14
17
12
12
5
9
7
1
3
-1
-4
-7
-10
-13
-18
-20
-20
-16
-15
-20
-14
-9
-7
-4
-5
-6
-3
-1
-5
1
2
-2
-4
-1
2
0
8
8
7
8
23
29
24
32
32
33
31
34
30
22
21
17
12
2
0
-5
-6
-13
-15
-16
-18
-18
-21
-14
-18
-18
-18
-17
-22
-21
-21
-20
-19
-25
-21
-17
-16
-16
-7
-7
-3
1
5
7
8
9
8
6
5
4
-3
-5
-8
-11
-8
-9
-13
-7
-1
-6
-1
3
5
8
13
11
11
11
11
12
9
11
12
5
13
17
21
25
24
32
35
38
41
40
38
36
39
34
26
22
18
14
9
2
-3
-6
-5
-8
-7
-2
-3
-3
-2
-1
0
-2
-2
-1
-6
-10
-15
-15
-15
-15
-16
-12
-6
-6
-4
-2
5
4
9
6
3
12
6
7
3
1
-2
-8
-7
-7
-9
-9
-1
3
4
11
22
25
24
30
30
28
27
23
24
22
21
21
18
14
14
11
9
7
8
11
14
15
11
13
12
11
9
4
7
5
1
5
-3
-3
-7
-8
-7
-5
-6
-7
-3
4
2
1
1
-5
-1
-4
-7
-6
-9
-12
-12
-13
-13
-12
-13
-20
-16
-14
-8
-6
-3
1
2
1
4
7
9
10
14
20
16
18
25
24
27
37
37
38
38
43
43
37
38
35
29
28
26
16
13
7
2
0
-4
-3
-3
-4
-5
-5
-6
-4
-4
-8
-9
-14
-18
-20
-22
-26
-30
-33
-31
-33
-34
-29
-30
-23
-19
-16
-13
-9
-4
0
0
-1
-2
-6
-3
-5
-6
-9
1
2
6
16
14
15
19
18
21
25
22
21
18
17
15
6
5
2
-2
1
0
-4
-3
-4
-2
0
7
10
13
13
12
18
18
18
15
9
7
5
1
-1
-2
-5
-9
-16
-14
-7
-13
-12
-11
-9
-7
-6
-4
-9
-10
-13
-16
-16
-16
-15
-20
-20
-21
-20
-17
-16
-18
-9
-8
-6
-7
-1
4
1
0
6
9
7
8
11
16
19
27
29
34
33
33
40
41
42
39
38
28
18
17
13
12
6
4
0
-3
-6
-8
-6
-7
-6
-4
-8
-11
-11
-16
-15
-13
-20
-24
-25
-26
-30
-29
-31
-32
-32
-34
-28
-29
-27
-22
-22
-23
-18
-16
-15
-15
-12
-15
-13
-12
-12
-13
-13
-6
-8
-2
-5
-2
4
9
9
7
9
8
12
8
8
4
5
1
-7
-7
-10
-10
-9
-14
-10
-8
-8
-6
-6
-4
-3
-1
-2
0
4
-1
-2
5
4
3
3
1
1
0
3
5
3
2
7
6
1
-1
-1
0
-1
-7
-11
-17
-19
-20
-25
-24
-22
-22
-16
-18
-15
-11
-13
-9
-6
-3
-1
-1
1
9
11
13
19
25
23
26
31
31
34
35
38
37
39
43
40
31
33
29
26
19
15
14
11
7
-1
3
2
1
-6
-4
-3
-6
-11
-17
-24
-23
-29
-29
-26
-31
-33
-33
-33
-35
-31
-32
-35
-29
-25
-28
-22
-17
-15
-18
-13
-11
-9
-5
-9
-7
-9
-13
-13
-14
-13
-12
-9
-8
-6
-6
-5
-8
-9
-5
-7
-12
-15
-13
-12
-15
-16
-14
-17
-18
-16
-20
-14
-14
-13
-17
-14
-13
-14
-18
-22
-21
-25
-28
-32
-36
-37
-41
-45
-45
-47
-47
-46
-44
-40
-38
-38
-36
-39
-38
-39
-37
-38
-37
-35
-34
-34
-34
-32
-34
-31
-30
-26
-25
-26
-24
-23
-22
-26
-21
-22
-26
-18
-20
-21
-17
-17
-16
-10
-8
-5
-3
2
2
2
5
5
1
0
3
-1
2
6
1
2
1
-1
1
-1
-1
-2
2
1
1
-5
-7
-7
-13
-15
-19
-24
-25
-31
-32
-34
-34
-35
-35
-35
-34
-30
-30
-30
-33
-28
-25
-22
-20
-23
-19
-14
-15
-13
-11
-7
-4
-6
-2
-1
1
9
6
10
10
9
7
4
1
2
4
3
0
-2
-2
0
-2
-7
-4
-2
-5
3
5
-3
7
5
8
8
6
6
-1
-3
-2
-3
-7
-7
-10
-16
-14
-18
-20
-16
-21
-24
-24
-22
-27
-27
-27
-34
-35
-35
-35
-39
-37
-40
-37
-33
-33
-28
-25
-27
-24
-20
-19
-15
-17
-16
-15
-16
-18
-14
-16
-16
-10
-10
-10
-7
-4
-3
1
3
3
4
5
2
2
2
2
1
-3
-5
-3
-2
-1
4
2
-2
7
9
12
11
8
5
3
2
-2
-8
-10
-9
-13
-19
-22
-19
-21
-26
-24
-25
-21
-22
-24
-22
-22
-19
-15
-17
-12
-17
-19
-19
-23
-23
-21
-20
-24
-22
-17
-15
-13
-14
-11
-5
-1
-2
-4
3
6
3
3
3
2
-1
-3
-5
-8
-5
-10
-5
-5
-6
-4
-1
0
-2
3
2
2
2
1
1
-4
-7
-9
-10
-14
-17
-22
-24
-26
-28
-30
-27
-29
-31
-33
-38
-36
-38
-38
-44
-45
-46
-47
-49
-49
-48
-49
-48
-49
-45
-44
-42
-40
-36
-34
-31
-28
-33
-28
-26
-27
-27
-28
-26
-22
-22
-19
-20
-16
-10
-8
-6
-2
3
-1
0
-4
-1
-4
-3
-6
-11
-13
-19
-19
-21
-23
-25
-25
-28
-28
-26
-29
-24
-25
-28
-27
-26
-29
-33
-31
-32
-30
-31
-31
-30
-27
-27
-29
-27
-26
-26
-23
-25
-26
-20
-18
-21
-18
-16
-19
-20
-16
-16
-15
-10
-10
-11
-7
-5
2
3
4
7
10
13
14
17
19
20
20
22
22
24
21
21
23
24
18
25
25
26
31
26
25
28
24
26
28
25
20
16
16
16
12
13
15
12
14
9
10
12
12
11
13
14
6
9
6
4
2
2
1
1
2
-6
-6
-3
0
4
9
12
15
17
22
21
22
19
18
18
18
21
23
14
14
16
15
19
17
14
12
14
14
17
18
20
21
22
25
25
23
21
20
19
17
14
12
5
4
2
0
1
-1
0
-9
-10
-7
-14
-10
-14
-16
-18
-24
-24
-24
-22
-24
-25
-27
-24
-25
-24
-19
-16
-15
-16
-14
-14
-14
-14
-16
-13
-18
-18
-17
-18
-18
-23
-22
-20
-17
-17
-14
-14
-15
-9
-12
-16
-7
-14
-15
-16
-14
-10
-16
-13
-12
-16
-12
-11
-9
-5
-6
-2
-4
0
1
-1
1
-1
-4
-2
-7
-9
-7
-14
-15
-9
-6
-11
-10
-10
-10
-14
-19
-19
-22
-15
-19
-18
-22
-25
-26
-27
-26
-24
-22
-21
-16
-13
-13
-9
-6
-5
1
3
2
5
3
4
4
2
3
1
3
3
2
3
2
4
6
4
8
14
11
17
18
17
17
17
21
21
23
18
18
17
15
15
17
14
13
15
10
11
7
4
2
2
8
4
3
6
1
1
1
-1
1
-1
-6
-4
-6
-4
-5
-11
-11
-7
-6
-5
-2
-3
-5
-4
-2
-4
0
1
1
-3
0
1
4
6
6
10
11
13
11
13
15
18
14
11
18
17
16
20
20
18
17
12
17
16
14
17
11
11
10
12
13
16
18
13
14
14
7
9
8
9
7
8
10
11
7
9
9
8
6
4
5
4
6
2
4
5
8
8
9
7
9
8
5
11
12
7
8
7
4
7
6
2
7
12
15
14
16
16
16
16
18
18
18
14
17
22
20
23
18
15
17
18
18
15
11
17
15
11
13
12
17
16
16
19
17
18
19
17
18
19
17
19
18
18
18
15
14
20
15
12
14
10
15
11
11
11
7
8
5
0
0
-2
0
1
-3
-3
-6
-10
-2
0
2
6
2
5
6
1
1
1
-1
2
0
-1
-3
-1
2
3
3
0
2
2
1
4
-1
-3
-6
-7
-5
-10
-6
-11
-13
-9
-13
-14
-15
-14
-13
-19
-19
-16
-15
-17
-20
-16
-16
-17
-18
-20
-21
-18
-19
-25
-27
-27
-26
-27
-28
-26
-25
-25
-26
-22
-18
-23
-24
-19
-17
-15
-15
-15
-17
-11
-16
-13
-11
-14
-12
-11
-8
-8
-11
-7
-8
-6
-5
-3
0
2
2
1
1
3
4
2
1
1
0
-3
-4
1
1
1
6
4
5
3
4
7
8
8
10
8
5
13
11
18
16
12
18
14
13
14
15
16
19
19
18
15
15
16
17
16
14
15
18
16
16
18
19
22
25
23
22
24
25
23
24
24
20
22
19
11
15
16
16
21
21
22
20
16
20
22
23
25
25
21
25
24
26
29
25
26
27
26
23
26
25
27
21
23
25
19
17
15
15
12
8
8
5
6
7
5
5
5
4
5
5
3
9
13
14
15
17
14
13
3
7
6
6
0
-7
-4
-8
-6
-10
-10
-5
-7
-6
-5
-7
-6
-1
-2
-3
0
0
-1
-3
-3
-6
-9
-7
-3
-3
-5
-3
-1
0
-1
-3
3
4
-1
5
4
-4
-3
-1
-1
0
-2
1
2
2
4
4
2
7
10
5
8
12
13
11
13
11
13
18
12
14
8
9
10
7
10
9
12
10
9
8
13
15
8
7
6
6
8
5
6
7
3
2
1
-1
4
5
2
3
3
5
5
3
1
2
4
7
11
10
10
10
7
12
9
8
7
7
7
6
5
9
6
3
7
8
8
8
10
9
11
13
13
10
11
10
6
4
2
0
0
-4
-7
-5
-9
-6
-3
-6
-4
-6
-7
-2
-4
-3
-3
-3
-2
-3
2
4
2
2
0
0
-3
-2
-6
-12
-13
-14
-16
-16
-18
-18
-18
-16
-17
-19
-15
-15
-16
-16
-13
-18
-18
-17
-17
-17
-16
-17
-17
-18
-20
-17
-19
-20
-16
-19
-23
-16
-13
-14
-6
-10
-9
-10
-15
-15
-18
-14
-14
-14
-13
-12
-11
-12
-10
-8
-8
-8
-5
-6
-6
-1
-1
-3
-1
2
-3
-3
-3
1
-1
0
-2
-3
-5
-5
-4
-6
-4
-6
-1
-7
-4
-2
-9
-7
-1
-6
-3
-1
1
0
-2
3
5
6
10
13
14
16
16
15
12
12
12
13
13
15
13
11
14
11
12
10
13
9
10
14
11
11
11
12
13
10
15
12
10
12
10
13
16
17
17
18
13
13
14
15
