-6
-3
-5
-4
-2
-2
-2
2
0
-1
-2
-4
-1
-1
0
1
1
-1
0
2
2
3
-2
2
1
2
1
4
4
5
5
4
7
5
12
10
11
11
10
10
11
12
10
9
9
11
14
16
15
18
21
25
20
21
24
24
27
27
29
32
29
24
21
18
20
17
17
17
17
21
25
22
20
22
20
22
27
28
25
25
26
25
26
25
24
24
29
23
25
27
26
28
26
28
27
23
19
27
22
20
29
27
26
28
27
29
28
25
26
25
21
22
24
21
19
20
15
13
17
14
9
7
4
6
3
6
6
0
1
3
1
-3
-5
-6
-3
-4
-4
-7
-4
-1
-2
-3
-1
-2
-1
2
3
-1
0
3
1
0
-5
-1
0
-4
0
-5
-4
-3
-4
-5
-6
-4
-1
-1
-5
-1
-4
-2
-3
1
2
0
3
1
1
1
3
0
3
3
4
3
0
-1
1
-1
-1
-3
-1
-3
-2
0
0
7
12
11
11
13
16
16
18
14
19
17
18
18
22
20
21
20
22
24
25
29
25
32
30
28
34
32
33
37
38
39
41
42
38
36
33
37
30
32
32
28
31
30
32
34
30
32
33
29
34
27
31
34
33
32
34
34
34
35
35
36
39
33
34
40
34
30
32
30
27
30
28
26
24
25
25
29
29
29
22
23
25
27
26
26
26
26
27
28
28
28
29
24
23
20
22
19
15
18
12
10
8
10
12
10
13
10
10
12
10
7
15
13
12
10
9
12
7
4
4
5
6
4
7
4
0
2
3
-1
-1
-3
-2
-2
-3
0
0
-3
-2
-2
-2
2
-1
-4
-5
-6
-6
-6
-3
-7
-6
-6
-3
-7
-7
-7
-10
-7
-9
-12
-13
-6
-7
-7
-3
-9
-7
-7
-4
-6
-3
0
1
3
0
2
-4
3
2
-1
3
2
7
5
7
12
12
13
16
19
18
19
20
19
24
25
27
29
29
26
29
29
26
31
29
30
29
27
28
30
30
28
28
29
30
26
27
31
31
28
28
31
34
35
34
34
31
32
29
29
29
30
32
31
32
30
35
33
31
35
34
37
37
40
38
39
40
36
37
34
34
35
32
30
29
29
30
29
32
28
29
30
28
25
28
27
29
24
27
31
28
28
26
24
24
27
22
28
27
24
24
25
25
22
22
21
19
17
17
21
20
19
19
23
19
17
22
15
16
19
18
17
17
17
22
19
14
21
18
20
19
17
19
22
20
12
17
17
11
10
11
11
11
13
16
18
19
18
14
6
9
9
11
12
12
14
15
17
17
20
18
18
23
18
16
16
16
18
17
16
18
18
18
16
19
17
20
19
20
19
17
15
19
20
19
21
18
21
19
14
18
18
15
19
19
21
25
27
24
23
23
27
25
26
29
30
36
32
31
34
35
37
38
35
32
37
38
37
35
35
36
36
34
35
33
34
32
29
32
35
30
28
34
35
36
42
43
39
36
32
33
33
34
31
32
32
27
33
29
29
30
24
27
29
23
14
18
23
21
27
28
31
32
29
35
35
37
32
33
33
28
26
25
24
19
18
16
15
13
16
14
12
9
12
19
17
14
18
19
20
21
21
21
24
19
16
19
16
14
11
9
11
7
9
10
9
9
5
8
8
8
7
9
10
8
8
11
10
7
9
11
10
9
9
9
8
10
12
10
9
10
4
4
8
7
7
11
7
12
12
15
13
14
17
17
19
19
21
19
18
17
18
22
21
19
25
21
19
24
26
28
26
21
19
21
21
22
18
22
24
23
24
22
27
24
29
32
29
30
31
29
28
30
29
32
30
34
31
29
34
33
36
36
37
38
42
44
42
43
45
40
37
38
37
34
34
33
27
30
31
30
29
28
28
27
32
33
31
32
33
29
25
32
30
32
33
29
32
29
30
30
27
26
30
30
31
31
27
28
28
27
26
22
25
23
23
26
22
23
23
17
12
9
11
14
16
16
16
16
16
17
16
13
14
14
15
12
11
10
8
6
6
7
3
5
5
8
8
7
9
10
11
13
9
11
8
8
5
8
8
11
10
8
8
8
9
5
13
12
7
9
13
15
20
15
13
19
17
12
9
13
13
9
11
15
13
15
12
10
14
10
13
16
13
13
13
12
13
16
15
17
19
20
25
25
26
26
24
25
25
23
25
24
20
27
22
24
20
23
25
27
28
27
27
27
26
23
24
27
27
26
28
30
25
25
26
29
30
27
31
29
31
33
26
28
25
27
30
24
29
25
22
24
26
28
23
28
22
23
25
24
23
17
24
24
25
28
26
26
24
22
24
21
18
21
20
17
16
18
18
17
21
21
18
18
20
21
20
23
22
23
22
24
23
21
19
17
12
16
15
15
15
14
14
9
12
12
13
18
15
15
15
14
18
18
13
13
10
10
10
11
13
7
6
2
5
6
5
3
2
3
3
3
-4
-3
-3
-5
-5
-10
-8
-7
-6
-5
-3
-3
-5
0
-2
-5
0
6
3
2
9
7
3
6
3
5
5
8
8
7
6
7
9
6
3
3
8
4
6
9
10
12
13
11
16
10
11
16
19
19
16
14
16
19
15
13
16
8
5
5
9
10
5
9
7
7
6
7
7
8
14
12
9
10
13
14
14
12
12
13
14
16
14
15
15
16
12
13
16
11
10
13
14
13
17
13
13
17
17
20
22
18
19
19
19
16
16
17
17
16
15
14
12
11
4
6
6
8
2
3
2
4
3
-1
4
0
-1
-4
-3
2
2
3
3
4
6
6
5
6
7
9
12
7
9
6
1
3
2
3
-1
-1
-2
2
2
2
6
4
5
0
5
3
-1
4
4
0
0
-2
-3
-2
-2
-2
-7
-7
-3
-8
-8
-10
-6
-5
-7
-8
-9
-7
-7
-6
-10
-4
-8
-9
-5
-7
-8
-6
-9
-12
-8
-12
-10
-11
-9
-13
-11
-12
-11
-8
-9
-9
-7
-4
-2
-2
-4
-1
0
-1
-1
1
-3
1
-3
1
0
-1
-2
-2
0
1
-1
-3
-4
-6
-7
-11
-7
-8
-6
-9
-11
-5
-2
-5
-9
-1
-4
1
-1
4
4
2
1
-1
2
0
2
0
0
-4
-2
0
1
1
-1
4
3
2
1
5
8
4
8
4
3
2
6
5
3
1
-3
-3
-4
-1
-2
0
-4
-8
-5
-7
-6
-6
-9
-11
-10
-10
-7
-7
-6
-10
-8
-8
-9
-12
-12
-11
-11
-7
-14
-13
-17
-9
-10
-12
-4
-8
-3
0
-1
0
3
-4
-5
-3
-6
-10
-11
-8
-8
-7
-3
-7
-12
-14
-12
-11
-7
-9
-12
-10
-7
-10
-12
-13
-17
-13
-15
-18
-18
-17
-17
-21
-19
-20
-17
-15
-13
-12
-12
-17
-15
-14
-12
-8
-8
-8
-4
-4
-3
-5
-6
-12
-17
-13
-15
-9
-15
-9
-9
-8
-9
-10
-6
-12
-12
-9
-9
-8
-8
-6
-7
-8
-7
-10
-10
-17
-16
-15
-16
-8
-16
-16
-12
-18
-15
-13
-16
-14
-13
-16
-17
-18
-20
-19
-20
-16
-19
-17
-14
-21
-14
-12
-16
-10
-8
-7
-7
-7
-6
-8
-11
-10
-8
-8
-12
-16
-14
-14
-16
-12
-14
-13
-11
-15
-16
-12
-8
-6
-2
1
1
1
-3
2
-1
-3
-5
-6
-5
-10
-10
-10
-15
-15
-11
-13
-15
-12
-15
-16
-12
-8
-8
-5
-1
-1
-3
-4
-3
-3
-4
-4
-7
-7
-5
-8
-11
-10
-6
-12
-11
-11
-13
-11
-9
-11
-10
-7
-6
0
-2
-2
-6
1
1
-4
-2
-5
-4
-1
-7
-9
-12
-13
-11
-11
-13
-14
-11
-13
-15
-17
-18
-16
-15
-15
-17
-14
-13
-12
-11
-13
-10
-8
-9
-10
-13
-14
-13
-8
-9
-12
-9
-10
-6
-8
-12
-16
-14
-18
-18
-17
-16
-16
-17
-14
-11
-10
-9
0
-3
-2
-2
-3
1
-1
0
-2
-6
-6
-5
-7
-10
-10
-17
-13
-12
-15
-21
-18
-14
-14
-13
-12
-8
-10
-1
-7
-10
-3
-8
-4
-8
-7
-7
-12
-9
-12
-10
-8
-11
-11
-9
-7
-8
-9
-3
-6
-8
-7
-9
-8
-12
-9
-8
-3
-6
-4
-5
-2
-2
-4
-4
-6
0
-1
-4
-5
-4
0
-3
-6
-1
-2
-1
-2
-3
-3
-4
-2
0
-2
-1
1
0
4
6
6
9
8
10
6
5
4
0
-1
1
1
-5
-3
-5
-2
-6
-6
-7
-6
-4
-6
-4
-6
0
1
1
-1
2
0
-1
0
-5
-5
-5
-10
-12
-14
-14
-13
-13
-14
-13
-6
-9
-10
-11
-8
-8
-13
-11
-14
-15
-17
-16
-15
-13
-15
-14
-12
-13
-13
-13
-13
-14
-13
-16
-15
-17
-15
-10
-11
-13
-11
-14
-13
-15
-12
-11
-17
-14
-14
-15
-12
-12
-6
-9
-12
-11
-14
-11
-14
-12
-11
-12
-11
-13
-11
-9
-15
-14
-18
-17
-16
-18
-15
-12
-11
-13
-14
-15
-17
-14
-7
-10
-11
-9
-6
-8
-9
-7
-4
-2
-8
-5
-8
-10
-5
-3
-4
-5
-9
-11
-6
-2
-5
-7
-5
0
-2
-6
-5
-4
-4
-4
-2
-5
-6
-2
-6
-5
-8
-10
-12
-12
-10
-11
-10
-14
-12
-13
-16
-14
-11
-7
-8
-5
-2
-4
-1
-1
-2
-2
-2
-6
-1
1
-3
4
-1
2
2
-6
-1
1
0
1
3
6
1
4
6
5
7
8
9
8
6
8
7
7
7
0
-5
1
1
-2
2
-2
0
-3
-6
-5
-4
-4
-4
-4
-4
0
-6
-2
-1
-6
0
-3
-5
-5
-3
-5
-9
-5
-3
-2
-1
-1
-3
-4
-6
-2
2
3
4
-1
-1
-1
-4
-3
-2
5
2
3
4
-1
3
0
-1
-1
-2
-1
-3
-5
-6
-6
-2
-5
-5
0
-3
-5
-4
-8
-7
-7
-5
-9
-9
-6
-9
-11
-11
-9
-8
-13
-12
-14
-14
-13
-15
-12
-13
-12
-12
-7
-3
0
3
1
-2
3
-2
-4
0
5
3
6
4
4
7
2
4
-1
-1
-1
0
-3
-6
-5
-4
1
-4
-2
2
3
2
0
2
0
0
0
1
1
7
1
-3
5
4
-1
-3
-2
-6
-6
-7
-3
-3
-4
-3
-8
-7
-8
-6
-7
-5
-3
-2
0
-2
2
2
1
-6
-3
0
0
-5
0
-2
-8
2
-6
-10
-8
-3
-3
-6
-6
-6
-6
-9
-12
-11
-12
-8
-5
-7
-3
-2
-2
1
2
1
3
1
0
6
2
-2
1
0
-2
-3
-5
-4
-5
-7
-10
-13
-14
-13
-11
-11
-6
-2
-3
-4
-4
-3
-2
-4
-2
-5
-1
-2
-2
-6
-3
-3
-8
-2
-4
-4
-7
-8
-5
-4
-3
-4
-4
-3
-7
-3
-3
-3
-1
-1
4
3
2
-2
-2
-1
-4
-5
-7
-8
-7
-6
-4
-7
-10
-7
-10
-15
-6
-6
-8
-6
-7
-3
-2
4
4
3
6
1
-2
-1
-2
-3
-7
-5
-8
-8
-13
-10
-6
-7
-7
-6
-2
-4
-5
0
3
2
5
6
6
3
2
3
5
4
-3
-2
-3
1
5
6
5
2
7
4
3
3
0
-1
0
2
10
11
9
7
9
6
5
9
8
4
4
12
6
1
5
4
6
5
6
11
2
3
7
4
7
9
3
4
6
8
5
8
5
0
2
11
8
9
13
10
13
16
14
12
7
4
7
6
5
-2
-4
-1
1
1
3
-1
2
5
3
7
4
10
7
10
10
8
7
9
8
5
10
8
5
1
-1
0
0
-5
-4
4
7
5
4
8
11
11
9
8
11
10
9
9
8
3
-2
-3
-1
-4
-9
-4
-4
-5
-3
-5
-6
-4
1
0
5
3
3
4
4
7
4
6
4
-2
2
8
8
8
6
5
5
7
7
3
10
9
8
6
5
0
-3
2
-1
-3
-2
-1
0
4
3
-1
-3
2
5
3
6
4
-4
-3
2
5
1
1
-7
-6
1
0
-5
-5
-2
-8
-4
5
4
5
8
4
6
8
11
5
2
4
9
6
6
9
0
1
3
1
-5
-2
3
3
9
5
-7
2
7
4
5
8
3
2
10
15
15
9
15
8
9
17
19
14
14
15
20
21
20
20
20
23
24
17
16
13
10
11
14
15
9
5
3
10
17
10
7
4
7
7
8
7
5
4
-1
2
3
4
-1
-1
0
0
-3
-1
5
4
9
9
1
-1
-2
6
12
13
7
8
12
6
14
14
9
0
0
1
1
1
-3
-4
-1
-2
-5
-5
-8
-2
-2
-2
-6
-5
-8
-6
-1
-4
-8
-11
-7
-12
-11
-9
-9
-12
-11
-12
-10
-6
-3
-4
-8
-7
-3
-5
-2
-1
-6
-6
-5
-9
-9
-5
2
-1
-6
-2
-10
-6
0
-8
-8
-6
-4
-6
-10
-7
-10
-13
-9
-12
-12
-13
-14
-9
-14
-11
-15
-20
-10
-8
-5
-9
-9
-6
-2
-2
1
-1
-2
1
3
1
1
3
-2
2
1
0
4
4
6
10
8
8
11
11
10
15
10
9
11
8
7
4
7
1
2
3
-1
1
4
1
5
12
9
10
3
3
4
8
6
2
1
2
1
9
4
-2
-9
-5
-2
-4
2
-1
-2
-2
2
3
5
8
0
-2
-2
-1
-4
1
3
-8
-10
-4
5
5
-3
-5
-5
-6
-1
-2
-8
-9
-10
-7
0
-3
-5
-12
-9
-4
3
-5
-17
-17
-15
-14
-12
-15
-24
-26
-26
-24
-15
-13
-17
-20
-10
-3
-1
-1
-7
-9
-6
-8
-5
-4
-7
-7
-7
-5
-5
-3
-3
-6
-3
3
1
-3
0
3
7
4
2
1
-8
-5
1
1
-7
-8
-10
-12
-7
-7
-12
-11
-13
-9
-6
0
3
-2
0
1
1
0
3
3
1
-3
-3
-2
-5
-8
-10
-7
-8
-6
-5
-8
-11
-2
1
-1
-4
-8
-5
-2
3
9
-2
-6
-3
0
5
6
2
-7
-6
-5
0
4
-4
-11
-8
-2
1
-1
2
6
1
3
3
3
10
7
4
-1
0
-2
-2
1
-7
-6
-2
-1
-6
-1
2
-4
1
3
3
-3
0
0
-2
4
9
-1
-7
5
9
7
11
7
2
9
14
12
3
4
-1
-6
1
5
-4
-9
-4
-5
-10
-6
-8
-13
-3
1
-1
-5
0
3
2
1
-2
-9
-9
0
-1
-8
-11
-18
-22
-14
-6
-13
-26
-23
-13
-10
-11
-13
-17
-13
-14
-12
-7
-6
-1
-5
-9
-2
0
-3
-4
-5
-8
-11
-12
-10
-10
-9
-8
-11
-6
-6
-5
-3
3
1
-3
-1
-5
-5
-1
-4
-3
-4
-8
-6
-7
-5
-6
-5
-9
-12
-15
-11
-4
-13
-18
-14
-13
-11
-15
-13
-13
-17
-18
-14
-10
-14
-12
-6
-6
0
2
-6
-7
0
1
3
1
-2
-7
-2
5
8
2
-1
-5
1
3
-3
-7
-12
-10
-10
-7
-6
-11
-11
-3
3
-6
-1
-4
-6
-1
6
7
-2
-4
-11
-9
-3
6
-1
-9
-7
-15
-10
-5
-2
-3
-4
-2
-6
0
3
-1
-8
-6
-8
-13
6
8
-6
-16
-13
-1
4
6
3
-8
-6
5
10
5
4
-4
-5
1
7
-4
-13
-9
-12
-10
0
-2
-13
-11
-6
-11
-6
-4
-14
-13
-4
1
-6
-8
-9
-11
-2
6
-9
-15
-11
-13
-8
-4
-4
-15
-10
-7
-7
-8
-4
-11
-13
-7
-7
-11
-3
1
-9
-18
-20
-23
-24
-10
-5
-18
-29
-28
-30
-12
4
-1
-19
-23
-16
-7
2
5
-2
-10
-11
-2
0
-3
-4
-19
-22
-16
-23
-25
-31
-31
-34
-33
-32
-38
-28
-27
-30
-28
-30
-29
-21
-15
-13
-16
-21
-14
-8
1
5
-5
-2
8
9
6
6
9
-2
4
8
2
-9
-4
0
-3
7
7
-4
-8
-6
2
11
7
-2
-12
-9
5
17
14
9
2
4
19
22
15
11
3
5
23
26
17
7
0
3
8
27
30
8
4
12
19
28
26
19
18
25
25
17
17
16
14
9
9
5
2
1
9
6
3
-5
-2
8
2
3
-2
-3
-3
-7
-9
-11
-17
-23
-26
-32
-40
-38
-40
-59
-64
-65
-67
-65
-73
-82
-86
-80
-69
-75
-74
-74
-76
-80
-74
-72
-72
-66
-59
-50
-39
-27
-15
4
19
34
40
55
77
81
87
101
103
103
106
100
90
83
79
66
56
49
28
13
13
11
2
-9
-8
-22
-22
-6
-3
-6
-7
5
8
19
27
27
27
30
39
33
40
37
31
26
26
32
65
89
49
8
31
77
84
80
66
27
24
72
88
60
32
1
-16
7
36
13
-30
-40
-40
-37
-11
1
-23
-44
-27
-10
1
5
-7
-16
-3
14
1
-7
-6
-21
-22
5
1
-33
-48
-39
-34
-41
-62
-101
-125
-112
-109
-116
-130
-164
-199
-196
-187
-216
-258
-272
-209
-69
16
-82
-201
-103
120
226
206
186
148
110
211
407
447
283
131
134
210
262
250
173
42
-46
-13
74
78
-22
-111
-117
-84
-52
-42
-71
-105
-87
-33
-19
-23
-11
-15
0
72
126
79
27
58
127
144
141
141
104
42
46
126
160
83
-13
-23
6
5
-5
-8
-60
-137
-150
-94
-41
-42
-89
-131
-110
-48
-5
15
20
-5
1
60
110
112
98
106
101
107
136
129
96
95
114
91
64
60
42
16
28
42
4
-45
-55
-36
-19
-20
-38
-65
-82
-80
-52
-18
-29
-77
-89
-60
-50
-54
-56
-57
-89
-112
-101
-95
-106
-132
-135
-146
-158
-173
-192
-198
-200
-234
-255
-219
-134
-31
-4
-102
-162
-4
202
224
159
164
168
154
268
432
399
209
125
182
245
251
224
140
21
-19
31
88
62
-34
-91
-70
-53
-45
-45
-67
-89
-58
-18
-43
-64
-32
-1
10
58
85
20
-26
56
145
129
94
90
66
31
71
154
153
44
-39
-6
44
36
15
17
-14
-85
-86
-2
36
16
9
-9
-37
-8
69
106
83
53
38
56
93
111
113
93
56
38
58
85
71
51
50
24
-2
16
30
-3
-14
13
-2
-57
-55
-22
-33
-43
-24
-38
-80
-95
-69
-54
-78
-111
-133
-140
-142
-151
-150
-154
-184
-204
-206
-221
-248
-264
-270
-276
-254
-146
-14
-45
-211
-197
84
263
177
107
169
175
161
327
484
351
127
126
265
306
274
233
145
30
-5
83
139
55
-80
-118
-71
-56
-78
-87
-104
-136
-112
-62
-74
-90
-63
-36
-17
37
45
-25
-32
79
148
93
68
109
85
19
78
190
161
0
-38
49
70
17
18
24
-38
-93
-43
66
48
-48
-73
-15
19
-4
21
36
-7
-16
44
90
56
27
60
81
80
90
86
64
62
95
111
64
33
37
43
49
57
47
-3
-51
-23
17
-6
-49
-55
-55
-98
-100
-55
-65
-112
-147
-136
-140
-180
-169
-143
-155
-204
-239
-238
-236
-250
-277
-308
-321
-235
-36
49
-136
-295
-90
242
287
169
171
185
141
253
517
553
279
108
217
359
367
315
247
124
2
26
163
175
-6
-148
-99
-46
-78
-100
-102
-141
-170
-120
-83
-113
-137
-113
-70
-16
12
-45
-99
-34
89
116
78
76
82
30
23
158
242
125
-39
-8
115
101
39
68
41
-103
-139
-25
97
94
-38
-124
-99
-14
49
91
78
-57
-119
9
136
107
37
22
-16
-21
90
131
48
8
39
60
50
75
73
8
16
66
53
-6
-42
-30
-13
-16
-38
-74
-108
-142
-121
-52
-83
-190
-223
-169
-175
-222
-206
-189
-225
-260
-261
-270
-270
-273
-300
-325
-302
-175
-13
-1
-180
-224
61
301
238
159
229
242
196
359
575
485
227
192
338
402
344
285
235
129
36
73
173
116
-81
-145
-46
-40
-129
-140
-113
-165
-181
-112
-101
-162
-175
-124
-60
-11
-11
-74
-90
14
98
104
96
103
85
56
106
223
241
110
8
80
153
94
60
93
29
-113
-95
56
49
-77
-98
-59
-70
-84
-37
0
-26
-57
-40
6
44
28
23
59
69
47
58
100
98
92
129
123
76
70
98
95
90
92
41
-19
-4
32
-6
-48
-54
-84
-138
-148
-106
-113
-173
-207
-201
-196
-227
-249
-219
-206
-261
-278
-228
-234
-321
-336
-276
-289
-355
-299
-68
77
-88
-301
-134
246
327
179
195
286
204
212
503
656
400
142
241
411
399
329
303
208
37
-7
141
216
32
-160
-136
-52
-100
-151
-116
-150
-228
-193
-107
-135
-184
-149
-103
-69
-26
-38
-96
-56
73
120
74
83
120
87
53
148
269
212
43
24
142
148
62
67
74
-59
-155
-57
79
65
-75
-155
-148
-81
6
43
8
-104
-144
-32
97
98
15
-20
3
32
102
148
105
59
77
124
123
117
117
84
76
114
106
39
-15
-12
12
3
-29
-92
-155
-173
-148
-118
-152
-232
-282
-278
-257
-271
-284
-266
-276
-326
-356
-341
-321
-333
-370
-298
-90
59
-77
-291
-156
240
404
285
204
227
219
308
570
684
458
176
173
381
499
422
266
132
43
29
124
185
50
-161
-202
-97
-50
-109
-185
-217
-208
-175
-142
-132
-160
-195
-164
-45
40
-18
-98
-66
41
130
161
140
101
84
92
166
274
259
85
-9
95
163
83
40
66
-20
-113
-28
69
4
-121
-130
-65
-30
-47
-106
-108
-61
-45
-45
5
20
-49
-41
72
108
56
53
85
99
145
192
156
87
106
147
153
161
130
44
-11
22
69
36
-49
-117
-124
-110
-131
-146
-151
-209
-291
-266
-195
-241
-330
-305
-237
-275
-329
-313
-304
-351
-372
-327
-251
-100
48
-36
-247
-171
232
450
317
190
236
287
333
531
688
521
209
162
392
537
431
253
161
80
17
82
197
99
-163
-233
-84
-15
-123
-193
-168
-158
-182
-152
-96
-109
-170
-137
-4
64
2
-79
-29
91
153
161
151
142
107
91
179
315
293
83
-19
111
212
125
48
56
-22
-160
-130
0
9
-64
-130
-154
-132
-77
-38
-16
2
-58
-104
-18
93
100
66
66
60
62
128
174
143
136
140
103
100
157
163
80
69
106
58
-21
-19
1
-32
-87
-111
-126
-162
-216
-218
-181
-218
-325
-323
-255
-284
-347
-301
-238
-307
-381
-332
-286
-342
-381
-274
13
163
-72
-349
-136
374
495
300
225
250
203
297
642
778
446
83
105
382
534
412
219
93
-17
-44
93
232
58
-232
-259
-100
-27
-73
-129
-176
-184
-134
-80
-67
-66
-101
-106
6
108
66
-33
0
123
197
184
147
139
137
103
145
301
306
53
-70
103
228
97
19
51
-51
-199
-131
21
-11
-89
-114
-140
-154
-114
-32
29
37
-64
-138
-28
116
131
115
113
25
-18
111
250
210
128
104
71
94
181
217
140
67
52
32
50
79
49
-17
-68
-107
-105
-90
-137
-189
-176
-197
-288
-290
-231
-253
-328
-295
-246
-313
-390
-351
-285
-337
-403
-386
-246
-14
61
-150
-322
-62
368
437
241
165
246
299
405
617
671
393
115
195
490
574
346
149
105
71
38
121
195
8
-252
-245
-43
6
-140
-238
-193
-155
-171
-137
-72
-93
-178
-119
37
74
-19
-67
22
124
156
134
127
144
123
79
155
304
236
-1
-49
144
202
54
-2
31
-55
-185
-116
12
-52
-120
-102
-108
-156
-132
-14
54
9
-84
-113
-5
104
130
122
82
4
1
142
264
197
100
91
88
131
208
211
107
35
61
75
65
73
43
-53
-109
-85
-53
-102
-169
-183
-188
-230
-284
-261
-241
-312
-356
-293
-246
-319
-388
-337
-304
-369
-397
-364
-211
29
79
-195
-372
-2
473
435
180
158
270
295
413
680
686
323
63
224
556
579
312
142
118
67
30
156
226
-30
-286
-216
-18
-24
-164
-222
-184
-168
-177
-136
-87
-110
-178
-110
50
65
-58
-91
36
155
162
121
104
128
124
110
208
336
210
-41
-29
201
231
52
3
22
-86
-172
-68
17
-91
-234
-173
-78
-110
-145
-115
-45
-39
-49
-27
-21
11
58
117
127
73
44
82
164
214
177
112
87
92
138
167
155
101
19
-10
14
74
62
-63
-153
-126
-95
-135
-189
-181
-207
-314
-313
-222
-238
-362
-384
-275
-266
-354
-363
-311
-317
-411
-406
-320
-267
-116
70
-43
-344
-229
315
520
241
82
224
319
351
546
702
484
130
142
468
613
406
178
152
125
45
98
233
91
-214
-236
-33
-3
-149
-214
-177
-162
-177
-147
-134
-159
-169
-113
-17
-1
-68
-109
-36
87
151
119
63
55
99
117
150
256
236
16
-85
122
271
121
-20
15
-3
-121
-104
22
-16
-184
-263
-198
-57
-10
-113
-187
-150
-65
-6
63
69
-21
-16
97
175
170
165
139
102
162
260
244
169
132
116
136
178
180
77
-8
11
40
22
-21
-78
-111
-133
-154
-147
-158
-228
-294
-251
-202
-293
-384
-322
-252
-303
-333
-278
-286
-378
-395
-337
-322
-367
-339
-79
125
-115
-447
-196
386
460
136
82
255
248
282
585
734
429
90
171
498
637
455
233
150
94
59
195
322
112
-196
-206
-35
-10
-69
-95
-162
-228
-201
-141
-120
-118
-139
-159
-114
-60
-87
-101
-19
56
43
5
8
52
108
106
99
173
163
-6
-32
183
253
50
-34
54
5
-114
-31
77
-56
-234
-223
-91
8
-28
-122
-166
-108
-28
41
110
34
-83
-12
159
190
121
98
82
85
195
262
147
51
85
134
149
148
111
0
-40
16
52
46
-41
-160
-171
-115
-126
-192
-208
-226
-309
-296
-240
-310
-375
-309
-249
-333
-393
-357
-342
-372
-395
-397
-413
-354
-134
39
-140
-434
-243
306
446
126
18
235
303
295
546
733
445
87
197
570
671
446
233
181
151
126
232
342
148
-180
-199
25
69
-64
-114
-141
-230
-221
-107
-94
-185
-203
-153
-132
-135
-132
-127
-84
-14
8
-37
-44
22
71
55
65
147
151
10
-40
149
263
100
-37
25
37
-47
0
82
-28
-191
-171
-42
1
-49
-114
-155
-122
-25
40
26
-46
-74
6
113
126
64
65
90
108
161
194
143
85
124
172
157
130
108
56
31
66
71
6
-54
-84
-98
-114
-132
-166
-214
-242
-248
-224
-250
-335
-363
-291
-257
-331
-376
-321
-298
-354
-384
-370
-373
-412
-429
-261
11
-17
-365
-457
3
424
300
28
51
207
283
429
633
578
266
107
330
653
654
372
147
118
178
267
350
255
-17
-173
-77
66
70
-37
-157
-224
-208
-147
-120
-139
-181
-217
-208
-174
-158
-162
-138
-107
-96
-95
-85
-54
-9
11
1
52
100
28
-59
56
218
137
-36
-21
92
63
6
58
71
-54
-158
-94
-8
19
32
-35
-108
-103
-4
97
113
75
-47
-73
74
198
205
107
27
34
112
201
192
106
66
41
57
135
166
74
-73
-71
31
36
-43
-106
-124
-153
-186
-133
-98
-198
-312
-296
-201
-222
-287
-269
-281
-344
-328
-219
-230
-354
-403
-354
-362
-418
-407
-227
-2
-104
-441
-456
51
409
216
-29
29
166
259
467
641
508
192
114
389
697
680
345
118
160
295
366
381
283
25
-137
-21
181
177
-15
-203
-235
-132
-71
-114
-154
-174
-239
-262
-189
-128
-159
-204
-165
-110
-114
-140
-110
-10
40
-29
-44
46
51
-17
76
218
116
-62
4
165
142
54
71
63
-43
-77
25
73
-15
-58
-15
-1
-26
-21
45
64
33
19
38
80
81
114
160
125
54
55
147
193
123
63
68
74
76
78
79
23
-48
-36
-2
-22
-67
-86
-104
-134
-137
-121
-162
-201
-188
-180
-223
-261
-233
-232
-285
-284
-231
-244
-305
-305
-262
-295
-385
-413
-391
-389
-304
-70
-28
-378
-566
-108
418
304
-102
-105
167
280
368
573
596
276
59
319
720
724
384
188
241
297
324
415
383
95
-116
16
214
153
-28
-121
-156
-176
-148
-107
-148
-240
-299
-268
-213
-219
-262
-251
-195
-187
-219
-197
-128
-102
-107
-106
-52
20
-5
-68
9
146
107
-8
46
166
124
55
112
134
56
28
92
82
4
58
127
54
-26
12
113
121
76
37
16
50
95
107
97
59
11
31
96
123
66
20
17
34
78
59
-1
-25
-4
12
7
7
-39
-122
-109
-10
6
-75
-158
-176
-150
-128
-125
-150
-189
-262
-308
-236
-141
-182
-315
-347
-285
-281
-342
-363
-400
-457
-471
-339
-104
-99
-399
-544
-144
334
247
-104
-102
162
300
376
525
527
291
176
413
720
701
397
224
299
388
394
413
363
126
-53
69
239
161
-27
-126
-163
-175
-127
-100
-174
-281
-327
-282
-216
-207
-255
-283
-254
-228
-226
-196
-123
-92
-125
-154
-86
38
37
-41
11
148
114
-10
76
253
206
55
77
194
176
86
106
142
85
50
142
162
65
16
81
141
102
62
42
39
49
67
75
50
-1
-8
20
51
27
-19
1
14
-7
-7
25
32
-23
-37
11
20
-8
-32
-19
0
-16
-65
-103
-99
-72
-101
-156
-181
-174
-197
-241
-235
-209
-233
-316
-326
-271
-249
-320
-388
-391
-409
-420
-388
-248
-91
-158
-416
-436
-2
364
206
-108
-75
190
365
461
526
452
255
210
435
686
657
364
182
255
375
390
360
291
104
-47
18
156
132
-34
-161
-176
-157
-153
-181
-195
-212
-256
-293
-280
-248
-254
-234
-208
-218
-273
-265
-154
-52
-81
-192
-161
3
49
-64
-37
119
107
-29
20
217
203
39
37
182
179
55
61
139
116
86
135
127
64
67
144
154
104
70
63
89
104
93
68
54
28
11
33
59
13
-28
14
35
10
0
13
-12
-32
22
41
-27
-57
-9
9
-26
-51
-38
-62
-105
-106
-98
-117
-166
-160
-157
-220
-259
-214
-170
-240
-310
-278
-243
-269
-268
-255
-307
-391
-386
-307
-267
-176
-57
-124
-343
-289
151
411
164
-127
6
323
427
396
444
406
210
175
464
705
501
151
113
301
375
301
255
192
30
-57
64
186
87
-87
-137
-114
-124
-113
-72
-104
-209
-262
-227
-182
-158
-164
-182
-207
-211
-210
-170
-75
-32
-127
-214
-118
27
10
-64
-3
75
4
-80
55
218
145
-14
2
139
137
59
93
150
61
11
127
200
143
78
90
118
152
174
112
61
97
132
96
66
70
46
18
40
47
5
-4
7
-2
-19
-22
-25
-35
-22
-15
-33
-53
-64
-60
-30
-19
-70
-138
-113
-48
-76
-135
-143
-132
-170
-209
-171
-127
-175
-276
-269
-163
-134
-214
-245
-194
-192
-247
-258
-218
-214
-251
-218
-54
22
-149
-305
-80
284
272
-17
-91
145
342
352
291
239
204
234
315
392
391
290
155
131
255
344
271
133
51
64
121
134
82
26
-2
-51
-95
-69
-16
-54
-134
-178
-175
-164
-164
-152
-147
-158
-197
-241
-207
-96
-46
-125
-224
-184
-56
-5
-51
-76
-10
8
-57
-25
125
162
29
-36
76
163
128
99
109
89
47
92
149
135
151
158
89
38
129
261
238
104
23
55
146
206
157
44
-29
-6
54
92
91
-14
-125
-106
-1
47
-2
-58
-97
-108
-49
18
9
-67
-116
-102
-66
-32
-24
-73
-122
-131
-118
-104
-76
-56
-102
-172
-175
-121
-75
-74
-119
-174
-190
-129
-63
-74
-152
-217
-206
-166
-145
-166
-190
-124
-49
-106
-219
-137
111
194
31
-100
-6
183
305
284
163
91
157
284
316
263
212
184
168
178
210
218
172
96
54
75
112
71
-6
-20
11
-20
-93
-98
-72
-62
-81
-121
-169
-172
-110
-66
-100
-148
-144
-124
-88
-38
-27
-73
-95
-29
28
8
-23
12
77
67
24
44
100
112
81
77
101
92
66
108
143
97
55
84
108
77
74
96
73
32
33
59
62
45
26
12
9
11
16
27
35
19
-4
3
35
42
40
37
17
8
22
42
47
31
9
1
7
25
32
24
14
0
-7
-17
9
48
32
-50
-73
-2
32
-23
-60
-13
-13
-72
-77
-16
5
-39
-76
-78
-60
-37
-25
-39
-58
-71
-52
-32
-27
-38
-58
-62
-70
-69
-55
-57
-73
-65
-38
-52
-94
-69
2
15
-36
-52
-2
16
-2
9
35
21
-7
-3
27
54
30
-13
-11
36
54
9
-7
26
53
53
60
77
76
60
65
107
151
131
63
56
109
152
108
64
72
86
70
61
69
66
37
7
12
12
10
-1
-10
-20
-41
-42
-21
-9
-33
-64
-61
-44
-46
-58
-58
-53
-55
-69
-57
-27
-29
-38
-24
-14
-20
-15
26
40
16
2
30
56
46
36
42
62
67
54
43
63
83
82
67
66
78
79
75
79
97
88
53
38
63
92
72
30
23
47
48
22
4
26
41
22
-8
-11
10
12
-2
-14
-11
-17
-24
-20
-9
-21
-43
-53
-55
-51
-59
-58
-52
-62
-91
-104
-74
-56
-70
-97
-103
-94
-79
-66
-66
-81
-92
-78
-72
-67
-59
-51
-70
-85
-53
-8
-7
-40
-38
0
25
15
31
61
59
39
63
121
121
87
88
112
107
98
112
123
97
67
75
98
93
61
55
63
48
36
44
62
47
8
2
19
27
17
5
1
-4
-8
3
10
11
1
-15
-8
10
8
-11
-6
9
-3
-33
-29
0
1
-30
-41
-24
-16
-27
-31
-8
-3
-30
-38
-8
24
20
5
3
20
31
40
45
48
46
48
60
66
65
70
80
81
66
63
80
85
79
73
79
63
52
69
86
64
33
37
57
52
33
25
20
12
-6
-5
8
-6
-42
-49
-29
-37
-56
-52
-31
-47
-75
-63
-40
-40
-56
-51
-35
-31
-32
-34
-22
-6
1
-14
-22
-4
14
14
7
8
20
22
15
13
24
23
2
3
24
23
-12
-13
21
30
7
-12
0
16
6
12
22
9
-4
4
26
32
17
14
24
33
22
17
30
33
23
15
19
23
24
28
35
16
-1
-3
9
16
5
-2
-13
-20
-22
-17
-5
-4
-18
-35
-36
-10
8
0
-17
-10
5
1
0
29
48
30
8
15
50
68
63
55
46
39
42
66
84
76
46
15
26
57
70
48
15
0
10
22
25
18
9
-2
-15
-11
8
20
3
-19
-19
-3
6
0
-10
-16
-17
-20
-19
-11
-18
-18
-12
-11
-16
-16
-7
1
2
-2
-3
-1
10
23
22
7
6
21
23
12
12
28
30
17
11
12
8
8
19
11
-17
-25
6
23
3
-21
-18
-2
-1
-3
8
2
-13
-13
11
32
20
6
10
20
19
15
28
40
25
-5
-6
19
34
15
-12
-20
-5
2
-1
-8
-21
-33
-29
-13
-10
-10
-17
-15
-14
-7
2
7
6
3
13
27
25
13
6
13
26
22
12
8
11
12
12
18
24
10
2
-2
7
21
16
8
-4
-4
9
12
13
4
-6
-4
6
9
-4
0
6
2
-2
1
6
2
-6
-4
7
2
-7
0
13
6
-13
-8
3
3
1
-1
2
8
10
7
3
4
11
17
16
15
16
10
9
24
31
13
6
14
21
20
18
25
13
9
12
18
18
-8
-18
1
7
-15
-29
-22
-6
-19
-33
-18
-11
-7
-23
-13
3
3
-3
-1
13
13
10
15
26
30
24
22
27
26
24
18
13
14
7
4
-1
4
6
-1
-9
-20
-11
0
4
-2
-7
-2
3
10
13
19
29
31
14
9
25
40
28
1
-1
13
17
-1
-2
-1
-6
-15
-24
-19
-9
-14
-22
-22
-29
-30
-12
-2
-15
-21
-14
0
3
-1
8
16
10
-6
1
27
37
15
-10
-6
15
27
10
-6
-8
0
9
8
5
-6
-15
-9
12
22
-2
-23
-8
14
15
-2
-7
0
0
1
6
10
-2
-11
-1
9
7
0
2
8
5
1
13
18
14
5
7
15
16
17
13
9
5
8
17
15
15
8
7
7
0
1
8
7
-6
-12
1
14
10
9
9
-1
-8
-2
17
22
9
-5
-8
10
19
3
0
2
3
-4
7
12
6
-4
0
8
5
9
14
14
10
4
9
12
13
12
5
5
-7
-2
9
9
-5
-13
-8
-15
-15
-8
-4
-9
-16
-16
-4
7
10
-1
-1
6
19
18
17
25
20
24
23
29
39
37
30
18
21
42
46
29
9
9
20
14
15
9
7
-1
-13
-15
-5
-6
-21
-25
-20
-18
-24
-21
-20
-23
-29
-25
-15
-16
-21
-22
-17
-16
-11
-10
-12
-19
-13
0
3
-3
-2
8
7
8
10
20
24
19
18
21
22
18
20
29
28
10
5
17
21
10
5
9
8
1
-1
3
9
2
-8
-8
-5
3
2
0
5
5
5
9
9
15
10
5
9
12
15
15
11
12
16
8
6
10
7
7
1
2
6
3
-4
-2
2
4
-2
-1
3
-1
4
9
9
3
12
25
21
12
15
23
31
28
18
20
23
28
29
23
28
23
26
23
21
22
24
23
15
10
12
15
8
6
4
0
-4
0
-2
-7
-9
-6
-2
-1
-8
-9
-2
1
-8
-13
-13
-8
4
5
6
1
-4
8
16
12
5
9
8
7
14
20
24
18
13
14
18
28
25
20
17
11
11
25
34
30
13
5
18
23
14
11
9
12
8
6
8
7
14
6
-2
5
10
10
6
-2
-3
-7
3
12
10
0
0
11
12
18
13
12
13
11
11
8
14
17
10
3
-2
9
12
8
-1
-5
-1
-7
-3
3
5
-1
-9
-7
5
12
11
10
8
10
9
19
31
32
19
13
24
27
25
19
11
8
13
11
16
12
-4
-14
-9
-3
-4
-9
-13
-11
-14
-12
-6
-1
-4
-14
-18
-13
-1
0
-5
-6
-9
-6
-2
0
-5
-6
-3
-6
-1
2
1
1
6
7
10
18
17
13
14
22
22
16
10
14
17
5
3
7
10
-1
0
5
1
-6
-13
-7
-2
-7
-22
-22
-14
-14
-14
-14
-9
-15
-19
-6
2
-1
-14
-11
-4
-6
-2
4
0
-4
-8
-6
-3
-6
-13
-16
-16
-23
-19
-13
-10
-20
-29
-23
-13
-17
-22
-19
-21
-25
-24
-14
-11
-22
-35
-32
-19
-13
-15
-23
-29
-26
-16
-11
-10
-17
-13
-13
-14
-6
3
2
-1
-6
-6
-1
-2
3
1
-3
-11
-8
-4
-6
-17
-20
-20
-16
-18
-24
-25
-31
-31
-35
-33
-31
-36
-44
-46
-40
-36
-44
-42
-38
-41
-41
-29
-28
-33
-35
-30
-27
-26
-19
-22
-24
-24
-18
-6
-5
-13
-15
-6
0
-4
-5
-2
-2
-6
-7
-2
-2
-4
-5
-1
10
2
-3
1
6
7
2
3
4
2
1
-6
-2
4
-2
-7
-11
-3
0
-10
-15
-3
2
-1
-8
-3
1
3
-4
-10
-4
-7
-13
-15
-7
-7
-14
-22
-20
-16
-20
-29
-26
-23
-24
-32
-29
-16
-13
-22
-27
-27
-20
-20
-17
-18
-13
-17
-20
-10
-9
-8
-18
-22
-16
-9
-3
-9
-18
-17
-9
-6
-4
-6
-8
-11
-12
-12
-12
-14
-15
-21
-22
-20
-21
-26
-25
-27
-34
-33
-32
-34
-37
-43
-44
-37
-33
-37
-44
-48
-43
-39
-45
-46
-47
-44
-46
-47
-46
-45
-39
-42
-43
-45
-43
-39
-39
-40
-41
-36
-39
-41
-39
-37
-36
-46
-46
-40
-38
-39
-41
-42
-39
-35
-33
-37
-35
-31
-28
-28
-27
-27
-26
-26
-28
-25
-25
-28
-24
-20
-16
-20
-20
-19
-24
-18
-16
-14
-15
-18
-14
-9
-8
-17
-16
-12
-18
-14
-18
-21
-17
-19
-26
-32
-31
-26
-29
-33
-28
-24
-26
-26
-25
-20
-12
-25
-33
-30
-26
-26
-26
-23
-31
-33
-40
-36
-31
-37
-36
-39
-28
-26
-36
-38
-35
-36
-38
-37
-38
-37
-38
-34
-31
-34
-32
-33
-33
-27
-26
-26
-26
-29
-29
-30
-27
-25
-30
-23
-25
-26
-31
-29
-25
-24
-28
-26
-23
-25
-27
-27
-22
-28
-32
-37
-28
-22
-28
-30
-38
-37
-32
-35
-37
-38
-39
-47
-46
-42
-36
-37
-41
-44
-42
-39
-42
-37
-32
-37
-41
-36
-25
-15
-22
-21
-19
-16
-18
-20
-16
-13
-13
-12
-16
-11
-9
-9
-3
-5
-11
-12
-7
0
-3
-12
-14
-13
-8
-11
-14
-22
-28
-23
-20
-19
-22
-28
-27
-30
-33
-30
-26
-29
-38
-35
-30
-26
-28
-32
-27
-30
-33
-31
-23
-19
-23
-29
-33
-24
-22
-23
-29
-28
-29
-34
-26
-24
-25
-37
-39
-29
-29
-33
-33
-28
-28
-30
-29
-23
-20
-18
-21
-15
-5
-10
-9
-9
-8
-7
-1
-1
1
-2
-6
-2
-4
1
0
-1
-5
-7
-7
-8
-8
-15
-18
-21
-21
-22
-18
-21
-23
-23
-29
-30
-30
-22
-25
-36
-40
-33
-33
-32
-28
-32
-32
-36
-34
-27
-23
-26
-34
-30
-21
-21
-24
-16
-13
-17
-13
-6
-3
-2
-3
-5
-3
2
3
8
5
2
6
3
1
1
7
9
2
-4
-4
1
1
-1
4
2
-7
0
5
9
-1
-4
1
0
-7
-5
-1
-4
-7
-13
-13
-11
-13
-14
-18
-19
-20
-23
-24
-27
-29
-30
-36
-40
-37
-34
-34
-37
-43
-48
-44
-42
-41
-44
-48
-47
-48
-44
-37
-38
-44
-44
-41
-34
-31
-25
-23
-19
-18
-15
-8
-5
-11
-9
-6
-8
-1
0
-4
-8
-5
-7
-7
-10
-7
-9
-17
-24
-20
-21
-30
-33
-33
-28
-31
-40
-53
-48
-50
-55
-54
-51
-46
-50
-54
-48
-45
-46
-42
-40
-40
-35
-32
-30
-24
-20
-19
-22
-15
-10
-8
-6
-10
-7
-6
-5
-9
-9
0
-9
-13
-12
-8
-8
-9
-12
-13
-15
-20
-16
-11
-17
-23
-26
-18
-9
-16
-14
-12
-11
-11
-10
-4
-3
2
-9
-10
-3
-6
-4
-8
-6
-2
-1
-5
-5
0
2
-5
-7
-8
-5
-11
-20
-19
-19
-18
-25
-27
-28
-33
-33
-36
-34
-34
-36
-35
-34
-41
-43
-36
-30
-30
-28
-29
-29
-24
-18
-14
-12
-14
-15
-13
-9
-6
-9
-14
-12
-9
-8
-10
-10
-8
-9
-11
-9
-5
-7
-7
-11
-13
-12
-13
-13
-12
-22
-25
-23
-23
-22
-24
-24
-26
-28
-26
-25
-21
-20
-21
-20
-19
-17
-13
-10
-14
-13
-9
-12
-8
-8
-8
-7
-11
-12
-10
-5
-11
-10
-5
-8
-13
-10
-9
-10
-14
-15
-12
-17
-17
-14
-10
-7
-11
-8
-11
-12
-6
-9
-7
-8
-6
0
1
0
2
7
10
6
10
14
14
12
8
12
16
17
11
14
10
5
10
9
10
2
-2
-2
-2
-3
-6
-4
-11
-14
-16
-14
-9
-13
-13
-18
-17
-13
-10
-14
-12
-12
-15
-13
-11
-2
-5
-5
-1
-1
-4
-6
-2
-1
-1
-4
-5
-1
-3
-4
-4
-6
-8
-7
-5
-7
-14
-15
-10
-12
-12
-9
-12
-11
-12
-15
-19
-16
-16
-19
-18
-20
-21
-16
-12
-11
-11
-18
-20
-19
-19
-18
-19
-16
-20
-18
-10
-14
-15
-12
-15
-18
-20
-15
-16
-19
-23
-21
-21
-28
-29
-27
-33
-33
-32
-33
-27
-31
-36
-40
-42
-42
-39
-34
-38
-40
-37
-35
-34
-29
-27
-27
-17
-17
-13
-16
-13
-7
-5
-4
-6
-5
-3
-2
-2
-4
-5
-1
1
0
-1
3
-2
4
7
5
25
87
114
37
-68
-60
25
72
47
-48
-104
-64
14
15
-48
-77
-38
16
27
6
3
10
-5
-12
-5
23
23
19
2
-13
-12
-23
-39
-53
-17
-6
-12
-38
-64
-77
-70
-29
7
9
-17
-28
-30
-32
-14
7
7
9
1
-14
-15
3
5
-15
-8
24
43
37
7
0
13
33
50
56
45
40
40
19
16
43
56
32
15
34
34
22
20
13
17
25
39
29
-2
-20
-12
14
11
-9
-10
-5
-20
-23
-15
-11
-2
-4
-9
3
21
27
15
5
14
30
34
21
8
1
4
14
8
-4
0
-2
-22
-23
-12
-7
-7
-24
-33
-19
-5
-8
-15
-9
6
18
23
15
5
13
31
43
48
43
36
35
40
47
44
55
62
44
38
31
25
17
27
30
23
15
13
22
11
-4
-11
0
10
6
-1
-11
-11
-6
-5
-5
-10
-11
-2
9
12
-2
-15
-18
-1
14
13
17
13
2
-4
1
14
22
19
10
6
5
9
-1
0
14
14
17
12
10
7
5
4
16
22
19
18
8
4
6
17
23
21
14
21
22
30
22
15
24
29
39
40
33
22
19
24
30
26
29
27
15
9
3
5
11
17
10
9
9
3
-6
-8
2
1
-2
-5
0
-2
-6
-4
-1
7
10
3
1
1
2
5
8
10
9
19
19
15
17
15
15
21
21
21
20
14
15
13
13
7
5
12
14
13
5
7
2
5
10
12
11
5
4
2
5
7
13
8
5
7
2
4
-1
-1
1
4
4
2
0
3
-6
-6
3
2
-4
-9
-4
-2
-4
-13
-15
-10
-5
0
-6
-10
-9
-5
-2
-2
-3
-1
5
8
8
3
1
6
8
12
7
7
7
12
10
9
16
12
13
14
12
13
9
10
12
14
15
18
13
18
17
12
14
13
16
16
12
9
12
16
10
12
13
9
7
3
9
9
5
3
-1
3
7
7
2
-1
-4
2
4
-3
-6
-4
-1
1
0
-4
-2
3
0
3
5
6
7
8
13
15
8
7
14
18
17
18
19
16
16
18
16
16
24
30
28
25
27
33
36
26
21
32
32
32
29
23
19
19
20
17
22
27
20
13
9
14
17
25
21
13
18
22
20
15
15
20
21
15
10
4
6
9
4
1
5
7
6
3
5
8
11
5
4
13
19
10
0
1
2
6
8
9
13
16
15
7
10
20
27
22
20
22
21
25
25
28
28
27
25
28
30
25
21
22
20
18
15
17
13
16
13
9
9
14
15
12
9
6
8
9
17
14
16
12
2
4
11
12
8
7
7
7
2
4
6
-1
0
6
8
8
2
-5
1
8
10
9
9
10
11
7
9
9
5
9
12
14
7
6
5
6
9
12
13
13
10
4
4
10
11
9
4
5
3
2
5
3
2
-1
5
5
1
-3
1
-2
-1
-3
1
1
-1
-3
-6
-6
-7
-7
-8
-2
-4
-8
-4
-5
-8
-9
0
6
-3
-10
-11
-3
-1
-4
-6
-8
-2
3
2
2
1
8
4
4
8
12
12
6
7
5
10
8
7
8
6
5
6
13
17
14
11
16
21
20
15
11
8
8
8
5
4
3
-2
-1
2
3
-1
-4
4
5
-2
-2
-1
2
4
3
3
3
4
4
6
5
3
6
6
4
3
0
-2
-2
-6
-4
-6
-3
-6
-3
0
-1
-7
-5
0
0
-2
2
1
0
5
3
1
5
5
5
7
8
9
7
2
-1
-2
-1
8
5
0
-4
-7
-5
-2
-2
-4
-4
-4
1
-3
-4
-9
-6
3
-1
1
-3
1
1
3
-1
-3
-1
-2
-1
0
-4
-4
-3
-3
-1
-3
-4
-1
3
-1
-4
-3
1
-1
5
1
-3
-3
2
3
1
-1
0
3
3
2
2
2
9
12
6
7
8
11
11
6
6
11
14
7
4
2
8
11
4
9
13
15
11
8
9
10
7
11
13
12
4
3
3
-1
3
7
6
2
-7
3
8
5
5
7
6
2
6
8
13
8
2
3
9
10
10
7
6
6
10
9
8
7
5
8
8
5
4
10
9
7
5
6
3
2
3
6
8
1
3
1
-3
-7
-3
-1
-1
-3
-2
0
1
-4
-8
-9
-5
-6
-10
-6
-4
-6
-11
-11
-8
-5
-6
-12
-10
-7
-4
-6
-8
-6
-2
-5
-3
-2
-4
-1
-5
-3
-1
-5
-5
-4
-4
-1
-2
-1
-2
0
0
2
7
4
3
3
3
8
3
2
5
-1
1
-1
0
-1
-6
-6
-4
3
4
3
2
4
8
5
3
1
5
9
8
6
6
0
-5
-1
-3
-4
1
-7
-5
0
1
0
0
1
2
-2
-5
-2
-1
0
0
5
4
2
5
14
9
10
10
11
16
19
17
14
21
18
16
20
22
20
20
16
13
18
15
13
10
8
9
13
13
5
6
11
9
16
11
1
5
6
6
6
6
6
7
5
3
7
6
5
1
0
4
3
6
5
5
5
4
2
8
9
4
5
5
8
11
12
10
10
4
8
9
7
10
12
14
14
12
9
9
11
12
3
1
0
4
6
4
1
-2
6
5
3
3
5
6
9
6
10
8
8
7
6
6
8
12
1
5
6
5
3
4
8
7
1
-4
-6
1
3
3
6
4
5
2
5
2
5
3
4
10
9
12
7
9
9
9
12
7
7
11
8
7
9
10
14
11
7
7
8
10
7
10
13
15
13
11
10
13
16
14
14
10
7
9
8
14
10
17
23
20
21
18
18
17
15
18
23
20
22
16
19
17
13
15
18
17
15
15
11
18
15
15
16
14
12
13
17
11
7
12
11
12
13
12
13
12
16
15
13
13
9
13
14
16
19
17
13
13
18
15
12
10
6
9
10
8
5
1
4
7
9
5
9
11
11
11
12
13
13
10
12
8
8
9
10
9
5
6
4
5
5
2
4
4
-2
-2
1
-1
-4
-1
-1
-1
2
-4
0
1
0
3
1
-2
4
4
2
9
5
1
0
4
7
3
3
1
1
0
5
6
2
-3
0
1
2
2
0
1
-2
-4
0
-1
-4
-3
-4
-1
-5
-7
-7
-9
-10
-7
-10
-10
-12
-12
-10
-14
-12
-11
-10
-12
-11
-8
-6
-1
3
1
1
-4
-9
1
-5
2
4
1
5
12
8
4
4
4
4
0
0
3
7
4
2
4
1
1
3
0
3
1
2
4
3
5
4
3
4
3
2
0
2
-2
-5
-7
-6
-4
-3
-4
-8
-7
-8
-5
-4
-1
-3
-1
2
3
3
4
4
5
6
6
5
5
4
4
6
4
3
3
2
0
2
5
6
5
8
5
9
8
11
10
7
7
11
16
14
9
12
11
14
12
10
18
18
16
12
13
10
9
7
7
7
6
6
9
5
-2
2
0
1
2
-3
-6
-5
-5
-4
1
-5
-6
-6
-4
-7
-6
-6
-4
-6
-8
-13
-13
-10
-11
-10
-9
-8
-4
-3
-8
-5
-5
0
1
5
4
6
6
4
7
7
6
6
8
2
6
6
4
7
5
-1
2
-2
-5
-5
-6
3
-1
2
7
4
6
10
12
9
12
10
11
20
13
15
15
13
16
18
16
12
14
12
11
18
19
16
12
13
20
17
15
15
14
16
15
14
13
12
14
14
14
13
15
16
14
13
11
14
11
8
10
11
11
14
14
12
15
20
20
17
16
18
18
16
19
18
15
20
13
13
15
18
18
16
15
13
15
9
10
9
9
7
7
8
11
9
9
4
8
10
8
9
11
14
12
10
13
11
12
6
7
12
13
17
10
10
10
6
5
4
9
11
4
4
7
11
6
4
7
9
7
7
8
4
-1
-7
-4
-5
-2
-3
-6
-6
-9
-10
-7
-8
-6
-6
-13
-10
-7
-9
-5
-10
-11
-11
-15
-13
-11
-7
-10
-7
-2
-5
-7
-4
-3
-4
-2
2
0
3
1
3
2
2
4
3
5
7
5
5
4
2
6
1
4
4
5
6
8
4
2
1
3
3
2
10
5
8
9
7
9
5
7
9
13
10
8
12
13
16
18
18
15
13
11
14
12
11
10
11
11
11
12
10
12
11
15
11
8
7
8
6
8
8
8
11
9
8
3
7
4
5
8
6
10
12
12
14
13
10
9
7
10
7
5
5
-3
0
-4
-2
-5
-9
-5
-1
-2
3
3
0
-1
-2
4
1
1
3
1
0
1
-4
-2
-1
-3
-1
-3
-3
-1
1
-2
-5
-3
-1
-3
-3
-8
-7
-7
-6
-6
-9
-8
-12
-12
-11
-7
-10
-6
-7
-11
-9
-10
-10
-11
-11
-8
-14
-19
-13
-11
-9
-11
-11
-10
-10
-8
-6
-7
-5
-4
-6
-9
-6
-7
-7
-8
-6
-4
-6
-5
-1
-1
-6
-2
1
0
-3
3
-1
1
5
2
3
0
3
5
11
10
9
16
13
17
22
18
18
18
19
20
18
20
22
17
16
22
17
15
14
14
18
17
16
17
17
16
17
18
20
16
17
17
14
16
21
21
19
15
16
18
19
15
16
16
16
13
13
15
18
18
18
17
15
15
10
13
13
13
10
9
11
12
9
8
11
8
11
15
13
10
8
9
7
8
4
6
9
8
12
7
10
8
12
13
9
5
4
5
5
6
4
5
3
2
4
0
-2
0
-2
0
0
1
0
-3
-1
-3
-4
-2
-4
-4
-4
-4
-7
-8
-4
-7
-4
-2
-4
-4
-4
-6
-6
-6
-9
-8
-4
-10
-6
-5
-4
-1
-5
-4
-1
-1
3
-1
1
0
1
6
1
3
1
2
0
5
3
-1
3
-8
-3
-5
-6
-2
-5
-2
-2
-2
-4
1
-1
-6
-4
1
3
4
2
3
2
1
3
5
9
7
8
6
7
6
7
3
8
8
9
9
6
5
7
9
6
5
4
9
8
8
7
4
4
4
2
5
5
7
4
3
3
2
1
4
2
-1
1
-3
1
-2
-2
-2
0
5
6
2
6
8
6
10
7
12
4
6
10
9
9
8
4
4
9
8
9
6
4
7
5
3
8
5
4
8
5
5
5
6
6
7
7
9
10
7
7
3
4
3
7
9
10
9
9
9
7
10
9
9
12
12
8
10
8
12
10
9
9
6
9
11
8
3
-2
-2
-5
0
3
2
5
-2
0
0
-2
-2
2
0
-1
0
-1
1
-1
-4
-3
-5
-7
-7
-10
-7
-13
-13
-12
-12
-13
-15
-14
-17
-17
-17
-10
-9
-10
-8
-8
-12
-10
-8
-7
-4
-2
-4
-5
-9
-7
-7
-7
-2
-2
-7
-3
1
-4
-1
-1
-5
-5
1
-2
1
1
1
4
4
3
2
-2
-4
-1
2
4
4
3
6
6
4
8
5
6
5
4
0
-1
4
0
3
0
-1
-1
4
5
3
4
4
7
6
6
8
10
9
7
11
9
14
9
15
15
9
16
16
15
15
21
23
22
20
24
17
17
17
17
14
17
21
21
17
16
22
21
17
18
17
13
14
9
10
10
9
11
16
11
15
18
16
15
17
18
17
18
16
20
15
10
11
8
6
6
9
9
6
3
3
4
2
-1
1
-1
-1
0
-3
-4
-2
-3
-2
-2
-7
-4
0
0
-3
-5
-4
-4
-7
-3
-4
-4
-3
-6
-8
-9
-11
-10
-9
-11
-15
-14
-12
-12
-9
-10
-17
-13
-19
-13
-13
-19
-12
-13
-15
-21
-14
-15
-16
-16
-19
-21
-20
-18
-23
-16
-17
-22
-21
-17
-19
-20
-16
-12
-15
-17
-15
-14
-11
-13
-7
-5
-15
-15
-11
-13
-17
-19
-16
-20
-17
-19
-20
-19
-20
-15
-14
-14
-14
-13
-10
-10
-9
-16
-13
-10
-15
-10
-15
-17
-12
-14
-13
-13
-15
-13
-10
-9
-3
3
4
4
6
5
9
6
11
13
9
11
7
5
2
7
4
1
0
2
5
3
1
0
4
2
4
2
4
0
5
3
-5
-7
-10
-2
-6
-10
-9
-13
-14
-13
-14
-9
-14
-13
-13
-11
-9
-10
-10
-8
-9
-12
-10
-6
-10
-12
-7
-11
-12
-10
-9
-11
-8
-8
-6
-7
-10
-9
-9
-8
-9
-10
-5
-4
-7
-6
-8
-11
-9
-12
-10
-9
-9
-6
-8
-4
-6
-6
-7
-6
-9
-7
-9
-5
-11
-17
-18
-22
-19
-22
-24
-19
-18
-19
-18
-18
-20
-18
-18
-19
-15
-20
-18
-18
-20
-20
-16
-15
-14
-8
-8
-8
-10
-10
-9
-10
-8
-5
-6
-10
-12
-9
-8
-7
-8
-9
-6
-7
-3
-4
-5
-8
-7
-6
-10
-10
-10
-10
-10
-12
-12
-13
-14
-12
-13
-13
-14
-8
-10
-9
-13
-13
-12
-13
-12
-15
-13
-15
-14
-18
-16
-13
-14
-9
-11
-11
-8
-2
-3
-2
-6
-3
-4
-5
-1
-1
-1
-1
-1
-4
-1
-2
-3
-3
-5
-2
-1
2
2
-2
-1
1
-4
-8
-9
-7
-8
-8
-7
-12
-1
-6
-4
-3
-4
-1
3
0
-5
-4
-6
-6
-5
-7
-12
-9
-12
-15
-13
-12
-16
-16
-18
-17
-18
-17
-9
-8
-9
-10
-8
-11
-9
-9
-10
-12
-12
-10
-6
-6
-9
-10
-11
-5
-9
-13
-13
-13
-14
-20
-20
-19
-22
-21
-22
-20
-20
-16
-19
-20
-21
-16
-20
-21
-18
-20
-19
-18
-18
-20
-17
-22
-20
-21
-24
-22
-21
-19
-18
-16
-20
-16
-18
-15
-12
-16
-14
-18
-18
-17
-14
-20
-20
-17
-21
-26
-23
-22
-27
-27
-25
-24
-28
-28
-33
-27
-26
-28
-26
-27
-20
-22
-24
-21
-25
-26
-26
-28
-27
-24
-25
-22
-26
-23
-22
-23
-20
-19
-16
-20
-13
-10
-13
-11
-11
-11
-12
-11
-9
-12
-10
-8
-7
-8
-6
-6
-8
-6
-1
-3
0
-4
-4
-2
-4
-3
-4
-3
-5
-6
-6
-4
-6
-10
-11
-12
-10
-15
-12
-8
-7
-10
-9
-14
-17
-13
-14
-12
-12
-13
-11
-10
-11
-8
-14
-10
-11
-12
-11
-13
-12
-11
-13
-17
-18
-20
-17
-14
-17
-18
-15
-15
-20
-17
-18
-14
-20
-18
-20
-28
-21
-22
-18
-19
-19
-17
-15
-13
-15
-19
-18
-13
-17
-16
-18
-20
-22
-24
-25
-27
-28
-29
-30
-29
-28
-26
-28
-30
-33
-30
-31
-31
-31
-32
-30
-27
-30
-30
-30
-28
-28
-27
-29
-27
-24
-21
-25
-25
-16
-20
-22
-24
-25
-19
-18
-20
-19
-22
-20
-23
-24
-24
-26
-23
-25
-22
-23
-22
-17
-24
-21
-18
-22
-22
-22
-22
-21
-13
-18
-17
-18
-14
-13
-16
-11
-10
-11
-13
-11
-11
-11
-8
-6
-2
-3
-1
-7
-5
-9
-9
-12
-13
-6
-12
-7
-6
-10
-7
-7
-6
-8
-6
-4
-10
-5
-3
-1
-4
-2
-3
-9
-3
-4
-7
-8
-6
-5
-5
-3
-5
-4
-10
-9
-9
-10
-10
-11
-11
-13
-13
-15
-11
-11
-16
-19
-17
-18
-19
-15
-19
-20
-21
-20
-21
-20
-21
-25
-24
-23
-24
-28
-24
-25
-25
