9
8
7
8
11
8
11
8
9
6
6
9
6
3
6
9
5
5
3
1
3
5
2
3
1
2
4
5
4
2
8
12
8
6
6
9
1
0
-1
0
0
1
3
3
3
0
3
-1
-3
-2
-3
-2
-3
-2
-4
-4
-7
-3
-5
-3
-1
-10
-9
-13
-15
-15
-12
-12
-11
-16
-18
-20
-19
-15
-16
-12
-12
-13
-10
-9
-12
-7
-10
-11
-7
-13
-7
-4
-3
-3
-5
-4
-8
-5
-3
-4
-1
-2
-1
-1
0
-2
0
-1
3
7
5
6
0
6
10
8
8
6
6
0
4
1
3
3
-1
0
-1
3
1
1
-2
-5
-2
-1
-5
-5
-4
-3
-1
1
1
-6
-4
-1
-3
-2
-2
-3
1
-1
2
1
0
-3
-1
1
2
3
4
2
3
5
0
2
5
2
0
2
2
3
0
3
4
3
3
1
3
0
1
1
2
3
4
0
3
-1
-2
1
0
0
1
-1
2
0
4
3
4
2
2
3
5
0
3
2
-2
-1
-5
-1
-6
-4
-4
-3
-1
1
-4
-4
2
-2
-3
-5
-1
-4
-5
-5
-4
-2
-5
0
-3
-3
-3
-2
-2
0
1
-1
2
-1
-3
-4
-8
-12
-8
-10
-4
-3
-5
-8
-10
-9
-11
-9
-10
-11
-10
-8
-11
-6
-10
-8
-5
-9
-7
-8
-2
3
-4
-2
-2
1
4
2
2
6
4
8
7
5
6
2
7
7
5
4
9
9
7
6
6
7
6
4
7
11
9
10
6
5
11
9
7
12
10
6
4
5
5
5
5
8
6
9
6
6
8
4
5
6
8
6
7
5
7
6
4
4
5
5
6
7
5
7
4
6
7
6
5
4
4
8
9
7
7
9
5
10
11
11
14
15
21
16
12
15
12
16
16
20
20
16
17
19
21
18
18
17
21
20
17
22
17
15
17
17
19
18
15
20
17
14
10
6
11
9
9
8
9
7
8
6
5
2
3
0
0
-2
-2
1
-1
0
0
2
-2
-2
-5
-5
-4
-4
-9
-2
-1
-1
-1
1
0
-1
2
-2
3
5
5
6
7
6
6
8
5
6
7
5
3
5
2
0
3
2
5
5
3
3
4
5
4
2
0
1
0
2
6
6
0
2
3
3
7
7
7
6
3
2
4
3
3
2
1
-7
-3
3
-2
1
2
-1
3
7
7
6
7
7
5
6
6
4
2
4
8
7
6
11
10
9
11
14
13
10
14
12
10
15
16
16
20
22
21
26
29
23
23
21
20
21
14
16
18
15
16
11
9
9
10
7
6
2
3
6
9
5
4
5
0
1
6
6
6
4
5
1
3
4
3
2
1
-1
-1
-1
0
2
1
2
1
2
8
5
0
3
-1
-2
3
1
3
5
4
2
2
2
4
5
0
1
4
-4
-2
2
0
-2
-2
1
-3
-2
0
-1
-1
-2
-5
0
-1
-2
-6
-6
-4
-6
-4
-4
-5
-6
-4
-4
-1
-2
-4
-5
-3
-2
-6
-7
-2
-7
-4
-3
-4
-4
-4
-1
-1
-1
-1
-1
-3
-3
-2
2
1
3
3
1
5
5
6
6
2
8
6
5
4
4
5
4
7
11
8
-2
2
1
-2
6
5
6
11
8
14
9
7
9
3
8
10
10
10
10
9
7
7
12
15
15
19
15
15
17
14
14
12
15
15
14
13
17
14
20
19
17
21
13
17
18
13
13
15
10
14
14
9
9
10
9
4
8
3
7
6
5
3
5
6
3
5
2
7
7
6
3
3
2
2
3
1
-7
-4
-2
-3
-2
5
6
5
6
2
7
3
3
6
2
6
3
-2
3
-2
1
1
-1
5
-2
-1
0
-3
-3
-5
-5
-7
-6
-6
-9
-7
-11
-11
-9
-12
-13
-14
-10
-9
-10
-9
-10
-9
-5
-2
-5
-1
-6
-5
-7
-5
-3
-5
-6
-9
-9
-9
-8
-6
-7
-11
-10
-4
-9
-11
-6
-7
-9
-8
-5
-2
2
-4
-7
-5
-6
-7
-5
-5
-2
-1
-1
0
1
1
3
2
1
3
2
4
4
3
6
5
6
7
10
12
9
13
15
15
14
11
13
16
11
10
8
6
12
9
9
10
5
8
10
12
11
14
15
11
7
6
6
2
1
2
2
-3
0
3
-4
-3
-2
-1
-5
-4
-5
-7
-7
-7
-9
-12
-7
-7
-11
-7
-11
-11
-9
-7
-7
-10
-9
-5
-3
-4
-3
-5
-4
-7
-10
-9
-8
-7
-2
-1
-3
0
-1
0
5
7
5
2
7
8
5
7
9
8
8
11
9
10
11
10
7
10
6
8
7
0
-2
2
2
1
1
-2
-1
1
4
-3
2
1
2
2
5
1
0
7
5
2
3
5
4
7
3
3
5
3
0
4
1
4
5
5
10
-1
3
4
4
3
2
1
0
-4
-3
-4
-7
-2
-5
-11
-10
-5
-3
-8
-7
-7
-9
-4
-5
-5
-1
-2
-4
-3
-2
0
-2
1
0
1
2
0
0
5
5
5
10
3
4
4
1
2
1
0
3
5
7
6
6
6
6
7
10
10
7
4
1
4
5
7
5
1
2
2
2
-1
5
5
3
5
5
6
1
5
2
2
0
5
4
1
3
-1
1
1
-3
-3
0
3
2
3
6
5
3
4
6
6
7
9
6
12
12
8
9
8
12
12
16
13
12
12
14
11
11
10
11
11
8
14
13
18
19
13
8
11
11
11
9
7
8
11
7
6
9
8
6
6
6
5
7
5
5
7
4
5
3
-3
1
-6
-4
-1
-1
-1
-7
-7
-3
-4
-7
-4
-4
-3
-1
-6
-9
-7
-6
-8
-9
-7
-5
-7
-6
-5
-10
-10
-11
-7
-6
-13
-7
-9
-9
-7
-10
-12
-15
-12
-17
-14
-11
-13
-17
-19
-12
-15
-11
-14
-14
-14
-16
-15
-12
-11
-13
-9
-12
-13
-13
-10
-13
-15
-6
-7
-6
-7
-5
-2
-3
-2
-2
1
0
3
5
2
0
4
6
5
6
7
6
6
6
4
8
4
3
6
5
9
6
8
8
10
11
8
12
9
5
6
4
3
8
8
11
10
9
11
5
9
9
9
7
8
8
8
9
4
6
5
7
9
5
5
6
3
4
5
7
4
7
5
7
7
3
1
1
3
1
5
4
4
3
6
6
8
9
6
6
2
0
-1
1
0
1
2
2
0
-1
-2
-8
-6
-3
-4
-5
-6
-2
-3
-4
-3
-7
-9
-2
-4
-2
-1
-4
-2
-3
-2
-1
-4
-5
-5
-6
-4
-6
-8
-8
-11
-11
-15
-13
-7
-11
-10
-1
-4
-5
-7
-10
-10
-9
-9
-13
-11
-14
-18
-14
-13
-14
-13
-11
-13
-13
-13
-18
-18
-16
-16
-14
-13
-12
-12
-11
-7
-8
-10
-9
-11
-11
-6
-4
-5
-4
-4
-3
-3
-3
-7
-5
-2
2
-1
0
2
1
2
6
5
7
9
4
3
2
6
6
8
9
11
12
11
11
11
13
11
12
10
5
9
5
6
7
5
11
8
8
6
5
10
6
5
6
5
6
8
6
7
5
1
1
-1
3
5
6
3
4
2
4
7
6
7
8
9
9
6
6
3
5
6
7
6
5
7
6
4
5
7
7
5
8
6
4
1
2
5
10
10
6
10
8
4
9
5
8
7
5
7
10
9
9
12
10
9
5
7
6
7
4
5
8
2
3
2
-1
1
4
6
5
1
5
6
3
4
2
7
8
4
5
1
-3
-1
0
-1
0
-5
-6
-5
-3
-3
1
-1
-1
-1
-2
-7
-4
-5
-8
-7
-4
-2
-8
-6
-7
-7
-8
-7
-12
-9
-7
-8
-9
-11
-9
-8
-9
-15
-11
-10
-7
-7
-5
-4
-3
1
0
3
4
0
-3
-1
2
5
2
5
-3
-2
0
4
6
7
11
10
14
12
13
11
9
10
6
10
11
8
12
5
3
1
-3
3
1
3
7
8
6
6
7
11
7
10
14
10
13
12
16
13
16
14
15
18
18
15
11
11
14
14
18
13
16
19
19
19
20
20
20
21
21
28
23
23
26
23
22
26
29
28
24
26
25
28
24
25
30
29
28
29
31
30
29
25
26
23
25
23
21
23
23
23
25
22
20
19
19
20
16
18
13
13
17
13
15
13
17
14
12
11
11
12
11
11
11
2
3
7
5
7
6
8
9
8
4
3
-1
1
-2
-5
-4
-1
-4
-2
-4
-8
-6
-7
-3
-5
-3
-3
-5
-12
-11
-11
-10
-15
-13
-17
-15
-15
-20
-15
-14
-13
-10
-9
-9
-6
-5
-6
-5
-2
-5
-6
-6
-4
-1
3
2
8
10
4
5
6
7
9
12
8
7
11
9
7
10
12
14
18
17
13
18
21
21
20
18
20
20
18
24
25
24
23
21
21
23
23
22
24
19
20
18
18
20
17
24
19
17
20
20
17
18
20
24
21
22
25
24
27
26
29
32
31
30
34
28
30
30
30
31
31
29
28
32
27
27
26
26
25
22
19
24
22
19
17
15
16
16
19
18
19
17
13
13
16
15
13
10
11
14
14
10
13
13
12
12
7
7
6
6
2
7
4
1
1
-2
0
-4
-4
-5
-5
-5
-7
-5
-10
-6
-8
-10
-11
-9
-7
-11
-13
-14
-17
-19
-19
-11
-17
-15
-12
-14
-11
-14
-16
-12
-13
-12
-12
-14
-11
-12
-10
-10
-14
-11
-10
-12
-10
-13
-11
-10
-10
-7
-2
-2
-2
-5
-1
3
-2
4
5
5
4
1
-2
0
2
-3
-3
-2
-4
-1
-3
0
1
0
6
0
7
7
5
7
6
4
3
9
8
9
10
7
5
6
8
7
8
9
7
9
8
8
5
7
5
4
5
6
7
7
7
8
10
7
6
6
7
7
6
3
9
8
5
11
11
6
7
13
9
10
12
14
11
15
11
10
9
6
12
5
4
3
4
7
9
8
6
8
5
8
6
3
8
7
2
4
3
-1
-1
-4
-1
-6
-3
-3
-3
-2
-2
3
-1
-1
-1
-2
-2
-2
0
2
-1
1
1
-1
-2
-3
2
-5
-3
-1
-3
0
3
1
-1
2
0
-3
-2
-2
-4
-1
-6
-6
0
-4
0
-3
-2
-5
-5
-4
-3
-6
-10
-3
-3
-4
-3
-7
-8
-7
-10
-4
-5
-6
-6
-6
-9
-9
-11
-7
-11
-8
-5
-6
-4
-3
-1
2
0
1
6
5
5
2
4
6
6
9
6
4
7
1
0
0
0
-3
-4
-6
0
2
-1
1
0
-2
-2
3
6
1
1
-1
4
13
10
6
4
5
8
5
4
7
5
8
5
3
4
10
13
10
10
13
14
15
15
16
17
12
17
13
14
9
9
10
8
8
4
6
7
7
7
10
8
5
7
12
8
10
13
10
16
13
16
16
13
15
16
11
7
11
13
12
11
12
13
12
14
18
18
17
13
15
18
16
16
16
10
15
12
12
12
8
7
11
11
9
14
12
13
15
11
13
16
8
5
7
9
10
10
7
10
5
7
6
2
3
6
3
3
5
-1
0
-2
2
4
3
7
2
2
2
2
0
2
7
7
2
3
5
2
0
0
6
2
-1
7
6
3
6
4
9
2
1
5
1
1
3
2
4
2
2
2
0
2
-1
-3
-4
-3
-6
-3
-4
-6
-4
-1
-5
-3
1
-5
0
1
0
0
3
2
0
2
2
5
4
4
7
7
9
9
3
3
4
5
12
14
14
13
13
14
14
17
17
16
15
18
16
17
18
19
19
16
23
19
18
21
21
18
18
20
17
19
21
21
22
23
23
27
24
24
21
22
27
22
22
17
16
19
20
16
15
19
15
18
22
23
19
23
25
23
21
21
21
17
14
17
13
9
9
9
7
11
15
9
13
10
11
14
13
8
12
14
12
11
10
15
6
10
7
3
5
3
4
5
4
5
3
0
5
5
1
2
-2
-5
2
-1
3
3
1
0
5
5
2
6
2
3
4
2
2
-1
3
5
2
3
7
8
8
6
3
6
1
4
12
7
-3
-3
-1
-2
2
-3
-6
-6
-5
-6
-9
-12
-13
-8
-2
2
1
2
5
5
3
5
1
7
5
0
3
5
7
7
12
11
11
11
14
18
17
16
17
17
19
18
19
19
17
16
17
18
17
14
12
16
13
16
18
14
9
12
10
8
13
13
6
9
15
9
11
10
12
11
13
15
16
19
21
21
19
21
17
20
22
18
20
17
21
19
19
19
16
17
15
14
12
11
12
13
16
16
16
17
15
15
17
15
8
7
11
10
6
5
7
4
4
1
3
4
4
3
5
3
4
4
2
5
5
8
7
1
3
1
-1
2
2
0
0
1
-1
-1
-3
-5
-1
0
2
-2
-1
2
3
5
1
1
1
0
0
1
-1
1
6
4
2
7
10
12
12
10
8
8
4
3
5
4
7
6
5
6
7
4
1
5
5
3
2
3
5
3
2
4
2
-1
2
6
6
6
5
6
5
5
5
5
1
3
1
3
5
5
-1
-2
2
6
6
7
7
4
8
8
12
11
14
15
17
15
9
10
13
16
13
11
14
14
11
9
11
11
10
12
15
13
13
15
21
19
21
20
19
18
18
21
22
22
22
20
21
15
14
17
16
19
20
18
12
12
19
16
13
14
15
9
5
6
6
11
9
6
5
4
6
8
6
9
8
7
5
7
7
4
5
5
6
4
6
9
6
10
10
4
7
7
4
4
5
3
3
4
3
3
7
6
3
3
3
7
3
0
3
5
5
1
-1
-3
-4
-3
-3
0
3
1
-4
-5
-1
-7
-6
-10
-8
-5
-5
-4
-5
-5
-6
-7
-8
-5
-7
-5
-4
-2
-4
-4
-8
-9
-10
-9
-8
-10
-10
-6
-10
-15
-13
-18
-16
-13
-10
-10
-8
-9
-9
-11
-10
-8
-9
-6
-7
-13
-11
-11
-14
-12
-10
-9
-10
-7
-4
-3
-5
-4
-5
-4
-1
-5
0
-1
-1
1
0
3
2
1
1
3
-4
4
8
4
3
4
8
9
9
7
10
6
8
8
12
10
8
11
9
10
7
10
13
11
9
11
13
15
19
19
18
17
22
20
19
21
21
24
23
22
17
20
19
14
16
14
12
10
8
8
10
4
7
6
3
4
2
0
2
3
4
3
-4
-4
-6
-6
-1
-3
-5
-5
-2
-6
-5
-4
-3
-4
-4
-6
-5
-3
-7
-3
-3
-6
-3
5
1
-1
1
-6
-10
-6
-2
-5
-2
-4
-6
-4
-3
-2
-5
-4
-2
-3
-2
-3
1
0
4
4
-1
3
-1
-2
0
4
-3
-7
-7
-10
-9
-7
-7
-9
-12
-4
-5
-16
-12
-11
-11
-13
-10
-11
-17
-12
-10
-12
-12
-12
-13
-12
-10
-8
-6
-6
-4
-7
-10
-6
-5
-7
-1
-3
-3
3
-1
2
5
5
6
8
5
8
8
6
8
7
6
8
10
9
10
13
11
10
12
11
12
13
14
14
8
12
12
8
10
8
9
8
2
5
3
3
5
10
8
8
9
7
7
4
1
0
2
2
3
3
5
6
7
7
7
6
4
7
7
5
3
3
4
-1
0
3
-1
-3
-4
-3
-5
-5
-3
-7
-5
-5
-4
-7
-11
-6
-7
-7
-5
-7
-6
-8
-8
-7
-4
-7
-6
-6
-7
-7
-9
-6
-5
-5
-5
-4
-7
-7
-5
-7
-8
-10
-7
-6
-5
-8
-10
-8
-5
-8
-11
-13
-13
-12
-11
-13
-14
-13
-9
-8
-9
-3
-7
-7
-9
-7
-3
-11
-4
-4
-5
-4
-8
-6
-6
-4
-2
-4
-3
-5
-5
-7
-6
-2
-1
-5
-10
-8
-13
-8
-4
-12
-10
-11
-10
-10
-11
-8
-10
-6
-5
-5
-5
-7
-10
-12
-11
-8
-8
-9
-8
-7
-11
-13
-8
-7
-7
-1
-2
-1
-2
-3
-1
-5
-5
-3
-1
-1
1
-3
-5
0
-1
-3
-4
-1
-2
-5
-4
-7
-10
-7
-4
-5
-4
-4
-2
-3
0
-4
-11
-8
-9
-13
-14
-3
23
24
5
5
21
32
38
39
25
10
6
18
27
47
52
32
9
15
32
40
35
27
-9
-18
-5
1
-7
-15
-28
-53
-52
-40
-43
-46
-41
-52
-49
-42
-31
-36
-33
-23
-24
-21
-22
-35
-30
-11
-13
-26
-25
-35
-48
-36
-13
-22
-45
-54
-59
-59
-40
-28
-56
-79
-83
-78
-70
-46
-56
-67
-65
-43
-36
-30
-24
-25
-20
-12
-12
-24
-14
-3
-10
-14
-18
-31
-42
-29
-14
-15
-9
-16
-21
-10
12
27
34
37
31
27
43
57
57
54
49
37
31
34
35
26
19
11
0
-3
1
0
-3
2
0
-5
-1
4
9
18
28
22
26
31
37
49
55
51
49
53
55
55
61
65
51
37
30
26
24
28
24
1
-16
-21
-19
-16
-21
-36
-50
-56
-44
-45
-40
-39
-35
-32
-31
-28
-28
-15
-9
2
1
0
-6
-5
-2
7
16
15
-9
-20
-24
-12
-11
-17
-26
-32
-37
-46
-41
-44
-47
-56
-70
-82
-79
-63
-64
-86
-110
-125
-146
-193
-212
-96
106
133
-106
-241
-22
255
269
180
155
108
38
161
391
379
140
-15
36
138
156
109
26
-81
-123
-75
-11
-47
-139
-159
-110
-71
-51
-71
-131
-123
-1
85
37
-19
-4
12
47
162
203
62
-55
19
127
131
89
76
18
-87
-86
42
93
-24
-122
-100
-51
-44
-22
4
-6
-52
-52
0
53
60
36
33
53
49
41
54
63
53
53
51
18
-2
28
41
16
5
0
-34
-47
-9
20
-9
-52
-62
-62
-58
-37
-24
-52
-89
-94
-63
-56
-71
-68
-60
-71
-91
-70
-48
-72
-86
-76
-86
-121
-123
-102
-105
-134
-180
-200
-201
-213
-217
-88
86
51
-154
-173
88
285
264
214
211
147
137
296
457
386
170
65
119
190
187
141
52
-56
-96
-29
18
-53
-139
-136
-90
-71
-57
-68
-118
-89
25
75
30
-8
6
30
91
179
171
63
10
81
149
136
118
103
37
-50
-23
65
47
-74
-141
-67
5
-15
-75
-83
-63
-30
20
42
-1
-48
-18
65
101
64
11
-20
-6
68
121
65
-21
-30
18
54
50
21
-27
-56
-18
34
28
-38
-89
-75
-32
-18
-50
-93
-130
-129
-95
-79
-100
-145
-176
-172
-144
-123
-131
-175
-198
-180
-145
-139
-166
-222
-249
-242
-230
-237
-170
7
105
-57
-223
-44
287
361
227
196
220
184
234
434
480
268
71
89
201
223
153
50
-46
-112
-88
-18
-18
-113
-170
-135
-97
-82
-75
-96
-116
-53
51
49
-14
-5
42
77
143
188
120
23
42
157
205
158
97
59
14
-31
35
120
43
-132
-183
-89
-31
-21
-32
-78
-122
-105
-21
44
47
-1
-31
10
66
74
66
78
76
70
86
87
56
63
88
76
57
51
30
6
25
66
46
-14
-45
-47
-30
-5
-17
-60
-94
-120
-110
-88
-89
-129
-154
-168
-185
-186
-164
-154
-184
-207
-209
-208
-193
-172
-177
-213
-247
-270
-245
-234
-186
8
186
39
-247
-126
320
468
274
210
265
182
171
433
601
381
66
33
183
260
191
105
24
-96
-162
-59
51
-71
-234
-190
-88
-106
-138
-120
-137
-122
-13
55
-3
-50
-14
51
132
196
145
29
13
124
207
191
138
102
44
-21
29
166
138
-84
-188
-54
23
-50
-31
28
-40
-155
-83
55
77
24
-6
3
26
46
54
82
82
40
30
59
71
36
57
95
54
13
23
19
26
71
71
1
-43
-38
-42
-34
9
-29
-127
-167
-137
-107
-122
-151
-207
-250
-251
-221
-170
-161
-233
-296
-257
-180
-184
-232
-252
-281
-321
-305
-234
-45
155
104
-209
-235
199
521
405
235
257
283
285
433
615
527
231
78
204
367
302
91
-11
-35
-87
-98
-24
-72
-245
-290
-176
-106
-154
-218
-239
-177
-54
11
-23
-60
-58
-10
117
229
192
60
29
129
255
292
226
139
119
108
93
187
251
93
-124
-98
46
24
-97
-60
-21
-76
-119
-75
-31
-23
-17
-8
10
1
-41
-32
84
133
55
-9
-8
15
54
108
99
10
-13
13
48
80
99
35
-43
-40
7
15
-12
-51
-110
-143
-148
-151
-159
-197
-235
-263
-258
-275
-296
-261
-244
-295
-310
-240
-230
-288
-291
-234
-262
-331
-318
-236
-56
167
157
-149
-222
184
553
490
302
291
313
311
445
655
623
293
48
142
371
333
107
-17
-67
-162
-182
-54
-53
-265
-390
-277
-150
-173
-255
-276
-217
-135
-59
-25
-39
-85
-62
107
240
207
104
84
160
280
348
307
228
193
166
145
253
323
141
-98
-82
62
19
-51
14
19
-143
-245
-131
33
53
-58
-137
-120
-47
-7
26
64
22
-54
-36
53
104
95
76
51
51
88
102
95
125
152
85
23
28
42
9
-1
4
-61
-149
-196
-173
-151
-169
-230
-295
-327
-331
-276
-192
-219
-328
-341
-254
-214
-245
-232
-207
-270
-345
-322
-237
-43
184
188
-123
-263
104
562
591
354
267
319
349
452
665
702
392
68
120
382
396
155
-19
-60
-126
-183
-117
-86
-251
-415
-332
-175
-191
-324
-360
-255
-134
-75
-59
-72
-111
-87
89
255
244
109
56
143
287
373
342
254
200
166
154
246
344
214
-52
-109
57
119
8
-42
-44
-126
-205
-124
1
-19
-151
-201
-123
-45
-46
-70
-40
-21
-31
-10
38
56
47
72
103
108
99
102
110
133
162
136
65
10
25
60
43
-9
-87
-151
-181
-175
-165
-187
-255
-316
-329
-319
-289
-253
-243
-292
-312
-281
-253
-255
-228
-195
-251
-346
-346
-261
-104
132
252
2
-289
-56
527
716
442
251
312
393
462
656
775
545
150
62
327
516
318
11
-79
-86
-141
-115
-29
-144
-401
-422
-229
-144
-264
-368
-314
-188
-103
-81
-80
-100
-107
17
218
282
157
46
123
289
397
386
301
237
206
184
255
390
335
40
-127
21
139
20
-116
-109
-94
-186
-189
-63
-39
-180
-216
-86
8
-62
-122
-67
12
58
55
33
22
34
87
142
177
134
49
49
148
224
191
81
10
28
83
107
43
-38
-110
-154
-146
-114
-150
-247
-312
-315
-299
-299
-289
-296
-313
-328
-313
-281
-259
-239
-200
-200
-274
-326
-273
-209
-276
-265
45
316
116
-302
-198
401
736
522
259
252
310
353
586
826
651
156
-81
193
524
452
122
-115
-165
-167
-108
-3
-49
-296
-460
-347
-151
-137
-258
-290
-200
-109
-90
-90
-55
-31
13
121
213
172
64
80
227
357
357
274
193
162
171
245
349
312
74
-126
-38
134
96
-67
-129
-90
-130
-169
-98
-26
-91
-160
-112
-42
-59
-75
-32
26
62
55
1
-26
47
171
183
94
36
60
120
170
190
156
66
-36
-7
101
132
21
-105
-142
-148
-134
-110
-122
-214
-300
-312
-275
-256
-262
-274
-293
-308
-305
-269
-241
-237
-239
-272
-328
-391
-360
-280
-175
16
182
-4
-348
-193
431
750
458
158
197
334
447
648
795
574
138
-18
278
589
453
74
-112
-91
-105
-72
45
-26
-337
-471
-281
-105
-165
-293
-278
-193
-165
-165
-103
-28
-39
-57
65
194
126
19
98
276
334
270
222
213
226
223
256
334
301
64
-100
58
239
94
-135
-136
-51
-131
-196
-83
-18
-155
-281
-199
-65
-53
-127
-109
-37
-11
-37
-21
36
93
122
121
93
75
116
181
219
209
175
103
37
72
161
172
40
-104
-133
-80
-59
-90
-131
-194
-281
-320
-257
-182
-210
-316
-364
-310
-245
-240
-264
-259
-210
-200
-268
-320
-293
-274
-320
-355
-170
139
184
-174
-399
-2
591
652
272
89
224
378
515
711
754
420
14
34
464
700
386
-51
-135
8
35
19
48
-61
-332
-396
-160
23
-97
-311
-315
-145
-44
-78
-115
-101
-85
-21
121
180
69
-16
79
232
293
278
211
141
147
205
271
304
236
50
-41
81
181
78
-73
-117
-113
-178
-159
-56
-43
-157
-253
-219
-105
-21
-28
-87
-105
-52
17
80
104
96
72
63
105
170
203
190
143
128
140
141
138
129
88
43
2
-12
-47
-81
-80
-107
-178
-234
-234
-211
-240
-285
-291
-286
-312
-341
-300
-220
-252
-339
-303
-219
-247
-354
-345
-309
-366
-398
-151
199
168
-281
-464
36
645
631
199
32
223
420
544
706
705
361
-18
58
534
735
365
-99
-141
53
98
67
76
-46
-322
-372
-99
88
-80
-311
-294
-122
-59
-93
-94
-61
-85
-69
67
163
76
-18
70
219
266
216
184
168
169
189
252
315
244
47
-33
103
216
104
-47
-59
-44
-82
-69
-7
-31
-135
-169
-105
-64
-79
-90
-87
-84
-65
-12
15
5
21
69
88
68
87
164
204
169
149
183
200
162
154
169
154
74
18
27
32
-19
-74
-95
-127
-177
-194
-171
-176
-236
-283
-276
-252
-236
-236
-270
-291
-273
-252
-266
-284
-275
-282
-366
-436
-397
-253
-5
143
-58
-436
-340
305
710
436
22
37
307
485
608
708
576
181
-19
312
774
678
157
-96
54
158
128
176
172
-106
-355
-212
88
71
-213
-341
-208
-88
-144
-188
-126
-121
-179
-77
83
16
-162
-126
100
222
145
54
53
97
117
169
283
289
53
-142
20
300
246
-22
-137
-70
-63
-55
104
130
-103
-287
-184
41
114
28
-114
-192
-108
27
102
72
-25
-102
-63
61
145
87
32
24
21
89
162
130
41
8
80
123
76
5
-52
-40
6
-26
-84
-129
-152
-171
-173
-148
-191
-264
-289
-255
-196
-230
-352
-354
-240
-234
-405
-453
-344
-363
-490
-429
-126
79
-86
-415
-391
124
581
433
44
6
254
461
593
680
587
283
100
308
716
780
349
-25
84
317
294
182
177
54
-194
-200
48
142
-74
-314
-284
-116
-73
-158
-210
-165
-159
-159
-73
-25
-105
-137
-22
86
79
48
43
62
112
163
196
210
133
19
46
216
281
98
-51
1
47
-14
-34
-2
-4
-44
-86
-119
-114
-61
3
10
-59
-149
-137
-5
104
94
5
-78
-85
3
170
215
75
-40
-25
100
211
213
120
21
4
65
113
137
67
-57
-112
-82
-45
-60
-122
-199
-254
-244
-233
-277
-297
-293
-331
-363
-331
-305
-341
-365
-328
-346
-402
-432
-423
-423
-390
-180
63
-24
-383
-439
96
590
435
38
4
257
447
547
660
637
351
120
295
728
831
420
33
76
283
325
271
224
35
-205
-175
49
121
-66
-277
-284
-181
-129
-150
-166
-180
-220
-197
-92
-72
-141
-132
-28
31
0
2
42
42
57
107
170
172
80
8
88
241
221
45
-15
71
80
-17
-22
48
5
-93
-68
6
-10
-79
-78
-4
29
-2
-39
-9
58
75
56
60
71
64
76
135
164
144
105
93
123
180
203
158
104
85
103
107
70
28
2
-15
-72
-138
-144
-136
-190
-252
-260
-264
-323
-372
-356
-304
-281
-324
-385
-381
-300
-246
-302
-390
-405
-402
-408
-404
-323
-109
24
-177
-480
-319
272
558
263
-64
19
330
531
609
624
498
266
179
466
839
724
207
-31
199
416
350
228
147
-33
-185
-90
161
167
-150
-398
-276
-50
-64
-219
-237
-192
-261
-278
-141
-66
-169
-265
-186
-44
-24
-96
-104
-33
1
-15
30
104
47
-48
25
179
134
-40
-50
94
131
30
4
50
4
-42
47
132
57
-77
-77
39
125
102
-8
-61
10
94
106
75
54
43
37
95
152
140
105
74
82
141
182
140
57
36
78
87
60
18
-37
-86
-122
-127
-117
-142
-205
-284
-298
-257
-243
-265
-309
-319
-276
-284
-335
-307
-222
-214
-341
-409
-318
-289
-388
-457
-387
-163
14
-99
-420
-428
75
501
368
-7
-81
206
484
596
617
545
341
166
359
814
882
404
23
166
462
477
358
279
114
-95
-73
202
311
17
-317
-295
-69
-21
-158
-209
-208
-312
-357
-227
-109
-195
-318
-290
-182
-152
-174
-142
-65
-83
-164
-99
67
86
-62
-77
108
160
13
-21
134
197
41
-59
64
138
77
102
157
92
-30
13
198
258
144
-21
-47
107
243
209
70
-15
2
59
158
204
68
-58
-53
22
129
154
65
-72
-100
6
68
32
-30
-115
-155
-127
-70
-66
-134
-179
-208
-205
-167
-184
-225
-246
-239
-203
-229
-287
-275
-176
-142
-252
-332
-250
-192
-271
-343
-352
-348
-363
-191
48
-39
-391
-457
48
539
392
-73
-137
229
541
568
539
513
347
224
416
801
855
440
82
191
511
584
416
257
107
-27
42
248
277
15
-260
-258
-112
-45
-104
-210
-301
-350
-313
-229
-198
-237
-295
-312
-282
-232
-152
-112
-146
-176
-155
-56
41
14
-42
8
122
134
36
55
196
235
109
43
150
230
152
96
210
278
145
42
135
262
252
170
97
71
133
206
185
106
57
23
3
85
167
69
-80
-106
-19
78
75
-36
-133
-94
16
29
-11
-50
-109
-144
-70
30
0
-136
-214
-180
-94
-47
-127
-233
-243
-202
-188
-177
-164
-199
-270
-295
-250
-182
-164
-233
-325
-355
-328
-309
-307
-327
-364
-274
-66
-42
-297
-344
71
437
291
-36
6
352
573
551
495
504
428
308
442
772
796
362
61
266
539
473
271
180
98
-51
-49
133
184
-63
-339
-328
-156
-108
-197
-255
-291
-365
-381
-270
-188
-236
-303
-312
-273
-218
-149
-100
-110
-149
-143
-48
56
69
13
44
148
161
96
133
259
263
156
133
225
254
192
206
290
259
115
100
229
292
222
117
69
63
116
189
172
43
-64
-58
32
104
87
-11
-106
-108
-24
87
112
7
-113
-106
10
103
92
24
-53
-85
-49
23
65
27
-81
-164
-144
-60
-43
-112
-169
-200
-217
-201
-152
-140
-210
-297
-296
-203
-141
-186
-258
-250
-221
-224
-244
-277
-303
-292
-191
3
47
-167
-361
-128
370
497
121
-154
88
494
611
468
340
292
287
366
540
645
437
95
40
319
505
353
92
-30
-27
38
128
110
-39
-188
-209
-150
-108
-98
-149
-244
-306
-280
-194
-155
-199
-254
-242
-204
-197
-189
-101
-23
-81
-182
-148
16
122
62
-34
6
124
141
72
106
232
204
54
41
199
256
142
58
123
234
213
112
86
173
249
193
96
84
151
174
127
96
92
57
23
48
97
77
-41
-101
-17
77
47
-60
-103
-53
-11
-2
-7
-23
-63
-105
-78
-20
-19
-77
-137
-135
-99
-86
-101
-145
-164
-148
-134
-144
-156
-141
-137
-167
-162
-107
-98
-163
-209
-146
-56
-68
-159
-234
-219
-166
-151
-157
-139
-75
-60
-172
-226
-18
258
247
-25
-138
101
372
397
267
190
194
207
263
387
423
260
67
88
263
319
223
123
73
24
23
107
149
43
-91
-105
-40
-20
-65
-92
-94
-128
-169
-156
-118
-114
-144
-163
-164
-164
-159
-133
-89
-89
-142
-169
-120
-33
-27
-75
-92
-53
-9
-12
-3
48
86
51
5
31
101
104
67
60
80
147
168
111
75
135
219
199
138
129
122
103
135
177
126
23
-9
26
40
28
-20
-70
-67
-53
-62
-75
-55
-39
-81
-105
-88
-76
-46
-19
-42
-99
-117
-57
-32
-49
-51
-78
-120
-110
-37
-8
-61
-117
-110
-68
-50
-58
-67
-63
-81
-96
-78
-47
-19
-55
-116
-100
-51
-59
-111
-137
-134
-155
-183
-167
-119
-76
-77
-147
-192
-106
57
94
-15
-84
-4
130
201
192
110
66
124
223
258
197
109
97
173
218
163
79
88
135
117
44
32
66
66
14
-19
2
-4
-34
-39
-7
3
-39
-77
-49
18
42
-16
-70
-36
24
31
-6
-22
-25
-19
-2
28
22
-33
-73
-28
49
38
-38
-76
-29
17
-5
-48
-47
-32
-40
-53
-54
-34
-23
-53
-79
-47
-4
0
-16
-12
-4
-8
7
42
57
42
23
12
43
83
108
73
13
5
59
112
96
34
-2
28
64
63
36
32
23
-5
-5
32
45
-1
-53
-48
-14
-16
-57
-73
-53
-38
-60
-99
-99
-58
-41
-75
-105
-97
-72
-66
-68
-61
-69
-86
-94
-67
-27
-39
-87
-91
-62
-57
-64
-62
-62
-91
-115
-106
-87
-111
-151
-158
-133
-118
-136
-155
-145
-119
-111
-119
-103
-75
-67
-63
-54
-24
17
36
31
26
44
78
102
106
104
101
98
100
131
164
140
83
76
135
168
145
110
89
81
93
125
132
85
26
13
57
88
71
26
-7
-16
-14
11
29
2
-65
-88
-48
-5
-15
-54
-75
-75
-70
-56
-36
-44
-88
-116
-84
-43
-43
-67
-71
-66
-70
-58
-26
0
-11
-29
-31
-8
10
25
41
35
6
-12
21
73
73
36
30
43
47
45
62
86
74
42
20
37
72
79
62
44
28
21
26
48
64
44
-1
-20
-2
40
40
-11
-46
-43
-24
-28
-41
-58
-65
-73
-91
-103
-93
-83
-103
-127
-126
-113
-127
-137
-117
-108
-128
-144
-119
-102
-109
-113
-101
-94
-100
-91
-77
-78
-89
-87
-76
-61
-65
-77
-73
-43
-23
-30
-42
-21
29
40
9
0
50
85
63
38
69
101
84
56
63
102
95
58
56
83
86
53
44
61
63
31
22
42
47
24
0
1
19
29
13
-13
-27
-19
-5
-6
-13
-28
-38
-48
-45
-22
-14
-35
-56
-56
-40
-28
-32
-34
-31
-33
-49
-44
-19
6
3
-17
-34
-27
5
27
27
8
-2
-3
13
41
60
55
23
13
37
69
76
56
34
33
42
43
49
54
40
15
11
36
47
26
4
2
9
3
-8
-6
-18
-34
-42
-39
-38
-51
-57
-54
-51
-60
-72
-64
-46
-46
-54
-55
-54
-61
-58
-34
-25
-35
-60
-56
-30
-22
-34
-42
-29
-22
-27
-36
-24
-14
-23
-37
-32
-24
-24
-25
-26
-28
-28
-20
-26
-29
-22
-22
-35
-32
-9
6
-12
-45
-37
-1
10
-15
-25
-12
-4
-13
-14
6
22
-5
-35
-24
8
14
-13
-27
-23
-16
-29
-28
-17
-24
-43
-48
-37
-27
-22
-26
-27
-31
-33
-24
-11
-5
-15
-15
3
10
2
4
27
34
26
22
38
47
32
35
45
55
44
37
40
40
34
37
50
39
18
11
35
48
19
-5
0
22
14
-14
-23
-14
-2
-7
-25
-34
-25
-23
-35
-38
-37
-39
-44
-39
-30
-36
-43
-42
-34
-28
-26
-32
-27
-13
-12
-20
-17
-5
7
2
0
-1
2
0
11
20
8
-7
-12
-1
3
-6
-11
-12
-23
-30
-17
-12
-24
-43
-41
-30
-36
-35
-29
-34
-52
-49
-23
-14
-32
-43
-24
-4
-11
-25
-20
-8
-7
-14
-2
6
-15
-32
-15
10
-3
-28
-37
-25
-8
-10
-20
-36
-49
-44
-27
-9
-13
-32
-38
-33
-25
-7
15
17
-7
-15
-5
17
25
20
21
14
11
11
26
41
38
16
0
8
27
27
7
-2
-4
0
6
8
-5
-20
-19
-5
1
-7
-16
-11
-8
-9
-11
-6
3
-6
-16
-19
-9
-5
-13
-18
-14
-12
-16
-16
-12
-16
-28
-29
-9
-8
-26
-32
-9
15
5
-15
-18
7
25
19
8
9
23
23
33
41
35
16
8
16
36
38
19
8
2
4
6
10
6
-11
-21
-26
-15
-7
-17
-31
-36
-23
-15
-23
-34
-33
-15
-14
-31
-35
-12
-6
-25
-33
-19
-6
-18
-25
-12
3
-16
-45
-36
-6
-3
-31
-33
-15
-14
-34
-31
-8
4
-17
-40
-21
4
8
-2
-6
4
-3
-15
-7
9
17
1
-18
-22
-14
-6
-1
-14
-28
-39
-34
-28
-25
-20
-33
-39
-44
-39
-30
-31
-30
-29
-37
-42
-36
-23
-21
-27
-30
-26
-18
-24
-19
-6
-10
-23
-21
-8
3
-5
-9
-15
-7
0
-4
-5
-4
-6
-11
-13
-9
-6
-13
-22
-19
-10
-10
-17
-19
-11
-10
-15
-16
-15
-18
-25
-25
-9
-13
-24
-26
-17
-15
-20
-25
-24
-17
-13
-12
-11
-5
0
-6
-14
-9
4
1
-6
-3
0
-1
-6
-6
-4
-6
-17
-14
-9
-13
-16
-9
-6
-15
-26
-23
-12
-14
-25
-26
-28
-27
-25
-23
-15
-23
-33
-36
-19
-9
-14
-20
-24
-17
-11
-8
-1
4
-9
-17
-10
9
11
-6
-15
-11
-1
-2
-12
-8
-8
-15
-22
-14
-18
-19
-18
-21
-27
-35
-24
-12
-8
-15
-32
-34
-17
-8
-4
-21
-21
-22
-21
-18
-4
-6
-18
-24
-26
-11
8
2
-15
-23
-12
2
-2
-4
-11
-15
-18
-11
-3
-9
-30
-34
-24
-21
-23
-33
-39
-40
-38
-37
-36
-35
-41
-40
-45
-43
-31
-29
-33
-43
-38
-22
-17
-22
-23
-17
-14
-9
-7
1
3
-8
-11
5
15
12
-5
-4
8
13
11
-2
-7
-12
-13
-8
-1
7
-6
-33
-32
-1
15
-5
-28
-22
-5
-6
-14
-7
7
-2
-24
-23
10
18
-9
-23
-10
6
-11
-20
-3
14
-5
-30
-25
-2
-1
-25
-30
-13
-11
-31
-38
-26
-14
-27
-44
-40
-28
-20
-24
-30
-26
-25
-27
-27
-12
-10
-13
-19
-18
-2
5
-2
-1
6
-2
-4
1
18
14
-8
-11
-1
10
4
-6
-10
-10
-14
-21
-21
-16
-14
-26
-29
-21
-12
-13
-18
-20
-19
-14
-12
-13
-17
-17
-13
-12
-8
-9
-16
-17
-7
3
-6
-13
-3
4
2
-7
-11
-6
3
-4
-12
-14
-7
-4
-12
-13
-15
-16
-27
-26
-13
-15
-26
-31
-22
-10
-22
-30
-24
-16
-23
-24
-13
-9
-6
-15
-13
-6
6
4
-6
-11
-12
1
3
0
-10
-7
-4
-4
-3
2
0
-8
-9
-9
-3
-3
-8
-18
-23
-26
-26
-17
-17
-24
-32
-38
-32
-17
-14
-21
-27
-26
-18
-17
-15
-12
-9
-9
-15
-11
-5
5
8
4
5
6
9
17
21
16
5
3
15
20
18
6
-8
-8
-4
0
-5
-15
-23
-32
-34
-29
-18
-25
-39
-50
-47
-30
-23
-30
-44
-43
-38
-27
-21
-26
-31
-36
-30
-11
1
-6
-14
-19
-10
1
13
8
-8
-12
4
21
23
12
8
16
13
18
19
18
10
5
10
14
14
4
0
0
-3
-4
-8
-8
-3
-5
-10
-17
-15
-13
-11
-7
-3
-10
-21
-15
-1
-6
-8
-9
-5
-1
-5
-5
1
1
-9
-13
-4
2
-6
-16
-14
-9
-13
-15
-20
-17
-20
-31
-31
-24
-19
-20
-26
-28
-26
-26
-20
-21
-25
-26
-22
-13
-7
-6
-5
-6
-1
9
13
8
4
9
14
19
20
25
18
16
14
16
23
19
4
2
4
0
-3
-4
-7
-9
-17
-15
-9
-11
-19
-23
-17
-10
-16
-20
-24
-21
-18
-26
-24
-21
-20
-23
-25
-15
-10
-13
-15
-12
-3
-3
-6
-4
-6
-6
-3
-1
6
7
1
-3
1
8
7
11
5
0
1
6
10
7
3
0
5
18
14
5
6
8
15
11
7
14
23
21
7
8
15
26
22
19
19
16
11
12
22
22
13
2
0
5
6
5
-8
-15
-12
-8
-10
-7
-8
-19
-26
-21
-4
-6
-17
-28
-14
-12
-20
-22
-7
-6
-20
-24
-17
0
-6
-11
-10
0
-1
-6
1
7
8
-2
-3
9
10
8
4
-1
-1
1
5
-2
-6
-8
-5
-4
-5
-1
0
-5
-2
2
2
0
2
2
5
-2
-5
-4
13
11
-5
-14
-11
8
4
-11
-14
-5
-3
-12
-12
-5
-6
-20
-20
-6
4
-3
-15
-13
-3
3
-2
-3
1
0
-5
-4
3
4
-4
-5
-5
1
2
5
8
4
3
5
12
20
21
14
13
18
23
18
19
19
20
21
18
21
20
22
14
12
15
21
22
19
15
11
14
14
17
14
8
6
5
3
8
7
-1
-3
-1
6
2
1
2
0
-2
2
11
16
9
1
1
5
8
4
3
4
1
-6
-6
4
10
6
-5
0
0
-5
-3
0
-2
-12
-17
-11
0
1
-3
-7
-8
1
6
11
9
0
1
6
10
14
15
6
2
10
15
14
10
3
0
7
10
12
5
9
11
8
10
13
14
3
0
5
14
21
7
-2
6
11
5
-1
4
9
-6
-11
-3
6
4
-12
-12
-6
1
-5
-8
-4
-6
-6
-10
-4
9
6
-5
-5
2
11
5
0
1
7
9
-1
2
11
11
1
3
14
17
2
-1
10
16
11
3
10
18
13
7
7
17
18
8
7
18
26
22
19
20
24
22
22
25
26
23
12
14
24
28
13
3
7
14
8
8
13
16
10
-1
-4
7
4
-6
-8
-7
-5
-7
-8
-6
-4
-5
-7
-13
-2
3
2
-4
-6
8
8
6
6
15
16
13
17
19
20
20
25
26
29
28
26
25
25
27
22
26
27
23
18
9
12
20
14
4
3
4
2
-1
-6
-8
-7
-11
-13
-9
-7
-11
-18
-23
-8
-7
-10
-8
-7
-5
-3
2
3
6
4
3
6
14
14
15
13
13
17
15
14
10
21
28
19
13
16
26
30
25
22
28
27
24
27
35
36
32
27
27
40
40
35
33
38
40
35
37
42
49
37
32
36
43
42
35
34
31
30
27
26
29
22
14
12
23
26
22
11
6
9
6
4
3
7
5
-4
-7
1
0
-6
-10
-6
-8
-8
-7
-1
3
-1
1
7
13
12
16
18
22
21
20
25
36
40
32
31
38
41
39
40
38
41
35
36
39
41
38
30
31
31
31
25
20
19
23
12
3
3
3
2
-4
-4
-6
-5
-8
-9
-3
-9
-6
-4
0
2
-8
-10
-4
-1
7
3
5
10
14
16
16
17
18
17
20
22
24
21
18
20
23
23
21
16
12
14
13
17
14
10
8
9
10
11
15
13
10
11
13
14
18
17
17
20
22
29
28
26
29
31
27
30
31
30
24
21
25
25
22
18
16
17
18
15
16
14
8
2
1
2
2
-3
-10
-5
-2
-6
-4
-4
-4
0
6
3
3
3
8
10
7
11
18
20
14
13
20
22
21
18
16
25
25
26
27
24
24
28
27
23
25
24
18
13
15
20
16
11
5
12
15
14
6
4
6
8
12
11
4
0
6
11
10
8
10
11
13
10
14
11
14
15
10
15
14
8
11
15
7
9
16
16
12
8
9
14
8
1
-4
-4
0
-1
-4
-3
-2
-7
-5
0
1
2
1
4
8
7
14
15
13
11
14
19
19
21
21
24
18
16
21
25
22
15
15
15
17
20
20
18
18
15
16
18
19
13
2
4
3
2
1
-4
-1
3
-7
-6
-6
-4
5
0
-3
0
5
4
2
7
4
8
9
7
12
12
10
8
15
15
14
16
14
13
14
18
18
17
15
13
30
117
119
-35
-82
43
103
16
-54
-39
15
35
5
-33
-27
15
35
11
8
65
139
118
9
6
38
53
8
-30
-48
9
64
7
9
72
140
47
-74
-50
42
47
-68
-86
-40
-39
-61
-6
-14
-69
-53
-17
-28
-85
-57
-78
-69
-3
5
-119
-130
-17
-21
-88
-58
45
1
-91
-65
23
10
-17
45
51
-1
12
75
53
-37
-6
108
83
5
32
73
40
2
33
56
44
65
25
-4
27
62
34
-2
51
68
30
-1
17
19
36
57
12
26
57
15
-6
15
44
17
23
38
-10
13
29
29
-18
13
60
49
45
14
30
22
-32
34
57
4
-4
2
-6
-24
-52
11
56
-26
-47
-17
47
-36
-73
-12
5
23
5
-21
4
26
-23
-8
88
85
-14
-2
65
71
-7
2
83
58
36
26
56
66
36
1
28
129
67
-40
26
87
52
-13
21
94
48
12
21
30
24
-12
6
32
53
45
-20
32
26
-9
33
53
32
6
-10
4
46
18
-5
17
64
33
-20
-8
33
45
-13
-14
46
58
-6
-39
21
40
2
-10
43
33
-4
9
38
42
3
33
58
35
27
18
33
19
20
36
32
39
24
5
26
57
32
-16
19
74
46
-8
5
47
40
4
17
44
27
-5
-1
16
28
17
5
9
9
14
-6
-12
15
0
-16
5
19
9
-6
-15
-24
-4
11
-7
-21
-14
-21
-1
2
-18
-7
-3
18
5
-28
-5
15
-4
-21
1
34
22
-7
-12
-3
27
34
12
-3
8
31
22
5
-1
11
14
9
28
31
5
-18
0
22
22
5
-5
5
11
2
-1
4
14
2
-13
9
17
-2
-15
-16
-9
3
21
15
-7
-12
-7
7
-4
-8
-4
-5
-7
-10
-7
-11
4
0
-12
-10
12
23
3
-12
-10
15
23
17
11
12
14
19
28
20
16
25
31
25
28
37
36
26
25
42
41
39
31
33
35
41
36
19
13
28
27
20
16
21
22
7
12
24
31
14
2
3
3
-4
3
16
5
-3
3
10
-4
-14
-11
-9
-8
-6
4
3
0
-9
-15
4
-1
-11
-10
-8
6
-4
-11
1
2
1
-3
7
10
10
7
-1
7
23
22
13
8
19
26
16
12
10
17
26
28
23
18
26
32
21
5
9
32
31
5
1
5
7
7
0
-6
4
16
1
-11
-5
8
2
-8
-1
0
-1
-8
-20
-12
1
5
-2
-2
5
8
4
-4
-10
-1
-1
-2
15
14
6
-5
1
9
9
11
8
3
-2
-1
1
12
18
16
7
16
25
16
12
19
22
23
20
29
33
21
12
20
27
23
29
34
30
17
13
23
29
21
18
21
15
4
9
13
20
17
13
17
16
17
8
7
12
13
-1
-5
7
5
-7
-10
0
7
5
-2
3
5
-1
-6
-8
-1
2
5
2
-4
5
6
1
-5
1
0
-4
-3
-4
-8
-11
3
-3
-9
-1
7
-2
-7
0
1
-2
-3
2
-3
-5
-4
-5
-3
-3
-7
-7
-1
-6
-13
-14
-14
-11
-8
-10
-14
-16
-8
-8
-13
-17
-15
-6
-4
-16
-24
-9
4
-2
-28
-22
-3
-10
-19
-28
-14
-5
-18
-24
-17
-6
-15
-31
-20
-8
-15
-22
-18
-11
-14
-15
-12
-12
-10
-10
-13
-10
-3
-1
-7
-7
-1
-9
-18
-11
-8
-17
-27
-19
-5
-8
-17
-23
-15
-13
-24
-18
-8
-12
-24
-21
-15
-12
-12
-16
-13
-11
-10
-6
-7
-16
-13
-7
2
-12
-23
-20
-13
-12
-25
-21
-7
-4
-16
-17
-5
4
-6
-20
-9
5
-7
-15
-5
1
-6
-8
-2
4
0
-5
-6
-10
-1
6
4
6
9
6
-3
-3
-1
-4
0
-1
2
6
2
0
2
5
0
1
8
11
-3
-2
7
6
7
4
9
7
8
9
0
2
2
0
-1
-5
4
2
2
-2
-5
-5
-3
-7
-4
-6
-16
-15
-7
0
-7
-10
-7
-4
-8
-16
-10
3
-2
-9
-9
4
8
-4
-10
-5
3
-2
-3
-4
-13
-8
-6
-10
-11
-9
-6
-10
-13
-15
-18
-17
-14
-19
-25
-20
-16
-24
-28
-25
-18
-21
-31
-32
-24
-15
-21
-30
-26
-20
-24
-29
-29
-26
-17
-23
-26
-27
-26
-27
-31
-38
-38
-28
-34
-31
-25
-20
-17
-14
-17
-25
-19
-15
-26
-26
-24
-15
-15
-21
-13
-19
-20
-17
-21
-21
-16
-6
-10
-18
-15
-5
-4
-6
-8
-2
-2
-13
-14
-11
-10
-8
-14
-15
-13
-14
-16
-17
-14
-12
-11
-15
-16
-11
-10
-16
-11
-9
-9
-9
-1
7
1
0
-1
0
3
3
1
5
5
-2
7
16
14
8
9
11
16
19
14
10
14
13
9
12
14
16
12
7
12
19
22
18
15
15
15
15
9
10
12
12
9
7
5
4
5
7
4
0
5
5
3
2
-6
-2
-5
-10
-11
-11
-4
-11
-18
-16
-10
-8
-16
-11
-8
-4
-11
-15
-10
-2
2
0
-9
-3
-5
-8
-4
-1
-2
-9
-4
-7
-6
-5
-11
-19
-12
-5
-15
-17
-17
-19
-27
-26
-24
-13
-20
-33
-28
-25
-24
-25
-24
-24
-22
-30
-35
-33
-34
-32
-28
-30
-28
-27
-28
-29
-26
-27
-28
-27
-19
-15
-22
-24
-18
-18
-20
-17
-15
-27
-25
-6
-1
-13
-19
-20
-16
1
1
-10
-20
-12
-2
5
1
-3
-4
-7
-8
-11
-7
-1
2
-1
-7
-3
-1
0
1
-2
2
4
3
0
-2
9
17
9
1
4
9
5
4
-5
0
1
-2
-2
4
7
1
0
-3
0
1
5
5
2
-2
-5
4
7
3
1
4
2
0
-2
2
7
3
4
7
11
6
4
8
3
0
0
1
5
8
1
7
11
5
3
4
8
4
0
0
5
1
-6
-8
-1
-5
-9
-5
-2
-3
-6
-6
-8
-3
-3
-5
-5
-7
-11
-15
-7
-9
-7
-8
-8
-9
-12
-11
-13
-8
-16
-20
-15
-12
-18
-23
-17
-11
-13
-21
-16
-16
-16
-13
-20
-21
-17
-16
-21
-24
-23
-19
-23
-21
-14
-16
-23
-18
-13
-17
-21
-17
-18
-27
-24
-18
-14
-27
-28
-20
-17
-16
-17
-19
-18
-15
-13
-14
-12
-8
-18
-17
-17
-17
-13
-20
-14
-12
-10
-12
-15
-13
-15
-17
-12
-11
-15
-12
-5
-10
-15
-9
1
0
-4
-6
-3
3
1
-3
3
6
9
1
-1
7
9
10
2
7
7
3
5
3
2
3
5
7
0
-4
-3
3
-3
-3
-7
-2
2
3
1
-1
-3
1
2
2
5
0
0
-6
-2
1
0
1
0
-2
-1
5
6
6
2
3
4
4
1
1
2
-2
-2
-3
4
4
-4
-2
-1
1
3
1
5
-2
2
2
2
-3
-3
-2
-5
-8
-6
-4
-7
-8
-6
0
0
-2
-8
-9
-6
-8
-11
-10
-11
-11
-10
-11
-10
-15
-15
-16
-17
-25
-21
-18
-20
-26
-24
-22
-22
-28
-31
-27
-25
-23
-31
-30
-27
-23
-27
-31
-27
-26
-29
-31
-30
-30
-31
-37
-41
-37
-30
-28
-32
-31
-29
-26
-25
-24
-23
-29
-31
-22
-25
-28
-32
-25
-23
-25
-20
-21
-21
-28
-20
-16
-15
-20
-19
-15
-19
-23
-20
-15
-16
-20
-19
-19
-12
-14
-17
-14
-10
-13
-11
-6
-9
-9
-5
-6
-6
-7
-7
2
-2
-2
4
9
11
9
6
12
16
14
7
4
11
13
6
7
6
1
0
-3
2
1
0
3
-1
1
1
-1
4
4
2
4
5
6
9
8
8
9
12
6
8
2
6
5
4
2
6
11
3
7
7
2
-1
-4
-1
-1
-3
-3
-4
-2
-3
-2
-6
-11
-10
-7
-5
-15
-12
-17
-18
-14
-14
-13
-17
-14
-15
-15
-16
-14
-11
-17
-18
-18
-19
-22
-17
-23
-24
-21
-22
-23
-26
-21
-25
-23
-23
-27
-27
-24
-28
-30
-32
-29
-29
-35
-41
-43
-37
-39
-39
-35
-32
-30
-35
-37
-31
-29
-30
-33
-36
-37
-34
-37
-33
-30
-35
-36
-34
-32
-34
-38
-40
-30
-22
-26
-26
-23
-19
-20
-25
-19
-20
-21
-19
-20
-16
-23
-19
-9
-10
-13
-13
-5
-6
-9
-7
-10
-7
-7
-13
-10
-4
-6
-5
-2
1
4
2
2
2
0
1
-2
4
7
4
4
7
8
2
3
7
4
6
4
3
8
11
12
11
8
6
8
12
9
9
8
10
9
7
9
6
9
7
8
9
9
5
7
2
2
7
6
5
4
5
8
5
1
2
7
5
2
7
5
4
-3
-4
4
5
1
-1
-1
-3
-2
-3
-2
-6
-1
-2
-4
-4
-3
-4
-12
-8
-4
-4
-5
-6
-4
-7
-12
-16
-10
-8
-10
-11
-6
-8
-7
-6
-10
-4
-5
-2
-3
-12
-13
-3
-9
-12
-9
-10
-8
-5
-6
-12
-18
-14
-11
-15
-17
-24
-17
-16
-21
-20
-21
-18
-18
-18
-17
-15
-17
-18
-19
-19
-10
-16
-15
-10
-9
-5
-7
-7
-5
-5
-1
-2
-5
1
6
10
4
4
8
10
10
3
8
13
9
9
10
5
7
11
10
10
7
14
12
10
12
14
16
12
14
15
16
15
17
17
15
20
19
23
21
15
17
14
11
11
12
10
7
8
6
9
2
4
4
3
2
3
3
1
-1
-1
6
4
-2
-1
3
0
4
1
-3
-2
4
6
3
4
4
6
7
7
7
11
9
5
1
5
5
3
5
3
2
-6
-6
-2
-3
-11
-9
-7
-7
-10
-13
-16
-11
-9
-12
-13
-9
-14
-12
-8
-9
-7
-7
-7
-11
-9
-8
-13
-16
-15
-16
-15
-7
-10
-13
-11
-11
-10
-12
-12
-7
-10
-14
-9
-7
-9
-7
-1
0
-3
-2
0
5
6
7
5
2
-1
2
5
1
5
3
7
6
6
3
1
6
7
10
5
7
6
10
8
6
6
3
6
2
2
0
-3
-1
-2
-5
-6
-3
-3
-5
-5
-3
-2
2
-1
-2
-3
-5
-1
0
5
3
2
2
1
5
5
5
7
10
11
11
13
11
12
13
13
15
21
19
17
19
18
22
22
21
24
24
24
21
23
28
29
25
20
24
23
23
22
18
19
22
19
19
21
19
18
15
11
10
7
6
5
4
7
5
6
5
11
5
5
6
7
8
8
8
9
10
7
12
7
4
8
13
14
12
14
12
15
13
12
16
16
13
12
15
16
13
15
18
16
21
21
22
24
18
19
21
20
17
11
11
11
9
5
8
11
13
11
12
11
11
13
8
7
6
7
5
5
1
3
-1
1
5
4
4
4
4
4
4
3
7
5
1
2
7
8
6
9
7
6
9
7
10
10
10
10
9
9
4
5
8
7
4
4
6
3
1
0
-1
-4
-7
-5
-2
1
1
4
-1
0
-3
4
1
2
1
-1
2
4
5
2
8
8
10
7
9
10
7
9
11
15
14
14
10
12
17
19
19
15
14
19
18
16
19
17
12
8
8
11
10
13
14
12
17
15
12
17
16
15
13
13
15
16
16
15
19
18
15
16
20
18
19
16
16
20
20
16
18
24
23
21
20
17
20
19
16
14
14
10
12
10
12
16
18
14
11
14
12
14
19
10
9
10
10
11
9
5
7
5
9
15
14
10
8
12
12
11
6
6
9
8
6
6
12
8
4
6
3
2
0
-2
-3
-3
0
-2
-2
-2
-2
5
2
2
-2
0
-7
-11
-8
-10
-6
-16
-11
-9
-9
-11
-14
-12
-13
-11
-7
-14
-10
-11
-11
-12
-13
-9
-11
-9
-10
-9
-8
-11
-10
-9
-10
-10
-11
-13
-10
-8
-4
0
-5
-3
0
-3
-1
-7
-3
0
-2
-5
-3
2
-1
-2
-2
-2
3
7
2
7
9
5
6
6
11
7
7
9
10
11
8
8
4
3
3
6
0
0
-3
-2
-4
-4
-2
-2
1
-1
0
-1
2
5
4
2
7
9
2
8
7
10
15
9
9
4
3
4
6
7
9
4
5
6
2
3
4
4
-1
-1
0
3
1
-4
-2
-2
0
-2
-2
-3
-2
0
-2
0
4
2
3
4
6
3
0
-2
0
1
3
-2
-7
-1
-3
-1
-4
-3
0
-5
-6
-4
-4
-5
-4
-6
-5
-3
-1
-8
-8
-4
-7
-8
-12
-6
-6
-6
-9
-8
-6
-8
-10
-13
-10
-8
-7
-5
-4
-8
-3
-1
-3
-1
3
2
-3
0
-2
-3
-2
0
-1
-6
-6
-7
-6
-8
-10
-6
-13
-13
-12
-9
-11
-14
-15
-17
-14
-15
-12
-12
-13
-13
-15
-13
-12
-10
-11
-14
-12
-13
-13
-12
-10
-12
-13
-6
-5
-3
-5
-9
-3
-5
1
3
5
3
7
6
8
7
7
1
1
4
7
8
4
7
9
5
2
4
2
0
-3
-2
-2
-4
-4
-4
0
2
-3
-2
-8
-6
-8
-9
-8
-10
-6
-5
-5
-10
-14
-13
-10
-11
-6
-6
-8
-7
-8
-7
-7
-7
-6
-5
1
2
2
1
0
-1
-2
-5
-2
-1
-2
-4
-6
-4
-6
-5
-6
-5
-5
-3
-1
-8
-8
-5
-15
-14
-7
-7
-14
-12
-9
-11
-10
-13
-12
-15
-16
-18
-17
-22
-22
-20
-22
-20
-21
-21
-24
-23
-23
-22
-23
-20
-21
-20
-19
-22
-19
-24
-15
-17
-19
-17
-17
-11
-16
-18
-18
-19
-18
-16
-20
-16
-14
-15
-11
-16
-18
-10
-9
-11
-13
-15
-15
-16
-11
-16
-18
-17
-21
-14
-15
-14
-15
-16
-17
-16
-14
-13
-14
-12
-10
-18
-11
-6
-13
-16
-11
-12
-9
-11
-11
-12
-10
-10
-7
-7
-8
-6
-8
-7
-1
-3
-6
-5
-3
-5
-5
-8
-7
-4
3
3
2
7
6
4
5
2
1
2
1
2
1
2
1
2
0
4
4
1
-1
2
1
2
3
4
2
1
7
2
5
3
1
1
4
-1
-1
2
-3
-5
-10
-5
-9
-11
-15
-13
-11
-10
-13
-10
-9
-14
-14
-15
-15
-16
-21
-20
-19
-20
-17
-14
-13
-15
-15
-15
-16
-17
-21
-18
-19
-22
-26
-20
-18
-19
-16
-22
-20
-19
-19
-17
-19
-21
-13
-18
-19
-18
-18
-19
-19
-18
-18
-18
-15
-15
-16
-15
-16
-14
-13
-15
-13
-11
-13
-17
-16
-16
-16
-16
-21
-17
-17
-18
-19
-20
-17
-15
-21
-18
-16
-21
-18
-21
-17
-19
-19
-22
-20
-19
-23
-21
-21
-20
-18
-18
-16
-14
-15
-13
-12
-9
-12
-10
-9
-8
-7
-8
-8
-6
-9
-7
-4
-4
-2
3
0
2
1
2
5
7
7
4
2
0
0
-1
-6
-5
-2
-5
-4
-4
-4
-5
-2
-1
-4
-6
-4
-3
-2
-4
-5
-6
-5
-6
-7
-6
-5
-7
-4
-6
-9
-11
-6
-5
-11
-5
-2
-5
-3
0
-4
-1
1
0
1
-6
0
-2
-6
-5
-10
-7
-7
-7
-5
-3
-2
-4
-7
-5
-8
-2
-4
-7
-6
-4
-8
-10
-5
-6
-6
-9
-5
-6
-7
-8
-11
-9
-7
-8
-13
-10
-13
-12
-8
-14
-18
-14
-13
-15
-15
-13
-15
-14
-14
-16
-14
-12
-12
-10
-14
-14
-11
-13
-12
-11
-12
-13
-8
-9
-7
-9
-11
-7
-11
-7
-9
-11
-8
-7
-8
-10
-9
-6
-10
-7
-9
-9
-9
-9
-9
-8
-12
-12
-8
-9
-12
-14
-10
-16
-10
-11
-8
-12
-9
-8
-14
-5
-5
-2
-5
-6
-7
-9
-6
-7
-8
-6
-7
-9
-7
-8
-5
-5
-6
-8
-10
-11
-10
-11
-10
-11
-14
-17
-17
-13
-12
-6
-8
-4
-3
-6
-6
-7
-3
-6
-7
-7
-3
1
4
1
3
4
3
4
-3
5
4
0
7
3
4
0
3
7
10
12
10
11
9
11
8
6
10
5
8
8
12
11
11
16
11
10
8
6
8
5
7
1
-3
-2
-1
-3
-4
-3
-1
2
0
-3
1
-2
-5
-3
1
0
-5
-1
-2
-6
-5
-6
-4
-6
-8
-2
-3
-7
-4
-3
-5
-5
-7
-8
-6
-9
-8
-4
-3
0
-3
-1
0
-1
0
1
-4
-5
-2
-7
-6
-8
-7
-6
-8
-6
-8
-3
-5
0
-4
-5
-6
-2
-5
-7
-8
-10
-5
-8
-3
-1
-5
-6
-2
-3
-1
-1
-1
-2
-3
-5
-6
-6
-8
-6
-6
-9
-7
-4
-7
-5
-4
-2
-5
-9
-7
-8
-6
-9
-5
-4
-6
-5
-3
1
-6
-5
-2
1
-3
0
