19
22
18
19
19
18
19
15
16
16
17
15
10
14
15
14
17
16
16
12
12
14
15
17
19
15
17
15
16
18
20
21
18
16
16
16
18
19
13
11
13
12
12
10
9
12
9
7
6
3
4
10
6
2
2
3
8
5
4
4
0
-1
2
2
-2
2
2
3
0
0
-1
1
2
0
2
2
-3
-2
-1
0
1
5
2
-1
-3
-4
2
0
-5
-8
-6
-6
-1
-3
-6
-3
-3
-1
-3
-2
-3
-4
-5
-2
1
-7
-8
-5
-7
-8
-3
1
3
3
2
3
2
1
-2
-2
-1
-1
0
1
-2
-3
-2
2
-3
-1
2
-1
0
3
5
3
2
5
4
3
7
9
8
5
12
8
9
11
7
6
6
1
4
5
8
9
11
11
8
13
10
13
16
15
16
20
16
16
19
19
17
20
16
16
21
19
21
18
19
13
12
15
14
16
19
14
11
13
22
16
17
22
18
19
16
17
20
20
22
16
18
15
16
21
19
20
13
13
11
10
12
12
8
10
10
12
8
9
9
12
8
11
12
10
12
8
12
11
11
10
10
8
10
9
7
8
6
10
7
8
8
1
3
1
-6
2
2
-5
-4
-3
-3
-1
-2
1
-2
-4
-1
0
3
0
4
5
8
4
-4
-3
2
-1
-1
0
3
3
-1
-3
-5
-1
-1
-1
1
0
0
0
2
3
0
2
-2
-5
-3
-6
-8
-6
-5
-7
-8
-10
-10
-7
-3
-4
0
4
4
7
10
12
7
11
9
10
13
9
14
11
12
9
6
3
3
0
4
6
5
5
3
5
4
9
4
6
6
5
11
12
11
12
10
7
5
0
5
5
1
4
2
2
-3
-5
-5
-4
-4
-2
-1
-5
-3
-3
-3
4
-3
3
-2
1
6
3
4
-1
8
1
-1
-4
-2
1
-1
1
-1
2
0
2
2
2
0
4
2
0
5
0
0
-2
0
0
-5
-7
-8
-8
-9
-10
-6
-7
-7
-6
-1
-4
-1
-1
-3
-2
-4
-4
-6
-10
-12
-10
-11
-11
-12
-11
-13
-18
-15
-15
-18
-15
-13
-19
-18
-18
-23
-20
-22
-21
-23
-24
-22
-21
-25
-25
-21
-24
-22
-19
-17
-18
-20
-20
-17
-20
-18
-15
-15
-17
-17
-18
-23
-17
-18
-23
-21
-20
-20
-16
-17
-14
-13
-10
-10
-10
-10
-5
-7
-11
-10
-3
-6
-6
-7
-8
1
-2
-2
-5
-1
-1
-8
-6
-5
-3
-3
-2
-6
-6
-5
-5
-6
-4
-2
-1
-4
-4
-4
-2
-1
-2
0
4
2
4
2
-6
-1
1
4
3
-1
0
-1
1
8
4
0
2
2
2
-2
0
0
-2
-5
-2
1
2
3
-4
-6
-7
-5
1
-1
-4
-1
-4
-6
-2
-2
-1
-2
1
2
2
0
-1
1
-4
5
2
0
0
-2
-4
-6
-5
-3
-1
-3
-4
-7
-6
-12
-14
-10
-11
-9
-10
-15
-13
-12
-15
-11
-17
-14
-15
-14
-17
-23
-22
-21
-15
-16
-19
-19
-20
-18
-17
-22
-20
-23
-18
-18
-19
-20
-24
-22
-22
-20
-26
-25
-24
-31
-28
-25
-24
-27
-28
-25
-26
-23
-27
-30
-25
-25
-26
-27
-29
-29
-27
-31
-29
-27
-27
-29
-27
-29
-29
-31
-30
-27
-28
-26
-27
-29
-27
-29
-30
-27
-24
-23
-22
-22
-25
-26
-24
-25
-23
-22
-20
-19
-18
-17
-19
-18
-16
-15
-11
-14
-16
-15
-16
-10
-15
-16
-11
-12
-14
-17
-21
-21
-20
-17
-23
-26
-23
-19
-20
-20
-23
-20
-21
-20
-18
-19
-18
-21
-20
-18
-18
-21
-24
-20
-20
-22
-19
-17
-18
-19
-16
-13
-14
-13
-12
-15
-13
-19
-19
-15
-16
-15
-16
-17
-19
-22
-14
-15
-17
-17
-18
-17
-16
-16
-16
-19
-18
-15
-23
-20
-14
-14
-14
-19
-15
-12
-13
-15
-14
-17
-21
-16
-22
-21
-14
-19
-22
-19
-22
-23
-20
-24
-21
-23
-24
-23
-20
-21
-24
-24
-23
-18
-19
-18
-17
-18
-19
-17
-20
-24
-23
-23
-23
-29
-26
-25
-27
-26
-24
-27
-27
-23
-24
-26
-25
-21
-19
-23
-26
-22
-23
-22
-21
-20
-20
-23
-23
-23
-23
-21
-22
-17
-16
-13
-15
-17
-14
-14
-15
-12
-12
-13
-12
-11
-11
-12
-14
-12
-13
-15
-13
-16
-16
-16
-12
-12
-12
-10
-7
-6
-6
-7
-6
-7
-4
-6
-11
-10
-11
-9
-9
-11
-6
-3
-3
-3
-5
-5
-2
0
-1
-1
-2
-2
-7
-9
-5
-5
-8
-7
-6
-6
-7
-8
-9
-10
-8
-7
-6
-6
-9
-7
-12
-10
-8
-8
-4
-8
-9
-6
-6
-10
-6
-5
-8
-8
-6
-4
-6
-7
-7
-10
-12
-3
-10
-14
-15
-20
-16
-21
-19
-23
-25
-28
-28
-24
-26
-30
-30
-33
-29
-31
-35
-30
-34
-33
-38
-39
-40
-41
-41
-42
-43
-45
-51
-47
-50
-51
-52
-55
-49
-50
-46
-46
-41
-43
-48
-48
-44
-45
-47
-47
-50
-55
-50
-46
-50
-51
-49
-47
-49
-48
-42
-47
-47
-46
-47
-46
-54
-49
-47
-47
-46
-51
-48
-45
-44
-42
-39
-38
-35
-33
-29
-27
-32
-22
-18
-23
-21
-15
-18
-18
-12
-16
-12
-9
-6
-6
-7
2
2
6
10
11
16
16
24
19
21
30
35
38
36
44
44
42
48
51
51
55
53
50
52
51
47
42
39
33
29
27
22
15
11
5
4
-1
-7
-4
-6
-6
-11
-17
-15
-17
-23
-23
-23
-24
-23
-22
-27
-22
-20
-26
-28
-26
-26
-31
-32
-26
-40
-39
-34
-40
-44
-36
-46
-57
-43
-50
-57
-53
-48
-50
-50
-54
-41
-45
-52
-47
-45
-38
-31
-43
-47
-22
-32
-52
-44
-23
-37
-63
-47
-24
-48
-58
-44
-45
-53
-54
-52
-56
-55
-57
-52
-62
-65
-51
-50
-67
-63
-54
-51
-58
-70
-69
-60
-63
-74
-77
-69
-56
-50
-39
-45
-40
-17
-4
2
10
25
42
44
45
61
66
64
65
68
73
79
70
67
63
53
55
54
52
45
35
33
26
21
18
10
8
3
-2
-10
-16
-24
-29
-31
-31
-34
-35
-35
-41
-44
-41
-37
-29
-24
-27
-25
-14
-14
-7
-5
-2
6
7
13
11
12
13
6
6
14
14
15
4
-1
-3
-1
-3
-8
-10
-16
-20
-20
-22
-29
-32
-21
-21
-42
-37
-15
-21
-47
-44
-10
-24
-57
-24
-16
-47
-27
-33
-54
-30
-16
-61
-68
-36
-37
-73
-69
-50
-47
-60
-61
-58
-70
-51
-53
-88
-67
-39
-66
-84
-75
-51
-58
-74
-79
-63
-67
-80
-73
-73
-93
-77
-74
-89
-90
-71
-78
-92
-86
-80
-81
-90
-85
-86
-97
-86
-89
-95
-72
-53
-53
-54
-55
-37
-14
-12
-5
7
22
33
32
43
54
53
48
57
69
70
60
58
58
63
62
58
60
52
42
43
42
34
27
19
14
4
5
1
-3
-15
-25
-21
-24
-20
-29
-33
-31
-34
-33
-26
-17
-19
-18
-11
-8
-3
0
0
-2
1
11
12
16
15
14
19
23
18
20
20
22
15
12
21
18
8
8
17
1
4
9
-6
-9
5
-4
-20
-6
13
-1
-25
-24
13
10
-45
-32
17
-8
-35
-35
-25
-10
-27
-53
-40
-18
-28
-46
-62
-35
-22
-55
-64
-25
-42
-66
-50
-40
-51
-58
-55
-46
-58
-46
-50
-65
-53
-31
-53
-74
-47
-41
-56
-67
-49
-56
-53
-64
-61
-57
-53
-55
-51
-51
-53
-52
-49
-57
-53
-56
-65
-54
-43
-35
-29
-35
-31
-15
0
4
9
24
34
34
38
55
66
60
57
66
75
77
70
63
66
62
58
60
57
51
45
41
40
37
23
21
12
0
-4
-6
-12
-20
-26
-28
-25
-23
-24
-28
-29
-24
-19
-17
-8
-5
-16
-10
4
4
2
-1
5
13
16
17
16
21
25
21
24
27
25
28
26
10
30
25
22
16
8
13
17
11
7
-6
8
14
-3
-10
1
18
-4
-13
-19
7
-14
4
-19
-19
2
4
-51
-18
-19
-21
-22
-29
-37
-24
-20
-46
-38
-23
-39
-41
-33
-56
-50
-19
-34
-66
-60
-15
-26
-60
-54
-13
-33
-41
-43
-45
-37
-32
-47
-62
-42
-21
-50
-80
-55
-21
-58
-85
-42
-33
-55
-54
-42
-32
-30
-54
-57
-29
-28
-59
-57
-22
-1
-28
-38
-15
15
18
15
24
40
58
66
61
71
87
87
75
81
92
94
85
86
83
79
78
81
70
58
60
58
48
34
34
32
21
16
17
14
6
-5
-10
4
11
4
-2
1
3
1
2
15
12
5
19
16
2
21
19
3
18
29
4
11
33
13
5
24
27
13
24
23
12
10
16
14
24
15
-3
15
19
1
13
5
-4
12
2
3
18
3
-6
14
-4
6
2
-21
0
1
-22
-25
-9
-7
-24
-37
-19
-21
-28
-37
-39
-33
-19
-33
-53
-36
-27
-38
-64
-37
-22
-44
-61
-35
-31
-45
-37
-41
-39
-39
-36
-39
-39
-30
-36
-49
-27
-24
-32
-40
-49
-29
-22
-47
-40
-20
-38
-37
-39
-29
-32
-33
-45
-46
-33
-20
-25
-14
-5
-12
-6
26
31
29
47
52
56
71
86
79
81
83
88
92
93
85
81
79
74
69
76
78
64
51
44
48
38
36
33
27
17
17
15
11
3
-3
13
13
3
18
28
1
-6
2
20
24
9
11
13
10
19
21
3
3
26
20
16
10
19
36
27
1
18
38
37
8
-5
31
43
0
-15
26
23
3
-22
-8
21
3
-25
-17
30
16
-30
-20
7
-3
-11
-12
-19
-2
-10
-28
-35
-34
-1
-26
-69
-39
0
-46
-77
-40
-14
-53
-71
-33
-22
-57
-54
-35
-31
-38
-42
-46
-34
-29
-29
-37
-29
-18
-26
-32
-22
-32
-23
-14
-33
-38
-13
-10
-50
-37
2
-16
-61
-22
6
-34
-51
-11
-9
-36
-28
-18
-26
-32
-22
-26
-27
2
14
-5
-15
18
53
38
24
55
75
73
71
78
92
101
87
85
104
114
93
77
89
92
71
77
83
75
60
57
61
52
54
50
42
36
53
36
31
40
21
16
37
41
19
28
16
13
17
31
21
9
25
34
19
13
31
34
12
7
44
38
11
28
27
15
11
33
21
6
14
30
9
10
19
3
18
13
-6
21
10
-24
17
22
-19
-7
42
-12
-44
6
12
-19
-50
-18
11
-23
-43
-48
-27
9
-32
-87
-41
12
-49
-84
-67
-17
-26
-77
-96
-37
-16
-62
-100
-62
2
-37
-106
-72
7
-35
-84
-44
-10
-41
-59
-32
-24
-47
-56
-23
-16
-55
-53
-17
-36
-49
-34
-40
-28
-27
-45
-44
-14
-23
-46
-45
-21
-13
-41
-46
-6
20
0
-32
-3
38
48
16
27
69
78
55
62
101
105
80
82
102
111
101
88
94
89
85
92
90
74
72
75
63
55
57
57
56
41
37
46
52
40
22
19
35
35
36
22
17
37
37
11
25
47
21
9
22
29
29
19
8
30
24
17
22
34
12
14
34
25
22
36
18
32
38
2
9
51
22
1
4
35
31
-12
-18
56
26
-44
14
49
-8
-14
26
-24
-11
55
-15
-95
14
51
-69
-52
-5
-18
-7
-44
-79
14
-19
-115
-20
11
-74
-83
-10
-34
-66
-83
-39
-13
-52
-87
-49
-10
-52
-72
-44
-33
-34
-47
-62
-34
-26
-48
-43
-33
-33
-37
-33
-44
-46
-15
-40
-50
-12
-28
-61
-20
-26
-59
-26
-16
-65
-36
-9
-26
-7
-1
2
10
18
25
60
58
49
69
91
97
86
93
106
111
102
102
117
117
94
91
104
90
83
95
73
52
64
78
44
49
75
45
17
68
64
22
15
49
55
15
24
45
40
18
14
17
54
55
3
13
55
54
-10
-13
70
86
-22
-33
99
93
-22
-20
87
85
-4
-1
57
49
5
11
37
15
37
32
-46
12
79
-34
-55
37
26
-31
-33
-8
14
5
-35
-87
-17
75
-61
-117
-15
60
-40
-111
-43
42
-39
-101
-57
-33
-56
-23
-75
-100
-28
-9
-70
-97
-62
-8
-57
-110
-32
-52
-106
-23
-80
-114
-28
-34
-125
-72
-23
-59
-92
-51
-29
-53
-69
-48
-57
-42
-36
-85
-79
2
-19
-102
-73
-3
-11
-107
-81
-2
-17
-93
-61
16
14
-21
-41
-8
71
68
-9
13
119
117
29
51
134
130
60
50
118
127
81
67
77
77
84
75
47
58
73
47
8
45
72
22
15
58
37
-9
37
56
14
-14
23
54
53
-16
-14
82
44
-22
30
77
30
-23
15
46
32
-9
52
40
-18
40
91
-5
-29
101
70
-26
9
74
35
1
2
41
30
34
8
-12
-3
32
36
-28
-46
57
25
-54
-26
7
7
-13
-36
-18
23
-8
-61
-35
27
-47
-75
-18
14
-72
-74
-29
-26
-61
-81
-59
-61
-41
-79
-66
-64
-78
-39
-51
-82
-59
-42
-74
-69
-40
-58
-75
-34
-45
-122
-80
22
-80
-147
-49
-12
-80
-91
-72
-32
-36
-99
-92
-34
-17
-75
-117
-61
-8
-75
-126
-56
-1
-23
-39
-42
-14
37
28
-2
29
108
88
35
62
140
123
76
100
138
133
94
85
108
101
80
71
86
79
66
33
37
52
31
-6
25
55
-1
-9
29
16
-22
15
14
-17
19
28
-29
-31
45
25
-46
3
59
23
-36
-2
65
36
-19
24
69
36
-9
30
54
21
26
28
28
53
17
-8
38
40
0
-3
35
34
-17
10
6
1
8
4
-11
-18
10
-2
-31
-44
3
9
-42
-58
-27
-2
-50
-57
-38
-3
-31
-83
-40
-7
-67
-67
-40
-55
-60
-61
-67
-52
-75
-92
-47
-37
-107
-111
-27
-49
-133
-95
-31
-54
-90
-90
-63
-59
-98
-97
-53
-57
-83
-82
-67
-61
-82
-87
-79
-53
-69
-94
-78
-59
-88
-124
-90
-66
-95
-76
-16
-7
-61
-63
12
73
39
22
80
114
87
75
119
166
140
104
120
174
162
100
88
129
131
86
89
108
72
28
21
43
49
29
2
-2
4
-4
-25
-23
3
-18
-33
-8
17
-10
-28
-17
-10
17
11
3
22
24
-24
-24
34
64
28
-18
24
53
33
1
32
49
41
40
35
18
50
50
-20
1
82
48
-18
3
13
-4
6
27
-23
-26
21
-13
-45
-25
-29
-14
-3
-38
-68
-25
0
-55
-101
-48
17
35
-53
-118
-19
74
-5
-133
-72
38
-11
-141
-165
-68
-7
-130
-226
-124
-21
-144
-227
-126
-50
-99
-134
-114
-62
-52
-96
-127
-86
-24
-48
-137
-116
-38
-85
-141
-124
-89
-95
-119
-143
-125
-100
-122
-151
-119
-10
44
-31
-83
-23
80
93
57
102
169
162
120
139
205
236
183
138
198
261
202
127
154
181
140
110
154
151
72
23
31
44
49
28
-10
-42
-40
-36
-52
-60
-58
-70
-73
-57
-56
-68
-56
-48
-60
-51
13
42
-22
-41
10
44
52
63
66
74
77
53
78
133
112
81
90
98
110
93
59
54
73
58
47
44
18
15
-16
-31
1
18
-42
-62
-50
-27
-53
-74
-5
-34
-73
-38
-31
-70
-54
-72
-40
-43
-102
-101
-15
-84
-159
-84
-35
-61
-144
-135
-44
-56
-155
-133
-45
-58
-111
-114
-85
-90
-57
-95
-118
-87
-58
-90
-155
-144
-60
-98
-169
-164
-96
-116
-158
-168
-121
-129
-165
-161
-168
-157
-147
-149
-51
45
-33
-124
-24
125
130
88
134
215
204
160
207
288
307
223
198
265
312
243
162
199
230
173
133
183
168
63
4
45
66
34
4
-23
-57
-82
-66
-65
-87
-87
-102
-121
-115
-97
-92
-111
-121
-90
-51
-26
-27
-45
-40
-11
16
51
82
91
76
68
98
140
156
167
155
149
161
164
155
141
136
123
95
68
83
63
-11
-48
-11
-12
-51
-84
-97
-109
-119
-105
-96
-79
-88
-120
-133
-88
-56
-81
-63
-77
-83
-45
-57
-112
-53
-39
-128
-81
-35
-103
-117
-112
-132
-92
-73
-108
-132
-125
-146
-117
-115
-126
-115
-88
-168
-186
-93
-94
-196
-178
-116
-118
-175
-198
-185
-162
-205
-216
-176
-194
-232
-239
-201
-68
24
-70
-172
-39
139
160
85
156
277
251
170
221
381
411
269
221
327
394
300
205
238
294
216
136
205
214
94
-9
34
80
41
0
-38
-82
-107
-93
-88
-108
-120
-136
-162
-175
-138
-105
-137
-170
-144
-82
-52
-57
-73
-69
-34
1
42
74
91
88
81
101
152
208
216
195
194
210
226
222
220
218
206
180
159
159
138
91
47
41
42
2
-45
-69
-95
-126
-125
-109
-114
-131
-154
-188
-168
-108
-138
-165
-115
-65
-153
-158
-39
-71
-141
-56
3
-103
-139
-5
-30
-142
-117
-31
-42
-118
-152
-98
-82
-121
-161
-133
-106
-129
-202
-186
-120
-143
-220
-244
-166
-167
-212
-232
-217
-195
-200
-238
-263
-212
-177
-166
-77
9
-41
-131
-22
194
227
126
182
316
288
210
296
443
419
302
283
360
384
301
246
267
290
211
150
185
173
62
2
39
65
8
-29
-62
-113
-128
-101
-98
-133
-141
-156
-186
-187
-137
-113
-144
-155
-128
-92
-67
-43
-46
-53
-21
33
61
77
94
100
110
141
192
233
225
214
218
231
258
263
242
228
214
190
162
158
142
90
56
50
30
-3
-26
-58
-94
-102
-104
-111
-129
-147
-158
-169
-160
-147
-146
-151
-141
-147
-160
-138
-102
-101
-100
-121
-116
-47
-63
-107
-102
-33
-33
-128
-115
-16
-52
-148
-143
-91
-104
-145
-191
-191
-168
-171
-219
-238
-216
-229
-259
-267
-244
-246
-288
-305
-290
-286
-282
-192
-32
-30
-178
-200
28
234
178
79
196
334
269
208
364
522
449
267
293
458
465
316
269
338
329
210
175
237
183
59
6
50
64
-8
-63
-111
-143
-128
-95
-131
-185
-196
-196
-222
-201
-132
-120
-188
-216
-161
-106
-85
-68
-69
-94
-72
-1
49
53
62
87
97
117
174
222
210
185
204
240
284
289
254
231
234
237
231
230
201
135
80
82
101
62
16
-18
-62
-95
-84
-68
-86
-124
-157
-164
-146
-118
-130
-156
-146
-139
-148
-131
-104
-109
-121
-124
-100
-81
-85
-109
-124
-95
-69
-81
-97
-81
-66
-92
-89
-50
-77
-124
-139
-139
-148
-132
-139
-190
-221
-223
-226
-235
-235
-226
-240
-285
-303
-291
-287
-280
-166
-10
-26
-220
-236
49
273
180
59
201
334
235
175
374
571
452
242
272
456
464
309
273
371
348
197
154
226
202
75
28
67
68
-1
-68
-116
-132
-95
-73
-138
-189
-195
-203
-238
-205
-114
-110
-207
-247
-181
-122
-100
-69
-56
-104
-113
-33
31
32
63
96
89
85
145
220
219
201
215
246
268
277
276
278
272
242
224
237
221
168
122
121
106
67
38
17
-25
-60
-58
-39
-49
-97
-133
-152
-130
-106
-109
-126
-142
-156
-169
-149
-105
-87
-109
-134
-126
-103
-95
-93
-89
-90
-103
-94
-83
-93
-108
-105
-90
-86
-114
-148
-120
-128
-178
-175
-142
-163
-220
-245
-229
-222
-242
-246
-240
-273
-310
-324
-311
-223
-59
5
-158
-299
-101
205
240
93
131
289
268
169
294
543
541
288
211
386
493
383
290
341
363
236
160
227
247
133
42
52
74
36
-16
-76
-127
-115
-63
-89
-172
-200
-190
-228
-244
-148
-92
-181
-272
-229
-142
-118
-93
-61
-104
-155
-100
-6
9
15
45
39
19
66
163
198
164
149
170
206
242
257
240
235
236
230
228
236
217
166
145
153
136
105
73
37
-5
-18
1
-4
-46
-93
-126
-115
-87
-77
-104
-132
-140
-156
-147
-115
-86
-105
-141
-144
-119
-106
-96
-92
-107
-113
-111
-105
-102
-94
-84
-85
-98
-118
-114
-111
-116
-126
-127
-130
-168
-195
-185
-201
-235
-241
-228
-235
-292
-326
-309
-294
-297
-258
-104
0
-137
-312
-135
227
314
102
78
284
319
192
290
573
604
322
183
373
537
439
320
366
391
246
142
221
291
191
64
41
50
19
-17
-45
-93
-101
-63
-95
-192
-208
-167
-195
-232
-153
-87
-186
-276
-216
-123
-105
-76
-41
-99
-163
-99
17
25
18
64
49
-13
39
182
230
171
136
155
176
216
264
272
258
231
204
206
246
255
217
173
153
138
106
90
69
35
12
9
-3
-41
-85
-107
-105
-72
-58
-96
-129
-146
-156
-152
-103
-70
-103
-162
-173
-138
-106
-95
-92
-108
-143
-154
-123
-99
-92
-90
-103
-133
-144
-127
-117
-133
-143
-146
-150
-174
-217
-228
-216
-229
-251
-257
-268
-281
-307
-328
-327
-309
-295
-183
-43
-82
-280
-246
94
295
137
27
210
331
211
193
460
624
416
184
287
497
489
343
344
413
311
142
178
309
278
116
41
61
47
-3
-21
-49
-77
-77
-99
-182
-218
-162
-157
-232
-217
-122
-156
-272
-255
-145
-114
-134
-94
-92
-169
-164
-45
16
-2
22
42
-21
-27
106
227
203
142
137
156
183
243
290
299
261
212
202
228
270
262
214
170
138
104
102
93
55
19
1
-11
-37
-68
-92
-110
-109
-98
-104
-131
-147
-165
-166
-144
-105
-107
-155
-174
-150
-123
-106
-92
-95
-128
-147
-132
-89
-71
-70
-92
-123
-129
-118
-90
-84
-117
-155
-181
-204
-214
-212
-195
-218
-273
-293
-280
-283
-297
-308
-318
-334
-358
-317
-133
-17
-138
-323
-175
179
261
55
61
280
298
147
245
560
597
296
162
372
538
437
321
374
390
221
129
253
362
236
47
19
64
49
10
-2
-47
-95
-113
-136
-179
-159
-122
-182
-269
-202
-114
-195
-288
-223
-129
-150
-162
-98
-116
-188
-147
-28
-5
-19
10
-3
-79
-27
107
237
238
123
56
98
233
325
327
289
230
148
191
298
333
300
212
121
90
114
172
140
41
-6
-7
-35
-34
-44
-76
-116
-133
-106
-90
-117
-147
-181
-160
-105
-89
-124
-153
-163
-135
-109
-79
-67
-98
-142
-147
-115
-53
-36
-74
-130
-140
-122
-96
-73
-92
-123
-171
-182
-170
-158
-171
-211
-257
-272
-275
-275
-248
-252
-310
-367
-356
-304
-299
-211
-36
-52
-284
-288
58
301
156
15
201
326
195
175
444
634
429
176
272
499
485
334
340
410
304
132
197
333
259
84
38
69
43
-1
6
-45
-119
-111
-104
-176
-199
-146
-157
-268
-264
-130
-144
-279
-271
-157
-139
-176
-135
-97
-160
-191
-81
3
0
-12
-13
-54
-28
59
205
273
170
63
63
213
334
347
309
273
169
159
264
342
335
228
120
84
81
143
147
67
2
-26
-62
-45
-41
-65
-109
-141
-119
-99
-121
-148
-180
-177
-126
-95
-105
-133
-160
-153
-127
-91
-46
-51
-118
-159
-135
-57
-6
-35
-95
-129
-140
-117
-70
-75
-107
-184
-220
-204
-181
-163
-196
-260
-290
-289
-257
-236
-246
-300
-364
-374
-317
-260
-159
-24
-87
-292
-265
73
308
187
59
205
301
202
228
511
664
423
181
310
522
497
360
379
420
277
122
225
353
240
70
37
78
35
-25
-6
-53
-131
-134
-117
-163
-195
-177
-190
-257
-238
-131
-159
-275
-261
-167
-135
-140
-98
-91
-163
-166
-53
20
15
36
18
-38
-20
95
184
244
224
135
72
146
302
366
330
279
205
155
225
306
303
256
167
71
39
90
128
65
-4
-24
-58
-80
-63
-69
-105
-122
-113
-98
-115
-133
-148
-165
-124
-66
-64
-105
-138
-137
-121
-80
-23
-25
-88
-154
-146
-92
-31
-21
-67
-135
-173
-160
-106
-64
-86
-148
-213
-237
-220
-195
-185
-210
-264
-314
-323
-290
-262
-291
-332
-353
-358
-346
-206
-7
-22
-259
-289
56
313
201
88
278
380
214
186
524
752
508
198
311
559
516
348
399
499
318
71
159
374
292
45
0
75
25
-81
-69
-49
-117
-187
-192
-190
-190
-184
-236
-302
-244
-146
-174
-266
-231
-145
-167
-176
-59
-5
-107
-153
-45
54
46
70
103
67
12
83
169
306
322
182
91
154
316
361
320
314
244
128
162
267
290
260
134
19
11
54
94
23
-38
-37
-85
-123
-72
-70
-120
-156
-135
-96
-81
-101
-128
-167
-121
-53
-46
-61
-74
-119
-128
-87
-16
7
-53
-124
-139
-122
-61
-41
-67
-125
-172
-188
-161
-118
-120
-159
-223
-254
-246
-232
-226
-253
-276
-288
-311
-312
-294
-286
-309
-325
-339
-316
-160
37
3
-208
-189
137
337
232
182
381
428
241
240
579
772
535
256
368
555
471
326
409
499
293
47
131
307
209
-1
-29
17
-38
-137
-138
-115
-167
-210
-225
-240
-209
-190
-258
-317
-240
-138
-159
-231
-172
-101
-139
-132
-5
49
-23
-51
27
89
87
132
169
127
90
145
282
313
239
190
204
244
273
289
300
258
165
143
171
206
204
120
49
16
-7
16
9
-24
-61
-94
-98
-75
-62
-82
-115
-128
-90
-55
-48
-54
-81
-98
-83
-36
-1
-15
-53
-73
-85
-81
-46
-33
-60
-107
-134
-116
-101
-95
-103
-135
-165
-167
-156
-155
-183
-212
-220
-227
-234
-247
-263
-254
-276
-295
-287
-252
-251
-279
-303
-294
-289
-258
-50
153
63
-199
-135
262
434
265
261
508
505
245
265
659
825
507
276
436
566
385
244
400
481
201
-28
102
231
70
-123
-92
-37
-131
-222
-201
-198
-238
-260
-281
-261
-200
-173
-259
-314
-199
-87
-122
-143
-47
-8
-80
-61
96
144
71
72
143
155
140
197
241
222
221
228
242
259
264
228
200
219
244
214
201
166
98
80
101
89
61
36
-8
-63
-66
-14
-13
-66
-82
-92
-91
-57
-36
-42
-55
-59
-57
-44
-2
7
-36
-67
-46
-29
-35
-27
-32
-66
-101
-110
-100
-87
-109
-143
-160
-160
-176
-177
-163
-155
-178
-206
-210
-199
-203
-206
-204
-234
-249
-247
-258
-255
-248
-261
-272
-277
-259
-266
-305
-308
-164
98
160
-68
-175
120
392
324
242
483
628
387
227
493
776
646
365
398
574
454
206
248
422
308
23
-4
125
52
-163
-198
-122
-143
-230
-265
-270
-290
-294
-288
-295
-251
-188
-213
-271
-223
-98
-76
-114
-48
60
58
21
95
165
131
116
196
253
205
190
219
201
178
238
273
238
186
149
136
143
156
158
139
105
47
3
26
45
17
12
5
-32
-58
-46
-27
-25
-20
-6
-7
-5
7
-7
-13
21
44
27
10
11
-14
-54
-59
-29
-38
-76
-108
-121
-140
-157
-180
-178
-171
-194
-210
-212
-203
-209
-211
-187
-177
-188
-201
-204
-192
-189
-182
-176
-182
-193
-215
-232
-208
-191
-194
-221
-251
-259
-262
-278
-236
-56
152
113
-105
-78
234
410
313
294
512
569
363
314
562
719
518
315
424
550
390
178
210
289
153
-8
29
83
-64
-246
-270
-214
-197
-208
-249
-297
-326
-310
-283
-253
-169
-123
-171
-211
-136
-16
-9
-31
41
114
107
123
199
198
129
133
219
248
224
233
212
134
112
177
221
211
147
82
63
62
74
90
109
75
-5
-18
31
16
-3
21
23
-2
-5
21
20
-2
8
31
57
83
73
24
1
22
36
35
36
16
-39
-101
-116
-94
-97
-126
-160
-183
-193
-219
-238
-225
-221
-238
-235
-209
-201
-207
-202
-179
-166
-150
-120
-131
-143
-151
-155
-140
-140
-153
-190
-192
-181
-196
-209
-210
-216
-229
-234
-236
-93
160
185
-34
-80
222
431
339
306
503
564
378
322
535
681
517
299
354
467
359
187
199
222
42
-102
-11
48
-107
-246
-247
-268
-315
-273
-187
-228
-318
-298
-234
-220
-192
-96
-56
-99
-78
30
78
45
82
151
154
166
246
269
164
115
182
207
174
200
227
129
28
29
83
115
94
41
-4
-16
-8
-11
11
44
1
-21
13
35
28
53
50
28
59
115
115
84
82
62
64
104
134
99
43
24
4
-8
-11
-8
-40
-101
-148
-167
-162
-175
-204
-226
-242
-243
-237
-228
-231
-252
-244
-218
-190
-149
-117
-128
-147
-143
-113
-85
-74
-71
-82
-108
-132
-145
-139
-145
-158
-173
-192
-202
-227
-251
-271
-271
-262
-126
96
150
-5
-75
125
323
312
328
487
531
387
332
489
613
495
346
381
446
364
230
214
217
77
-74
-50
26
-38
-164
-232
-270
-315
-296
-217
-197
-227
-243
-261
-271
-210
-125
-84
-89
-52
10
19
15
64
106
113
141
207
232
175
136
152
136
109
153
195
145
62
32
67
70
47
37
28
19
7
13
33
31
14
21
42
59
72
75
72
55
58
99
117
105
100
92
80
85
95
91
58
22
10
-8
-25
-21
-44
-104
-153
-164
-165
-175
-192
-207
-220
-238
-242
-238
-226
-215
-206
-183
-170
-156
-136
-124
-130
-124
-100
-68
-62
-71
-78
-99
-125
-135
-117
-107
-130
-172
-185
-181
-189
-215
-238
-239
-232
-233
-184
-54
75
98
28
6
99
224
337
406
399
354
329
376
448
455
407
355
326
328
320
285
221
124
45
39
63
61
0
-71
-136
-184
-191
-162
-139
-135
-145
-173
-205
-204
-157
-105
-84
-67
-45
-49
-45
-10
33
49
50
63
79
89
91
83
66
59
68
83
86
85
77
60
39
34
51
61
41
26
33
37
35
32
31
33
24
31
41
36
63
58
41
47
43
37
40
39
61
75
66
27
8
-24
-30
14
5
7
-6
-39
-71
-77
-68
-47
-28
-31
-45
-61
-80
-60
-44
-39
-28
-10
-18
-35
-35
-31
-32
-24
-30
-35
-32
-41
-51
-60
-72
-74
-72
-75
-78
-86
-87
-86
-87
-82
-82
-97
-107
-96
-77
-60
-63
-63
-78
-92
-91
-67
-42
-42
-55
-73
-82
-78
-56
-5
17
12
2
-7
-5
18
46
82
102
106
99
104
113
113
120
128
140
144
144
129
108
90
78
69
66
65
70
53
31
8
-10
-12
-16
-4
-3
-5
-4
-17
-24
-28
-31
-15
-1
4
4
-7
-10
-14
2
13
12
-1
-4
14
18
18
33
40
25
15
21
37
42
37
35
33
26
32
22
29
38
31
34
43
28
18
23
15
20
32
39
26
26
23
1
19
36
61
72
39
33
26
42
59
53
56
51
49
44
38
38
3
16
5
-7
9
-35
-21
-33
-85
-42
-55
-82
-64
-96
-118
-61
-82
-127
-100
-125
-128
-92
-87
-86
-77
-89
-115
-111
-77
-52
-54
-61
-58
-70
-74
-59
-45
-33
-48
-45
-39
-66
-77
-77
-86
-93
-96
-93
-99
-112
-124
-119
-60
6
33
19
-2
2
16
72
124
150
154
124
131
149
162
174
155
131
118
114
125
124
100
47
17
9
12
22
18
0
-33
-45
-46
-48
-34
-16
-24
-30
-38
-37
-9
-6
-16
-8
-6
0
19
21
9
27
45
38
31
9
12
29
45
55
54
39
25
25
26
39
60
55
36
22
27
54
55
53
53
63
65
61
65
70
93
85
51
51
70
97
79
56
60
62
39
29
30
51
39
7
-10
-12
-7
-46
-32
-30
-70
-90
-76
-66
-79
-79
-102
-107
-90
-82
-65
-91
-90
-91
-88
-69
-58
-27
-66
-56
-65
-56
-55
-62
-37
-59
-66
-83
-83
-74
-99
-136
-126
-95
-125
-130
-115
-159
-170
-150
-145
-140
-158
-178
-177
-176
-140
-55
49
98
77
69
64
97
167
236
286
278
261
267
278
287
268
241
203
171
168
173
164
100
45
0
-23
-36
-43
-47
-82
-97
-108
-101
-109
-117
-105
-93
-71
-61
-56
-42
-35
-23
10
37
38
27
32
49
84
104
99
73
43
41
44
48
55
49
40
40
46
61
55
42
45
42
50
68
85
83
80
83
83
84
79
77
84
96
96
90
88
81
74
59
54
49
40
23
24
31
19
-5
-28
-42
-54
-51
-62
-66
-74
-95
-117
-107
-84
-106
-106
-103
-101
-99
-115
-106
-98
-88
-88
-92
-100
-83
-66
-71
-79
-97
-109
-136
-142
-126
-124
-131
-160
-179
-191
-185
-180
-183
-189
-208
-222
-232
-238
-239
-236
-214
-151
-42
70
131
141
139
161
211
294
357
370
348
337
371
406
407
370
303
229
178
162
158
138
78
11
-29
-57
-97
-125
-145
-167
-175
-169
-157
-153
-146
-129
-114
-105
-92
-84
-65
-25
33
69
75
70
66
87
121
154
174
158
122
104
112
115
102
84
61
38
26
36
41
27
4
-20
-28
-25
-21
-20
-15
-4
2
16
25
35
45
61
82
92
99
105
104
112
129
137
130
125
122
110
98
79
59
35
11
-4
-16
-37
-68
-93
-103
-107
-109
-118
-124
-133
-141
-128
-120
-117
-122
-131
-127
-118
-105
-90
-89
-96
-100
-99
-104
-101
-100
-109
-108
-128
-150
-159
-172
-187
-202
-212
-220
-225
-246
-259
-270
-284
-301
-294
-234
-115
17
104
160
187
220
271
332
379
385
369
378
428
485
503
466
386
303
240
196
161
119
59
3
-25
-51
-71
-115
-164
-212
-245
-245
-240
-227
-201
-159
-123
-101
-81
-76
-59
-36
14
64
82
91
106
144
180
213
222
197
158
128
114
114
113
91
53
25
23
18
12
-15
-47
-75
-97
-95
-85
-74
-63
-50
-41
-23
2
18
40
68
88
104
130
162
182
204
217
212
204
191
186
174
159
140
106
68
37
19
-8
-37
-69
-102
-126
-141
-149
-154
-165
-169
-176
-178
-179
-186
-177
-161
-144
-137
-130
-113
-106
-93
-86
-83
-81
-91
-104
-108
-107
-115
-144
-180
-202
-215
-224
-244
-258
-269
-286
-307
-317
-320
-338
-343
-282
-153
-13
80
134
191
252
326
399
431
411
381
380
426
475
489
461
405
349
291
245
180
98
6
-63
-90
-117
-141
-159
-185
-205
-228
-250
-272
-283
-265
-222
-183
-157
-120
-81
-24
38
87
98
84
85
111
152
194
222
229
216
208
207
198
156
105
56
13
-12
-27
-30
-39
-44
-62
-79
-100
-115
-119
-116
-107
-93
-78
-58
-14
35
78
117
133
145
169
193
208
211
214
218
219
225
228
208
173
127
85
50
20
-13
-43
-74
-99
-122
-143
-148
-154
-161
-165
-173
-184
-191
-191
-172
-160
-149
-138
-129
-118
-105
-86
-78
-75
-81
-94
-100
-104
-113
-124
-139
-150
-163
-185
-201
-217
-237
-252
-261
-270
-285
-304
-318
-321
-322
-306
-243
-135
-14
73
144
224
309
388
444
451
428
400
403
430
445
432
391
362
341
302
250
173
89
-4
-77
-129
-175
-212
-235
-241
-241
-244
-243
-237
-223
-203
-192
-188
-176
-141
-84
-20
36
76
101
126
158
189
205
208
204
198
190
188
173
149
125
89
54
16
-25
-51
-77
-106
-128
-150
-157
-146
-128
-112
-110
-111
-89
-58
-21
13
39
71
110
153
188
219
240
258
260
261
258
243
224
202
178
155
125
87
57
26
-3
-45
-87
-116
-135
-156
-159
-160
-165
-164
-157
-149
-143
-132
-133
-122
-119
-122
-121
-113
-104
-93
-85
-90
-93
-106
-119
-128
-146
-172
-197
-222
-231
-240
-244
-250
-261
-265
-273
-282
-292
-299
-316
-337
-364
-359
-313
-222
-106
2
86
180
287
394
475
505
495
464
442
442
433
407
373
349
335
307
266
217
155
74
-15
-106
-191
-254
-289
-304
-316
-329
-311
-273
-239
-207
-186
-170
-152
-127
-90
-57
-33
-3
44
95
138
183
223
239
243
246
232
213
189
155
112
74
39
4
-15
-40
-70
-100
-116
-120
-122
-129
-140
-139
-136
-123
-96
-72
-43
-12
24
68
108
150
182
215
237
257
265
267
260
249
242
226
207
186
153
121
86
58
29
-8
-49
-89
-127
-158
-175
-188
-185
-187
-182
-169
-144
-139
-139
-134
-139
-137
-143
-139
-131
-124
-123
-115
-105
-98
-93
-102
-111
-129
-154
-173
-197
-197
-212
-235
-245
-249
-249
-254
-255
-254
-270
-303
-326
-339
-335
-321
-260
-158
-55
35
134
251
373
457
497
514
503
482
454
419
375
334
312
292
263
234
203
174
118
33
-47
-129
-196
-253
-298
-335
-358
-348
-318
-280
-246
-209
-166
-132
-96
-66
-44
-22
2
24
48
76
121
164
192
219
241
254
243
223
192
146
98
57
15
-24
-66
-90
-104
-110
-111
-113
-103
-97
-88
-81
-79
-72
-69
-61
-45
-20
16
63
113
164
201
235
266
296
311
305
286
266
244
219
192
168
153
129
92
52
23
-11
-43
-85
-127
-168
-199
-222
-230
-227
-221
-206
-192
-175
-159
-144
-136
-132
-134
-142
-141
-142
-139
-137
-134
-130
-127
-117
-121
-131
-139
-139
-146
-168
-189
-205
-216
-227
-232
-233
-241
-245
-236
-226
-219
-221
-225
-231
-208
-145
-58
18
89
174
278
367
424
470
490
496
482
446
398
347
309
272
230
188
154
138
109
66
9
-38
-86
-137
-184
-241
-281
-306
-308
-300
-290
-259
-211
-170
-132
-86
-39
1
28
45
58
68
88
116
131
138
158
180
201
206
203
191
166
130
89
42
-7
-45
-81
-110
-129
-128
-115
-93
-77
-67
-50
-33
-16
-6
0
9
18
43
76
117
156
200
241
269
292
309
320
309
279
244
209
172
128
91
56
27
-4
-35
-59
-95
-121
-146
-169
-190
-213
-228
-230
-230
-221
-210
-193
-179
-166
-149
-136
-121
-107
-103
-104
-99
-99
-102
-102
-106
-105
-106
-117
-126
-133
-133
-144
-156
-173
-184
-199
-209
-216
-224
-235
-252
-266
-285
-292
-293
-267
-207
-129
-52
24
119
235
339
406
453
485
499
488
458
425
386
342
296
254
212
186
174
149
108
52
6
-42
-101
-163
-226
-278
-314
-337
-344
-331
-302
-257
-208
-169
-123
-61
-8
23
40
61
76
89
99
113
130
147
170
194
212
218
223
208
175
137
93
47
-5
-48
-90
-119
-127
-128
-121
-112
-90
-72
-47
-24
-12
-3
9
22
41
65
92
127
161
197
233
263
292
301
303
294
270
239
203
159
113
64
20
-22
-57
-86
-117
-138
-160
-179
-194
-200
-199
-205
-215
-215
-214
-204
-195
-187
-166
-151
-131
-116
-99
-81
-67
-57
-51
-50
-48
-53
-64
-66
-81
-97
-114
-134
-152
-173
-187
-199
-205
-214
-221
-234
-254
-273
-283
-287
-298
-288
-237
-171
-105
-35
57
165
264
355
419
469
502
508
496
465
425
381
331
279
234
197
178
148
106
62
32
-4
-57
-115
-181
-232
-273
-310
-333
-344
-339
-317
-282
-242
-188
-125
-71
-21
16
52
79
97
108
116
118
129
147
167
173
189
202
201
190
173
148
108
72
32
-13
-48
-74
-94
-109
-114
-106
-90
-73
-55
-32
-8
15
35
58
79
95
115
132
161
191
210
223
235
243
240
237
225
205
175
133
95
57
14
-27
-61
-94
-123
-146
-166
-177
-183
-189
-193
-189
-178
-170
-168
-167
-162
-157
-151
-136
-125
-111
-100
-85
-65
-55
-43
-35
-32
-29
-40
-57
-78
-98
-120
-139
-157
-180
-189
-198
-206
-209
-214
-217
-225
-232
-244
-253
-256
-252
-217
-163
-93
-20
62
159
264
352
417
470
508
518
503
476
437
391
336
278
233
193
160
124
94
60
29
-1
-26
-64
-113
-156
-201
-241
-272
-284
-287
-282
-262
-233
-184
-126
-71
-14
31
72
108
136
154
164
174
175
176
180
185
181
189
185
176
170
158
142
118
87
60
38
15
-15
-43
-61
-67
-69
-61
-51
-33
-8
8
31
63
89
113
131
143
156
170
188
190
191
187
181
173
170
160
147
131
107
84
55
32
-3
-39
-79
-107
-131
-157
-171
-177
-175
-175
-164
-143
-129
-116
-103
-99
-99
-98
-96
-96
-95
-91
-84
-80
-73
-68
-56
-48
-45
-48
-54
-66
-87
-105
-131
-150
-166
-185
-200
-216
-220
-219
-218
-216
-213
-210
-204
-195
-173
-126
-67
-18
32
101
200
283
344
398
445
481
485
478
459
437
386
333
275
216
175
134
95
51
17
-4
-31
-63
-98
-127
-157
-188
-215
-236
-256
-260
-254
-245
-219
-177
-124
-75
-32
12
70
113
142
166
187
203
202
197
194
190
182
171
163
151
140
131
119
102
90
78
58
40
13
-3
-17
-22
-35
-41
-38
-42
-33
-20
6
29
60
85
105
126
145
163
171
176
169
160
153
143
133
120
109
94
80
76
66
45
20
-6
-35
-58
-86
-107
-126
-141
-152
-152
-150
-139
-132
-123
-114
-103
-91
-85
-79
-79
-75
-81
-82
-81
-85
-92
-94
-93
-91
-96
-95
-99
-102
-104
-110
-123
-133
-146
-162
-171
-181
-191
-193
-199
-199
-197
-192
-179
-152
-95
-32
16
70
145
226
295
347
392
430
448
437
430
406
376
332
280
234
193
158
123
82
46
22
-1
-30
-58
-86
-113
-147
-176
-204
-220
-231
-241
-237
-227
-200
-161
-122
-83
-43
7
56
91
126
157
176
184
191
196
187
183
172
164
155
145
141
118
102
85
79
73
64
52
38
20
5
-6
-23
-30
-41
-43
-44
-33
-19
1
26
44
67
92
115
132
140
140
139
136
134
123
116
110
100
90
85
75
69
59
34
14
-13
-30
-53
-79
-100
-114
-127
-141
-142
-147
-149
-141
-132
-127
-113
-107
-107
-106
-109
-110
-108
-110
-112
-119
-120
-115
-117
-113
-111
-107
-109
-110
-111
-120
-125
-134
-147
-156
-161
-173
-183
-189
-197
-198
-199
-179
-137
-83
-39
8
84
167
238
292
339
382
407
412
404
391
367
325
281
230
190
160
130
97
56
33
26
0
-26
-49
-69
-99
-134
-160
-179
-196
-216
-226
-226
-214
-197
-165
-132
-99
-53
-6
33
72
109
136
155
161
175
179
177
169
158
144
125
119
113
108
102
103
98
97
94
81
72
60
40
23
9
-9
-24
-32
-34
-30
-22
-5
12
30
57
75
96
105
116
125
126
128
126
116
103
93
89
83
78
72
64
57
39
30
18
-4
-28
-49
-66
-90
-103
-117
-129
-138
-143
-143
-141
-134
-130
-120
-118
-110
-106
-101
-95
-89
-90
-92
-93
-94
-94
-92
-91
-96
-96
-97
-95
-96
-100
-102
-105
-111
-120
-125
-135
-147
-156
-159
-158
-141
-105
-61
-22
24
94
168
232
283
333
376
401
405
404
394
368
329
283
240
203
165
128
93
55
37
20
6
-19
-33
-51
-78
-103
-118
-135
-156
-172
-184
-189
-186
-169
-156
-130
-102
-64
-23
10
50
82
113
135
150
164
170
164
154
149
136
123
116
107
96
92
93
101
98
99
97
89
85
72
60
43
22
12
-7
-18
-18
-22
-19
-10
5
24
44
56
68
88
101
109
112
112
108
93
82
74
63
52
38
25
11
3
-11
-20
-38
-53
-64
-78
-87
-102
-111
-124
-130
-137
-142
-146
-148
-151
-152
-147
-144
-142
-136
-131
-128
-125
-120
-113
-113
-113
-118
-116
-112
-112
-109
-113
-115
-116
-121
-122
-122
-124
-132
-141
-152
-154
-153
-147
-110
-72
-46
-1
64
131
186
237
288
332
357
368
369
364
343
304
269
232
195
160
123
86
58
37
19
-7
-29
-41
-58
-79
-99
-112
-127
-142
-155
-162
-167
-163
-152
-147
-132
-110
-73
-36
-3
28
64
88
102
126
144
155
157
154
151
143
136
128
119
106
101
104
108
113
112
116
120
121
123
113
98
82
64
50
35
22
12
6
-5
-2
2
11
25
40
56
67
82
91
96
99
99
97
88
85
74
60
47
33
22
10
-6
-19
-30
-39
-52
-63
-64
-69
-80
-87
-96
-100
-107
-114
-118
-127
-123
-128
-128
-124
-119
-115
-106
-104
-109
-105
-108
-103
-99
-103
-99
-96
-100
-98
-102
-96
-95
-96
-98
-100
-102
-100
-101
-104
-97
-78
-41
-9
17
69
132
179
221
261
303
330
338
335
336
321
293
264
225
193
159
126
90
61
45
28
5
-12
-26
-34
-50
-70
-84
-89
-104
-123
-131
-138
-142
-138
-136
-125
-109
-83
-56
-29
3
26
55
72
94
113
125
133
134
133
129
125
119
112
105
103
101
101
102
105
111
111
110
111
108
98
93
75
59
52
29
17
3
-10
-8
-5
1
2
11
18
30
44
53
55
56
61
59
58
50
43
33
21
14
1
-13
-23
-31
-42
-57
-63
-63
-70
-75
-84
-92
-100
-111
-120
-132
-142
-153
-159
-161
-166
-164
-162
-154
-150
-148
-140
-134
-134
-127
-120
-110
-109
-105
-101
-97
-101
-101
-101
-103
-104
-109
-114
-116
-115
-118
-113
-89
-52
-30
-2
49
107
152
187
220
262
288
290
298
298
293
267
236
206
175
150
119
84
54
37
26
9
-12
-20
-32
-48
-63
-74
-82
-93
-110
-120
-124
-128
-128
-132
-123
-111
-90
-68
-48
-17
4
32
56
79
104
123
132
136
146
144
146
137
124
123
121
123
121
119
120
125
129
125
126
123
115
102
88
71
55
37
22
13
0
-6
-11
-6
-4
-1
5
9
24
32
41
52
58
60
65
63
53
46
35
23
13
2
-7
-20
-30
-38
-46
-43
-53
-60
-66
-71
-80
-96
-108
-118
-124
-133
-143
-148
-153
-159
-155
-152
-151
-149
-145
-139
-135
-127
-116
-108
-98
-93
-88
-80
-76
-71
-70
-66
-62
-62
-69
-70
-72
-73
-74
-60
-33
-16
4
36
78
123
158
187
220
246
259
268
267
258
239
215
187
158
132
101
65
40
22
4
-12
-27
-37
-48
-55
-67
-76
-87
-97
-104
-117
-129
-130
-132
-132
-130
-121
-102
-80
-58
-37
-7
14
38
57
77
93
104
111
110
113
114
110
104
102
96
97
96
94
98
102
102
101
101
94
85
74
57
43
28
8
-7
-23
-36
-44
-50
-52
-51
-44
-35
-30
-21
-11
-6
7
12
16
20
19
17
14
8
3
-10
-21
-30
-42
-56
-59
-66
-70
-73
-80
-84
-89
-88
-103
-109
-115
-130
-132
-140
-148
-150
-153
-155
-159
-156
-153
-148
-149
-147
-135
-124
-109
-107
-97
-86
-85
-73
-68
-66
-64
-60
-65
-64
-66
-70
-75
-82
-82
-64
-47
-32
-4
29
65
97
129
159
188
213
218
215
209
199
187
166
143
120
95
65
47
33
22
11
-8
-26
-37
-36
-40
-49
-57
-69
-73
-79
-82
-82
-83
-81
-77
-62
-47
-28
-15
1
20
41
62
77
92
103
107
105
107
105
101
92
91
82
82
80
76
77
78
78
77
79
80
78
70
61
50
47
37
24
11
2
3
0
-1
-3
4
10
19
22
29
36
38
37
39
41
36
26
15
7
-7
-14
-25
-37
-47
-57
-61
-67
-69
-72
-76
-78
-76
-79
-77
-81
-87
-91
-98
-104
-108
-109
-112
-110
-116
-118
-118
-112
-111
-109
-102
-107
-101
-98
-96
-94
-93
-90
-83
-85
-81
-72
-68
-60
-60
-65
-66
-68
-67
-60
-53
-36
-17
13
45
74
109
139
168
189
207
217
215
204
192
173
145
121
94
60
37
11
-7
-16
-30
-39
-41
-42
-43
-40
-42
-43
-48
-53
-61
-63
-65
-66
-65
-61
-50
-38
-17
-2
12
30
48
58
75
83
88
91
94
90
85
77
67
65
54
52
49
41
37
37
41
47
45
41
32
22
19
8
-2
-14
-22
-30
-30
-25
-20
-14
-7
0
7
13
24
26
25
27
24
21
7
0
-9
-20
-31
-44
-53
-60
-63
-69
-71
-72
-71
-68
-67
-63
-61
-64
-69
-69
-75
-83
-85
-91
-99
-105
-106
-113
-114
-117
-119
-115
-114
-111
-106
-104
-102
-94
-97
-92
-93
-89
-88
-88
-81
-75
-67
-65
-59
-55
-50
-45
-39
-34
-23
-7
16
31
56
85
107
137
152
168
176
185
186
180
168
152
129
108
84
59
45
22
8
-2
-2
-8
-13
-14
-14
-10
-14
-13
-17
-18
-17
-16
-20
-19
-11
-10
-1
8
17
31
40
52
65
75
79
83
89
82
80
76
66
58
55
50
45
46
51
53
57
61
65
66
68
69
63
56
45
39
26
18
6
0
-7
-8
-5
-2
-1
-1
4
11
23
23
32
34
34
27
18
14
4
-6
-19
-32
-36
-47
-52
-54
-58
-57
-62
-60
-63
-62
-62
-62
-60
-59
-60
-56
-60
-65
-68
-74
-79
-82
-84
-89
-87
-90
-88
-85
-84
-82
-80
-76
-74
-69
-66
-68
-67
-63
-60
-53
-47
-43
-35
-34
-26
-24
-23
-24
-26
-26
-31
-29
-32
-32
-23
-21
-14
0
9
26
43
64
85
104
112
124
130
127
132
119
109
99
79
67
52
37
24
8
-6
-10
-19
-25
-30
-29
-28
-31
-30
-29
-32
-28
-25
-26
-19
-19
-8
2
14
26
38
48
54
63
75
80
83
81
79
83
77
70
66
56
53
44
32
26
16
7
-2
-8
-16
-26
-28
-29
-33
-33
-31
-28
-26
-26
-19
-12
-16
-11
-2
2
4
2
3
8
3
-5
-6
-7
-10
-12
-17
-21
-26
-31
-32
-42
-44
-52
-59
-62
-61
-65
-64
-67
-58
-55
-59
-58
-57
-54
-53
-53
-56
-52
-48
-49
-50
-45
-43
-42
-42
-40
-38
-40
-40
-36
-34
-32
-31
-26
-23
-22
-12
-11
-7
-4
1
4
10
4
7
12
8
11
11
13
17
24
34
47
60
68
81
92
104
111
115
120
119
119
115
111
103
96
85
74
62
58
52
45
43
38
35
33
37
34
40
40
42
42
46
52
59
62
60
70
69
77
81
78
87
84
79
78
75
72
69
65
61
60
54
46
44
35
29
24
16
9
-1
-4
-5
-7
-11
-12
-11
-12
-11
-11
-10
-10
-10
-4
-2
-6
-4
-3
-11
-11
-11
-16
-16
-15
-14
-18
-22
-18
-17
-18
-18
-16
-20
-16
-13
-15
-13
-16
-10
-9
-6
-7
-10
-10
-11
-10
-16
-20
-21
-24
-30
-30
-33
-35
-36
-35
-34
-33
-31
-28
-26
-26
-27
-30
-29
-29
-28
-25
-25
-25
-23
-22
-18
-16
-15
-10
-10
0
2
3
4
2
-2
-3
-3
-8
-6
1
11
18
25
34
41
40
47
50
56
64
68
70
70
73
69
66
61
54
48
45
47
39
37
35
34
35
34
37
36
42
48
48
51
58
62
58
60
57
55
59
52
54
49
44
44
41
32
27
30
27
26
24
25
16
13
13
11
5
3
-6
-11
-16
-27
-28
-32
-35
-40
-39
-42
-42
-36
-38
-35
-31
-31
-32
-32
-33
-30
-31
-33
-29
-25
-21
-17
-19
-13
-5
-3
-1
-1
0
-1
-2
3
6
3
4
1
1
-1
-2
-5
-5
-5
-7
-5
-1
-2
-8
-3
-2
0
1
3
4
-2
-10
-13
-10
-16
-13
-8
-10
-10
-9
-3
3
5
9
11
12
18
17
17
22
19
17
17
19
20
18
21
22
27
26
35
37
41
44
44
49
47
46
52
48
44
47
45
44
45
44
42
42
38
36
33
34
40
39
37
43
44
44
48
51
53
56
59
58
61
62
58
54
57
55
48
46
45
44
37
32
30
26
21
15
16
12
9
10
8
10
5
0
-2
-3
-5
-7
-8
-8
-11
-14
-13
-16
-24
-30
-28
-41
-43
-45
-50
-46
-48
-40
-41
-40
-30
-31
-22
-17
-14
-3
-5
1
3
1
-2
-8
-7
-10
-8
-7
-7
-7
-10
-9
-12
-10
-8
-7
-12
-12
-17
-21
-25
-29
-30
-31
-29
-29
-29
-30
-25
-24
-18
-12
-16
-14
-14
-13
-20
-19
-18
-19
-20
-20
-20
-18
-16
-12
-11
-5
-1
0
10
10
4
6
0
-3
-5
-5
-6
-12
-11
-10
-9
-8
-4
-1
-4
1
9
9
5
9
11
13
13
13
11
5
13
7
5
8
9
6
8
11
11
14
17
22
25
23
31
29
31
34
34
35
32
33
27
22
20
21
16
15
9
7
8
5
7
5
1
-4
-4
-9
-11
-14
-16
-16
-16
-23
-19
-19
-18
-18
-21
-20
-28
-21
-24
-26
-31
-30
-29
-28
-27
-30
-22
-23
-14
-10
-9
-6
-2
-4
-2
3
2
5
5
9
10
6
7
6
6
3
-1
-2
-9
-6
-7
-10
-9
-11
-11
-15
-16
-22
-19
-19
-19
-14
-14
-12
-7
-6
-8
-10
-6
-6
-7
-3
-5
-6
-7
-6
-4
-3
-4
-8
-6
-6
-7
-1
-3
4
3
5
11
13
9
6
9
2
3
-3
-3
-3
-2
1
0
2
-1
5
5
3
3
5
5
3
5
13
9
9
10
13
12
15
15
11
15
11
10
9
15
15
16
12
17
17
18
21
21
22
23
23
21
21
21
21
19
19
19
10
3
1
-6
-8
-8
-14
-18
-14
-16
-27
-31
-29
-28
-29
-28
-25
-26
-24
-24
-22
-18
-15
-15
-13
-13
-12
-14
-19
-13
-14
-13
-12
-13
-14
-13
-13
-14
-9
-11
-8
-10
-10
-7
-8
-5
-4
-6
-5
-10
-12
-16
-17
-19
-24
-22
-23
-22
-24
-25
-27
-26
-24
-21
-21
-21
-17
-16
-10
-11
-10
-6
-12
-11
-17
-19
-16
-19
-23
-26
-28
-29
-28
-26
-26
-29
-25
-21
-18
-19
-19
-25
-18
-14
-12
-13
-13
-9
-7
-7
-7
-5
-4
-5
-4
-3
-1
1
-3
-2
-7
-5
-10
-10
-7
-13
-10
-9
-7
-5
-2
3
9
18
16
24
24
24
30
26
31
29
29
23
22
19
15
17
16
15
12
11
14
17
13
12
17
12
9
10
4
3
2
-4
-8
-5
-11
-16
-11
-16
-19
-26
-25
-26
-33
-30
-27
-26
-26
-18
-16
-15
-6
-3
-2
2
5
5
10
7
6
6
7
0
-4
-3
-5
-4
-1
-1
1
8
8
13
14
11
12
12
9
6
7
8
7
5
8
5
6
6
3
6
6
3
-2
-1
-7
-8
-2
-2
-1
1
0
5
4
2
0
0
-1
-2
-3
-1
-6
-6
-10
-13
-12
-15
-14
-13
-8
-8
-1
4
8
7
7
8
11
11
8
6
4
0
0
0
-5
-2
-4
-4
-5
0
6
7
10
12
15
24
23
25
25
20
19
17
19
20
16
18
18
19
19
19
24
22
21
19
18
15
11
11
10
10
5
5
-1
-2
-4
-5
-4
-6
-9
-10
-8
-10
-8
-6
-4
-7
-2
-2
-1
-1
-8
-11
-16
-20
-18
-18
-19
-14
-9
0
0
3
5
8
12
9
13
10
6
5
-1
-1
-3
-5
-4
-1
1
5
4
8
9
9
6
10
7
4
6
2
0
-5
0
-1
-2
-4
-4
-4
-3
-6
-9
-4
-4
-3
-7
-2
-5
-9
-7
-8
-8
-13
-14
-13
-13
-14
-10
-13
-8
-5
-1
4
2
2
3
1
-7
-9
-12
-13
-12
-13
-14
-12
-7
-4
2
6
13
10
11
9
9
12
9
8
6
9
9
7
11
16
17
18
17
17
18
18
18
16
19
14
18
17
19
20
23
23
22
25
19
20
15
11
10
6
9
12
9
8
5
1
0
3
0
-2
-4
-4
-2
-1
-2
-2
-2
-2
0
2
0
2
3
-1
-1
0
4
1
5
8
7
7
4
10
8
5
13
11
14
19
20
25
24
23
24
25
22
20
18
14
13
14
12
12
6
9
-1
5
12
5
5
6
13
15
15
21
15
15
13
11
7
8
1
-10
-9
-14
-11
-21
-14
-13
-13
-15
-17
-15
-17
-17
-16
-11
-11
-8
-7
-7
-6
-3
-6
-5
-7
-8
-4
-5
-5
-10
-7
-8
-7
-6
-7
-6
-8
-5
-6
-3
1
6
5
7
12
13
20
17
16
10
10
9
6
6
8
4
6
7
5
7
6
6
7
10
8
11
10
10
8
7
8
4
0
-3
-6
-11
-12
-16
-17
-20
-20
-18
-18
-19
-22
-18
-20
-18
-16
-15
-15
-12
-17
-20
-16
-14
-13
-13
-12
-12
-13
-9
-8
-7
-5
3
4
2
3
3
1
1
-2
-4
-2
0
-2
0
-4
-3
-1
-2
2
-3
-3
-3
0
-2
0
3
2
-1
-6
-4
-9
-11
-12
-12
-12
-10
-10
-5
-7
-2
-2
-2
-1
0
1
-6
-7
-9
-7
-10
-9
-11
-8
-8
-13
-11
-8
-9
-12
-3
-3
-1
2
3
4
5
2
3
3
3
3
10
7
5
11
16
17
14
17
12
12
11
4
5
9
10
14
15
14
17
19
21
19
19
26
25
27
29
29
30
27
31
25
23
23
19
19
17
14
12
10
9
6
12
7
13
12
13
12
9
6
2
2
-1
0
0
-1
-2
-7
-9
-9
-12
-10
-7
-7
-3
-1
2
3
5
6
4
8
3
8
10
12
13
12
13
13
13
11
15
11
14
14
13
16
12
17
13
15
15
14
10
14
14
12
13
14
12
14
17
17
11
13
13
12
20
15
17
14
13
17
13
12
14
11
9
12
8
4
5
6
4
2
6
1
3
4
4
3
-1
-2
-3
-2
0
-2
-1
1
3
10
12
15
12
10
10
11
10
7
7
4
9
11
10
13
13
13
14
13
11
13
14
17
17
18
16
13
13
8
8
10
6
3
5
6
6
7
11
12
13
13
13
11
4
4
3
2
-3
-7
-4
-7
-9
-7
-11
-11
-14
-15
-16
-18
-12
-14
-10
-10
-11
-7
-6
-2
0
-1
-1
-4
-1
-3
-2
2
4
3
5
7
3
5
6
8
9
2
0
-6
-4
-5
-9
-6
-7
-2
0
6
3
7
12
16
11
12
15
12
12
9
10
8
5
6
3
-1
2
1
4
5
2
5
10
7
4
1
3
5
5
8
7
7
3
4
2
-2
1
-3
1
-1
0
0
-1
-1
-2
-3
1
0
-1
-1
-2
4
-3
1
2
9
7
7
13
12
13
11
14
10
12
10
10
9
8
10
9
13
11
14
15
12
17
14
14
15
15
16
17
15
9
8
13
10
9
8
7
4
5
3
3
5
8
6
6
10
8
10
10
11
11
13
10
10
5
3
0
-3
-2
-3
-5
-6
-2
-4
0
4
2
7
8
13
13
10
12
9
9
14
13
9
10
7
6
5
6
5
6
7
3
6
8
11
12
13
8
10
9
9
9
8
8
8
10
12
12
10
10
9
6
2
4
5
5
4
4
4
4
9
3
9
7
10
7
-1
0
-1
-3
-3
-6
-3
-5
-8
-6
-10
-9
-13
-10
-10
-9
-10
-9
-7
-5
-5
-1
0
0
0
-1
3
-1
-3
-3
-4
-1
-2
-6
-3
-1
1
5
7
6
10
13
12
14
15
18
10
12
5
3
5
-1
-2
2
3
-1
2
3
3
2
2
5
6
8
-1
-3
-7
-8
-5
-5
-10
-12
-14
-16
-14
-12
-12
-7
-6
-6
-7
-4
-7
-8
-11
-14
-17
-19
-17
-20
-19
-17
-18
-16
-13
-12
-10
-9
-8
-6
-5
-4
-2
-6
-3
-4
-6
-4
-3
0
0
1
1
3
7
6
8
9
2
5
1
0
-1
-3
6
1
1
2
1
3
3
3
5
7
5
4
4
2
-2
-5
-6
-5
-4
-2
-5
-4
-3
-7
-3
3
4
8
6
8
5
2
1
-7
-7
-10
-12
-12
-13
-9
-7
-7
-7
-6
-4
1
3
1
2
1
2
4
4
5
9
11
11
10
7
10
8
7
6
6
8
10
5
6
3
1
-1
-5
-8
-7
-3
-7
-4
-3
2
2
-1
1
-3
1
-2
-4
-9
-10
-10
-8
-4
-5
-7
-9
-6
-7
-3
-3
-1
-3
-3
0
-1
4
1
2
2
6
4
-2
0
1
1
0
-1
-5
-6
-3
-2
3
6
4
4
4
4
10
6
4
6
10
14
13
19
11
10
17
10
3
2
5
3
2
