-12
-12
-15
-15
-19
-14
-17
-15
-14
-16
-16
-18
-16
-18
-18
-22
-21
-19
-16
-20
-17
-14
-12
-12
-14
-11
-16
-17
-19
-19
-16
-13
-13
-15
-14
-14
-18
-12
-11
-14
-17
-20
-20
-23
-22
-24
-20
-22
-21
-21
-22
-27
-26
-25
-24
-22
-21
-18
-17
-12
-15
-16
-16
-13
-12
-13
-11
-17
-21
-19
-20
-21
-25
-24
-32
-31
-31
-31
-31
-32
-28
-30
-30
-28
-26
-30
-29
-28
-21
-21
-24
-24
-25
-22
-20
-19
-22
-21
-19
-15
-21
-21
-17
-15
-18
-21
-18
-17
-23
-23
-26
-24
-21
-19
-21
-19
-14
-13
-16
-16
-15
-17
-16
-18
-9
-11
-12
-11
-12
-13
-15
-16
-17
-15
-20
-18
-19
-18
-20
-21
-23
-20
-21
-23
-25
-24
-25
-27
-24
-26
-29
-32
-32
-31
-34
-29
-26
-24
-28
-23
-23
-19
-23
-27
-22
-24
-21
-20
-20
-19
-19
-20
-19
-21
-23
-24
-26
-25
-24
-27
-27
-28
-29
-33
-33
-28
-30
-29
-29
-28
-29
-29
-27
-28
-26
-22
-23
-24
-20
-16
-18
-18
-19
-22
-21
-17
-18
-20
-19
-23
-21
-22
-24
-24
-29
-24
-27
-29
-30
-32
-27
-25
-22
-25
-26
-20
-20
-21
-18
-19
-20
-18
-23
-19
-17
-19
-18
-14
-18
-17
-14
-13
-18
-17
-17
-22
-19
-24
-16
-17
-17
-21
-20
-20
-24
-22
-24
-20
-21
-20
-15
-18
-11
-9
-14
-15
-12
-15
-11
-13
-17
-15
-16
-14
-16
-13
-10
-12
-7
-5
-7
-5
-8
-10
-7
-9
-12
-9
-10
-8
-8
-12
-13
-11
-11
-9
-13
-12
-12
-13
-13
-15
-13
-15
-16
-17
-15
-19
-17
-14
-15
-16
-16
-18
-19
-17
-15
-13
-8
-7
-10
-4
-8
-9
-10
-10
-11
-9
-10
-14
-17
-14
-15
-19
-16
-14
-11
-17
-19
-21
-21
-22
-20
-22
-19
-22
-24
-23
-22
-20
-23
-19
-20
-21
-22
-19
-18
-16
-16
-18
-19
-18
-16
-18
-19
-13
-13
-14
-13
-15
-11
-15
-15
-20
-11
-10
-14
-10
-8
-11
-9
-4
-8
-10
-15
-12
-11
-15
-8
-13
-7
-8
-9
-9
-11
-10
-12
-11
-13
-13
-11
-8
-8
-6
-5
-6
-9
-7
-10
-9
-13
-15
-13
-14
-15
-15
-15
-12
-13
-12
-15
-15
-14
-15
-15
-12
-11
-10
-7
-14
-12
-13
-14
-12
-9
-9
-7
-11
-11
-10
-13
-7
-9
-10
-11
-12
-10
-8
-11
-4
-1
-6
-3
-1
0
4
7
5
1
0
1
1
3
-1
5
1
0
-1
-3
-1
-1
-3
0
-3
0
0
3
4
0
0
2
5
1
-1
2
0
-3
-2
-3
-6
-5
-7
-10
-8
-10
-13
-10
-10
-9
-9
-9
-9
-9
-12
-11
-6
-13
-10
-5
-10
-8
-9
-9
-6
-8
-8
-6
-3
-6
-2
-6
-8
-5
-4
-7
-5
-5
-4
-4
-5
-2
-7
-4
-6
-3
-3
-8
-8
-7
-4
-2
-3
0
0
-3
-1
4
3
3
2
1
0
-1
2
4
4
7
4
5
7
4
6
10
3
7
9
11
11
9
10
11
10
9
8
4
4
9
10
5
4
4
6
9
11
14
14
12
10
8
9
11
7
6
6
0
6
4
6
-1
0
0
-1
2
-1
1
-2
3
2
-2
-1
-2
0
-4
0
-3
-1
3
3
-3
-3
0
-4
0
1
3
-1
2
1
0
4
6
7
5
4
6
5
6
6
6
9
5
8
9
8
8
7
10
7
6
5
6
7
5
5
6
4
4
-1
-1
0
1
2
3
-1
-7
-5
-8
-13
-11
-11
-8
-6
-11
-9
-10
-10
-9
-10
-9
-9
-7
-8
-9
-9
-9
-7
-7
-9
-9
-6
-3
-8
-7
-6
0
-1
-3
2
4
1
1
5
2
5
1
-1
2
5
6
1
5
4
2
-1
-2
-2
2
-1
-3
-1
-4
-2
-5
-3
-3
0
-4
-4
-4
-4
3
2
1
-2
0
1
-1
1
3
4
-2
4
2
6
6
0
4
4
4
6
7
1
5
5
5
8
10
7
5
5
4
10
6
4
4
5
8
6
9
9
8
7
8
11
6
5
7
6
7
7
7
5
3
1
8
4
2
3
4
4
1
5
0
4
-1
-3
-2
-5
-1
-2
2
4
2
4
4
7
6
3
4
0
1
3
6
5
-2
-1
0
-4
-1
-3
-1
-3
1
-2
-5
-4
-2
0
-7
-7
-8
-6
-8
-7
-3
-3
-1
0
0
0
2
-5
-2
-1
-1
1
0
-2
-6
-4
-9
-5
-9
-11
-9
-9
-8
-7
-12
-7
-3
-7
-5
-4
-5
-9
-8
-9
-8
-12
-13
-12
-12
-15
-15
-16
-20
-16
-18
-13
-14
-12
-13
-12
-9
-10
-13
-8
-5
-9
-8
-6
-1
-5
-4
-3
-4
-3
0
2
-3
0
-1
-1
1
2
3
6
6
5
7
3
5
2
0
3
0
1
4
3
0
1
1
-1
1
1
-1
3
0
-3
-3
-4
-2
-2
-5
-5
-8
-8
-1
0
-4
-9
-6
-4
-4
-6
-3
-2
-1
5
6
5
6
1
4
5
8
3
-3
0
-3
1
-3
-1
-4
-2
-2
0
1
0
5
4
4
4
3
-2
-1
5
3
2
-1
0
-1
-3
-7
-9
-9
-5
-8
-13
-11
-11
-7
-10
-10
-6
-7
-6
-6
-2
-2
-1
-1
0
0
-4
-7
-7
-8
-10
-13
-11
-10
-15
-18
-13
-10
-10
-15
-12
-12
-10
-11
-14
-11
-9
-13
-10
-10
-11
-11
-9
-7
-7
-4
-5
-3
-3
-8
-7
-4
-4
-4
-5
-2
-7
-5
-6
-2
-6
-8
-7
-5
-5
-8
-5
-4
-2
-6
-6
-6
-8
-6
-11
-14
-8
-8
-8
-7
-11
-13
-11
-10
-12
-10
-10
-10
-12
-12
-17
-16
-13
-15
-16
-15
-13
-6
-8
-6
-3
-1
-1
-2
1
1
1
0
3
3
0
1
6
3
2
-1
3
2
-2
-2
1
3
2
-1
-3
0
1
0
-1
-4
-7
-1
-1
-3
1
-1
-1
-6
-2
2
0
-1
-4
0
0
-4
-3
-1
0
-5
-5
-1
-5
-3
-7
-8
-6
-5
-1
-2
-2
-5
-1
-1
3
2
3
5
1
3
0
-1
2
2
-1
-4
-3
-1
-4
2
-3
-5
-8
-6
-10
-8
-9
-11
-11
-12
-8
-9
-8
-10
-6
-10
-11
-7
-5
-5
-4
-6
-4
-4
-4
-5
-1
-4
-2
-2
-6
-2
-8
-11
-13
-16
-12
-8
-10
-9
-8
-11
-11
-10
-8
-8
-5
-7
-9
-6
-8
-8
-7
-8
-6
-9
-12
-9
-12
-11
-8
-7
-7
-8
-7
-7
-7
-7
-8
-10
-6
-10
-8
-8
-7
-7
-4
-2
4
1
-1
-1
3
4
1
5
0
6
3
3
1
10
7
1
8
8
8
6
7
3
1
5
1
2
7
4
7
7
1
2
4
6
5
5
4
4
1
1
5
-1
2
6
6
9
9
6
4
4
4
5
5
9
6
11
14
10
10
14
15
15
15
15
13
14
13
12
13
14
12
13
14
15
15
13
15
14
19
12
9
13
8
7
11
9
16
12
10
10
6
8
6
6
0
5
5
2
1
4
1
-3
0
-4
-2
-1
-1
-2
1
3
0
0
-1
6
2
3
0
-2
-3
-5
-5
-7
-5
-6
-4
-3
-4
-3
-6
-5
-6
-4
-4
-2
-5
-4
-1
-4
-3
-1
-4
-1
2
1
-2
-3
-1
2
0
-7
-3
-2
-1
-5
-3
-4
-5
-9
-6
-7
-9
-7
-9
-6
-4
-8
-7
-6
-7
-4
-7
-4
-10
-5
-5
-3
-2
-3
-1
1
-1
-3
-4
-2
-2
-3
1
2
7
6
1
5
6
1
1
0
0
1
-1
1
2
1
2
-2
-3
1
1
0
0
-3
-4
-1
-2
-1
-1
0
0
1
3
1
-3
-4
-1
-6
-8
-11
-10
-5
-6
-7
-1
-1
1
0
2
5
4
4
5
5
2
3
5
7
3
8
10
7
6
4
7
6
7
6
9
7
10
7
2
5
4
4
7
5
8
9
6
7
8
1
1
3
3
3
5
2
-1
3
-1
-2
-1
-1
-2
-3
1
3
4
2
-3
-2
-2
-5
-4
-4
-3
-3
-4
-3
-2
0
3
0
0
3
4
3
-1
1
-1
2
4
-4
1
8
1
0
-1
-4
-2
-6
-5
-3
-7
-7
-8
-10
-8
-6
-9
-11
-11
-15
-20
-22
-21
-17
-20
-16
-15
-14
-9
-11
-8
-7
-7
-4
-3
-5
-1
-4
0
-1
-4
0
0
-2
-1
-3
-4
-1
-2
-8
-5
-5
-8
-8
-7
-5
-10
-8
-4
-2
-2
-4
-3
-3
-5
-1
-1
0
1
-1
2
1
3
4
1
-2
-4
-4
-8
-6
-2
-2
3
3
4
4
5
3
5
5
1
4
-1
4
1
5
2
0
6
5
7
3
10
9
5
7
7
5
6
7
5
7
3
2
2
0
2
-3
2
-3
-2
-2
-3
-3
-1
-1
-5
-6
-6
-8
-6
-9
5
36
50
41
32
47
66
88
97
88
63
62
79
93
94
67
29
8
16
29
20
-6
-37
-56
-53
-40
-36
-54
-74
-86
-80
-64
-64
-79
-94
-94
-87
-85
-80
-86
-95
-80
-75
-73
-74
-78
-84
-69
-54
-49
-54
-46
-45
-63
-53
-36
-32
-54
-77
-78
-64
-42
-44
-71
-87
-94
-77
-65
-57
-65
-73
-43
-6
23
26
10
22
72
107
108
103
95
84
94
133
139
90
51
51
58
60
55
22
-26
-41
-26
-18
-20
-45
-74
-76
-56
-34
-32
-49
-59
-52
-29
-19
-10
-14
-20
-21
2
22
13
8
10
25
41
58
52
29
34
55
66
68
54
32
24
48
66
49
26
9
-5
5
21
16
-11
-33
-33
-28
-19
-19
-35
-47
-40
-33
-23
-14
-22
-25
-21
-3
1
-5
-6
-14
-6
-3
-14
-35
-53
-56
-58
-61
-64
-86
-97
-90
-90
-93
-94
-90
-103
-108
-104
-106
-113
-103
-112
-142
-157
-164
-173
-179
-134
-27
30
-66
-179
-69
159
206
113
101
128
99
147
327
360
173
40
93
190
208
170
110
14
-60
-33
58
68
-49
-137
-122
-79
-68
-65
-89
-139
-126
-62
-55
-81
-69
-47
-48
0
56
13
-54
-6
98
101
54
57
59
21
21
100
134
42
-69
-37
31
51
70
54
-35
-101
-39
56
101
37
-63
-97
-22
54
55
21
-26
-75
-62
36
74
10
-25
-28
-22
7
51
31
-23
-17
34
33
10
1
-13
-16
1
15
-13
-66
-87
-57
-24
-41
-98
-137
-138
-125
-91
-76
-122
-170
-170
-131
-108
-111
-129
-159
-161
-137
-125
-138
-152
-171
-196
-192
-168
-70
63
51
-130
-161
98
293
214
116
169
173
141
256
419
355
124
46
165
258
211
117
80
17
-78
-44
70
29
-143
-194
-101
-79
-127
-124
-119
-144
-128
-75
-69
-95
-88
-48
2
44
36
-21
-30
55
131
129
83
76
77
45
69
172
184
24
-64
52
127
46
22
68
27
-63
-35
51
51
-16
-59
-42
-19
-30
-44
-11
7
-46
-64
-11
11
-15
5
28
-5
-18
15
19
19
56
61
6
-8
29
27
8
18
15
-35
-69
-58
-33
-50
-89
-119
-120
-122
-150
-139
-124
-155
-199
-174
-154
-178
-181
-137
-134
-188
-223
-205
-175
-190
-230
-196
-22
105
-6
-192
-90
206
328
232
162
177
167
220
403
514
348
85
48
231
345
264
132
35
-57
-83
19
100
-22
-216
-257
-157
-91
-104
-156
-195
-181
-134
-97
-77
-79
-106
-85
4
70
38
-24
-5
84
160
159
113
91
85
77
129
215
169
-10
-73
83
206
130
6
-15
-14
-20
45
96
22
-117
-135
-26
38
-11
-93
-115
-92
-59
-26
-7
-30
-70
-54
12
48
29
6
5
37
83
98
49
0
21
57
53
19
-9
-61
-106
-85
-34
-61
-163
-217
-185
-141
-158
-185
-198
-227
-261
-217
-146
-147
-238
-276
-239
-223
-246
-261
-252
-173
7
106
-70
-244
-26
332
389
214
170
219
199
275
519
596
317
19
73
329
390
230
97
14
-102
-113
68
149
-78
-324
-275
-104
-72
-144
-168
-170
-194
-171
-78
-27
-76
-119
-45
63
79
17
11
68
141
181
167
139
118
91
91
192
263
120
-80
-6
212
202
14
-17
49
1
-54
38
100
-27
-160
-122
-3
13
-71
-118
-89
-68
-75
-43
5
-32
-66
-6
60
58
34
34
48
91
144
108
25
19
64
68
38
18
-38
-116
-128
-78
-60
-128
-222
-243
-203
-200
-230
-224
-225
-276
-303
-240
-200
-257
-305
-279
-285
-331
-343
-259
-59
113
14
-272
-222
202
463
336
182
191
230
277
445
631
541
197
5
199
467
392
127
12
-19
-108
-80
99
81
-219
-392
-251
-71
-102
-229
-255
-189
-162
-177
-111
-29
-74
-123
3
141
85
-19
36
170
233
221
178
146
150
145
175
280
274
55
-82
102
281
150
-15
14
34
-59
-58
55
54
-98
-193
-128
-24
-36
-125
-133
-84
-95
-118
-60
3
-27
-40
18
58
46
52
72
101
147
151
85
34
65
98
99
70
1
-74
-103
-76
-63
-86
-158
-242
-253
-200
-186
-211
-210
-237
-295
-268
-175
-198
-300
-304
-265
-300
-355
-309
-92
126
55
-250
-264
167
489
388
219
232
274
309
467
662
614
308
87
201
473
481
201
25
18
-42
-92
21
78
-152
-386
-331
-134
-102
-242
-319
-242
-172
-201
-181
-70
-54
-131
-58
122
125
-8
7
167
255
232
203
182
173
164
194
283
303
119
-59
53
260
202
0
-21
29
-38
-82
12
53
-75
-205
-185
-65
-31
-129
-178
-125
-102
-146
-113
-27
-28
-76
-42
26
41
50
59
67
111
146
89
34
60
95
65
35
5
-53
-111
-119
-102
-118
-168
-251
-271
-223
-222
-265
-249
-206
-260
-316
-245
-189
-272
-322
-281
-282
-350
-344
-113
162
122
-264
-349
134
573
456
180
199
298
334
478
713
693
332
37
176
545
591
247
-13
3
-2
-71
34
126
-113
-437
-401
-124
-43
-219
-352
-282
-183
-209
-199
-69
-30
-142
-110
102
154
17
1
163
279
253
206
192
210
211
224
311
346
175
-44
28
295
329
75
-64
-5
12
-10
62
106
-54
-241
-208
-38
34
-65
-179
-198
-154
-102
-57
-19
-44
-102
-84
5
63
64
52
43
88
152
139
68
52
97
94
61
30
-30
-99
-112
-70
-74
-155
-261
-295
-246
-211
-241
-270
-263
-289
-314
-249
-177
-235
-320
-303
-283
-324
-337
-222
18
165
-21
-333
-198
326
600
389
162
175
278
400
589
728
577
208
0
239
601
536
140
-77
-29
-38
-47
72
74
-235
-496
-374
-98
-58
-265
-375
-271
-192
-221
-171
-26
-37
-157
-74
126
137
28
56
212
277
229
202
218
250
231
244
349
336
114
-37
123
340
262
41
-30
10
-13
-3
105
116
-92
-267
-173
24
64
-58
-153
-170
-148
-78
17
47
-26
-93
-49
54
109
109
81
76
113
148
136
107
92
85
80
79
33
-58
-104
-76
-54
-86
-167
-241
-258
-224
-206
-224
-218
-232
-284
-291
-210
-163
-213
-266
-270
-280
-322
-298
-239
-87
108
95
-228
-346
82
576
540
185
50
200
401
516
635
637
362
12
69
518
664
283
-83
-88
-4
-20
38
100
-104
-439
-469
-170
9
-178
-402
-356
-207
-194
-190
-77
-55
-186
-153
68
147
32
-20
96
223
229
190
187
205
186
178
289
358
176
-53
12
231
245
76
17
36
-35
-102
21
175
58
-223
-271
-59
69
-13
-117
-135
-157
-157
-57
25
-2
-78
-107
-64
25
104
80
25
33
83
102
87
77
78
80
51
5
-12
-13
-61
-109
-85
-70
-157
-253
-239
-184
-181
-209
-232
-269
-262
-210
-189
-206
-212
-211
-267
-312
-295
-228
-240
-188
34
169
-87
-339
-24
544
604
209
70
283
434
461
585
692
479
94
53
449
691
399
-10
-77
45
58
56
109
-9
-319
-424
-180
42
-84
-337
-347
-173
-112
-152
-117
-60
-113
-119
44
165
59
-41
75
245
259
192
196
215
175
180
303
377
215
-11
14
214
256
81
-30
58
71
-74
-93
72
98
-103
-188
-85
-23
-95
-124
-70
-55
-120
-167
-97
3
0
-68
-50
8
0
0
80
137
89
31
24
70
111
109
57
9
-6
-54
-82
-55
-40
-111
-197
-226
-222
-200
-184
-217
-266
-268
-241
-233
-235
-239
-222
-196
-219
-299
-315
-261
-294
-390
-333
-49
148
-20
-371
-341
179
605
452
82
-2
178
397
586
694
533
162
-22
224
624
659
253
-107
-101
62
153
163
91
-151
-384
-325
-62
65
-94
-298
-321
-202
-101
-70
-68
-91
-119
-66
33
61
38
49
106
170
207
202
145
133
202
277
286
224
115
41
100
212
208
80
17
59
37
-25
32
127
53
-115
-152
-54
15
-14
-64
-73
-84
-121
-119
-26
68
11
-96
-99
1
96
114
85
71
61
50
74
155
197
102
-15
-9
53
41
-25
-53
-70
-109
-165
-175
-144
-131
-187
-251
-230
-214
-241
-242
-185
-191
-250
-264
-260
-295
-299
-308
-354
-393
-277
-9
101
-163
-437
-189
379
550
189
-57
95
347
434
512
600
454
107
7
377
721
502
18
-114
79
174
124
114
48
-206
-351
-155
115
48
-253
-368
-203
-57
-87
-140
-133
-152
-166
-68
42
23
-60
-64
28
117
150
122
70
56
107
184
223
165
48
15
87
149
107
30
48
75
10
-39
29
70
3
-43
-36
-42
-69
-42
-16
-45
-86
-105
-96
-58
2
-3
-41
-59
-37
31
101
94
46
42
73
101
113
124
88
31
7
2
24
19
-51
-130
-123
-84
-118
-154
-147
-156
-194
-200
-173
-146
-161
-212
-250
-217
-187
-246
-318
-290
-304
-402
-444
-268
43
105
-246
-542
-231
394
556
182
-79
30
278
455
583
606
408
100
29
378
744
609
131
-99
51
231
255
213
112
-116
-255
-139
101
127
-108
-290
-244
-112
-92
-115
-116
-144
-172
-126
-52
-51
-91
-73
-9
34
50
30
-1
9
70
150
190
113
-28
-37
104
194
119
6
20
100
71
-1
76
151
40
-71
-8
64
-16
-73
-24
8
-52
-120
-132
-73
-9
-34
-104
-107
-45
-13
-2
24
41
25
-4
8
70
126
78
-16
-29
23
26
-22
-33
-35
-91
-149
-142
-87
-85
-177
-244
-187
-133
-174
-220
-204
-206
-257
-252
-222
-263
-326
-354
-383
-419
-416
-268
-24
10
-338
-580
-197
419
490
69
-167
16
315
489
550
525
351
103
76
467
816
584
68
-66
178
341
313
246
136
-63
-175
-26
199
155
-135
-295
-167
-39
-88
-145
-130
-168
-203
-118
-43
-107
-191
-131
-11
18
-20
-52
-27
6
22
108
207
116
-81
-72
156
270
145
-13
6
157
157
38
81
180
88
-55
7
113
31
-54
-2
30
-52
-133
-122
-51
10
-42
-146
-137
-57
-46
-41
16
26
-40
-73
-14
62
108
62
-37
-53
17
43
13
-2
-17
-81
-117
-87
-61
-72
-139
-210
-199
-156
-155
-200
-240
-249
-250
-238
-239
-303
-350
-349
-390
-437
-432
-403
-302
-129
-115
-380
-499
-124
335
328
-31
-196
61
394
475
397
385
357
165
155
526
777
491
65
36
279
399
342
254
128
-60
-145
37
255
135
-206
-309
-145
-61
-110
-125
-152
-258
-291
-176
-98
-144
-204
-173
-112
-107
-116
-71
-15
-48
-62
45
114
-6
-108
22
198
166
9
-48
73
213
164
49
90
140
62
21
132
162
27
-30
0
32
44
26
-56
-103
-52
-2
-47
-78
-58
-49
-37
-41
-29
19
31
-20
-34
64
96
16
-6
56
69
21
-18
-20
1
-3
-41
-94
-95
-97
-140
-154
-137
-157
-223
-260
-243
-203
-208
-290
-368
-331
-303
-381
-433
-418
-439
-498
-360
-88
-77
-398
-554
-201
306
347
-20
-191
62
355
412
419
489
386
144
161
529
796
557
129
27
252
430
387
274
150
-35
-133
20
222
154
-110
-264
-232
-130
-74
-84
-168
-264
-294
-230
-172
-166
-173
-171
-167
-185
-160
-79
-41
-85
-85
12
55
-43
-94
14
143
127
-4
-34
77
151
103
72
144
149
43
30
140
183
86
12
40
72
59
28
1
-8
-20
-28
-17
-17
-55
-75
-16
30
17
-7
-7
1
46
99
97
57
21
19
44
73
75
23
-28
-64
-79
-58
-40
-92
-178
-200
-177
-184
-216
-231
-219
-204
-240
-286
-283
-226
-212
-285
-343
-327
-342
-399
-431
-359
-155
-8
-168
-480
-427
75
439
272
-80
-129
154
437
537
513
442
299
162
313
707
807
416
37
102
401
498
370
226
93
-27
-34
137
266
97
-200
-272
-107
1
-63
-141
-205
-268
-255
-161
-123
-184
-238
-217
-174
-152
-140
-135
-121
-111
-85
-32
-41
-99
-90
13
70
3
-73
-50
28
110
161
128
47
-4
49
199
303
204
-7
-34
132
237
197
109
4
-69
-6
118
144
40
-66
-108
-42
81
126
56
-44
-81
-25
98
162
61
-85
-84
-5
44
47
-13
-117
-185
-133
-49
-51
-138
-229
-243
-173
-128
-161
-204
-222
-228
-219
-178
-146
-177
-230
-251
-207
-164
-224
-332
-375
-331
-284
-209
-57
-38
-302
-456
-119
378
426
32
-207
23
416
559
465
396
356
222
208
512
797
605
166
43
294
508
470
309
171
69
28
104
238
219
1
-171
-148
-51
-11
-42
-141
-245
-242
-167
-172
-234
-215
-167
-199
-254
-222
-136
-114
-161
-179
-101
-28
-83
-161
-70
87
81
-37
-71
52
178
169
101
119
191
174
163
254
311
208
128
184
241
233
209
169
99
83
133
151
97
32
5
23
42
28
-5
-7
-29
-81
-52
35
18
-111
-167
-89
-16
-47
-115
-139
-118
-127
-150
-115
-53
-108
-233
-225
-107
-77
-163
-200
-175
-167
-182
-166
-122
-122
-189
-228
-167
-100
-152
-264
-297
-276
-287
-309
-264
-121
-26
-161
-380
-299
130
391
183
-121
-88
224
479
489
383
338
322
273
343
593
702
419
83
139
422
520
366
166
76
73
88
119
144
73
-93
-186
-134
-73
-98
-158
-211
-258
-233
-189
-241
-303
-246
-156
-196
-281
-261
-169
-122
-137
-133
-72
-36
-93
-117
9
152
114
-30
-41
96
201
215
217
220
175
136
222
395
424
238
95
178
358
395
262
123
78
134
175
152
100
36
-37
-68
-17
45
24
-82
-159
-140
-41
26
-23
-117
-150
-109
-59
-24
-23
-72
-117
-114
-73
-46
-41
-57
-87
-113
-116
-98
-73
-60
-74
-115
-163
-169
-103
-53
-94
-171
-191
-149
-137
-148
-142
-167
-243
-321
-308
-226
-143
-63
-54
-201
-332
-181
201
388
161
-125
-57
293
517
451
288
229
267
319
403
492
461
273
136
190
314
342
258
133
13
-15
87
129
22
-107
-119
-79
-121
-174
-163
-138
-187
-249
-242
-210
-239
-265
-200
-132
-199
-309
-262
-97
-38
-125
-172
-95
-29
-48
-28
79
127
28
-44
65
234
263
162
113
181
247
242
261
307
265
169
165
264
305
246
160
98
87
134
163
99
3
-30
-20
-19
-20
-33
-60
-92
-99
-84
-50
-29
-61
-105
-93
-28
-2
-21
-37
-46
-37
-5
10
-18
-40
-45
-26
-19
-51
-81
-74
-41
-56
-120
-140
-105
-67
-86
-123
-129
-101
-97
-110
-107
-93
-98
-119
-114
-109
-111
-135
-156
-163
-150
-99
-22
5
-85
-171
-70
166
263
120
-55
-9
198
357
341
207
115
147
262
332
295
206
149
146
156
152
156
169
118
10
-28
48
92
14
-70
-61
-18
-48
-113
-131
-79
-39
-73
-139
-167
-137
-78
-32
-35
-93
-137
-97
-19
1
-27
-28
-1
-19
-51
-11
71
87
17
-53
-35
47
97
79
42
38
59
71
95
146
148
94
52
86
141
139
107
66
36
56
83
68
33
17
26
29
36
44
25
-11
-2
51
61
35
7
12
37
44
25
17
18
19
-4
-9
26
13
-26
-29
1
6
-36
-72
-48
-9
-7
-45
-71
-51
-21
-15
-29
-45
-39
-36
-38
-27
-11
-4
-7
-26
-36
-27
0
22
3
-40
-69
-42
-1
-3
-53
-95
-110
-91
-55
-32
-40
-78
-109
-102
-26
44
41
-21
-47
7
83
120
100
53
43
86
129
135
103
76
73
99
119
99
73
73
89
92
69
46
54
83
83
51
48
80
80
51
44
75
88
52
21
37
64
57
30
18
36
31
3
5
28
33
0
-23
-1
19
13
-5
-8
1
-10
-20
-12
-1
-1
-25
-52
-40
-8
17
-7
-38
-41
-9
19
6
-6
10
20
9
13
32
36
23
21
42
45
26
30
56
66
36
4
20
58
69
49
30
26
25
24
35
51
43
-6
-31
-7
30
27
-10
-27
-19
-17
-29
-25
-16
-17
-39
-59
-62
-48
-34
-35
-46
-71
-82
-67
-37
-32
-44
-56
-68
-71
-65
-34
-15
-28
-66
-75
-33
-7
-14
-32
-34
-43
-70
-82
-55
-26
-47
-95
-106
-68
-32
-43
-58
-47
-29
-17
-9
14
23
31
54
70
76
86
98
97
97
108
126
127
117
115
119
121
123
131
127
117
101
106
134
138
114
84
82
93
95
89
72
51
37
36
38
29
13
2
-9
-25
-36
-27
-11
-16
-42
-53
-44
-37
-28
-34
-33
-36
-34
-37
-26
3
14
-3
-18
0
22
36
38
29
20
19
39
68
70
42
29
55
79
72
61
63
67
51
46
72
87
58
23
39
71
64
28
20
42
42
11
3
32
45
20
-11
-6
13
14
7
-3
-8
-12
-20
-14
-2
-6
-23
-38
-33
-29
-32
-34
-31
-39
-60
-74
-60
-40
-43
-67
-68
-58
-61
-71
-63
-39
-36
-50
-66
-52
-22
-11
-22
-20
-3
-5
-12
-2
30
41
27
10
20
49
64
52
47
47
50
54
50
60
69
66
48
42
51
63
63
62
58
50
42
51
68
76
58
43
43
53
52
46
49
48
36
27
37
49
43
31
27
32
39
40
44
38
25
18
37
60
53
28
14
31
46
52
49
39
17
7
33
71
66
26
6
21
49
59
48
40
44
28
24
45
68
69
40
17
30
57
57
43
36
49
50
32
31
53
72
56
16
1
26
49
38
16
18
15
0
-9
6
17
-5
-32
-32
-24
-31
-36
-26
-23
-44
-69
-55
-13
-5
-35
-58
-46
-15
-12
-27
-25
-8
-7
-11
-4
8
12
5
3
9
9
6
11
21
20
6
-3
9
21
11
2
8
12
6
-5
-4
11
19
14
-1
-8
0
3
-1
-3
-10
-12
-10
-8
-12
-7
1
0
-12
-11
-10
-8
1
7
6
-13
-22
-12
22
26
4
-16
-1
19
4
-5
10
22
2
-14
3
33
36
6
-16
0
23
32
21
16
14
11
18
34
39
36
23
15
26
46
55
47
39
36
50
58
53
47
49
47
37
37
47
53
50
38
29
25
30
38
32
19
7
2
6
-2
-4
-4
-9
-16
-21
-11
-9
-16
-14
-10
-7
-6
-4
-1
2
1
10
13
14
17
28
38
33
23
28
44
53
41
35
44
54
43
31
35
47
41
27
24
23
22
21
14
19
7
-5
-8
-1
12
6
-8
-14
-6
0
-2
-2
3
5
-5
-18
-16
2
27
23
-10
-22
-3
26
14
-5
-3
1
-9
-11
3
8
0
-24
-23
-2
-2
-9
-8
-4
-6
-20
-18
4
14
-3
-16
3
9
0
-4
15
28
13
-16
-12
27
48
31
-4
-3
16
36
36
18
16
8
10
22
33
30
18
-4
-1
26
33
16
-2
8
16
13
9
12
16
0
-16
-15
1
6
-8
-19
-15
-8
-10
-12
-1
2
-10
-16
-9
7
14
9
4
1
10
22
30
31
27
19
28
49
53
47
43
40
38
48
47
35
33
36
40
23
10
13
19
19
5
-3
-15
-14
-8
-11
-7
-16
-26
-33
-20
-10
-5
-10
-24
-26
-12
3
5
-3
-10
-8
-2
3
1
8
9
-2
-6
4
17
15
3
7
11
12
11
15
19
25
22
11
14
20
27
18
13
15
16
17
7
7
19
18
6
-13
-9
10
18
6
-10
-11
-6
-8
-6
-2
-2
-16
-24
-21
-12
-4
-9
-19
-30
-27
-18
-10
-12
-21
-25
-24
-17
-12
-9
-7
-6
-17
-29
-19
4
4
-6
-33
-34
-19
-5
-6
-18
-26
-30
-22
-18
-5
-6
-19
-22
-16
3
3
-3
-5
-13
-14
-6
8
13
-4
-22
-23
-10
0
-8
-12
-16
-16
-14
-6
-12
-19
-20
-18
-13
-16
-12
-20
-20
-16
-8
-8
-17
-20
-13
-3
-4
-9
-12
1
0
-6
3
14
15
-3
-15
-5
14
14
-6
-17
-5
8
-1
-4
-5
-4
-4
-10
-2
6
5
-1
-3
8
13
10
9
13
17
13
9
14
25
23
14
9
11
13
10
3
12
14
1
-10
-11
-3
-3
-4
-12
-20
-23
-16
-12
-11
-12
-28
-31
-16
4
2
-11
-20
-9
-3
-9
-11
2
7
-13
-21
-2
20
13
-14
-25
-3
18
14
-2
4
11
9
4
10
22
19
4
1
11
13
5
-2
-2
-3
-3
-17
-22
-19
-26
-32
-35
-33
-35
-38
-43
-41
-31
-32
-32
-38
-34
-26
-21
-25
-32
-27
-23
-13
-12
-16
-12
-14
-13
-6
-11
-12
-4
0
-6
-16
-9
5
3
-1
-15
-12
-4
-3
-4
-11
-14
-13
-15
-15
-11
-7
-5
-12
-19
-15
-5
3
-8
-19
-17
-10
-8
0
-2
1
-6
-18
-4
14
19
5
-4
-10
-7
2
3
5
-7
-19
-17
-4
3
-10
-16
-15
-14
-13
-7
-14
-16
-25
-21
-5
0
-2
-12
-11
-8
-10
-1
5
6
-3
-10
-5
9
22
12
6
5
7
5
14
20
22
8
6
14
19
22
24
15
7
10
15
19
14
7
4
6
4
3
3
-4
-9
-9
-10
-1
2
-2
-6
-5
-1
-8
-2
4
7
0
-8
-2
9
8
3
0
0
1
3
5
8
7
-5
-5
5
1
1
-6
-8
-7
-10
-12
-9
2
-6
-14
-14
1
4
-1
-10
-1
5
0
-3
5
14
6
2
4
8
5
-3
1
7
-1
-4
-2
6
3
-9
-13
-4
0
-9
-19
-20
-13
-5
-11
-20
-16
-13
-20
-28
-15
-3
-10
-27
-27
-18
-4
-1
-10
-17
-16
-10
-3
6
10
4
-9
-2
11
19
8
1
-2
-6
-2
-6
1
-7
-13
-19
-19
-11
-10
-21
-31
-36
-35
-29
-25
-24
-31
-38
-41
-29
-20
-21
-27
-32
-25
-18
-16
-22
-18
-12
-9
-5
-6
-4
-2
-3
4
12
15
14
6
12
23
30
22
6
12
19
21
19
16
12
11
6
10
16
6
-5
-13
-3
9
11
-3
-16
-8
0
0
-9
-4
-1
-7
-7
5
14
12
4
-4
4
16
14
6
5
10
4
-3
3
14
8
-1
-10
6
5
-8
-7
1
10
2
-15
-13
0
-4
-6
-14
-7
-6
-15
-16
-9
-1
-12
-21
-15
-2
5
-2
-2
1
8
15
14
14
17
17
15
11
17
25
20
17
7
4
11
14
12
4
1
2
6
6
-2
-6
-9
-16
-19
-17
-20
-25
-33
-39
-37
-28
-27
-32
-41
-47
-34
-26
-33
-37
-34
-31
-25
-25
-17
-15
-12
-12
-11
-4
-2
-8
-10
2
7
-3
-5
-1
3
3
2
3
1
0
-6
2
5
2
-3
-7
-5
-5
-5
-1
1
-2
-5
-3
5
7
3
2
7
10
11
13
12
9
11
15
12
6
8
17
10
-4
-7
-7
-3
-8
-11
-10
-14
-15
-16
-14
-7
-14
-18
-20
-17
-9
-14
-16
-15
-13
-13
-8
-3
-1
-4
0
-3
0
7
5
6
8
14
14
11
18
20
16
11
10
17
15
12
12
9
4
5
2
8
9
1
-7
-7
-6
-7
-7
-9
-7
-12
-15
-11
-9
-9
-16
-21
-18
-14
-15
-22
-25
-19
-16
-14
-17
-17
-15
-12
-13
-15
-12
-17
-16
-16
-5
-4
-12
-19
-22
-11
-2
-7
-9
-8
-12
-9
-9
-9
-9
-9
-10
-8
-7
-8
-10
-6
-3
-3
-9
-7
0
4
3
-1
1
3
1
1
6
4
-4
-3
4
10
2
-10
-11
-6
-4
-9
-20
-21
-19
-22
-23
-27
-20
-20
-32
-37
-29
-21
-22
-27
-34
-28
-28
-28
-31
-30
-27
-27
-27
-24
-19
-19
-16
-22
-23
-17
-15
-11
-9
-14
-18
-17
-14
-7
-3
-13
-20
-17
-11
-11
-11
-14
-23
-30
-31
-24
-11
-15
-32
-33
-29
-18
-8
-19
-17
-18
-25
-21
-13
-5
-11
-20
-20
-15
-11
-11
-14
-14
-12
-7
-6
-7
-3
2
1
-3
-1
4
7
7
5
5
2
-1
-1
4
3
-3
-5
-8
-7
-1
0
-4
-14
-13
-6
-5
-4
-8
-6
-6
-13
-8
-4
1
-1
-12
-12
-12
-7
-9
-12
-16
-14
-16
-17
-11
-18
-17
-16
-13
-10
-6
-4
-4
-6
-4
-6
-2
5
4
4
3
-2
-2
6
10
6
4
3
7
7
13
14
8
13
7
7
11
5
1
3
7
1
0
3
-7
-2
-8
-12
-15
-16
-11
-13
-23
-28
-25
-24
-26
-27
-29
-28
-26
-28
-25
-20
-17
-27
-26
-19
-13
-15
-24
-20
-21
-16
-14
-18
-18
-15
-14
-12
-9
-9
-13
-18
-17
-9
-8
-8
-7
-16
-14
-17
-16
-19
-24
-24
-24
-26
-25
-32
-29
-24
-28
-33
-36
-28
-26
-27
-32
-34
-33
-27
-24
-24
-20
-20
-20
-14
-8
-5
-7
-5
-1
4
6
6
5
2
-2
-2
2
8
7
-1
-5
-9
-1
-6
-2
-5
-7
-6
-10
-2
-1
-1
-6
-5
-4
-2
1
-1
2
2
-1
-3
0
7
7
-1
-5
-2
1
3
-1
-1
0
0
-2
-4
5
0
-6
-8
-7
-7
-11
-14
-15
-13
-17
-19
-20
-26
-22
-30
-30
-26
-29
-25
-26
-28
-30
-27
-29
-26
-26
-22
-22
-23
-22
-18
-9
-18
-21
-17
-13
-11
-12
-9
-10
-11
-8
0
5
0
0
-2
2
4
5
3
-1
1
4
0
2
1
-5
-6
-8
-6
-10
-14
-15
-15
-14
-21
-29
-33
-25
-19
-26
-36
-41
-35
-31
-32
-34
-40
-40
-41
-44
-39
-34
-34
-35
-34
-34
-20
-22
-26
-22
-20
-18
-19
-17
-12
-13
-22
-21
-20
-15
-16
-14
-12
-13
-9
-11
-4
-5
-7
-3
-1
-4
-5
-4
0
-2
-3
-6
-1
1
-1
2
7
8
2
1
6
11
12
5
-3
3
2
6
3
5
6
0
-8
-3
-2
-3
-8
-18
-14
-13
-13
-14
-13
-22
-24
-24
-20
-17
-22
-27
-25
-23
-25
-16
-21
-21
-22
-16
-11
-12
-12
-14
-7
-4
-7
-5
-1
8
7
11
13
9
9
7
11
12
10
5
5
2
6
4
4
4
0
-4
-7
-1
-5
-9
-14
-9
-6
-12
-11
-8
-7
-8
-8
-8
-1
-7
-11
-12
-9
-7
-15
-11
-10
-7
-7
-16
-16
-11
-8
-8
-8
-8
-14
-15
-7
-11
-10
-12
-19
-19
-17
-16
-20
-23
-23
-22
-28
-27
-29
-27
-29
-30
-23
-19
-21
-26
-23
-22
-21
-17
-15
-12
-16
-11
-9
-6
-5
-9
-10
-16
-12
-12
-11
-12
-7
-11
-15
-14
-17
-16
-17
-22
-20
-21
-20
-23
-19
-18
-21
-20
-24
-23
-24
-19
-20
-21
-20
-20
-22
-12
-13
-13
-18
-18
-9
-15
-13
-14
-12
-9
-10
-8
-8
-2
-3
-4
-3
0
-1
-2
1
0
2
-5
-1
-2
-5
-6
-12
-11
-7
-11
-12
-16
-17
-9
-14
-14
-14
-12
-12
-11
-9
-12
-12
-13
-11
-9
-10
-9
-5
-8
-8
-4
-1
-3
-3
3
3
7
2
-1
4
7
2
2
5
1
-2
-3
-2
-1
1
-2
-2
-4
-7
-7
-8
-6
-7
-7
-12
-11
-5
-7
-5
-5
-8
-5
-6
-3
-1
-2
-4
-1
1
9
11
7
1
1
3
0
6
4
-1
-2
1
2
7
6
2
-2
-2
-4
3
2
-4
-7
-7
-5
-2
-3
-5
-7
-11
-9
-11
-8
-12
-12
-15
-15
-9
-7
-9
-13
-6
-8
-10
-7
-4
-3
-7
-9
-10
-3
26
79
80
14
-51
-58
-16
15
-13
-69
-89
-53
-5
-3
-37
-57
-38
-10
-6
-24
-38
-31
-9
-4
-9
-12
-5
3
3
4
3
7
10
13
8
10
28
43
54
48
33
39
52
46
23
26
61
60
4
-50
-35
6
13
-26
-59
-52
-25
-21
-39
-52
-29
1
2
-15
-19
-18
0
18
6
-11
-9
16
14
-3
-9
-1
17
16
15
-2
-9
17
63
74
53
31
32
61
65
28
-5
-7
0
-18
-42
-60
-54
-51
-47
-39
-42
-49
-26
-7
-5
-1
-2
25
29
18
19
38
55
46
48
50
39
35
38
34
29
37
42
34
21
11
9
11
12
11
5
16
20
1
-12
-12
-9
-2
-6
-16
-6
-5
-10
-24
-22
-6
12
6
-7
-13
-12
1
8
5
5
4
14
22
13
15
27
29
14
5
23
30
14
6
17
24
28
16
-1
4
7
4
7
14
6
-10
-1
-1
4
10
3
3
10
13
11
7
5
4
2
16
16
-1
-8
8
25
14
1
8
19
19
8
4
5
9
19
17
9
5
21
33
7
-16
0
24
30
11
-4
5
22
23
16
12
18
30
28
20
19
26
35
30
16
21
34
37
31
25
27
35
36
30
28
27
29
27
31
37
37
37
31
22
20
27
27
26
20
27
31
22
19
18
17
20
18
14
14
9
14
16
4
-4
4
14
14
6
5
16
16
9
9
6
8
9
9
8
8
6
2
-1
1
2
1
3
-7
-7
5
6
2
7
13
7
8
19
21
18
13
14
16
16
18
21
16
7
11
11
6
6
1
-2
3
5
8
4
0
-2
-2
4
8
13
7
4
-3
-5
-3
-5
-2
-5
-4
-2
1
-4
-7
-10
-8
-3
-4
-3
-13
-13
-10
-1
-1
-4
-6
-9
-4
-3
-6
-11
-11
-10
-4
-6
-10
-16
-13
-8
-9
-11
-9
-4
-3
-6
-8
-4
-3
4
4
-2
2
1
2
5
0
2
4
-2
3
8
0
-2
-3
0
0
-8
-12
-3
1
3
-2
-9
-5
-2
3
-2
-9
-10
-5
-5
-4
-4
0
-10
-11
-8
-10
-5
-8
-10
-15
-10
-5
-4
-4
-8
-9
-7
-3
-5
-4
-4
-1
-3
-5
-7
-9
-5
-6
-10
-10
-8
-8
-11
-12
-15
-9
-7
-8
-8
-11
-7
-6
-5
-5
-9
-13
-11
-4
-8
-6
-12
-9
-5
-4
-6
-10
-3
-2
-2
-6
-2
-4
-7
-6
-4
-8
-9
-4
-5
-13
-10
-5
-9
-10
-4
-2
-4
-9
-9
-6
-5
-5
-8
-7
-5
-3
-4
-2
-3
-2
-4
-6
2
-2
-4
-3
-2
2
-1
-3
-1
3
2
3
-2
2
3
0
4
-1
-4
-2
2
1
-6
-11
-7
-2
-4
-6
-9
-2
-4
-12
-10
-10
-14
-14
-12
-15
-15
-16
-20
-14
-7
-7
-10
-11
-7
-7
-2
2
-1
-9
-2
-1
-2
-4
-12
-4
-3
-1
-5
-7
-5
-10
-5
-1
4
3
1
0
-1
-1
0
0
2
2
-3
-5
-7
-6
-8
-6
-11
-12
-7
2
-4
-2
-4
-3
5
4
1
0
-2
1
7
6
-1
1
7
1
2
-1
-2
-1
-2
-2
-6
-7
-6
-5
-4
-9
-15
-11
-15
-11
-13
-17
-10
-10
-7
-12
-13
-10
-8
-12
-15
-11
-5
-5
-12
-6
-9
3
6
-1
1
2
3
3
2
5
4
6
8
7
12
10
13
12
12
12
12
7
5
4
6
4
3
3
-5
-2
-8
-6
-4
-6
-4
-7
-5
-8
-10
-7
-5
-6
-6
-7
-3
-5
-5
-9
-11
-8
-13
-8
-7
-5
-2
-4
-7
-7
-4
-1
-3
-5
-3
-10
-5
-3
-3
-4
-6
-5
-2
-3
-1
-7
-8
-6
-8
-1
-8
-8
-7
-4
-4
-2
-1
-1
-1
-2
-1
4
4
0
3
0
3
3
5
5
7
3
2
4
3
4
-3
-3
-1
-2
-1
-6
-1
1
-7
-7
2
2
2
2
6
7
3
4
8
8
7
6
8
8
7
4
4
4
7
4
8
9
10
12
3
9
14
13
13
11
7
4
7
10
14
3
2
10
9
5
-3
-1
0
5
3
0
5
2
4
1
-4
-4
-4
1
-2
-6
-6
-3
-4
-3
-3
-7
-7
-4
-1
-4
-2
-6
-5
-5
-8
-8
-6
-2
-4
-9
-6
-3
-3
-8
-5
-2
1
1
0
8
8
4
4
10
7
12
8
13
11
7
8
7
9
7
2
-4
2
3
3
2
2
3
9
5
3
3
3
5
2
6
4
1
1
1
0
-3
6
5
6
6
8
7
9
10
8
9
13
15
12
11
10
16
15
17
13
15
16
19
16
11
12
13
14
14
12
13
16
14
14
14
8
11
8
8
9
8
6
12
14
15
16
15
16
13
16
16
18
17
14
11
9
10
11
8
10
12
11
13
9
8
11
15
15
13
10
14
16
14
21
14
10
12
14
16
18
14
13
19
18
16
14
15
13
10
15
16
12
12
10
11
15
10
8
10
8
10
9
6
10
11
6
12
6
2
5
1
4
4
2
5
8
5
5
2
3
10
8
6
7
6
8
9
10
4
6
7
0
6
7
5
10
8
9
7
4
8
11
10
7
9
11
12
8
13
13
15
9
9
11
13
16
13
10
15
17
20
20
22
23
23
25
18
23
25
23
22
22
22
21
23
22
17
19
15
15
17
12
11
9
8
13
9
10
12
6
9
4
5
9
11
11
9
13
13
19
22
18
18
20
22
17
18
17
15
16
13
13
8
7
11
9
7
6
14
13
12
16
21
22
25
24
23
23
21
21
23
24
18
21
21
20
18
17
18
20
17
14
11
14
13
17
13
15
13
11
9
7
16
11
12
8
12
11
11
13
14
14
14
13
17
18
14
16
19
27
23
18
20
18
21
20
18
17
17
20
19
20
15
18
24
19
19
15
17
20
17
17
18
18
21
21
16
14
15
15
15
16
12
12
14
13
16
12
12
15
16
18
15
15
13
16
12
14
13
8
11
13
12
16
16
12
10
6
8
7
9
9
8
9
12
12
12
12
14
16
16
17
18
16
21
21
20
18
18
22
24
26
16
15
21
20
20
15
15
16
17
16
15
19
18
15
16
18
16
16
16
13
13
10
11
11
10
9
11
14
11
15
14
19
18
13
16
17
18
17
20
19
21
23
23
25
26
24
24
20
16
17
22
21
21
28
19
20
20
21
23
21
16
18
22
19
19
14
21
17
19
17
14
14
15
15
9
12
10
9
11
11
11
12
12
10
11
9
7
5
7
4
7
9
8
7
2
3
6
3
2
0
1
1
0
4
2
6
4
9
9
11
9
8
8
6
9
2
-1
3
-5
-7
-9
-10
-10
-15
-11
-9
-7
-9
-5
-8
-6
-4
-6
-1
-2
-4
-3
-4
-3
-1
-4
-5
-3
-1
2
-4
-5
-5
-5
-1
-1
0
0
2
3
2
-1
2
4
2
0
-2
4
5
2
-2
4
2
0
1
3
2
-2
-1
-2
0
3
2
5
4
0
8
9
10
9
6
10
8
7
6
6
5
13
8
6
8
7
9
8
8
7
7
6
9
12
15
15
18
19
18
16
18
19
21
20
16
14
14
13
17
15
12
15
13
12
12
17
18
17
19
18
17
16
13
15
13
12
7
6
6
5
8
4
5
1
0
-1
-6
-4
-4
-5
-6
-4
-4
-7
-8
-6
-6
2
2
-2
-3
1
7
12
10
8
11
11
10
12
9
9
10
11
12
5
5
1
-2
-8
-6
-3
-1
1
-5
-1
-3
-6
-2
-1
-4
-4
-7
-6
-9
-4
-7
-15
-14
-12
-14
-17
-14
-16
-16
-16
-14
-16
-15
-13
-11
-14
-11
-13
-9
-9
-6
-3
-7
-5
-8
-6
-3
-2
-8
-6
-7
-10
-8
-4
-6
-2
-1
-4
-3
-3
-3
-6
-4
-3
-1
-1
0
-4
-1
-1
-1
-4
-2
2
0
0
-4
2
-1
2
1
4
7
8
10
7
5
4
6
3
5
5
4
7
2
1
-1
-3
-3
-8
3
2
5
6
5
10
6
9
12
10
11
16
21
18
14
14
18
20
19
17
20
19
19
19
15
16
19
16
17
21
21
15
8
9
8
10
8
1
-3
-3
2
0
-3
1
2
2
-2
-1
2
-3
2
-5
-2
-3
-3
3
4
6
-1
1
0
3
7
6
10
10
8
11
10
13
12
13
15
18
19
10
8
9
6
0
3
0
0
0
-6
-7
-8
-6
-5
-14
-16
-15
-10
-8
-10
-10
-10
-10
-7
-4
-10
-13
-16
-16
-20
-22
-16
-17
-15
-13
-12
-8
-7
-10
-9
-8
-5
-3
-3
0
-2
-7
-6
-3
-7
-8
-2
-4
-4
-5
-1
-1
-1
-1
-6
-1
-1
1
1
6
6
4
9
8
5
3
7
6
5
9
5
8
3
2
-1
-2
0
-1
-3
-1
-2
-4
0
-2
-5
0
1
-3
0
4
4
3
9
11
10
7
10
9
12
14
12
15
20
18
17
18
20
18
16
17
15
19
18
15
16
20
21
21
18
18
19
17
15
14
12
12
10
13
10
5
1
-1
-3
-4
-5
-6
-1
-1
0
-2
-2
3
3
-2
-3
-4
-2
2
3
4
3
8
2
2
5
-4
0
-2
0
2
2
-4
-3
-2
-4
4
-5
-8
-7
-6
-1
-4
-5
-1
-5
-8
-8
-6
-5
-8
-11
-8
-6
-6
-10
-10
-8
-6
-5
-4
-4
-8
-8
-10
-11
-16
-10
-16
-21
-18
-15
-14
-16
-18
-12
-15
-17
-10
-4
-4
-7
-9
-7
-4
-4
-13
-6
0
-2
-4
-7
-4
-9
-8
-8
-9
-7
-9
-7
-5
-3
-3
-5
-4
-5
-8
-4
-1
-3
-6
-3
-5
0
-3
-2
-3
-1
-2
-2
2
-1
-1
2
2
-1
0
-1
-2
2
1
0
1
0
1
2
3
6
8
5
8
6
4
4
7
10
10
8
5
9
10
9
11
9
7
2
1
3
3
4
4
3
3
0
-1
0
-5
-4
0
-2
-3
-1
-1
0
1
0
0
-3
-5
-5
-8
-8
-8
-8
-12
-13
-15
-16
-13
-12
-9
-8
-4
-5
-4
-2
-2
-5
-3
1
-1
-1
-5
-2
1
-2
1
1
-4
-6
-8
-5
-6
-6
-2
-3
-6
-8
-6
-3
-7
-11
-12
-11
-8
-11
-8
-7
-8
-9
-9
-11
-14
-12
-11
-9
-6
-6
-4
-5
-1
0
0
-3
-4
-5
-7
-5
-8
-4
-5
-4
-7
-5
-4
-8
-1
3
5
0
0
-3
-4
-4
-8
-7
-10
-8
-11
-12
-7
-9
-8
-9
-7
-6
-6
-4
-6
-6
-5
-7
-9
-11
-13
-11
-12
-15
-19
-20
-20
-23
-18
-22
-24
-19
-17
-18
-15
-16
-11
-7
-9
-7
-6
-5
-6
-1
-3
-5
-3
1
1
0
1
2
7
8
6
6
7
5
9
10
4
4
7
3
1
3
5
7
3
2
0
1
3
1
1
-2
0
-5
-9
-8
-12
-4
-9
-10
-12
-17
-17
-12
-14
-16
-11
-14
-14
-11
-11
-6
-9
-11
-12
-11
-7
-7
-5
-8
-5
-6
-7
-8
-5
-6
-9
-7
-11
-12
-11
-11
-7
-11
-12
-9
-9
-10
-10
-5
-9
-9
-9
-9
-8
-7
-6
-7
-7
-7
-7
-8
-6
-6
-10
-11
-9
-9
-6
-7
-7
-9
-9
-11
-7
-11
-10
-11
-11
-9
-12
-9
-10
-13
-12
-9
-9
-9
-9
-8
-6
-8
-7
-6
-5
-4
-4
-4
-1
-5
-2
0
-1
-3
-3
-4
-8
-6
-6
-8
-7
-2
-3
-2
-4
-3
-1
-4
-8
-6
-5
-2
-5
-5
-10
-10
-3
-10
-8
-6
-4
-2
-5
-3
-3
-2
-1
-3
-4
-2
-1
-1
-4
0
3
3
5
4
7
4
6
7
6
12
9
7
6
7
8
4
7
7
2
6
5
4
2
5
7
5
6
8
7
5
4
4
6
2
1
-5
-3
0
-6
-8
-6
-7
-9
-7
-7
-7
-5
-2
0
2
-2
-3
-1
-1
1
-1
0
-7
-6
-5
-2
-5
-1
-3
-4
-2
-8
-4
-6
-4
-10
-8
-6
-5
1
-2
-1
-2
-2
-2
-2
-1
1
-2
1
6
2
3
1
1
1
0
1
0
-2
-1
-1
-1
-2
-3
-6
0
-1
2
4
1
4
1
2
2
3
1
-2
-3
-5
-6
-4
-6
-5
-8
-4
-2
-5
-6
-10
-7
-6
-8
-12
-17
-10
-12
-15
-13
-17
-12
-12
-8
-7
-6
-3
-9
-8
-12
-14
-12
-13
-17
-15
-11
-11
-10
-11
-13
-17
-14
-12
-17
-12
-13
-10
-13
-16
-12
-7
-11
-9
-9
-7
-8
-12
-10
-14
-8
-9
-6
-6
-3
-2
-4
0
2
2
-1
-3
0
0
1
-2
-6
-3
-2
-3
-3
-1
-3
-5
-6
-4
-5
-4
-8
-8
-5
-9
-7
-8
-9
-4
-10
-11
-11
-10
-12
-8
-11
-12
-15
-7
-10
-11
-6
-6
-6
-11
-7
-7
-8
-7
-10
-11
-6
-7
-2
-7
-7
-6
-10
-8
-6
-7
-10
-9
-7
-6
-8
-10
-10
-10
-9
-7
-9
-10
-9
-11
-15
-7
-9
-11
-9
-12
-11
