-6
-15
-10
-13
-25
-21
-23
-36
-20
-12
-24
-27
-6
-22
-26
-2
-11
-18
-10
-21
-23
-5
-7
-17
-3
-17
-18
-16
-12
-10
-12
-3
-14
-21
-8
-8
-20
-8
-11
-13
3
1
-14
-10
13
-11
-5
7
-5
-8
-1
9
-6
6
2
-2
14
2
-9
24
7
-9
23
-6
0
24
-3
8
33
-4
9
34
-5
19
22
2
10
17
-2
2
16
-8
11
15
-9
17
7
-25
22
25
-19
26
23
-25
9
24
-4
3
7
-8
-1
4
1
4
9
-7
-4
20
-2
-4
21
-10
-6
13
-32
3
13
-20
6
5
-18
-4
5
-14
1
4
-4
3
1
-14
-6
-1
-17
2
0
-6
5
1
0
7
-18
-2
4
-19
-2
-5
-13
3
-3
-17
-7
-4
-12
-2
-9
-13
-14
-10
-10
-19
-3
-18
-13
-3
-38
-6
12
-19
-16
4
-30
-20
5
-28
-37
0
-15
-27
0
-16
-17
-7
-17
-12
-24
-34
-14
-21
-52
-2
-18
-44
12
-25
-25
21
-34
-42
37
-16
-39
19
-6
-35
2
6
-25
-4
-7
-16
-2
-14
-11
17
-12
-16
24
-16
-3
8
-8
-9
16
-3
-14
16
3
-5
16
-3
-26
12
17
-19
11
3
-17
21
2
0
16
16
-6
18
5
0
15
-8
12
17
-4
-7
14
10
10
11
23
6
14
25
-6
8
30
-2
5
30
4
6
35
9
-3
24
1
1
10
-8
0
13
2
16
25
-17
11
28
-22
19
21
-29
14
17
-33
10
2
-34
15
1
-24
16
-10
-19
21
-16
-30
4
-8
-23
-8
-9
-20
-9
-2
-4
5
-25
-17
20
-11
-26
11
-8
-23
-7
-10
-17
-16
-15
0
-14
-22
-4
-15
-28
3
5
-24
-19
-22
-7
-23
-7
-3
-13
-3
10
-13
-23
13
-29
-34
-15
-1
-20
-21
-2
-33
-21
-21
-24
1
-10
-28
7
0
-16
19
6
-28
17
-4
-27
12
-38
-32
26
-30
-43
20
-20
-24
23
-8
-4
9
-10
-11
4
5
2
9
-5
3
0
1
11
-22
-9
36
-15
-4
32
-27
-8
33
-23
-4
19
-1
16
13
12
14
4
11
26
7
16
25
-12
28
19
-13
32
11
-21
50
30
-32
22
34
-17
13
39
-3
15
37
-27
7
34
-16
1
32
-3
-6
38
-2
-5
27
-18
-12
41
-18
-20
37
-8
-24
31
8
-10
28
4
14
20
3
3
17
9
15
-3
-10
19
6
-4
-2
-7
2
10
-8
7
24
1
-12
9
15
-22
-21
6
-30
-11
11
-10
-23
-10
-24
-5
-6
-55
-18
-10
-46
-4
-7
-37
-9
2
-19
-26
12
-6
-29
-13
2
-22
-22
-3
-31
-13
15
-34
-30
11
-14
-32
-13
-1
-30
-22
-4
-23
-11
-9
-23
-1
-4
-21
-26
-28
-3
-10
-47
-9
-9
-53
-8
5
-29
-21
-7
-11
-23
-16
8
-30
-19
5
-30
-6
16
-23
4
0
-24
15
2
-35
3
14
-18
-6
-7
9
-6
-16
1
15
-13
10
18
8
-2
6
-1
-9
12
16
-11
3
18
2
1
9
9
7
-6
-27
1
6
-3
2
-6
6
15
-9
22
13
-42
15
29
-21
9
7
-12
12
-2
-10
18
1
-6
23
-9
4
31
-4
-5
17
16
6
27
-1
-6
31
-11
-12
13
8
-15
-9
6
10
6
-4
10
-7
11
0
-16
23
-11
-20
23
3
17
33
-9
-2
11
-6
24
10
-35
13
18
-33
-2
22
-33
-13
5
-6
-4
-8
-19
-6
10
-20
24
11
-21
-9
-9
-19
-7
-8
-39
-13
-4
-19
-15
0
-8
-12
-25
-2
3
-16
-18
-4
11
-16
-23
0
-1
-36
-10
1
-21
-28
-4
-3
-24
-33
-16
-27
-17
-5
-22
-36
14
-21
-42
3
-16
-46
3
17
-62
-1
15
-49
-13
5
-31
-17
2
-18
-2
-2
-27
-15
-9
-26
-21
-18
-10
-13
-34
-3
16
-39
0
17
-27
-2
24
-35
4
12
-17
31
-12
-27
5
-8
-9
21
-15
-10
0
-25
5
8
-17
12
5
-28
-9
17
15
-21
-9
-2
-10
-2
-25
-1
-14
-17
14
3
-19
-1
19
-13
-3
10
-13
8
-1
-29
-1
10
-17
13
21
-3
19
-2
9
27
0
-10
30
4
2
21
-32
-3
17
-27
15
10
-43
-1
-14
-5
-1
-28
-15
12
-24
-25
14
-12
14
6
-27
4
40
-33
-23
23
-44
-39
23
-22
-38
4
-19
-16
-12
-24
6
-26
-40
12
-12
-28
28
-42
-19
29
-33
-35
10
-18
-27
3
-3
-16
-14
3
-8
-3
-32
-22
30
-37
-8
13
-45
-23
38
-38
-46
18
-50
-23
14
-39
-17
18
-38
-15
20
-30
-6
24
-35
-2
16
-30
-4
9
-28
-17
-11
-13
8
-22
-4
0
-28
4
8
-17
-6
-3
0
-5
-7
1
-10
-2
15
-1
-2
8
0
-8
-3
-4
-2
16
-23
-20
9
-2
-6
-6
4
-7
-2
-7
-10
19
0
8
33
-1
-25
31
21
-4
30
3
4
11
2
-16
23
-5
-47
13
-10
-43
23
-17
-19
26
-23
-18
24
-8
6
-12
-48
34
11
-48
21
3
-53
23
26
-33
-11
12
-2
-13
-4
-2
-3
-14
6
6
3
-5
15
-3
-23
4
-4
-25
16
-10
-55
36
-11
-47
15
0
-34
16
-13
-26
-8
-6
-17
-21
3
-8
-20
-6
-4
-28
20
2
-23
-8
-17
-24
-11
-8
-39
-12
-15
-30
-24
-22
-27
-22
-8
-38
-2
-1
-34
-2
-12
-23
-6
-19
-23
10
-23
-14
-9
-29
-9
-10
-13
-13
-10
-12
8
-7
-41
-15
-4
-4
-12
-25
-5
0
-3
-10
-24
-9
0
-15
-42
-17
-6
-9
-33
-15
9
-6
-17
-7
-3
-22
-20
-25
-18
-2
-10
-26
-23
-3
13
-5
-22
8
-13
-24
16
-7
-16
-1
-11
-2
-2
-24
22
8
-11
14
0
17
7
-17
-20
-6
24
20
-41
-7
32
-20
-7
14
0
10
19
-30
-1
32
8
-20
-2
13
-19
16
19
-8
0
-11
-21
34
3
-25
25
-6
-6
23
2
-5
32
-3
-20
35
-9
-2
24
-3
-16
17
-18
-38
23
-10
-21
-17
2
13
-23
-6
16
-30
-18
13
13
4
-9
-4
-1
-7
0
-19
-15
-6
-27
-3
11
-42
-17
12
-22
-47
22
-13
-38
7
-26
-31
6
-17
-49
9
-4
-37
10
-11
-30
2
2
-16
10
-9
-17
3
-5
-27
-2
-5
-37
7
-15
-27
7
-24
-22
23
-21
-19
14
-24
-25
-6
-11
-16
-8
-22
-7
-8
-26
0
5
-42
-23
48
-45
-16
43
-33
10
25
-26
26
23
-35
28
2
-21
34
-15
-23
16
-18
-4
9
-14
-3
0
4
-5
-13
5
19
-12
-10
8
0
12
15
-1
-5
30
-12
1
13
-8
12
3
-13
27
12
-34
42
24
-35
24
19
-30
15
16
0
7
6
11
8
21
15
11
9
-9
12
37
-16
-15
30
12
0
-5
-2
18
6
-2
22
-2
-6
25
0
3
5
10
-7
1
14
-19
19
22
-12
22
18
-21
8
31
7
4
5
17
1
-10
18
0
-6
5
-20
0
11
-13
4
8
-13
-10
10
7
5
11
-9
18
18
10
19
-3
2
20
-19
-20
20
-11
-26
14
0
-31
30
-10
-9
7
-3
10
5
-15
11
-21
-27
25
-7
-23
-8
6
-24
20
14
-19
28
0
-14
37
-4
-34
25
-5
-41
18
-2
-28
-10
0
2
8
-20
0
5
-5
0
-7
-1
-31
14
14
-13
-11
-23
-16
9
-8
0
-1
-45
24
19
-22
24
-4
-13
34
11
-17
22
12
-29
21
10
-6
6
-13
-5
16
-7
-15
25
6
-35
1
15
-3
-7
4
-4
28
-12
-5
57
2
-6
81
81
-20
-26
27
6
-32
-18
-16
-34
-19
4
-24
-7
-6
-14
-5
1
13
-10
10
96
54
-37
48
42
-19
41
81
-9
-17
32
1
-7
-7
-25
-11
-10
-26
12
7
-12
-11
9
3
4
17
6
13
16
24
29
12
5
21
33
12
6
37
3
7
42
-11
7
21
-13
2
4
97
39
-1
62
17
8
44
6
-27
0
-26
-3
-1
-9
2
-2
-6
14
7
12
17
-4
13
-17
-9
-3
-19
16
5
-3
21
7
7
34
5
-3
25
-5
0
-5
-1
-1
-13
4
-1
-22
10
11
6
6
10
13
5
4
19
10
12
5
-2
8
8
-1
13
11
18
22
2
8
7
8
13
-8
-11
-3
-9
-8
-6
-1
-14
-16
14
4
-15
-8
17
4
5
5
3
19
5
22
20
-1
-1
3
10
14
-1
0
15
7
13
-3
4
6
2
18
11
9
16
7
0
3
14
2
-7
22
13
13
16
28
15
16
5
15
11
-4
27
16
3
21
32
17
26
32
18
19
28
2
18
19
17
16
15
20
3
21
15
-9
2
2
-14
3
-2
-18
0
5
3
-9
2
7
-9
2
12
4
-7
11
14
8
7
6
6
5
7
0
10
9
1
1
14
24
7
24
30
15
22
26
23
13
15
21
10
5
7
8
6
6
-4
-1
-2
-18
1
-6
-9
2
-7
0
-10
-12
3
-5
-4
-5
-1
11
1
6
3
4
10
6
11
5
-1
1
-1
-3
-2
-15
-12
-14
-8
-24
-15
-16
-18
-12
-12
-1
-15
-19
-15
-13
-9
-1
-9
-16
-10
-13
-14
-20
-13
-15
-17
-21
-16
-14
-16
-15
-21
-16
-21
-8
0
-7
-2
3
-2
2
-3
3
3
0
5
7
19
12
10
26
21
29
39
26
33
23
26
24
20
19
15
11
13
11
17
8
-1
13
12
16
12
26
20
26
41
24
29
29
36
27
33
39
21
21
33
27
22
27
21
9
9
11
4
3
1
-11
-11
-14
-15
-22
-22
-12
-20
-28
-18
-21
-19
-11
-26
-27
-20
-36
-35
-25
-34
-34
-31
-22
-32
-33
-26
-41
-44
-41
-62
-65
-58
-66
-71
-75
-72
-70
-76
-79
-68
-72
-70
-68
-72
-69
-75
-82
-85
-88
-95
-92
-82
-59
-39
-12
14
42
79
115
146
177
208
227
243
250
246
223
196
168
133
96
62
22
-10
-37
-49
-69
-76
-75
-74
-61
-55
-46
-27
-21
-11
-4
6
12
7
16
18
16
30
45
61
87
101
124
157
174
192
205
205
204
200
175
144
113
76
35
4
-25
-57
-85
-97
-101
-103
-90
-84
-81
-64
-41
-32
-19
-12
-12
-19
-27
-24
-37
-54
-65
-78
-85
-93
-106
-104
-106
-116
-107
-112
-108
-103
-116
-117
-122
-132
-140
-157
-162
-173
-197
-221
-239
-258
-279
-287
-285
-265
-213
-168
-129
-65
32
120
190
269
350
412
450
479
502
498
449
406
365
309
240
157
89
27
-24
-69
-106
-125
-144
-160
-160
-132
-108
-102
-93
-73
-53
-45
-37
-27
-27
-24
-25
-19
10
17
16
38
69
97
116
135
151
163
173
168
161
145
116
76
43
21
-9
-33
-51
-65
-66
-60
-48
-25
-7
2
18
47
58
61
65
55
52
52
35
18
7
-6
-14
-19
-9
-4
-7
1
21
31
33
42
36
26
13
-2
-23
-53
-79
-114
-139
-160
-178
-190
-198
-199
-197
-198
-185
-188
-187
-173
-179
-181
-183
-194
-206
-211
-224
-251
-283
-294
-301
-318
-309
-265
-211
-166
-123
-44
69
166
241
327
426
500
533
566
601
587
525
467
418
348
251
147
64
-3
-75
-135
-168
-187
-211
-226
-209
-181
-164
-153
-128
-105
-83
-64
-47
-31
-20
-14
-16
9
37
52
66
87
123
153
170
184
208
220
218
207
200
188
149
107
78
54
16
-17
-46
-57
-64
-76
-74
-55
-40
-34
-15
10
35
41
42
53
67
61
60
64
65
64
55
65
77
73
72
77
80
87
77
60
47
27
-4
-34
-70
-103
-139
-172
-194
-216
-232
-241
-245
-243
-237
-225
-214
-205
-186
-177
-173
-163
-155
-168
-191
-216
-235
-255
-280
-294
-280
-225
-187
-168
-92
23
126
204
294
411
502
549
586
638
651
593
522
478
414
295
168
82
5
-97
-183
-221
-242
-279
-299
-274
-235
-199
-172
-141
-93
-67
-51
-25
-9
-4
-11
-15
-8
16
29
30
45
80
122
139
167
211
229
228
232
239
231
191
146
116
83
33
-24
-62
-95
-121
-145
-145
-124
-110
-104
-78
-34
1
17
39
69
82
92
96
98
98
92
75
75
79
71
61
59
69
72
65
60
59
47
26
5
-23
-56
-101
-135
-172
-201
-227
-253
-263
-255
-247
-242
-236
-215
-199
-189
-176
-164
-149
-154
-159
-171
-193
-218
-236
-269
-286
-261
-218
-181
-149
-87
30
153
232
324
447
546
590
637
689
700
644
566
519
449
325
191
99
15
-99
-189
-224
-249
-294
-309
-278
-232
-200
-171
-118
-67
-35
-6
28
52
51
46
44
48
57
59
59
66
94
130
153
179
214
237
246
248
256
249
207
163
128
86
29
-23
-70
-107
-140
-165
-173
-160
-149
-134
-106
-54
-7
15
48
80
102
117
124
127
132
116
99
93
96
85
62
64
73
69
56
50
41
30
9
-17
-36
-69
-114
-156
-179
-205
-239
-267
-272
-271
-264
-258
-248
-220
-198
-177
-159
-139
-127
-127
-132
-143
-172
-209
-242
-272
-303
-311
-276
-234
-208
-169
-68
60
161
244
369
493
561
610
671
712
677
593
537
490
379
235
127
42
-67
-169
-214
-242
-279
-308
-290
-228
-179
-145
-95
-33
12
44
79
109
114
100
92
88
92
85
76
72
85
112
141
161
193
228
247
256
277
292
270
223
184
145
82
5
-64
-122
-179
-227
-245
-232
-219
-199
-152
-83
4
67
123
186
245
284
297
305
298
255
213
175
140
94
32
0
-19
-23
-33
-36
-22
-10
-7
0
20
16
2
-28
-46
-60
-96
-139
-176
-200
-218
-237
-247
-243
-246
-239
-225
-204
-178
-183
-182
-166
-171
-197
-231
-250
-281
-317
-326
-287
-245
-228
-198
-99
40
139
229
358
489
567
622
693
746
713
635
571
518
413
257
127
28
-89
-202
-264
-293
-331
-359
-339
-276
-208
-154
-97
-28
39
82
120
157
167
152
134
111
114
105
74
49
46
74
90
107
140
180
210
223
247
271
258
214
172
138
86
3
-82
-150
-219
-283
-320
-332
-318
-296
-276
-206
-101
-17
63
142
232
297
340
385
396
387
351
294
268
220
139
79
32
6
-30
-46
-45
-54
-48
-46
-38
-14
-20
-36
-45
-48
-62
-89
-111
-130
-143
-166
-179
-191
-192
-190
-190
-173
-154
-155
-150
-143
-136
-137
-158
-185
-219
-240
-273
-314
-313
-274
-243
-235
-195
-87
40
121
205
342
471
552
603
688
749
709
646
604
560
454
295
187
107
-9
-126
-185
-206
-250
-300
-276
-205
-157
-130
-92
-13
46
70
104
137
136
111
78
77
78
43
8
-6
2
27
29
45
90
126
146
167
209
234
211
170
149
127
67
-20
-90
-146
-221
-291
-320
-335
-331
-321
-291
-216
-123
-50
26
120
214
279
330
386
405
389
361
316
281
226
139
76
30
-9
-58
-84
-81
-92
-100
-89
-68
-55
-51
-55
-53
-51
-66
-94
-120
-136
-161
-190
-208
-220
-234
-247
-249
-243
-223
-217
-216
-195
-177
-159
-175
-190
-197
-222
-246
-281
-286
-251
-223
-226
-199
-104
16
93
163
295
424
504
565
644
722
705
642
615
600
513
358
242
173
68
-71
-136
-156
-208
-276
-282
-213
-170
-162
-119
-40
23
43
72
125
142
114
88
87
91
62
17
7
16
23
27
39
87
125
136
161
207
249
227
193
186
174
113
36
-28
-86
-166
-243
-285
-304
-324
-333
-295
-231
-160
-80
-3
102
200
273
332
390
437
426
403
386
338
283
201
129
88
26
-26
-64
-73
-79
-103
-94
-75
-68
-67
-62
-56
-56
-76
-106
-119
-140
-176
-207
-229
-245
-267
-279
-272
-264
-252
-242
-230
-201
-181
-170
-159
-149
-154
-193
-225
-237
-276
-324
-339
-311
-272
-273
-243
-136
-3
83
168
316
461
542
605
703
774
758
686
654
628
518
359
249
159
30
-103
-179
-211
-272
-328
-317
-265
-213
-183
-139
-64
-10
20
55
97
103
76
59
58
46
25
-1
-20
-11
6
28
53
89
130
167
188
223
256
247
214
189
169
106
28
-46
-115
-187
-255
-295
-315
-319
-305
-261
-203
-107
-19
56
161
251
330
378
423
455
437
413
374
318
270
186
111
68
16
-25
-57
-71
-77
-93
-76
-54
-56
-50
-55
-61
-59
-80
-113
-141
-165
-198
-231
-245
-252
-267
-262
-252
-238
-206
-188
-181
-152
-137
-127
-119
-127
-155
-202
-239
-281
-332
-369
-368
-340
-323
-313
-235
-96
20
114
241
409
535
609
694
794
810
757
704
679
605
442
298
201
84
-67
-173
-218
-268
-346
-359
-312
-260
-236
-202
-124
-56
-31
2
49
63
44
14
12
5
-21
-45
-62
-59
-37
-22
7
49
89
136
161
195
235
234
207
175
150
104
22
-54
-119
-193
-262
-312
-337
-343
-344
-300
-233
-155
-54
28
127
232
317
386
434
475
482
453
426
376
320
250
161
111
53
-2
-43
-62
-71
-85
-93
-77
-74
-86
-87
-100
-97
-118
-153
-176
-194
-214
-238
-253
-246
-245
-244
-226
-198
-175
-153
-134
-108
-79
-76
-71
-67
-72
-109
-169
-198
-239
-299
-344
-362
-322
-285
-283
-238
-113
27
121
213
382
526
601
670
762
823
785
707
673
638
509
350
236
157
29
-109
-163
-187
-245
-296
-287
-225
-187
-177
-142
-75
-27
-15
3
31
37
1
-10
-12
-13
-24
-58
-65
-33
-6
15
36
86
132
146
168
205
229
202
154
129
110
44
-35
-105
-155
-214
-284
-299
-291
-289
-263
-227
-151
-50
16
91
185
273
329
366
416
428
400
372
327
286
234
150
88
45
-2
-45
-73
-82
-106
-130
-127
-121
-121
-130
-149
-155
-151
-176
-197
-209
-212
-226
-242
-227
-222
-218
-202
-186
-164
-142
-134
-124
-113
-114
-118
-132
-142
-173
-230
-270
-309
-349
-387
-409
-372
-313
-301
-260
-138
14
119
201
358
524
612
670
752
832
817
725
685
661
557
386
254
181
70
-75
-151
-180
-237
-303
-310
-254
-211
-215
-184
-115
-63
-44
-33
11
24
-1
-16
-6
3
-9
-28
-27
-6
22
46
75
117
164
185
202
230
255
249
200
174
161
104
27
-33
-88
-148
-214
-246
-249
-256
-234
-193
-140
-48
29
95
188
265
330
360
404
437
401
382
339
282
241
153
88
49
-8
-54
-89
-107
-113
-136
-130
-115
-122
-113
-123
-125
-124
-144
-161
-176
-192
-211
-228
-222
-217
-220
-208
-189
-182
-157
-153
-146
-132
-138
-142
-142
-165
-205
-259
-300
-335
-391
-425
-427
-388
-352
-344
-271
-126
11
102
215
393
541
612
692
796
844
800
718
701
658
504
334
233
142
-6
-136
-186
-225
-308
-359
-323
-269
-246
-244
-188
-107
-81
-62
-21
12
1
-30
-24
-9
-22
-39
-53
-40
-16
3
41
74
110
155
185
216
256
258
230
203
186
147
75
10
-59
-121
-185
-247
-264
-278
-284
-253
-204
-135
-39
30
111
205
284
342
380
425
428
400
381
333
279
228
146
93
48
-9
-43
-71
-76
-90
-103
-82
-83
-88
-84
-97
-103
-114
-139
-168
-180
-200
-221
-233
-229
-231
-235
-213
-202
-183
-163
-159
-142
-128
-133
-133
-136
-156
-200
-257
-290
-333
-384
-411
-406
-354
-320
-306
-217
-63
67
158
280
455
585
651
727
816
846
776
703
681
611
448
286
192
92
-60
-181
-226
-264
-342
-380
-337
-279
-262
-253
-195
-123
-93
-76
-40
-14
-28
-53
-44
-29
-39
-47
-59
-39
-6
21
54
83
135
176
200
233
258
251
217
165
132
88
12
-63
-125
-181
-233
-266
-273
-274
-268
-238
-188
-108
-39
10
77
153
202
234
263
290
288
270
258
244
218
179
143
127
113
80
56
52
39
7
-7
-18
-42
-77
-110
-147
-165
-193
-237
-259
-265
-272
-278
-266
-240
-221
-196
-164
-129
-102
-87
-74
-51
-42
-60
-81
-97
-125
-162
-205
-254
-306
-348
-382
-404
-396
-345
-289
-258
-192
-57
93
187
280
428
556
629
678
744
789
740
658
625
592
473
317
219
151
38
-86
-144
-174
-235
-302
-304
-252
-236
-256
-238
-182
-146
-132
-116
-75
-61
-67
-63
-33
1
-1
-14
7
48
78
95
108
146
177
185
192
207
218
177
121
101
76
10
-61
-121
-162
-214
-266
-276
-271
-268
-238
-193
-120
-32
21
84
172
248
294
324
361
373
348
329
288
241
191
114
61
33
-14
-64
-91
-99
-109
-129
-118
-126
-138
-139
-153
-149
-159
-186
-206
-220
-230
-246
-258
-260
-258
-255
-236
-219
-204
-182
-176
-167
-148
-147
-156
-165
-184
-225
-277
-318
-358
-405
-434
-415
-366
-341
-318
-219
-54
63
152
295
471
594
651
729
823
828
750
689
666
586
401
253
173
63
-92
-194
-226
-275
-352
-374
-316
-269
-260
-245
-173
-105
-90
-65
-30
-9
-24
-31
-20
-3
-9
-21
-20
1
36
61
90
124
167
198
210
223
242
215
159
120
83
32
-57
-131
-178
-228
-274
-296
-288
-270
-254
-223
-157
-71
-2
37
101
172
216
238
265
281
273
258
239
231
214
180
146
144
133
104
76
62
51
16
-15
-39
-73
-124
-171
-206
-233
-262
-303
-320
-322
-321
-315
-293
-261
-226
-194
-161
-125
-96
-82
-78
-72
-73
-92
-123
-148
-178
-216
-262
-317
-362
-396
-429
-453
-451
-395
-330
-295
-237
-107
52
149
233
371
513
586
624
680
742
709
617
574
556
464
298
189
136
42
-89
-161
-183
-225
-304
-326
-269
-246
-265
-261
-204
-150
-140
-129
-83
-52
-57
-59
-33
8
15
1
6
52
90
88
84
123
159
154
140
158
181
139
75
55
52
-2
-82
-128
-143
-182
-237
-253
-240
-229
-213
-170
-97
-14
38
90
185
273
320
348
386
419
407
376
350
306
250
176
108
75
27
-41
-91
-102
-112
-142
-160
-156
-167
-179
-183
-184
-170
-190
-210
-202
-191
-192
-202
-199
-182
-172
-169
-159
-145
-129
-140
-145
-138
-142
-164
-190
-202
-232
-286
-342
-369
-397
-439
-461
-420
-346
-322
-295
-174
-2
113
198
337
508
606
656
732
814
805
706
652
634
538
362
226
146
37
-102
-203
-246
-289
-357
-381
-342
-295
-283
-273
-217
-161
-126
-102
-84
-61
-63
-64
-61
-46
-27
-32
-38
-14
34
69
87
102
146
183
184
180
191
177
115
54
26
-13
-96
-170
-218
-237
-264
-290
-285
-255
-220
-199
-144
-59
11
39
90
161
213
235
237
249
261
251
225
217
205
176
136
123
116
93
55
22
9
-19
-56
-99
-131
-161
-199
-236
-252
-265
-285
-294
-287
-260
-239
-218
-199
-162
-123
-102
-93
-74
-62
-72
-84
-96
-111
-137
-180
-202
-216
-243
-286
-340
-358
-369
-402
-414
-375
-302
-253
-234
-143
15
142
209
309
461
579
624
671
745
777
713
631
615
569
433
275
192
118
-12
-126
-187
-222
-285
-342
-334
-294
-283
-284
-263
-206
-165
-143
-117
-87
-74
-67
-54
-45
-24
-10
-12
-5
32
73
91
91
119
157
162
153
164
169
131
80
52
21
-33
-103
-157
-196
-234
-269
-288
-287
-274
-232
-168
-104
-29
54
121
209
287
344
376
389
404
385
355
304
234
181
111
34
-13
-71
-117
-153
-178
-179
-194
-197
-202
-211
-195
-190
-193
-192
-198
-198
-192
-185
-181
-181
-174
-165
-152
-136
-128
-123
-122
-115
-117
-121
-139
-169
-186
-211
-243
-280
-332
-381
-424
-451
-467
-483
-439
-362
-305
-250
-144
30
178
270
395
554
674
733
768
832
834
736
648
600
523
359
192
99
12
-115
-207
-239
-270
-328
-351
-304
-255
-258
-244
-199
-162
-150
-133
-93
-91
-115
-103
-73
-51
-40
-23
27
64
107
162
209
231
247
269
274
250
227
197
122
56
-2
-63
-128
-194
-234
-261
-269
-257
-239
-207
-155
-103
-47
21
81
124
158
205
228
239
241
229
225
214
187
161
151
127
101
89
78
60
33
10
-18
-47
-79
-113
-153
-190
-215
-236
-247
-262
-270
-261
-245
-223
-198
-163
-144
-127
-99
-84
-70
-71
-86
-100
-112
-129
-158
-189
-215
-237
-262
-276
-291
-308
-338
-366
-371
-374
-382
-381
-340
-253
-191
-148
-55
97
231
316
418
565
663
689
720
766
773
685
578
529
443
284
137
46
-41
-166
-267
-294
-313
-358
-385
-347
-290
-273
-271
-223
-173
-159
-150
-125
-106
-106
-107
-82
-44
-23
-4
33
77
121
164
202
228
256
261
247
230
202
160
86
12
-33
-83
-160
-214
-239
-256
-283
-276
-238
-189
-162
-99
-3
84
151
206
273
339
379
385
386
387
359
302
263
221
154
83
24
-15
-45
-95
-130
-139
-152
-163
-177
-170
-159
-174
-176
-167
-155
-147
-150
-143
-126
-110
-102
-93
-74
-61
-57
-54
-51
-57
-81
-111
-138
-162
-196
-242
-272
-301
-325
-342
-359
-373
-395
-388
-383
-372
-342
-278
-175
-95
-49
60
230
361
430
515
647
721
721
719
748
720
595
466
410
342
179
23
-48
-95
-192
-274
-277
-266
-308
-336
-296
-241
-237
-261
-244
-212
-204
-212
-192
-155
-138
-124
-74
-7
51
99
142
190
241
286
297
286
274
259
203
130
83
31
-48
-131
-177
-190
-223
-262
-255
-218
-185
-164
-124
-63
-11
21
48
99
149
155
146
162
188
186
172
167
174
176
159
144
148
143
113
82
69
53
12
-29
-60
-81
-117
-150
-171
-183
-185
-197
-199
-180
-158
-147
-136
-103
-73
-61
-52
-41
-29
-27
-37
-53
-62
-85
-118
-147
-176
-194
-226
-256
-275
-279
-279
-281
-274
-254
-246
-250
-244
-229
-209
-204
-168
-77
-5
28
85
214
349
410
461
553
638
646
614
622
624
529
393
316
269
172
32
-60
-96
-149
-218
-259
-259
-270
-316
-332
-308
-294
-301
-304
-288
-251
-214
-172
-120
-59
5
65
126
197
259
297
300
297
316
305
253
188
144
96
23
-36
-70
-101
-140
-172
-178
-158
-147
-131
-117
-97
-57
-38
-26
7
35
39
49
88
113
118
139
148
168
193
196
186
184
181
160
135
110
69
30
-1
-42
-72
-93
-124
-146
-153
-157
-162
-161
-162
-161
-146
-135
-125
-107
-92
-81
-76
-60
-53
-48
-57
-75
-92
-108
-138
-175
-199
-226
-246
-268
-271
-263
-250
-244
-230
-194
-173
-174
-184
-186
-191
-203
-217
-199
-130
-68
-41
18
156
297
383
458
555
633
666
658
635
612
536
410
301
219
130
23
-84
-154
-194
-227
-261
-290
-301
-309
-319
-333
-322
-300
-278
-266
-244
-170
-89
-32
26
108
191
249
289
331
359
343
299
266
242
188
118
68
23
-25
-45
-57
-78
-89
-92
-106
-115
-112
-112
-125
-133
-132
-116
-99
-78
-31
11
56
109
166
212
246
274
285
278
266
246
211
167
120
82
48
10
-24
-47
-74
-91
-99
-115
-134
-146
-148
-162
-169
-170
-156
-148
-131
-107
-79
-50
-28
-11
-8
-11
-20
-40
-67
-107
-141
-169
-202
-223
-230
-236
-235
-218
-192
-174
-158
-144
-138
-135
-149
-187
-233
-261
-293
-318
-314
-231
-126
-70
8
161
340
464
543
635
697
698
671
632
589
490
349
233
160
93
10
-81
-137
-171
-207
-238
-277
-303
-336
-379
-394
-384
-358
-319
-276
-217
-121
1
104
178
251
311
346
352
350
345
291
216
167
147
120
90
75
61
56
49
44
21
-11
-64
-143
-206
-252
-289
-330
-352
-313
-229
-148
-52
78
186
273
382
451
461
462
434
375
323
273
186
107
73
42
12
-23
-42
-51
-68
-104
-125
-141
-174
-196
-210
-202
-177
-137
-103
-66
-13
27
56
87
87
56
25
-6
-43
-81
-120
-150
-160
-166
-161
-148
-134
-130
-115
-122
-140
-143
-165
-200
-222
-249
-273
-293
-319
-329
-337
-315
-278
-184
-52
40
121
228
363
499
590
637
658
635
617
601
564
460
342
270
209
130
41
-20
-77
-147
-237
-284
-307
-357
-416
-447
-445
-445
-403
-327
-236
-185
-126
-1
132
204
231
284
316
323
310
315
311
261
217
212
212
182
163
150
101
23
-33
-66
-125
-219
-302
-354
-381
-380
-343
-293
-245
-173
-61
66
160
222
275
326
350
351
359
342
301
262
240
224
188
144
117
67
4
-43
-78
-120
-186
-222
-234
-228
-213
-189
-153
-112
-77
-30
17
34
45
43
40
29
8
-4
-10
-26
-35
-39
-43
-42
-48
-63
-94
-124
-151
-170
-210
-241
-259
-271
-278
-274
-256
-250
-252
-257
-267
-275
-287
-285
-266
-192
-63
68
178
280
415
558
676
739
736
682
628
583
529
418
290
199
141
100
48
-5
-72
-135
-186
-246
-323
-400
-454
-480
-488
-469
-416
-325
-208
-85
30
119
200
278
338
355
334
309
298
291
280
262
255
249
245
225
189
137
55
-28
-110
-215
-313
-383
-410
-416
-410
-371
-304
-211
-99
1
79
143
202
256
284
303
316
314
308
309
315
298
269
245
199
134
72
14
-61
-126
-171
-202
-227
-228
-199
-170
-141
-110
-86
-62
-38
-23
-24
-30
-24
-11
-3
17
31
41
49
55
51
29
2
-27
-62
-106
-145
-184
-213
-234
-252
-271
-280
-283
-286
-281
-276
-272
-264
-250
-250
-239
-231
-221
-202
-154
-49
83
201
303
391
460
522
579
604
575
519
476
457
418
352
289
236
193
162
119
36
-82
-194
-273
-324
-374
-439
-479
-475
-423
-343
-256
-177
-100
-14
84
157
192
193
192
211
236
272
293
294
285
289
294
273
225
167
100
23
-47
-107
-170
-227
-259
-261
-246
-218
-184
-157
-123
-81
-40
-2
30
59
79
102
126
154
174
191
203
201
186
172
149
105
63
21
-22
-59
-87
-110
-130
-150
-154
-149
-141
-145
-146
-130
-100
-77
-43
-8
16
40
59
82
83
64
55
42
33
19
5
-9
-23
-26
-28
-33
-47
-65
-68
-82
-88
-91
-96
-97
-86
-64
-32
-10
7
28
47
59
60
57
45
37
19
7
2
-3
-10
-21
-28
-38
-49
-65
-72
-87
-97
-101
-100
-99
-99
-101
-102
-89
-78
-73
-68
-55
-40
-25
-10
14
34
56
79
109
139
157
168
169
174
176
165
150
138
120
107
100
93
92
83
83
74
68
51
34
22
8
-6
-4
-3
-2
9
20
37
48
54
55
58
49
32
21
10
-2
-11
-8
-8
-7
-6
-2
0
-2
-1
-3
-11
-23
-26
-30
-42
-56
-69
-74
-67
-62
-58
-40
-18
7
31
56
80
88
100
101
100
93
79
70
62
57
49
43
44
37
28
17
-4
-29
-51
-71
-84
-105
-111
-101
-88
-71
-50
-38
-20
0
8
18
15
20
22
20
24
26
26
27
34
38
35
28
10
-1
-8
-26
-41
-59
-76
-89
-101
-114
-123
-134
-150
-158
-165
-169
-173
-166
-160
-150
-134
-115
-96
-70
-38
-8
15
40
58
66
75
78
85
77
77
81
83
82
86
94
105
107
104
103
94
79
68
58
49
49
54
57
65
75
83
91
78
76
65
57
44
24
19
14
11
8
12
16
18
18
18
17
12
1
-7
-17
-34
-49
-59
-62
-63
-65
-59
-43
-29
-9
13
25
39
42
41
40
25
10
4
-8
-9
-9
-3
5
14
23
28
22
12
1
-5
-21
-41
-44
-43
-37
-24
-6
11
28
50
67
70
65
56
49
46
41
34
38
43
49
58
64
62
54
44
31
13
-2
-21
-32
-40
-54
-56
-60
-64
-65
-63
-62
-65
-71
-76
-77
-81
-80
-71
-57
-47
-33
-21
-8
-1
6
6
4
-3
-17
-24
-37
-44
-50
-53
-53
-47
-42
-40
-27
-25
-25
-27
-23
-25
-28
-24
-21
-8
8
16
47
81
114
135
129
117
94
72
32
7
-29
-44
-33
-14
14
26
33
39
44
39
29
5
-24
-43
-43
-31
-21
-13
-11
-6
3
13
16
9
2
2
2
6
19
28
43
57
53
48
32
2
-29
-52
-76
-84
-76
-58
-41
-31
-20
-19
-18
-14
-2
7
9
13
30
48
55
63
60
57
59
59
52
52
54
47
41
41
34
26
17
10
17
16
10
-5
-2
-6
-17
-24
-35
-32
-39
-30
-29
-29
-32
-38
-47
-62
-51
-58
-63
-49
-28
-14
-4
1
16
17
15
9
3
2
-1
14
6
16
24
34
35
25
24
9
-2
-11
-24
-37
-47
-56
-57
-54
-46
-45
-34
-19
-14
-15
-11
-1
-8
5
13
11
20
31
29
33
39
41
34
32
38
20
5
-2
-6
-27
-31
-29
-30
-29
-17
-14
-24
-15
-15
-23
-33
-24
-18
-22
-9
8
14
5
13
22
26
23
14
17
32
37
30
43
33
17
26
13
15
21
-6
0
20
-5
7
30
22
45
41
43
47
36
16
4
-14
-20
-26
-41
-28
-32
-35
-16
-12
-32
-33
-24
-6
11
16
21
20
18
15
-6
-11
-33
-37
-22
-6
1
-9
-12
6
19
-9
1
-3
-19
0
19
-5
13
38
28
47
66
61
54
44
49
46
23
23
22
11
-25
-23
-49
-47
-52
-74
-62
-69
-59
-49
-42
-54
-39
-28
-33
-28
-36
-43
-15
-6
-3
9
22
47
45
25
31
36
10
-3
-4
-9
-11
-11
-18
-17
-31
-27
-30
-45
-46
-30
-41
-55
-48
-57
-63
-57
-39
-33
-18
-15
2
21
14
17
40
35
34
42
30
36
47
45
21
12
7
-19
-13
-19
-43
-47
-45
-41
-55
-49
-50
-47
-44
-45
-38
-36
-24
-15
0
8
19
31
24
2
-2
11
8
-11
4
18
31
42
36
26
13
6
-2
-1
-10
-14
-31
-22
-1
-15
-24
-13
3
-10
-18
-35
-29
-17
-6
14
15
23
42
53
45
51
47
36
56
39
25
19
2
-12
-40
-38
-57
-44
-33
-45
-47
-48
-38
-43
-45
-66
-42
-29
-33
-28
-33
-15
-13
-6
-5
16
25
19
22
12
14
27
21
11
9
8
5
-3
-4
-8
-4
-16
-28
-43
-39
-40
-52
-55
-37
-26
-33
-33
-31
-30
-28
-18
-11
-6
2
18
20
18
19
7
2
-2
-2
-1
7
10
14
10
7
1
-4
-24
-38
-35
-36
-31
-27
-17
-8
-9
-13
-9
-9
0
4
-2
9
12
5
9
23
28
37
29
13
18
16
6
4
9
6
12
14
-1
-18
-17
-10
-21
-23
-19
-29
-39
-53
-53
-31
-27
-18
7
33
23
9
7
17
27
35
28
9
11
24
30
32
21
-2
-9
-22
-30
-34
-47
-45
-46
-35
-36
-30
-32
-29
-17
-14
-1
-13
-7
-6
-10
6
-1
-9
5
11
23
24
21
22
17
16
8
-4
-9
-12
-19
-16
-24
-33
-52
-60
-58
-54
-62
-75
-74
-66
-53
-59
-57
-29
-9
-6
-10
3
18
26
21
12
6
9
15
8
-1
-10
-6
2
-9
-33
-44
-41
-42
-42
-33
-29
-35
-30
-15
-14
-15
-11
-21
-26
-21
-17
-12
-16
-17
-3
4
6
1
0
4
1
-13
-18
-17
-15
-13
-15
-11
-9
-9
-15
-19
-12
-13
-16
-23
-25
-18
-15
-13
-19
-14
-9
1
-5
-15
-15
-12
-9
-10
-2
-4
-6
-5
5
2
-5
-6
-1
-3
-2
-3
-11
-1
5
8
11
8
7
5
6
13
5
-8
4
3
-8
-9
-10
-7
-6
-2
-1
-6
-5
-12
-11
6
0
-8
-2
1
3
5
4
-4
-2
5
-1
-8
-12
-8
-13
-9
-9
-14
-12
-6
-7
-13
-16
-17
-6
4
6
0
0
-6
-14
-17
-24
-35
-41
-38
-41
-42
-47
-48
-42
-37
-39
-38
-43
-46
-47
-46
-41
-33
-28
-27
-23
-23
-25
-19
-12
-15
-22
-19
-23
-32
-28
-28
-29
-22
-27
-32
-34
-26
-23
-33
-38
-40
-34
-31
-29
-25
-27
-21
-9
-15
-24
-22
-20
-17
-12
-10
-8
-6
-4
4
-1
-6
-5
-15
-23
-19
-29
-38
-32
-31
-33
-33
-32
-37
-43
-32
-25
-24
-24
-23
-21
-22
-11
-6
0
1
-1
-7
-7
-9
-9
0
-1
-2
-2
2
9
9
7
7
-1
-16
-17
-18
-22
-16
-15
-15
-7
-13
-11
-16
-16
-16
-25
-28
-28
-16
-11
-1
-2
2
4
5
13
8
5
-6
-21
-25
-30
-39
-39
-38
-39
-37
-39
-39
-34
-32
-34
-26
-25
-27
-25
-23
-23
-23
-15
-11
-10
-13
-7
1
4
4
10
6
5
9
8
0
-4
-3
-9
-13
-22
-29
-42
-46
-47
-52
-54
-48
-43
-33
-30
-25
-21
-15
-4
-6
-6
-14
-10
-10
-11
-12
-9
-3
-22
-35
-35
-42
-43
-38
-37
-39
-37
-35
-43
-40
-32
-33
-37
-36
-37
-30
-23
-19
-6
-8
-12
-19
-19
-23
-32
-34
-33
-31
-30
-28
-30
-29
-26
-31
-33
-31
-35
-40
-38
-38
-43
-48
-52
-48
-52
-52
-53
-50
-43
-38
-27
-27
-19
-15
-16
-16
-26
-30
-35
-34
-30
-30
-31
-26
-26
-29
-26
-33
-37
-37
-42
-51
-50
-52
-58
-62
-67
-65
-60
-58
-54
-50
-43
-40
-33
-31
-33
-27
-33
-32
-31
-29
-21
-10
-5
-1
-1
-2
1
0
-6
-9
-13
-13
-18
-17
-24
-27
-32
-34
-34
-39
-38
-36
-33
-33
-32
-31
-29
-24
-18
-13
-8
-14
-16
-22
-19
-17
-20
-20
-22
-24
-26
-28
-37
-38
-41
-48
-53
-55
-52
-49
-40
-33
-29
-22
-17
-16
-17
-19
-23
-20
-19
-15
-11
-14
-17
-14
-15
-19
-21
-15
-20
-19
-12
-9
-8
-13
-13
-16
-20
-22
-27
-32
-30
-28
-30
-23
-24
-18
-15
-15
-12
-10
-12
-13
-9
-9
-11
-13
-18
-16
-27
-36
-36
-36
-38
-42
-42
-43
-44
-45
-50
-52
-60
-62
-62
-61
-59
-55
-51
-51
-46
-43
-42
-49
-46
-46
-43
-47
-49
-48
-41
-38
-37
-29
-28
-19
-18
-16
-8
-6
-9
-4
-2
-10
-16
-18
-26
-29
-26
-28
-27
-26
-24
-25
-27
-27
-22
-26
-26
-20
-26
-28
-32
-37
-46
-45
-40
-44
-45
-43
-38
-34
-29
-29
-32
-33
-33
-35
-37
-40
-42
-42
-38
-37
-38
-37
-40
-33
-28
-30
-28
-22
-18
-17
-15
-19
-13
-13
-15
-15
-15
-17
-13
-10
-12
-13
-14
-7
-10
-13
-17
-17
-16
-17
-16
-13
-12
-13
-9
-5
-2
1
3
4
9
6
8
2
-1
-2
-6
-9
-15
-19
-23
-25
-25
-29
-34
-30
-30
-31
-34
-37
-36
-39
-39
-45
-50
-46
-47
-49
-46
-40
-38
-41
-37
-37
-40
-37
-42
-41
-33
-34
-34
-31
-27
-26
-26
-21
-26
-26
-24
-22
-23
-22
-20
-21
-18
-16
-16
-18
-18
-14
-18
-18
-23
-23
-22
-27
-27
-30
-30
-31
-30
-32
-35
-34
-37
-42
-36
-39
-40
-36
-44
-42
-39
-37
-34
-34
-36
-37
-39
-32
-28
-27
-25
-27
-23
-25
-33
-37
-37
-43
-48
-48
-52
-52
-48
-51
-45
-44
-46
-43
-42
-39
-39
-36
-30
-24
-20
-16
-9
-9
-12
-12
-13
-13
-14
-16
-15
-16
-13
-10
-9
-2
4
6
6
3
-4
-3
-4
-7
-15
-14
-18
-23
-25
-29
-29
-26
-22
-18
-19
-18
-18
-22
-18
-22
-23
-26
-22
-18
-15
-11
-6
-7
-6
-6
-11
-10
-8
-7
-13
-21
-19
-19
-20
-18
-18
-13
-13
-13
-13
-11
-11
-12
-10
-9
-10
-7
-7
2
4
3
6
4
4
2
-8
-10
-17
-19
-22
-27
-27
-25
-24
-26
-28
-34
-34
-34
-38
-40
-42
-43
-42
-40
-39
-39
-39
-36
-29
-27
-26
-25
-21
-17
-16
-20
-19
-18
-21
-14
-12
-15
-15
-16
-22
-24
-26
-28
-32
-36
-34
-33
-36
-37
-34
-30
-31
-30
-30
-25
-26
-32
-27
-28
-27
-19
-15
-13
-9
-7
-6
-1
0
-4
-4
-4
-5
-7
-10
-15
-18
-20
-27
-30
-35
-35
-39
-35
-34
-37
-31
-31
-28
-23
-22
-22
-27
-28
-24
-24
-18
-19
-20
-10
-10
-4
-6
-3
-4
-6
-8
-7
-7
-12
-10
-6
-5
-6
-7
-9
-4
-8
-6
-12
-9
-9
-7
-3
-2
2
1
4
3
6
5
1
-2
-3
-1
0
-6
-7
-6
-10
-8
-6
-7
-8
-7
-10
-8
-7
-9
-8
-6
-10
-9
-6
-11
-13
-7
-7
-7
-6
-10
-8
-12
-9
-14
-12
-5
-8
-7
-8
-3
-2
2
-3
4
-1
-4
1
0
1
-2
-5
-3
-4
-9
-5
-1
-6
-2
-2
-4
-6
-12
-10
-11
-20
-23
-21
-23
-23
-26
-25
-28
-35
-31
-27
-25
-25
-22
-18
-17
-16
-14
-13
-17
-19
-18
-20
-19
-20
-19
-18
-19
-19
-16
-15
-16
-13
-12
-11
-15
-12
-11
-21
-13
-11
-14
-20
-18
-12
-14
-16
-15
-10
-13
-12
-13
-12
-12
-12
-13
-14
-14
-15
-15
-21
-18
-17
-17
-14
-23
-19
-19
-22
-20
-23
-22
-22
-21
-24
-25
-24
-27
-26
-24
-22
-21
-24
-28
-24
-25
-25
-18
-17
-12
-17
-14
-15
-15
-11
-10
-10
-12
-10
-9
-6
-7
-8
-6
-6
-6
-5
0
0
3
1
-1
-2
0
1
0
5
1
3
6
3
3
1
-1
-3
-8
-9
-9
-8
-7
-4
-5
-6
-4
-8
-11
-10
-8
-11
-7
-6
-8
-7
-5
0
-1
-1
0
3
3
3
5
8
7
9
9
7
5
7
4
6
7
3
-4
-3
0
1
-5
-6
-2
-9
-3
-2
-5
-1
-2
-1
0
3
2
3
1
1
-3
-2
-7
-7
-3
-4
-3
-3
-2
0
1
-1
-3
-7
-5
-6
-12
-11
-9
-15
-18
-15
-19
-17
-18
-13
-12
-20
-13
-19
-15
-10
-12
-14
-9
-12
-17
-18
-13
-16
-16
-12
-17
-21
-16
-20
-24
-20
-20
-18
-17
-17
-17
-12
-14
-12
-13
-8
-11
-8
-5
-5
-7
-7
-4
-9
-4
-6
0
-5
-5
-2
-6
-2
-10
-7
-7
-9
-7
-9
-12
-11
-16
-15
-16
-18
-13
-18
-23
-25
-21
-18
-20
-18
-15
-13
-12
-14
-7
-14
-8
-5
-5
-4
-6
-4
-3
-4
0
0
1
6
2
2
1
-2
1
-3
-1
-1
-4
-2
-6
1
2
-5
2
4
7
7
6
7
8
13
15
15
17
19
16
16
15
15
13
10
11
8
3
3
-5
-7
-6
-9
-13
-17
-17
-24
-25
-26
-28
-25
-23
-25
-28
-23
-22
-25
-22
-21
-24
-25
-25
-26
-25
-27
-21
-24
-24
-19
-21
-20
-19
-20
-22
-18
-23
-19
-15
-15
-15
-14
-11
-6
-8
-9
-3
-4
-5
-3
-3
-5
-4
-3
-4
-6
-5
-5
-7
-11
-11
-9
-11
-19
-19
-20
-23
-25
-28
-31
-30
-28
-27
-29
-26
-22
-23
-25
-22
-17
-14
-14
-16
-11
-14
-13
-16
-15
-10
-10
-9
-10
-8
-7
-5
-6
-11
-9
-12
-7
-12
-13
-12
-11
-8
-13
-7
-4
-6
0
4
10
12
13
15
20
26
24
27
28
30
27
23
25
23
24
21
20
20
21
23
16
17
16
18
14
8
8
5
4
6
3
1
7
5
5
8
8
11
11
8
12
12
8
12
14
13
14
12
11
13
13
13
10
10
11
11
10
11
8
13
13
15
16
14
17
11
8
8
11
11
9
8
12
7
6
11
12
9
8
6
6
7
4
0
-7
-10
-8
-12
-11
-9
-8
-14
-18
-17
-20
-18
-20
-15
-13
-17
-12
-16
-14
-12
-15
-14
-13
-13
-9
-9
-10
-5
-2
-2
-2
-2
-1
-4
-7
-8
-7
-4
-9
-5
-8
-6
-9
-10
-8
-11
-11
-13
-7
-10
-3
-4
-2
3
1
-1
-1
2
5
6
4
4
2
7
5
6
6
3
-2
3
7
7
7
7
7
1
-3
1
-2
-6
-2
-11
-12
-11
-12
-11
-13
-11
-7
-8
-8
-4
-7
-7
-6
1
2
1
2
1
5
4
7
5
2
8
14
12
12
15
12
14
16
14
15
14
12
12
13
14
12
8
11
16
14
10
13
14
9
8
10
9
8
11
10
11
15
13
16
16
14
7
8
10
8
10
9
7
9
10
9
8
8
3
2
1
4
0
-2
1
-5
-2
-5
-9
-8
-7
-7
-1
-4
-6
-3
-3
-2
-2
-3
-3
-5
-5
2
4
3
6
4
7
7
3
8
8
11
10
11
14
10
14
14
16
12
13
14
16
10
6
8
6
7
6
4
2
4
4
4
5
-1
-1
-2
-7
1
-1
3
3
3
9
7
8
9
6
9
14
17
17
19
18
21
20
21
20
21
17
17
17
18
18
13
16
15
15
13
12
10
10
11
13
8
12
12
11
11
11
9
7
7
11
7
5
4
6
4
4
1
1
4
4
6
3
4
1
4
5
7
2
6
3
3
3
0
0
-3
-3
-1
0
-1
2
3
7
5
7
8
8
10
9
12
8
10
3
0
2
-4
-1
4
1
2
4
2
3
2
0
1
1
-1
-2
-9
-7
-7
-4
-1
0
1
1
4
5
6
7
8
4
2
7
4
7
5
1
4
-1
-2
-3
-7
-5
-6
-6
-1
0
-2
-1
2
0
5
6
8
9
5
9
12
11
15
16
13
13
15
17
15
17
19
17
15
19
18
19
15
17
15
13
15
16
12
11
14
10
10
10
9
9
12
10
11
10
12
14
7
7
11
10
13
14
13
14
15
15
14
13
11
10
11
12
15
13
13
14
12
11
15
10
9
11
8
12
7
11
12
10
8
12
12
12
9
9
10
8
11
8
6
10
14
10
11
14
13
10
10
11
11
10
8
7
5
7
6
7
3
5
3
2
3
5
2
3
6
-1
4
4
3
7
2
1
2
1
3
2
1
4
8
5
4
6
9
5
8
7
6
5
8
8
12
14
12
10
11
11
14
15
9
10
11
12
7
10
8
9
7
5
2
6
0
2
-2
-4
-2
1
3
1
-1
-1
3
-1
2
-1
1
0
3
5
1
4
2
5
7
0
3
10
7
10
7
9
5
13
12
9
9
13
16
11
14
12
17
15
20
19
18
16
16
22
17
16
15
18
18
20
20
17
17
18
17
18
23
20
21
22
21
22
22
23
22
23
25
24
21
22
23
22
19
19
18
17
18
17
13
15
12
12
7
7
8
5
8
6
6
8
4
6
1
1
3
-2
3
4
0
2
1
-4
5
3
3
9
5
4
8
11
9
8
5
5
4
2
4
5
2
0
-2
1
4
2
3
4
3
6
8
4
3
4
2
6
5
8
8
5
4
0
1
2
3
4
6
6
9
12
9
8
9
13
14
8
9
8
5
7
8
9
11
8
7
10
10
12
15
16
17
13
17
19
19
19
19
19
21
21
17
17
14
17
16
17
16
12
8
8
10
6
8
4
9
9
3
11
10
9
15
15
16
13
10
10
12
9
11
15
10
14
14
14
14
13
11
10
11
11
14
9
11
13
13
9
11
19
12
15
14
17
20
16
22
23
25
25
26
28
26
24
28
27
25
23
19
23
20
19
20
18
17
15
15
12
12
12
12
14
11
12
14
12
12
13
11
10
16
16
16
20
21
21
20
20
17
19
17
17
12
11
14
11
14
10
14
11
12
11
8
13
10
11
10
12
14
13
17
16
14
18
22
23
24
20
22
27
27
23
26
28
23
23
22
20
20
17
21
15
12
14
10
10
9
9
9
17
13
13
14
14
15
10
15
14
14
11
15
18
14
15
15
10
9
16
17
16
14
13
11
12
10
11
4
4
1
6
5
-1
6
6
5
8
8
12
9
11
11
9
12
11
17
19
17
18
18
17
15
14
12
12
10
8
8
11
12
9
10
4
-1
6
3
0
2
5
10
9
10
14
14
16
19
19
21
21
19
17
15
22
20
16
19
20
20
22
21
21
22
23
20
19
21
18
20
22
19
16
19
21
20
23
25
24
26
26
29
32
26
28
29
28
23
26
24
23
21
20
17
17
13
11
10
9
10
4
5
3
2
1
0
4
6
4
0
0
5
5
1
4
3
5
4
2
2
3
6
5
3
5
5
6
3
5
6
3
3
1
-3
0
0
-2
3
0
4
8
7
4
6
9
8
7
9
11
5
6
10
4
4
4
7
7
8
9
3
4
7
8
7
6
2
5
3
2
6
1
4
-5
3
6
3
9
8
9
9
11
12
11
10
8
10
11
11
13
8
9
9
8
12
12
14
12
11
12
12
12
12
13
9
12
20
20
18
23
18
21
29
23
25
23
22
25
27
27
27
27
26
27
23
26
26
23
25
20
19
20
18
16
17
22
19
22
20
23
25
23
28
20
25
28
26
32
33
31
32
33
31
33
31
30
28
29
31
27
28
28
25
23
22
22
18
15
16
15
12
14
15
18
20
20
17
15
13
19
15
14
15
16
16
10
11
11
8
8
10
8
10
11
9
9
8
7
7
6
6
7
3
4
4
5
4
0
2
1
4
4
3
3
6
7
3
4
5
8
2
5
4
1
3
0
3
3
-1
1
-2
-1
-3
0
1
5
6
4
2
2
3
1
5
9
8
5
6
4
7
7
8
7
8
12
12
8
10
8
8
6
4
1
-6
-4
-6
-8
-9
-10
-9
-4
-4
-4
-3
-9
-7
-8
-2
0
-3
-3
-2
-7
-5
-1
2
3
-2
-3
-1
1
1
0
4
5
6
9
8
10
13
15
15
18
15
19
15
12
19
17
18
21
24
20
21
24
27
25
24
22
20
20
19
21
19
21
21
21
21
22
22
19
16
16
19
18
19
16
17
12
16
12
10
12
13
11
11
15
11
13
14
9
8
9
9
3
2
8
4
5
4
2
-1
-1
-2
-5
-2
-4
-3
-6
-2
-4
-3
-8
-7
-12
-12
-11
-14
-8
-7
-7
-12
-4
-11
-9
-7
-9
-7
-8
-10
-11
-11
-9
-12
-13
-13
-9
-12
-12
-13
-12
-9
-13
-9
-9
-8
-3
-3
-7
-2
-2
1
-1
1
4
1
-1
-3
-2
-2
-1
-3
-7
-3
-4
-8
-3
-3
-7
-1
-1
0
-1
-4
-3
-2
0
-1
-1
-2
-1
0
1
-3
-3
-2
-3
-1
-2
-3
-5
-4
-5
-8
-9
-12
-6
-8
-6
-4
-4
0
-1
-3
1
4
2
4
5
2
5
11
16
13
12
13
13
14
11
14
16
18
22
19
16
13
17
15
15
12
15
16
16
14
16
15
7
11
7
9
9
9
12
11
12
11
17
16
17
18
15
20
18
