1
1
1
1
0
0
-3
2
1
-2
0
0
-5
-3
-2
-5
-3
-4
-2
-3
-3
0
-2
-4
-4
-4
-2
0
-3
-3
-4
-6
-6
-7
-9
-6
-10
-11
-10
-6
-12
-12
-14
-10
-8
-12
-15
-18
-10
-14
-13
-16
-10
-11
-10
-8
-9
-9
-13
-9
-14
-20
-23
-24
-21
-28
-28
-30
-26
-21
-25
-23
-17
-19
-20
-17
-15
-10
-8
-12
-10
-11
-12
-11
-11
-14
-12
-13
-17
-16
-13
-13
-18
-15
-15
-14
-13
-10
-13
-13
-15
-16
-20
-22
-17
-19
-19
-19
-17
-24
-20
-21
-21
-22
-23
-22
-22
-21
-28
-23
-22
-21
-22
-25
-24
-28
-29
-24
-24
-26
-26
-25
-30
-23
-27
-25
-23
-24
-22
-24
-18
-14
-15
-18
-19
-13
-16
-15
-8
-16
-17
-17
-18
-19
-17
-16
-11
-10
-9
-6
-7
-13
-9
-14
-10
-5
-9
-9
-17
-16
-12
-16
-9
-10
-18
-11
-13
-18
-18
-17
-14
-14
-12
-12
-15
-13
-9
-9
-6
-3
-6
-4
-5
-4
-1
-3
-4
1
1
-3
-3
3
-1
-1
2
1
1
-1
-5
-2
-6
-6
-9
-6
-6
-10
-12
-11
-6
-5
-10
-14
-10
-10
-8
-8
-11
-13
-13
-10
-4
-9
-6
-6
-6
-2
-3
-4
-6
-4
-3
0
1
-1
1
0
-1
-2
-2
1
-2
-5
-5
-1
-1
3
0
0
0
-2
-4
-2
-3
-5
-7
-12
-10
-5
-8
-13
-11
-14
-17
-19
-17
-20
-20
-19
-21
-25
-25
-22
-28
-28
-28
-27
-24
-22
-28
-26
-25
-25
-27
-25
-25
-26
-21
-25
-23
-22
-23
-24
-25
-25
-24
-25
-20
-26
-24
-22
-21
-16
-22
-22
-24
-23
-24
-25
-22
-22
-20
-18
-15
-15
-13
-12
-16
-20
-13
-14
-17
-12
-10
-12
-16
-14
-13
-10
-12
-7
-9
-8
-11
-10
-6
-4
-3
-5
-1
-5
-2
-4
-1
-2
-5
-1
-4
-2
-1
-4
-3
0
0
1
4
3
2
7
7
4
0
1
1
-2
-1
-3
-2
-6
-4
-2
-8
-7
-7
-4
-3
-1
-3
-4
0
2
-3
0
0
1
-2
-2
0
-3
-4
-4
-6
-5
-5
-7
-9
-12
-8
-11
-3
-1
-3
-2
-2
-2
-3
-5
-4
-2
-5
-5
-3
0
-2
0
-1
-1
1
4
7
4
1
-1
-2
1
-2
-1
-1
-2
-4
-2
-3
-6
-8
-9
-5
-8
-13
-9
-12
-11
-17
-16
-13
-18
-17
-18
-17
-15
-13
-19
-19
-17
-16
-17
-16
-13
-16
-18
-14
-12
-16
-17
-16
-14
-13
-12
-15
-14
-15
-14
-15
-13
-13
-12
-9
-9
-8
-7
-3
-3
-5
-4
-3
-6
-5
-2
-4
-5
-8
-11
-7
-6
-3
-9
-11
-8
-9
-6
-9
-9
-11
-6
-1
-2
-3
-4
-4
-2
2
0
0
-1
0
5
4
4
3
4
1
4
2
4
9
9
10
10
10
12
12
12
13
12
9
10
13
13
16
17
12
12
15
15
11
13
16
14
10
7
6
-4
-6
-3
-10
-7
-3
-2
-1
-4
-4
1
-7
-5
-7
-4
-2
0
2
-2
-2
-1
1
1
-2
-7
2
-2
-5
-2
-1
-4
-4
-2
-4
-4
-2
-4
-4
-3
-4
0
0
-4
-4
-5
-4
-3
-2
-4
-7
-5
-4
-7
-4
-3
-8
-12
-10
-11
-9
-7
-6
-14
-14
-15
-15
-13
-12
-13
-16
-18
-18
-14
-13
-16
-14
-16
-20
-23
-20
-20
-22
-21
-22
-17
-20
-19
-18
-16
-18
-19
-15
-16
-15
-15
-17
-15
-16
-18
-13
-11
-14
-15
-14
-12
-10
-9
-10
-10
-7
-6
-6
-7
-5
-6
-8
-7
-10
-6
-7
-5
-4
-7
-8
-8
-7
-4
-7
-4
-3
-7
-8
-10
-8
-7
-11
-7
-7
-10
-11
-12
-10
-15
-16
-11
-7
-3
-3
-3
-5
0
1
3
-3
-4
-1
2
2
1
3
0
3
-4
-3
-2
2
0
5
3
1
6
6
5
9
7
6
8
9
11
10
8
6
9
10
10
6
7
7
7
7
4
8
9
6
7
6
7
10
6
5
2
4
3
1
1
-2
1
3
0
2
0
-4
-3
-5
-4
-5
-7
-3
-4
-7
-2
-10
-4
-1
1
2
-5
-1
-2
-2
-4
-2
-2
-6
-5
-8
-5
-5
-7
-10
-11
-15
-9
-7
-10
-6
-7
-5
-5
-7
-6
-3
-3
-2
3
-2
-3
-3
-4
-3
-3
-1
-6
-8
-8
-9
-8
-7
-6
-10
-11
-9
-10
-9
-10
-7
-8
-7
-10
-5
-5
-10
-8
-7
-5
-12
-15
-15
-17
-15
-15
-17
-17
-17
-15
-14
-16
-15
-16
-16
-15
-15
-15
-12
-10
-8
-9
-6
-5
-8
-8
-9
-6
-5
-2
-2
0
9
4
7
9
7
8
6
6
8
1
4
7
2
3
9
9
10
12
13
11
10
11
11
6
7
9
13
14
12
14
14
16
16
12
12
9
13
8
8
9
5
10
7
7
8
5
8
8
5
6
8
12
12
14
13
14
9
14
11
9
10
7
6
7
6
5
5
0
-6
-5
-3
-6
2
5
5
2
3
4
-3
-5
2
-4
-5
0
-4
-2
-1
-2
0
-5
-8
-5
-3
-7
-7
-1
-4
-7
-7
-8
-12
-7
-5
-6
-2
-6
-4
-6
-12
-8
-6
-5
-8
-8
-8
-11
-10
-5
-6
-7
-3
-3
-5
-5
-3
-6
-8
-5
-3
-4
-8
-6
-6
-10
-10
-13
-14
-12
-15
-14
-15
-11
-13
-15
-9
-7
-4
-4
-4
-4
-7
-7
-4
-5
-2
3
4
1
2
-5
-1
2
-2
4
1
0
-6
-6
-5
-6
1
-2
-2
-1
-2
-1
1
2
-1
3
3
4
6
13
16
12
9
11
12
12
13
13
12
14
15
14
16
16
18
15
14
14
16
13
9
7
12
15
10
13
17
13
15
14
5
11
12
9
4
8
7
10
12
10
13
10
12
10
7
13
10
8
9
9
6
7
6
7
6
6
2
2
3
1
2
0
-1
-2
0
-3
-3
-4
-5
-5
-10
-12
-13
-15
-12
-12
-15
-15
-17
-21
-19
-22
-20
-22
-20
-22
-21
-18
-19
-20
-22
-19
-14
-15
-19
-20
-20
-17
-15
-17
-21
-23
-19
-19
-26
-22
-23
-20
-19
-22
-22
-21
-24
-28
-27
-27
-25
-25
-25
-22
-21
-23
-17
-15
-18
-18
-20
-17
-16
-17
-23
-18
-24
-26
-20
-18
-17
-22
-23
-20
-20
-18
-19
-18
-20
-22
-17
-16
-18
-14
-16
-17
-11
-14
-10
-10
-10
-8
-8
-12
-7
-3
-5
-3
0
-1
-1
-2
1
4
6
7
4
5
3
7
6
6
6
6
7
1
6
9
10
11
14
14
10
10
17
16
19
20
20
20
18
15
16
15
13
15
17
15
16
16
17
21
16
16
18
13
12
10
11
11
5
6
6
5
6
6
2
-1
-3
-8
-1
-6
-5
-6
-5
-4
-5
-7
-12
-13
-9
-8
-7
-11
-10
-11
-8
-7
-8
-10
-10
-10
-10
-12
-15
-11
-12
-14
-15
-14
-16
-17
-15
-21
-20
-18
-20
-17
-14
-16
-17
-21
-24
-36
-31
-31
-29
-23
-28
-26
-25
-26
-26
-20
-19
-22
-16
-17
-17
-13
-16
-15
-19
-20
-19
-22
-20
-17
-22
-21
-21
-19
-22
-21
-19
-23
-21
-23
-22
-19
-19
-20
-21
-22
-23
-24
-20
-18
-19
-21
-22
-22
-23
-19
-18
-18
-20
-24
-24
-24
-21
-17
-15
-12
-10
-9
-6
-2
-1
-3
-8
-4
-6
-4
-8
-4
-1
-4
-2
-2
0
-2
0
-2
2
3
2
-3
1
2
-3
1
2
2
4
2
-5
-6
-6
-5
-2
-2
-3
-3
-2
-1
-2
-4
-2
-3
3
-1
-3
-3
-4
-4
-3
-7
-10
-5
-4
-6
-5
-7
-5
-11
-9
-8
-8
-5
-5
-7
-13
-9
-10
-11
-12
-14
-14
-17
-20
-16
-21
-16
-16
-16
-13
-17
-22
-19
-18
-18
-14
-15
-14
-15
-13
-16
-18
-19
-24
-25
-26
-26
-24
-24
-19
-21
-24
-21
-25
-26
-20
-24
-28
-25
-24
-23
-25
-28
-30
-31
-30
-26
-26
-30
-32
-29
-29
-30
-28
-26
-23
-21
-24
-22
-21
-21
-19
-20
-20
-25
-21
-19
-21
-20
-23
-24
-24
-22
-14
-14
-16
-17
-14
-12
-14
-11
-12
-10
-12
-13
-8
-13
-16
-12
-15
-10
-13
-11
-13
-13
-11
-11
-10
-11
-11
-8
-11
-13
-11
-11
-8
-6
-5
-8
-7
-4
-4
0
-3
-1
2
-2
-8
-4
0
1
5
9
7
4
10
10
13
9
7
13
13
11
18
16
21
19
16
19
21
19
17
24
20
21
21
20
21
20
18
18
19
15
15
11
10
12
10
10
9
9
9
8
9
6
4
3
1
3
1
-3
1
-2
-5
1
-1
-2
-2
-3
-4
-1
-3
-4
-5
-10
-5
-8
-7
-6
-13
-9
-4
-8
-6
-9
-4
-8
-7
-9
-12
-8
-14
-11
-5
-6
-6
-4
-6
-4
-3
-8
-9
-11
-13
-11
-14
-14
-15
-17
-20
-14
-15
-13
-13
-14
-18
-16
-15
-17
-17
-23
-19
-19
-20
-21
-19
-17
-13
-20
-19
-16
-16
-16
-18
-17
-13
-15
-19
-23
-20
-17
-15
-18
-17
-19
-20
-19
-15
-14
-14
-6
-10
-12
-14
-8
-10
-11
-5
-10
-8
-6
0
1
2
0
1
3
1
4
3
8
5
2
6
9
8
8
7
9
9
9
8
9
7
6
9
5
8
8
8
12
15
15
14
16
14
20
16
14
15
13
14
13
15
20
18
19
22
21
24
23
25
25
27
25
24
21
20
21
22
21
19
14
16
15
14
15
10
11
12
10
9
9
8
5
8
7
9
2
-2
-3
-2
-3
-5
-8
-8
-11
-12
-13
-18
-13
-10
-11
-18
-12
-22
-27
-28
-25
-22
-22
-16
-14
-11
-12
-12
-14
-7
-9
-9
-11
-10
-12
-13
-12
-14
-12
-8
-15
-9
-9
-11
-7
-4
-5
-4
-6
-6
-4
-6
0
-9
-7
-2
-6
-4
-7
-6
-6
-4
-4
-5
-6
-7
-7
-5
-5
-3
-7
-4
-7
-8
-6
-8
-8
-8
-5
-7
-6
-2
-4
-9
-7
-7
-10
-7
-5
-5
-8
-4
-1
-3
-6
-6
-2
-2
-3
-1
3
2
4
5
6
6
6
7
8
6
10
6
2
5
5
7
6
10
10
5
11
14
9
11
14
15
12
17
20
12
14
13
13
12
12
16
17
17
16
15
15
17
13
21
18
16
21
18
19
21
18
18
18
21
21
14
17
15
16
12
10
18
11
15
11
15
13
12
14
10
10
8
6
6
6
0
1
2
1
2
-3
-3
0
-5
-4
-9
-8
-8
-6
-5
-11
-11
-10
-10
-9
-10
-7
-10
-8
-9
-8
-5
-4
-1
-9
-9
-15
-15
-17
-15
-7
-9
-4
-6
-11
-13
-12
-11
-19
-19
-15
-16
-17
-15
-17
-22
-18
-20
-24
-18
-22
-24
-20
-25
-23
-23
-22
-22
-24
-25
-23
-21
-23
-20
-23
-25
-25
-25
-22
-23
-25
-23
-23
-24
-23
-23
-28
-23
-18
-25
-26
-21
-27
-23
-15
-21
-26
-23
-19
-28
-16
-12
-23
-16
-6
-19
-20
-6
-17
-27
-3
-6
-24
-9
-3
-16
-12
-1
-15
-15
2
-11
-14
-1
-18
-15
2
-11
-22
5
-1
-21
5
9
-14
-11
24
-5
-22
21
13
-18
10
23
-12
-1
9
1
5
-3
3
22
0
-14
30
13
-14
28
28
-25
18
31
-9
0
35
-2
-5
25
-3
3
12
8
-15
18
13
-20
6
27
-27
-19
27
-17
-25
19
-8
-27
14
-11
-27
15
-8
-30
7
0
-34
-2
6
-28
-9
18
-29
-19
17
-20
-31
14
-13
-29
3
-10
-24
-20
-7
-16
-16
-17
-5
-9
-19
-8
-10
-8
-19
-16
-8
-9
-27
-20
-7
-24
-21
-9
-22
-32
-6
-5
-42
-16
-5
-25
-24
-13
-28
-12
-17
-32
-10
-20
-38
-29
-7
-40
-14
-13
-37
-12
-15
-33
-17
-2
-36
-10
1
-36
-14
4
-38
-9
11
-42
-11
8
-50
-18
13
-47
-19
-5
-28
-1
-37
-22
6
-43
-22
12
-31
-28
16
-31
-36
1
-13
-12
-28
-6
-2
-29
-16
20
-17
-19
28
-9
-11
0
7
-1
-16
0
25
-18
-25
29
12
-40
7
29
-23
-17
33
-5
-26
29
20
-22
-2
37
-4
-19
29
14
-13
-21
28
3
-34
10
26
-15
-13
36
-3
-24
-5
41
-22
-32
30
0
-39
3
17
-32
-12
-1
7
-32
-15
-12
1
-35
-24
9
-26
-24
2
-12
-27
5
-15
-14
3
-11
-21
-2
-17
-8
-5
-21
-23
2
-8
-31
-8
-3
-9
-29
-15
2
-30
-36
6
-36
-36
4
-37
-30
-8
-19
-49
-2
-21
-39
-18
-9
-31
-15
-27
-28
-19
-20
-34
-43
-13
-26
-28
-37
-26
-24
-26
-60
-26
-14
-42
-49
-11
-23
-56
-21
-8
-48
-22
-33
-23
-31
-27
-27
-46
-15
-22
-58
-20
-6
-51
-50
17
-77
-31
-3
-52
-66
26
-29
-106
7
20
-106
-51
58
-89
-58
22
-25
-67
-13
6
-70
-19
21
-55
-56
55
-61
-68
40
-19
-70
20
-7
-38
-8
3
-24
-17
18
-37
-14
29
-42
-3
-1
-12
-11
0
-38
2
24
-39
-26
-2
35
-52
-30
29
-17
-49
7
-11
-20
-7
-28
16
-30
1
-9
-19
-28
26
-19
-63
39
0
-85
11
22
-39
-47
14
23
-66
-15
22
4
-59
24
16
-22
-23
16
-3
-25
-3
1
-21
-21
18
-48
21
-32
-9
5
-25
-23
0
9
-44
4
3
-28
-15
23
-42
-17
37
-60
-9
39
-37
-45
34
13
-65
-9
41
-28
-73
43
-19
-36
-17
-11
-28
-13
-39
-13
2
-50
-32
18
-36
-33
18
-53
-3
-8
-45
-35
32
-39
-62
51
-55
-19
-23
4
-35
-28
8
-51
-2
-50
-1
-25
-8
-52
-7
13
-71
-17
0
-10
-95
58
-32
-65
3
3
-45
7
-30
-15
36
-61
-27
37
-11
-83
63
-30
-49
7
-35
-31
10
-74
-1
15
-54
-49
37
-4
-101
36
7
-64
-31
57
-83
-12
32
-28
-18
15
-17
-3
-2
-40
5
1
-33
-20
24
-39
-19
3
14
-39
-30
32
-25
-35
12
-14
-11
-27
21
-6
-32
9
17
-12
-19
34
-33
20
6
0
-15
18
-3
0
5
-18
22
0
-3
-15
28
-8
-8
9
17
-29
11
27
-23
-25
24
24
-67
25
10
7
-42
9
28
-20
-54
58
-2
-63
42
22
-48
-5
27
-22
-36
13
7
-18
-27
-4
29
-45
-40
35
3
-80
4
36
-65
-41
21
-1
-68
-22
33
-55
-60
30
-25
-54
2
-16
1
-58
6
-7
-42
-37
-5
-17
-48
-47
18
-54
-19
-32
-14
-13
-34
-31
5
-22
-56
8
-10
-49
-29
15
-30
-54
2
25
-91
5
16
-40
-36
-1
21
-89
4
1
-21
-51
-15
17
-45
-53
11
-13
-67
-12
-4
-27
-57
15
-32
-50
6
-29
-8
-21
-10
-1
-53
3
10
-36
-32
14
-32
-40
-5
7
-28
-55
15
17
-102
45
-9
-41
-28
44
-51
-36
35
-29
-31
-5
-3
-20
-17
-15
2
-17
-34
-10
-11
-8
-51
-21
26
-75
-6
-2
-27
-27
-33
8
-12
-62
20
-19
-37
10
-31
-10
-16
0
-12
-20
2
-26
9
-40
21
-54
20
-21
-12
-2
-7
-5
-31
12
5
-43
10
11
-10
-18
8
25
-43
-6
58
-51
-17
29
-3
-45
5
26
-58
-14
21
-25
-55
21
0
-60
5
-6
-23
-38
-10
1
-60
10
-17
-70
1
-11
-76
-13
-13
-59
-32
-33
-26
-47
-34
-26
-48
-39
-8
-46
-40
4
-55
-18
-14
-42
-4
-41
-29
-7
-32
-45
-12
2
-76
-9
-13
-36
-48
-23
-1
-19
-75
27
20
-101
7
29
-35
-83
61
-14
-90
25
13
-82
-28
43
-87
-46
18
-49
-38
-22
-16
-36
-36
-13
-11
-37
-49
9
-23
-51
-22
7
-73
-14
10
-71
-30
6
-33
-39
-27
-14
-28
-4
-67
0
12
-64
-35
23
-41
-37
-30
33
-49
-33
36
-22
-35
7
5
-45
-10
18
-20
-31
12
16
-50
-11
36
-40
-40
23
10
-24
-29
21
-10
-24
-1
-19
-36
34
-41
-38
37
-32
-57
19
-9
-77
9
12
-70
-21
25
-52
-38
6
-14
-45
-10
29
-54
-20
21
-41
-8
12
-36
-19
24
-40
-37
32
-7
-77
57
16
-102
40
27
-85
-24
67
-71
-38
50
-52
-38
7
-19
-48
-6
-17
-40
-32
-14
-52
-4
-49
-32
-13
-42
-32
-17
-36
-31
-5
-50
-49
24
-53
-51
-7
-3
-66
-37
5
-63
-41
-18
-33
-28
-42
-9
-35
-51
-8
-44
-35
-6
-49
-54
14
-46
-73
2
-25
-63
-38
18
-86
-50
38
-86
-58
0
-12
-95
-38
33
-108
-22
-25
-57
-4
-43
-48
-25
3
-64
-48
-6
-16
-38
-56
43
-44
-45
25
-55
-25
10
-43
-43
13
-43
-50
-3
-9
-44
-26
-13
-24
0
-62
17
-28
0
-72
2
32
-101
12
-5
-65
-33
42
-96
10
5
-73
19
-27
-24
-22
-8
-24
-9
9
-50
-4
17
-49
-16
40
-50
-39
46
-13
-100
68
18
-112
22
64
-94
-58
84
-37
-49
1
3
-20
-15
-46
18
6
-66
-26
59
-41
-96
87
-24
-88
48
-6
-66
29
-22
1
-26
2
-6
-10
-16
-15
24
-55
22
-33
9
-57
12
6
-77
25
18
-96
8
56
-101
7
8
-5
-78
29
-26
-19
-26
-28
20
-32
-67
30
18
-148
53
22
-103
-20
28
-30
-79
-14
36
-94
-49
57
-62
-53
21
-40
-21
-33
-44
33
-94
-12
-7
-31
-94
6
32
-155
32
17
-88
-83
75
-51
-118
51
-12
-91
-3
0
-56
-7
-9
-40
-29
-5
-33
-39
-26
-12
-29
-20
-65
19
-54
-8
-61
19
-31
-82
6
9
-69
-45
30
-37
-44
-9
-14
-34
8
-62
16
-24
-25
-41
-15
-29
-30
1
-68
21
15
-88
-34
80
-95
-27
17
-19
21
-77
26
14
-55
5
14
-48
42
-50
-11
-8
6
-41
-9
15
-36
16
-35
-18
26
3
-98
87
-1
-75
50
-12
-17
12
-27
18
-25
22
-41
-44
88
-47
-77
54
26
-109
68
-22
-36
57
-77
-3
17
-6
-49
-14
49
-81
-21
40
-47
-39
10
25
-76
32
-16
-2
-49
8
46
-42
-54
62
10
-95
-14
101
-76
-111
142
-84
-48
47
-49
-31
23
-47
-26
41
-87
18
-14
-22
-36
2
4
-60
-7
48
-98
-22
81
-112
-3
27
-32
-36
20
-69
39
-23
-70
13
-4
-37
-24
21
-49
6
-5
-41
20
-23
-21
-40
14
-25
-47
-1
-17
-27
-10
-54
12
7
-84
-11
72
-81
-64
111
-96
-32
66
-62
-52
47
3
-110
67
-1
-72
24
-28
-46
65
-35
-114
117
-9
-154
45
93
-153
-13
99
-69
-75
108
-25
-83
102
-24
-53
83
-57
-7
63
-66
-25
59
-26
-83
81
2
-77
21
13
20
-74
27
62
-32
-52
67
24
-50
37
-8
26
7
-22
4
39
-9
-28
26
8
-7
-12
16
45
-54
37
62
-53
13
70
-23
-31
74
-11
-9
-4
21
-2
-16
64
-29
10
59
-51
20
81
-71
25
50
-5
-9
34
-14
-5
54
-57
22
48
-30
-61
78
-5
-50
1
41
8
-70
23
68
-71
-33
61
-12
-38
-1
20
-5
-38
-14
84
-57
-54
75
13
-92
34
48
-37
-23
2
59
-42
-55
75
44
-124
71
78
-106
14
72
-47
-6
50
-43
-6
27
-37
-15
11
-18
49
-42
-35
57
51
-106
-2
121
-53
-56
55
38
-51
-28
50
4
-61
42
-2
-50
13
-8
-19
36
-47
-5
58
-76
3
33
-23
-34
36
9
-28
22
13
-13
2
30
-21
16
28
-30
15
33
-34
-24
38
3
-58
19
50
-40
-43
53
18
-58
1
38
-16
-23
21
-14
13
-8
1
16
8
8
-11
36
6
-14
20
37
-35
36
56
-46
5
70
-24
-60
73
3
-53
23
36
-39
-25
55
-28
-15
26
10
-13
-26
27
2
-20
-5
8
8
-20
4
20
-16
-25
32
40
-30
-1
52
-7
9
36
8
4
13
20
1
15
29
5
0
32
31
-24
4
35
-15
2
29
-9
1
14
-1
-2
28
-1
-1
30
-6
-35
17
8
-40
0
15
-20
-31
22
-8
-4
0
-8
-11
-20
-17
-31
-4
-30
-26
-11
-36
-12
-7
-47
-22
8
-34
-28
8
-35
-29
12
-11
-46
11
-8
-48
-20
-2
-22
-28
-4
-5
2
-9
-44
3
5
-38
-6
27
-31
-38
12
-4
-29
-3
-2
-9
-11
-16
-12
-8
-22
1
13
-10
-5
4
11
-5
6
23
3
12
33
7
-14
19
5
-27
22
-9
-29
-4
-9
-14
-6
-25
4
25
-8
12
24
-6
0
16
9
15
-2
24
20
-12
13
29
-8
8
25
11
-10
3
6
2
14
10
6
1
9
3
2
5
-9
9
6
-15
0
14
-11
-21
25
2
-15
13
-3
-21
-11
-21
-32
-24
-35
-23
-27
-57
-39
-11
-44
-50
-23
-23
-68
-28
-20
-67
-38
-22
-63
-64
-42
-64
-79
-57
-69
-85
-67
-107
-114
-95
-130
-177
-141
-143
-151
-96
-61
-27
13
26
54
98
132
146
206
225
220
234
234
214
186
164
147
136
103
57
31
-10
-65
-72
-71
-108
-118
-110
-112
-122
-116
-102
-94
-94
-44
-25
-12
19
31
50
56
99
116
140
139
170
173
184
203
172
178
184
154
115
108
66
19
5
-5
-30
-45
-81
-86
-104
-124
-135
-115
-96
-91
-66
-42
-20
-29
-2
11
17
34
50
54
51
43
26
14
-11
-30
-32
-50
-94
-85
-107
-125
-125
-134
-127
-125
-128
-120
-117
-112
-99
-70
-51
-67
-57
-44
-47
-66
-53
-44
-72
-76
-74
-75
-100
-123
-144
-177
-218
-243
-258
-259
-194
-23
67
2
-42
74
153
164
256
350
313
266
369
408
290
201
236
240
179
180
156
12
-111
-116
-68
-119
-140
-124
-145
-173
-161
-107
-117
-128
-74
18
79
80
103
89
84
123
187
218
185
161
156
147
122
89
79
69
34
5
4
-31
-105
-142
-126
-100
-104
-104
-101
-113
-113
-67
-38
-8
15
60
113
140
155
146
168
186
211
242
230
168
138
115
81
59
27
1
-35
-53
-66
-88
-130
-138
-123
-98
-87
-75
-76
-85
-71
-66
-45
-39
-37
-34
-36
-37
-49
-69
-79
-74
-70
-77
-68
-94
-117
-110
-98
-95
-98
-87
-82
-87
-104
-119
-113
-109
-100
-73
-70
-121
-144
-131
-140
-174
-191
-203
-222
-248
-220
-57
148
163
30
57
237
288
286
398
472
365
302
424
445
246
118
172
194
106
44
20
-140
-283
-238
-147
-157
-218
-206
-188
-174
-131
-58
-18
-27
41
167
234
224
202
184
178
229
287
276
188
95
74
56
5
-23
-50
-81
-135
-164
-140
-163
-232
-245
-173
-118
-115
-109
-70
-54
-56
16
100
125
109
191
320
320
255
253
295
268
268
314
258
159
91
80
39
-38
-83
-98
-91
-115
-130
-132
-150
-151
-103
-16
22
11
33
54
60
99
115
105
87
64
44
12
-56
-111
-116
-130
-131
-117
-139
-203
-229
-210
-172
-162
-159
-136
-127
-119
-121
-133
-126
-124
-99
-43
-45
-91
-123
-120
-135
-123
-114
-171
-188
-221
-225
-152
57
269
190
34
118
328
378
314
410
470
345
294
408
412
153
-2
99
166
58
-65
-114
-212
-332
-292
-149
-113
-220
-237
-123
-46
-42
-2
92
115
134
260
361
283
177
177
236
268
234
190
96
-21
-64
-45
-86
-156
-178
-170
-218
-240
-192
-198
-260
-242
-95
-14
-29
-30
33
67
75
152
236
228
168
181
238
230
158
159
259
252
147
135
138
41
-13
49
78
38
-10
-21
0
-44
-60
-10
41
56
39
74
86
38
52
112
131
104
106
84
32
-5
-39
-54
-76
-120
-132
-158
-203
-240
-246
-233
-223
-159
-133
-139
-150
-132
-89
-57
-31
-8
26
6
-15
-29
-27
-32
-56
-48
-46
-80
-137
-166
-185
-240
-272
-272
-290
-292
-189
86
256
103
-57
129
431
408
342
472
519
360
269
439
469
165
-32
92
206
28
-203
-212
-219
-348
-361
-164
-78
-259
-353
-178
-10
-9
0
130
220
187
231
362
350
215
190
292
329
252
151
55
-46
-97
-75
-86
-128
-161
-223
-282
-252
-194
-190
-224
-174
-33
27
-2
-4
76
108
105
181
281
270
171
147
190
186
113
79
154
201
110
41
40
13
-59
-11
112
88
-22
-42
28
35
11
63
112
103
80
96
121
74
27
60
113
116
57
11
-30
-77
-93
-74
-67
-108
-144
-150
-166
-159
-167
-173
-148
-104
-54
-47
-82
-108
-82
-51
-20
14
33
6
-44
-56
-48
-43
-69
-73
-67
-93
-150
-187
-158
-170
-214
-224
-248
-268
-298
-276
-41
270
324
56
-16
290
466
355
341
527
526
290
272
426
348
-3
-137
108
204
-72
-299
-244
-231
-395
-348
-75
-12
-216
-276
-40
104
44
69
220
289
248
291
382
315
155
136
238
287
210
71
-77
-149
-146
-155
-171
-132
-140
-266
-336
-216
-112
-189
-243
-101
78
77
23
60
129
95
83
238
368
266
116
122
191
157
62
68
149
153
85
89
83
16
-28
56
167
129
43
27
74
79
63
99
113
115
113
110
121
78
33
38
75
105
59
1
-40
-60
-68
-65
-56
-72
-121
-154
-155
-133
-150
-184
-162
-89
-50
-78
-107
-90
-61
-73
-63
-2
43
3
-48
-49
-48
-78
-95
-63
-42
-114
-176
-178
-178
-237
-288
-297
-313
-346
-212
192
410
113
-170
129
521
460
298
468
624
392
201
401
563
244
-144
-24
296
172
-230
-299
-161
-263
-397
-187
67
-48
-318
-272
31
158
77
94
247
282
249
317
372
298
159
132
252
332
232
4
-145
-128
-106
-156
-145
-85
-180
-366
-343
-129
-78
-234
-243
-27
107
38
16
106
136
63
80
284
383
218
46
103
198
133
50
92
101
21
11
100
126
9
-47
27
131
138
81
75
72
86
114
176
191
115
76
77
97
111
64
12
-3
30
43
10
-15
-66
-105
-106
-74
-43
-94
-157
-165
-126
-113
-151
-136
-102
-99
-108
-84
-44
-73
-113
-73
-1
21
-13
-42
-38
-60
-80
-64
-40
-54
-124
-149
-123
-96
-97
-175
-239
-271
-278
-269
-228
15
353
363
21
-94
259
508
381
291
482
608
387
186
313
448
198
-113
7
286
156
-234
-346
-187
-173
-290
-223
-15
5
-222
-313
-68
168
140
34
92
264
304
204
166
224
239
147
130
260
254
-1
-218
-153
-28
-63
-125
-103
-156
-296
-313
-169
-100
-173
-202
-104
5
6
-33
3
55
43
71
208
278
191
74
77
159
188
127
120
191
173
96
88
144
106
42
47
98
129
81
20
6
16
18
15
62
49
-12
-29
-7
8
-13
-24
-26
-13
12
-2
-32
-63
-91
-99
-78
-56
-77
-106
-128
-169
-192
-164
-133
-132
-163
-179
-165
-141
-137
-147
-134
-87
-51
-40
-28
-51
-89
-75
-24
-12
-53
-100
-131
-142
-160
-180
-205
-250
-296
-333
-285
-57
219
253
34
-67
136
364
375
316
392
496
424
299
344
438
310
38
-8
163
205
0
-199
-211
-185
-228
-241
-142
-62
-126
-257
-236
-49
91
44
-22
60
193
234
182
177
227
209
137
157
247
234
92
-19
-36
-3
31
11
-102
-197
-191
-150
-148
-194
-190
-146
-170
-209
-134
0
-2
-110
-115
21
123
102
87
137
159
107
89
165
225
214
180
205
240
235
191
144
142
126
100
92
89
65
-10
-63
-72
-71
-71
-94
-97
-86
-91
-95
-79
-42
-26
-19
-2
12
15
-4
-11
-12
-13
-28
-59
-79
-101
-131
-149
-147
-177
-206
-184
-162
-167
-185
-167
-140
-116
-110
-111
-82
-65
-79
-93
-82
-61
-83
-94
-76
-64
-103
-181
-219
-212
-217
-255
-282
-207
15
203
138
-39
-3
202
305
269
285
407
465
365
286
353
416
282
81
58
157
157
29
-77
-114
-147
-209
-251
-192
-120
-152
-233
-234
-131
-47
-51
-84
-56
43
110
133
153
182
158
97
89
150
204
190
119
28
6
47
42
-54
-110
-85
-70
-117
-156
-118
-96
-173
-251
-196
-63
-14
-76
-119
-56
8
3
2
61
115
100
75
142
249
285
221
161
190
258
295
258
205
164
125
91
74
71
47
-18
-91
-128
-112
-85
-99
-159
-189
-143
-68
-39
-57
-61
-46
-39
-47
-16
35
23
-50
-93
-70
-49
-85
-130
-159
-167
-171
-172
-159
-153
-172
-201
-182
-133
-90
-77
-102
-117
-86
-42
-26
-30
-22
-29
-55
-84
-85
-70
-79
-125
-173
-185
-190
-223
-261
-256
-164
-19
44
9
-17
54
133
157
199
280
348
357
317
311
342
329
255
188
163
156
144
114
30
-72
-121
-142
-178
-193
-157
-140
-195
-253
-212
-115
-81
-134
-139
-63
-6
-7
2
60
82
41
6
44
119
134
85
28
49
90
65
25
15
32
17
-18
-31
-17
-15
-46
-70
-66
-53
-47
-55
-74
-79
-59
-40
-45
-53
-39
-9
-12
-38
5
106
157
134
124
177
215
216
194
202
221
202
176
162
157
109
45
-12
-26
-13
-3
-32
-87
-119
-116
-103
-104
-105
-109
-99
-101
-112
-104
-90
-98
-140
-154
-140
-107
-97
-128
-158
-164
-126
-103
-97
-92
-75
-70
-79
-65
-36
-22
-39
-57
-45
-31
-44
-67
-81
-98
-111
-114
-116
-136
-162
-177
-172
-187
-204
-201
-211
-234
-248
-185
-54
28
15
0
69
145
162
155
178
218
239
225
224
263
278
221
138
92
80
75
59
23
-5
-12
-39
-75
-108
-110
-96
-103
-122
-119
-90
-79
-97
-121
-122
-113
-94
-84
-68
-57
-43
-40
-67
-63
-16
23
14
17
55
79
53
24
47
68
51
17
25
54
45
21
4
-2
-22
-50
-70
-70
-56
-63
-99
-121
-95
-67
-65
-74
-55
5
50
74
103
122
127
112
135
167
183
178
161
149
130
116
88
61
24
-13
-18
-21
-28
-51
-54
-53
-73
-83
-76
-71
-84
-95
-96
-98
-99
-99
-117
-128
-121
-108
-105
-99
-96
-98
-89
-97
-95
-74
-63
-63
-68
-63
-55
-43
-41
-53
-64
-66
-65
-73
-81
-73
-70
-77
-103
-116
-103
-97
-105
-123
-136
-138
-144
-159
-186
-200
-144
-33
21
-7
-24
25
78
83
77
103
153
170
156
181
235
249
189
127
115
124
122
112
99
79
50
18
-18
-34
-37
-46
-70
-97
-111
-108
-94
-115
-129
-123
-109
-97
-86
-68
-38
-18
-32
-29
-6
28
47
48
51
66
76
72
84
84
68
46
36
37
21
20
23
3
-34
-42
-35
-42
-65
-77
-54
-44
-49
-49
-25
-11
-17
-16
29
92
108
90
84
88
92
99
105
102
92
81
64
50
43
29
-4
-25
-22
-2
12
-12
-37
-28
-21
-36
-39
-25
-30
-41
-54
-45
-38
-45
-63
-88
-113
-121
-120
-115
-114
-119
-116
-109
-110
-112
-108
-92
-82
-80
-80
-70
-50
-42
-51
-68
-47
-34
-41
-44
-38
-34
-41
-54
-57
-46
-52
-67
-73
-57
-52
-83
-121
-140
-145
-177
-208
-206
-152
-68
-28
-44
-65
-26
32
63
80
124
185
213
212
216
254
272
239
184
157
156
155
138
106
56
11
-16
-50
-67
-81
-87
-101
-107
-106
-98
-87
-85
-94
-100
-71
-38
-20
-15
-8
16
22
6
7
28
44
43
35
43
49
48
36
22
22
16
6
4
22
35
29
19
7
-3
-10
-12
-12
-11
-13
-18
-33
-36
-43
-59
-65
-62
-46
0
56
84
76
72
78
103
125
124
131
145
138
119
103
89
65
31
4
-8
-1
-4
-25
-38
-48
-61
-64
-60
-46
-41
-48
-61
-66
-51
-48
-57
-80
-92
-97
-96
-96
-102
-105
-104
-107
-113
-98
-79
-73
-90
-92
-83
-55
-39
-57
-78
-75
-72
-75
-60
-45
-43
-61
-69
-72
-72
-83
-89
-87
-84
-89
-98
-116
-153
-177
-181
-188
-198
-152
-44
44
48
7
23
94
131
130
148
210
262
251
226
231
231
189
119
79
75
81
63
27
-17
-43
-47
-55
-76
-81
-63
-43
-35
-33
-11
18
7
-26
-23
23
50
44
39
64
85
68
39
34
45
51
49
50
56
51
20
-11
-9
1
-11
-32
-34
-23
-27
-42
-58
-62
-67
-73
-60
-45
-23
-19
-26
-23
-22
-25
-28
-23
-8
9
26
71
118
142
134
122
121
135
161
153
148
151
147
129
80
52
21
-3
-26
-45
-29
-15
-29
-47
-41
-40
-50
-46
-40
-23
-15
-21
-28
-42
-69
-102
-131
-130
-114
-106
-104
-114
-117
-117
-114
-109
-96
-63
-38
-35
-33
-17
-10
-26
-56
-77
-64
-59
-72
-84
-88
-97
-109
-115
-111
-102
-96
-100
-102
-91
-64
-58
-75
-106
-128
-126
-124
-126
-103
-9
98
125
71
52
107
169
186
190
236
294
291
246
227
234
212
146
76
71
96
89
35
-34
-73
-77
-91
-117
-111
-75
-53
-69
-82
-54
-14
-9
-27
-15
30
81
94
91
99
96
82
65
54
60
86
85
46
19
18
0
-43
-73
-72
-61
-68
-81
-76
-65
-84
-108
-102
-76
-42
-25
-18
-5
14
29
29
30
33
35
47
53
64
72
98
137
152
157
149
143
130
133
156
153
150
132
108
85
61
24
-17
-27
-28
-34
-48
-59
-61
-68
-69
-65
-46
-24
-25
-29
-23
-3
-2
-14
-36
-57
-70
-65
-65
-76
-91
-99
-105
-101
-94
-89
-70
-75
-89
-82
-59
-35
-50
-75
-83
-77
-58
-47
-54
-56
-54
-57
-67
-67
-49
-31
-11
-12
-18
-20
-33
-49
-72
-83
-92
-97
-111
-133
-104
5
125
140
67
45
114
190
210
208
264
306
274
199
178
198
161
71
-5
-4
23
14
-58
-127
-154
-160
-162
-153
-112
-63
-52
-77
-80
-27
26
30
9
27
84
122
119
109
102
84
56
34
41
54
54
13
-46
-65
-48
-56
-101
-122
-94
-74
-83
-81
-51
-45
-73
-90
-46
12
38
36
33
41
47
49
49
64
67
64
51
54
47
38
38
9
22
73
132
137
91
55
53
94
101
93
103
93
69
23
17
20
11
-21
-58
-45
-19
-6
-36
-64
-65
-64
-31
-9
3
-2
-12
-33
-54
-45
-29
-25
-50
-73
-68
-48
-54
-85
-98
-89
-64
-71
-59
-40
-40
-51
-60
-34
-18
-14
-34
-45
-25
-15
-12
-33
-45
-52
-41
-19
-11
-10
-18
-41
-67
-79
-69
-44
-55
-84
-95
-81
-86
-109
-48
98
200
146
49
77
188
245
218
216
261
271
207
139
128
128
55
-46
-70
-28
-17
-74
-145
-186
-177
-144
-110
-69
-23
2
5
3
34
93
127
116
103
136
170
162
112
68
50
33
23
14
1
-23
-78
-127
-137
-103
-75
-98
-126
-113
-74
-64
-70
-54
-25
-12
-6
31
90
108
82
45
35
65
100
95
68
40
21
-9
-33
-25
-26
-33
-65
-60
30
102
105
40
4
35
109
173
160
150
120
85
48
32
59
31
-2
-47
-38
-19
-31
-69
-125
-110
-63
-17
4
0
-6
-35
-41
-25
7
28
15
-13
-31
-32
-25
-28
-54
-79
-73
-45
-45
-69
-90
-109
-101
-79
-50
-39
-72
-100
-117
-97
-65
-44
-45
-57
-59
-58
-37
-24
-15
-27
-41
-39
-24
-17
-28
-47
-57
-61
-60
-59
-85
-126
-161
-112
43
175
141
-14
-51
67
185
197
173
196
207
152
71
71
109
76
-15
-44
15
48
-11
-105
-149
-108
-31
31
52
32
11
-3
1
48
110
134
82
32
38
76
64
-10
-51
-47
-36
-29
-43
-82
-140
-176
-171
-109
-33
-18
-78
-138
-100
-33
2
-13
-7
20
17
4
20
61
35
-35
-61
-2
53
40
-27
-87
-91
-72
-54
-46
-41
-53
-85
-96
-81
-1
99
123
94
68
109
139
156
143
113
129
100
93
55
26
-13
-75
-57
-37
10
-17
-66
-82
-58
20
40
54
40
27
28
15
38
18
-13
-55
-70
-66
-81
-105
-148
-169
-166
-142
-124
-112
-124
-137
-131
-106
-67
-40
-46
-75
-75
-48
-15
-9
-37
-44
-43
-33
-35
-60
-69
-67
-44
-42
-35
-48
-82
-98
-101
-68
-32
-19
-35
-87
-113
-119
-109
-115
-90
61
210
190
15
-40
107
248
236
172
224
279
207
74
50
111
79
7
3
76
78
-47
-151
-128
-34
28
41
41
21
-4
-17
8
48
87
84
45
25
55
60
-10
-84
-85
-16
15
-18
-79
-123
-138
-146
-115
-58
-3
-10
-83
-122
-68
30
30
-29
-25
43
62
3
-29
-9
6
-15
-20
22
38
-25
-116
-129
-78
-45
-34
-13
13
5
-5
-3
26
78
117
121
113
116
120
109
86
84
104
119
87
26
3
-9
-19
-17
-12
-8
-7
-22
-53
-51
-35
-11
5
9
12
-3
-22
-41
-52
-56
-55
-50
-56
-79
-123
-142
-137
-120
-111
-97
-63
-59
-80
-103
-96
-62
-35
-22
-18
-21
-50
-70
-72
-59
-51
-59
-64
-58
-53
-49
-57
-56
-38
-7
4
-11
-28
-32
-23
-34
-32
-34
-26
-25
-54
-68
-66
-72
-100
-116
-110
-110
-95
12
169
183
30
-53
87
268
261
148
140
219
198
80
8
26
24
-29
-53
-19
-18
-124
-225
-191
-59
27
-4
-49
-40
10
53
70
88
114
131
121
109
117
103
37
-18
-11
37
29
-40
-121
-150
-138
-112
-103
-94
-70
-61
-84
-107
-67
15
42
22
35
85
77
2
-19
44
94
70
3
-23
-20
-36
-67
-74
-64
-61
-75
-83
-88
-86
-96
-90
-58
8
144
167
115
41
54
129
188
198
129
115
73
26
19
-44
-48
-64
-25
-28
-68
-97
-164
-104
-34
55
68
16
2
-19
25
40
52
64
33
16
-22
-48
-95
-115
-103
-69
-42
-80
-135
-156
-150
-129
-108
-83
-52
-26
-33
-54
-79
-69
-32
7
29
6
-29
-79
-87
-72
-29
8
-4
-15
-45
-74
-84
-91
-65
-38
-10
-20
-43
-62
-104
-88
-69
-34
-27
-73
-112
-124
-3
142
152
25
-32
108
250
231
98
84
185
213
132
47
33
29
15
27
38
11
-57
-93
-52
37
74
39
0
30
109
137
98
50
68
115
139
120
84
52
22
10
13
12
-22
-77
-114
-99
-75
-85
-112
-117
-65
-16
-31
-83
-86
-14
36
24
24
48
47
-3
-11
42
70
13
-44
-36
-15
-40
-100
-121
-78
-53
-53
-63
-66
-52
-47
-14
36
62
64
74
91
97
109
102
90
97
101
91
45
13
2
6
15
12
-15
-50
-49
-30
-11
-1
-5
2
23
32
17
-16
-25
0
14
-3
-36
-60
-81
-100
-107
-101
-89
-92
-112
-122
-106
-84
-83
-98
-74
-42
-27
-38
-51
-56
-57
-48
-52
-50
-47
-51
-69
-88
-92
-73
-60
-46
-29
-17
-9
-31
-44
-24
3
20
0
4
19
14
-8
-31
-6
16
16
-2
-5
-5
-38
-78
-93
-81
-67
-76
-49
35
87
40
-32
11
136
197
139
112
174
209
135
43
34
69
92
95
66
-1
-64
-80
-54
-9
16
0
-31
-25
26
46
18
16
74
129
124
86
46
28
30
42
40
15
-6
-30
-60
-85
-89
-94
-104
-79
-39
-23
-46
-91
-93
-29
33
33
4
17
44
29
-2
4
38
43
38
25
10
-8
-33
-28
2
27
32
-1
-20
3
26
27
20
34
60
72
65
40
26
43
80
92
82
75
51
36
45
55
50
37
38
39
24
-4
-19
-22
-15
5
12
-9
-34
-44
-29
-20
-38
-52
-61
-70
-74
-77
-94
-98
-90
-78
-76
-90
-106
-110
-90
-65
-57
-65
-63
-56
-48
-42
-45
-40
-30
-13
1
-5
-18
-37
-29
-6
5
2
4
11
16
7
-2
7
16
25
17
18
29
28
21
16
23
28
12
2
6
3
-15
-37
-48
-53
-60
-77
-96
-106
-45
38
55
-1
-27
37
106
117
82
105
175
173
96
42
62
77
74
85
70
20
-24
-10
0
-11
-15
-12
-11
-6
15
11
-20
-15
32
60
43
36
56
58
51
41
34
31
35
55
39
6
-14
-17
-13
1
28
28
-14
-45
-17
10
1
-28
-17
19
22
-9
-28
-16
2
5
9
8
6
13
8
14
14
16
14
19
32
43
38
24
22
27
42
44
34
18
16
21
25
18
12
21
19
12
1
0
7
10
1
-3
-6
-4
7
14
7
0
1
-1
-10
-24
-28
-35
-39
-45
-50
-57
-68
-74
-76
-64
-57
-51
-53
-49
-34
-22
-22
-24
-18
-7
6
16
15
-5
-26
-18
0
-9
-33
-45
-32
-31
-48
-51
-44
-25
-21
-15
-2
1
-14
-23
-9
7
9
2
9
11
5
-1
1
1
-3
-1
4
1
-8
-18
-12
-12
-27
-38
-31
-33
-46
-62
-51
-16
-3
-4
-9
10
30
29
20
41
101
108
59
41
65
80
61
63
74
70
66
68
59
40
41
59
62
45
55
69
56
31
32
57
59
46
47
51
35
11
2
9
17
15
4
-10
-17
-10
-9
-14
-4
9
2
-21
-22
-7
-1
-17
-15
1
-6
-22
-20
-3
-12
-20
-8
6
6
5
13
6
3
26
55
49
32
39
46
32
17
18
26
16
10
18
17
0
-2
9
25
22
23
29
34
44
45
48
38
41
52
48
37
34
38
36
13
11
7
-1
-14
-23
-29
-38
-50
-61
-62
-65
-72
-80
-83
-81
-64
-56
-65
-67
-54
-42
-42
-50
-46
-32
-25
-26
-26
-28
-22
-11
-8
-6
-9
-13
-17
-15
-4
0
-1
1
14
19
9
1
3
17
25
22
16
13
4
-5
-7
-4
-5
-12
-12
-16
-20
-27
-38
-40
-31
-34
-42
-45
-47
-49
-56
-49
-29
-13
13
26
26
21
23
42
75
103
94
57
47
66
85
72
64
62
60
55
57
51
32
32
37
45
39
33
32
29
32
35
38
33
37
48
49
42
35
30
25
24
35
39
23
18
20
15
4
3
4
-8
-17
-24
-21
-21
-26
-34
-38
-49
-50
-36
-26
-31
-40
-34
-19
-4
1
1
7
14
17
25
31
34
37
45
44
38
40
43
37
38
42
34
18
15
22
26
24
17
20
29
33
34
27
22
31
33
36
34
27
28
20
14
9
5
-2
-8
-1
-1
-12
-31
-34
-30
-25
-37
-41
-34
-32
-32
-34
-38
-39
-40
-37
-31
-34
-40
-46
-47
-36
-35
-36
-30
-25
-18
-24
-30
-21
-16
-13
-17
-13
-2
-1
-7
-15
-18
-10
-4
-1
5
7
7
1
-4
-1
5
8
1
-2
-4
-3
-10
-4
-1
-3
-11
-19
-20
-18
-15
-25
-33
-44
-48
-45
-45
-41
-30
-9
10
22
16
11
22
46
68
85
81
63
58
71
83
91
84
77
64
58
60
50
40
38
38
36
30
23
26
29
29
29
32
36
37
29
20
19
27
24
5
-10
-3
2
-9
-19
-22
-17
-18
-22
-23
-23
-23
-27
-24
-8
8
2
-14
-20
-12
2
10
1
-8
-8
-10
-17
-16
-12
-10
-5
4
9
-6
-2
11
16
20
25
26
22
23
29
35
30
26
32
48
45
29
26
20
23
24
26
22
16
9
2
-1
-7
-6
-7
-8
-9
-8
-14
-19
-23
-20
-17
-20
-22
-18
-26
-27
-26
-32
-34
-33
-34
-31
-34
-41
-41
-35
-31
-30
-33
-32
-27
-23
-20
-18
-18
-20
-19
-15
-12
-13
-16
-26
-27
-23
-13
-19
-20
-22
-18
-18
-16
-16
-17
-15
-11
-5
0
5
7
9
13
10
7
9
16
25
17
8
7
2
-5
-3
5
16
10
-6
-10
-13
-17
-22
-27
-25
-23
-31
-27
-17
0
17
11
14
24
36
41
53
60
54
48
46
48
56
63
53
46
43
46
43
34
29
29
27
22
14
11
6
14
8
-2
-2
-2
4
0
-4
-11
-9
-13
-17
-8
-7
-14
-14
-13
-9
-5
-9
-16
-10
-10
-19
-22
-21
-16
-22
-20
-21
-17
-6
-4
-7
-8
2
10
10
10
11
15
10
0
-1
-1
0
1
0
-4
-9
-21
-17
-18
-15
-15
-18
-21
-24
-14
-9
-4
2
6
3
0
4
6
2
6
3
-2
-4
-1
-3
-6
-12
-21
-21
-23
-20
-24
-31
-38
-43
-41
-43
-41
-35
-34
-39
-38
-33
-30
-30
-33
-26
-24
-23
-25
-23
-19
-15
-19
-21
-17
-19
-17
-17
-21
-16
-17
-16
-13
-21
-15
-15
-4
0
-1
-6
-9
-10
-9
-6
-7
5
0
-7
-6
-3
-2
-4
-4
-6
2
-2
-6
-2
0
-1
-1
1
3
-6
-14
-12
-14
-7
-8
-13
-22
-17
-17
-24
-30
-33
-25
-26
-14
-5
-1
1
-1
-5
7
15
20
23
19
22
21
23
24
20
27
27
17
20
22
18
20
20
17
18
27
31
34
33
30
32
36
42
44
43
38
31
26
23
19
14
11
11
4
-3
-9
-14
-13
-8
-7
-8
-9
-16
-13
-12
-10
-11
-10
-3
5
9
6
-4
-8
-1
4
12
3
-9
-6
-2
-4
-5
-10
-7
-3
-5
-13
-19
-20
-17
-12
-11
-7
-10
-13
-9
-2
5
4
2
10
15
17
13
9
11
18
22
24
15
13
17
11
9
6
8
15
11
3
-1
-5
-7
-3
0
-2
5
-1
-9
-8
-8
-11
-12
-14
-7
-5
-9
-16
-22
-14
-9
-9
-7
-6
-2
-8
-13
-14
-16
-12
-11
-12
-13
-13
-13
-12
-13
-9
-6
-5
-10
-4
2
-6
-6
-1
2
7
1
8
15
13
10
12
12
12
14
14
14
19
21
17
12
13
17
16
15
15
11
12
10
5
-2
-6
-3
-6
-7
-12
-13
-15
-17
-16
-19
-11
-4
0
-4
-4
-1
2
8
19
21
16
19
25
27
27
32
36
34
34
34
33
27
26
27
25
25
21
22
28
28
26
24
25
29
26
24
22
23
20
13
15
16
18
8
2
0
5
6
1
2
6
4
-6
-11
-10
-8
-5
-3
-7
-8
-8
-14
-19
-20
-20
-12
-20
-17
-19
-19
-18
-26
-22
-16
-14
-17
-15
-14
-14
-14
-6
-1
1
3
-3
2
1
4
6
10
14
12
14
16
18
21
22
20
20
27
28
24
19
22
24
19
17
15
10
8
10
9
11
5
2
-3
-7
-6
-8
-3
-1
-2
-9
-10
-5
-9
-9
-9
-8
-12
-17
-15
-10
-4
-6
-8
-3
-3
1
4
6
3
5
4
2
6
1
4
3
4
2
2
0
-2
-5
-5
0
1
-1
-7
-3
-4
-3
-2
6
6
7
8
9
7
5
5
7
2
2
10
7
12
1
-2
-4
-7
-2
0
-8
-15
-18
-17
-19
-19
-12
-13
-13
-11
-17
-14
-11
-9
-1
-4
-2
-3
-1
-3
-1
5
1
2
6
6
7
1
1
1
7
8
6
9
6
10
5
5
8
7
5
4
3
-5
-4
-4
-6
-3
-4
-8
-11
-13
-11
-11
-9
-11
-8
-7
-12
-15
-11
-9
-12
-13
-12
-8
-8
-7
-11
-10
-4
0
0
1
1
0
-4
1
-1
2
3
2
3
2
4
5
8
8
13
18
18
16
17
17
15
13
15
12
16
21
19
19
23
23
25
24
25
23
20
22
16
22
18
16
20
17
13
7
8
3
-6
-2
1
-3
-5
-8
-8
-8
-9
-6
-7
-3
-6
-10
-10
-10
-5
2
6
3
-6
-9
-3
-5
-4
4
-2
-5
-7
-5
-5
-3
-2
-6
0
-1
-5
-7
-6
-5
4
4
4
7
7
6
8
12
18
15
15
18
14
14
11
11
8
11
11
7
4
-5
0
0
-1
3
1
0
-1
1
1
-1
2
-1
1
0
-1
0
-3
-4
-5
-4
-6
-8
-11
-5
-5
-7
-3
-3
0
0
2
2
3
7
8
8
9
12
12
13
13
16
13
9
11
12
17
14
13
10
13
10
7
10
11
8
6
2
1
9
5
1
4
10
13
10
8
11
15
13
17
14
20
19
13
17
19
22
19
22
21
22
23
20
21
18
19
20
20
23
24
22
24
18
18
23
22
28
29
24
28
31
25
28
30
26
24
26
31
25
24
21
21
25
25
24
23
25
21
18
24
25
23
22
22
19
14
18
16
19
16
9
6
4
2
-1
0
0
-1
-2
-5
-5
-7
-8
-8
-4
-6
-5
-6
-7
-8
-8
-5
-3
-4
-1
-6
-11
-11
-19
-20
-16
-16
-12
-7
-15
-13
-12
-14
-14
-8
-5
-4
0
-1
-2
-1
5
9
8
6
7
5
3
1
3
5
8
5
9
13
9
5
6
9
5
7
6
6
3
0
0
-4
-4
-8
-8
-8
-11
-7
-8
-5
-7
-6
-3
0
1
-4
-2
-7
-3
-3
2
4
4
2
-3
0
-4
0
8
7
8
7
4
8
11
10
7
8
14
16
18
15
10
4
4
10
10
10
7
11
11
10
13
16
19
22
20
22
22
23
24
23
29
33
28
31
35
39
40
36
35
36
34
32
30
30
27
26
26
22
23
25
28
24
25
22
23
23
24
23
26
19
14
21
18
18
18
17
11
11
7
6
1
2
2
4
5
6
4
-3
-1
-8
0
-6
-10
-10
-9
-7
-8
-11
-13
-12
-13
-11
-12
-15
-14
-12
-14
-18
-15
-17
-18
-16
-15
-16
-16
-14
-15
-11
-5
-3
-8
-7
-3
-2
-1
1
-2
-1
0
0
-5
-3
-6
-8
-9
-8
-6
-2
-6
-7
-3
-6
-4
-3
-3
-6
-7
-4
-7
-8
-8
-7
-6
-10
-14
-12
-11
-13
-15
-15
-12
-13
-12
-15
-13
-15
-13
-18
-13
-10
-16
-15
-15
-16
-20
-12
-17
-13
-14
-16
-14
-14
-6
-12
-5
-5
-1
5
3
4
4
12
7
7
9
9
12
9
16
16
11
11
9
8
12
13
10
10
13
18
16
13
14
12
13
17
17
17
18
18
15
15
17
16
19
17
17
12
8
12
7
3
0
-1
3
7
5
5
7
6
11
10
8
13
10
10
15
15
12
12
14
12
13
11
12
10
10
12
14
15
10
7
7
5
3
3
3
4
1
4
0
-1
4
1
-3
-8
-3
-4
-9
-15
-16
-15
-15
-13
-16
-14
-15
-16
-16
-16
-13
-11
-10
-13
-9
-9
-9
-10
-9
-9
-7
-8
-9
-10
-12
-11
-9
-9
-9
-10
-9
-9
-9
-7
-9
-3
-5
-5
-1
0
1
-2
-3
2
-1
-9
-6
-2
-2
-2
-2
-6
-5
-7
-3
0
1
2
1
2
6
8
9
6
8
6
5
8
6
7
0
5
1
1
2
3
3
2
5
3
4
2
4
6
10
9
14
17
18
17
15
15
12
18
17
16
18
19
20
22
21
21
25
26
26
21
23
25
29
29
29
26
26
25
25
19
16
15
17
15
10
11
9
10
9
6
5
1
6
4
2
0
1
-1
1
4
5
7
4
6
-1
6
1
3
6
5
2
-4
-3
-4
0
-1
-1
-3
-5
-3
-2
-2
-6
-3
-2
-2
-2
-4
-6
-5
-1
-3
0
-2
0
-1
1
1
-1
3
0
-2
-5
-1
-6
-7
-7
-8
-9
-11
-10
-14
-10
-9
-12
-14
-12
-13
-17
-17
-20
-20
-15
-17
-23
-21
-18
-15
-18
-19
-21
-17
-18
-17
-15
-16
-16
-16
-15
-11
-7
-10
-9
-6
-3
-8
-7
-6
-5
-5
-6
-4
-5
-6
-9
-5
-6
-9
-11
-12
-9
-12
-9
-9
-9
-9
-6
-3
0
2
-3
-1
-1
4
6
10
8
11
11
10
12
11
13
12
16
12
14
14
10
8
11
11
12
10
11
16
14
13
15
15
16
16
15
10
11
11
11
12
8
7
10
9
6
3
6
4
7
5
4
5
4
1
0
1
0
6
3
2
3
4
0
-1
-1
-1
-4
3
0
3
-2
-2
2
4
6
4
5
-2
2
3
5
5
5
8
7
5
3
5
8
8
6
3
1
0
-4
-8
-12
-8
-8
-7
-7
-5
-8
-6
-4
-7
-5
-4
-2
-4
-5
0
-3
-5
-9
-7
-11
-14
-11
-21
-19
-17
-21
-21
-21
-22
-24
-24
-22
-19
-16
-18
-22
-17
-12
-11
-13
-11
-11
-13
-11
-11
-6
-9
-9
-6
-9
-8
-5
-5
-10
-5
-1
1
-1
-1
1
5
5
5
4
1
7
6
10
12
12
6
5
9
6
6
6
12
4
9
8
4
5
4
3
6
7
0
5
5
-1
2
2
5
3
7
4
5
11
10
7
8
7
4
2
5
3
3
1
1
1
2
8
3
4
-1
4
2
1
-1
-3
-3
-1
-2
-2
-1
-4
-3
-6
-2
-6
-5
-3
-6
-5
-3
3
0
-2
2
4
0
6
8
9
6
4
7
8
8
12
12
11
13
8
4
2
3
4
2
0
3
6
1
-2
4
9
8
4
-1
2
2
5
5
0
5
4
5
6
0
-1
3
2
-1
-2
-5
-7
-6
-10
-13
-18
-17
-17
-13
-10
-14
-10
-10
-13
-10
-9
-10
-7
-6
-6
-3
-7
-8
-9
-11
-9
-9
-10
-5
-8
-11
-14
-11
-11
-14
-12
-9
-9
-10
-5
-7
-4
-1
-3
-5
-1
2
6
8
1
5
4
2
3
0
-3
1
2
4
6
2
4
7
7
6
5
4
4
6
7
8
9
7
4
6
5
7
9
9
9
4
5
4
1
4
4
1
-2
-2
-4
2
2
0
-3
-3
2
1
2
2
3
2
2
1
2
5
0
-2
3
3
6
2
0
4
6
1
5
10
8
11
11
8
4
2
-3
2
6
3
3
-2
3
0
-1
-1
-3
-5
-2
-4
-3
5
5
3
5
2
2
5
8
7
7
7
7
7
3
6
4
2
0
-1
4
7
7
11
13
8
5
4
5
1
5
1
0
6
1
-4
-5
2
4
1
6
1
-3
1
-2
-2
1
3
0
-1
1
1
0
3
3
2
7
4
7
7
8
7
9
4
2
3
0
0
-1
-5
-8
-6
-4
-3
-3
-3
-4
-5
-4
-4
-3
-4
0
0
2
1
-1
7
6
8
7
7
8
8
12
12
14
14
15
14
11
10
9
11
9
8
5
6
6
3
0
8
4
4
6
9
7
3
12
11
10
12
13
18
24
20
15
18
15
13
13
14
9
5
5
5
-2
-2
0
-4
-1
-4
-1
0
-1
-4
-4
-3
-1
-5
-2
-3
-4
-2
-3
-3
-5
-2
-5
-2
-1
-2
-5
-2
0
-1
2
1
5
4
4
-1
0
0
0
5
1
3
0
1
1
0
-6
-2
-1
-3
4
3
2
4
4
2
3
3
5
3
6
5
9
7
3
7
3
1
8
8
5
7
1
1
5
4
8
5
4
1
1
5
5
6
6
5
6
7
0
1
6
9
4
6
2
8
6
4
7
7
9
8
4
13
11
6
9
4
12
15
14
15
16
17
15
14
17
15
13
9
9
10
9
12
7
13
14
11
13
9
10
12
9
14
16
16
13
13
22
24
23
21
25
26
25
21
24
24
24
30
28
27
28
29
28
27
31
33
33
33
28
30
32
30
33
31
32
34
31
31
37
34
37
36
37
32
33
35
32
32
33
32
31
28
26
26
27
29
27
27
21
22
20
14
21
18
17
19
19
16
18
18
17
16
17
18
19
19
18
15
19
20
16
16
12
10
13
14
18
17
20
20
23
18
18
21
13
21
24
23
23
25
25
28
27
25
25
24
21
21
22
22
24
21
21
24
21
20
25
25
26
24
18
20
22
21
21
21
17
16
17
20
16
17
18
17
22
22
19
21
23
23
25
22
24
23
24
24
17
16
17
22
23
22
18
16
20
20
19
19
19
19
20
26
24
23
27
28
28
30
29
32
30
28
28
26
27
27
28
26
27
25
23
23
19
23
21
19
21
19
17
17
15
17
16
18
16
18
18
13
17
15
22
20
22
23
23
27
25
22
22
21
19
19
16
16
17
18
18
13
14
12
14
14
14
11
9
9
10
15
12
11
15
14
11
14
13
14
14
9
6
10
10
17
17
15
16
13
9
9
12
10
10
12
11
10
8
8
10
7
6
8
7
10
15
12
14
13
16
16
14
15
16
17
16
20
21
20
18
22
17
21
25
20
24
23
25
29
25
26
25
29
22
19
19
20
21
16
17
18
16
17
16
14
13
15
19
15
18
19
17
18
19
18
16
18
17
15
16
19
15
15
22
16
13
17
15
15
14
11
13
16
18
16
21
17
17
15
19
23
18
17
20
23
16
21
16
19
21
21
20
24
24
17
22
24
25
26
22
22
24
26
27
28
29
30
29
28
28
27
30
25
24
23
24
23
22
23
24
21
19
17
16
19
22
20
23
28
22
22
21
17
15
11
7
11
12
12
10
14
13
10
8
7
10
3
8
7
8
6
4
8
6
5
3
6
7
8
9
8
8
8
11
11
14
15
17
20
17
13
13
16
13
19
21
14
21
20
21
23
22
23
22
25
22
18
22
22
22
18
21
21
25
22
24
28
25
24
24
25
24
22
17
17
19
18
17
16
15
14
14
17
23
18
20
21
22
17
19
19
21
21
18
17
20
23
24
25
16
17
13
13
12
11
15
18
19
15
18
22
25
23
26
22
23
26
31
31
29
23
28
34
25
24
22
22
25
24
24
21
22
25
18
19
17
21
22
21
19
16
19
20
14
12
13
8
11
14
16
16
14
15
12
11
14
14
12
15
14
15
19
17
14
16
18
19
11
11
9
10
8
9
11
6
11
8
7
11
12
11
10
16
11
13
19
18
16
17
20
18
22
24
23
22
20
18
18
19
16
19
18
19
15
14
15
11
12
14
13
14
12
12
17
16
18
17
16
16
14
17
16
13
15
17
18
18
18
18
20
18
13
20
17
15
13
18
14
13
17
15
18
15
19
18
18
20
17
19
17
16
17
16
18
18
17
17
16
18
18
21
17
17
19
18
16
18
16
16
17
17
16
19
16
15
14
15
16
14
14
15
17
13
13
14
14
18
14
17
17
18
16
14
20
19
21
17
20
20
23
23
21
24
20
24
23
17
17
19
18
16
15
15
18
16
17
16
17
12
13
13
11
14
13
14
14
16
20
15
15
16
11
14
12
10
9
4
8
6
6
10
10
11
12
8
11
6
3
5
1
0
2
3
3
3
1
1
-2
2
2
-1
1
2
7
11
11
10
11
11
10
15
20
15
20
23
24
18
15
15
20
16
16
16
16
19
18
16
16
20
18
21
24
20
20
26
22
22
22
21
22
22
27
27
27
21
24
21
21
24
23
24
24
24
28
23
21
19
21
17
18
22
20
21
25
22
21
20
18
17
16
14
14
18
17
19
19
18
16
22
24
22
23
23
24
25
24
22
23
28
30
27
26
28
28
26
27
25
26
28
25
26
26
26
30
29
25
22
26
28
24
21
23
24
19
19
20
16
16
16
19
14
10
9
10
8
8
8
10
11
6
6
10
11
10
11
5
13
7
5
9
6
5
9
11
9
11
13
11
11
12
5
6
9
11
10
9
4
7
4
1
1
2
3
2
5
0
-1
-2
-1
0
3
4
6
-1
1
4
6
5
9
10
5
11
10
8
6
8
6
6
9
6
9
15
