-5
-8
-5
-3
-1
-4
-1
1
0
2
1
1
0
4
0
3
1
1
-3
-1
1
-1
1
0
-1
2
8
7
8
6
6
6
6
10
5
6
7
9
7
9
10
13
12
9
13
15
16
21
16
18
17
20
21
18
22
18
25
24
25
28
24
22
23
23
23
21
21
17
18
14
17
14
15
11
13
15
16
15
15
14
12
12
12
10
15
15
9
8
9
11
7
10
6
9
9
9
10
8
8
5
3
4
7
3
5
5
7
4
6
8
3
8
1
5
2
2
1
-3
-6
-4
-9
-14
-11
-10
-8
-13
-14
-13
-15
-16
-14
-16
-12
-14
-15
-10
-13
-9
-11
-11
-11
-12
-14
-14
-13
-7
-13
-14
-11
-14
-9
-9
-10
-12
-10
-9
-14
-7
-6
-5
0
-3
-2
-3
-1
1
-1
-2
-2
0
-5
-11
-9
-9
-8
-5
-5
-4
-2
-4
0
-2
-5
-2
3
-1
0
1
-1
-3
-6
-6
-5
-6
-7
-3
-4
-6
-5
-7
-6
-9
-6
1
1
3
6
3
4
12
11
10
9
11
12
15
18
15
11
9
8
9
7
8
7
8
7
6
12
8
11
13
14
16
18
15
16
17
14
15
17
20
15
13
14
9
6
9
9
11
7
7
8
9
6
1
7
8
4
6
6
6
6
5
5
7
6
1
-3
-4
-2
0
1
0
2
1
0
3
3
0
-3
-3
2
-1
2
-3
-7
-10
-9
-8
-9
-5
-8
-8
-10
-8
-9
-12
-13
-17
-14
-12
-12
-15
-15
-15
-19
-17
-16
-18
-18
-15
-18
-20
-17
-17
-23
-22
-23
-21
-19
-17
-19
-20
-17
-22
-21
-22
-19
-18
-18
-20
-19
-14
-16
-14
-16
-14
-16
-13
-14
-17
-13
-15
-15
-14
-14
-15
-15
-14
-16
-12
-11
-12
-13
-10
-12
-12
-12
-13
-8
-12
-15
-13
-14
-14
-15
-20
-14
-14
-17
-14
-17
-15
-14
-13
-11
-9
-8
-10
-13
-10
-8
-8
-8
-8
-5
-2
-3
-9
-6
-4
-8
-3
-1
-1
-3
-2
1
1
0
-1
3
-1
2
4
-1
-2
0
0
2
1
0
-3
-1
-1
-6
-9
-5
-3
-4
-1
-3
-6
-8
-8
-10
-7
-10
-9
-10
-13
-13
-9
-9
-9
-7
-5
-7
-13
-13
-14
-11
-10
-12
-14
-17
-18
-20
-19
-21
-22
-20
-18
-17
-23
-19
-21
-21
-17
-16
-18
-18
-16
-18
-18
-17
-15
-15
-19
-22
-28
-28
-30
-29
-26
-29
-21
-24
-27
-25
-25
-26
-21
-19
-24
-23
-22
-27
-24
-25
-27
-30
-26
-21
-25
-22
-23
-20
-20
-16
-20
-22
-21
-24
-23
-24
-26
-24
-26
-29
-24
-29
-32
-33
-33
-29
-30
-27
-29
-27
-26
-27
-29
-29
-30
-27
-24
-28
-26
-29
-27
-26
-28
-25
-25
-23
-23
-20
-22
-19
-19
-17
-18
-17
-16
-19
-16
-18
-19
-20
-22
-18
-20
-18
-12
-10
-13
-12
-8
-8
-8
-8
-10
-11
-6
-7
-9
-12
-10
-9
-14
-10
-13
-13
-20
-21
-16
-17
-21
-15
-16
-22
-23
-23
-23
-21
-27
-24
-20
-21
-18
-22
-23
-23
-21
-23
-20
-18
-18
-18
-16
-15
-14
-18
-20
-21
-19
-20
-20
-15
-21
-25
-18
-24
-26
-23
-24
-31
-26
-27
-26
-25
-28
-23
-24
-25
-26
-29
-30
-22
-29
-29
-29
-27
-29
-32
-33
-35
-28
-32
-28
-27
-27
-26
-23
-23
-25
-24
-24
-27
-24
-23
-21
-20
-26
-19
-19
-21
-20
-20
-25
-25
-25
-26
-24
-24
-24
-21
-21
-26
-18
-19
-26
-27
-27
-26
-28
-23
-24
-25
-25
-28
-28
-31
-27
-26
-30
-31
-31
-30
-30
-31
-27
-31
-27
-27
-26
-23
-26
-22
-22
-20
-17
-19
-17
-19
-22
-22
-22
-19
-18
-17
-20
-20
-19
-20
-18
-19
-22
-16
-20
-20
-18
-18
-16
-14
-11
-12
-12
-13
-8
-10
-9
-11
-13
-12
-14
-11
-14
-14
-10
-12
-10
-8
-9
-9
-5
-8
-9
-7
-5
-5
-6
-9
-9
-6
-6
-7
-10
-12
-10
-9
-10
-11
-15
-9
-12
-15
-20
-19
-21
-26
-22
-27
-25
-24
-23
-26
-28
-29
-26
-26
-25
-26
-25
-20
-19
-20
-22
-21
-23
-22
-24
-26
-29
-29
-28
-28
-30
-27
-30
-26
-24
-26
-23
-24
-25
-24
-25
-28
-29
-26
-33
-32
-33
-33
-32
-32
-33
-35
-34
-30
-32
-35
-31
-31
-31
-29
-33
-29
-31
-30
-27
-28
-22
-26
-25
-26
-30
-27
-26
-26
-23
-25
-25
-23
-23
-20
-20
-21
-20
-19
-20
-18
-24
-26
-22
-23
-22
-23
-23
-22
-23
-23
-22
-27
-25
-30
-28
-27
-22
-25
-29
-23
-25
-24
-30
-29
-29
-25
-22
-22
-19
-20
-24
-20
-17
-17
-17
-20
-18
-16
-19
-22
-25
-20
-21
-22
-19
-21
-19
-16
-18
-15
-14
-14
-11
-10
-11
-12
-10
-11
-7
-6
-7
-8
-9
-7
-7
-5
-7
-8
-9
-13
-11
-13
-13
-14
-13
-14
-14
-16
-15
-12
-19
-17
-12
-15
-14
-15
-20
-16
-20
-20
-19
-20
-20
-21
-25
-29
-28
-25
-21
-24
-21
-20
-23
-30
-28
-28
-26
-24
-24
-22
-23
-20
-18
-16
-23
-29
-23
-21
-20
-25
-25
-21
-18
-22
-20
-18
-20
-24
-23
-21
-23
-23
-23
-18
-21
-24
-21
-23
-24
-26
-28
-22
-24
-27
-23
-26
-22
-22
-27
-23
-20
-17
-23
-26
-31
-27
-26
-26
-23
-29
-30
-28
-25
-29
-35
-33
-28
-27
-29
-31
-28
-30
-29
-29
-30
-26
-29
-24
-28
-26
-25
-26
-23
-23
-21
-21
-20
-18
-19
-19
-22
-18
-18
-20
-17
-19
-20
-20
-21
-20
-18
-24
-20
-20
-27
-23
-25
-25
-17
-15
-18
-19
-16
-16
-15
-12
-15
-13
-11
-6
-10
-13
-15
-14
-14
-13
-12
-12
-12
-14
-15
-15
-10
-14
-17
-14
-15
-13
-14
-18
-14
-12
-12
-14
-13
-9
-15
-12
-12
-13
-12
-11
-13
-10
-13
-16
-12
-17
-17
-20
-19
-22
-20
-20
-17
-14
-20
-14
-16
-14
-21
-20
-18
-16
-17
-20
-18
-21
-16
-20
-24
-25
-26
-23
-25
-27
-24
-20
-22
-23
-23
-24
-23
-21
-24
-22
-19
-18
-20
-23
-17
-19
-20
-19
-20
-17
-20
-20
-20
-20
-20
-19
-15
-15
-18
-18
-19
-18
-19
-16
-12
-19
-18
-18
-17
-16
-14
-12
-16
-17
-15
-17
-15
-15
-15
-17
-15
-16
-15
-14
-15
-11
-12
-11
-15
-13
-12
-9
-5
-8
-9
-9
-11
-12
-12
-9
-11
-11
-11
-9
-12
-13
-11
-8
-8
-9
-11
-11
-5
-8
-9
-8
-6
-6
-7
-7
-6
-9
-9
-9
-10
-13
-11
-9
-9
-6
-5
-9
-5
-3
-3
-10
-4
-5
-9
-6
-10
-12
-15
-14
-12
-14
-14
-14
-15
-14
-15
-11
-13
-12
-15
-18
-18
-20
-23
-24
-19
-18
-20
-15
-16
-19
-14
-19
-21
-14
-10
-17
-15
-13
-17
-15
-15
-15
-13
-13
-11
-19
-16
-10
-15
-17
-19
-17
-15
-16
-19
-18
-20
-26
-23
-22
-25
-24
-26
-31
-29
-29
-30
-30
-31
-29
-29
-31
-28
-32
-32
-29
-30
-31
-31
-28
-25
-24
-26
-26
-25
-21
-20
-22
-24
-20
-20
-18
-17
-18
-13
-12
-16
-16
-12
-15
-17
-14
-17
-19
-19
-18
-14
-17
-17
-17
-19
-16
-18
-13
-17
-14
-16
-16
-17
-17
-16
-20
-18
-17
-13
-18
-19
-16
-16
-12
-13
-14
-12
-11
-11
-10
-12
-13
-10
-8
-10
-11
-9
-11
-9
-3
-3
1
-1
-3
-1
1
0
0
3
0
-3
1
-4
-4
-7
-13
-9
-9
-11
-12
-12
-12
-11
-11
-9
-7
-6
-2
-7
-2
-6
-9
-7
-8
-8
-8
-4
-8
-7
-8
-6
-9
-12
-6
-11
-9
-7
-8
-11
-10
-5
-8
-8
-7
-10
-4
-5
-6
-9
-14
-12
-16
-17
-19
-21
-24
-21
-19
-20
-24
-24
-25
-26
-19
-19
-19
-17
-18
-18
-17
-17
-20
-15
-14
-20
-20
-22
-29
-32
-34
-33
-27
-29
-33
-29
-32
-28
-26
-24
-21
-24
-27
-29
-26
-25
-27
-26
-25
-24
-24
-19
-19
-19
-19
-23
-22
-22
-19
-18
-20
-27
-20
-19
-21
-20
-21
-23
-23
-23
-26
-23
-23
-22
-23
-22
-24
-22
-21
-20
-22
-23
-24
-19
-23
-24
-26
-22
-19
-15
-15
-16
-14
-14
-14
-17
-19
-14
-17
-18
-13
-15
-13
-14
-11
-9
-11
-9
-7
-6
-6
-1
-5
-6
-7
-10
0
-4
-1
-3
-2
-1
-4
-3
-2
-3
-8
-9
-7
-9
-14
-7
-13
-10
-6
-9
-8
-9
-9
-9
-10
-10
-12
-11
-9
-6
-7
-7
-5
-6
-4
-5
-7
-5
-2
-4
-5
-5
-3
1
-2
-1
1
0
0
-3
-3
-2
2
-7
-8
-1
0
-1
-6
-8
-6
-6
-6
-6
-6
-8
-9
-4
-7
-7
-2
-7
-9
-6
-6
-11
-8
-12
-12
-12
-10
-13
-11
-11
-12
-12
-9
-15
-15
-12
-12
-14
-12
-11
-14
-17
-17
-16
-16
-14
-17
-16
-15
-18
-19
-12
-11
-11
-13
-14
-15
-16
-13
-13
-16
-19
-19
-15
-11
-10
-7
-10
-11
-7
-7
-10
-13
-10
-8
-9
-11
-13
-16
-12
-12
-13
-12
-13
-17
-18
-17
-15
-15
-13
-14
-18
-14
-17
-17
-13
-13
-13
-9
-8
-16
-16
-15
-13
-13
-7
-9
-10
-4
-5
-5
-6
-2
1
2
2
-4
1
3
2
0
2
3
1
1
0
0
0
0
0
4
0
1
0
4
5
3
1
1
0
3
0
-1
1
3
5
9
11
10
10
8
8
11
9
6
6
8
7
7
2
1
4
0
-1
-4
-4
-3
-2
-2
-5
-4
0
-3
-5
-3
-2
-8
-9
-9
-6
-7
-9
-7
-7
-1
-1
-4
-6
-6
-9
-4
-9
-8
-9
-6
-12
-14
-10
-15
-15
-13
-9
-10
-10
-12
-10
-11
-10
-14
-13
-10
-11
-7
-10
-14
-14
-11
-6
-7
-11
-10
-11
-13
-15
-11
-12
-14
-12
-12
-15
-17
-10
-15
-14
-11
-14
-12
-10
-8
-6
-9
-9
-10
-8
-4
-3
-7
-7
-3
0
2
1
-2
-1
-2
-1
-4
-6
-6
-9
-7
-11
-12
-11
-11
-12
-15
-17
-16
-13
-13
-10
-14
-18
-12
-14
-11
-11
-11
-12
-9
-7
-7
-5
-4
-3
-4
-3
-1
2
4
2
1
-1
-5
-6
2
4
3
1
7
6
3
8
6
7
6
5
0
1
2
4
5
-1
7
7
6
7
9
10
8
7
3
4
3
2
6
2
1
3
1
-3
0
-1
-1
-1
-3
-3
-7
-6
-1
-3
-6
-2
-4
-8
-9
-7
-5
-2
-7
-6
-4
-3
-6
-10
-3
-7
-8
-11
-11
-9
-8
-6
-8
-8
-7
-5
-8
-5
-6
-7
-2
-6
-6
-6
-9
-9
-5
-4
-5
-5
-3
-4
-2
-3
-4
-7
-5
-4
-6
-7
-13
-10
-8
-11
-11
-15
-16
-10
-11
-14
-16
-8
-8
-13
-12
-5
-5
-7
-6
-3
-6
-7
-7
-7
-4
-2
-4
-7
-4
-4
-1
-5
-4
-6
-5
-6
-8
-8
-8
-8
-8
-10
-11
-12
-15
-18
-14
-11
-9
-7
-7
-9
-3
-2
1
-1
-1
-4
-8
-8
-5
-2
-9
-5
-7
-6
-4
1
0
-2
-2
-1
3
2
4
8
10
12
9
10
11
13
9
7
5
3
7
5
2
8
6
5
3
6
7
6
4
2
5
5
-1
-1
0
-4
-1
-2
5
-1
-2
0
1
-3
1
0
-2
-5
-5
-5
-4
-2
-2
-5
-4
1
-3
-1
0
-3
-3
0
1
-2
1
2
0
2
1
-1
1
-3
-4
-5
-10
-11
-8
-10
-9
-6
-10
-13
-11
-12
-14
-9
-9
-9
-13
-13
-12
-9
-4
-8
-6
-11
-14
-12
-11
-5
-5
-10
-9
-8
-4
-3
-5
-5
-7
-2
-4
-2
0
0
1
3
1
2
-1
-1
0
4
5
1
0
-3
-6
-9
-5
-9
-7
-6
-6
-5
-5
-2
-5
0
-1
0
-1
-2
-5
0
1
-4
1
-2
-7
-9
-11
-13
-7
-11
-9
-11
-5
-2
-4
-4
-5
-3
-3
-1
-1
-3
-4
-3
-6
-4
-1
0
0
4
1
4
3
2
3
6
10
8
10
7
11
8
6
5
8
11
3
5
4
5
6
5
5
1
1
4
5
2
2
2
0
2
8
10
4
2
2
4
3
5
2
2
1
3
1
-5
3
1
1
-5
-1
-1
-2
4
10
4
4
3
6
8
4
5
2
4
4
-3
1
-3
-6
-3
-4
-3
-1
-3
-4
-1
-5
-6
-7
-5
-5
-9
-2
-8
-8
-6
-7
-3
-2
-8
-5
-5
-9
-6
-11
-10
-13
-7
-3
-8
-8
-5
-2
-4
-4
-2
-2
-3
-2
-1
-4
-5
-5
-5
-4
-3
1
0
0
-1
0
1
3
3
6
5
0
5
1
2
2
0
-1
-5
-8
-5
-8
-11
-11
-13
-14
-14
-13
-18
-18
-15
-14
-12
-14
-15
-18
-17
-17
-15
-15
-19
-15
-14
-12
-11
-14
-11
-14
-9
-8
-7
-8
-7
-5
-6
-8
-7
-3
-3
-5
-9
-8
-7
-3
-9
-4
-3
-4
-1
-4
3
1
-2
5
3
5
2
-1
0
-3
-2
1
0
-7
-2
-2
2
7
6
10
8
11
8
13
15
15
13
13
8
11
14
12
9
5
6
6
8
8
8
7
12
11
8
12
11
9
6
6
1
0
5
4
1
1
-6
-6
0
-3
-2
-5
-6
-2
-3
-1
3
-4
0
3
4
0
-4
-1
1
-4
-3
-1
-5
-2
0
-3
-7
-9
-16
-16
-8
-8
-4
-2
-5
-3
-2
0
-2
-1
-5
-10
-7
-8
-14
-12
-8
-11
-9
-8
-4
-4
1
-6
-6
-4
-8
-3
-9
-13
-13
-15
-13
-17
-18
-20
-18
-10
-13
-13
-18
-21
-17
-16
-16
-17
-15
-9
-10
-9
-10
-7
-6
-2
4
7
4
0
-2
-2
0
0
-1
-5
-5
-7
-9
-8
-7
-7
-5
-8
-9
-13
-13
-7
-9
-5
-4
3
7
9
14
13
20
23
27
38
45
44
50
55
55
53
63
69
66
70
74
72
73
77
73
73
78
75
77
77
68
69
72
66
66
64
58
53
46
47
49
44
39
35
32
30
25
21
15
6
2
-1
-2
-8
-8
-12
-15
-17
-23
-28
-35
-36
-39
-44
-48
-48
-53
-59
-59
-60
-63
-62
-63
-68
-75
-74
-72
-73
-69
-78
-69
-74
-69
-64
-58
-54
-54
-50
-50
-45
-47
-39
-39
-39
-33
-33
-30
-24
-24
-25
-25
-23
-26
-29
-38
-37
-38
-37
-34
-33
-28
-40
-41
-50
-59
-59
-61
-66
-70
-61
-51
-40
-21
-5
4
2
15
35
54
76
81
81
66
69
80
89
91
88
80
76
82
83
79
73
67
62
60
62
58
47
40
42
44
48
47
45
45
38
35
30
25
14
12
14
5
0
-6
-10
-10
-6
0
2
-5
-9
-5
-3
-1
3
6
3
3
9
14
8
9
18
13
12
15
18
18
15
18
13
17
20
21
19
23
24
26
26
25
32
32
24
22
21
28
26
23
24
24
18
15
18
10
5
7
5
-4
-4
-3
-11
-18
-21
-26
-28
-30
-36
-35
-40
-46
-48
-51
-54
-52
-53
-60
-65
-66
-71
-72
-70
-72
-79
-83
-80
-80
-78
-70
-71
-73
-74
-73
-70
-71
-63
-70
-82
-92
-95
-98
-101
-98
-93
-80
-62
-35
-17
-14
-15
1
28
66
92
103
91
78
88
100
117
124
113
103
92
102
102
96
85
78
74
81
85
79
72
62
63
64
63
62
62
53
52
49
39
26
13
12
14
17
4
-12
-20
-19
-12
-11
-19
-28
-30
-25
-21
-23
-22
-27
-18
-14
-2
4
-1
0
2
5
3
8
10
3
8
14
13
8
13
18
23
26
30
26
23
33
38
41
42
37
38
46
45
52
49
50
50
46
41
33
28
23
14
7
6
2
-6
-11
-12
-20
-27
-29
-28
-30
-36
-43
-50
-58
-57
-58
-66
-70
-70
-68
-72
-72
-74
-78
-80
-78
-82
-80
-73
-74
-70
-71
-75
-77
-70
-73
-68
-69
-79
-95
-104
-106
-111
-116
-116
-113
-103
-85
-46
-11
-16
-21
-10
24
63
100
116
99
80
85
107
123
132
130
111
102
108
118
106
93
85
81
82
91
88
75
59
55
65
67
68
62
54
50
49
47
24
11
7
11
13
5
-7
-14
-24
-18
-9
-15
-33
-33
-22
-17
-23
-27
-34
-39
-28
-8
-6
-13
-15
-11
-4
3
17
16
12
11
24
24
19
26
28
34
40
50
51
51
50
54
63
58
60
63
69
70
73
66
68
67
69
76
66
52
47
42
37
32
29
24
11
7
3
-7
-9
-15
-20
-26
-31
-35
-46
-49
-53
-55
-62
-66
-66
-72
-77
-81
-76
-80
-76
-75
-77
-80
-76
-77
-77
-75
-70
-68
-68
-65
-67
-69
-87
-102
-110
-115
-122
-128
-126
-119
-108
-84
-41
-15
-19
-25
-2
39
86
119
126
104
91
105
135
151
154
140
128
123
131
141
128
109
91
92
96
95
94
75
56
59
67
72
68
64
53
52
52
43
24
9
7
11
8
1
-14
-26
-31
-30
-29
-42
-55
-59
-47
-47
-45
-55
-70
-78
-66
-43
-44
-43
-45
-42
-42
-35
-25
-17
-14
-2
6
10
9
13
27
33
44
46
49
51
65
72
71
68
62
70
88
90
87
84
83
84
93
99
97
85
81
76
72
69
58
49
40
34
22
9
-3
-11
-18
-32
-41
-47
-57
-56
-65
-69
-71
-73
-67
-71
-79
-82
-91
-99
-102
-96
-94
-97
-90
-91
-92
-83
-81
-80
-73
-71
-67
-73
-88
-106
-122
-129
-133
-132
-130
-129
-116
-94
-50
-9
-2
-11
-3
39
89
131
152
138
124
132
160
171
177
171
150
145
160
171
155
135
122
108
109
119
119
104
92
89
90
88
83
74
72
73
70
64
37
19
14
15
11
3
-4
-15
-29
-25
-24
-35
-50
-51
-39
-34
-38
-43
-52
-67
-65
-54
-54
-53
-48
-45
-43
-43
-35
-35
-33
-19
-2
15
17
25
35
37
40
47
56
60
69
76
66
63
63
66
76
81
80
74
75
79
78
82
74
63
55
54
52
44
43
29
14
10
2
-8
-15
-23
-31
-44
-58
-68
-83
-89
-84
-83
-88
-95
-97
-99
-103
-105
-102
-102
-107
-104
-98
-98
-91
-91
-93
-91
-87
-85
-83
-85
-102
-125
-146
-151
-154
-164
-163
-151
-129
-100
-63
-34
-36
-48
-24
47
114
162
179
164
146
155
179
197
208
208
195
187
195
187
166
153
136
119
110
118
124
115
98
84
64
61
71
83
85
71
57
42
26
18
15
5
-3
-11
-6
-7
-22
-34
-55
-68
-72
-60
-50
-57
-74
-72
-68
-79
-94
-98
-92
-72
-36
-21
-38
-58
-51
-26
0
21
32
32
48
74
94
89
82
89
105
114
108
98
80
67
72
80
71
59
56
52
54
56
59
56
60
64
63
45
28
26
32
24
5
-4
-13
-28
-49
-67
-89
-107
-107
-106
-114
-133
-138
-142
-147
-143
-146
-145
-132
-110
-106
-119
-134
-143
-143
-130
-119
-110
-126
-145
-150
-179
-226
-248
-236
-222
-220
-198
-125
20
173
205
119
48
113
275
388
394
334
286
282
303
268
116
-28
-5
143
212
106
-65
-134
-74
28
71
49
22
54
138
198
189
123
79
115
195
228
191
136
93
33
-36
-60
-44
-56
-103
-125
-121
-128
-137
-117
-107
-128
-134
-53
45
42
-27
-49
3
55
61
50
32
11
9
34
51
20
-26
-36
4
38
35
20
22
51
74
100
135
139
113
104
138
175
166
131
122
130
132
122
98
68
41
38
68
79
55
4
-30
-18
-11
-22
-29
-35
-52
-69
-76
-81
-102
-118
-111
-102
-107
-119
-124
-121
-111
-119
-122
-116
-109
-109
-109
-95
-89
-100
-114
-117
-120
-131
-141
-159
-189
-205
-208
-188
-179
-195
-221
-222
-207
-196
-176
-74
149
375
422
259
114
153
299
372
338
307
293
260
200
94
-72
-210
-189
-32
79
39
-64
-104
-63
4
43
94
159
208
254
298
323
249
116
49
72
129
132
81
-17
-129
-214
-228
-185
-190
-234
-215
-107
-29
-39
-50
-12
-2
-6
71
204
232
131
74
109
101
4
-53
-32
-34
-69
-72
-56
-88
-141
-139
-77
-14
21
74
134
173
185
195
243
272
252
225
225
215
163
113
88
83
46
-8
-37
-35
-36
-45
-32
-4
14
19
34
52
43
32
50
68
38
-11
-34
-50
-98
-158
-185
-193
-212
-224
-214
-199
-191
-192
-192
-162
-126
-97
-67
-41
-17
-26
-47
-59
-69
-90
-126
-163
-183
-194
-196
-205
-218
-242
-253
-250
-246
-258
-250
-188
11
325
518
408
178
135
272
369
323
248
269
310
247
91
-60
-190
-299
-274
-113
48
40
-92
-125
3
142
139
111
183
315
389
377
345
257
96
-35
-38
35
39
-60
-170
-231
-236
-241
-273
-311
-293
-169
-8
73
85
107
133
88
67
159
262
235
114
61
95
44
-128
-232
-187
-124
-121
-126
-115
-114
-133
-145
-84
59
159
161
199
300
348
308
270
269
260
223
170
145
110
32
-46
-67
-64
-97
-112
-101
-77
-45
-1
44
69
90
104
128
155
158
127
90
50
12
-29
-79
-129
-182
-208
-223
-255
-267
-235
-206
-188
-167
-145
-110
-69
-47
-42
-3
36
20
-16
-43
-74
-111
-149
-182
-206
-217
-242
-256
-225
-223
-274
-317
-308
-270
-223
-155
54
392
545
371
153
156
284
290
207
185
287
318
155
-7
-85
-203
-362
-329
-93
89
37
-88
-21
171
221
121
106
245
352
369
367
379
266
18
-138
-93
-10
-72
-195
-218
-167
-157
-242
-318
-314
-242
-129
0
114
198
225
162
64
60
148
176
98
29
65
91
-49
-257
-323
-258
-225
-244
-190
-84
-53
-111
-115
15
132
139
146
278
418
400
306
261
266
201
82
25
55
43
-54
-111
-96
-93
-138
-156
-101
-3
48
76
131
192
189
154
143
163
150
102
55
10
-40
-127
-190
-227
-255
-278
-305
-297
-252
-203
-170
-149
-128
-101
-52
-12
-13
0
21
25
-5
-52
-92
-132
-165
-213
-221
-214
-243
-260
-246
-231
-254
-285
-286
-267
-227
-178
14
375
618
512
252
185
304
343
224
136
256
377
285
97
-30
-142
-319
-390
-216
40
89
-47
-42
169
306
202
70
125
290
388
377
381
336
134
-99
-166
-95
-85
-196
-272
-208
-113
-145
-269
-337
-301
-182
-47
61
168
271
270
156
78
118
158
79
-24
11
108
51
-167
-291
-246
-219
-258
-217
-66
11
-44
-77
7
99
90
53
203
464
535
436
360
353
282
142
41
36
90
39
-24
-24
-64
-160
-253
-222
-120
-22
38
97
187
224
184
135
108
116
135
117
71
11
-75
-181
-272
-335
-356
-353
-348
-324
-242
-188
-204
-206
-165
-100
-63
-47
-22
50
86
26
-44
-69
-104
-174
-251
-285
-270
-271
-294
-287
-249
-249
-290
-309
-279
-216
-114
108
451
637
513
285
237
303
274
140
106
262
366
251
51
-73
-181
-332
-368
-189
48
91
20
80
258
317
165
40
120
287
356
340
327
278
103
-128
-221
-171
-149
-219
-268
-187
-71
-92
-232
-320
-268
-130
-12
63
175
297
282
135
46
88
102
-9
-112
-33
84
11
-195
-272
-181
-185
-283
-273
-91
49
11
-20
61
158
143
97
247
460
500
399
342
356
301
132
-31
-37
43
36
-7
-39
-74
-120
-165
-138
-70
-2
56
144
238
274
250
182
120
97
103
77
10
-48
-97
-153
-262
-352
-368
-347
-340
-320
-212
-122
-104
-129
-122
-64
-31
-53
-36
54
76
-10
-94
-115
-114
-161
-241
-277
-248
-245
-269
-268
-258
-263
-308
-331
-285
-206
-86
186
512
616
437
254
248
315
263
137
154
321
386
240
32
-95
-211
-333
-319
-133
39
41
19
131
294
289
117
39
157
327
377
357
335
254
82
-97
-156
-141
-149
-214
-240
-144
-59
-113
-262
-333
-250
-100
-8
57
190
317
279
118
55
116
111
-23
-94
37
145
12
-203
-244
-162
-183
-276
-246
-61
47
3
-18
78
154
115
82
259
498
517
390
313
316
260
112
-28
-66
0
25
3
-20
-96
-163
-192
-130
-67
-3
88
160
229
255
254
197
127
84
99
110
36
-49
-107
-139
-250
-357
-383
-355
-332
-317
-214
-120
-94
-110
-113
-55
-14
-5
19
103
121
23
-65
-99
-120
-201
-282
-301
-254
-225
-251
-250
-254
-266
-297
-308
-246
-162
-31
205
524
659
480
240
182
255
239
133
102
238
348
239
12
-146
-237
-319
-319
-177
24
109
85
129
259
306
183
68
131
306
393
365
308
224
65
-125
-214
-198
-176
-218
-246
-173
-81
-96
-229
-310
-253
-115
-4
58
159
278
277
134
23
45
60
-33
-123
-42
77
9
-188
-281
-209
-174
-226
-221
-73
66
71
35
67
146
174
153
205
412
536
462
349
280
226
100
-15
-82
-41
36
9
-20
-69
-108
-144
-138
-78
9
138
200
228
249
269
239
147
91
87
93
20
-69
-125
-173
-259
-368
-378
-351
-325
-315
-244
-129
-97
-106
-125
-80
-24
1
22
62
98
46
-40
-110
-143
-203
-281
-315
-283
-226
-225
-236
-264
-272
-274
-280
-234
-152
16
294
577
633
435
238
216
271
231
129
141
275
329
194
-5
-143
-231
-301
-281
-114
70
130
111
163
274
284
165
95
177
335
404
368
314
221
54
-130
-206
-177
-141
-177
-211
-150
-69
-100
-224
-298
-233
-82
36
92
183
273
250
114
28
64
77
-16
-87
-10
81
-4
-197
-279
-212
-166
-196
-181
-58
73
104
86
121
195
213
174
210
327
394
351
267
224
188
102
-28
-87
-49
0
12
-16
-32
-23
-6
-4
0
67
152
195
189
191
210
187
105
40
48
40
-34
-123
-147
-158
-227
-306
-324
-284
-261
-241
-179
-93
-48
-62
-84
-73
-48
-40
-34
-2
18
-25
-80
-125
-159
-205
-253
-261
-234
-205
-195
-184
-191
-231
-272
-286
-245
-163
-32
228
525
602
389
159
151
266
269
163
151
297
390
258
18
-134
-205
-277
-273
-117
74
122
47
58
180
248
155
58
142
330
420
381
310
218
61
-104
-157
-104
-67
-129
-196
-165
-94
-113
-239
-322
-263
-104
38
104
157
223
197
81
18
77
140
68
-28
26
128
65
-153
-278
-222
-130
-137
-146
-70
13
17
-25
5
98
147
159
289
469
520
416
286
245
246
205
89
29
61
78
44
-45
-143
-187
-149
-81
-19
45
105
137
149
180
199
187
127
98
147
140
49
-93
-180
-222
-288
-335
-346
-312
-310
-302
-234
-162
-139
-156
-143
-74
-3
12
24
61
72
0
-89
-127
-143
-187
-254
-285
-252
-233
-253
-275
-278
-273
-288
-290
-243
-121
108
407
596
504
271
189
282
341
260
183
243
334
286
99
-63
-173
-268
-291
-164
27
89
6
-23
101
218
194
115
130
266
388
405
341
243
105
-38
-106
-96
-59
-85
-184
-257
-222
-162
-199
-310
-344
-209
-22
62
82
128
166
113
33
78
185
166
19
-43
48
90
-43
-206
-226
-146
-119
-134
-118
-73
-59
-79
-53
53
141
189
287
409
478
445
358
291
261
260
213
137
69
33
36
-13
-123
-206
-162
-66
-13
10
58
133
153
141
141
193
198
147
136
139
114
-12
-141
-207
-238
-271
-322
-323
-331
-329
-285
-229
-165
-141
-126
-102
-58
-20
2
40
61
33
-31
-80
-119
-161
-221
-272
-264
-252
-273
-314
-332
-326
-332
-320
-234
43
373
494
361
229
291
431
429
291
249
353
414
278
88
-29
-105
-208
-256
-124
53
38
-127
-152
28
186
164
97
162
319
396
361
302
225
122
38
15
43
45
-29
-165
-280
-295
-239
-218
-275
-309
-206
-53
2
-13
-2
34
53
85
174
241
171
32
-6
53
38
-68
-121
-95
-76
-135
-175
-145
-131
-166
-177
-81
47
105
139
265
400
422
358
326
341
336
305
273
237
158
45
-19
-31
-71
-154
-195
-135
-41
-9
1
30
88
140
155
168
172
184
172
118
81
43
-14
-117
-213
-254
-277
-311
-377
-379
-301
-242
-219
-202
-153
-100
-96
-101
-54
34
70
21
-32
-44
-49
-103
-198
-263
-261
-240
-254
-278
-303
-311
-335
-362
-329
-124
226
462
407
191
175
370
489
388
268
324
427
368
162
6
-55
-149
-253
-187
16
88
-84
-248
-167
32
135
106
100
210
324
354
308
246
173
95
61
74
106
79
-66
-263
-357
-279
-191
-239
-336
-312
-168
-73
-79
-69
-19
-1
-8
80
231
243
76
-54
7
94
57
-43
-89
-86
-119
-155
-129
-79
-79
-122
-96
21
112
118
99
148
258
345
362
313
249
217
223
214
153
86
69
64
31
-25
-57
-85
-119
-110
-20
84
83
11
-7
45
88
71
53
59
65
40
2
-46
-108
-187
-238
-243
-248
-250
-236
-211
-207
-210
-183
-138
-105
-110
-95
-49
-11
-30
-95
-126
-120
-112
-139
-175
-185
-197
-204
-229
-253
-276
-294
-282
-199
49
347
421
185
-17
119
430
552
399
253
299
359
247
68
14
24
-51
-114
-20
100
17
-207
-261
-62
163
201
122
101
157
217
247
248
216
160
115
104
96
80
34
-93
-229
-258
-155
-94
-201
-328
-296
-150
-77
-60
-25
-6
-46
-42
92
189
111
-20
-10
88
90
10
-38
-46
-99
-168
-125
-6
26
-81
-143
-48
79
99
64
111
198
231
233
261
267
207
169
217
257
193
71
29
50
44
-7
-41
-42
-60
-64
-25
22
17
-23
-24
18
50
50
13
-19
-27
-17
-14
-55
-118
-156
-176
-201
-240
-248
-217
-191
-202
-212
-186
-144
-139
-165
-135
-61
-23
-85
-174
-178
-118
-81
-112
-171
-209
-213
-200
-199
-194
-226
-278
-300
-229
22
320
382
130
-73
86
412
531
397
277
288
313
238
146
118
64
-40
-81
29
108
-20
-202
-205
-28
139
180
135
63
37
107
250
330
269
161
127
138
108
74
75
23
-108
-178
-101
-60
-182
-331
-311
-158
-44
-5
-13
-68
-138
-103
59
177
127
32
34
73
56
24
29
20
-59
-106
-39
57
46
-68
-137
-59
75
120
98
106
138
160
216
272
256
198
193
236
246
187
135
130
124
83
52
53
30
-37
-58
22
77
36
-37
-52
-11
26
33
23
2
-15
-20
-31
-50
-92
-122
-135
-144
-161
-179
-174
-189
-220
-221
-172
-110
-112
-162
-163
-101
-67
-102
-138
-130
-106
-113
-147
-165
-156
-157
-166
-179
-194
-214
-252
-268
-241
-75
220
378
201
-77
-41
285
517
465
311
272
300
252
173
165
181
82
-45
-19
91
71
-94
-170
-52
120
175
112
26
5
70
176
251
251
194
127
70
47
94
158
122
-43
-148
-98
-50
-128
-230
-215
-134
-94
-98
-84
-100
-172
-168
-20
114
88
-20
-39
15
39
43
78
85
8
-82
-71
46
98
27
-48
-2
82
87
59
90
136
150
176
243
267
190
132
162
222
224
186
187
191
146
74
45
58
68
73
78
78
38
-12
-29
-12
17
29
19
1
-30
-43
-47
-56
-79
-105
-116
-127
-149
-167
-146
-133
-160
-210
-211
-168
-150
-179
-181
-124
-61
-69
-121
-141
-130
-107
-120
-143
-140
-109
-101
-138
-182
-213
-223
-230
-239
-211
-75
147
261
119
-85
-43
247
489
491
342
233
208
221
236
270
271
151
4
-27
56
92
-2
-104
-75
48
101
31
-60
-50
46
138
180
189
153
70
-12
11
148
244
160
-56
-175
-99
5
-15
-115
-159
-137
-139
-154
-127
-95
-140
-200
-134
7
54
-42
-121
-70
54
124
104
36
-27
-38
10
84
110
56
-37
-89
-51
11
91
178
183
128
97
154
229
254
248
219
207
198
190
199
208
174
90
36
52
64
48
29
21
36
41
28
5
-20
-3
27
50
61
38
-8
-71
-99
-89
-85
-107
-157
-175
-157
-153
-184
-227
-231
-205
-197
-186
-150
-99
-82
-115
-136
-101
-54
-67
-143
-189
-149
-75
-57
-115
-177
-202
-216
-245
-267
-228
-125
53
183
126
-64
-117
113
420
534
413
237
170
216
302
363
359
240
70
12
93
158
77
-49
-82
3
56
-1
-67
-64
3
61
105
120
82
9
-23
54
179
228
126
-56
-150
-73
56
59
-63
-166
-176
-160
-154
-127
-80
-115
-223
-231
-95
-6
-74
-161
-95
54
104
20
-64
-51
-7
21
68
128
115
12
-75
-29
106
178
155
106
101
119
152
176
173
162
156
172
174
175
181
192
160
102
72
98
117
79
46
56
78
60
4
-16
12
34
45
27
11
-4
-34
-55
-53
-49
-69
-116
-147
-153
-140
-137
-150
-166
-193
-202
-182
-160
-145
-120
-101
-106
-111
-95
-58
-46
-77
-108
-97
-54
-50
-87
-123
-126
-121
-155
-206
-232
-214
-191
-190
-145
-2
132
78
-104
-100
201
503
504
273
125
190
316
358
360
354
253
50
-64
42
171
117
-54
-116
-47
-14
-74
-114
-55
35
65
39
1
2
16
52
101
129
129
71
-26
-74
-13
70
37
-89
-165
-151
-121
-118
-113
-115
-174
-229
-170
-44
-7
-96
-145
-85
-20
-32
-64
-21
37
37
-5
-11
20
18
-6
27
117
169
119
47
41
97
165
220
217
147
87
109
170
185
145
93
70
61
63
58
41
33
34
45
52
43
24
21
39
57
53
32
-8
-36
-30
-13
-21
-68
-121
-141
-143
-149
-161
-170
-172
-194
-237
-240
-178
-116
-119
-156
-150
-107
-76
-92
-118
-88
-50
-47
-81
-104
-95
-89
-96
-112
-116
-134
-180
-220
-231
-221
-198
-174
-78
78
126
-17
-123
57
395
531
355
140
130
298
439
448
368
230
78
27
119
221
156
-5
-73
-27
2
-50
-67
-17
22
17
4
-9
-32
-34
29
124
139
64
-7
-31
-14
42
88
48
-88
-186
-162
-95
-68
-74
-79
-146
-233
-204
-52
26
-80
-189
-130
-11
-21
-90
-75
9
19
-39
-43
36
94
70
34
67
109
80
64
133
192
174
145
152
145
114
127
173
181
125
54
34
59
63
41
44
52
40
24
33
46
48
51
52
48
43
38
27
-1
-23
-31
-47
-61
-105
-142
-164
-182
-194
-210
-223
-231
-239
-237
-206
-161
-147
-173
-170
-128
-85
-73
-74
-60
-49
-62
-73
-71
-71
-82
-97
-103
-101
-128
-166
-184
-165
-159
-172
-185
-184
-171
-133
-10
116
105
-37
-70
147
409
434
260
141
200
324
375
344
252
143
57
72
156
175
75
-49
-61
8
22
-36
-62
-23
20
-3
-37
-37
-13
5
34
58
60
24
-28
-41
-18
32
35
-50
-135
-128
-58
-31
-67
-81
-67
-104
-148
-89
11
-12
-135
-170
-74
-5
-37
-66
-19
19
-29
-74
-24
74
119
79
27
31
72
107
142
176
161
109
94
127
152
145
127
99
62
44
64
96
83
38
20
40
47
46
54
61
47
23
27
40
32
21
11
-5
-33
-71
-95
-102
-114
-131
-159
-184
-212
-229
-226
-220
-205
-195
-201
-208
-178
-149
-134
-133
-112
-88
-99
-112
-93
-54
-60
-100
-143
-142
-112
-103
-108
-102
-104
-134
-151
-122
-98
-118
-143
-137
-117
-102
-111
-63
68
136
27
-85
70
352
408
206
51
125
280
324
259
207
176
102
47
108
173
103
-21
-12
61
31
-59
-69
4
27
-20
-54
-34
-21
-39
-28
22
33
-18
-65
-61
-24
7
11
-27
-71
-69
-22
-9
-46
-56
-24
-26
-81
-90
-7
24
-75
-151
-88
22
23
-39
-38
6
12
-17
0
58
87
57
19
47
76
70
83
139
154
82
37
83
137
126
91
74
62
61
79
108
115
87
35
22
51
85
94
74
30
-19
-28
-12
-1
-11
-29
-43
-67
-88
-92
-85
-100
-134
-155
-159
-151
-167
-191
-196
-183
-179
-188
-186
-163
-140
-129
-127
-133
-146
-166
-149
-98
-72
-97
-123
-124
-107
-103
-95
-86
-91
-111
-128
-105
-71
-78
-111
-124
-111
-119
-139
-138
-115
-103
-103
-57
21
29
-54
-74
98
302
284
101
18
134
289
308
216
131
95
67
56
90
123
64
-39
-69
-29
-20
-58
-52
-3
-1
-72
-131
-99
-17
30
28
-4
-35
-44
-15
33
60
34
-12
-49
-49
-8
27
5
-38
-39
-18
-35
-68
-35
33
15
-78
-102
-14
50
16
-38
-27
0
-12
-34
-9
44
66
23
-29
-26
24
80
112
104
68
55
97
140
133
115
124
144
111
73
76
116
119
57
-3
-9
19
33
29
14
-15
-34
-28
-17
-8
1
-6
-32
-51
-50
-35
-44
-80
-102
-107
-93
-107
-132
-142
-141
-145
-160
-178
-165
-131
-120
-141
-158
-128
-100
-91
-90
-71
-50
-57
-77
-80
-51
-25
-36
-80
-108
-109
-94
-79
-72
-85
-112
-137
-128
-105
-106
-134
-162
-162
-129
-101
-66
2
62
10
-72
-1
185
273
169
46
70
186
220
155
107
118
110
76
74
84
39
-26
-12
48
32
-52
-79
-5
46
-4
-74
-76
-25
16
23
5
-25
-34
-4
44
53
30
9
-8
-21
-10
28
41
15
-20
-7
-1
-41
-55
2
57
1
-90
-100
-31
4
-25
-42
-26
-32
-56
-37
17
51
31
6
9
33
53
76
109
118
69
32
60
102
109
79
55
40
34
36
47
61
48
11
-7
10
52
74
64
37
25
32
39
30
25
29
12
-21
-37
-23
-15
-41
-78
-86
-89
-98
-106
-104
-96
-108
-128
-119
-95
-84
-96
-106
-89
-76
-74
-81
-87
-69
-50
-62
-88
-94
-76
-57
-59
-80
-98
-111
-112
-89
-55
-38
-67
-99
-105
-83
-62
-60
-72
-101
-122
-132
-128
-124
-129
-121
-67
-3
-12
-90
-76
92
235
174
18
12
164
274
228
121
99
152
152
96
80
100
86
27
-3
12
12
-18
-14
24
25
-28
-59
-28
43
84
66
18
-6
20
68
78
38
15
31
31
-9
-37
-20
10
3
-34
-64
-72
-56
-16
9
-30
-85
-75
-12
20
-12
-49
-32
0
-5
-42
-55
-29
4
-10
-45
-44
-10
22
34
40
27
12
29
74
106
113
103
90
82
89
101
104
106
99
77
76
70
64
61
64
62
40
23
16
31
45
37
17
6
9
12
4
0
7
-6
-51
-84
-80
-49
-48
-82
-118
-124
-100
-84
-96
-123
-122
-103
-92
-101
-106
-75
-48
-61
-89
-86
-53
-37
-45
-52
-56
-63
-90
-98
-76
-56
-84
-133
-144
-105
-70
-81
-100
-107
-108
-126
-132
-108
-77
-69
-62
-12
41
17
-40
5
163
248
162
48
68
198
259
211
135
121
136
136
130
126
121
105
81
66
50
30
31
56
66
18
-53
-70
-17
46
38
-24
-73
-57
-6
7
-26
-34
4
8
-43
-84
-45
10
6
-29
-37
-28
-49
-65
-37
8
-29
-108
-122
-58
-14
-50
-99
-87
-46
-45
-72
-75
-33
-5
-8
-29
-31
-16
7
45
73
65
28
22
70
111
111
95
86
99
99
92
96
110
114
95
83
99
111
106
91
69
61
54
41
32
31
22
-1
-18
-27
-29
-33
-39
-46
-57
-70
-75
-70
-59
-54
-65
-82
-85
-63
-48
-62
-73
-66
-53
-69
-92
-99
-90
-94
-106
-103
-92
-77
-77
-87
-97
-80
-56
-43
-45
-43
-28
-18
-13
-14
-9
-9
-10
-3
2
-5
-15
-24
-22
-10
-16
-35
-51
-47
-28
-15
10
37
38
23
36
88
147
135
84
86
124
141
109
85
97
106
83
59
39
32
30
38
46
28
-7
-36
-24
7
17
-16
-47
-32
2
-6
-48
-60
-20
19
8
-39
-71
-42
6
6
-29
-47
-26
-13
-10
-7
-1
-12
-27
-14
5
-2
-34
-34
-7
-1
-36
-52
-24
0
-14
-45
-57
-36
-17
-18
-21
-15
-5
12
19
21
24
40
59
69
61
49
50
61
73
61
39
24
23
29
34
28
-3
-13
2
20
9
-17
-16
12
20
-10
-18
-4
10
5
-16
-15
-12
-15
-29
-46
-50
-48
-42
-53
-73
-92
-82
-58
-47
-70
-88
-75
-58
-54
-60
-49
-41
-40
-55
-45
-31
-29
-35
-32
-15
-17
-23
-27
-12
-4
-4
-2
0
4
9
6
7
7
17
15
-1
-10
-19
-12
-13
-33
-64
-74
-76
-85
-93
-103
-102
-101
-83
-56
-34
-35
-39
-14
24
51
51
53
55
57
58
76
91
83
62
49
56
69
77
63
52
50
47
42
42
43
44
45
48
56
52
39
30
32
45
51
43
31
23
21
8
-3
3
16
19
5
-9
-7
4
-1
-14
-19
-11
-2
-4
-21
-31
-24
-20
-29
-49
-58
-48
-44
-56
-77
-91
-80
-55
-48
-51
-48
-44
-23
-8
3
12
7
3
13
22
16
9
21
30
23
13
15
26
32
27
21
27
33
28
16
25
43
48
37
30
44
57
57
52
44
38
40
33
30
18
11
8
8
-4
-20
-14
-1
-3
-25
-46
-43
-31
-30
-42
-51
-48
-51
-47
-47
-42
-35
-46
-50
-39
-27
-30
-36
-40
-39
-36
-40
-28
-23
-30
-44
-48
-41
-46
-55
-55
-46
-53
-72
-93
-91
-71
-67
-81
-105
-104
-84
-65
-60
-50
-30
-5
4
10
36
80
104
100
92
91
107
115
115
117
117
103
81
70
79
85
73
59
59
61
60
50
44
56
67
67
68
65
59
57
67
62
55
44
30
27
24
10
-2
-18
-22
-19
-22
-37
-55
-55
-47
-38
-47
-62
-72
-68
-57
-57
-66
-71
-75
-78
-73
-77
-83
-89
-76
-59
-63
-72
-68
-40
-21
-24
-25
-8
8
16
18
31
51
58
50
41
52
64
76
74
67
65
61
73
83
82
72
64
66
70
64
59
59
56
51
42
35
30
25
26
23
15
-4
-12
-8
-15
-21
-36
-44
-43
-44
-48
-57
-61
-71
-75
-83
-83
-70
-71
-75
-87
-89
-82
-85
-90
-84
-76
-78
-83
-86
-77
-71
-69
-71
-65
-53
-43
-38
-37
-28
-15
-6
-12
-12
-3
12
21
12
6
10
13
8
4
-6
-3
-2
-11
-11
-7
6
12
18
35
54
62
64
71
80
78
81
93
91
84
76
81
75
71
62
65
80
80
66
53
50
51
56
59
58
46
38
36
42
46
40
33
23
22
11
2
-9
-10
-9
-24
-32
-36
-31
-29
-38
-49
-47
-39
-39
-40
-39
-32
-19
-20
-34
-40
-28
-8
-2
-6
-9
-8
-1
7
25
27
26
32
33
38
47
58
62
62
61
65
75
73
64
60
70
73
64
51
50
58
59
48
35
49
64
58
44
30
30
37
33
28
35
26
13
0
-2
-5
-9
-18
-24
-29
-38
-43
-52
-47
-50
-59
-70
-59
-49
-55
-65
-64
-54
-54
-58
-55
-48
-46
-46
-51
-51
-50
-39
-31
-36
-33
-27
-25
-23
-19
-12
0
0
-3
-7
5
13
11
11
5
8
0
-5
-5
-4
-11
-20
-20
-27
-31
-47
-58
-59
-57
-66
-71
-68
-57
-45
-34
-31
-17
-10
-4
13
34
51
46
39
41
57
64
59
48
56
67
65
53
45
55
62
53
44
41
48
55
53
46
46
45
47
44
44
45
40
40
38
26
27
29
31
27
12
4
4
18
15
10
4
1
3
-3
0
-2
-5
-19
-21
-21
-27
-33
-38
-37
-36
-44
-44
-31
-23
-25
-34
-36
-21
-5
1
-1
-3
1
3
1
9
14
16
19
18
12
19
24
30
31
38
44
40
39
43
52
57
56
46
37
40
38
34
24
10
11
3
0
-4
-11
-2
-11
-23
-26
-23
-22
-28
-26
-26
-31
-34
-38
-32
-30
-37
-44
-51
-51
-58
-59
-56
-61
-69
-69
-61
-56
-66
-76
-68
-52
-45
-53
-52
-43
-42
-48
-48
-43
-30
-25
-23
-24
-24
-23
-17
-10
-8
-9
-13
-11
-8
-8
-5
-9
-10
-14
-15
-15
-17
-24
-24
-17
-17
-7
-6
-2
1
11
28
42
41
39
49
58
67
63
65
67
68
70
68
69
68
63
63
65
61
61
55
51
44
43
41
35
31
22
21
22
23
24
20
18
11
8
6
10
10
5
1
-7
-2
-2
0
0
-7
-9
-16
-21
-20
-20
-27
-34
-35
-37
-33
-23
-20
-20
-14
-9
-12
-4
4
9
21
24
25
23
31
46
48
50
45
42
44
43
45
37
37
38
38
39
43
41
45
45
40
37
27
28
39
35
16
9
11
14
5
-8
-11
-11
-20
-29
-29
-22
-23
-31
-52
-55
-44
-47
-55
-56
-54
-58
-67
-67
-66
-62
-61
-64
-66
-70
-69
-65
-53
-48
-46
-51
-49
-40
-27
-26
-22
-12
-9
-9
-12
-3
0
0
-11
-19
-9
1
-5
-17
-18
-11
-8
-6
-7
-5
-3
-3
-1
-2
-2
-8
-8
-10
-14
-20
-34
-38
-35
-35
-36
-40
-43
-44
-39
-26
-10
-4
-6
-6
2
19
32
34
33
35
39
38
39
40
45
44
40
40
40
38
40
39
37
32
36
41
45
51
41
41
44
43
45
39
36
37
35
28
18
13
14
14
6
-4
-8
-3
-6
-13
-16
-16
-11
-13
-16
-12
-11
-9
-15
-14
6
14
13
6
10
20
27
22
14
12
18
18
8
16
16
12
10
12
8
3
-2
7
14
12
8
2
11
13
8
12
14
18
14
0
1
7
12
5
1
-2
2
-3
-10
-9
-8
-3
-6
-6
-7
-11
-11
-12
-7
-13
-22
-28
-27
-25
-28
-39
-38
-37
-36
-36
-40
-41
-45
-47
-44
-44
-39
-36
-40
-42
-50
-53
-48
-38
-35
-36
-37
-34
-37
-27
-25
-26
-19
-17
-17
-17
-15
-15
-4
-4
-13
-16
-16
-7
-7
-9
-19
-19
-15
-20
-24
-27
-27
-28
-27
-36
-41
-40
-39
-29
-25
-29
-27
-17
-6
9
19
24
35
41
49
55
54
61
66
66
65
60
60
59
58
57
60
57
56
48
42
48
48
46
38
45
46
50
48
41
40
37
36
30
31
29
28
24
14
9
15
17
9
4
-3
-1
-1
0
-1
-2
-5
-12
-16
-18
-13
-7
-12
-21
-23
-18
-15
-16
-17
-9
-8
-7
-14
-5
6
6
5
3
16
25
29
28
32
36
36
35
37
42
44
42
36
41
48
45
40
32
37
40
30
30
27
24
12
8
7
4
-6
-12
-10
-8
-12
-25
-31
-37
-39
-37
-43
-47
-51
-49
-48
-51
-48
-53
-51
-48
-49
-47
-48
-45
-45
-41
-39
-33
-35
-37
-34
-28
-26
-19
-13
-17
-19
-15
-11
-3
5
9
7
8
12
7
8
12
15
9
7
7
10
5
2
-7
-8
-1
-6
0
-2
-2
-4
-6
0
-3
-4
-1
3
0
-1
2
-1
6
9
6
4
1
5
3
6
13
14
11
9
11
16
15
17
15
13
17
25
31
28
34
33
28
33
39
41
36
38
36
38
41
40
43
41
41
39
42
41
31
25
30
29
27
26
16
21
23
19
18
10
10
13
11
19
27
25
24
23
29
37
37
34
39
45
40
38
43
45
42
38
37
39
34
31
31
27
25
17
11
6
9
9
12
10
4
1
-4
-4
-8
-6
-2
-4
-7
-7
-3
3
-7
-15
-18
-19
-16
-17
-19
-23
-25
-32
-37
-34
-26
-24
-27
-25
-16
-7
-9
-15
-15
-5
2
-4
-9
-5
-5
-7
-6
-1
1
1
6
7
5
6
8
13
19
18
8
13
9
8
4
-2
-5
-5
-12
-18
-13
-17
-21
-26
-21
-21
-25
-28
-29
-25
-16
-13
-17
-13
-17
-11
-7
-8
-6
-3
-9
-11
-7
-14
-10
-14
-12
-3
-2
-4
-1
2
4
1
6
9
14
21
17
15
12
15
19
23
24
18
17
20
18
18
15
17
19
18
14
7
14
24
25
22
16
16
22
18
19
21
23
25
21
19
22
17
16
13
13
12
8
12
17
19
15
8
10
18
26
19
11
12
19
25
24
20
22
27
31
30
31
36
39
39
41
40
35
38
41
40
40
38
44
44
42
35
35
32
27
26
25
19
22
17
15
11
6
2
1
-1
-3
-1
-1
-6
-3
1
0
1
-7
-10
-5
-4
-3
2
3
-5
-10
-9
-2
0
-3
-4
-1
-6
-7
-9
-7
-7
-10
-14
-15
-16
-11
-7
-7
-6
-7
-8
-7
-3
-10
-9
-12
-14
-15
-14
-14
-24
-26
-31
-27
-19
-13
-18
-26
-23
-15
-9
-5
-10
-13
-3
-1
2
-3
-4
2
8
8
12
12
7
11
10
18
19
12
6
9
15
17
16
14
18
23
21
13
16
14
16
12
6
7
10
8
4
-1
-3
3
3
-1
-5
-4
1
2
3
4
6
0
-9
-6
1
-4
-8
-13
-10
-6
-9
-9
-4
-1
-1
-3
-3
-2
2
9
10
11
7
8
11
20
20
20
25
26
29
32
27
22
32
35
39
32
29
35
34
38
36
39
34
34
40
35
40
34
29
34
32
32
28
25
20
20
21
20
23
15
7
6
9
11
15
14
14
7
6
2
1
0
-2
1
-4
-7
-11
-9
-9
-6
-6
-12
-13
-15
-16
-16
-20
-15
-9
-6
-6
-5
-7
-4
-2
-4
0
5
4
0
5
4
10
14
9
11
13
9
5
10
5
0
1
-5
1
2
0
-4
-7
2
5
0
-5
-6
-4
-1
0
8
13
9
5
6
5
3
3
5
3
0
-4
1
6
6
8
2
5
10
15
15
9
8
11
17
12
7
8
6
11
10
15
13
10
10
13
16
18
19
15
11
25
23
20
18
16
17
10
11
9
10
6
7
3
15
16
16
12
13
16
16
20
25
30
28
29
31
30
29
24
30
28
20
16
22
22
15
17
16
17
16
16
18
18
23
20
15
24
25
30
26
24
26
22
23
23
21
20
18
16
15
18
15
11
8
3
12
7
5
-2
-2
3
3
2
-3
-3
-8
-7
-11
-10
-8
-7
-7
-9
-10
-6
-2
-3
-3
-3
-3
-3
-3
-5
-4
-5
-2
-3
-6
-7
-6
-2
-1
3
6
0
-1
0
4
1
1
-1
-2
-3
-8
-4
-2
1
2
4
2
3
8
15
17
11
14
27
25
23
17
17
18
15
17
13
15
12
3
2
4
2
-2
2
2
6
7
5
4
4
4
6
6
10
12
6
5
8
8
7
7
5
2
-2
5
11
8
4
2
4
5
1
3
4
1
-3
2
-1
-5
-2
0
2
2
6
-3
-1
0
-4
4
8
11
7
7
8
13
15
11
13
13
13
10
12
12
14
16
16
15
14
13
10
16
15
17
15
15
12
13
6
0
3
1
4
1
-2
-5
-2
0
0
2
1
-1
1
-1
-3
5
9
8
12
15
7
5
6
6
6
7
9
10
7
4
0
4
2
5
5
0
3
4
3
0
-1
0
3
8
12
13
11
12
7
11
10
11
13
9
10
7
4
3
3
0
-1
-3
-5
-9
0
-2
-3
-1
-6
-1
0
2
3
1
0
1
3
0
0
2
2
-5
-5
-3
-7
-4
-2
5
3
3
8
6
10
11
11
10
14
15
11
16
14
17
21
15
17
17
16
17
19
20
21
19
17
19
17
13
14
18
19
16
17
17
18
12
8
6
4
2
0
1
-1
0
-3
-1
-7
-2
-4
-3
-2
-7
-5
-11
-9
-12
-12
-11
-12
-16
-13
-12
-16
-15
-12
-13
-12
-13
-14
-12
-6
-4
-5
-5
-4
-4
-6
-6
-3
-9
-10
-4
-4
-1
-3
-5
-5
-4
4
3
5
8
7
9
10
12
17
18
13
13
10
13
10
8
9
14
17
9
10
9
9
8
13
10
10
6
2
7
4
7
6
2
9
8
8
7
5
6
3
7
8
2
-4
2
-2
-4
-2
-8
-9
-6
-11
-13
-6
-10
-11
-10
-7
-4
-7
-10
-8
-7
-4
-2
1
3
1
-3
2
4
3
7
5
9
12
9
11
10
15
15
18
18
13
12
11
13
16
18
16
15
13
14
8
7
8
4
2
4
-2
1
3
-2
2
1
4
6
4
4
5
-1
1
3
-1
-1
-1
-3
-3
-1
-1
-2
-3
-6
-5
-4
-4
-8
-8
-4
-4
-4
-7
-6
-8
-5
-5
-5
-4
-4
-4
-2
-3
-5
1
0
-2
-2
-4
-4
-5
-2
-2
-4
-4
-3
-2
-7
-3
-5
-5
-7
-8
-7
-9
-8
-14
-11
-9
-11
-11
-15
-11
-12
-11
-9
-6
-8
-6
-9
-8
-3
-4
1
-3
0
2
1
4
4
3
7
2
-4
-4
-3
-6
-3
-1
-2
-3
3
1
-2
0
0
-1
-3
-2
-2
-4
-4
-3
-10
-6
-4
-6
-2
3
3
0
0
1
8
12
13
9
6
9
11
11
8
6
10
10
10
7
8
10
10
18
19
20
20
20
19
17
18
20
19
15
12
11
13
13
14
8
12
13
8
9
8
5
5
5
4
5
5
6
7
8
6
5
1
0
5
4
-2
-2
-2
-5
-5
-2
-3
-2
4
-2
-4
-1
6
5
4
10
12
10
12
19
22
18
21
18
14
12
17
13
13
10
8
2
-1
3
6
3
-1
-1
1
-2
2
-7
-11
-4
-7
-9
-13
-12
-14
-12
-15
-14
-11
-15
-11
-14
-15
-18
-16
-15
-20
-13
-15
-8
-6
-8
-3
-10
-3
1
-4
-4
-4
-2
1
3
6
3
2
2
1
5
0
-7
-1
3
-1
-5
-7
-5
-2
-5
-6
0
-1
-4
-3
-7
-3
-1
-2
-3
-4
-2
2
-3
-2
0
0
-8
-8
-2
-1
-4
-8
-8
-4
-2
-6
-7
-9
-6
-8
-9
-9
-10
-7
-10
-12
-12
-7
-8
-5
-3
-2
-4
-6
-5
-3
-1
1
-2
0
-2
5
5
8
7
9
12
10
11
13
12
17
18
18
23
16
22
18
18
16
20
22
19
18
21
24
21
25
24
24
19
22
18
16
17
13
18
18
17
20
15
18
21
21
18
17
17
15
15
12
14
8
6
4
2
2
2
1
-4
-2
-3
-4
-6
-2
2
-1
-1
7
10
13
15
14
16
16
14
11
12
9
7
7
4
4
7
4
5
6
6
9
9
12
12
13
8
7
3
6
3
3
4
2
2
0
5
4
3
2
-2
-1
-3
0
-1
-1
0
-2
-4
-6
-2
-1
-2
-1
-2
-5
-6
-6
-4
-8
-7
-7
-8
-7
-9
-7
-9
-9
-5
-5
-7
-7
-7
-7
-3
-6
-8
-7
-9
-7
-12
-8
-8
-9
-7
-9
-10
-5
-4
-3
0
1
4
5
6
5
9
11
10
11
9
14
10
14
13
13
15
17
20
14
15
13
16
14
12
16
10
14
5
5
9
12
12
10
12
6
1
3
7
1
0
1
-2
-4
-10
-12
-8
-7
-5
-9
-10
-9
-6
-2
-5
-3
-1
4
8
9
10
7
8
14
14
16
18
19
19
22
22
20
20
19
24
25
23
21
21
17
16
24
20
15
15
11
11
9
7
1
-3
-7
-5
-9
-9
-8
-7
-1
-2
-5
-9
-8
-3
-6
-2
-6
-9
-14
-18
-18
-20
-23
-25
-22
-23
-26
-27
-22
-24
-27
-21
-18
-18
-16
-17
-16
-15
-10
-6
-6
-6
-5
-5
-5
-4
-4
-3
-5
-4
1
-5
-1
-2
-3
3
-4
-1
-3
-7
-6
-7
-4
-8
-7
-4
-2
-3
-4
-4
-5
-6
-9
-10
-11
-10
-10
-14
-9
-7
-5
-3
-4
-2
0
0
2
7
9
14
15
14
19
14
17
18
17
20
15
16
16
13
15
15
16
12
13
13
16
12
11
10
6
14
10
8
8
9
9
7
4
9
10
8
9
6
11
6
7
10
12
11
14
16
18
17
16
22
18
23
24
19
27
26
25
25
21
25
21
23
17
16
15
19
17
16
20
16
16
13
14
8
5
8
4
9
11
5
8
2
3
-1
1
3
7
2
-1
3
0
1
0
-1
5
0
-1
0
-4
-5
-8
-8
-12
-8
-16
-11
-6
-4
-4
-7
-4
-1
-4
-6
-6
-5
0
-7
-3
2
-1
0
-2
-1
-2
-5
1
-1
-4
-5
-5
-4
-4
-5
-10
-9
-12
-11
-9
-8
-9
-8
-6
-9
-9
-13
-14
-9
-6
-2
-2
-3
-4
-4
-6
-3
-3
0
5
2
0
4
0
2
2
2
6
5
0
3
4
2
6
0
-1
-2
-1
-1
6
3
1
2
5
7
0
2
4
8
8
5
10
9
10
11
7
10
11
9
14
15
14
11
6
9
9
5
8
3
1
6
3
5
3
2
3
4
3
2
-1
1
1
-1
3
0
1
1
6
4
2
2
-4
-1
-2
-2
-6
-5
-2
-7
-3
-3
-2
-4
-1
-2
-2
1
-1
-4
-1
1
4
4
2
1
5
4
2
2
2
4
-1
1
0
2
-2
-6
-6
-6
-2
-1
-2
-3
-3
0
1
-4
-3
2
-1
-7
-4
-2
-1
-1
-3
-3
-1
-4
1
-1
-1
-2
-6
-3
-4
-4
-3
-4
1
-4
-7
-4
-7
-6
-4
-6
-8
-7
-9
-5
-5
-5
-8
-7
-6
-3
-7
-10
-11
-12
-11
-12
-11
-8
-7
-7
-7
-10
-6
-6
-10
-7
-7
-4
-5
-4
-5
-7
-4
-1
1
1
-6
-3
-3
0
-5
2
4
3
6
4
7
7
4
2
3
-1
5
-2
0
3
1
3
4
7
1
5
1
2
4
-2
-1
-1
-4
-1
-2
-5
-8
-9
-11
-10
-11
-12
-9
-9
-11
-9
-9
-11
-9
-11
-11
-6
-3
0
-2
1
0
0
5
1
5
5
4
6
4
8
5
5
3
2
7
9
6
5
11
8
6
6
9
6
7
8
7
7
9
5
5
6
1
2
6
7
-2
2
0
1
1
6
6
0
0
-1
-1
-2
2
-3
-4
-6
-7
-14
-13
-15
-12
-10
-15
-10
-8
-11
-14
-13
-8
-8
-7
-9
-10
-11
-10
-6
-5
-5
-5
-9
-2
1
4
2
-2
2
2
2
3
4
7
8
5
4
6
10
3
8
7
6
8
9
9
8
5
5
2
5
-5
1
6
3
1
-2
1
0
0
2
1
1
2
2
-1
-7
-7
-6
-6
-6
-9
-10
-5
-6
-7
-9
-9
-11
-14
-9
-7
-7
-9
-8
-12
-11
-8
-10
-7
-4
-3
-4
-5
-2
-4
0
-2
-5
-4
-2
-4
0
