-8
-7
-5
-7
-9
-8
-7
-9
-8
-11
-7
-6
-5
-1
-6
-6
-7
-9
-11
-13
-14
-11
-15
-14
-10
-8
-9
-11
-11
-9
-2
-4
0
-1
0
1
2
-1
-1
1
-3
-1
-3
-3
-1
0
-4
-5
-6
-8
-5
-1
-5
-7
-3
-2
-8
-6
-7
-6
-9
-9
-11
-12
-6
-9
-7
-7
-5
-9
-7
-6
-8
-5
-9
-6
-8
-7
-5
-9
-8
-7
-8
-15
-12
-13
-11
-8
-15
-15
-16
-16
-11
-15
-15
-15
-13
-12
-13
-12
-12
-10
-12
-12
-14
-16
-13
-14
-15
-11
-14
-12
-7
-5
-6
-12
-13
-12
-10
-12
-13
-14
-12
-14
-14
-10
-7
-9
-8
-7
-7
-11
-11
-12
-17
-15
-15
-15
-16
-14
-16
-15
-19
-21
-21
-21
-19
-18
-20
-19
-19
-21
-15
-16
-19
-19
-21
-15
-15
-18
-21
-22
-19
-19
-20
-16
-13
-18
-15
-14
-11
-10
-12
-13
-16
-13
-7
-9
-8
-5
-7
-8
-11
-9
-13
-11
-7
-15
-16
-12
-14
-15
-14
-16
-11
-12
-15
-17
-17
-13
-14
-13
-12
-13
-9
-12
-12
-8
-9
-3
-10
-9
-7
-10
-5
-5
-9
-11
-8
-11
-13
-11
-15
-12
-8
-8
-4
-3
-7
-5
-5
-3
-8
-8
-11
-8
-11
-9
-7
-7
-9
-9
-3
-6
-8
-11
-8
-8
-9
-10
-12
-13
-10
-16
-18
-17
-15
-17
-14
-16
-14
-17
-18
-19
-19
-17
-17
-19
-21
-18
-16
-14
-10
-11
-17
-13
-11
-12
-18
-17
-11
-14
-13
-17
-19
-14
-16
-13
-15
-20
-13
-13
-12
-16
-16
-18
-15
-11
-10
-8
-7
-4
-6
-9
-7
-10
-10
-11
-16
-14
-15
-16
-15
-16
-17
-19
-18
-23
-26
-22
-24
-23
-21
-26
-20
-19
-16
-12
-11
-14
-15
-19
-13
-12
-15
-14
-17
-19
-21
-16
-13
-15
-12
-12
-16
-17
-12
-19
-21
-19
-16
-11
-16
-13
-10
-12
-8
-5
-5
-8
-7
-5
-6
-3
-4
-7
-7
-7
-8
-9
-6
-6
-7
-6
-7
-4
-4
-1
-2
-4
-4
-1
-4
-2
-3
-3
-6
-3
-1
-3
-3
-4
2
1
-3
-5
-5
-8
-6
-6
-6
-11
-10
-8
-9
-10
-10
-7
-6
-6
-5
-9
-6
-7
-6
-3
-2
-3
-4
-5
-8
-2
-2
-1
-5
-5
-6
-8
-10
-8
-7
-8
-6
-13
-9
-5
-4
-5
-6
-2
0
3
5
2
5
5
3
-2
-6
-2
-3
-2
-6
-3
-6
-4
-1
-4
-1
-3
-6
-8
-7
-5
-10
-7
-7
-12
-5
-5
-9
-6
-3
-1
0
5
6
1
-3
-4
-3
-3
-5
-5
-9
-3
-7
-6
2
-5
1
1
1
-2
-4
-7
-9
-4
-6
-8
-5
-5
-5
-3
-5
-4
-4
-3
-2
-4
-5
-2
-7
-6
-3
-8
-1
-3
-4
-5
-2
-6
-9
-7
-7
-7
-8
-8
-3
-5
-1
4
6
8
7
10
7
8
6
11
11
8
7
9
7
4
1
1
3
1
0
-1
2
3
1
-6
-3
-1
3
1
0
-1
-2
1
5
2
0
2
2
8
6
8
5
8
6
5
6
5
1
-4
-1
-3
-2
-2
4
6
1
2
2
2
1
1
3
-1
3
4
0
2
2
5
1
5
5
3
1
1
0
-1
2
1
-5
-1
0
-1
2
2
1
0
2
3
5
6
10
10
10
6
8
12
11
11
12
12
13
16
17
18
14
13
12
10
9
8
7
4
3
4
5
2
6
4
1
-2
0
2
-1
-2
-2
-5
-6
-5
-5
-3
-2
2
3
3
3
3
3
6
8
5
8
11
9
5
9
10
6
11
6
10
7
6
15
9
11
10
13
11
9
10
8
7
9
9
6
11
5
12
15
16
19
14
14
13
17
16
16
12
14
8
8
9
3
4
4
5
5
12
6
4
5
1
1
0
3
0
4
6
11
7
9
5
5
11
11
11
8
11
13
13
12
11
16
19
15
17
13
10
7
7
6
9
10
10
8
12
10
11
11
12
8
8
9
7
7
10
8
6
3
6
10
5
10
14
12
9
12
11
9
7
7
11
11
11
16
14
12
16
19
18
18
16
16
15
18
15
13
14
13
13
12
12
11
12
15
17
14
10
18
19
17
18
16
10
12
13
13
10
11
12
6
7
7
9
4
4
4
7
12
13
12
7
6
3
10
11
7
7
11
13
13
12
15
15
18
15
15
17
17
20
18
18
14
17
13
14
12
13
14
10
13
13
11
8
12
15
8
8
9
10
11
12
8
8
11
11
13
12
17
15
14
14
15
13
15
20
19
21
18
18
17
17
15
17
17
10
16
16
10
13
15
16
18
16
18
15
19
23
18
21
18
23
21
21
21
22
18
19
21
13
17
15
13
14
14
13
11
16
15
16
16
17
16
13
17
13
13
15
16
17
16
17
20
19
22
23
22
23
19
23
17
11
14
13
12
8
7
4
5
7
13
10
12
10
10
15
13
14
13
12
12
14
16
12
13
14
13
11
4
8
9
7
6
1
0
3
5
5
6
3
6
8
5
5
3
8
0
-4
-2
0
5
3
4
3
1
3
1
1
2
-4
-3
0
-2
-1
4
1
6
2
0
3
1
2
-1
0
-3
-3
-5
-5
-6
-6
-5
-8
-4
-1
-3
-1
-7
-4
-6
-5
-5
-6
-4
0
1
0
5
5
8
5
2
6
6
6
6
7
9
7
11
10
7
9
8
7
10
11
5
4
11
5
6
6
8
5
3
8
9
7
9
5
8
7
1
5
1
4
2
1
5
4
1
-2
0
-3
1
-3
-3
0
2
3
7
6
6
6
6
1
1
2
-1
0
0
-2
-1
-4
-7
-2
-4
-2
0
1
-5
-3
-1
-1
-2
-4
-3
-5
-5
-3
-2
0
-1
-2
1
4
2
0
1
-4
-4
-2
1
-2
-4
5
9
4
2
7
5
7
10
4
4
2
0
1
-1
-3
2
-3
0
1
-4
-8
-4
-2
-8
-4
-1
-1
0
0
-3
-1
-1
-3
-7
-2
-5
-7
-2
-3
-9
-2
-2
-1
0
-2
-3
-3
1
1
-4
-4
-2
-4
-7
-2
3
-5
-4
1
2
3
8
4
3
7
5
7
3
6
8
13
17
14
18
20
19
14
15
16
17
13
12
15
12
14
16
12
9
9
8
5
1
6
10
5
7
5
6
4
1
-1
0
-1
-5
2
2
-3
-4
-1
-2
-6
-9
-1
-3
-6
-7
-9
-10
-15
-9
-11
-17
-17
-4
-15
-10
-10
-14
-13
-6
-13
-13
-6
-17
-18
-13
-10
-14
-25
-16
-7
-19
-10
-19
-1
-14
-4
-20
-8
-7
-11
-21
-20
-25
-8
-21
-21
-27
-14
-17
-16
-16
-20
-8
-14
-6
-17
-13
-16
-7
-13
-9
-6
-1
-1
-13
-9
0
-12
-14
-8
-6
-13
-14
-8
-11
-11
-11
-2
-19
-12
-6
-15
-13
-3
-10
-15
-7
-9
-6
-6
-6
-2
-2
-8
-1
6
6
-4
10
11
5
4
15
14
10
20
22
26
18
23
27
26
25
22
24
26
23
17
27
24
18
22
22
21
18
27
15
7
4
15
15
6
6
4
10
7
-3
6
9
0
-3
6
-5
4
-2
3
-16
-4
-6
-3
-14
-11
-13
-10
-5
-29
-21
-21
-20
-41
-28
-31
-16
-31
-41
-32
-15
-24
-45
-30
-20
-33
-31
-29
-48
-27
-6
-38
-45
-25
-14
-23
-40
-43
-16
-1
-44
-33
-11
-13
-27
-17
-27
-10
-16
-19
-24
-14
-21
-18
-25
-23
-28
-29
-15
-19
-27
-26
-15
-23
-31
-14
-18
-30
-18
-14
-20
-25
-12
-19
-17
-23
-12
-15
-7
-14
-15
-13
-4
-2
-7
-4
10
18
15
16
27
38
43
46
48
55
70
65
58
68
80
76
75
76
78
79
79
73
74
67
67
63
56
54
49
47
46
40
34
30
33
32
23
19
25
23
21
14
10
24
4
6
-6
24
8
-16
-2
5
-5
-33
-15
-13
-8
-46
-31
-25
-16
-23
-41
-28
-33
-1
-35
-38
-39
-2
-37
-41
-35
-28
-25
-49
-38
-36
-23
-52
-33
-21
-18
-47
-33
-5
-36
-41
-3
-23
-30
-26
-5
-35
-13
-16
-6
-23
-8
-12
-2
-14
-22
-15
-10
-6
-37
-11
-11
-18
-41
-14
-23
-27
-36
-33
-25
-35
-31
-30
-31
-34
-34
-35
-36
-26
-35
-35
-31
-27
-29
-15
-14
-15
-8
11
15
20
22
33
45
50
51
59
63
65
61
65
61
70
65
57
56
63
58
57
51
48
40
35
37
29
24
28
25
20
14
20
15
15
16
18
13
18
21
16
6
20
21
10
20
19
21
10
20
5
24
8
7
6
12
-1
11
19
-5
-1
6
23
-11
-15
6
18
-20
-24
0
25
-17
-23
1
22
-22
-42
10
15
-33
-29
8
-1
-19
-28
-14
-13
-11
-41
-18
3
-22
-60
-14
-7
-37
-59
-17
-7
-55
-31
-28
-21
-54
-8
-45
-40
-16
-30
-49
-51
-12
-45
-54
-39
-36
-46
-43
-39
-51
-49
-42
-38
-43
-54
-41
-27
-58
-43
-18
-51
-60
-32
-17
-49
-38
-36
-15
-37
-49
-33
-25
-36
-44
-34
-18
4
-18
-23
3
34
19
15
50
59
54
50
69
72
78
85
63
78
91
83
65
69
81
69
58
58
64
60
51
45
52
49
46
34
32
37
36
22
28
32
19
34
20
12
38
41
5
23
35
26
25
23
10
28
29
10
29
28
29
25
19
37
38
31
27
32
22
48
22
-4
36
30
26
-17
41
4
41
-10
7
20
18
12
-12
-10
26
25
-25
-14
5
20
-20
-10
-30
-2
-3
-19
-43
-47
11
-22
-46
-61
-5
-15
-46
-57
-27
-16
-42
-39
-49
-35
-51
-35
-30
-51
-70
-17
-35
-71
-88
-14
-29
-95
-88
-15
-44
-102
-60
-31
-42
-82
-55
-37
-43
-68
-50
-49
-33
-55
-45
-41
-25
-52
-39
-42
-41
-44
-54
-21
-9
-17
-40
-12
23
7
0
26
62
47
29
49
88
82
56
50
92
90
67
53
88
85
63
53
71
69
47
38
42
51
35
31
26
35
22
27
33
20
17
33
10
12
37
24
8
12
20
11
15
21
30
0
5
40
22
-9
33
36
5
12
27
34
19
20
24
31
37
17
11
55
38
4
12
52
56
-3
-6
44
74
-29
7
42
37
-25
25
38
0
0
19
17
-1
6
-7
29
0
-15
-14
-2
3
-38
-26
-14
-5
-38
-50
-14
-24
-37
-41
-38
-40
-6
-78
-61
-17
-32
-57
-61
-25
-21
-49
-54
-40
-31
-18
-63
-74
-19
-23
-74
-91
-23
-28
-73
-78
-38
-30
-54
-73
-60
-38
-32
-53
-67
-35
-18
-55
-62
-40
-13
-15
-11
-4
-11
5
32
38
18
44
82
82
47
67
113
106
68
86
109
112
95
85
91
89
84
75
74
88
69
50
56
62
57
38
44
62
18
24
45
24
12
15
16
40
25
-14
27
26
-9
5
8
34
3
4
13
22
20
12
9
33
22
13
21
35
12
19
25
36
29
35
21
41
36
0
59
32
37
3
58
40
25
-12
61
45
1
-13
51
43
-5
-20
41
31
-58
7
48
-33
-46
27
-25
-42
-8
-5
-62
-7
-16
-63
-28
-11
-60
-65
-40
-27
-62
-90
-45
-6
-81
-108
-6
-19
-90
-95
-10
-27
-84
-83
-26
-4
-102
-70
-37
-38
-58
-79
-44
-32
-66
-85
-38
-54
-61
-67
-46
-40
-50
-57
-50
-56
-44
-39
-67
-47
-18
-12
-18
-31
-12
45
29
3
55
87
44
49
94
87
82
82
76
87
91
94
73
84
84
75
82
78
63
48
60
59
31
28
58
50
-3
27
45
30
17
6
5
19
47
-21
-7
46
31
-46
1
46
25
-15
-2
4
19
23
-15
9
37
13
-2
29
11
40
43
-10
18
88
26
-16
32
64
21
12
27
64
27
-6
12
48
13
-14
9
38
-8
1
20
-7
8
10
-17
-16
42
-23
-64
15
28
-104
-46
84
-64
-127
1
43
-121
-74
0
-24
-77
-53
-64
-46
-17
-104
-94
-1
14
-135
-81
19
-19
-137
-72
34
-37
-127
-65
6
-54
-100
-56
-46
-48
-58
-71
-64
-52
-57
-65
-84
-51
-29
-67
-79
-51
-42
-61
-61
-67
-62
-17
3
-45
-47
23
16
-5
37
79
53
42
73
91
89
97
105
93
105
109
102
86
95
94
61
65
99
73
27
42
48
23
2
34
25
21
13
-12
17
36
7
-31
14
38
17
-4
3
16
20
-4
2
11
32
22
-31
-15
33
10
-28
12
39
0
-11
36
52
-5
13
60
40
4
39
56
14
18
32
58
57
27
-21
51
81
-47
-22
45
39
-14
-21
-47
78
40
-81
-58
44
46
-34
-112
-24
62
-34
-123
-64
36
-12
-87
-132
-20
20
-77
-111
-88
-30
-15
-93
-102
-96
-52
-19
-106
-127
-76
-12
-86
-138
-113
8
-65
-175
-47
-37
-104
-91
-41
-87
-95
-40
-53
-131
-55
-25
-98
-148
-35
-10
-109
-125
-50
-43
-91
-81
-88
-45
4
-19
-79
-43
40
37
-6
37
79
75
65
73
93
113
127
103
91
126
152
101
79
105
120
72
58
100
77
25
23
47
27
13
21
-3
12
1
-13
6
3
-17
-23
29
2
-39
-16
19
1
-41
-24
43
36
-12
-45
-3
34
20
-25
-22
32
43
0
-41
34
61
1
14
42
19
54
66
-12
8
73
54
15
-4
29
53
-5
-32
29
56
-12
-45
39
16
-24
-17
-11
11
25
-69
-46
33
-27
-87
-34
-14
-64
-19
-32
-121
-58
26
-105
-133
-1
-56
-69
-89
-118
-65
-2
-91
-173
-76
21
-88
-205
-55
27
-133
-150
-10
-65
-143
-57
-67
-136
-75
-28
-98
-108
-80
-78
-61
-88
-112
-86
-30
-78
-138
-103
-30
-77
-170
-113
-12
-56
-126
-50
24
-30
-85
23
113
36
11
93
113
73
106
142
138
129
136
141
125
146
126
94
123
124
85
81
102
57
15
45
53
23
20
15
-12
-4
0
-30
-38
6
-12
-58
-28
18
-28
-53
-20
-7
-23
-8
-5
-8
-24
-13
3
-5
12
44
12
-15
30
33
10
38
69
22
16
69
87
13
15
62
63
32
35
28
33
51
-27
-23
71
53
-55
-38
57
-21
-47
8
27
-46
-65
10
-32
-61
-42
-30
-53
-77
-27
-42
-117
-81
-20
-117
-102
-35
-68
-144
-92
-58
-75
-124
-100
-58
-106
-101
-78
-118
-117
-59
-120
-132
-41
-73
-109
-107
-99
-70
-65
-98
-108
-89
-89
-69
-126
-120
-72
-43
-122
-136
-75
-58
-130
-168
-100
-70
-82
-80
-22
-11
-60
-54
29
96
65
54
105
126
92
118
184
192
146
143
191
202
159
125
151
164
128
120
133
136
71
21
40
73
54
16
10
-2
-14
-21
-22
-33
-27
-39
-49
-58
-46
-26
-39
-69
-42
3
1
-1
-4
-8
-3
19
34
40
43
44
36
33
61
94
95
73
64
82
113
96
69
71
92
84
56
40
63
60
14
-14
25
74
35
-63
-36
68
-20
-64
24
40
-54
-81
-2
46
-88
-96
12
7
-101
-108
-41
-10
-88
-150
-74
36
-71
-170
-106
2
-71
-147
-104
3
-68
-176
-128
6
-57
-147
-112
-29
-61
-107
-131
-83
-46
-84
-142
-86
-52
-104
-179
-129
-59
-92
-174
-155
-89
-111
-185
-165
-104
-135
-202
-131
10
32
-72
-128
13
156
104
36
157
234
141
95
214
327
281
165
186
286
283
195
182
232
228
143
133
205
171
55
28
79
84
37
19
-1
-39
-75
-53
-38
-56
-73
-102
-115
-101
-82
-70
-86
-90
-75
-62
-32
-12
-18
-22
-9
17
69
95
75
75
87
98
131
173
187
160
125
138
170
170
159
152
134
105
95
99
82
46
16
8
11
1
-10
-17
-42
-83
-63
-8
-1
-43
-95
-93
-31
-53
-82
-54
-63
-108
-96
-102
-92
-90
-117
-129
-110
-112
-75
-104
-153
-124
-69
-106
-110
-57
-100
-121
-84
-69
-103
-99
-87
-106
-128
-97
-82
-119
-175
-151
-104
-129
-165
-164
-153
-188
-205
-183
-151
-167
-227
-225
-181
-142
-56
23
-21
-122
-60
145
204
118
161
269
235
171
261
402
399
268
232
331
375
303
235
253
267
212
159
204
200
77
2
32
69
52
6
-55
-103
-117
-92
-81
-86
-98
-137
-182
-163
-98
-75
-118
-135
-110
-80
-47
-22
-13
-26
-15
24
83
120
114
103
103
135
185
221
242
233
214
208
233
266
262
237
195
161
162
169
139
92
54
25
10
-5
-16
-52
-95
-114
-105
-86
-97
-119
-148
-151
-124
-113
-99
-93
-106
-114
-102
-96
-33
-14
-104
-112
-30
-15
-54
-58
-66
-71
-75
-67
-54
-62
-91
-115
-138
-115
-76
-115
-184
-171
-147
-153
-198
-190
-182
-201
-219
-191
-189
-217
-228
-224
-202
-179
-186
-228
-229
-182
-71
41
16
-84
-67
128
241
177
184
330
331
198
236
448
527
371
272
356
424
354
277
306
344
256
143
179
230
140
7
-1
48
31
-22
-66
-112
-157
-152
-127
-119
-125
-140
-191
-230
-168
-90
-94
-142
-128
-94
-85
-56
-6
4
-24
-14
59
112
114
121
138
140
162
212
254
250
219
215
246
275
273
251
227
206
181
175
177
144
90
58
48
34
18
-9
-48
-82
-91
-81
-74
-87
-103
-133
-142
-118
-101
-107
-110
-110
-116
-118
-100
-79
-94
-104
-98
-86
-78
-90
-88
-101
-95
-71
-82
-94
-75
-80
-110
-124
-95
-101
-147
-165
-159
-150
-173
-207
-203
-195
-217
-229
-230
-233
-231
-265
-284
-271
-282
-308
-257
-71
50
-95
-261
-105
212
261
109
164
365
337
170
272
569
610
361
248
429
537
388
274
375
429
264
142
227
271
122
-3
28
68
21
-46
-102
-151
-153
-127
-142
-174
-178
-193
-268
-274
-171
-99
-160
-221
-177
-131
-119
-82
-14
-19
-65
-31
46
83
100
142
146
128
168
233
267
254
247
253
262
281
299
306
283
235
199
229
242
188
127
98
85
60
43
36
-12
-76
-91
-72
-57
-58
-91
-137
-150
-122
-92
-88
-93
-104
-144
-150
-107
-67
-78
-106
-120
-111
-107
-112
-107
-115
-128
-120
-120
-102
-105
-131
-135
-127
-114
-121
-128
-138
-164
-183
-156
-135
-177
-211
-228
-225
-227
-231
-230
-235
-259
-277
-281
-282
-277
-212
-40
39
-115
-228
-17
263
260
126
238
407
309
179
364
630
594
333
290
461
508
358
309
414
403
194
116
237
252
89
-1
42
50
-29
-83
-101
-142
-150
-137
-164
-194
-180
-198
-271
-243
-137
-103
-181
-209
-155
-120
-110
-54
-1
-38
-75
-32
42
53
89
113
87
54
138
302
275
170
153
255
320
314
311
310
268
229
249
288
303
248
123
81
121
136
101
50
-2
-56
-88
-57
-23
-52
-103
-151
-151
-100
-82
-103
-120
-128
-131
-126
-95
-73
-102
-132
-102
-82
-91
-103
-112
-134
-136
-107
-73
-87
-139
-156
-151
-132
-99
-99
-142
-182
-215
-188
-144
-136
-198
-245
-264
-245
-248
-224
-204
-243
-307
-325
-297
-252
-246
-143
19
-7
-216
-210
125
354
224
98
279
403
265
218
478
672
481
247
332
514
463
313
334
420
310
132
157
253
184
50
26
52
3
-66
-81
-123
-148
-114
-110
-188
-217
-189
-200
-253
-190
-94
-131
-224
-211
-142
-107
-69
-9
-26
-98
-90
3
51
70
109
102
30
33
121
301
329
195
124
179
310
349
329
325
267
201
237
297
285
252
161
90
94
129
140
50
-34
-39
-41
-26
2
-40
-116
-150
-136
-78
-42
-72
-121
-178
-158
-92
-57
-67
-105
-151
-138
-107
-83
-75
-91
-140
-155
-135
-72
-61
-114
-160
-159
-131
-109
-111
-142
-184
-201
-189
-167
-183
-193
-233
-281
-286
-260
-220
-237
-290
-333
-346
-325
-271
-103
45
-43
-279
-231
157
352
201
117
298
368
211
253
567
700
443
205
344
556
501
352
387
435
292
123
199
325
226
58
17
41
19
-27
-59
-109
-135
-120
-134
-203
-197
-170
-233
-275
-182
-97
-160
-262
-221
-134
-111
-82
-15
-41
-125
-108
-13
55
79
114
83
3
11
123
200
229
306
221
99
105
274
393
363
302
224
181
210
276
282
278
243
99
38
94
141
92
13
12
1
-39
-42
-60
-91
-74
-65
-77
-62
-68
-131
-177
-115
-21
-31
-93
-113
-127
-133
-99
-45
-38
-83
-165
-200
-153
-77
-42
-105
-167
-191
-189
-167
-122
-118
-140
-202
-239
-232
-207
-185
-200
-258
-285
-280
-265
-251
-258
-287
-328
-338
-303
-170
7
-16
-236
-269
69
319
207
88
252
362
214
193
516
720
495
204
290
534
530
380
396
448
296
107
174
359
291
79
5
31
13
-24
-21
-56
-123
-148
-162
-204
-194
-137
-196
-289
-228
-124
-158
-249
-218
-129
-135
-123
-45
-45
-122
-117
-33
38
71
103
72
7
9
120
171
236
310
199
70
89
287
385
344
288
237
164
198
282
302
305
235
94
55
114
163
108
34
28
4
-39
-27
-34
-66
-78
-83
-76
-53
-69
-129
-162
-105
-20
-41
-79
-80
-108
-124
-95
-29
-6
-56
-130
-156
-133
-71
-46
-75
-129
-169
-178
-157
-111
-110
-150
-209
-239
-222
-215
-211
-217
-258
-282
-305
-284
-241
-268
-327
-371
-354
-311
-154
3
-39
-271
-277
81
311
200
117
297
356
174
197
567
763
488
214
326
550
504
376
450
502
298
92
202
384
295
83
40
66
13
-39
-26
-49
-112
-148
-169
-209
-185
-139
-217
-308
-225
-113
-173
-271
-219
-141
-157
-146
-35
-21
-122
-139
-49
27
63
108
90
18
13
96
172
212
321
263
109
73
237
389
372
301
246
190
180
255
301
315
258
109
35
87
149
121
43
21
-1
-56
-48
-30
-55
-78
-80
-77
-57
-62
-110
-147
-108
-36
-27
-68
-71
-93
-130
-109
-36
7
-34
-119
-162
-132
-86
-41
-55
-96
-152
-195
-192
-126
-91
-112
-179
-251
-252
-228
-190
-189
-235
-294
-313
-314
-271
-270
-310
-336
-356
-355
-317
-132
28
-70
-313
-211
182
338
170
136
354
370
174
278
661
764
428
206
396
588
484
375
473
490
249
83
238
377
235
50
34
41
-26
-70
-61
-90
-138
-167
-213
-246
-191
-166
-281
-328
-214
-129
-220
-288
-190
-137
-181
-144
-19
-25
-120
-120
-21
40
65
114
86
35
45
119
168
308
323
173
84
179
339
349
322
310
230
151
197
261
284
267
148
33
36
91
100
35
9
3
-68
-76
-32
-62
-97
-104
-91
-70
-64
-81
-122
-145
-85
-30
-37
-37
-55
-104
-118
-69
-6
8
-46
-108
-132
-118
-52
-42
-67
-118
-160
-180
-162
-134
-134
-161
-213
-262
-257
-240
-234
-267
-298
-312
-321
-309
-287
-302
-336
-351
-333
-329
-203
19
53
-202
-304
47
388
313
144
307
464
286
186
512
845
663
273
293
555
557
380
414
543
390
82
97
313
295
94
3
23
-23
-105
-117
-116
-144
-166
-215
-285
-247
-171
-234
-350
-282
-138
-156
-268
-214
-125
-158
-168
-39
28
-43
-84
-15
40
62
140
168
98
62
108
164
318
344
235
124
174
289
317
313
325
229
123
157
202
231
236
127
19
-9
41
62
1
-34
-44
-105
-92
-48
-74
-108
-123
-110
-81
-56
-46
-80
-131
-105
-44
-23
-13
-35
-75
-112
-98
-50
-1
-27
-96
-140
-136
-94
-78
-79
-120
-166
-201
-182
-157
-156
-173
-207
-243
-276
-256
-212
-236
-271
-296
-298
-290
-273
-288
-319
-341
-319
-293
-155
43
18
-209
-211
124
364
263
191
381
439
259
253
577
795
576
299
370
545
491
369
432
495
304
77
138
275
207
49
-2
-12
-53
-101
-110
-142
-176
-184
-225
-265
-208
-150
-234
-327
-256
-133
-148
-204
-136
-93
-144
-128
-1
53
13
5
55
62
88
172
201
141
127
161
204
331
299
205
154
219
295
284
275
258
168
119
166
169
183
180
61
-10
-14
37
33
-30
-53
-62
-98
-70
-40
-55
-74
-92
-86
-45
-8
-9
-58
-85
-49
-12
-5
-3
-16
-47
-77
-80
-54
-18
-52
-108
-140
-137
-111
-100
-120
-148
-173
-201
-191
-193
-185
-195
-227
-248
-261
-265
-262
-274
-294
-297
-305
-301
-293
-314
-335
-341
-319
-277
-81
105
24
-203
-139
232
429
318
298
474
488
299
331
649
830
611
364
411
534
476
367
414
450
265
71
104
171
103
-12
-81
-120
-135
-138
-181
-258
-274
-244
-269
-302
-241
-174
-241
-338
-284
-143
-112
-132
-85
-66
-83
-44
46
84
97
127
133
104
127
221
236
177
161
197
215
252
318
237
157
121
195
284
278
209
97
54
91
109
98
120
74
-54
-91
-60
8
-2
-66
-87
-84
-61
-35
-38
-54
-63
-64
-44
11
15
-27
-77
-86
-47
-15
-2
-15
-74
-138
-148
-122
-82
-82
-142
-186
-221
-213
-172
-157
-170
-200
-235
-240
-216
-217
-203
-209
-243
-261
-277
-261
-254
-267
-272
-292
-294
-285
-301
-326
-329
-325
-247
-40
101
27
-134
-86
180
369
373
358
418
425
374
376
502
636
606
478
359
327
361
395
355
238
152
131
120
44
-36
-64
-91
-149
-200
-175
-152
-199
-265
-303
-301
-253
-165
-142
-193
-262
-204
-155
-126
-40
3
12
11
8
24
62
108
168
177
151
139
176
186
160
154
172
262
295
242
143
93
144
207
249
225
147
99
92
87
75
94
100
91
22
-19
-23
-8
11
-11
-20
-3
12
15
-7
-42
-48
-22
26
57
28
-19
-43
-48
-47
-25
4
5
-28
-88
-122
-111
-91
-69
-80
-106
-124
-142
-137
-142
-145
-149
-147
-137
-137
-144
-163
-182
-197
-185
-169
-175
-179
-206
-235
-242
-240
-248
-249
-256
-265
-271
-255
-127
37
91
3
-77
9
201
354
405
366
297
292
367
473
526
481
424
397
373
340
313
303
278
217
157
111
73
49
32
-17
-99
-146
-135
-107
-108
-154
-200
-243
-253
-201
-143
-136
-180
-211
-205
-174
-121
-81
-63
-60
-47
-20
-13
-8
15
50
72
88
91
95
90
94
104
107
107
117
161
191
191
136
90
109
155
208
213
147
77
47
72
105
95
50
0
-41
-47
-36
-35
-51
-84
-86
-76
-72
-72
-82
-73
-54
-46
-55
-66
-56
-26
-29
-23
-6
-49
-94
-74
-67
-70
-48
-96
-123
-104
-102
-112
-104
-97
-120
-152
-134
-131
-124
-120
-142
-107
-119
-157
-174
-132
-123
-124
-153
-169
-161
-153
-144
-142
-146
-181
-174
-159
-149
-145
-122
-64
22
49
37
37
49
82
146
231
274
261
223
212
231
270
295
290
265
228
206
208
210
189
147
116
102
94
88
80
45
-4
-45
-52
-36
-37
-33
-50
-78
-95
-103
-111
-97
-79
-64
-59
-65
-65
-78
-76
-53
-16
6
-2
-20
-24
-17
0
24
50
55
44
36
48
77
89
91
85
70
67
82
110
125
117
93
66
54
61
75
92
85
54
22
11
9
28
33
29
28
19
24
27
9
7
17
37
46
12
9
16
36
-1
9
41
3
-18
8
6
-28
14
7
-55
-54
-23
-35
-37
-45
-54
-74
-92
-86
-84
-90
-60
-69
-101
-117
-120
-111
-101
-101
-105
-90
-108
-115
-118
-106
-107
-126
-121
-107
-119
-114
-93
-90
-111
-120
-129
-128
-105
-93
-45
18
47
30
14
14
38
100
163
205
216
185
170
185
218
248
252
250
220
192
187
195
196
175
133
105
72
49
43
32
25
5
-31
-76
-104
-97
-81
-65
-61
-72
-91
-106
-112
-89
-61
-51
-51
-48
-44
-38
-35
-17
8
-8
-29
-22
7
26
41
51
42
21
16
25
50
66
73
72
61
50
44
47
51
56
45
33
30
22
11
7
8
5
-15
-20
-6
-8
3
27
24
-10
-24
-17
-5
11
-3
2
-4
-32
-42
-35
-17
-51
-52
-52
-68
-75
-72
-104
-121
-125
-109
-110
-130
-148
-157
-166
-176
-172
-136
-172
-196
-182
-193
-167
-166
-148
-143
-160
-153
-138
-155
-147
-127
-115
-140
-149
-122
-115
-124
-145
-163
-164
-164
-159
-141
-150
-147
-102
-26
37
49
38
43
68
110
167
227
252
234
224
231
254
270
270
255
223
193
178
167
166
151
119
75
24
-10
-31
-41
-49
-45
-56
-97
-131
-142
-122
-104
-94
-84
-79
-90
-93
-66
-36
-20
-28
-30
-11
7
24
40
48
34
23
26
42
62
74
87
87
73
64
66
65
70
77
79
84
81
76
76
81
86
77
72
64
61
69
84
88
83
70
64
62
53
64
71
67
68
63
52
24
7
-11
-11
0
-6
-10
-32
-55
-88
-112
-106
-100
-116
-133
-143
-161
-169
-159
-160
-174
-154
-153
-169
-163
-153
-150
-120
-128
-118
-121
-135
-103
-123
-128
-126
-132
-143
-136
-142
-164
-161
-143
-129
-146
-177
-189
-214
-213
-193
-187
-154
-65
30
80
101
111
118
142
188
244
279
279
283
304
337
350
323
278
238
210
203
185
160
116
67
41
18
-6
-40
-80
-118
-138
-130
-128
-144
-171
-175
-165
-153
-135
-120
-111
-111
-91
-65
-54
-45
-29
-4
22
53
77
77
60
51
57
72
82
90
93
88
84
82
76
70
62
43
36
40
37
49
60
62
54
42
31
24
29
43
54
50
43
37
42
46
56
58
56
50
35
23
22
13
20
21
9
-13
-55
-84
-106
-115
-121
-127
-161
-204
-224
-211
-194
-202
-220
-237
-239
-227
-205
-203
-193
-170
-151
-143
-160
-155
-138
-135
-155
-162
-143
-146
-168
-180
-199
-213
-219
-223
-236
-267
-299
-324
-323
-318
-284
-194
-71
26
78
106
151
208
268
320
338
337
334
363
418
455
452
416
365
308
264
214
161
103
55
27
5
-23
-66
-107
-149
-187
-209
-234
-259
-266
-237
-196
-167
-148
-139
-122
-97
-51
-14
-8
-1
24
66
112
165
193
198
187
175
170
158
135
116
104
93
92
92
88
76
64
40
6
-31
-56
-56
-31
-1
23
39
42
44
64
90
99
89
90
101
120
140
162
178
187
190
187
168
137
110
83
72
59
38
7
-21
-46
-59
-83
-110
-146
-175
-194
-209
-209
-208
-207
-209
-199
-185
-166
-151
-141
-123
-104
-83
-70
-53
-41
-38
-45
-56
-64
-89
-119
-144
-160
-174
-192
-206
-213
-224
-248
-271
-279
-291
-308
-278
-174
-43
59
120
182
257
329
383
405
398
380
382
417
455
455
437
422
407
374
306
217
130
55
1
-30
-76
-120
-145
-147
-145
-159
-185
-220
-249
-243
-217
-201
-189
-166
-118
-61
-12
36
60
67
67
78
93
109
139
167
191
198
187
168
143
125
103
60
14
-24
-41
-37
-30
-31
-48
-67
-80
-80
-79
-79
-70
-45
-19
3
32
67
103
134
151
161
154
141
140
150
156
157
155
154
147
131
109
74
38
-3
-45
-83
-119
-142
-155
-168
-183
-199
-216
-235
-242
-242
-255
-267
-263
-242
-216
-190
-168
-139
-119
-104
-85
-72
-64
-75
-87
-89
-97
-105
-134
-153
-164
-182
-207
-235
-256
-274
-299
-320
-335
-349
-358
-358
-292
-171
-44
43
107
190
290
374
423
432
419
410
415
435
435
412
392
391
389
342
262
186
114
49
-24
-105
-174
-213
-217
-213
-212
-222
-222
-215
-204
-190
-179
-171
-150
-119
-83
-46
4
65
129
159
169
176
177
187
199
208
191
169
159
157
143
119
86
47
11
-16
-47
-70
-81
-88
-98
-102
-107
-107
-85
-51
-21
-3
15
49
86
127
160
184
206
222
229
236
245
248
247
233
214
185
171
153
139
115
68
18
-34
-68
-90
-116
-146
-166
-183
-203
-218
-222
-212
-212
-210
-205
-198
-186
-169
-141
-112
-93
-80
-62
-47
-34
-27
-17
-16
-21
-40
-67
-96
-120
-144
-172
-198
-227
-250
-268
-279
-299
-327
-356
-370
-385
-380
-334
-233
-100
5
91
197
322
436
489
502
495
482
478
464
445
424
409
407
390
345
289
239
182
93
-13
-117
-198
-249
-273
-287
-302
-289
-255
-227
-211
-201
-173
-143
-125
-114
-99
-71
-21
41
102
149
183
216
238
249
243
231
217
187
151
114
79
59
34
4
-24
-49
-60
-83
-106
-133
-161
-180
-188
-181
-162
-135
-105
-62
-21
25
69
106
145
172
183
190
204
222
232
229
222
220
214
203
186
160
120
72
18
-34
-71
-109
-140
-160
-180
-196
-209
-215
-214
-229
-236
-237
-235
-235
-222
-210
-188
-164
-144
-119
-101
-77
-66
-47
-33
-33
-44
-68
-87
-107
-133
-162
-194
-226
-261
-286
-306
-314
-312
-320
-331
-341
-356
-359
-360
-361
-330
-240
-121
-17
86
207
342
452
517
540
540
529
495
457
420
382
355
345
330
292
251
223
167
79
-18
-105
-179
-248
-305
-339
-340
-325
-286
-237
-202
-152
-99
-54
-35
-43
-30
-7
27
62
100
138
182
223
254
272
280
288
270
221
160
111
67
15
-22
-57
-81
-89
-96
-96
-100
-105
-112
-118
-133
-142
-129
-100
-70
-33
17
85
147
199
242
268
291
292
285
271
255
250
242
229
212
193
177
153
122
88
42
-3
-51
-90
-131
-162
-175
-183
-193
-194
-189
-175
-162
-152
-151
-140
-129
-122
-124
-123
-107
-89
-80
-69
-54
-46
-41
-42
-44
-60
-89
-119
-159
-196
-237
-270
-290
-301
-303
-303
-299
-299
-296
-300
-307
-325
-347
-338
-286
-181
-68
14
118
258
409
510
557
580
582
572
523
460
404
355
321
285
254
225
216
206
159
77
-6
-79
-160
-246
-318
-357
-362
-346
-314
-269
-204
-132
-67
-21
6
24
48
55
43
47
69
99
130
166
199
237
267
281
266
221
178
123
51
-26
-88
-123
-146
-155
-160
-146
-116
-94
-85
-92
-100
-100
-98
-95
-82
-53
-4
45
97
165
225
269
303
312
312
303
279
249
214
181
154
140
125
109
86
69
44
14
-21
-61
-94
-123
-162
-194
-212
-209
-198
-188
-168
-147
-120
-106
-101
-98
-104
-113
-125
-128
-129
-132
-125
-119
-109
-101
-97
-96
-116
-152
-195
-238
-279
-315
-347
-362
-357
-343
-326
-299
-277
-257
-243
-232
-234
-234
-204
-129
-38
40
115
232
378
477
527
560
593
595
542
472
404
343
287
229
179
149
136
124
84
32
-9
-48
-108
-193
-270
-306
-325
-341
-332
-294
-245
-175
-94
-26
20
70
104
112
107
107
120
126
125
127
146
173
206
235
229
214
186
146
83
15
-38
-96
-147
-186
-199
-194
-171
-145
-113
-89
-66
-44
-26
-9
4
22
47
71
99
137
184
232
266
297
319
334
327
305
277
244
216
175
135
106
90
75
52
36
24
6
-18
-40
-63
-92
-118
-142
-155
-156
-154
-141
-124
-106
-89
-78
-69
-66
-69
-80
-94
-96
-109
-122
-130
-134
-134
-129
-128
-126
-134
-149
-167
-187
-215
-243
-262
-279
-279
-283
-278
-266
-252
-238
-238
-238
-236
-221
-174
-93
-9
57
136
250
368
453
499
540
570
567
536
487
444
388
328
266
217
179
150
126
80
35
-6
-49
-112
-184
-237
-276
-302
-319
-322
-293
-256
-211
-154
-92
-38
11
39
52
66
88
110
112
107
121
143
163
185
204
215
209
190
155
119
82
32
-22
-79
-123
-148
-156
-150
-144
-128
-106
-82
-56
-34
-16
0
3
16
34
52
77
107
145
180
215
258
283
296
302
293
283
255
223
184
150
118
82
52
40
22
0
-22
-38
-60
-94
-123
-153
-175
-194
-210
-212
-208
-203
-187
-167
-148
-135
-124
-124
-130
-130
-132
-140
-142
-144
-143
-137
-129
-133
-130
-126
-131
-146
-168
-175
-190
-206
-214
-217
-219
-217
-212
-214
-217
-218
-220
-216
-207
-149
-65
0
54
133
257
368
429
472
519
552
543
498
451
412
360
305
251
203
177
152
121
77
38
14
-28
-98
-166
-206
-240
-278
-306
-310
-291
-257
-218
-173
-114
-57
-7
25
42
68
93
98
94
90
103
118
132
156
182
203
208
198
179
156
117
67
9
-45
-82
-116
-129
-131
-132
-114
-86
-55
-22
3
25
35
39
48
59
73
99
125
148
181
219
258
285
311
319
306
292
262
227
192
143
104
64
29
-1
-29
-48
-64
-84
-103
-128
-153
-172
-198
-216
-222
-223
-218
-207
-197
-186
-165
-148
-137
-123
-113
-106
-107
-111
-117
-126
-124
-125
-132
-130
-128
-133
-131
-129
-138
-140
-146
-159
-169
-194
-203
-219
-233
-240
-253
-247
-254
-240
-176
-78
7
64
151
284
385
429
466
514
540
518
479
444
414
364
317
269
234
207
184
150
100
63
36
-16
-92
-157
-205
-240
-290
-330
-329
-306
-279
-245
-191
-132
-76
-31
-7
17
49
66
69
63
69
86
99
115
148
180
197
208
203
189
167
139
88
28
-27
-65
-93
-113
-121
-116
-100
-75
-49
-18
12
42
48
55
66
66
77
89
113
134
160
191
224
255
279
291
282
262
240
210
169
121
79
40
-1
-34
-60
-77
-98
-114
-130
-152
-165
-176
-191
-205
-220
-232
-232
-229
-221
-211
-191
-174
-163
-142
-130
-116
-110
-101
-94
-91
-92
-100
-112
-118
-128
-131
-141
-154
-154
-164
-170
-178
-183
-192
-201
-211
-230
-245
-248
-248
-249
-193
-103
-28
32
119
254
366
428
473
532
568
553
512
469
431
376
312
260
217
190
170
145
118
95
83
48
-19
-88
-133
-175
-237
-285
-305
-301
-291
-261
-210
-147
-85
-35
7
39
80
103
103
88
80
88
91
87
105
135
154
163
174
185
179
164
128
83
47
4
-36
-70
-97
-99
-92
-73
-44
-5
31
66
83
101
119
128
132
128
135
141
152
167
188
211
234
248
247
246
238
220
184
141
99
55
10
-35
-73
-101
-125
-147
-155
-160
-160
-161
-164
-166
-167
-169
-171
-173
-181
-176
-176
-174
-163
-150
-133
-117
-110
-105
-96
-94
-97
-102
-116
-132
-150
-165
-178
-188
-197
-198
-196
-194
-194
-188
-184
-181
-184
-197
-208
-209
-217
-204
-145
-75
-20
42
149
274
364
417
475
534
548
522
478
441
388
320
248
192
152
120
99
82
66
55
45
2
-46
-88
-121
-168
-226
-264
-286
-292
-290
-265
-217
-163
-110
-58
-10
37
85
107
111
102
113
108
95
87
93
104
102
115
134
145
152
139
118
95
69
38
-2
-34
-50
-58
-72
-69
-43
-11
14
47
72
98
122
133
142
144
146
146
151
154
160
173
178
173
174
183
187
170
153
125
92
59
17
-22
-57
-93
-129
-149
-162
-168
-170
-168
-164
-154
-142
-138
-134
-133
-132
-132
-139
-147
-146
-145
-139
-137
-136
-125
-116
-114
-115
-117
-117
-127
-141
-146
-159
-175
-190
-200
-202
-203
-202
-205
-202
-198
-197
-203
-203
-196
-196
-172
-111
-42
8
72
164
273
345
400
459
501
518
500
467
431
385
326
269
216
167
133
102
71
50
31
11
-34
-67
-88
-119
-158
-199
-231
-246
-260
-260
-241
-219
-181
-147
-102
-55
-5
48
75
92
109
125
130
120
122
126
123
116
114
120
128
131
118
108
102
90
68
45
27
16
5
-15
-17
-7
9
23
35
58
82
104
117
132
142
151
154
157
158
164
166
160
154
157
160
157
145
125
114
93
64
34
4
-24
-54
-82
-109
-123
-132
-143
-151
-153
-141
-139
-131
-130
-124
-117
-121
-120
-121
-124
-128
-135
-139
-146
-141
-146
-149
-151
-152
-152
-154
-151
-150
-151
-153
-153
-155
-156
-156
-154
-150
-152
-151
-157
-167
-171
-174
-171
-148
-92
-34
11
67
161
252
316
356
412
456
466
443
410
380
347
302
245
192
156
121
87
61
41
31
8
-30
-61
-81
-104
-142
-178
-213
-233
-247
-256
-245
-227
-204
-171
-140
-98
-41
4
28
47
68
81
86
82
81
84
83
66
61
68
77
80
75
80
82
79
71
62
53
44
30
14
15
17
17
24
27
42
61
74
78
87
99
105
115
114
117
121
123
120
115
119
120
114
97
91
76
66
50
26
12
-15
-32
-55
-73
-90
-105
-123
-134
-142
-150
-144
-152
-151
-149
-147
-147
-144
-141
-141
-140
-142
-142
-143
-149
-155
-160
-158
-163
-170
-167
-172
-162
-155
-151
-148
-145
-141
-143
-143
-143
-137
-139
-144
-146
-151
-147
-147
-130
-80
-25
18
63
136
225
279
321
366
408
422
410
385
353
321
281
229
177
141
109
76
51
37
30
11
-18
-39
-54
-71
-100
-140
-163
-185
-205
-224
-216
-203
-185
-160
-139
-101
-52
-12
17
40
60
82
88
87
86
90
81
73
67
67
72
67
66
68
75
73
71
66
65
68
58
46
48
50
51
51
51
60
72
81
91
95
110
124
126
130
138
137
129
122
117
113
109
101
83
70
59
51
34
17
3
-17
-29
-46
-61
-70
-85
-103
-110
-113
-121
-126
-130
-130
-128
-132
-128
-127
-121
-123
-127
-126
-128
-129
-131
-141
-144
-142
-148
-153
-159
-158
-155
-155
-161
-161
-157
-156
-155
-152
-153
-149
-145
-143
-146
-146
-144
-139
-127
-95
-43
5
54
114
190
265
308
349
390
421
422
398
368
336
298
246
192
148
116
81
50
26
16
3
-20
-37
-53
-67
-88
-110
-139
-161
-175
-188
-185
-182
-172
-152
-131
-100
-55
-11
22
51
67
92
104
103
101
92
84
72
55
48
38
32
25
15
19
22
27
27
31
39
40
43
45
48
53
54
49
52
62
71
79
84
90
104
110
117
126
130
137
134
125
118
111
95
77
57
36
19
2
-12
-30
-38
-49
-63
-68
-79
-92
-100
-106
-115
-119
-123
-127
-130
-127
-127
-122
-124
-122
-121
-118
-119
-115
-113
-115
-118
-123
-123
-127
-134
-142
-154
-157
-163
-170
-166
-167
-163
-154
-156
-146
-135
-129
-120
-116
-106
-95
-85
-84
-80
-71
-54
-17
30
67
107
166
229
266
300
339
367
373
361
333
311
284
242
191
149
109
72
38
13
5
-4
-20
-40
-52
-57
-59
-76
-96
-112
-123
-135
-145
-139
-130
-114
-98
-77
-41
-5
33
62
88
106
123
129
127
124
111
95
71
59
49
38
27
25
28
34
41
48
55
68
77
76
77
79
81
78
68
61
60
60
61
64
76
93
104
112
131
142
145
143
130
121
106
84
59
39
16
-1
-20
-35
-43
-50
-50
-57
-61
-66
-80
-84
-90
-98
-106
-116
-124
-133
-133
-130
-131
-133
-129
-126
-116
-105
-102
-97
-98
-104
-108
-115
-120
-132
-148
-158
-162
-162
-156
-153
-147
-132
-127
-113
-108
-91
-77
-76
-69
-62
-56
-56
-56
-55
-48
-27
3
31
71
115
167
212
248
283
308
329
333
324
298
279
246
204
163
120
83
47
18
1
-13
-22
-35
-47
-50
-53
-58
-70
-78
-88
-93
-102
-110
-106
-99
-90
-76
-51
-18
11
39
66
86
108
119
123
122
117
103
91
74
59
50
44
42
40
50
54
64
71
86
96
92
95
86
82
72
63
59
55
49
51
51
61
75
85
98
108
115
118
110
104
94
78
59
39
16
-2
-18
-33
-48
-53
-54
-57
-56
-58
-64
-65
-67
-75
-78
-91
-100
-109
-116
-122
-125
-125
-123
-123
-115
-112
-106
-98
-99
-103
-108
-111
-115
-120
-122
-120
-121
-114
-109
-101
-88
-83
-74
-57
-48
-35
-33
-28
-22
-18
-12
-13
-11
-15
-16
-18
-18
-11
-2
10
27
48
73
101
128
154
171
193
211
221
223
219
209
192
171
146
115
94
66
40
20
8
3
-10
-14
-20
-20
-23
-22
-28
-42
-49
-55
-53
-55
-57
-47
-33
-25
-11
8
25
43
55
68
84
91
97
96
102
99
97
100
98
98
101
100
100
102
105
106
104
106
101
99
94
83
76
69
61
62
62
59
56
57
60
57
62
65
65
56
52
44
37
30
14
4
-5
-14
-22
-27
-30
-29
-32
-30
-28
-31
-30
-37
-47
-55
-65
-73
-82
-90
-95
-95
-97
-100
-92
-90
-91
-85
-84
-86
-87
-90
-95
-99
-102
-102
-103
-105
-100
-95
-83
-72
-61
-53
-41
-29
-20
-12
-7
2
4
8
10
12
8
9
5
4
2
2
2
0
5
14
26
36
54
72
88
107
128
145
157
160
164
161
155
142
123
100
82
63
39
25
13
4
-2
-6
-5
-7
-3
-2
0
-4
-3
-7
-6
-7
-6
-3
-3
9
17
27
39
52
66
80
92
100
106
111
116
120
118
117
117
113
112
99
94
91
84
79
73
69
63
65
62
54
55
53
47
45
37
32
25
22
17
14
14
7
4
0
-4
-6
-7
-7
-8
-15
-20
-20
-17
-21
-24
-25
-26
-30
-35
-42
-46
-52
-53
-65
-67
-74
-78
-76
-83
-79
-77
-75
-74
-73
-70
-69
-74
-76
-78
-79
-83
-82
-81
-78
-75
-69
-68
-59
-46
-39
-29
-22
-17
-7
-2
2
7
7
8
9
14
12
10
9
5
6
3
2
1
-1
1
8
10
18
28
39
50
63
79
87
98
103
97
97
96
88
78
69
54
41
32
19
14
13
15
12
16
20
19
19
19
24
24
29
29
28
33
37
39
46
52
56
67
71
80
85
92
97
98
106
104
100
101
95
85
86
81
78
77
64
60
55
47
43
34
35
33
31
26
18
20
12
4
-2
-3
-10
-11
-9
-12
-13
-17
-16
-16
-15
-16
-17
-20
-20
-22
-17
-17
-26
-25
-28
-27
-32
-39
-43
-45
-51
-49
-49
-49
-49
-49
-48
-52
-49
-46
-43
-41
-42
-45
-46
-42
-43
-48
-45
-37
-39
-34
-27
-20
-13
-9
1
5
9
11
14
13
12
9
7
3
-6
-3
-7
-13
-7
-9
-10
-7
-4
3
1
0
6
10
10
18
21
24
26
31
37
45
51
56
58
68
75
74
76
78
70
65
70
63
60
57
55
52
54
55
59
62
65
67
70
73
77
73
76
79
76
75
68
68
67
72
67
66
64
62
65
65
65
62
62
60
57
52
49
45
41
35
27
20
11
5
2
-8
-17
-21
-27
-34
-37
-37
-41
-45
-50
-50
-47
-53
-53
-54
-51
-53
-51
-49
-50
-46
-46
-47
-46
-42
-45
-46
-42
-42
-42
-38
-37
-34
-32
-33
-26
-23
-24
-18
-16
-15
-16
-18
-17
-15
-13
-15
-12
-10
-8
-8
-5
-3
-1
2
3
3
7
12
10
7
5
3
-3
-4
-4
-2
-5
-10
-10
-19
-17
-17
-18
-16
-16
-7
0
6
15
19
23
25
27
33
35
36
39
42
50
48
53
50
51
57
58
59
58
59
54
58
60
55
52
48
50
53
53
57
61
64
71
74
78
80
81
85
84
82
79
77
74
70
71
63
59
56
55
56
49
45
42
43
36
34
32
22
17
14
7
4
-4
-8
-14
-22
-28
-34
-41
-48
-51
-57
-60
-60
-63
-59
-60
-61
-58
-60
-56
-56
-51
-49
-50
-49
-45
-41
-38
-35
-36
-30
-29
-26
-23
-18
-14
-9
-8
-7
-4
-3
-4
-2
-6
-8
-6
-7
0
-3
0
-3
-2
0
2
5
6
9
10
13
10
14
17
15
13
10
10
1
-1
-2
-8
-15
-18
-15
-12
-15
-16
-14
-11
-7
-3
1
2
4
4
9
12
11
14
15
25
28
35
47
51
54
57
58
61
62
60
61
60
57
56
55
57
55
51
57
60
55
60
55
56
59
62
63
64
63
68
71
68
67
63
65
61
62
60
52
53
51
46
43
49
41
35
35
27
24
15
9
3
-3
-8
-14
-24
-30
-38
-46
-53
-59
-61
-62
-66
-66
-67
-68
-66
-67
-64
-63
-62
-59
-58
-56
-55
-53
-48
-45
-44
-41
-41
-37
-35
-31
-32
-22
-19
-20
-18
-21
-23
-27
-24
-24
-26
-26
-24
-24
-18
-14
-10
-14
-10
-5
-6
-6
-5
-8
-15
-12
-17
-16
-17
-14
-13
-18
-16
-20
-23
-21
-20
-23
-25
-30
-31
-35
-33
-31
-34
-30
-27
-30
-26
-21
-21
-24
-20
-16
-15
-6
-6
2
5
7
12
17
21
25
28
31
32
34
29
26
29
29
32
32
32
40
47
42
44
44
50
48
48
50
48
48
45
45
45
51
54
52
55
56
61
65
64
68
67
63
61
64
55
53
48
38
36
27
25
23
18
16
13
4
2
-1
-8
-12
-14
-16
-28
-28
-33
-35
-36
-42
-41
-43
-44
-38
-36
-38
-36
-35
-31
-26
-28
-28
-29
-26
-25
-22
-25
-26
-22
-22
-18
-15
-18
-16
-14
-11
-6
-10
-10
-10
-7
-4
-2
-2
-3
-3
0
-2
-9
-14
-16
-17
-22
-20
-21
-21
-24
-22
-19
-22
-21
-26
-30
-32
-30
-31
-34
-33
-30
-29
-25
-27
-24
-15
-17
-13
-12
-13
-10
-16
-18
-18
-23
-25
-27
-30
-24
-28
-24
-16
-11
-9
-4
1
-1
7
12
12
16
15
15
17
20
17
17
19
24
25
29
27
22
27
27
26
26
29
33
31
30
32
37
40
41
44
44
49
51
50
50
48
44
44
40
38
32
26
22
17
17
12
7
6
-1
-2
-9
-12
-19
-21
-27
-30
-30
-34
-33
-37
-41
-39
-39
-40
-39
-40
-31
-33
-31
-29
-28
-30
-29
-33
-32
-27
-32
-34
-37
-31
-34
-32
-30
-28
-25
-24
-20
-17
-12
-10
-5
-1
0
1
-4
-2
-3
-7
-12
-15
-17
-18
-22
-24
-31
-37
-34
-38
-42
-39
-41
-44
-47
-47
-48
-45
-49
-46
-40
-44
-41
-43
-45
-40
-41
-37
-36
-34
-34
-35
-31
-36
-35
-40
-41
-40
-41
-39
-37
-29
-25
-22
-22
-18
-11
-12
-6
-14
-12
-8
-9
-10
-9
-6
-8
-3
0
0
6
5
11
14
13
15
15
18
21
20
21
22
20
17
20
19
20
23
19
19
18
20
18
20
19
20
14
17
15
13
13
10
5
-2
-3
-9
-10
-9
-13
-10
-11
-16
-19
-20
-18
-18
-19
-26
-29
-27
-29
-27
-32
-36
-31
-30
-27
-28
-24
-27
-23
-17
-11
-12
-8
-6
-7
-2
-2
0
-3
-2
-2
0
2
-1
4
4
2
2
8
10
8
11
6
4
2
1
0
-4
-13
-16
-21
-21
-19
-22
-24
-24
-23
-32
-26
-23
-25
-23
-30
-25
-35
-32
-29
-36
-35
-35
-34
-34
-34
-31
-27
-29
-24
-28
-25
-23
-26
-22
-25
-22
-23
-18
-18
-19
-17
-17
-13
-12
-10
-11
-9
-9
-9
-11
-13
-12
-13
-16
-16
-16
-11
-6
-11
-9
-4
-3
2
11
8
8
7
10
10
10
14
12
17
14
18
15
12
10
11
15
9
5
2
1
-8
-12
-12
-14
-15
-20
-23
-24
-27
-28
-28
-30
-29
-27
-31
-30
-29
-30
-26
-28
-27
-28
-26
-26
-26
-26
-27
-24
-23
-23
-19
-19
-19
-17
-19
-13
-9
-10
-13
-17
-13
-19
-18
-14
-12
-13
-13
-11
-11
-5
-5
0
-4
-2
-1
-5
-1
-1
-5
-10
-12
-14
-20
-21
-23
-23
-23
-25
-27
-30
-30
-29
-32
-36
-33
-34
-38
-40
-39
-38
-40
-40
-34
-36
-30
-32
-33
-29
-27
-28
-26
-24
-27
-23
-21
-19
-20
-16
-15
-17
-18
-20
-15
-16
-15
-14
-13
-10
-7
-9
-9
-9
-12
-12
-10
-12
-12
-8
-9
-9
-8
-5
-7
-4
-1
-1
0
0
2
5
3
5
4
6
10
13
13
10
5
8
8
3
3
-2
-4
-9
-11
-15
-18
-20
-18
-23
-24
-23
-24
-24
-27
-24
-26
-24
-27
-23
-22
-26
-24
-21
-17
-19
-21
-19
-15
-18
-18
-15
-12
-14
-13
-13
-9
-7
-5
-5
-2
-1
-4
2
-1
0
4
-2
2
3
0
-2
-1
3
0
0
6
1
0
7
2
4
2
2
-1
-2
0
-6
-1
-3
-4
-8
-9
-13
-18
-16
-19
-20
-21
-20
-23
-22
-19
-17
-20
-23
-22
-21
-18
-21
-19
-19
-18
-17
-14
-18
-17
-14
-13
-12
-12
-7
-5
-4
-7
-1
-4
-3
5
4
7
8
8
5
6
7
7
5
1
-1
-2
-1
1
-4
-3
-3
-4
0
-3
-6
-2
-2
2
0
0
-1
0
4
-1
2
1
-1
3
2
1
0
-3
-7
-6
-4
-7
-6
-10
-12
-12
-18
-17
-21
-21
-22
-21
-23
-27
-24
-22
-22
-24
-18
-17
-18
-16
-13
-15
-14
-13
-14
-14
-11
-13
-9
-9
-13
-10
-11
-6
-3
-1
2
2
1
5
5
0
4
7
6
7
3
6
3
6
2
2
-1
-2
0
2
7
3
-4
-2
2
-1
0
-6
-2
-4
-4
-6
-4
-5
-8
-3
-4
-5
-4
-5
-6
-3
-6
-6
-5
-8
-5
-10
-9
-7
-6
-7
-4
-2
0
3
-1
0
4
5
6
8
6
8
9
11
11
10
13
13
14
14
16
13
11
13
16
11
10
10
10
10
9
5
3
4
1
4
4
6
7
7
9
7
5
5
8
8
7
12
10
6
5
9
6
2
-1
-3
-2
-4
-5
-9
-6
-10
-13
-13
-14
-13
-16
-15
-17
-15
-15
-18
-16
-12
-12
-12
-11
-12
-14
-10
-12
-15
-16
-15
-17
-15
-14
-13
-13
-9
-6
-3
-1
5
7
5
9
6
8
8
9
10
9
11
12
7
3
11
9
7
9
8
11
8
9
4
4
7
4
6
8
2
6
0
3
6
11
8
5
4
7
11
9
11
9
10
8
12
8
6
8
5
5
9
6
8
15
6
8
15
12
15
15
20
22
21
20
21
25
24
28
33
29
29
32
31
31
32
31
31
32
32
31
29
28
30
28
25
27
27
20
22
20
19
19
18
19
14
11
14
11
13
13
6
4
5
5
3
2
-2
-3
-1
0
1
2
3
3
2
0
2
2
-2
-7
-6
-5
-7
-10
-13
-10
-9
-14
-18
-15
-12
-13
-18
-17
-17
-15
-13
-13
-10
-8
-5
-7
-9
-8
-5
-1
-2
-2
-1
-2
-2
-1
-2
-4
-6
-4
-7
-7
-9
-6
-5
-8
-7
-8
-4
-6
-9
-9
-12
-16
-18
-17
-19
-15
-14
-16
-13
-15
-17
-11
-11
-9
-12
-15
-14
-13
-11
-13
-11
-12
-11
-12
-8
-5
-5
-4
-4
-1
-5
-2
0
-3
0
2
5
6
8
7
9
15
13
13
16
16
16
16
12
15
16
18
11
14
21
17
18
19
19
21
22
19
23
21
19
17
12
11
11
15
13
15
15
16
14
15
12
5
1
-1
-3
-5
-6
-8
-3
-8
-10
-8
-9
-11
-7
-3
-2
-1
1
-1
0
1
-1
1
0
5
0
-5
3
0
-1
1
1
5
4
2
0
-1
4
4
3
3
1
-1
2
3
3
5
7
8
8
5
4
6
2
-1
-1
2
-1
-1
-3
-6
-5
-8
-6
-9
-11
-11
-4
-9
-9
-10
-9
-10
-16
-11
-9
-12
-12
-18
-17
-21
-23
-18
-17
-17
-15
-14
-14
-13
-15
-10
-11
-16
-12
-13
-11
-11
-12
-9
-6
-4
-5
-8
-3
-4
-2
1
0
-1
-3
-1
-2
-1
1
0
-4
-3
-4
0
0
-3
1
-1
-1
-2
1
4
-2
1
1
0
3
-1
0
2
-2
-3
-2
-2
-8
-5
-4
-2
-4
-4
-4
-4
-5
-5
-5
-10
-8
-10
-10
-10
-10
-11
-14
-14
-10
-9
-11
-13
-10
-10
-10
-7
-9
-9
-10
-10
-8
-8
-11
-8
-7
-6
-5
-6
-5
-3
-2
-7
-7
-1
-1
-5
-1
-2
1
-1
-2
-2
-3
-3
-5
-5
-8
-6
-9
-10
-8
-10
-11
-10
-11
-15
-16
-14
-15
-15
-9
-10
-9
-11
-13
-13
-13
-14
-16
-17
-18
-16
-13
-21
-16
-18
-21
-16
-18
-19
-19
-23
-23
-25
-25
-25
-21
-20
-22
-23
-23
-24
-25
-20
-24
-24
-25
-24
-20
-18
-15
-17
-16
-14
-13
-13
-12
-15
-19
-26
-20
-22
-22
-17
-19
-19
-22
-19
-17
-15
-14
-17
-15
-12
-14
-15
-14
-14
-11
-11
-10
-12
-8
-6
-8
-8
-7
-7
-14
-9
-9
-14
-11
-17
-15
-17
-18
-19
-21
-20
-21
-17
-20
-20
-18
-17
-18
-21
-21
-20
-16
-15
-6
-5
-7
-4
-9
-5
-6
-4
-1
-5
0
-2
-2
-5
-1
1
0
-1
-1
4
-2
-1
-2
-1
-3
-2
0
-2
-5
-7
-10
-9
-9
-6
-6
-5
-6
-9
-5
-4
-11
-9
-10
-11
-15
-14
-13
-13
-16
-12
-10
-11
-12
-12
-11
-13
-9
-6
-10
-11
-7
-8
-9
-9
-9
-8
-3
-2
-5
-2
0
-3
-2
-6
-7
-8
-12
-13
-13
-11
-13
-17
-16
-21
-15
-13
-14
-9
-10
-9
-12
-11
-10
-10
-12
-13
-13
-13
-12
-14
-19
-23
-15
-19
-19
-17
-20
-19
-22
-20
-22
-22
-19
-18
-20
-18
-21
-19
-17
-16
-18
-18
-13
-17
-18
-16
-14
-12
-13
-12
-15
-13
-11
-10
-13
-16
-11
-12
-18
-17
-20
-20
-19
-20
-20
-26
-20
-21
-20
-21
-22
-19
-18
-14
-15
-13
-11
-14
-12
-10
-12
-13
-12
-11
-11
-9
-8
-8
-15
-12
-12
-12
-10
-14
-13
-12
-12
-11
-12
-13
-15
-11
-13
-13
-9
-10
-9
-9
-9
-13
-8
-12
-12
-9
-9
-11
-8
-4
-1
-4
-5
-5
-9
-11
-10
-10
-7
-8
-13
-10
-11
-11
-8
-12
-9
-10
-9
-11
-12
-13
-9
-8
-9
-7
-9
-8
-13
-8
-10
-9
-8
-8
-10
-11
-8
-11
-12
-12
-16
-19
-18
-20
-20
-21
-13
-15
-18
-19
-22
-19
-20
-24
-25
-21
-19
-23
-17
-21
-19
-17
-20
-18
-21
-18
-16
-20
-21
-16
-18
-17
-17
-17
-19
-19
-19
-18
-21
-26
-22
-22
-20
-21
-27
-23
-23
-24
-22
-21
-21
-20
-20
-22
-21
-23
-23
-23
-22
-21
-21
-21
-22
-21
-25
-24
-20
-21
-21
-20
-21
-20
-17
-18
-16
-17
-18
-13
-17
-21
-17
-18
-20
-17
-19
-21
-17
-17
-16
-22
-17
-16
-15
-14
-16
-14
-12
-9
-10
-12
-10
-9
-11
-7
-6
-11
-8
-8
-8
-9
-9
-9
-6
-4
-4
5
5
3
5
5
7
7
3
5
6
6
6
5
7
-1
1
-3
-2
1
0
0
-2
1
-1
1
-1
0
3
3
5
5
4
1
4
3
1
1
-3
-4
-4
-3
-5
-5
-3
-8
-9
-7
-4
-6
-5
-7
-4
-1
-3
-4
-4
0
-4
-3
-8
-7
-2
-5
-5
-6
-5
-3
-3
-10
-8
-9
-11
-6
-10
-10
-7
-11
-6
-10
-12
-12
-19
-15
-18
-18
-12
-13
-11
-11
-10
-13
-13
-12
-14
-15
-18
-17
-16
-21
-24
-26
-28
-24
-20
-20
-24
-18
-16
-16
-15
-12
-14
-15
-11
-12
-9
-7
-9
-10
-6
-7
-3
-8
-9
-4
-4
-5
-9
-6
-8
-4
-5
-5
-4
-2
-2
5
0
-2
4
1
-1
-1
-3
-6
-1
-2
1
2
-1
0
2
4
4
5
1
2
4
6
6
4
0
6
2
4
6
3
6
5
5
