-18
-17
-17
-19
-15
-15
-18
-15
-13
-14
-14
-10
-8
-9
-6
-2
-1
-5
-6
-2
-2
-5
-8
-13
-12
-11
-12
-14
-18
-11
-11
-12
-13
-7
-13
-13
-6
-9
-5
-3
-3
-2
-5
-6
-4
-4
-3
-4
-4
-4
-6
-5
-5
-6
-12
-12
-9
-12
-12
-11
-15
-11
-11
-9
-9
-7
-4
-9
0
1
2
0
-1
1
4
5
3
3
-2
-2
-3
-5
-4
-5
-6
-6
-6
-7
-7
-1
-4
-3
-4
1
2
-2
-3
-3
-2
-4
-6
-3
-3
-3
-3
0
-1
2
5
3
4
4
3
4
4
3
1
4
1
-2
-4
-3
-9
-14
-7
-7
-7
-7
-5
-4
-4
-3
-4
-3
-1
-5
0
-2
-3
-5
-4
-9
-8
-5
-8
-5
-6
-15
-11
-9
-4
-9
-12
-4
-9
-8
-10
-11
-10
-13
-13
-12
-16
-18
-17
-16
-17
-15
-14
-15
-16
-16
-17
-14
-15
-18
-14
-15
-13
-17
-18
-20
-18
-22
-19
-20
-22
-21
-22
-18
-14
-14
-14
-11
-10
-10
-10
-9
-6
-10
-9
-12
-7
-6
-9
-8
-6
-9
-7
-4
-6
-2
-6
-7
-2
-7
-10
-4
-3
-5
-3
-5
-5
-6
-8
0
2
1
3
4
4
2
2
0
-1
1
3
0
0
1
-2
-5
-6
-3
1
2
3
0
0
7
4
4
6
5
3
4
1
2
4
-1
-1
-1
-2
-4
-2
3
0
0
5
3
4
4
5
7
5
4
2
0
1
2
0
0
3
-1
-2
0
-4
-1
1
1
0
1
4
-1
0
1
-5
-2
2
4
7
2
6
7
7
8
10
6
11
8
8
8
9
12
8
5
3
3
-2
0
2
-4
-3
-5
-4
-1
0
-1
2
1
-1
0
-3
-3
-2
-6
-6
-6
-9
-11
-13
-13
-12
-12
-12
-9
-10
-9
-8
-7
-8
-8
-9
-15
-9
-13
-12
-18
-21
-17
-25
-28
-26
-24
-21
-18
-16
-16
-12
-11
-10
-6
-6
1
1
-3
3
-1
2
2
-6
-2
-5
0
3
-1
0
0
4
10
9
9
8
9
10
10
11
14
12
10
10
12
8
7
7
1
-1
1
1
-1
2
0
-2
3
4
-1
3
0
3
2
7
5
2
6
7
8
10
11
7
12
14
7
6
4
8
9
10
7
10
9
12
19
13
12
13
16
17
21
22
22
22
26
28
26
24
20
20
19
18
17
19
14
13
13
14
20
17
20
18
18
12
17
19
13
18
17
19
15
15
14
18
13
10
15
9
12
19
13
9
11
10
11
15
11
7
8
6
4
7
6
7
6
5
7
12
5
4
5
5
3
0
0
-1
0
-2
3
0
-1
2
3
7
4
4
8
10
9
11
6
8
10
9
8
6
7
4
1
-2
1
1
2
-3
-4
0
-4
-4
-2
-5
-6
-3
0
0
-3
-7
-2
-3
-9
-8
-6
-6
-1
-1
-3
-6
-2
-2
-6
-11
-11
-5
-11
-6
-3
4
-1
-6
2
3
0
-4
-3
-3
-4
-3
-4
-2
-2
1
0
-2
2
6
11
5
9
8
12
12
13
16
15
14
17
15
12
12
10
12
13
9
9
7
3
10
4
6
6
6
9
13
13
14
10
10
13
12
12
13
16
14
16
18
15
16
16
12
11
11
11
8
10
12
13
12
15
13
13
12
14
20
15
10
13
16
18
20
15
18
17
19
18
18
13
9
11
11
8
7
7
8
10
5
8
9
8
11
11
10
12
10
8
8
9
14
6
5
4
2
5
2
2
2
0
1
3
0
0
0
1
3
3
4
3
-1
2
-1
4
-2
0
2
-1
1
8
8
3
3
0
5
3
4
1
-2
-3
-4
-2
-4
0
-4
-4
0
-5
-8
-6
-5
-4
-9
-6
-4
-6
-8
-8
-13
-8
-4
-6
-2
-4
-1
-2
-2
0
0
2
2
5
6
5
11
7
9
10
13
12
9
9
8
6
4
7
5
12
7
10
16
15
12
10
12
6
9
8
6
9
7
9
8
4
12
10
13
17
16
20
18
21
21
23
20
18
21
17
16
15
13
8
12
12
12
16
11
12
12
15
21
19
16
17
20
19
18
19
22
23
17
15
18
20
19
17
14
15
16
18
16
16
10
7
9
10
6
3
3
0
0
-1
-3
0
0
1
8
3
6
3
1
3
1
1
-1
-4
-8
-5
-2
-4
-5
-2
-5
-2
0
-1
-7
-4
-3
-5
-3
-8
-10
-10
-9
-8
-5
-8
-6
-4
-5
-7
-4
-6
-8
-1
-2
-3
4
2
0
2
3
2
1
2
2
-1
-2
-4
-6
-2
-3
-8
-5
-1
-2
-6
-6
0
-4
-6
-4
-11
-9
-9
-7
-9
-8
-2
-3
-3
-2
-1
-3
3
4
4
5
3
2
1
3
3
-1
-3
-3
-4
-4
-3
-8
-2
-10
-13
-4
-9
-8
-7
-4
-2
-2
1
-3
-3
1
0
-4
-6
-2
-5
-3
0
0
4
7
10
10
8
10
9
8
8
11
11
13
14
11
13
13
10
14
14
15
10
13
14
14
20
16
16
16
14
10
9
7
8
8
14
11
10
10
7
7
10
11
13
17
20
22
19
17
16
11
11
5
6
8
5
3
7
6
6
3
1
4
4
6
4
2
0
0
-2
-5
-4
-7
-9
-8
-13
-12
-10
-7
-6
-7
-2
-2
-2
-2
-1
-1
-4
-10
-9
-9
-10
-7
-9
-9
-10
-9
-11
-12
-11
-10
-9
-7
-7
-6
-3
-5
-8
-5
-6
-6
-8
-7
-11
-15
-13
-10
-14
-16
-10
-15
-15
-19
-20
-16
-15
-14
-18
-18
-17
-20
-18
-19
-21
-22
-24
-28
-24
-21
-21
-19
-18
-15
-17
-14
-12
-10
-13
-13
-15
-17
-14
-16
-13
-11
-7
-3
-4
-3
-2
3
1
1
3
2
1
3
8
6
2
2
8
8
4
7
4
5
6
8
7
6
7
4
8
7
8
7
7
9
6
10
7
5
8
6
3
6
9
9
5
7
2
-1
2
3
5
5
8
8
8
12
15
14
14
15
18
17
16
15
12
13
14
13
4
4
7
2
7
6
1
9
9
3
5
6
6
6
8
5
6
4
6
4
5
8
4
1
-2
0
-8
-9
-10
-11
-10
-14
-14
-10
-15
-15
-16
-15
-13
-16
-13
-15
-15
-18
-13
-16
-21
-19
-22
-20
-21
-20
-19
-21
-20
-18
-17
-16
-19
-21
-20
-20
-19
-23
-26
-25
-27
-30
-34
-33
-32
-29
-29
-28
-27
-24
-24
-23
-24
-23
-26
-26
-24
-23
-21
-24
-25
-24
-20
-21
-20
-24
-23
-20
-20
-16
-20
-17
-19
-16
-13
-17
-17
-16
-17
-17
-21
-21
-16
-13
-11
-7
-10
-9
-4
-4
-5
-7
-9
-5
-4
-4
0
0
1
1
1
3
5
2
6
3
4
3
4
5
10
9
4
5
4
6
5
-1
-1
5
8
0
4
6
6
7
5
5
6
11
7
8
12
11
7
12
9
14
14
14
13
7
14
8
10
9
7
6
5
5
6
4
4
-3
-9
-9
-6
-10
-7
-7
-4
-6
-6
-4
-4
-2
-6
-3
-9
-10
-9
-11
-9
-11
-16
-17
-16
-15
-13
-14
-17
-14
-16
-12
-14
-14
-13
-14
-8
-6
-10
-7
-6
-9
-9
-9
-12
-12
-10
-10
-13
-13
-10
-11
-12
-14
-12
-17
-19
-17
-17
-14
-17
-18
-18
-20
-17
-20
-21
-17
-16
-18
-22
-19
-18
-20
-22
-24
-21
-27
-30
-30
-31
-29
-29
-31
-29
-29
-27
-25
-25
-22
-21
-18
-17
-12
-13
-16
-15
-14
-14
-18
-18
-17
-15
-18
-15
-15
-18
-13
-12
-9
-10
-9
-6
-7
-8
-4
-5
-9
-2
-1
-3
0
-2
-5
-8
-4
-1
-4
-4
0
-4
-2
3
3
2
2
4
6
9
5
4
7
2
3
-3
1
0
5
0
0
-1
-2
-1
-2
3
4
0
-2
-2
-2
0
-1
0
3
5
0
4
3
2
2
1
6
7
12
11
9
8
10
10
7
9
8
5
9
1
5
2
0
3
1
-1
-3
3
2
5
5
0
6
3
1
4
3
3
1
-2
0
-3
-4
-2
-5
-7
-12
-7
-8
-9
-9
-8
-13
-14
-10
-9
-12
-8
-9
-10
-9
-8
-5
-5
-2
-2
-2
-4
-5
-6
-9
-10
-9
-8
-9
-10
-7
-10
-9
-7
-9
-12
-8
-5
-7
-2
-5
-6
-5
-4
-3
-8
-14
-8
-9
-6
-5
-8
-9
-5
-7
-9
-5
-6
-2
-5
1
0
0
3
3
3
3
5
5
4
3
0
3
6
5
5
4
2
-3
-2
-1
1
2
4
6
3
4
5
3
6
9
7
7
6
10
14
13
11
13
16
16
14
17
14
14
12
12
13
15
14
16
18
15
13
18
13
14
19
17
18
19
18
18
20
20
20
14
17
15
13
17
13
9
5
6
2
6
7
10
6
6
9
12
11
10
16
10
13
10
9
9
5
10
10
17
13
14
17
15
12
10
11
10
9
5
4
4
0
-3
-2
0
1
-2
-2
-1
-5
-2
-2
-2
0
-3
-3
-3
-5
-8
-4
-5
-2
-3
-4
-1
-6
-7
-12
-14
-10
-14
-12
-10
-10
-10
-11
-10
-11
-13
-12
-10
-10
-6
-11
-6
-6
-6
-3
-3
2
-1
1
-4
-1
0
-4
-2
-2
-2
-1
0
-3
-2
0
1
2
3
5
6
4
7
7
10
4
5
6
5
5
6
7
7
7
1
2
5
8
5
6
3
3
5
6
5
8
9
7
6
7
12
12
13
10
10
12
10
13
11
7
15
14
13
16
16
19
18
21
22
26
19
22
26
24
27
24
27
25
23
20
14
14
13
13
15
14
12
13
17
16
18
22
24
24
20
21
24
24
19
21
26
23
23
23
21
17
16
17
13
13
16
17
16
19
18
15
12
14
13
8
10
7
8
10
6
5
9
2
5
7
3
3
-1
-1
1
3
-1
3
-1
-2
-3
-6
-3
-1
2
1
0
1
1
-2
4
6
4
11
7
4
4
4
7
7
3
0
3
6
3
1
3
3
4
1
-3
-2
1
-3
1
5
2
2
-4
-1
-4
-2
3
-3
1
2
2
5
5
6
9
11
11
15
14
10
11
9
8
9
11
10
9
10
9
11
10
11
10
15
17
17
21
17
17
20
21
20
19
16
22
20
15
15
19
17
18
17
17
18
16
18
21
18
17
18
17
22
22
25
24
26
24
27
24
24
26
22
21
23
26
25
24
28
24
24
26
22
24
22
24
22
20
18
18
16
19
18
16
20
20
22
19
16
13
9
10
8
11
7
5
6
7
6
11
9
7
13
15
12
11
11
9
14
8
7
11
10
10
11
11
10
10
12
12
13
10
10
12
9
7
9
9
8
14
10
10
8
10
10
9
11
13
13
10
13
11
11
6
6
6
8
8
3
6
0
4
6
6
6
5
9
2
2
2
1
5
7
4
6
4
8
9
5
8
10
8
4
3
8
6
6
6
5
3
3
7
2
7
7
9
12
17
20
22
20
17
20
17
21
22
23
26
27
29
31
31
31
32
34
33
39
25
67
77
-31
5
106
51
9
65
111
0
38
81
-108
-87
93
-6
-111
7
-4
-66
1
36
-5
22
75
56
55
72
138
97
-41
30
123
45
-10
23
22
-17
19
38
-18
20
76
51
1
131
23
-78
75
44
-3
40
18
-22
31
23
-9
-2
37
43
3
16
43
-4
7
41
-5
16
47
-5
25
38
-14
25
46
29
17
106
30
-74
30
47
-14
-8
8
-33
-27
25
-9
-40
17
23
3
14
17
-1
38
13
24
48
100
143
-27
-24
14
1
56
10
-32
-42
-34
-3
-47
-39
33
36
1
25
14
29
26
0
46
30
15
69
76
25
24
47
-1
20
108
53
36
40
35
61
36
75
109
27
-3
15
9
-11
-57
-52
-53
-68
-28
-3
-23
13
31
21
28
71
77
44
47
46
37
25
-10
2
28
-8
-33
-8
-3
-27
1
31
-16
-6
76
87
113
76
35
59
46
59
55
33
2
-12
0
-32
-49
-11
2
-32
-11
-5
-59
-45
-23
-5
-14
17
18
16
25
41
33
16
41
46
39
62
33
2
51
9
-6
19
21
-7
7
16
-11
-24
-9
-23
-6
7
5
6
4
-19
-1
36
8
6
26
33
9
27
23
8
30
48
30
42
30
8
-12
-17
-18
-11
-8
-27
-2
11
-23
-13
5
4
15
37
39
14
9
4
20
9
-1
34
22
14
18
8
1
-21
-25
7
16
-28
-19
-5
-34
-30
-16
5
-10
-7
7
8
-9
-17
15
30
16
37
52
8
-2
29
42
-1
9
26
16
-17
-26
-5
-10
-9
6
4
2
8
17
18
7
3
32
34
-5
2
21
8
-5
13
4
6
14
17
12
16
-15
-30
6
12
-12
12
32
21
8
10
33
27
29
50
48
28
13
13
16
5
38
33
7
-1
9
6
-7
7
32
15
24
22
28
42
53
51
57
67
49
46
45
44
54
55
39
30
13
24
24
-1
13
24
14
12
34
8
-21
-1
29
4
-24
11
27
-33
-53
1
0
-31
-22
10
30
10
-6
11
21
16
45
81
68
25
28
44
29
11
16
42
28
24
25
-1
-22
-20
-4
5
23
24
-1
-24
-33
-23
-11
-21
-33
-14
6
-16
-43
-10
-2
-11
20
22
10
-4
-7
-25
-14
-9
-27
-3
0
-4
-7
-3
-20
-31
12
14
-4
7
-5
-26
-32
-25
-26
-4
-3
-17
-34
-30
-31
-55
-32
-27
-31
-17
-24
-36
-27
-14
-29
-25
-2
-9
-13
-28
-26
-37
-37
-23
-17
-6
-11
-25
-21
-2
17
17
14
22
21
13
1
19
12
12
47
26
-1
17
26
20
10
1
-11
-15
-16
-12
-36
-51
-45
-29
-9
-25
-32
-9
-3
-2
16
45
47
22
15
49
30
23
34
28
45
43
34
29
22
17
30
51
44
34
24
26
22
9
9
10
18
8
4
15
-11
-27
-6
26
31
15
36
55
61
60
50
46
65
72
66
71
44
7
17
50
38
18
24
29
34
6
-9
-12
-4
20
-2
-5
7
-12
-23
-24
11
18
-7
-14
-6
3
-6
-17
-6
12
3
-11
-6
-17
-29
-31
-22
0
8
-5
-26
-33
-32
-19
-32
-34
0
-8
-51
-57
-26
-2
-38
-64
-37
-8
-17
-70
-99
-65
-8
13
22
29
11
1
5
21
39
47
35
3
9
16
0
-22
-45
-43
3
17
-14
-55
-72
-25
-8
-22
-28
-27
3
7
-33
-34
15
27
-2
4
26
39
32
13
18
41
53
45
41
49
45
45
29
18
39
69
73
61
53
52
81
78
60
67
104
131
118
104
79
65
85
95
96
104
92
63
60
54
60
72
50
50
84
74
52
34
18
41
49
24
36
49
34
-2
-25
-5
-2
1
5
-24
-47
-17
-29
-70
-77
-75
-33
2
-35
-87
-102
-56
-27
-55
-51
-49
-46
-12
-3
-93
-125
-25
4
-32
-44
-58
-52
-10
-8
-67
-55
-28
3
45
-22
-107
-116
-31
25
-38
-135
-120
3
25
-71
-164
-158
-37
39
-72
-205
-136
-16
-9
-97
-177
-92
28
47
-30
-115
-84
38
55
-50
-75
-43
36
67
-22
-88
-84
-28
-3
-33
-79
-64
0
20
7
-35
-17
67
134
141
92
82
138
196
197
156
135
167
213
210
163
113
100
134
134
109
82
72
78
99
89
36
21
41
63
82
33
1
30
13
32
-1
-15
-4
-7
33
17
12
-44
-45
8
27
16
-39
-27
1
56
-14
-63
-45
-2
4
-53
-49
-28
-35
-103
-26
-44
-54
-71
-77
-48
-28
-21
-95
-84
-49
-17
-25
-57
-99
-83
-7
3
-58
-77
-55
-16
5
-1
-43
-60
-23
11
26
2
-27
-32
9
33
35
17
-19
-3
27
39
20
-6
-9
13
35
21
1
-6
15
22
6
-8
-4
9
14
12
-9
-12
-7
-2
-8
-15
-27
-18
-11
-28
-32
-44
-28
-20
-37
-43
-61
-61
-49
-48
-46
-40
-44
-46
-29
-24
-21
-21
-10
-3
3
15
24
13
13
15
20
42
52
39
28
36
36
44
55
45
27
21
33
49
46
37
25
9
18
50
45
23
7
21
32
57
36
8
5
43
46
47
30
7
19
20
59
20
9
-6
32
12
8
-11
13
5
-34
-4
7
18
-26
-19
-24
19
-8
8
-32
-28
-25
-4
-4
-22
-74
-51
2
-18
-40
-69
-71
-37
10
-36
-77
-64
-36
-18
-18
-66
-66
-53
-20
-26
-63
-45
-58
-43
-39
-67
-16
-24
-33
-70
-25
-34
-6
-50
-59
-67
-35
-16
-80
-65
-103
-60
-57
-67
-109
-109
-89
-67
-79
-125
-127
-95
-53
-97
-102
-132
-111
-104
-113
-152
-170
-144
-50
28
-19
-96
-97
-9
74
115
89
69
90
170
217
190
122
108
168
235
255
189
108
75
113
142
127
68
17
27
60
52
-17
-74
-85
-29
-2
-21
-58
-59
-51
-59
-51
-1
42
39
20
17
58
102
118
92
64
89
153
180
136
55
39
87
131
104
44
-14
-13
29
43
-11
-92
-95
-45
24
-45
-97
-91
-122
-68
-21
-48
-114
-133
-68
-41
-34
-103
-94
-82
-40
-55
-54
-50
-114
-66
-85
-60
-77
-49
-94
-102
-121
-93
-80
-113
-150
-155
-49
-106
-176
-197
-160
-102
-120
-145
-191
-190
-130
-110
-153
-189
-181
-155
-148
-120
-144
-194
-196
-180
-154
-181
-250
-290
-196
11
152
64
-132
-197
18
295
386
256
96
139
344
511
411
202
131
279
490
518
317
63
2
124
255
227
58
-97
-97
4
63
-24
-168
-217
-136
-5
27
-63
-162
-180
-107
-14
16
-17
-34
-18
22
44
43
21
19
41
97
172
199
144
57
42
123
230
258
183
78
56
122
175
127
20
-27
42
116
100
-20
-139
-138
-36
31
7
-59
-101
-104
-72
-21
-65
-127
-109
-43
6
44
-49
-160
-116
-13
19
-22
-59
-103
-50
-24
-56
-133
-132
-122
-79
-9
-114
-191
-190
-130
-127
-137
-132
-140
-119
-140
-175
-199
-164
-121
-129
-158
-168
-117
-112
-154
-203
-201
-147
-140
-156
-226
-285
-304
-238
-105
21
32
-102
-204
-131
95
264
268
140
82
189
396
464
340
174
158
342
516
498
272
59
40
193
325
263
63
-92
-66
64
111
5
-169
-218
-112
38
72
-42
-183
-210
-110
11
62
-12
-94
-86
-15
49
44
-6
-52
-17
65
127
108
28
-12
34
131
183
169
113
90
127
179
191
150
101
96
133
144
112
62
9
-9
8
33
44
-6
-35
-78
-30
-19
-16
-19
-60
-55
-48
9
29
-17
-64
-46
-17
29
32
-24
-84
-75
-3
18
-37
-112
-83
-65
-7
-19
-93
-135
-87
-41
-86
-110
-130
-100
-101
-116
-146
-126
-124
-143
-159
-129
-173
-178
-168
-181
-194
-226
-221
-259
-277
-302
-305
-274
-150
-29
-55
-213
-290
-137
127
279
212
61
40
224
431
461
302
172
246
464
593
476
221
76
174
367
437
289
59
-43
44
173
153
-10
-158
-155
-29
61
-7
-180
-290
-238
-98
-3
-44
-151
-214
-170
-77
-21
-33
-87
-96
-39
49
73
21
-56
-57
32
158
249
237
152
89
121
230
327
330
249
171
180
246
248
145
21
-12
72
159
117
-54
-189
-173
-55
34
-3
-110
-166
-95
13
8
-66
-139
-79
39
92
35
-72
-111
-76
6
16
2
-89
-85
-56
-77
-105
-113
-107
-120
-131
-106
-71
-124
-197
-240
-181
-103
-96
-186
-253
-262
-218
-186
-206
-245
-289
-276
-249
-275
-359
-439
-412
-237
-3
55
-155
-384
-311
62
379
387
158
15
167
462
623
496
271
259
505
755
705
391
131
166
400
555
473
204
-11
-17
116
176
69
-105
-176
-110
-21
-29
-157
-308
-350
-245
-103
-51
-135
-278
-336
-266
-127
-32
-48
-114
-143
-72
44
69
4
-58
-21
125
253
248
118
54
146
324
410
334
210
195
301
380
324
171
80
131
219
205
54
-106
-142
-64
-14
-67
-176
-241
-197
-137
-121
-162
-218
-201
-109
-32
-38
-110
-123
-75
-4
12
-15
-51
-58
-34
13
-41
-114
-79
-51
-72
-131
-159
-145
-138
-191
-231
-206
-194
-220
-263
-319
-306
-245
-258
-324
-344
-322
-323
-384
-469
-490
-371
-161
-19
-96
-328
-413
-157
242
431
298
96
101
343
582
605
463
367
483
713
793
609
342
245
391
578
590
405
152
19
54
151
161
43
-98
-169
-148
-112
-153
-254
-336
-328
-224
-131
-158
-293
-397
-369
-222
-79
-48
-129
-210
-184
-50
53
49
-11
-24
75
194
234
161
68
84
266
472
508
350
164
161
344
514
476
273
103
129
257
260
103
-87
-119
5
98
5
-215
-348
-283
-109
-27
-98
-241
-302
-218
-98
-52
-105
-157
-134
-39
19
-18
-105
-130
-47
37
55
-50
-153
-171
-90
-71
-127
-175
-172
-191
-230
-233
-243
-277
-323
-331
-293
-260
-300
-396
-455
-418
-372
-394
-462
-499
-389
-136
-12
-211
-498
-428
61
470
421
84
-75
151
526
694
576
395
391
579
732
677
468
334
403
544
584
454
245
64
16
115
220
174
-18
-208
-277
-217
-124
-122
-245
-366
-360
-255
-196
-263
-377
-406
-292
-136
-88
-173
-292
-297
-151
22
75
2
-87
-68
54
168
189
137
96
152
316
437
409
257
170
274
480
562
410
184
85
217
361
313
103
-71
-59
58
95
-33
-204
-252
-144
-36
-58
-176
-272
-249
-140
-55
-74
-163
-229
-187
-85
-8
-25
-104
-151
-119
-46
-25
-63
-124
-143
-120
-93
-117
-176
-207
-222
-196
-171
-184
-262
-332
-339
-298
-259
-282
-360
-433
-477
-490
-502
-481
-329
-113
-97
-396
-626
-369
198
478
241
-101
-86
267
589
633
501
418
497
656
715
611
481
474
564
621
583
451
262
113
125
285
379
221
-85
-277
-223
-53
24
-84
-293
-406
-322
-212
-230
-337
-384
-328
-238
-189
-232
-321
-360
-266
-93
18
-29
-166
-234
-128
76
221
183
42
-16
78
297
428
381
226
175
310
481
496
341
183
184
334
395
262
46
-62
12
133
131
-20
-194
-242
-146
-40
-31
-129
-234
-243
-149
-58
-69
-148
-203
-155
-59
-25
-104
-197
-197
-106
-24
-49
-144
-230
-224
-133
-80
-134
-235
-276
-236
-184
-192
-244
-298
-319
-293
-291
-294
-337
-386
-420
-440
-445
-475
-463
-336
-152
-149
-401
-563
-284
242
443
166
-125
-40
321
591
629
547
474
479
552
654
693
647
574
531
532
540
481
334
187
196
327
349
137
-138
-219
-94
50
33
-136
-335
-410
-313
-198
-173
-248
-342
-390
-369
-282
-206
-223
-292
-289
-196
-102
-117
-195
-204
-85
78
136
45
-73
-61
106
356
465
365
160
106
288
522
588
421
220
165
293
378
309
152
51
71
108
82
-45
-159
-169
-87
-24
-68
-182
-270
-246
-119
-23
-64
-182
-251
-193
-75
-21
-87
-174
-201
-141
-86
-97
-148
-190
-182
-152
-141
-188
-238
-248
-228
-187
-186
-241
-311
-342
-317
-271
-262
-305
-386
-459
-486
-485
-454
-373
-221
-166
-339
-592
-492
17
406
277
-125
-208
117
491
624
577
492
419
431
566
748
791
664
516
471
536
583
514
367
292
350
392
242
0
-75
36
139
86
-81
-255
-338
-286
-158
-92
-173
-329
-436
-421
-296
-166
-171
-294
-383
-323
-192
-130
-175
-215
-168
-59
17
4
-42
-13
81
217
349
338
238
155
273
501
614
508
294
199
306
487
479
318
136
67
115
160
141
27
-68
-109
-80
-48
-82
-144
-188
-142
-74
-76
-159
-221
-180
-78
-19
-69
-162
-196
-137
-58
-51
-104
-164
-192
-158
-103
-109
-165
-229
-254
-233
-189
-194
-252
-306
-322
-306
-301
-310
-342
-397
-439
-476
-489
-484
-390
-233
-207
-408
-626
-418
102
376
100
-271
-189
229
531
564
502
409
342
386
612
842
797
543
370
438
608
656
524
333
260
326
357
227
57
30
89
84
-10
-121
-212
-273
-219
-113
-114
-268
-433
-457
-336
-182
-152
-283
-448
-467
-307
-149
-136
-241
-314
-276
-142
-31
-13
-54
-58
5
148
311
308
216
160
328
540
577
428
258
285
434
560
459
250
130
139
227
249
166
-6
-120
-103
-20
17
-68
-183
-232
-156
-70
-85
-178
-229
-176
-102
-77
-142
-200
-176
-112
-69
-98
-161
-184
-163
-105
-70
-123
-191
-216
-195
-161
-150
-177
-232
-276
-281
-259
-254
-277
-333
-384
-412
-454
-483
-472
-331
-183
-261
-529
-628
-255
233
282
-91
-315
-88
300
522
549
488
350
265
425
756
923
735
432
358
539
721
699
510
338
309
380
383
273
163
126
120
82
25
-41
-147
-196
-126
-56
-135
-313
-414
-352
-223
-156
-218
-374
-476
-405
-228
-130
-187
-324
-377
-280
-115
-18
-49
-131
-139
-37
181
287
231
133
165
361
491
487
357
293
358
485
500
379
256
190
231
266
243
117
-31
-57
-11
37
-7
-125
-205
-172
-90
-61
-132
-215
-216
-155
-92
-105
-182
-220
-186
-124
-105
-146
-197
-215
-169
-99
-99
-160
-231
-224
-173
-130
-137
-209
-258
-265
-211
-216
-249
-303
-328
-316
-337
-398
-492
-483
-350
-156
-177
-468
-682
-387
194
362
-26
-376
-205
231
504
541
476
315
175
306
717
978
761
343
232
495
743
739
537
333
253
316
408
378
247
126
69
64
90
69
-56
-178
-149
-53
-89
-255
-367
-326
-217
-164
-216
-351
-460
-408
-237
-124
-188
-363
-435
-323
-126
-13
-72
-192
-215
-83
192
314
230
74
94
356
542
548
359
251
324
498
554
426
276
180
233
302
294
160
-1
-35
27
99
38
-98
-192
-158
-63
-37
-116
-224
-238
-175
-95
-100
-184
-240
-210
-134
-99
-145
-214
-231
-178
-106
-104
-169
-247
-248
-183
-126
-146
-226
-290
-274
-225
-222
-256
-311
-341
-332
-333
-374
-463
-507
-415
-198
-91
-345
-692
-561
69
444
140
-356
-349
96
451
559
511
359
126
147
585
1007
884
372
135
385
725
788
609
371
215
247
395
472
361
150
20
22
120
165
25
-170
-192
-69
-39
-180
-314
-312
-243
-193
-199
-296
-422
-442
-302
-147
-174
-350
-465
-384
-175
-30
-64
-200
-263
-153
151
299
243
73
63
301
492
550
405
298
318
452
538
470
343
222
242
301
311
192
38
-4
36
95
51
-63
-158
-144
-69
-32
-97
-198
-236
-198
-108
-90
-169
-251
-233
-162
-118
-148
-204
-222
-189
-129
-122
-165
-225
-221
-161
-109
-134
-218
-262
-244
-182
-187
-228
-287
-319
-313
-315
-336
-405
-443
-364
-174
-145
-406
-618
-343
177
286
-77
-335
-139
208
407
469
455
282
89
241
707
937
641
233
206
481
690
682
522
306
175
255
427
464
303
98
9
61
168
169
3
-150
-134
-46
-64
-171
-241
-247
-232
-218
-222
-291
-390
-386
-259
-176
-259
-390
-411
-310
-162
-92
-138
-241
-259
-136
143
281
182
10
2
306
529
541
360
219
280
452
578
498
335
194
200
302
356
267
79
-15
31
112
91
-18
-128
-139
-78
-36
-83
-184
-226
-197
-122
-107
-181
-254
-238
-169
-134
-165
-222
-236
-202
-139
-112
-159
-221
-233
-175
-122
-127
-174
-232
-231
-208
-198
-207
-240
-287
-313
-323
-341
-382
-437
-375
-169
-105
-360
-643
-414
179
375
-2
-360
-197
191
419
497
505
322
53
156
684
1015
713
215
144
457
702
710
570
348
153
195
428
546
383
103
-19
57
203
216
55
-120
-138
-60
-56
-133
-202
-229
-253
-233
-202
-260
-384
-409
-277
-176
-249
-395
-434
-340
-194
-111
-151
-262
-298
-184
125
252
139
-48
-25
289
488
504
320
206
261
412
538
476
323
173
169
286
354
256
70
-28
23
100
83
-16
-129
-136
-92
-52
-87
-181
-225
-202
-120
-118
-193
-265
-253
-178
-146
-173
-220
-250
-229
-154
-123
-155
-233
-244
-192
-119
-113
-193
-261
-266
-192
-168
-191
-272
-314
-301
-298
-334
-404
-439
-334
-123
-132
-442
-664
-315
251
309
-108
-359
-136
194
386
499
481
220
-30
208
786
984
560
121
162
494
693
687
543
270
79
200
499
569
318
30
-45
80
230
217
31
-140
-153
-77
-57
-104
-175
-249
-280
-231
-186
-262
-398
-389
-248
-175
-281
-421
-408
-299
-174
-120
-172
-277
-299
-176
128
267
133
-68
-61
293
516
499
313
169
249
415
562
508
311
158
158
306
401
279
60
-47
15
131
112
7
-125
-151
-86
-43
-62
-162
-218
-201
-130
-111
-185
-258
-251
-186
-152
-173
-219
-255
-235
-156
-110
-160
-238
-262
-190
-110
-110
-199
-295
-274
-209
-153
-183
-275
-343
-337
-279
-280
-354
-448
-441
-263
-67
-202
-565
-594
-59
378
169
-284
-320
47
327
444
509
399
76
-12
477
1008
872
278
33
327
663
726
622
419
147
76
347
628
505
120
-89
5
212
279
154
-56
-171
-132
-48
-17
-74
-199
-298
-274
-170
-158
-298
-396
-317
-193
-218
-343
-392
-337
-225
-130
-126
-218
-288
-219
86
244
182
9
-32
256
450
506
375
233
266
379
523
531
349
182
157
276
379
259
79
-33
-2
99
79
0
-109
-161
-118
-61
-65
-157
-240
-224
-143
-119
-174
-250
-248
-188
-158
-171
-206
-232
-223
-170
-121
-136
-211
-237
-176
-105
-115
-200
-254
-233
-180
-173
-221
-285
-303
-308
-293
-314
-371
-461
-344
-84
-112
-473
-677
-205
339
253
-231
-353
-33
246
345
471
474
126
-100
275
903
918
342
28
241
546
646
635
501
181
-7
245
595
545
179
-67
-12
150
247
195
18
-145
-157
-56
-12
-65
-180
-275
-274
-197
-154
-263
-394
-352
-206
-188
-316
-398
-364
-264
-166
-122
-195
-289
-279
-100
224
192
34
-96
43
404
465
422
249
148
286
467
537
447
197
105
216
333
366
154
-19
-27
45
127
76
-58
-158
-142
-72
-27
-94
-196
-231
-182
-105
-133
-223
-262
-217
-152
-155
-194
-228
-230
-181
-109
-117
-179
-239
-217
-111
-88
-141
-237
-262
-202
-164
-165
-217
-289
-321
-286
-279
-311
-377
-419
-305
-121
-158
-454
-565
-160
283
186
-216
-323
-25
279
389
437
375
126
9
367
872
848
341
52
277
609
693
603
423
169
73
304
589
515
154
-79
-1
201
273
164
-19
-143
-131
-36
5
-55
-182
-277
-259
-167
-141
-252
-371
-329
-208
-206
-317
-384
-329
-253
-181
-149
-211
-296
-244
-97
141
213
4
-84
-14
336
545
424
249
125
235
494
597
471
237
82
188
374
425
260
0
-63
47
172
143
4
-136
-166
-70
2
-28
-155
-224
-189
-112
-97
-176
-226
-211
-170
-151
-168
-207
-225
-194
-114
-91
-186
-239
-203
-120
-74
-130
-215
-251
-244
-170
-149
-180
-266
-349
-311
-243
-234
-320
-419
-450
-230
-15
-161
-527
-548
0
375
139
-265
-249
87
321
412
485
363
37
23
529
988
745
175
55
395
685
684
566
363
109
98
429
674
451
38
-101
84
292
298
131
-72
-170
-110
10
56
-49
-225
-308
-240
-113
-117
-271
-370
-299
-196
-220
-317
-341
-296
-237
-164
-149
-225
-251
-191
7
237
136
-17
-48
171
477
498
351
199
177
367
564
547
364
134
118
305
429
356
114
-39
-5
128
185
91
-62
-167
-124
-30
10
-86
-211
-223
-158
-101
-133
-210
-236
-199
-172
-170
-191
-199
-201
-167
-116
-142
-196
-212
-149
-73
-88
-183
-245
-200
-149
-132
-173
-224
-303
-311
-250
-219
-275
-399
-462
-308
-44
-113
-442
-570
-168
265
192
-148
-254
-16
235
376
472
406
135
25
388
851
805
342
102
290
591
696
604
403
169
124
358
600
504
170
-43
32
244
334
213
-19
-129
-82
17
59
-5
-153
-273
-249
-139
-100
-212
-348
-335
-233
-219
-286
-326
-307
-264
-194
-174
-186
-186
-156
-72
56
133
109
63
100
232
334
370
325
254
263
340
403
390
317
228
196
239
265
230
150
71
44
67
84
66
-3
-60
-69
-60
-58
-85
-113
-126
-146
-159
-158
-151
-150
-171
-195
-185
-157
-156
-162
-146
-140
-160
-169
-139
-120
-117
-147
-179
-171
-161
-161
-167
-189
-220
-249
-242
-221
-247
-303
-345
-390
-326
-81
-54
-361
-610
-302
241
307
-79
-313
-145
176
412
485
398
123
-9
276
737
843
456
76
120
468
712
671
407
139
92
305
551
528
280
5
-40
165
372
310
24
-158
-98
34
55
12
-100
-247
-283
-169
-73
-160
-315
-338
-261
-212
-234
-298
-330
-283
-177
-157
-189
-196
-132
-76
23
146
123
49
70
238
373
367
286
224
253
367
438
383
275
194
206
267
295
235
112
39
56
124
124
55
-44
-81
-52
-20
-23
-80
-142
-159
-131
-117
-128
-165
-191
-186
-168
-145
-151
-172
-176
-150
-118
-120
-142
-134
-126
-118
-124
-133
-143
-156
-161
-173
-178
-184
-215
-231
-238
-248
-283
-319
-348
-283
-81
-106
-378
-527
-189
224
194
-122
-247
-83
157
375
454
329
57
31
361
709
697
369
123
187
456
672
633
346
100
128
372
532
438
207
17
5
187
358
273
-1
-158
-68
57
58
0
-109
-245
-266
-149
-76
-179
-319
-334
-266
-229
-235
-275
-316
-298
-210
-159
-179
-176
-119
-45
14
69
102
106
135
236
297
304
275
260
300
343
351
314
261
237
238
243
230
182
125
91
87
92
70
26
-20
-45
-41
-45
-71
-110
-131
-135
-133
-145
-166
-177
-179
-173
-163
-161
-174
-177
-159
-142
-123
-121
-134
-140
-123
-111
-115
-124
-136
-134
-142
-154
-149
-161
-166
-181
-183
-183
-209
-247
-268
-263
-247
-73
-44
-270
-466
-216
221
258
-44
-221
-83
133
362
466
351
63
2
331
659
641
368
168
160
332
581
668
394
54
75
358
519
411
227
76
9
125
328
324
63
-140
-80
53
71
33
-79
-231
-258
-147
-74
-172
-292
-307
-254
-231
-228
-249
-275
-275
-213
-91
-103
-156
-145
-29
86
125
119
91
110
200
316
316
254
194
222
307
348
312
215
157
166
237
246
171
79
35
53
78
87
23
-59
-95
-70
-40
-58
-121
-169
-166
-140
-143
-163
-171
-179
-175
-160
-146
-150
-160
-152
-118
-100
-119
-148
-124
-90
-101
-109
-128
-132
-130
-120
-116
-140
-174
-187
-168
-146
-162
-206
-228
-255
-264
-253
-61
-13
-246
-464
-257
188
242
-42
-192
-81
62
274
441
366
56
-49
269
593
588
354
182
155
286
523
635
401
81
81
319
470
402
258
95
-1
103
315
320
82
-94
-70
30
75
57
-45
-196
-229
-133
-66
-125
-219
-261
-244
-203
-172
-190
-235
-198
-122
-82
-91
-127
-66
53
111
99
56
75
166
243
266
224
160
169
241
307
279
188
128
141
210
232
176
84
33
53
99
110
42
-38
-66
-50
-24
-35
-85
-127
-140
-127
-108
-127
-148
-159
-155
-143
-138
-140
-146
-131
-109
-109
-121
-133
-123
-89
-80
-101
-123
-129
-114
-97
-103
-120
-141
-150
-136
-131
-126
-131
-166
-176
-185
-188
-192
-178
-82
-68
-198
-287
-154
79
127
0
-88
-59
52
229
338
262
75
61
264
434
440
333
225
173
257
438
502
326
123
132
266
349
323
217
86
37
127
237
197
42
-59
-51
6
38
5
-88
-187
-198
-133
-90
-135
-212
-226
-210
-170
-139
-137
-151
-148
-109
-51
-20
-23
-4
26
83
114
113
113
127
165
198
200
182
157
158
186
200
180
138
114
115
119
124
96
57
24
23
33
27
-5
-51
-69
-66
-50
-65
-99
-131
-135
-109
-90
-103
-133
-143
-126
-99
-85
-88
-107
-120
-98
-75
-72
-80
-80
-75
-79
-76
-67
-69
-70
-68
-71
-87
-96
-85
-65
-76
-98
-112
-115
-115
-101
-105
-135
-181
-177
-78
-34
-108
-197
-136
5
60
42
38
12
6
118
270
312
199
116
162
275
376
389
283
163
170
292
383
337
207
113
124
212
269
227
109
8
15
102
142
82
-34
-102
-83
-25
-4
-47
-132
-176
-159
-98
-62
-109
-154
-142
-82
-49
-58
-69
-50
-20
24
41
25
23
56
108
127
110
86
94
128
157
158
115
89
89
121
139
112
70
39
46
67
64
33
-11
-42
-38
-26
-31
-61
-92
-106
-89
-72
-80
-102
-116
-109
-96
-80
-78
-99
-106
-96
-73
-73
-84
-84
-77
-67
-46
-47
-65
-72
-54
-36
-32
-46
-57
-50
-41
-36
-39
-36
-58
-71
-51
-31
-38
-65
-71
-70
-63
-58
-59
-77
-94
-92
-59
-32
-42
-71
-80
-32
16
36
28
24
23
79
132
157
169
133
115
160
249
271
226
165
146
174
241
262
185
102
75
112
158
156
82
3
-18
20
56
44
-12
-81
-89
-53
-22
-21
-57
-91
-105
-67
-25
-9
-31
-53
-46
-20
15
39
37
22
32
49
69
81
82
73
70
80
85
87
83
75
69
62
57
49
50
41
17
2
3
-2
-11
-19
-33
-55
-64
-54
-58
-75
-98
-99
-95
-91
-89
-93
-99
-105
-104
-79
-70
-83
-86
-77
-63
-52
-43
-41
-45
-49
-25
-9
-16
-32
-27
-12
-17
-20
-21
-30
-33
-30
-27
-39
-49
-56
-47
-45
-51
-61
-65
-67
-66
-58
-58
-66
-71
-47
-49
-55
-55
-58
-62
-38
-20
-19
-37
-35
-5
18
26
21
12
30
62
75
73
57
58
74
99
101
81
64
67
77
93
93
60
35
42
69
77
53
28
22
31
44
57
46
18
3
17
48
52
32
13
9
30
49
61
46
24
17
36
63
66
45
31
30
32
42
48
39
24
13
19
33
42
33
16
9
6
8
12
5
-11
-28
-35
-35
-33
-36
-54
-64
-64
-64
-66
-71
-73
-83
-82
-78
-80
-74
-73
-69
-63
-59
-50
-36
-37
-44
-37
-27
-22
-23
-21
-21
-19
-22
-11
0
-14
-22
-21
-10
-10
-12
-15
-27
-35
-27
-18
-25
-32
-30
-24
-31
-38
-27
-8
-23
-43
-34
-16
-24
-43
-31
-18
-36
-39
-19
-18
-31
-34
-20
-10
-24
-36
-24
-16
-17
-22
-17
-27
-34
-15
-1
-11
-27
-31
-24
-9
-5
-4
-7
-12
-3
14
29
29
16
12
32
54
58
49
31
37
60
74
78
62
49
56
70
78
83
68
51
53
64
69
68
53
36
29
32
38
38
27
6
-10
-4
8
3
-5
-13
-23
-35
-33
-20
-15
-30
-46
-45
-40
-34
-36
-45
-51
-52
-43
-44
-40
-36
-37
-38
-34
-22
-13
-21
-30
-15
0
-3
-11
-11
-3
-5
-15
-14
-10
-14
-27
-28
-15
-12
-25
-26
-24
-34
-34
-25
-17
-22
-38
-38
-27
-21
-26
-34
-33
-31
-23
-21
-29
-26
-20
-26
-32
-22
-2
-16
-33
-25
-11
-16
-25
-28
-25
-20
-29
-29
-22
-24
-34
-30
-30
-38
-44
-34
-24
-31
-30
-29
-33
-30
-31
-27
-17
-23
-35
-33
-19
-11
-14
-25
-29
-18
-7
-8
-11
-18
-13
-3
2
6
6
3
9
10
19
22
16
14
7
9
10
25
23
7
-14
-7
18
22
1
-23
-13
4
-3
-21
-26
-10
-10
-26
-34
-24
-13
-23
-38
-39
-25
-12
-21
-35
-30
-19
-15
-12
-6
-12
-15
-4
2
4
-1
-3
0
14
10
-2
1
15
13
-4
-2
-2
-8
0
-4
-7
-22
-27
-19
-5
-11
-34
-33
-24
-18
-13
-15
-25
-34
-26
-10
-8
-15
-33
-34
-21
-18
-21
-20
-20
-34
-43
-31
-8
-14
-44
-52
-27
-11
-25
-35
-28
-37
-39
-27
-6
-19
-45
-41
-26
-20
-28
-26
-28
-39
-46
-24
-17
-28
-37
-29
-22
-26
-23
-11
-22
-33
-8
6
-17
-26
-8
0
-26
-34
-8
1
-19
-29
-13
-5
-27
-26
2
2
-23
-31
-13
-10
-10
-24
-28
-24
-19
-21
-21
-26
-28
-19
-26
-28
-27
-21
-23
-24
-21
-19
-18
-29
-35
-20
-6
-6
-16
-25
-13
-1
9
11
-3
-8
6
18
28
12
9
-1
4
10
22
11
-16
-10
-3
1
-6
-8
-30
-42
-22
2
-5
-27
-30
-25
-21
-24
-14
-10
-32
-46
-26
7
8
-16
-26
-11
-1
3
7
-15
-34
-36
-22
-2
-21
-40
-48
-32
-12
-16
-17
-19
-18
-14
0
6
7
10
12
-2
-14
14
34
12
-26
-21
7
19
9
-8
-14
-19
-20
-7
3
-13
-44
-41
-26
-21
-14
-7
-23
-44
-32
-10
-4
-13
-24
-34
-21
-11
-14
-23
-38
-37
-32
-21
-26
-34
-36
-41
-42
-36
-18
-22
-38
-41
-26
-21
-16
-15
-19
-22
-22
-16
-4
7
-1
-9
-7
11
22
18
15
12
12
25
29
22
12
7
22
22
15
7
2
7
14
9
-1
-10
-10
-10
-15
-19
-22
-28
-37
-38
-28
-26
-42
-43
-39
-28
-33
-37
-35
-30
-26
-23
-22
-25
-15
-19
-19
-17
-17
-18
-17
-14
-5
-8
-8
-8
0
3
-3
-4
0
-1
-2
-4
-8
-11
-12
-1
3
-9
-16
-16
-14
-7
-8
-16
-29
-30
-14
-7
-16
-26
-27
-24
-12
-6
-5
-19
-31
-25
-4
1
-11
-17
-20
-16
-10
-10
-10
-15
-24
-23
-16
-15
-26
-34
-31
-35
-26
-28
-27
-33
-36
-30
-26
-20
-31
-36
-31
-25
-26
-23
-22
-26
-30
-21
-18
-20
-23
-25
-20
-8
-6
-12
-10
-8
-2
1
7
6
-6
-3
4
11
6
-8
-11
-13
-7
-5
-14
-26
-30
-22
-18
-20
-31
-34
-33
-36
-30
-33
-39
-44
-48
-43
-30
-28
-38
-43
-38
-28
-20
-21
-29
-30
-21
-13
-12
-14
-23
-25
-25
-16
-6
-8
-22
-31
-27
-13
-13
-18
-20
-21
-19
-15
-13
-10
-19
-21
-17
-18
-21
-24
-27
-25
-30
-31
-30
-30
-29
-27
-24
-28
-28
-24
-23
-20
-16
-17
-23
-23
-18
-10
-9
-19
-22
-18
-8
-1
-12
-21
-20
-15
-12
-11
-9
-17
-23
-21
-13
-14
-24
-37
-35
-29
-26
-29
-41
-45
-45
-37
-35
-31
-43
-47
-37
-30
-23
-31
-34
-28
-20
-15
-6
-4
-12
-13
-8
-1
0
2
-1
-7
0
1
1
-8
-11
-10
-11
-10
-14
-20
-28
-29
-30
-27
-35
-41
-44
-36
-30
-37
-40
-44
-45
-36
-36
-36
-46
-45
-41
-46
-45
-43
-43
-46
-41
-41
-37
-50
-46
-33
-29
-32
-32
-29
-30
-29
-22
-24
-30
-34
-31
-29
-29
-27
-25
-22
-25
-25
-23
-22
-24
-22
-20
-18
-19
-24
-23
-22
-20
-19
-20
-23
-21
-19
-18
-17
-16
-15
-21
-14
-10
-18
-22
-22
-22
-20
-20
-20
-23
-22
-19
-23
-24
-23
-17
-16
-23
-19
-22
-19
-18
-20
-16
-19
-21
-22
-20
-15
-17
-17
-16
-20
-19
-13
-13
-14
-21
-24
-14
-13
-10
-8
-10
-9
-7
-2
1
4
3
4
-1
5
3
7
7
5
-5
-15
-9
-11
-8
-18
-23
-30
-24
-22
-23
-25
-26
-32
-36
-32
-26
-30
-30
-30
-31
-35
-36
-37
-38
-38
-36
-35
-35
-31
-30
-33
-33
-30
-28
-24
-27
-20
-19
-17
-20
-22
-23
-19
-20
-21
-21
-19
-19
-23
-26
-24
-22
-19
-17
-19
-20
-22
-25
-19
-20
-18
-19
-22
-19
-20
-14
-15
-18
-22
-31
-26
-19
-22
-25
-27
-32
-28
-23
-28
-32
-31
-33
-31
-28
-24
-29
-36
-33
-33
-27
-28
-34
-30
-29
-24
-26
-29
-30
-31
-25
-23
-18
-20
-22
-22
-17
-18
-18
-17
-13
-14
-7
-5
-6
0
-1
4
4
5
1
2
6
5
2
-2
-3
-1
2
-1
-2
-10
-13
-12
-9
-10
-16
-23
-25
-24
-17
-20
-27
-35
-38
-34
-30
-25
-30
-33
-38
-27
-21
-22
-23
-28
-27
-21
-15
-16
-22
-21
-15
-13
-6
-11
-14
-16
-12
-8
-5
-7
-12
-12
-4
-3
-6
-5
-7
-6
-4
-8
-16
-19
-19
-14
-16
-14
-23
-23
-22
-25
-19
-20
-19
-25
-20
-22
-22
-21
-24
-26
-27
-25
-25
-26
-31
-30
-28
-28
-29
-32
-36
-34
-28
-32
-33
-30
-30
-30
-28
-27
-34
-37
-28
-26
-23
-29
-29
-27
-25
-18
-18
-19
-21
-22
-19
-14
-16
-22
-26
-22
-18
-22
-24
-23
-21
-18
-20
-14
-16
-15
-15
-16
-10
-11
-12
-12
-16
-14
-17
-16
-19
-18
-18
-20
-22
-25
-26
-27
-24
-25
-26
-25
-30
-28
-26
-27
-30
-28
-26
-31
-25
-25
-26
-19
-29
-27
-23
-21
-17
-20
-20
-17
-13
-14
-10
-12
-15
-15
-10
-5
-7
-5
-4
2
2
-2
1
0
-2
-3
5
1
-3
-5
-7
-4
-7
-4
-9
-13
-10
-6
-7
-7
-8
-12
-11
-11
-9
-13
-13
-13
-15
-18
-19
-20
-18
-18
-23
-18
-20
-26
-24
-25
-23
-19
-22
-25
-22
-22
-21
-23
-25
-24
-23
-17
-21
-23
-25
-24
-23
-24
-23
-24
-23
-24
-25
-18
-19
-18
-21
-18
-12
-8
-11
-16
-12
-8
-4
-3
-1
-3
-8
-10
-6
-2
-4
-6
-9
-5
-5
-7
-10
-13
-12
-11
-14
-18
-17
-19
-26
-27
-31
-31
-33
-38
-37
-34
-41
-41
-44
-42
-42
-41
-42
-46
-45
-47
-41
-43
-45
-48
-40
-37
-36
-35
-37
-29
-30
-30
-26
-27
-28
-24
-22
-19
-15
-16
-16
-14
-14
-11
-10
-13
-14
-8
-11
-6
-6
-7
-7
-7
-8
-1
0
-3
-4
-4
-3
-4
-4
-3
-9
-9
-11
-16
-15
-17
-19
-19
-23
-24
-28
-28
-26
-34
-32
-31
-30
-29
-28
-24
-23
-28
-26
-23
-19
-16
-20
-20
-10
-11
-11
-7
-5
-6
-7
-7
-12
-8
-5
-1
-2
-6
-6
-4
0
-2
3
3
-3
-1
4
9
8
8
7
5
1
2
1
-1
-4
-6
-8
-8
-12
-12
-10
-16
-18
-20
-20
-13
-18
-20
-23
-27
-25
-24
-27
-31
-30
-28
-30
-27
-29
-33
-32
-34
-36
-38
-42
-42
-35
-33
-36
-36
-34
-36
-33
-34
-34
-31
-32
-27
-22
-24
-24
-27
-21
-19
-25
-20
-18
-19
-21
-20
-19
-18
-22
-22
-23
-25
-22
-21
-24
-24
-27
-32
-27
-25
-24
-27
-31
-32
-28
-28
-32
-36
-43
-44
-42
-41
-42
-38
-39
-39
-35
-33
-37
-40
-38
-36
-38
-33
-38
-38
-33
-31
-30
-26
-25
-26
-24
-19
-13
-13
-13
-9
-3
-3
2
0
1
2
-1
5
5
6
4
3
5
6
6
9
9
4
8
3
7
6
6
5
0
0
-2
-5
-5
-8
-15
-13
-13
-13
-17
-11
-18
-15
-19
-26
-21
-21
-21
-24
-25
-27
-24
-21
-20
-16
-14
-16
-15
-13
-13
-9
-6
-7
-7
-9
-7
-6
-8
-10
-14
-16
-11
-10
-11
-14
-11
-14
-14
-14
-15
-13
-13
-15
-10
-6
-11
-10
-8
-12
-13
-11
-9
-11
-19
-21
-22
-18
-19
-18
-24
-30
-29
-25
-26
-24
-31
-35
-31
-30
-29
-27
-33
-36
-30
-28
-28
-26
-31
-34
-30
-30
-29
-30
-31
-32
-34
-30
-29
-28
-28
-28
-31
-26
-27
-22
-23
-24
-23
-25
-25
-22
-24
-22
-22
-21
-22
-21
-21
-22
-19
-17
-20
-18
-21
-21
-19
-20
-16
-16
-15
-16
-16
-16
-12
-7
-11
-16
-12
-15
-15
-15
-20
-21
-27
-32
-28
-29
-29
-32
-33
-30
-32
-26
-25
-28
-22
-25
-21
-21
-21
-21
-15
-18
-18
-16
-20
-17
-20
-16
-15
-18
-15
-11
-13
-14
-17
-13
-10
-14
-13
-7
-9
-10
-8
-7
-6
-8
-5
-8
-7
-7
-10
-6
-7
-13
-10
-10
-12
-8
-11
-10
-9
-13
-13
-10
-13
-12
-15
-20
-22
-21
-23
-25
-24
-21
-21
-21
-22
-22
-22
-18
-20
-23
-18
-21
-19
-20
-20
-18
-16
-16
-14
-12
-13
-13
-10
-8
-11
-11
-9
-7
-6
-4
-9
-8
-5
-3
-3
-1
-1
-2
-7
-4
-5
-6
-8
-9
-12
-16
-17
-23
-20
-20
-22
-23
-22
-29
-30
-28
-30
-29
-30
-28
-29
-31
-31
-29
-30
-27
-24
-25
-25
-24
-23
-20
-23
-22
-23
-26
-23
-19
-17
-22
-22
-21
-21
-21
-16
-17
-18
-20
-19
-18
-17
-18
-18
-18
-23
-22
-20
-18
-16
-12
-10
-11
-11
-7
-7
-8
-8
-7
-8
-4
-2
-9
-14
-15
-12
-13
-13
-15
-21
-18
-16
-16
-18
-15
-18
-18
-18
-20
-16
-14
-13
-15
-15
-17
-16
-17
-15
-18
-20
-15
-20
-15
-15
-16
-14
-10
-8
-6
-7
-7
-4
-5
-4
-4
-5
-2
-4
-7
0
0
5
-2
-1
2
0
1
2
6
2
0
3
2
1
2
-1
-4
-3
-2
-1
-6
-11
-12
-17
-13
-14
-14
-14
-19
-20
-20
-18
-22
-22
-21
-18
-19
-19
-13
-25
-20
-18
-18
-16
-14
-13
-15
-13
-8
-5
-4
-3
-6
0
0
3
3
-1
1
-3
-4
-3
-1
-1
-7
-7
-11
-16
-12
-14
-15
-12
-14
-15
-14
-14
-12
-12
-14
-17
-16
-14
-18
-19
-25
-21
-22
-19
-22
-28
-28
-27
-23
-26
-22
-24
-27
-21
-21
-19
-20
-20
-22
-19
-20
-20
-21
-25
-23
-17
-21
-18
-16
-15
-12
-16
-13
-12
-10
-8
-8
-12
-9
-7
-2
-1
5
6
3
5
5
7
11
14
9
10
9
10
13
10
5
7
13
12
10
8
10
7
7
8
7
6
2
3
3
2
0
1
1
0
1
-1
-1
0
1
-2
4
8
7
14
14
13
15
14
14
16
16
20
22
23
27
26
30
27
29
29
27
27
27
21
24
20
21
22
23
21
18
22
19
22
20
17
16
16
11
15
15
13
11
8
7
7
8
8
2
7
5
-1
3
-1
0
-1
-4
-2
-4
0
-2
-5
-2
-4
-3
-5
-8
-8
-12
-10
-10
-10
-7
-10
-10
-10
-8
-8
-3
0
-6
0
-2
-2
-2
0
2
1
5
3
5
4
5
4
3
12
9
10
12
6
7
11
10
14
11
10
9
10
9
6
6
3
3
7
6
5
6
6
3
1
3
2
4
2
-5
0
0
-2
-3
-4
2
-1
1
2
2
1
4
6
5
0
2
-2
0
3
1
0
1
5
10
16
14
13
16
20
18
24
25
26
25
26
30
29
27
26
26
26
27
25
28
27
26
23
23
25
24
22
20
21
19
17
18
13
17
16
14
9
10
7
7
10
5
5
8
10
9
9
6
8
8
6
7
10
3
3
1
1
6
8
7
7
9
10
9
12
11
16
16
12
15
12
14
19
20
17
20
18
21
23
22
23
20
22
25
25
23
21
26
23
21
24
22
21
20
23
15
13
19
16
12
11
12
