7
7
6
6
5
5
6
8
10
4
2
4
-1
0
-2
-1
-3
-4
-1
-1
-5
-7
0
0
-3
-2
-4
0
2
5
5
5
2
2
2
1
2
-2
-4
-2
-2
-5
-4
-4
-13
-11
-14
-15
-12
-14
-11
-9
-9
-6
-8
-7
-4
-8
-10
-7
-10
-10
-11
-13
-15
-15
-14
-19
-14
-17
-17
-13
-14
-11
-17
-20
-14
-15
-18
-20
-20
-17
-19
-19
-18
-19
-21
-18
-13
-13
-15
-12
-10
-11
-13
-7
-10
-10
-12
-14
-7
-10
-7
-8
-11
-6
-2
-3
1
-1
1
0
0
5
-1
4
-3
-1
2
7
8
3
0
2
3
3
6
3
4
3
5
6
3
1
5
6
5
7
12
10
9
13
10
12
12
8
10
6
8
10
10
11
12
8
8
13
12
14
6
6
8
5
1
2
-2
-5
-8
-7
-4
-8
-8
-7
-5
-2
-4
-4
0
-6
-4
-3
-7
-9
-4
-7
-10
-9
-11
-14
-13
-15
-15
-15
-14
-13
-14
-10
-10
-10
-7
-11
-11
-15
-10
-11
-19
-16
-15
-14
-12
-13
-12
-13
-17
-16
-16
-16
-16
-22
-26
-23
-22
-24
-24
-23
-27
-24
-27
-28
-26
-28
-28
-30
-27
-24
-25
-22
-22
-30
-29
-25
-26
-26
-30
-32
-31
-35
-31
-29
-31
-30
-32
-24
-30
-32
-25
-30
-28
-30
-28
-26
-28
-27
-28
-33
-32
-32
-35
-34
-33
-31
-33
-28
-29
-26
-27
-29
-23
-21
-23
-20
-17
-20
-16
-17
-12
-17
-18
-12
-14
-10
-13
-12
-11
-7
-8
-3
1
-3
-5
-4
-3
-1
-5
-5
-8
-9
-12
-5
-5
-8
-4
-6
-3
-3
-3
-1
2
-2
2
-2
1
4
3
5
2
2
-2
3
1
-1
1
-1
5
5
-3
-1
1
2
0
-3
-2
-2
-2
-1
1
2
0
-4
-1
-3
-4
-3
-2
-1
-3
-4
2
-1
-2
-3
-1
0
-1
-3
-6
-6
-5
-5
-6
-8
-10
-9
-10
-12
-13
-15
-12
-16
-15
-15
-15
-15
-15
-14
-22
-19
-21
-21
-18
-17
-20
-21
-25
-21
-18
-21
-22
-19
-20
-24
-22
-21
-19
-20
-20
-25
-25
-24
-24
-23
-25
-27
-29
-24
-24
-25
-19
-23
-22
-22
-24
-21
-20
-18
-20
-21
-18
-22
-18
-14
-19
-19
-19
-23
-27
-27
-25
-31
-26
-22
-24
-22
-26
-20
-19
-24
-22
-18
-19
-21
-20
-24
-21
-19
-17
-15
-22
-16
-13
-12
-13
-10
-7
-13
-7
-6
-4
-4
-3
-1
-2
-1
-2
-1
3
3
-1
-2
-3
-1
-7
-7
-7
-7
-6
-7
2
2
0
-1
1
0
2
4
2
3
2
4
6
6
8
9
15
10
7
10
6
14
10
4
12
13
13
12
7
9
10
7
4
3
1
5
8
2
9
6
7
5
4
1
0
0
-2
0
-4
-5
-6
-3
-7
-6
-8
-10
-11
-10
-8
-4
-3
-6
-8
-7
-8
-5
-3
-10
-12
-9
-15
-11
-11
-12
-14
-18
-13
-16
-16
-13
-13
-12
-13
-11
-12
-11
-10
-13
-15
-14
-16
-12
-15
-19
-13
-13
-16
-22
-21
-24
-24
-22
-26
-24
-22
-22
-20
-20
-24
-20
-22
-22
-23
-22
-22
-22
-19
-24
-25
-23
-21
-20
-18
-20
-18
-16
-18
-16
-16
-15
-15
-15
-14
-13
-11
-11
-13
-13
-14
-13
-12
-9
-11
-8
-8
-7
-5
-11
-7
-5
0
-2
-1
3
2
6
1
2
2
6
4
2
5
5
7
3
3
5
6
4
0
0
8
5
7
6
8
10
10
10
11
11
10
12
9
10
13
13
13
11
12
12
11
10
5
8
6
8
10
11
11
8
7
9
10
10
8
5
8
12
11
13
9
7
8
9
6
5
7
0
1
0
3
-3
-6
-8
-6
-2
-9
-4
-6
-9
-8
-12
-12
-10
-13
-15
-13
-12
-13
-11
-14
-14
-13
-18
-21
-19
-17
-21
-20
-15
-12
-12
-8
-8
-16
-13
-13
-16
-10
-9
-11
-12
-17
-12
-12
-16
-14
-14
-12
-11
-13
-14
-18
-18
-18
-18
-19
-16
-15
-20
-17
-17
-19
-22
-17
-17
-17
-18
-13
-11
-20
-19
-14
-19
-18
-15
-16
-17
-18
-16
-14
-16
-14
-17
-19
-13
-12
-18
-16
-19
-20
-21
-22
-17
-19
-16
-21
-12
-13
-8
-5
-11
-10
-10
-9
-8
-6
-6
2
0
0
0
2
7
8
5
4
3
8
3
3
9
9
8
11
10
11
7
13
14
8
11
11
10
11
12
9
12
7
6
11
12
9
5
8
8
10
8
5
4
9
8
9
8
11
9
12
12
9
12
11
11
9
13
12
10
10
11
13
9
11
11
11
14
12
11
8
12
6
11
9
6
3
3
1
-3
0
-2
-5
-7
-11
-9
-9
-12
-14
-13
-11
-11
-14
-15
-11
-12
-16
-15
-13
-14
-15
-19
-13
-14
-15
-16
-14
-15
-10
-8
-12
-10
-12
-11
-14
-15
-11
-13
-11
-12
-13
-14
-13
-18
-16
-16
-17
-16
-20
-21
-21
-23
-22
-22
-23
-19
-21
-20
-22
-24
-24
-26
-23
-23
-19
-18
-21
-20
-20
-19
-21
-21
-23
-23
-20
-23
-19
-20
-19
-21
-18
-19
-22
-17
-17
-19
-15
-21
-20
-18
-16
-16
-14
-9
-8
-8
-6
-5
-3
-6
-6
-5
-8
-4
-8
-7
-2
0
2
-1
2
-1
4
5
10
13
7
10
10
11
10
7
8
10
7
6
10
12
12
14
12
15
15
16
15
18
16
12
11
13
12
13
13
7
15
13
14
11
9
10
14
15
11
11
10
10
7
5
7
5
2
0
5
3
5
7
7
5
8
5
1
3
-1
-3
-2
-2
-5
-1
-1
-5
-3
-4
-2
-5
-3
-5
-9
-2
-6
-6
-6
-6
-3
-3
0
-6
-8
-6
-6
-3
-4
1
-3
-9
-8
-6
-7
-9
-11
-15
-15
-17
-15
-16
-18
-18
-18
-17
-21
-22
-18
-20
-18
-17
-22
-23
-22
-21
-23
-22
-19
-15
-18
-21
-22
-18
-15
-17
-19
-17
-15
-15
-13
-12
-9
-11
-12
-10
-14
-15
-16
-17
-11
-12
-15
-11
-11
-14
-14
-13
-10
-12
-11
-10
-10
-10
-10
-11
-4
-6
-8
-7
-10
-8
-9
-7
-7
-9
-5
-5
-1
-4
-4
-4
-7
-2
-3
-2
-3
0
2
-1
0
2
3
2
3
7
2
4
5
3
7
5
4
5
8
8
7
7
9
8
11
12
11
11
13
13
13
16
15
13
14
16
11
12
12
11
9
7
6
8
8
6
3
3
1
-1
0
5
1
0
0
-1
-1
0
-1
0
-1
-1
-1
-1
-1
-3
1
0
-3
1
-3
-6
-1
-3
1
1
2
3
-5
-7
-10
-12
-10
-10
-11
-12
-9
-13
-11
-10
-14
-9
-13
-12
-11
-10
-11
-14
-14
-13
-13
-13
-17
-17
-13
-17
-19
-18
-20
-21
-11
-15
-16
-18
-20
-15
-15
-17
-16
-14
-15
-18
-18
-17
-18
-16
-17
-18
-17
-15
-18
-17
-14
-13
-13
-15
-12
-12
-12
-12
-12
-14
-10
-11
-12
-14
-16
-10
-12
-10
-14
-14
-10
-7
-8
-10
-7
-9
-10
-12
-5
-4
-5
-8
-3
-9
-7
-11
-11
-7
-13
-3
-4
-8
-7
-6
-4
-2
-2
-1
1
2
3
1
5
5
5
7
6
6
3
2
5
5
5
8
7
5
9
10
12
8
9
8
7
8
9
9
10
11
11
9
7
12
8
10
9
10
13
16
15
12
14
18
16
16
17
18
16
11
14
12
15
8
5
8
7
7
6
5
5
4
8
8
2
4
2
5
2
2
-3
-2
1
0
-4
-6
-4
-1
-5
-7
-5
-9
-13
-12
-9
-8
-7
-10
-8
-2
-7
-6
-3
-2
-4
-3
-2
-2
-1
-4
-4
-1
1
-3
2
-1
3
-4
-4
-3
-6
-3
-5
0
-5
-3
-2
-3
2
-1
-3
-5
-6
-8
-1
-4
-2
-1
-7
-6
-7
-5
-3
-2
-7
-4
-7
-4
-4
-3
-3
-5
-1
-3
-5
-1
-2
-8
-7
-6
0
-2
-1
0
-2
-1
1
0
1
3
6
7
5
7
6
6
9
10
10
12
12
10
10
12
13
12
13
12
13
15
16
19
20
21
24
21
23
22
22
19
17
18
20
18
20
22
15
18
21
23
19
19
19
19
20
21
20
18
14
11
18
16
13
10
8
9
13
11
14
15
17
17
14
19
17
17
17
14
20
19
14
19
18
12
8
7
6
3
5
7
7
8
6
8
3
5
9
5
7
7
0
0
3
1
2
-2
-3
-6
-4
-4
-3
-1
-3
0
-2
-1
-4
-2
0
1
3
4
0
0
1
2
-2
1
0
1
1
1
2
2
4
9
6
2
4
4
6
3
5
3
6
4
3
3
-2
1
1
1
0
1
-1
-1
0
-2
-2
-2
-2
-2
1
4
2
2
5
7
7
12
12
8
8
10
6
3
6
7
6
5
3
6
6
7
8
12
18
15
17
17
14
14
14
11
14
15
14
18
20
18
25
26
22
24
24
28
23
26
24
24
23
20
21
21
23
24
23
23
22
18
13
14
16
18
18
16
20
21
26
26
25
21
18
25
23
28
26
21
25
24
26
25
23
23
24
20
22
21
23
23
19
18
17
19
19
20
22
17
17
19
16
20
17
15
13
10
13
13
12
10
10
10
12
7
10
10
9
10
10
7
9
12
5
9
10
9
5
6
6
9
12
11
4
11
10
6
8
7
8
4
6
4
4
8
5
7
7
9
6
8
5
5
6
9
7
7
6
2
0
3
6
3
2
4
2
1
6
0
2
2
-2
-2
1
6
8
13
8
10
7
7
8
9
9
7
11
11
12
10
16
11
10
15
13
13
13
14
13
13
12
12
16
18
14
15
17
16
14
16
17
14
16
17
16
14
13
18
20
22
22
21
20
22
23
22
19
16
15
18
22
21
21
21
25
27
28
25
26
28
27
28
25
28
30
29
28
28
27
18
20
24
27
24
26
32
27
32
28
29
29
28
29
30
27
29
28
23
25
23
25
24
23
25
25
25
27
22
24
27
24
21
21
17
16
20
16
18
16
15
15
17
19
18
17
15
19
23
23
22
21
20
16
15
11
12
12
11
9
8
10
8
8
4
3
6
5
4
5
7
6
3
4
4
3
7
11
11
9
12
18
14
11
13
16
13
11
17
20
13
15
14
15
15
13
13
15
16
16
14
14
14
13
14
14
18
20
17
15
18
16
16
12
12
14
9
9
9
11
10
4
6
6
2
4
0
4
6
9
5
3
9
6
8
9
13
11
12
12
12
9
10
13
15
14
17
14
11
16
11
13
16
17
18
16
22
23
22
22
25
22
25
26
26
25
23
27
23
21
20
25
30
27
25
27
27
25
30
27
28
31
32
29
28
28
30
31
29
27
26
20
28
30
30
27
25
29
25
26
29
28
24
30
27
19
18
19
21
15
16
15
13
14
10
10
10
7
12
11
9
9
7
8
6
8
8
4
4
3
7
10
7
6
3
2
0
3
1
2
3
4
5
0
3
4
8
9
9
11
10
8
10
7
10
11
11
10
7
11
4
7
5
0
1
3
1
3
4
9
3
6
6
2
8
4
3
6
0
3
7
7
10
8
3
4
8
5
6
4
5
-2
3
7
3
3
2
2
7
9
3
6
4
4
7
8
7
4
7
10
12
9
9
15
11
5
10
16
9
6
8
2
2
2
4
2
2
2
-1
3
2
4
1
4
3
2
3
4
5
6
7
9
16
14
12
13
9
9
12
17
19
22
22
20
18
20
19
19
18
19
18
17
22
17
20
14
17
15
15
19
16
18
17
17
17
18
16
15
13
13
12
10
4
5
7
3
7
2
1
0
0
-1
-5
0
-4
-4
-4
-5
-6
-7
-9
-2
-7
-8
-5
-6
-8
-6
-1
-6
-2
0
-4
-3
-1
-1
5
1
3
3
-1
1
-3
1
3
3
4
1
0
-3
-3
-4
-5
-4
-6
-5
-8
-11
-12
-12
-10
-14
-10
-7
-9
-2
-2
-5
-9
-7
-10
-13
-11
-7
-12
-9
-11
-13
-13
-18
-12
-11
-11
-10
-14
-10
-7
-13
-9
-11
-13
-10
-7
-10
-9
-10
-13
-10
-12
-14
-10
-13
-11
-4
-10
-12
-10
-10
-8
-7
-8
-8
-5
-7
-9
-6
0
-1
-4
-9
-6
-3
-4
-3
-5
-6
-6
-6
-6
-5
-7
-4
-1
-5
0
3
6
9
7
8
12
13
9
13
13
13
14
9
10
12
11
10
5
8
9
9
10
10
13
9
10
12
8
10
6
9
10
7
8
7
8
4
2
2
0
0
2
1
-1
4
0
-1
-2
-1
-2
-7
-3
-4
-9
-10
-9
-8
-12
-13
-12
-11
-12
-16
-14
-15
-18
-16
-12
-13
-15
-13
-11
-14
-12
-12
-9
-9
-13
-8
-12
-16
-11
-12
-16
-16
-14
-14
-17
-19
-17
-18
-18
-18
-20
-19
-19
-21
-18
-21
-21
-17
-16
-20
-19
-20
-23
-24
-21
-25
-27
-23
-28
-25
-24
-23
-26
-26
-24
-27
-22
-24
-20
-17
-25
-22
-22
-24
-22
-22
-23
-19
-12
-14
-16
-11
-15
-15
-13
-13
-15
-18
-15
-12
-13
-14
-11
-13
-11
-7
-5
-3
1
-3
0
1
-2
1
3
4
1
3
0
3
7
6
3
4
9
9
8
4
5
7
5
6
4
8
8
5
12
11
12
14
11
11
12
14
11
9
9
6
7
7
7
8
4
6
3
3
5
3
-2
-4
-6
-3
-3
-4
-6
-17
-21
-21
-18
-21
-26
-30
-30
-28
-31
-28
-28
-30
-33
-31
-34
-34
-34
-32
-29
-32
-34
-38
-39
-40
-43
-42
-41
-43
-47
-44
-44
-38
-34
-34
-34
-37
-31
-29
-25
-26
-23
-28
-27
-25
-31
-36
-41
-50
-59
-61
-63
-67
-68
-62
-57
-49
-37
-25
-14
-12
-5
11
26
40
52
53
49
48
56
61
61
58
54
50
50
56
50
35
34
39
32
28
24
24
20
21
21
21
21
16
15
15
10
6
6
-2
-5
-3
-1
-7
-8
-8
-8
-10
-16
-10
-14
-11
-9
-6
-7
-13
-12
-12
-14
-9
-1
-5
-8
-10
-7
-15
-15
-9
-15
-18
-13
-12
-15
-13
-11
-9
-12
-15
-5
-7
-15
-13
-9
-13
-15
-11
-11
-10
-15
-8
-6
-7
-10
-11
-9
-16
-16
-15
-18
-25
-25
-23
-26
-30
-31
-32
-33
-35
-34
-42
-47
-44
-42
-46
-53
-47
-51
-57
-56
-55
-64
-61
-54
-54
-55
-53
-51
-58
-63
-63
-71
-80
-83
-83
-78
-68
-62
-46
-32
-24
-24
-19
-3
21
39
54
55
54
52
63
73
80
82
80
78
79
80
75
64
57
56
60
58
56
52
38
37
34
37
33
31
32
30
29
25
14
6
2
-1
4
-7
-9
-11
-14
-22
-18
-27
-34
-29
-22
-21
-36
-38
-33
-32
-31
-26
-29
-32
-31
-23
-21
-34
-34
-31
-25
-22
-20
-16
-25
-24
-16
-10
-16
-14
-7
-7
-6
-1
-1
-3
-1
10
14
9
7
6
14
11
13
13
9
6
7
8
0
-8
-8
-7
-12
-17
-21
-28
-31
-32
-31
-34
-41
-40
-38
-43
-47
-52
-54
-58
-59
-56
-60
-70
-77
-76
-80
-79
-80
-83
-82
-79
-77
-77
-81
-81
-79
-78
-83
-91
-98
-103
-106
-105
-95
-84
-75
-58
-37
-17
-19
-26
-6
21
50
71
77
69
61
68
88
94
92
87
81
80
86
82
69
59
59
63
63
64
58
52
47
49
49
44
42
43
48
49
40
27
13
6
9
7
2
-5
-11
-21
-24
-25
-34
-50
-50
-39
-33
-38
-48
-55
-60
-59
-52
-43
-44
-45
-35
-33
-49
-47
-38
-40
-39
-26
-22
-29
-30
-20
-14
-18
-13
-6
-7
-3
-1
4
-1
0
6
5
8
10
15
12
12
11
13
12
16
15
9
8
3
4
0
-1
-3
-10
-20
-27
-31
-36
-40
-46
-50
-55
-59
-55
-61
-74
-77
-78
-81
-84
-92
-97
-104
-105
-101
-108
-108
-101
-97
-95
-100
-93
-88
-88
-85
-81
-90
-104
-110
-111
-113
-123
-116
-113
-102
-90
-58
-28
-26
-34
-27
3
37
69
86
83
67
73
98
111
113
113
109
104
108
118
105
89
83
82
85
87
88
79
76
70
71
66
56
58
62
64
54
47
26
15
14
18
13
1
-3
-10
-15
-19
-24
-41
-50
-43
-27
-34
-47
-53
-60
-67
-58
-46
-47
-56
-45
-41
-43
-40
-36
-30
-34
-28
-18
-15
-21
-13
-2
-7
-2
4
3
7
10
12
13
10
4
17
18
18
23
17
14
18
19
17
15
12
13
9
10
6
1
-1
-8
-10
-16
-24
-32
-35
-44
-53
-59
-59
-64
-66
-69
-76
-83
-84
-93
-99
-104
-105
-101
-99
-103
-107
-115
-113
-110
-104
-101
-106
-110
-111
-106
-113
-111
-123
-132
-137
-140
-138
-149
-146
-133
-121
-100
-66
-39
-44
-52
-37
-3
35
68
87
79
67
77
95
104
107
105
97
98
106
110
96
79
76
75
74
80
77
67
61
71
72
60
54
50
50
58
57
36
13
8
8
11
5
-4
-8
-17
-16
-14
-23
-43
-54
-44
-30
-38
-52
-57
-62
-65
-60
-47
-48
-54
-44
-36
-38
-35
-23
-18
-20
-11
4
0
-5
7
19
15
17
22
26
25
28
38
29
26
37
40
40
38
40
37
32
44
41
37
40
40
35
28
28
21
15
9
5
-1
-7
-17
-14
-22
-32
-40
-44
-50
-58
-62
-68
-74
-89
-87
-83
-92
-96
-98
-104
-108
-111
-108
-114
-117
-110
-106
-112
-116
-111
-108
-107
-106
-116
-126
-134
-143
-144
-158
-163
-148
-136
-122
-82
-44
-43
-61
-53
-12
35
70
91
83
73
78
102
118
118
109
104
108
121
128
108
84
75
80
83
86
86
76
69
74
68
58
49
51
58
66
65
45
25
9
11
15
11
-5
-14
-18
-20
-17
-23
-47
-61
-47
-32
-34
-54
-62
-67
-80
-76
-59
-58
-71
-55
-33
-34
-40
-39
-38
-33
-17
5
15
5
6
19
20
18
25
29
26
33
43
43
38
37
43
49
54
56
63
63
67
68
64
64
58
66
60
54
46
38
31
24
20
14
11
-1
0
-9
-22
-31
-36
-48
-55
-54
-59
-63
-67
-69
-77
-84
-86
-87
-95
-95
-96
-108
-116
-115
-109
-114
-122
-117
-110
-114
-107
-104
-114
-124
-133
-128
-133
-146
-148
-139
-128
-114
-77
-33
-20
-35
-38
-2
39
77
107
111
94
91
117
133
137
131
125
123
135
148
142
118
101
96
92
96
97
92
78
76
84
75
55
47
53
56
56
48
32
1
0
14
5
-10
-18
-18
-26
-25
-23
-40
-66
-65
-43
-39
-57
-68
-73
-84
-84
-72
-64
-76
-77
-56
-42
-44
-44
-42
-40
-35
-1
19
14
9
16
26
32
41
42
47
46
55
66
58
48
52
60
62
65
66
65
65
69
72
73
65
56
53
51
51
44
30
20
16
15
13
-3
-10
-16
-24
-34
-37
-47
-64
-63
-61
-66
-79
-77
-79
-91
-98
-99
-107
-114
-111
-113
-127
-130
-122
-113
-114
-110
-104
-108
-110
-109
-106
-122
-138
-142
-151
-161
-158
-140
-125
-110
-73
-31
-29
-47
-35
9
60
99
121
116
100
102
134
155
150
136
127
136
149
156
148
119
96
94
105
108
97
84
80
84
88
83
63
51
50
64
64
51
32
6
3
14
11
-13
-25
-31
-30
-24
-28
-54
-78
-71
-48
-48
-67
-76
-82
-86
-84
-76
-77
-90
-89
-70
-54
-53
-53
-49
-47
-32
-6
3
0
0
12
30
38
38
40
37
34
43
58
49
44
40
54
56
62
57
66
91
112
120
96
87
74
71
65
54
35
1
-16
-13
-20
-42
-58
-64
-76
-79
-74
-76
-92
-103
-96
-91
-88
-87
-94
-113
-122
-118
-114
-131
-153
-168
-166
-162
-160
-165
-175
-175
-162
-154
-149
-165
-171
-168
-154
-145
-154
-156
-109
1
105
134
95
67
85
146
189
206
221
249
270
257
210
118
41
55
126
146
78
30
43
65
59
26
-1
-9
36
115
162
134
75
44
62
85
80
67
65
69
55
22
-13
-64
-120
-126
-91
-68
-89
-102
-85
-89
-128
-141
-105
-78
-75
-55
-16
-13
-51
-62
-43
-30
-25
5
33
30
26
23
22
22
28
54
71
76
77
76
68
58
53
44
52
71
73
49
45
61
69
69
74
81
61
59
79
79
54
36
34
22
-7
-21
-41
-72
-87
-93
-105
-122
-135
-135
-136
-143
-145
-152
-157
-147
-126
-114
-127
-128
-119
-120
-125
-137
-141
-144
-156
-153
-161
-178
-185
-178
-157
-147
-149
-150
-143
-144
-161
-177
-175
-163
-151
-132
-47
107
238
233
120
87
166
243
207
164
220
291
266
160
65
-24
-95
-80
2
48
-8
-58
-24
34
48
11
14
59
126
198
235
224
153
76
61
82
69
15
-11
-14
-44
-87
-115
-163
-231
-231
-131
-60
-78
-80
-16
21
-17
-33
21
69
56
47
93
106
33
-47
-56
-30
-44
-59
-44
-14
-12
-39
-46
-22
25
37
50
87
127
144
145
159
151
122
121
132
118
77
49
62
74
57
31
6
-13
-4
14
17
19
21
26
19
9
7
-3
-16
-35
-35
-43
-54
-95
-130
-136
-140
-156
-175
-182
-172
-151
-139
-141
-155
-147
-137
-140
-152
-139
-106
-111
-147
-166
-169
-155
-156
-146
-132
-121
-129
-151
-180
-207
-204
-199
-194
-183
-133
-13
178
298
237
109
113
215
229
161
158
266
312
212
91
25
-67
-182
-177
-25
56
-41
-99
8
134
93
2
40
154
211
215
257
287
188
45
5
41
14
-75
-114
-102
-102
-144
-183
-222
-257
-229
-128
-42
-11
21
95
121
71
57
103
111
61
66
117
106
-11
-106
-91
-69
-115
-167
-126
-60
-70
-112
-89
-7
19
70
224
332
336
257
242
276
259
178
109
129
125
63
-13
-73
-112
-145
-128
-86
-42
-33
-19
51
121
146
115
91
108
146
145
89
38
-1
-47
-121
-176
-208
-222
-241
-258
-234
-216
-216
-209
-163
-107
-70
-63
-43
-11
-15
-38
-55
-72
-105
-136
-144
-173
-197
-230
-239
-238
-237
-242
-264
-235
-219
-201
-167
-83
111
311
370
269
228
283
266
164
100
165
222
164
65
29
-36
-223
-332
-210
-40
-44
-109
-17
165
208
103
83
184
230
202
257
346
303
136
10
-2
-36
-154
-217
-176
-157
-205
-222
-198
-228
-271
-214
-84
-8
23
87
186
186
105
92
117
72
-25
-16
38
-7
-145
-201
-159
-182
-278
-287
-177
-106
-122
-112
-17
55
35
56
285
435
364
312
320
318
221
93
54
95
58
-60
-44
-34
-123
-212
-189
-97
-36
-22
17
150
233
213
181
188
176
149
123
92
66
0
-100
-170
-213
-276
-313
-297
-282
-255
-214
-190
-160
-104
-72
-34
12
13
30
63
34
-24
-71
-123
-170
-195
-233
-259
-264
-275
-270
-247
-253
-279
-266
-229
-194
-126
-24
175
400
461
358
284
320
273
159
85
135
232
191
87
31
-38
-218
-328
-215
-53
-12
-41
66
259
311
195
150
220
245
222
263
353
318
146
17
-12
-77
-227
-289
-234
-198
-219
-201
-160
-195
-246
-196
-55
13
21
102
233
242
127
85
118
50
-83
-111
-33
-57
-196
-246
-177
-186
-299
-315
-196
-98
-96
-76
38
124
107
118
292
439
374
310
321
310
198
66
29
26
-11
-97
-79
-45
-121
-170
-130
-51
-28
-13
54
172
232
218
214
214
162
103
87
55
-4
-69
-133
-178
-239
-296
-322
-297
-295
-281
-220
-162
-124
-78
-34
-14
6
-13
-6
30
14
-50
-101
-141
-192
-225
-259
-276
-267
-251
-219
-188
-203
-229
-221
-193
-182
-129
16
253
466
478
365
310
315
241
107
48
115
201
190
128
74
-38
-218
-291
-178
-45
-17
-4
129
303
343
251
200
205
196
201
265
312
264
142
48
-6
-111
-236
-281
-265
-250
-213
-139
-109
-149
-171
-97
-4
10
23
142
253
227
153
157
152
18
-119
-122
-58
-102
-207
-201
-120
-143
-248
-254
-156
-92
-75
-16
92
158
156
187
348
439
363
327
319
272
171
84
15
-20
-50
-100
-60
-63
-133
-135
-84
-36
-15
20
80
174
234
242
240
203
130
83
65
3
-71
-116
-162
-213
-264
-311
-313
-298
-312
-288
-196
-143
-125
-74
-15
19
14
-29
-33
3
-27
-81
-113
-150
-185
-227
-281
-302
-289
-277
-228
-158
-147
-166
-170
-166
-166
-147
-73
142
414
501
390
298
307
257
102
-20
17
154
195
154
130
64
-102
-236
-190
-64
-11
-20
82
302
408
330
220
190
174
151
172
237
255
176
84
31
-55
-183
-269
-294
-289
-236
-136
-65
-83
-115
-62
18
7
-37
69
212
209
133
141
176
70
-110
-160
-101
-121
-224
-229
-117
-86
-169
-200
-149
-79
-22
47
175
277
292
286
317
312
255
209
176
145
120
89
40
-23
-88
-120
-103
-84
-56
11
75
111
137
161
159
146
137
146
147
102
51
24
-13
-96
-160
-187
-208
-232
-237
-212
-185
-171
-177
-152
-112
-93
-77
-40
-20
-22
-30
-64
-116
-145
-161
-183
-207
-230
-216
-191
-197
-240
-226
-172
-147
-125
-111
-113
-117
-119
-158
-158
-123
-36
170
360
369
237
184
195
155
41
-46
29
173
212
165
121
36
-93
-165
-123
-47
-25
-31
75
284
359
259
161
145
150
130
124
178
211
147
45
6
-27
-137
-249
-279
-233
-161
-95
-71
-58
-49
-20
8
-5
-2
70
154
151
124
140
115
9
-123
-158
-120
-137
-208
-196
-85
-41
-96
-147
-107
-30
-16
-13
84
232
291
298
353
386
319
214
162
165
160
103
60
65
39
-32
-74
-73
-62
-43
1
70
130
149
163
203
207
164
131
120
105
84
41
-10
-65
-135
-198
-228
-243
-253
-243
-209
-175
-144
-115
-96
-73
-64
-63
-32
-14
-22
-41
-64
-91
-139
-189
-214
-227
-238
-252
-247
-194
-151
-134
-171
-195
-183
-174
-160
-140
29
296
466
414
266
278
304
196
4
-53
97
198
148
60
64
25
-147
-252
-157
-8
3
-22
122
358
414
258
146
177
207
163
139
188
212
130
22
-29
-79
-195
-284
-292
-241
-178
-126
-103
-84
-42
14
35
13
27
94
159
136
117
150
135
0
-130
-143
-122
-167
-254
-216
-95
-52
-126
-166
-81
11
28
38
173
331
344
283
291
322
277
174
101
102
111
62
9
-3
-28
-87
-104
-43
28
64
71
119
190
220
182
148
159
153
119
86
67
35
-28
-96
-133
-151
-188
-210
-189
-156
-124
-120
-121
-106
-75
-37
-21
-32
-29
-10
-15
-72
-145
-164
-149
-177
-225
-228
-184
-169
-198
-209
-172
-128
-113
-86
-43
-44
-99
-133
-134
-116
-77
68
301
413
301
160
174
201
99
-40
-19
156
271
220
136
119
44
-114
-177
-78
18
7
23
182
363
331
152
75
121
151
115
128
193
203
120
18
-37
-91
-176
-245
-250
-180
-85
-36
-62
-88
-49
20
5
-52
-15
118
163
98
72
125
101
-68
-184
-146
-87
-158
-232
-161
-36
-42
-137
-154
-66
-8
-22
23
212
386
375
315
310
311
244
142
96
110
150
140
97
46
-25
-96
-113
-75
-25
28
73
122
185
242
232
166
118
107
122
113
74
41
9
-42
-126
-188
-222
-231
-233
-218
-171
-139
-137
-125
-92
-62
-49
-67
-67
-26
-16
-59
-118
-136
-149
-179
-216
-231
-195
-167
-175
-187
-154
-146
-184
-201
-198
-162
-125
-76
94
346
463
329
201
253
337
257
58
36
220
329
209
49
25
2
-133
-217
-102
46
51
2
112
309
338
192
95
160
247
253
239
250
227
130
24
-31
-86
-171
-242
-247
-190
-131
-123
-155
-167
-110
-17
22
21
75
168
177
118
122
164
121
-31
-112
-74
-53
-137
-226
-173
-89
-105
-192
-198
-106
-27
-6
47
218
364
371
335
342
349
303
227
168
149
140
113
75
22
-54
-118
-119
-71
-7
34
57
90
150
203
199
159
143
156
160
135
101
56
-9
-93
-143
-178
-209
-233
-226
-186
-160
-166
-184
-166
-128
-88
-59
-49
-26
0
-13
-68
-123
-149
-166
-193
-220
-224
-181
-162
-192
-210
-187
-177
-213
-237
-216
-143
-88
-20
171
392
431
257
146
228
320
233
79
102
251
295
160
41
17
-48
-163
-177
-25
83
45
29
159
309
282
146
109
197
261
263
283
295
223
87
-7
-28
-67
-147
-197
-180
-125
-94
-122
-179
-218
-173
-75
-3
49
124
204
189
117
102
116
57
-64
-92
-2
42
-66
-194
-180
-122
-161
-255
-242
-121
-21
29
108
241
299
266
233
281
338
309
255
236
249
219
126
37
-38
-83
-95
-60
8
37
46
71
108
134
122
106
128
174
188
161
131
100
49
-31
-107
-132
-141
-173
-199
-179
-136
-139
-187
-212
-185
-128
-88
-76
-53
-20
3
-37
-103
-136
-140
-151
-188
-212
-193
-177
-206
-229
-205
-182
-222
-284
-278
-205
-144
-91
61
305
425
299
138
175
306
291
146
109
239
329
230
64
-11
-55
-138
-177
-75
56
70
22
68
211
263
178
102
156
259
307
315
302
242
124
22
-8
-17
-57
-126
-172
-154
-116
-130
-217
-296
-258
-132
-33
8
65
146
148
70
54
131
124
-17
-102
-15
89
16
-159
-221
-168
-160
-230
-248
-175
-98
-63
-5
132
233
225
200
249
332
353
310
262
230
215
191
138
48
-46
-93
-70
-27
-18
-30
-13
25
71
127
142
128
131
158
173
150
105
61
20
-28
-77
-106
-121
-166
-202
-195
-175
-199
-233
-215
-153
-101
-82
-85
-60
-21
-37
-96
-129
-118
-113
-144
-184
-194
-178
-178
-213
-227
-215
-219
-270
-302
-260
-174
-80
71
282
401
290
119
140
300
349
216
128
226
346
267
76
-34
-72
-134
-170
-63
96
107
-8
-18
128
231
172
83
139
266
332
328
316
264
114
-14
-4
59
48
-52
-139
-145
-124
-138
-218
-285
-268
-160
-50
17
58
66
27
-31
17
142
181
71
-38
-9
64
7
-141
-212
-179
-132
-137
-136
-88
-36
-30
-21
45
114
128
128
183
268
311
271
197
141
115
103
105
93
60
38
40
43
22
-5
-16
14
65
114
143
128
101
89
80
41
1
-18
-29
-40
-60
-74
-105
-148
-180
-161
-126
-124
-148
-148
-110
-86
-92
-110
-110
-80
-56
-69
-112
-145
-164
-176
-205
-243
-240
-213
-193
-185
-162
-140
-157
-211
-231
-188
-157
-148
-67
173
395
373
146
31
154
271
215
118
159
262
257
144
65
36
-60
-165
-120
61
157
76
-18
21
124
161
141
136
174
216
258
299
270
162
49
-7
8
44
42
-26
-140
-210
-172
-117
-151
-233
-229
-128
-44
1
28
17
-52
-73
38
163
139
4
-65
-23
-1
-68
-123
-112
-100
-136
-146
-75
-10
-37
-106
-54
107
191
153
119
146
180
199
191
169
141
128
142
152
123
59
12
13
33
48
53
57
64
79
93
99
101
83
58
31
21
36
17
-38
-89
-108
-96
-110
-131
-128
-119
-122
-141
-147
-128
-107
-100
-106
-86
-44
-38
-94
-159
-169
-148
-166
-230
-261
-226
-178
-175
-209
-224
-223
-237
-245
-238
-201
-148
-56
131
303
279
86
2
142
325
339
225
176
208
200
108
33
5
-51
-114
-76
53
103
-4
-105
-59
80
161
180
201
208
194
195
242
264
188
64
24
87
136
63
-85
-212
-237
-170
-115
-125
-175
-194
-168
-119
-68
-8
3
-64
-72
64
205
160
-35
-143
-87
2
0
-52
-60
-72
-118
-159
-139
-109
-143
-192
-113
95
232
199
82
33
93
193
252
241
193
158
176
189
148
67
-13
-37
16
80
102
59
-2
-17
28
101
127
106
77
60
75
98
72
-19
-101
-112
-74
-54
-88
-147
-187
-189
-178
-162
-149
-153
-169
-160
-104
-32
-23
-89
-148
-158
-124
-101
-138
-199
-222
-204
-203
-232
-248
-244
-263
-288
-269
-214
-167
-135
-19
178
277
136
-37
36
295
423
309
186
198
206
117
36
57
65
-31
-122
-42
95
59
-109
-155
-5
143
177
157
159
156
141
180
255
243
133
42
57
118
127
37
-102
-198
-192
-118
-88
-141
-198
-208
-190
-157
-88
-24
-66
-137
-75
87
142
8
-130
-111
-11
34
14
-11
-41
-122
-194
-181
-88
-16
-25
-46
-17
35
43
49
70
108
132
160
176
139
88
79
108
113
88
82
84
74
50
49
77
87
74
58
70
87
89
86
60
24
-5
-24
-46
-67
-77
-81
-91
-106
-118
-121
-139
-175
-181
-145
-97
-74
-90
-116
-115
-91
-84
-96
-116
-124
-132
-163
-196
-192
-177
-188
-226
-246
-222
-192
-218
-268
-248
-199
-178
-171
-79
120
241
136
-52
-12
251
404
324
180
159
178
139
109
137
145
40
-82
-73
30
39
-58
-94
10
115
132
114
100
93
109
188
279
271
157
46
25
63
118
136
67
-73
-167
-140
-72
-88
-158
-179
-156
-123
-77
-41
-82
-158
-141
-4
81
23
-92
-130
-86
-39
-17
3
-5
-91
-186
-172
-69
-13
-73
-154
-91
50
94
33
11
48
95
156
200
163
84
43
87
143
166
124
36
5
20
47
68
65
71
70
80
101
112
90
33
5
36
84
55
-36
-101
-101
-74
-73
-92
-124
-158
-195
-208
-176
-134
-118
-128
-143
-105
-47
-43
-118
-172
-125
-60
-64
-141
-218
-232
-208
-190
-195
-206
-238
-280
-290
-249
-207
-202
-191
-110
45
161
99
-46
-19
228
420
364
196
125
151
183
204
229
220
93
-69
-101
21
113
61
-28
-17
58
100
87
81
85
110
172
228
216
121
26
17
97
170
176
75
-70
-146
-106
-20
-5
-69
-140
-173
-165
-103
-34
-49
-133
-147
-47
10
-51
-135
-123
-51
-16
-30
-40
-52
-94
-137
-106
-10
39
-41
-115
-37
79
85
34
32
80
123
135
116
79
54
69
112
138
112
35
-16
-2
56
95
99
68
44
52
87
124
135
104
45
8
26
34
-4
-71
-100
-75
-63
-82
-127
-149
-163
-176
-162
-136
-125
-140
-157
-145
-90
-59
-95
-148
-150
-87
-58
-105
-171
-197
-173
-154
-168
-203
-214
-209
-205
-197
-186
-196
-237
-264
-217
-99
70
160
44
-129
-76
199
412
359
163
75
130
208
244
270
258
137
-22
-32
121
187
76
-39
0
115
127
59
28
61
106
128
139
132
94
37
46
123
189
167
39
-92
-97
27
114
45
-96
-168
-141
-92
-47
-15
-44
-123
-170
-104
-14
-35
-118
-140
-74
-26
-36
-69
-93
-103
-102
-59
16
52
1
-66
-34
61
112
96
70
56
51
78
132
143
92
45
53
91
99
76
61
74
86
89
92
105
108
106
125
158
151
90
28
20
50
63
36
-14
-44
-54
-67
-72
-64
-74
-102
-129
-136
-117
-105
-108
-122
-135
-131
-115
-114
-121
-114
-103
-113
-152
-177
-177
-157
-156
-162
-170
-191
-200
-190
-173
-172
-194
-214
-205
-196
-209
-202
-134
-4
85
30
-103
-106
115
349
348
165
50
100
205
262
276
249
141
8
-10
134
245
165
17
-19
53
78
43
37
70
71
38
49
91
79
24
8
71
127
101
2
-89
-71
19
64
7
-91
-122
-91
-52
-18
4
-42
-157
-211
-114
13
-1
-108
-171
-148
-101
-72
-69
-86
-104
-95
-47
8
32
-9
-52
-2
102
137
100
66
85
111
137
157
135
85
54
74
106
112
89
62
43
65
96
105
97
86
87
93
97
91
79
52
24
31
44
39
-5
-37
-34
-24
-31
-46
-60
-89
-114
-112
-86
-81
-106
-140
-149
-127
-107
-108
-139
-166
-153
-122
-123
-147
-171
-166
-139
-134
-149
-159
-156
-149
-144
-132
-129
-160
-207
-230
-205
-155
-113
-65
-8
3
-81
-121
48
295
340
150
0
70
227
309
289
244
184
82
43
132
245
210
56
-21
22
70
56
43
68
70
22
11
41
51
36
41
66
68
25
-22
-44
-1
67
80
-12
-122
-128
-62
-11
-9
-16
-49
-135
-183
-100
12
-8
-143
-214
-160
-83
-78
-106
-112
-111
-128
-126
-69
-3
11
-34
-37
46
113
100
73
82
110
127
149
150
117
97
110
125
107
92
79
67
61
75
89
77
46
45
81
102
92
68
49
51
65
75
79
57
33
14
5
-3
-22
-37
-66
-84
-106
-116
-118
-119
-122
-142
-157
-169
-169
-160
-154
-140
-137
-157
-188
-188
-145
-110
-126
-171
-183
-148
-112
-110
-122
-128
-131
-157
-181
-171
-147
-150
-168
-154
-57
56
36
-105
-145
60
296
292
116
50
152
273
311
312
292
201
78
71
223
324
214
20
-38
49
120
104
67
44
16
-8
7
28
28
7
-10
-3
9
22
16
-8
-16
11
25
-21
-90
-90
-31
-12
-40
-75
-106
-160
-171
-84
-14
-89
-234
-263
-145
-49
-80
-135
-142
-125
-127
-115
-53
17
33
-23
-36
30
95
98
91
111
122
123
140
157
139
121
133
137
96
58
57
79
94
78
34
4
19
52
65
67
57
54
55
67
88
97
61
17
1
20
29
6
-28
-61
-70
-85
-100
-119
-135
-153
-162
-181
-181
-156
-147
-158
-184
-177
-153
-136
-148
-148
-125
-108
-118
-137
-138
-117
-102
-108
-129
-142
-128
-110
-113
-144
-157
-148
-147
-164
-157
-63
50
44
-75
-98
96
299
265
107
75
196
282
274
267
261
191
98
106
222
263
158
33
29
101
111
55
23
34
27
3
-6
10
17
14
13
2
-9
-1
21
6
-19
-10
2
-34
-81
-63
0
-7
-82
-113
-94
-98
-110
-72
-45
-113
-197
-176
-88
-68
-124
-150
-122
-90
-82
-68
-33
-6
-21
-27
11
46
58
74
120
158
136
104
116
145
142
146
148
109
52
36
100
134
87
17
7
50
89
107
102
88
55
36
49
84
96
65
19
-2
9
32
20
-34
-87
-106
-102
-118
-136
-149
-152
-158
-179
-198
-192
-183
-178
-175
-167
-147
-136
-127
-130
-132
-132
-130
-116
-113
-119
-123
-110
-93
-108
-122
-124
-103
-102
-131
-137
-119
-108
-127
-117
-84
-24
28
31
-38
-46
118
303
284
124
79
192
303
314
278
242
197
143
167
238
243
129
16
34
103
94
24
4
31
17
-35
-35
6
26
11
0
-3
-17
-21
-1
18
1
-17
-43
-93
-116
-55
3
-31
-117
-134
-94
-95
-106
-75
-40
-82
-150
-137
-70
-37
-53
-73
-79
-72
-64
-39
5
44
42
7
-21
21
85
111
102
97
85
87
133
169
137
93
99
111
99
91
108
108
84
56
55
57
59
67
73
57
45
51
50
51
51
47
18
-15
-19
-12
-19
-51
-67
-77
-99
-124
-144
-147
-144
-141
-154
-178
-186
-161
-134
-144
-169
-168
-138
-119
-133
-137
-117
-104
-115
-135
-131
-119
-100
-93
-102
-104
-91
-78
-86
-92
-75
-71
-83
-98
-97
-83
-88
-98
-74
12
79
31
-57
-4
204
312
194
50
93
245
303
242
189
187
166
133
149
184
152
84
46
63
74
43
10
19
33
11
-21
-16
-15
-18
-3
17
-7
-58
-43
13
13
-31
-50
-36
-55
-82
-44
-3
-18
-51
-54
-62
-90
-73
1
22
-73
-139
-81
7
17
-26
-52
-42
-38
-32
-4
26
24
-7
-8
32
57
51
69
123
137
97
77
109
143
138
127
120
102
67
66
102
120
89
48
30
42
64
65
46
23
8
-5
-10
4
10
3
-29
-57
-58
-51
-39
-60
-95
-120
-138
-148
-136
-128
-130
-142
-162
-172
-162
-141
-130
-143
-170
-169
-149
-130
-120
-105
-100
-109
-110
-92
-77
-71
-62
-64
-77
-99
-90
-62
-41
-49
-54
-48
-54
-76
-74
-55
-47
-62
-79
-37
32
66
13
-39
46
208
244
132
61
137
231
225
180
170
165
130
106
130
141
101
56
56
70
48
-5
-9
49
60
-1
-61
-53
-5
19
20
6
-18
-16
10
16
-17
-22
26
36
-21
-49
-7
32
25
7
6
-20
-51
-1
70
43
-45
-56
6
31
5
-12
-10
-12
-12
-6
13
21
20
24
35
45
50
62
86
102
98
94
117
134
127
113
121
133
101
73
84
97
84
49
25
17
18
34
40
15
-5
-1
6
-6
-16
-2
6
-10
-44
-39
-20
-24
-54
-73
-70
-78
-97
-108
-105
-100
-102
-125
-141
-143
-120
-95
-102
-115
-121
-110
-105
-96
-83
-74
-71
-72
-75
-74
-67
-51
-50
-70
-76
-61
-41
-40
-46
-53
-49
-51
-45
-40
-43
-54
-65
-72
-69
-66
-55
-24
14
14
-23
-24
54
130
104
36
47
123
156
143
121
109
100
117
132
106
62
61
93
99
57
11
-2
22
38
19
-13
-24
-4
16
14
25
36
23
7
12
36
40
30
33
36
22
14
23
21
24
40
24
-23
-36
15
51
9
-38
-29
2
-2
-13
-3
9
6
6
19
14
16
43
62
53
31
28
43
51
67
67
47
40
57
68
65
60
64
57
32
30
48
67
60
46
30
20
35
51
40
18
13
6
5
-7
-7
9
5
-10
-21
-22
-22
-19
-10
-11
-38
-56
-57
-45
-32
-33
-51
-71
-72
-62
-62
-67
-53
-42
-53
-80
-75
-50
-43
-49
-52
-49
-58
-57
-41
-30
-37
-55
-49
-37
-39
-41
-50
-39
-34
-49
-65
-57
-43
-54
-79
-91
-83
-75
-87
-93
-81
-55
-38
-25
-4
2
7
29
60
69
69
69
81
88
90
99
100
105
108
102
93
95
111
113
98
94
96
95
91
87
89
90
95
92
79
72
68
81
81
69
50
40
41
55
55
41
25
25
34
35
42
36
21
13
21
29
11
-17
-16
-6
-17
-34
-28
-25
-41
-53
-39
-21
-31
-46
-32
-20
-6
-2
-10
-14
-12
13
30
27
10
8
35
43
37
30
26
35
47
64
64
65
65
74
73
63
60
69
75
71
62
50
44
44
48
52
42
21
3
2
18
16
-11
-33
-34
-33
-32
-41
-45
-42
-50
-60
-61
-53
-52
-62
-62
-64
-66
-75
-72
-56
-59
-75
-83
-77
-70
-82
-93
-88
-75
-83
-99
-94
-77
-67
-72
-68
-65
-68
-72
-70
-64
-65
-82
-90
-77
-66
-53
-43
-20
9
18
21
32
63
95
108
111
107
106
116
142
153
140
124
127
132
118
113
124
117
101
88
85
77
66
59
70
72
63
59
50
57
57
54
53
34
19
16
22
17
2
-10
-10
-11
-22
-35
-34
-30
-36
-43
-33
-24
-36
-56
-50
-33
-38
-49
-46
-38
-48
-59
-54
-37
-35
-38
-40
-40
-31
-10
9
3
2
15
39
45
32
42
72
85
70
62
69
84
84
86
94
94
82
77
87
78
71
60
52
56
50
41
31
35
30
24
17
18
17
7
-2
-11
-17
-22
-26
-30
-31
-34
-34
-38
-47
-53
-61
-53
-41
-52
-68
-73
-70
-67
-67
-62
-62
-68
-74
-72
-57
-51
-49
-46
-50
-53
-47
-32
-18
-14
-8
-9
-6
2
8
21
14
4
-8
-14
-6
-7
-7
-8
-5
0
3
17
40
50
45
48
65
90
100
91
95
91
98
104
107
108
97
89
78
76
69
72
63
56
47
40
36
26
19
20
22
20
15
4
2
14
27
23
9
9
12
9
3
2
13
10
-4
-8
-3
-3
-12
-8
-2
3
-10
-15
-8
-2
-11
-12
-2
-1
-6
-17
-20
-13
-6
0
4
8
7
11
21
28
30
35
41
39
36
41
46
44
31
29
35
38
37
31
32
30
30
29
33
32
17
17
22
30
27
23
18
18
11
1
2
9
6
-3
-7
-13
-15
-18
-19
-20
-21
-34
-36
-27
-16
-20
-32
-32
-30
-26
-21
-17
-11
-14
-13
0
3
-5
-13
-8
4
3
-11
-7
-2
-1
-12
-9
-6
-8
-5
-6
-5
-3
-1
-2
5
3
5
1
-1
0
-3
-6
-16
-33
-48
-44
-36
-37
-45
-39
-21
-12
-1
4
6
16
33
48
57
55
48
52
69
80
75
64
70
85
78
71
54
55
64
65
60
52
49
42
41
49
58
45
28
24
44
49
40
34
27
23
19
21
24
28
26
25
19
12
7
1
-2
2
12
2
-20
-23
-18
-17
-24
-32
-32
-30
-35
-38
-33
-34
-38
-40
-36
-27
-23
-23
-19
-5
-1
0
0
6
15
17
12
13
17
24
29
24
24
20
17
20
32
39
36
28
30
42
38
40
36
40
42
40
47
48
42
34
38
38
36
32
29
24
18
26
23
19
4
5
8
1
2
-5
-12
-18
-20
-22
-25
-25
-23
-27
-27
-24
-28
-25
-26
-23
-21
-20
-27
-36
-35
-31
-28
-24
-32
-45
-46
-43
-36
-31
-36
-47
-51
-48
-43
-36
-44
-52
-54
-61
-59
-48
-40
-33
-28
-19
0
15
23
31
48
62
74
80
88
97
105
107
103
99
98
93
92
91
88
89
77
64
71
75
76
61
52
56
59
66
68
62
48
48
50
53
49
43
38
32
21
16
16
13
7
-8
-13
-20
-18
-25
-24
-22
-28
-35
-40
-38
-35
-35
-41
-41
-41
-46
-46
-42
-38
-43
-39
-33
-23
-9
-1
-2
-7
1
18
27
28
24
26
39
50
51
51
52
57
61
65
59
56
60
68
69
69
66
63
57
63
69
59
50
47
50
53
45
35
27
25
29
24
20
13
6
10
4
-3
-13
-19
-20
-23
-24
-30
-37
-41
-35
-41
-52
-60
-61
-56
-54
-58
-62
-63
-59
-56
-59
-58
-55
-49
-46
-42
-33
-24
-27
-26
-18
-6
1
1
5
14
18
17
10
13
20
17
23
21
17
13
14
22
20
17
19
25
25
27
38
51
49
52
62
69
76
78
77
85
90
85
79
78
82
74
75
77
69
61
60
64
64
60
57
53
50
45
49
52
44
36
34
31
26
31
21
14
7
-1
11
13
1
-13
-2
7
2
-2
-13
-8
-7
-9
-7
-12
-6
-3
-5
-13
-7
1
2
9
12
15
10
9
20
30
26
18
20
25
27
33
32
32
29
30
36
35
34
30
29
38
37
31
28
26
31
25
18
18
22
19
16
18
16
13
8
7
12
10
2
-5
-8
-2
-2
-5
-10
-13
-13
-13
-9
-15
-16
-17
-16
-15
-14
-10
-12
-14
-16
-11
-10
-16
-23
-23
-17
-14
-21
-26
-25
-15
-13
-21
-20
-14
-10
-16
-13
-9
-3
-4
-6
1
4
2
8
8
6
10
6
4
3
-3
-2
-6
-6
-1
-6
-13
-15
-20
-22
-27
-27
-21
-19
-21
-27
-25
-16
-10
-8
-1
4
9
15
25
41
43
47
50
55
63
70
72
69
70
72
72
79
81
83
76
75
71
66
64
67
70
62
56
60
62
61
55
53
53
50
45
43
42
38
34
31
27
27
29
17
12
5
5
3
-1
-4
-6
-5
-8
-13
-19
-22
-22
-15
-13
-10
-14
-19
-14
-11
-5
-4
-5
-6
-8
0
2
-3
-5
-4
4
4
1
5
9
14
15
15
20
26
27
24
29
34
34
34
33
28
29
32
30
25
18
19
21
19
15
13
9
5
12
6
8
0
-3
-2
-5
-8
-8
-6
-8
-8
-20
-20
-19
-17
-25
-32
-32
-33
-38
-39
-37
-43
-45
-47
-42
-42
-45
-47
-49
-44
-47
-45
-39
-42
-44
-37
-30
-29
-27
-27
-16
-13
-14
-11
-10
-9
-11
-8
-1
-5
-4
-1
8
10
-1
-4
-4
3
8
7
1
-4
4
11
21
16
13
12
22
28
32
35
37
53
55
60
61
64
71
71
70
71
71
70
68
59
53
51
51
49
48
44
39
41
39
38
30
28
31
21
20
21
23
22
11
5
12
15
10
5
4
3
0
-3
-7
-4
-8
-9
-12
-10
-9
-11
-10
-8
-7
-5
-6
-4
1
3
7
7
8
11
12
9
11
8
11
16
21
18
17
21
21
26
28
29
28
26
24
23
24
16
9
7
9
8
3
-4
-6
-6
-5
-10
-12
-13
-14
-14
-15
-14
-18
-22
-23
-20
-24
-25
-25
-24
-21
-21
-27
-28
-27
-29
-27
-22
-27
-30
-26
-26
-21
-23
-19
-18
-15
-13
-16
-19
-13
-11
-15
-15
-13
-10
-7
-10
-13
-11
-8
-10
-14
-12
-13
-7
-5
-8
-11
-9
-8
-8
-3
-9
-9
-6
-6
-8
-13
-14
-6
-3
-10
-14
-16
-17
-17
-13
-14
-21
-22
-20
-21
-24
-23
-16
-17
-17
-9
-9
-1
7
10
7
12
15
17
27
26
30
40
40
40
49
51
52
58
57
63
61
64
67
66
65
57
61
66
62
58
57
58
53
50
47
46
46
44
41
38
33
33
36
37
42
36
27
32
34
25
21
16
15
12
6
2
-4
-10
-6
-4
2
3
-3
-5
-10
-12
-9
-11
-12
-13
-16
-13
-16
-14
-13
-18
-24
-32
-27
-28
-28
-27
-27
-23
-29
-25
-24
-18
-18
-17
-13
-13
-8
-9
-7
-7
-8
-8
-2
-3
-10
-7
-4
-2
-1
0
-1
-5
-2
-3
-3
-4
-2
-5
-15
-9
-7
-9
-13
-18
-18
-16
-22
-24
-21
-29
-27
-30
-30
-31
-32
-31
-34
-35
-37
-40
-38
-36
-39
-36
-38
-38
-36
-35
-40
-40
-42
-42
-41
-38
-33
-39
-37
-34
-32
-31
-32
-28
-24
-22
-25
-25
-19
-17
-17
-16
-10
-7
-7
-8
-5
-2
2
7
8
8
12
19
24
21
19
28
35
35
34
36
41
44
43
41
41
45
45
39
39
43
44
45
42
42
41
41
47
40
41
39
37
33
28
38
34
34
27
26
21
15
17
8
9
7
1
-3
-1
-6
-13
-12
-14
-13
-16
-17
-19
-17
-18
-23
-21
-19
-17
-22
-20
-21
-21
-20
-17
-15
-16
-16
-16
-16
-10
-5
-5
-2
-4
-3
-3
-5
-6
-8
-9
-13
-15
-13
-15
-20
-23
-22
-23
-23
-23
-28
-34
-34
-33
-35
-31
-32
-35
-33
-38
-33
-38
-40
-38
-34
-37
-33
-35
-42
-35
-33
-35
-43
-44
-41
-41
-47
-44
-42
-42
-43
-41
-39
-40
-35
-33
-34
-36
-38
-40
-42
-40
-30
-29
-26
-23
-25
-18
-19
-24
-19
-18
-15
-15
-14
-10
-15
-16
-13
-9
-10
-18
-15
-10
-10
-15
-21
-26
-14
-6
-12
-15
-15
-12
-8
-6
-9
-9
-12
-8
-5
-1
2
-3
3
3
6
14
10
9
9
10
14
13
17
14
19
27
27
31
26
29
29
27
28
28
25
26
29
33
34
28
31
31
26
24
29
26
20
18
20
14
12
7
5
7
2
1
3
4
0
2
3
9
6
4
8
13
12
5
2
2
3
4
2
-5
-1
-2
-5
-9
-14
-11
-12
-10
-19
-20
-15
-16
-15
-7
-7
-11
-15
-13
-9
-10
-10
-16
-19
-21
-19
-23
-32
-34
-34
-32
-34
-35
-36
-38
-34
-26
-25
-25
-24
-19
-20
-23
-20
-20
-17
-19
-21
-16
-13
-14
-17
-19
-17
-16
-15
-17
-15
-12
-14
-15
-10
-12
-9
-10
-11
-13
-12
-10
-16
-13
-17
-16
-18
-18
-15
-13
-13
-19
-13
-12
-13
-14
-14
-16
-18
-13
-14
-16
-16
-19
-16
-21
-10
2
13
18
13
13
15
23
23
24
28
30
25
21
15
4
5
11
18
14
6
5
6
14
16
13
13
16
22
18
16
17
21
18
23
20
15
10
10
12
12
12
8
13
14
11
9
10
9
12
10
2
0
-1
-1
-5
-4
-3
-3
-7
-3
-2
-4
1
3
6
4
-3
-2
4
3
7
5
6
6
2
-1
5
0
1
2
2
5
-1
3
4
8
10
14
10
12
15
14
15
15
18
16
16
13
13
11
13
17
15
17
16
11
10
6
6
4
5
4
4
2
-1
-3
-7
-8
-11
-7
-4
-3
-3
-1
4
-2
-5
-14
-14
-13
-14
-12
-16
-16
-17
-25
-26
-25
-23
-27
-29
-24
-23
-25
-28
-24
-21
-20
-18
-20
-19
-18
-21
-14
-11
-5
-3
-6
-1
0
0
4
3
7
8
8
7
2
9
13
20
19
17
15
12
15
12
17
17
18
22
18
20
18
21
20
19
19
18
18
21
19
16
20
18
20
21
19
15
20
18
20
19
21
23
18
10
14
18
16
14
15
13
5
11
11
11
12
14
15
15
13
8
12
13
14
11
10
12
15
21
23
20
15
17
15
15
15
16
19
15
15
15
14
15
17
21
20
20
20
29
20
23
25
18
21
20
24
23
22
18
17
11
9
9
8
12
7
5
8
10
10
6
4
5
3
4
4
1
6
1
-3
-5
-6
-1
-8
-7
-3
-2
-9
-9
-5
-9
-8
-13
-10
-14
-19
-19
-16
-18
-21
-19
-18
-20
-20
-20
-20
-18
-19
-15
-18
-20
-14
-15
-10
-11
-13
-11
-10
-11
-5
-6
-9
-9
-9
-8
-4
-7
-5
-2
0
-4
-5
-7
-4
0
-1
2
-2
-6
-3
-1
-7
-4
-4
-5
1
-1
0
-1
-5
-3
3
5
1
-1
-4
2
-3
0
1
2
-1
-4
-3
-4
-2
-4
-1
-3
-4
-5
-1
1
-3
-2
-2
-3
1
2
1
7
7
3
3
9
13
11
13
18
17
16
18
16
17
15
23
20
21
17
20
24
15
19
14
20
17
14
16
17
16
16
19
22
16
17
20
18
18
14
15
17
15
15
14
19
15
7
10
10
13
9
6
6
6
9
8
3
5
5
2
5
7
6
5
5
7
3
2
3
3
1
-1
-5
-3
-3
-4
-6
-6
-5
-5
-5
-3
-4
-8
-6
-6
-3
-5
-11
-15
-14
-14
-15
-15
-16
-17
-21
-21
-22
-23
-14
-13
-18
-22
-19
-19
-21
-21
-17
-14
-15
-14
-11
-10
-8
-10
-4
-6
-2
-4
-7
-3
-7
-4
-1
-1
0
5
2
3
4
-4
1
6
4
3
8
5
4
5
7
7
6
7
10
7
6
11
7
7
4
7
6
2
3
1
3
2
3
4
1
9
11
9
11
13
16
9
9
13
11
16
13
14
15
20
18
14
18
20
19
16
13
9
8
11
15
14
10
11
13
15
17
20
19
21
17
16
16
14
18
17
14
16
14
14
14
14
9
6
6
9
6
8
7
8
7
4
2
4
0
-1
-2
-5
-6
-1
3
-3
-2
1
3
3
4
3
2
4
-1
2
4
5
4
1
7
4
7
5
6
8
6
11
4
6
5
3
4
4
0
-7
-5
-4
-4
-4
-7
-10
-9
-7
-6
-10
-12
-12
-13
-12
-17
-7
-10
-4
-7
-11
-11
-13
-9
-15
-13
-12
-12
-7
-11
-12
-7
-8
-6
-8
-3
-2
-2
-5
-6
-7
-8
-6
-5
-3
-8
-1
-2
-4
-1
0
-1
-2
0
4
5
4
8
7
9
11
12
11
13
13
13
17
17
21
23
27
26
21
18
20
19
19
24
23
25
23
22
25
19
24
25
23
23
24
25
26
25
24
25
25
26
28
25
26
30
25
27
24
22
21
19
16
12
15
15
16
12
8
11
12
16
16
10
7
12
12
14
9
11
12
2
3
3
1
-3
1
2
4
5
-1
3
-1
1
5
6
3
5
5
8
10
6
10
7
13
14
15
18
19
15
12
14
14
20
16
17
11
10
20
15
14
12
12
11
13
5
2
8
8
5
6
7
9
12
8
7
7
7
7
6
4
5
1
1
-1
0
3
0
-1
2
-1
-1
4
2
6
8
4
0
3
7
3
3
4
4
4
8
8
14
13
9
12
14
19
16
15
16
16
15
16
24
19
17
18
19
22
21
20
24
21
18
25
22
21
21
22
16
19
17
22
23
24
28
28
29
22
27
27
23
22
21
24
25
27
22
24
27
26
23
30
29
27
25
26
27
28
29
24
26
23
22
23
21
16
13
14
14
16
12
14
13
11
8
14
8
4
6
6
6
3
8
3
8
4
9
6
7
7
5
8
5
9
7
8
3
2
-1
6
8
5
3
4
5
3
8
9
12
12
12
12
13
13
16
14
17
14
13
20
26
22
20
19
22
20
22
20
21
23
19
21
20
23
22
15
17
19
15
18
15
13
16
20
15
10
11
10
8
8
9
13
12
12
9
10
11
10
10
10
15
7
9
12
14
15
14
13
17
18
24
23
20
23
20
24
18
22
23
18
20
19
19
21
19
22
24
26
26
24
28
22
24
24
27
30
25
26
28
29
25
25
23
27
28
23
28
25
19
21
24
23
26
22
24
26
30
28
24
28
28
24
26
31
29
28
27
26
27
26
28
27
26
28
28
26
24
26
16
14
16
16
17
16
16
16
14
15
16
12
8
12
9
7
8
5
3
4
3
0
0
-1
2
1
2
6
6
11
5
5
6
13
13
14
17
15
21
19
19
22
25
21
22
23
22
20
26
22
22
24
28
28
23
17
15
18
16
17
18
18
17
12
12
15
10
7
9
3
7
7
6
3
2
5
5
6
6
5
2
8
7
5
-3
-2
-3
2
2
-1
-1
-2
-1
0
-2
-2
1
-1
1
5
8
7
12
9
11
11
14
17
18
23
20
22
21
20
22
22
22
24
23
25
29
29
23
24
24
30
30
31
29
25
28
29
27
29
28
24
24
25
25
24
26
26
23
25
26
26
29
25
23
19
22
24
23
23
20
21
22
22
20
17
21
18
19
19
20
20
19
19
21
14
14
18
17
18
18
18
13
17
17
16
16
16
21
18
17
15
17
18
14
17
19
18
18
21
18
21
21
20
20
19
19
21
22
25
26
24
25
21
17
18
26
28
25
28
28
24
23
28
24
20
13
17
13
13
11
3
11
11
11
14
13
12
6
6
7
3
3
5
4
3
6
8
8
5
7
8
9
10
7
6
9
7
4
5
7
4
9
8
5
5
4
12
13
12
9
8
12
14
20
21
19
19
21
23
19
21
21
24
21
20
25
24
21
20
22
22
23
22
18
16
19
17
15
15
10
12
12
10
7
12
12
10
11
10
9
5
8
14
14
14
11
14
11
12
10
4
16
14
8
6
13
12
15
15
19
19
18
18
18
18
13
18
18
19
18
19
18
21
18
21
22
19
20
24
27
23
21
23
24
23
23
20
21
17
17
14
13
14
13
14
10
11
11
9
12
10
8
4
10
8
3
5
3
1
1
-4
-3
0
3
-1
0
2
-2
-2
0
1
-2
-2
4
7
6
7
3
2
2
2
4
5
4
5
5
3
5
4
2
-1
-1
6
-3
0
0
2
4
-1
3
5
4
4
3
-1
0
-6
-2
-2
-1
-1
-2
0
0
-2
-3
-5
-4
-2
-2
-4
-4
3
6
4
0
2
2
0
5
-1
1
6
5
9
11
10
13
11
13
12
15
17
12
15
17
20
20
21
17
15
15
16
16
11
8
8
9
7
5
3
3
3
5
6
12
9
12
12
11
13
13
11
10
15
15
13
15
16
17
15
15
21
22
21
20
19
17
18
19
16
18
20
22
22
18
20
18
19
17
20
15
11
13
14
13
11
6
5
7
8
10
8
8
11
7
5
6
3
1
-1
-2
1
-3
-6
-6
-2
-2
-2
-3
-1
-1
-1
-1
0
3
-1
0
-3
-1
-4
-8
-5
-4
-2
-2
-1
0
-3
-3
-4
-5
-7
-5
-5
-10
-8
-11
-10
-9
-8
-8
-12
-14
-13
-13
-12
-12
-12
-11
-12
-13
-11
-11
-15
-13
-18
-14
-10
-10
-9
-11
-14
-10
-8
-7
-5
-6
-3
-2
-3
0
-2
0
0
0
-1
-1
4
2
3
4
-1
1
1
0
-6
-4
0
-4
-7
-2
-8
-3
-3
-6
-2
-7
1
-4
-5
-1
2
-1
-3
-4
-1
-2
-5
-7
-7
-8
-7
-5
-9
-3
-4
-3
-7
-6
-2
-3
-8
-10
-4
-4
-4
-5
-12
-7
-6
-6
-3
-8
-5
-9
-10
-8
-8
-9
-12
-10
-9
-6
-10
-5
-3
-2
-4
-2
-2
2
3
2
1
2
9
3
4
1
-1
2
5
5
3
5
5
9
10
6
5
3
5
3
5
1
-2
-1
-3
-5
-6
-5
-8
-7
-14
-14
-19
-20
-16
-22
-18
-18
-22
-18
-17
-19
-18
-17
-18
-16
-11
-11
-12
-16
-16
-14
-17
-16
-17
-17
-16
-17
-19
-17
-13
-17
-14
-13
-15
-12
-17
-18
-19
-17
-15
-18
-14
-13
-14
-11
-9
-6
-10
-9
-5
-1
-5
-2
0
-8
-3
-2
-3
-7
-6
-4
-5
-4
-8
-8
-6
-4
-8
-6
-9
-11
-8
-11
-9
-11
-14
-12
-15
-15
-16
-16
-15
-16
-15
-16
-17
-17
-19
-18
-18
-15
-15
-18
-21
-23
-24
-22
-23
-23
-24
-27
-24
-27
-28
-25
-27
-21
-22
-22
-22
-20
-20
-15
-14
-18
-20
-18
-19
-17
-18
-22
-17
-18
-19
-21
-16
-21
-19
-19
-12
-9
-11
-6
-8
-6
-6
-5
-9
-13
-12
-15
-15
-14
-18
-12
-11
-14
-13
-18
-16
-22
-21
-25
-24
-20
-21
-19
-22
-21
-21
-20
-21
-27
-24
-23
-28
-23
-19
-25
-27
-23
-23
-20
-21
-24
-25
-25
-21
-15
-20
-17
-18
-16
-17
-14
-17
-18
-17
-18
-14
-15
-11
-14
-14
-12
-13
-16
-15
-16
-17
-20
-21
-18
-24
-20
-23
-28
-23
-26
-23
-23
-28
-26
-25
-23
-23
-27
-20
-26
-28
-30
-24
-28
-29
-25
-27
-28
-34
-29
-31
-30
-29
-25
-31
-29
-26
-33
-34
-30
-29
-33
-31
-28
-30
-30
-31
-27
-26
-28
-27
-26
-22
-20
-19
-24
-25
-22
-25
-25
-23
-28
-26
-23
-24
-20
-19
-19
-21
-19
-19
-22
-21
-23
-25
-27
-29
-30
-27
-28
-25
-28
-29
-34
-34
-31
-29
-31
-31
-29
-29
-32
-34
-35
-33
-35
-38
-33
-30
-27
-33
-29
-31
-29
-31
-33
-31
-30
-33
-30
-31
-31
-32
-28
-28
-32
-27
-31
-29
-27
-26
-27
-26
-23
-24
-21
-22
-23
-21
-21
-18
-18
-18
-21
-21
-22
-24
-20
-22
-20
-24
-23
-23
-26
-22
-23
-24
-22
-28
-26
-24
-21
-21
-25
-23
-19
-19
-21
-21
-18
-22
-22
-21
-19
-23
-20
-21
-22
-22
-25
-23
-30
-27
-29
-30
-32
-36
-34
-40
-39
-38
-33
-40
-40
-41
-38
-35
-36
-36
-33
-31
-32
-33
-38
-35
-38
-41
-37
-39
-39
-39
-36
-35
-35
-30
-36
-31
-30
-29
-31
-33
-32
-33
-32
-34
-25
-26
-26
-23
-22
-24
-27
-19
-22
-24
-22
-22
-17
-23
-19
-20
-17
-18
-14
-17
-15
-16
-21
-19
-22
-20
-17
-22
-21
-19
-22
-19
-19
-16
-14
-11
-16
-15
-17
-22
-18
-23
-19
-16
-14
-19
-21
-19
-18
-17
-13
-20
-23
-23
-20
-22
-23
-20
-18
-17
-17
-15
-18
-17
-16
-19
-17
-17
-15
-15
-18
-16
-17
-15
-15
-14
-12
-12
-16
-11
-12
-11
-14
-9
-6
-9
-8
-10
-6
-8
-14
-10
-10
-12
-8
-15
-14
-16
-20
-15
-15
-13
-11
-7
-7
-7
-4
-5
-4
-6
-3
-6
-3
-2
-7
-8
-7
-8
-14
-11
-14
-16
-12
-11
-12
-15
-17
-16
-14
-11
-13
-14
-14
-13
-14
-15
-12
-11
-13
-14
-14
-13
-15
-16
-17
-19
-20
-19
-20
-20
-20
-17
-14
-17
-18
-18
-18
-16
-17
-14
-12
-16
-15
-13
-11
-8
-9
-11
-9
-7
-9
-8
-9
-11
-8
-10
-13
-10
-12
-14
-10
-12
-14
-13
-14
-12
-12
-8
-11
-12
-12
-12
-8
-9
-10
-9
-7
-8
-10
-7
-7
-6
-5
-7
-8
-8
-11
-6
-7
-9
-11
-9
-8
-11
-10
-12
-9
-11
-11
-11
-11
-9
-12
-11
-16
-13
-15
-13
-16
-22
-22
-23
-22
-18
-22
-23
-27
-23
-23
-23
-22
-23
-23
-22
-19
-16
-16
-18
-24
-22
-19
-20
-17
-18
-19
-12
-7
-14
-9
-13
-12
-12
-11
-9
-14
-15
-12
-11
-9
-11
-9
-13
-12
-10
-11
-13
-11
-11
-12
-10
-11
-7
-8
-7
-9
-8
-8
-10
-10
-14
-14
-9
-8
-3
0
-3
-1
-4
-6
0
-1
-2
-3
-5
-6
-5
-5
-5
-2
-3
-2
-1
-3
-5
-6
-6
-7
-5
-3
-4
-6
-6
-3
-6
-3
-4
-4
-8
-7
-6
-7
-4
-3
0
0
-1
-4
-1
6
5
6
6
3
0
0
-1
-3
4
10
7
7
6
9
7
11
9
6
9
7
13
7
2
1
0
1
3
5
-3
-4
-6
-7
-6
-10
-7
-10
-5
-7
-9
-2
-3
-4
-7
-5
-4
-6
-5
-6
-7
-6
-4
1
-1
-3
-2
-3
-4
-5
-3
-8
-7
-8
-6
-7
-10
-11
-15
-12
-13
-14
-12
-15
-14
-13
-14
-13
-17
-16
-15
-12
-12
-15
-12
-12
-12
-11
-12
-13
-11
-7
-10
-6
-3
-6
-5
-5
-11
-4
0
2
-1
-2
2
2
-1
-1
-3
-2
1
-2
-2
0
-1
-1
-1
-2
-4
-1
-3
2
3
0
2
1
2
2
2
2
0
-1
4
0
-2
-1
-3
4
1
0
6
1
-3
3
9
8
6
0
5
8
10
10
11
8
7
12
7
5
9
9
9
9
7
8
11
10
5
9
9
8
13
6
7
14
14
15
9
13
11
12
11
10
11
10
9
8
6
6
11
8
4
4
6
6
8
8
10
9
5
10
6
2
1
2
1
0
0
-3
0
0
3
3
1
5
5
2
1
5
5
4
-1
2
4
1
2
5
0
1
5
6
5
9
8
7
8
6
7
4
8
8
5
4
8
7
5
3
0
-3
1
2
2
1
4
0
-5
-1
-8
-6
-6
-3
0
3
2
0
-4
-7
1
-2
1
-4
0
3
1
4
3
5
4
4
3
1
3
1
0
1
-3
-1
1
3
7
5
6
7
4
2
3
4
4
4
2
9
8
4
7
10
13
10
6
8
11
11
9
10
10
10
11
9
6
10
10
9
15
12
14
13
10
14
19
18
21
19
18
19
15
19
20
16
17
17
18
24
22
24
21
17
23
23
26
23
21
23
24
17
18
20
19
16
9
17
17
17
18
16
13
19
15
15
15
12
13
14
17
13
15
11
14
14
12
11
11
15
13
13
16
15
19
20
16
14
19
21
27
25
27
23
22
22
21
22
19
22
18
20
24
24
21
20
22
21
19
23
22
19
20
14
16
15
12
12
11
14
13
8
6
4
7
4
3
6
2
6
6
6
8
10
9
9
7
5
9
6
7
11
10
12
10
8
10
8
6
5
5
4
2
-5
-2
-6
