3
1
6
3
3
5
6
6
5
6
4
2
7
5
6
5
6
10
4
1
11
12
8
9
10
14
12
11
11
9
9
11
7
6
10
11
11
11
13
10
14
18
14
15
17
18
19
17
17
18
14
13
14
14
16
15
12
12
11
10
8
7
7
11
11
8
13
12
14
12
7
6
7
8
0
0
0
-1
-2
0
-1
-3
1
-3
-4
-3
-2
-2
-3
-6
-5
-2
-4
-7
-6
-3
-1
0
-3
-3
-7
-9
-11
-10
-8
-13
-11
-14
-14
-9
-16
-10
-12
-8
-4
-5
-2
-4
-4
-4
-4
-3
-5
-4
-2
-2
-1
-6
-9
-12
-9
-11
-10
-10
-13
-11
-12
-17
-17
-19
-19
-22
-12
-18
-16
-11
-17
-13
-12
-9
-9
-10
-10
-6
-7
-5
-5
-8
-10
-7
-6
-11
-6
-5
-10
-8
-7
-3
-3
0
-2
0
-4
-4
-3
-5
-1
-1
2
1
-2
-6
-5
-3
-3
1
0
0
-3
-4
-7
-5
-2
-1
3
4
5
2
-5
-1
-1
-6
-4
-1
-3
-1
1
2
3
0
2
3
4
5
2
7
8
8
11
9
11
11
15
14
11
13
15
13
14
15
14
18
16
17
14
16
19
18
21
18
20
16
18
16
21
18
19
20
18
17
17
17
13
15
15
15
14
15
14
14
11
12
9
10
8
8
8
12
11
11
13
5
12
7
9
7
9
13
14
17
18
18
14
12
13
13
12
12
7
12
7
6
6
4
3
3
8
8
6
4
7
10
8
8
9
5
7
7
9
8
8
9
3
2
8
5
2
3
6
4
3
4
4
2
3
5
5
6
7
8
9
8
8
8
6
8
6
3
2
2
0
-3
-3
-5
-1
0
-3
-5
-2
1
-7
-9
-6
-9
-7
-6
-7
-5
-10
-11
-7
-8
-10
-11
-3
-3
-4
-3
-9
-9
-12
-11
-12
-12
-9
-9
-7
-7
-14
-18
-15
-12
-13
-14
-9
-12
-9
-13
-8
-6
-6
-7
-15
-9
-10
-13
-14
-16
-16
-10
-12
-13
-14
-9
-9
-13
-16
-13
-15
-17
-13
-17
-15
-16
-17
-17
-18
-15
-16
-17
-13
-11
-12
-12
-11
-10
-9
-8
-4
-4
-5
-6
-5
-3
-2
0
1
-4
-4
-2
-2
-4
-4
-2
1
-4
-3
1
-1
0
-2
5
6
3
2
-2
0
-1
-1
-4
-1
0
0
6
5
4
1
6
8
9
9
10
9
4
5
7
9
10
9
11
6
4
4
4
8
4
3
8
10
12
14
12
18
19
21
23
21
21
25
22
20
20
22
25
25
28
25
20
27
24
21
22
25
27
25
29
26
23
27
28
22
26
22
21
23
18
20
22
21
20
20
22
17
23
19
21
26
26
25
25
26
25
26
20
18
19
16
14
17
16
10
13
13
11
8
9
7
3
6
6
4
7
4
3
5
3
-1
0
2
0
0
1
1
4
2
-1
-3
1
1
0
0
3
1
4
3
2
2
3
5
1
-1
0
1
-2
-2
0
-3
-8
-8
-4
-5
-6
-4
-4
-5
-3
-4
-7
-3
-3
-8
-12
-12
-16
-22
-18
-18
-21
-18
-19
-19
-16
-17
-15
-16
-17
-18
-17
-23
-21
-18
-19
-19
-15
-15
-17
-14
-14
-14
-17
-11
-15
-16
-17
-19
-14
-10
-14
-10
-10
-15
-12
-12
-13
-14
-12
-14
-12
-14
-15
-12
-10
-6
-8
-4
-8
-7
-3
0
-2
-5
-4
-2
1
-1
1
-1
-2
-3
-4
-7
-7
-5
-10
-9
-14
-14
-14
-16
-13
-15
-15
-15
-12
-8
-12
-12
-12
-15
-12
-6
-11
-12
-6
-10
-11
-8
-8
-15
-17
-16
-15
-12
-14
-16
-16
-17
-16
-18
-19
-20
-23
-22
-22
-22
-21
-24
-20
-20
-18
-14
-16
-14
-15
-12
-13
-17
-17
-14
-14
-16
-13
-13
-14
-10
-13
-13
-11
-10
-10
-8
-8
-9
-8
-12
-11
-11
-10
-5
-8
-6
-9
-7
-3
-7
-4
-11
-9
-6
-3
-2
0
0
2
-3
-1
-1
-3
2
2
5
5
6
12
11
11
18
11
13
14
14
12
14
16
16
17
12
10
12
10
12
18
15
12
15
13
11
15
15
16
15
15
14
17
17
20
19
21
22
19
24
22
22
26
26
24
25
25
24
22
22
22
20
22
20
20
17
21
20
14
18
18
19
15
17
16
14
15
11
13
12
13
8
11
12
11
9
10
11
13
17
10
10
9
9
4
-1
-6
-3
-6
-7
-7
-8
-2
-5
0
-2
-3
-7
-2
-3
-5
-6
-9
-7
-11
-8
-9
-13
-15
-11
-9
-13
-17
-16
-18
-16
-14
-15
-13
-13
-14
-16
-20
-17
-14
-17
-16
-18
-15
-18
-17
-15
-14
-16
-16
-14
-16
-18
-18
-18
-19
-19
-21
-19
-19
-17
-15
-18
-19
-19
-20
-18
-22
-20
-21
-21
-21
-24
-19
-20
-14
-15
-15
-18
-15
-16
-13
-13
-14
-18
-19
-13
-13
-14
-15
-12
-13
-11
-14
-14
-14
-11
-13
-16
-18
-15
-14
-12
-12
-9
-5
-5
-3
-8
-1
-2
1
0
-1
2
-2
0
-5
-5
-1
-1
-3
-3
-3
-3
-1
-4
-7
-4
-1
1
2
2
6
3
1
4
4
7
4
3
4
3
-1
0
0
3
5
6
5
6
9
9
12
12
14
12
11
15
12
10
6
8
12
11
14
15
16
15
14
10
15
14
12
10
11
13
10
11
7
10
8
7
11
12
10
12
11
11
11
11
10
12
12
11
9
5
6
1
-1
3
-3
-3
-3
-6
-5
-9
-9
-10
-11
-8
-7
-8
-6
-5
-3
-3
-5
-4
0
-4
-3
-3
-4
-3
-6
-8
-9
-7
-11
-7
-3
-5
-7
-4
-4
-3
-7
-9
-6
-15
-13
-11
-15
-11
-14
-12
-12
-9
-7
-11
-12
-8
-8
-11
-11
-12
-6
-11
-10
-6
-3
-2
-4
-5
-3
-1
1
-2
2
5
4
1
0
2
2
5
9
6
9
10
6
4
4
3
5
6
7
10
5
5
4
7
11
10
9
14
13
11
7
9
10
9
6
3
5
4
3
3
4
4
4
-1
-2
-3
-2
0
-2
-3
-4
-4
-3
1
0
-1
-3
-1
-4
3
4
0
5
3
6
5
8
10
7
9
8
8
11
11
5
4
3
-1
0
-1
1
-2
-3
-3
1
2
2
0
-3
0
-4
-2
1
-5
-3
2
-1
-4
-5
-5
-5
-5
-6
-6
-7
-7
-8
-7
-7
-12
-12
-9
-12
-10
-16
-18
-19
-20
-18
-18
-17
-11
-14
-15
-18
-16
-14
-17
-15
-13
-10
-11
-13
-12
-8
-8
-6
-9
-8
-4
-5
-5
-7
-11
-12
-14
-14
-12
-9
-11
-13
-8
-8
-8
-10
-9
-8
-6
-4
-3
-6
-4
-6
-7
-4
-3
-4
-10
-4
-1
-2
2
2
3
7
5
4
4
5
11
11
10
11
13
11
10
9
11
10
11
12
10
14
12
10
14
16
19
20
19
19
19
14
17
23
20
20
18
16
20
19
21
20
19
21
20
20
17
16
18
17
16
19
17
16
19
17
16
19
19
20
17
12
13
17
18
20
19
22
19
18
21
21
21
22
24
29
23
26
28
26
21
24
27
26
25
37
38
65
106
122
118
86
54
18
4
-15
-40
-64
-68
-59
-41
-28
-13
13
32
61
87
118
132
126
113
98
89
89
93
97
99
81
34
-13
-48
-77
-88
-110
-130
-149
-156
-151
-151
-157
-181
-186
-175
-147
-117
-119
-123
-129
-137
-127
-122
-127
-128
-125
-98
-75
-54
-48
-46
-36
-22
-18
-25
-23
-22
-13
-1
-6
-16
-12
-7
-2
-6
-16
-38
-38
-31
-25
-21
-21
1
21
40
50
57
65
81
103
117
119
121
135
149
151
145
130
125
126
119
105
89
82
83
79
72
56
41
35
20
3
-15
-20
-15
-6
-5
-18
-24
-23
-23
-32
-41
-45
-36
-32
-40
-53
-60
-57
-50
-49
-55
-62
-61
-60
-66
-76
-75
-75
-70
-64
-62
-58
-63
-68
-83
-104
-117
-127
-141
-145
-145
-144
-131
-131
-141
-136
-146
-158
-174
-191
-201
-197
-170
-100
-15
34
73
123
214
285
292
288
298
330
353
368
386
413
423
418
408
387
359
302
233
164
112
93
68
19
-33
-60
-68
-95
-136
-170
-192
-216
-238
-236
-207
-171
-147
-133
-91
-37
7
24
37
68
106
152
188
208
229
256
281
272
260
245
224
186
157
156
157
153
118
110
103
87
64
19
-10
-33
-45
-68
-78
-78
-79
-70
-59
-38
-24
-15
-11
0
21
41
53
59
71
91
112
118
119
112
88
61
29
2
-29
-74
-117
-151
-163
-173
-187
-198
-210
-216
-210
-222
-237
-250
-262
-267
-264
-256
-247
-236
-228
-221
-214
-208
-218
-241
-266
-278
-287
-270
-213
-129
-51
5
85
200
292
327
336
361
397
403
391
399
424
423
403
400
416
411
360
287
227
170
108
36
-39
-93
-122
-141
-162
-174
-175
-182
-200
-226
-221
-207
-214
-233
-226
-181
-133
-103
-75
-30
17
56
86
121
142
148
145
151
161
169
164
161
156
157
166
183
184
170
166
155
147
129
108
77
46
16
5
-5
-19
-41
-67
-66
-65
-67
-79
-86
-94
-90
-79
-70
-63
-59
-49
-32
-8
2
8
2
-4
-5
-11
-24
-44
-60
-69
-77
-84
-94
-110
-141
-169
-192
-218
-251
-289
-328
-355
-376
-390
-398
-400
-406
-416
-425
-426
-428
-437
-419
-347
-246
-185
-124
-13
137
267
333
394
487
536
540
531
542
548
504
462
459
478
473
439
401
366
330
267
179
78
-11
-83
-158
-221
-266
-275
-282
-288
-281
-244
-210
-211
-233
-231
-212
-200
-206
-199
-155
-104
-41
28
104
169
214
252
278
290
280
260
225
195
187
194
200
202
229
257
283
291
285
270
239
193
141
90
51
10
-22
-46
-44
-34
-40
-40
-29
-18
-18
-20
-29
-40
-47
-49
-43
-31
-16
-2
10
21
31
39
30
13
-6
-22
-38
-54
-79
-100
-118
-132
-144
-164
-190
-216
-240
-266
-292
-323
-343
-368
-391
-416
-451
-469
-490
-507
-487
-420
-325
-258
-198
-95
59
193
270
329
420
493
523
521
541
562
541
510
499
512
504
469
427
398
379
339
266
173
83
8
-65
-148
-222
-268
-300
-331
-355
-342
-311
-302
-310
-295
-262
-239
-247
-249
-244
-219
-185
-148
-109
-65
-7
46
98
145
184
206
205
199
204
196
165
133
112
112
120
122
136
156
177
186
190
192
180
152
107
62
38
-1
-46
-84
-102
-97
-92
-86
-78
-62
-48
-33
-18
-7
-15
-19
-28
-35
-39
-54
-67
-78
-84
-84
-83
-87
-90
-92
-95
-105
-119
-142
-168
-199
-238
-270
-297
-329
-356
-382
-379
-368
-374
-394
-416
-416
-417
-433
-440
-394
-319
-283
-241
-142
20
147
221
305
423
527
562
566
588
603
566
509
483
485
462
419
386
382
383
360
308
248
195
156
93
8
-65
-118
-172
-238
-283
-282
-276
-292
-306
-277
-224
-198
-192
-176
-148
-120
-109
-101
-82
-61
-41
-20
17
63
98
128
153
189
221
234
227
215
206
195
165
142
135
129
125
121
132
158
177
178
168
170
179
167
130
95
65
36
-2
-36
-48
-61
-71
-72
-48
-18
-3
7
15
30
36
26
5
-22
-41
-69
-100
-119
-135
-144
-151
-154
-152
-144
-136
-144
-149
-160
-175
-209
-254
-282
-318
-352
-380
-396
-406
-432
-448
-444
-439
-438
-419
-357
-281
-236
-203
-109
19
110
166
240
351
436
471
502
548
574
551
520
527
536
497
446
417
406
379
331
279
225
186
142
87
24
-30
-73
-119
-174
-214
-224
-247
-288
-301
-281
-258
-258
-254
-224
-195
-170
-149
-114
-79
-63
-55
-29
3
25
32
46
70
96
120
125
141
145
142
142
133
131
131
123
125
126
131
134
137
142
149
154
151
141
131
116
93
67
33
0
-20
-45
-67
-73
-68
-64
-63
-50
-23
-2
5
7
11
10
-12
-37
-60
-78
-102
-135
-151
-155
-154
-168
-175
-163
-153
-152
-169
-179
-192
-209
-236
-278
-308
-336
-362
-389
-428
-456
-472
-482
-493
-482
-415
-334
-289
-251
-154
-15
91
147
228
343
436
477
504
564
602
569
537
554
571
533
463
436
442
421
379
327
295
254
198
148
94
38
-33
-104
-162
-201
-219
-252
-299
-317
-299
-281
-277
-267
-236
-209
-193
-169
-122
-86
-86
-79
-43
8
25
26
34
65
95
104
119
140
162
166
161
173
187
173
145
131
139
150
137
122
132
159
181
190
202
220
225
214
203
193
166
123
77
50
32
17
-6
-18
-5
21
38
38
53
68
73
55
37
25
-1
-47
-85
-100
-120
-148
-171
-172
-165
-163
-164
-165
-161
-167
-182
-192
-207
-232
-267
-303
-319
-334
-359
-403
-438
-449
-449
-460
-468
-402
-314
-263
-226
-125
31
144
193
265
397
502
526
536
604
649
612
560
572
599
549
469
446
453
419
349
291
266
232
160
94
46
1
-65
-147
-209
-239
-265
-312
-367
-382
-360
-350
-358
-344
-295
-259
-242
-209
-151
-98
-91
-90
-47
3
12
0
12
51
77
80
93
128
153
155
157
172
187
171
143
139
146
149
128
117
123
141
160
154
168
181
182
182
171
168
152
109
70
49
31
11
-28
-44
-41
-32
-34
-35
-21
-20
-23
-19
-23
-35
-60
-97
-120
-138
-163
-194
-216
-232
-234
-236
-235
-228
-231
-229
-229
-230
-237
-250
-276
-299
-323
-337
-357
-391
-431
-461
-466
-476
-490
-466
-389
-308
-265
-207
-79
67
168
234
336
470
548
568
608
674
693
644
607
625
613
534
460
438
422
360
293
265
238
178
110
68
40
-19
-101
-174
-225
-266
-319
-372
-403
-408
-398
-394
-368
-327
-277
-238
-204
-141
-80
-46
-45
-21
24
50
48
53
80
110
115
130
161
198
205
205
217
241
238
207
192
192
191
169
151
147
148
140
149
165
180
169
164
180
177
164
135
104
78
48
24
-1
-27
-42
-51
-44
-29
-22
-12
-4
10
19
17
3
-22
-37
-65
-97
-126
-148
-180
-202
-211
-212
-210
-218
-218
-217
-215
-217
-229
-243
-254
-277
-300
-316
-321
-334
-372
-398
-398
-391
-406
-396
-326
-240
-195
-153
-44
103
204
261
366
498
583
601
636
705
710
636
583
586
559
460
374
350
327
259
190
171
154
86
10
-19
-37
-102
-196
-252
-283
-327
-391
-427
-431
-433
-438
-421
-378
-326
-284
-254
-201
-128
-71
-49
-30
9
47
62
64
79
94
104
108
129
165
177
170
179
204
216
202
178
164
157
145
120
113
108
92
86
92
120
126
107
119
131
138
120
77
61
38
-6
-38
-59
-75
-100
-112
-92
-71
-64
-63
-45
-30
-26
-34
-50
-68
-88
-121
-153
-167
-197
-233
-247
-252
-249
-262
-273
-271
-261
-262
-272
-272
-280
-293
-317
-328
-329
-344
-368
-398
-422
-424
-431
-456
-454
-388
-305
-255
-214
-104
57
171
232
340
482
572
590
613
687
706
627
561
564
557
462
360
342
329
260
170
145
150
84
0
-35
-35
-89
-188
-250
-275
-318
-384
-427
-433
-426
-434
-421
-370
-309
-266
-234
-174
-100
-38
-9
4
42
84
93
94
109
133
144
137
158
195
213
205
206
227
233
219
191
174
158
143
123
109
111
91
84
91
117
140
122
133
157
158
155
129
113
101
66
40
20
9
-11
-38
-26
-8
-3
-8
2
26
36
33
30
20
3
-25
-63
-81
-109
-155
-185
-201
-207
-220
-237
-234
-222
-227
-232
-228
-227
-238
-260
-269
-276
-286
-306
-335
-360
-377
-387
-395
-400
-375
-291
-215
-163
-101
25
181
271
345
451
566
624
635
666
721
695
613
568
560
520
411
336
315
286
212
145
144
123
42
-21
-38
-60
-141
-234
-274
-298
-353
-407
-424
-421
-424
-418
-370
-311
-261
-220
-180
-114
-52
-8
9
28
68
95
103
105
124
140
137
138
165
192
195
183
191
202
195
173
149
132
110
82
57
40
35
17
7
22
54
64
58
77
99
108
103
85
76
54
18
-8
-20
-38
-72
-89
-72
-56
-53
-51
-28
-14
-13
-15
-23
-36
-66
-107
-135
-162
-201
-245
-267
-271
-286
-300
-300
-291
-287
-290
-286
-276
-278
-292
-306
-309
-314
-335
-347
-356
-371
-401
-413
-410
-411
-399
-337
-255
-191
-137
-45
103
219
281
369
482
563
573
594
645
648
585
512
496
479
394
299
269
257
196
123
104
92
29
-32
-59
-78
-133
-220
-272
-300
-336
-384
-408
-410
-409
-401
-366
-315
-263
-216
-176
-125
-62
-3
32
40
68
107
119
122
134
156
168
165
180
210
230
219
211
223
230
204
176
156
146
129
103
96
97
100
81
87
116
128
119
107
128
137
108
85
69
58
32
-4
-5
-3
-17
-29
-15
18
28
29
44
61
65
51
39
25
-1
-34
-71
-94
-117
-152
-180
-195
-203
-214
-220
-220
-220
-222
-220
-226
-225
-228
-242
-252
-259
-268
-271
-283
-310
-332
-328
-333
-349
-332
-260
-183
-147
-96
19
167
254
308
413
534
597
605
632
694
681
597
551
552
524
412
327
316
297
226
151
147
140
66
-6
-34
-45
-118
-216
-262
-283
-328
-383
-407
-403
-399
-401
-371
-319
-264
-230
-200
-139
-79
-25
2
17
56
100
114
116
137
163
171
163
180
209
215
199
193
218
222
208
194
192
193
168
144
135
132
106
72
64
73
58
21
7
20
22
-2
-24
-18
-13
-37
-48
-37
-27
-46
-61
-38
-17
-18
-29
-19
0
-8
-26
-31
-39
-65
-94
-124
-129
-153
-193
-223
-232
-236
-263
-279
-289
-292
-296
-302
-303
-294
-297
-300
-308
-304
-298
-311
-322
-348
-360
-367
-383
-402
-370
-297
-250
-224
-156
-23
108
179
251
381
496
544
559
611
668
629
551
526
532
469
345
290
279
230
148
92
95
62
-20
-65
-68
-90
-175
-251
-280
-307
-360
-418
-433
-432
-444
-443
-410
-351
-309
-278
-230
-157
-85
-30
2
34
94
124
138
150
175
190
180
179
198
218
207
184
187
207
199
178
166
174
169
147
130
135
136
107
81
82
99
79
46
45
51
33
4
-10
-6
-17
-51
-61
-43
-35
-50
-50
-24
8
7
9
28
39
30
13
6
-6
-39
-77
-94
-106
-128
-159
-178
-180
-189
-208
-216
-211
-216
-226
-236
-235
-241
-253
-264
-268
-263
-271
-284
-311
-316
-317
-324
-334
-306
-225
-169
-148
-88
47
184
252
318
440
547
595
608
656
707
667
589
556
555
499
376
310
304
262
180
123
120
92
16
-37
-42
-56
-135
-215
-241
-261
-313
-367
-387
-382
-395
-400
-370
-320
-275
-247
-205
-135
-53
-6
27
55
106
151
161
168
186
204
195
188
207
227
213
190
197
222
227
208
196
205
201
183
161
156
145
114
82
78
70
41
6
-20
-19
-27
-51
-66
-65
-61
-69
-71
-57
-48
-53
-59
-45
-26
-23
-33
-25
-17
-16
-28
-38
-41
-61
-81
-103
-110
-125
-161
-190
-197
-202
-228
-256
-259
-263
-280
-292
-293
-294
-305
-317
-319
-311
-315
-329
-358
-369
-375
-386
-397
-383
-318
-266
-231
-184
-68
69
152
217
326
448
514
529
570
636
616
543
501
502
463
343
263
244
219
144
72
68
57
-6
-67
-73
-76
-140
-222
-254
-272
-324
-389
-421
-426
-442
-463
-447
-393
-345
-317
-279
-204
-122
-65
-26
15
73
123
140
143
170
188
179
165
173
191
181
162
159
187
206
202
191
202
215
200
176
165
162
127
87
69
60
31
-13
-34
-30
-44
-55
-61
-57
-45
-49
-47
-22
-8
-13
-12
7
25
22
15
10
17
15
0
-6
-8
-20
-39
-48
-45
-54
-80
-100
-107
-117
-137
-164
-182
-200
-217
-243
-253
-258
-275
-289
-296
-290
-282
-289
-305
-312
-320
-322
-331
-332
-297
-240
-195
-169
-100
10
121
191
269
385
484
537
567
628
671
651
593
568
559
491
384
320
290
242
155
97
94
62
1
-40
-40
-58
-128
-192
-218
-244
-301
-363
-382
-385
-412
-425
-398
-354
-319
-296
-245
-170
-107
-55
-11
38
85
125
150
160
184
190
183
173
179
186
166
148
151
170
177
168
174
190
194
189
180
181
168
136
107
89
78
42
-1
-21
-35
-57
-77
-89
-78
-79
-79
-66
-46
-26
-29
-21
-3
9
6
-1
-5
-2
-22
-30
-37
-49
-63
-76
-81
-86
-94
-111
-122
-129
-138
-158
-178
-193
-215
-244
-256
-273
-290
-307
-328
-331
-338
-347
-340
-340
-353
-356
-359
-356
-354
-315
-259
-216
-177
-108
8
112
175
256
364
456
511
538
599
635
604
552
529
521
448
345
280
252
204
114
66
56
19
-48
-88
-86
-108
-182
-237
-257
-282
-334
-379
-397
-402
-421
-424
-400
-356
-329
-303
-252
-187
-113
-68
-23
23
71
114
139
150
175
189
181
171
176
187
166
143
148
173
179
166
165
182
201
191
184
186
178
145
117
99
84
38
-12
-33
-44
-57
-88
-97
-87
-76
-75
-61
-28
-14
-8
4
32
45
42
33
33
40
35
17
9
2
-10
-16
-27
-24
-38
-51
-61
-73
-82
-103
-123
-145
-172
-190
-216
-236
-256
-276
-285
-290
-291
-291
-288
-287
-292
-297
-292
-290
-292
-282
-230
-173
-135
-101
-19
98
188
248
334
444
521
558
595
651
667
624
577
563
534
449
359
315
284
216
140
109
92
40
-19
-42
-44
-84
-148
-192
-206
-232
-282
-318
-321
-332
-352
-349
-318
-286
-272
-245
-192
-124
-68
-29
18
68
116
147
171
190
208
208
193
187
191
182
151
137
145
165
165
154
166
186
187
179
182
179
161
133
98
85
53
-4
-47
-65
-81
-109
-132
-126
-107
-106
-99
-73
-39
-23
-23
1
23
27
17
10
16
12
-5
-17
-21
-35
-49
-58
-61
-73
-82
-104
-116
-127
-145
-164
-187
-205
-230
-248
-273
-290
-308
-320
-331
-334
-335
-334
-328
-320
-313
-317
-314
-311
-303
-291
-260
-205
-164
-125
-65
37
136
193
262
356
444
497
521
565
585
564
520
493
480
413
324
259
225
183
108
58
31
-7
-54
-92
-97
-118
-172
-219
-241
-252
-284
-323
-336
-345
-353
-358
-336
-304
-278
-245
-204
-144
-80
-32
15
63
110
163
189
194
209
219
215
192
181
179
161
144
151
164
170
170
176
202
215
215
210
197
184
160
127
91
62
12
-34
-59
-73
-93
-112
-117
-104
-85
-77
-59
-35
-13
3
19
48
46
39
34
31
31
17
2
-13
-27
-34
-40
-48
-58
-64
-73
-83
-94
-108
-125
-148
-168
-182
-199
-224
-251
-268
-276
-290
-299
-296
-290
-289
-279
-269
-270
-267
-260
-249
-245
-218
-175
-130
-99
-59
32
120
180
235
323
411
466
489
528
570
569
525
490
481
428
337
271
238
195
115
49
28
7
-40
-91
-97
-101
-146
-186
-199
-203
-232
-274
-291
-282
-290
-308
-303
-274
-244
-216
-183
-129
-65
-18
23
76
124
165
182
199
218
229
218
191
181
173
162
139
138
152
158
159
170
191
207
201
196
201
192
177
145
109
79
40
-4
-39
-62
-84
-101
-106
-97
-83
-75
-62
-39
-5
17
31
45
59
60
48
49
38
22
10
-7
-21
-36
-47
-62
-66
-70
-70
-83
-87
-94
-114
-132
-153
-169
-193
-216
-246
-266
-280
-300
-308
-309
-302
-293
-283
-271
-254
-254
-255
-245
-236
-235
-220
-173
-136
-113
-86
-10
77
135
185
268
358
405
429
473
515
516
468
425
419
376
298
224
184
138
60
-3
-23
-42
-89
-138
-143
-139
-173
-214
-226
-230
-249
-288
-293
-288
-295
-315
-313
-284
-255
-235
-208
-158
-103
-51
-11
37
81
118
134
150
167
178
161
136
127
121
107
94
92
99
116
121
134
154
175
179
176
182
180
162
123
93
68
30
-19
-52
-62
-86
-103
-111
-98
-78
-69
-51
-22
10
25
36
55
68
62
50
41
40
22
0
-14
-17
-24
-41
-49
-46
-44
-51
-60
-59
-62
-80
-100
-120
-132
-155
-184
-210
-225
-236
-262
-272
-270
-271
-264
-253
-238
-222
-225
-225
-207
-200
-203
-186
-145
-115
-100
-67
4
87
137
183
262
350
401
428
480
530
528
485
462
466
419
332
271
234
188
104
44
27
-3
-55
-92
-93
-88
-126
-157
-156
-151
-176
-209
-210
-214
-233
-251
-247
-224
-209
-202
-180
-140
-89
-57
-14
26
72
101
123
143
165
169
156
139
134
134
111
91
92
106
108
114
127
151
171
172
173
184
180
154
122
100
71
27
-15
-50
-71
-102
-125
-128
-126
-117
-111
-96
-67
-42
-25
-4
15
25
33
31
28
24
10
-6
-15
-27
-38
-49
-60
-62
-62
-60
-67
-71
-75
-89
-102
-116
-135
-156
-189
-213
-234
-264
-283
-300
-300
-299
-302
-290
-270
-252
-251
-247
-234
-224
-226
-217
-179
-145
-126
-99
-41
32
85
127
195
285
344
372
417
469
483
449
427
424
395
319
252
218
178
104
38
13
-7
-52
-92
-96
-93
-110
-139
-146
-146
-164
-188
-195
-196
-211
-238
-244
-231
-223
-222
-205
-172
-138
-98
-62
-23
13
46
82
105
121
129
135
124
109
111
105
99
86
89
108
116
123
139
162
170
167
172
177
168
138
107
87
52
8
-33
-58
-80
-115
-133
-137
-130
-129
-123
-97
-74
-54
-39
-15
6
17
18
18
23
19
7
-7
-18
-26
-34
-46
-49
-48
-51
-57
-57
-58
-67
-83
-95
-104
-126
-153
-181
-199
-216
-238
-257
-267
-272
-273
-271
-255
-236
-220
-211
-209
-201
-189
-188
-189
-164
-135
-115
-98
-65
-1
54
97
151
226
295
342
373
420
451
449
423
408
394
351
291
232
199
151
92
47
26
-1
-32
-50
-49
-46
-60
-73
-80
-80
-93
-121
-135
-142
-159
-177
-187
-178
-167
-166
-158
-131
-97
-63
-23
16
54
84
111
129
148
155
146
136
137
135
133
122
124
134
143
152
167
185
196
201
205
211
205
183
152
119
86
46
6
-32
-66
-90
-118
-125
-126
-124
-112
-95
-71
-45
-24
-2
20
29
38
41
41
32
22
8
-3
-16
-33
-40
-46
-49
-52
-62
-61
-56
-68
-83
-89
-102
-122
-147
-169
-188
-213
-239
-262
-277
-279
-283
-282
-271
-256
-246
-232
-211
-205
-199
-197
-191
-195
-182
-160
-149
-135
-112
-67
-18
27
75
138
200
249
286
326
359
368
352
331
319
285
233
186
147
108
53
12
-11
-29
-54
-77
-78
-77
-82
-100
-103
-107
-119
-140
-155
-164
-180
-203
-213
-206
-207
-204
-199
-179
-150
-119
-83
-45
-17
19
43
67
88
94
102
101
102
106
108
103
107
114
123
133
147
162
173
172
178
178
173
155
125
96
62
26
-12
-49
-78
-105
-123
-127
-125
-118
-107
-92
-63
-35
-15
6
28
38
48
53
53
46
34
28
18
14
3
-5
-13
-11
-8
-13
-9
-10
-13
-22
-27
-34
-47
-72
-95
-114
-136
-159
-177
-192
-194
-198
-202
-190
-182
-164
-152
-141
-119
-108
-110
-105
-103
-99
-107
-101
-86
-76
-67
-41
1
49
90
129
189
247
285
316
357
378
374
359
344
328
295
247
204
166
126
83
54
36
21
-1
-16
-15
-15
-18
-31
-37
-43
-57
-73
-87
-103
-120
-142
-149
-151
-148
-148
-139
-119
-92
-58
-30
-1
36
62
85
108
128
140
136
139
144
145
145
144
145
154
166
168
178
189
186
184
181
176
156
133
103
70
41
6
-25
-58
-79
-98
-111
-113
-104
-99
-91
-74
-53
-34
-16
0
11
22
26
25
26
21
14
7
-3
-3
-8
-17
-18
-16
-14
-12
-13
-17
-20
-24
-32
-45
-59
-79
-100
-122
-136
-150
-167
-178
-184
-181
-180
-173
-163
-155
-140
-122
-104
-95
-94
-99
-98
-104
-108
-113
-113
-101
-91
-81
-56
-15
27
72
118
176
225
266
296
331
344
337
322
307
282
247
202
163
130
95
64
40
25
7
-3
-14
-9
-6
-19
-26
-30
-35
-53
-73
-85
-105
-121
-137
-145
-145
-146
-144
-136
-115
-82
-54
-29
0
32
54
69
90
107
113
110
108
115
117
108
112
116
124
125
126
131
136
132
123
119
110
96
68
42
22
-7
-33
-59
-76
-88
-108
-117
-107
-102
-94
-85
-67
-42
-25
-9
1
20
27
25
31
30
28
22
10
12
12
1
-7
-4
-1
-2
-3
2
-2
-8
-15
-30
-38
-50
-73
-94
-111
-123
-138
-155
-158
-161
-157
-157
-145
-133
-122
-113
-103
-86
-78
-73
-76
-79
-83
-92
-100
-105
-98
-93
-80
-56
-23
14
47
94
145
193
240
277
305
330
344
343
332
315
294
269
237
205
176
141
114
93
75
67
59
55
52
47
42
32
27
20
6
-15
-27
-50
-67
-83
-97
-91
-94
-88
-80
-63
-39
-20
10
36
64
86
102
121
133
144
146
150
147
150
150
147
151
154
153
157
153
149
149
143
130
115
101
77
52
22
-4
-23
-41
-57
-70
-77
-79
-77
-66
-58
-45
-31
-20
-7
1
12
16
15
14
14
19
11
6
7
9
12
11
10
7
3
-2
-1
-13
-19
-28
-42
-57
-78
-91
-110
-124
-142
-156
-162
-168
-174
-178
-182
-182
-172
-165
-161
-156
-143
-135
-131
-124
-117
-110
-107
-100
-95
-93
-88
-85
-77
-66
-51
-29
-3
22
50
74
107
135
161
184
201
215
216
219
215
206
194
172
161
139
118
104
92
76
63
57
45
32
26
17
7
-6
-19
-30
-41
-50
-63
-74
-90
-94
-99
-97
-95
-92
-85
-74
-64
-50
-28
-13
6
22
35
51
70
80
95
104
114
123
121
118
120
119
111
102
98
89
76
67
56
46
33
21
12
1
-11
-17
-23
-25
-34
-39
-39
-35
-32
-34
-26
-17
-8
-2
6
15
23
26
34
36
43
43
42
40
38
36
29
20
10
6
-3
-9
-22
-36
-47
-60
-70
-78
-89
-104
-116
-127
-134
-145
-155
-162
-168
-168
-167
-163
-156
-149
-137
-124
-109
-90
-71
-58
-39
-25
-13
5
15
28
31
33
35
33
30
27
24
22
23
31
35
41
50
57
68
76
86
93
98
104
106
103
103
93
87
79
73
62
55
53
44
45
41
43
39
39
39
37
35
30
23
15
7
0
-6
-15
-18
-19
-20
-20
-19
-8
-1
12
19
20
32
37
40
46
48
46
43
40
36
31
25
15
13
8
4
8
6
8
10
5
9
14
7
2
5
-1
-4
-9
-13
-14
-15
-17
-16
-11
-10
-7
-10
-5
-4
0
2
3
3
6
-2
-3
-2
-7
-13
-18
-23
-32
-37
-38
-41
-45
-50
-58
-61
-67
-72
-79
-83
-93
-96
-100
-103
-100
-103
-98
-91
-85
-83
-72
-65
-58
-47
-38
-32
-31
-25
-21
-18
-16
-15
-16
-13
-15
-16
-6
-7
-7
-2
2
3
0
1
8
5
5
4
2
0
-2
-3
-5
-2
-3
-1
2
2
4
5
5
7
6
8
7
4
4
2
3
-2
-2
-9
-5
-6
-9
-4
-4
-4
-6
-7
-9
-10
-7
-9
-11
-8
-10
-14
-16
-14
-13
-15
-17
-22
-13
-18
-17
-14
-8
-6
-9
-5
-4
1
-1
1
5
8
9
13
12
8
12
13
11
12
10
9
7
2
2
-6
-4
-4
-7
-8
-8
-8
-4
1
3
6
7
5
4
-3
-4
-4
-12
-19
-22
-26
-31
-35
-38
-38
-39
-36
-39
-33
-26
-19
-17
-13
-5
-3
2
2
6
3
-2
-5
-8
-9
-14
-13
-12
-8
-8
4
9
18
29
36
41
49
55
55
55
54
48
43
42
33
30
23
21
20
23
21
27
26
26
30
27
29
26
28
21
18
14
9
5
1
-1
-6
-1
1
9
14
20
31
41
47
49
53
51
51
47
37
38
30
25
24
13
7
5
4
4
4
5
8
3
2
5
3
2
0
-8
-8
-14
-16
-20
-24
-20
-24
-25
-24
-20
-17
-15
-11
-7
-6
-3
-1
-3
-7
-11
-15
-16
-20
-19
-27
-25
-26
-30
-21
-23
-17
-11
-8
-10
-9
-10
-16
-18
-25
-29
-36
-46
-49
-51
-58
-54
-50
-48
-43
-35
-30
-18
-9
-5
5
8
8
7
3
2
3
-7
-13
-12
-18
-22
-21
-22
-17
-10
-3
5
15
16
23
22
20
23
15
11
7
3
1
-2
-10
-12
-12
-11
-11
-7
-7
-3
1
-4
-3
-7
-9
-10
-12
-16
-21
-28
-32
-38
-39
-37
-39
-28
-24
-17
-10
-3
4
11
18
22
25
23
20
19
12
9
4
0
-1
-3
1
6
11
14
21
17
20
24
22
25
23
18
16
12
5
-3
-5
-8
-8
-15
-16
-12
-15
-13
-11
-11
-8
-8
-6
-4
-6
-7
-3
2
1
3
2
-2
-4
-10
-17
-19
-23
-24
-25
-21
-17
-16
-9
-3
-4
6
8
8
8
6
4
1
-2
-5
-4
-8
-3
-4
-2
3
4
3
3
4
-1
-4
-7
-10
-16
-15
-20
-24
-22
-18
-18
-8
-1
4
13
22
26
32
37
38
39
33
32
33
28
24
14
12
10
2
0
-1
-2
-2
-4
-7
-7
-7
-11
-12
-13
-15
-15
-14
-12
-10
-10
-4
2
6
12
18
30
34
37
46
42
45
48
45
43
42
43
39
40
39
40
37
35
37
32
28
24
23
18
17
9
9
10
-1
-3
-6
-9
-11
-16
-21
-23
-21
-21
-21
-23
-25
-23
-17
-14
-14
-11
-15
-13
-11
-12
-15
-11
-10
-15
-11
-14
-9
-8
-8
-3
-4
2
6
7
7
5
6
5
4
1
-1
-6
-4
-2
-9
-7
-6
-10
-7
-7
-5
-4
-9
-10
-8
-11
-11
-10
-8
-11
-16
-16
-15
-15
-14
-12
-9
-9
-5
-1
-3
2
3
5
7
2
0
0
-6
-8
-9
-15
-19
-20
-31
-34
-37
-40
-41
-45
-47
-51
-52
-54
-52
-59
-58
-56
-62
-61
-57
-58
-53
-49
-46
-45
-43
-41
-39
-32
-35
-28
-24
-23
-19
-14
-12
-12
-10
-7
-4
1
1
5
8
5
4
12
9
10
12
10
11
7
8
1
-4
-1
-8
-13
-13
-15
-20
-23
-21
-25
-25
-24
-24
-23
-20
-17
-15
-16
-11
-7
-11
-11
-9
-12
-8
-5
-5
-7
-4
-4
-8
-4
3
8
13
14
14
20
17
17
17
16
17
19
17
17
17
17
17
16
13
11
12
15
10
4
8
8
7
2
2
1
1
4
0
5
5
10
13
18
23
22
25
26
31
30
28
33
34
30
26
24
20
16
16
14
11
12
10
9
5
2
-1
-5
-3
-8
-12
-15
-18
-21
-22
-23
-23
-22
-23
-20
-20
-14
-14
-13
-10
-5
-5
-5
-6
-5
-3
-4
-3
-7
-1
2
6
6
9
9
8
13
11
13
8
5
3
2
-2
-9
-14
-16
-17
-22
-27
-29
-34
-37
-33
-35
-38
-37
-39
-46
-43
-42
-42
-43
-42
-38
-36
-35
-38
-35
-33
-28
-34
-27
-27
-22
-16
-17
-13
-11
-7
-3
0
-2
6
6
6
9
12
15
10
11
9
17
13
12
11
10
7
0
2
-1
-3
-3
-5
-2
-5
-7
-7
-13
-9
-12
-10
-6
-3
-1
0
0
-1
4
4
5
6
5
10
9
7
9
9
13
12
15
8
9
13
5
6
9
5
2
-1
-3
-6
-7
-6
-9
-11
-13
-19
-18
-24
-22
-25
-27
-29
-23
-21
-25
-21
-21
-16
-12
-7
-10
-9
-7
-3
-2
0
6
4
6
6
7
10
8
7
7
7
9
5
2
-5
-2
-8
-11
-12
-16
-20
-26
-27
-35
-39
-38
-41
-38
-40
-41
-40
-39
-40
-37
-38
-32
-33
-31
-28
-32
-30
-32
-32
-28
-26
-23
-21
-21
-17
-12
-6
-4
2
1
2
12
11
13
14
11
6
7
8
7
13
7
6
5
6
6
6
9
12
12
13
11
11
13
11
13
14
12
13
13
17
19
18
17
26
25
32
34
39
40
42
40
40
43
40
46
40
36
33
30
28
26
21
15
12
11
10
8
7
12
15
17
15
8
8
12
12
10
14
13
12
14
10
9
10
10
10
7
13
16
15
15
13
11
10
11
13
6
8
9
7
15
11
12
14
11
13
14
14
14
12
12
6
3
3
0
-3
-8
-7
-5
-8
-10
-14
-13
-12
-13
-6
-8
-3
-6
-4
-2
-9
-8
-10
-10
-13
-15
-16
-17
-18
-14
-13
-15
-14
-9
-7
-5
-5
-7
-7
-9
-8
-7
-8
-14
-16
-14
-21
-20
-21
-26
-24
-23
-23
-23
-22
-23
-18
-19
-19
-11
-13
-14
-12
-9
-6
-7
-10
-6
-2
2
6
5
7
8
9
12
14
11
13
7
8
6
1
1
-7
-10
-12
-15
-17
-15
-16
-20
-16
-22
-20
-18
-15
-16
-18
-20
-22
-21
-23
-21
-21
-22
-25
-29
-23
-23
-18
-25
-23
-13
-8
-4
-3
-4
-2
0
0
3
2
2
3
8
5
6
6
8
9
8
12
16
18
18
20
15
16
14
15
18
13
13
14
15
9
11
11
15
10
14
15
15
14
11
17
14
15
14
13
19
14
11
10
14
12
10
15
12
11
13
14
13
14
12
16
11
11
12
8
8
8
11
11
12
13
12
9
13
14
13
16
17
17
22
25
20
22
31
27
24
29
29
29
31
31
31
31
32
31
31
34
29
28
30
35
26
21
18
19
11
8
7
-2
-3
-4
-6
-10
-8
-6
-6
-7
-6
-11
-9
-4
-14
-14
-18
-22
-23
-26
-26
-27
-30
-28
-26
-23
-26
-24
-19
-21
-20
-19
-16
-15
-14
-16
-18
-16
-17
-16
-19
-16
-14
-17
-15
-16
-13
-17
-17
-17
-15
-15
-15
-15
-13
-15
-15
-16
-21
-17
-19
-17
-16
-17
-20
-22
-17
-16
-14
-11
-10
-8
-5
-8
-5
-3
-5
-8
-7
-2
-6
-4
-8
-9
-5
-5
-5
-11
-6
-5
2
-1
2
3
0
2
-5
-4
-9
-9
-4
-9
-7
-9
-8
-5
-6
-3
-6
0
3
3
2
6
5
7
9
8
14
14
18
22
22
22
24
20
18
20
23
24
24
30
22
24
24
18
17
14
10
12
13
10
6
2
-1
2
-2
-4
-3
-4
-2
-7
-7
-7
-9
-12
-15
-16
-17
-17
-19
-17
-18
-23
-20
-16
-17
-14
-8
-10
-3
0
3
2
1
4
0
-1
-2
-6
-8
-4
-5
-9
-10
-10
-11
-19
-15
-16
-21
-15
-21
-16
-18
-17
-21
-18
-20
-19
-18
-18
-15
-13
-6
-6
-9
-2
-2
-3
2
2
1
1
0
-1
-4
-2
-3
-11
-8
-8
-6
-3
-1
2
3
5
8
9
13
12
9
9
13
12
12
9
7
10
5
6
4
5
9
10
9
9
6
8
8
11
11
11
19
17
22
20
23
25
27
31
33
35
37
36
39
34
35
41
44
39
39
38
36
35
32
32
28
23
18
17
15
18
18
17
17
14
7
3
6
-1
-2
-6
-9
-8
-9
-13
-20
-10
-14
-10
-7
-6
-7
-12
-11
-5
-7
-8
-8
-8
-7
-12
-11
-16
-16
-12
-12
-13
-11
-12
-12
-11
-11
-13
-12
-14
-11
-12
-12
-16
-18
-21
-21
-22
-25
-23
-20
-24
-22
-23
-29
-23
-23
-17
-17
-19
-14
-18
-19
-21
-20
-24
-20
-20
-21
-27
-23
-19
-23
-27
-29
-29
-30
-27
-27
-29
-32
-31
-30
-31
-32
-35
-34
-36
-35
-36
-33
-31
-33
-35
-36
-35
-33
-29
-29
-28
-29
-30
-27
-25
-25
-25
-22
-21
-25
-21
-18
-20
-14
-7
-8
-8
-3
2
1
1
-1
1
-3
-3
-1
-5
-6
-10
-10
-9
-9
-10
-8
-11
-12
-12
-18
-17
-18
-17
-19
-20
-20
-23
-21
-22
-28
-30
-28
-30
-28
-23
-24
-26
-23
-16
-17
-15
-12
-16
-12
-13
-9
-13
-10
-7
-5
-3
1
-1
-2
2
1
3
2
2
5
8
5
11
9
12
12
19
19
18
18
16
20
21
19
22
25
25
27
24
28
29
31
31
29
25
22
25
23
20
21
20
22
18
14
17
15
18
21
22
23
26
24
20
16
14
11
12
14
11
11
13
7
11
9
10
11
9
8
9
12
6
6
3
6
4
6
7
7
8
10
8
9
13
17
16
18
25
25
20
21
22
18
20
18
14
12
11
9
5
3
1
3
-1
-2
-6
-4
-3
-10
-6
-9
-15
-11
-8
-10
-14
-23
-20
-18
-16
-17
-23
-22
-23
-24
-22
-23
-27
-27
-28
-31
-34
-35
-38
-36
-38
-39
-33
-32
-30
-29
-32
-25
-26
-23
-20
-18
-15
-15
-11
-12
-8
-6
-4
-3
-5
-9
-7
-11
-11
-10
-9
-10
-10
-10
-10
-6
-8
-2
3
-2
-1
3
6
5
4
0
0
0
-8
-4
-8
-9
-6
-7
-9
-7
-10
-11
-11
-14
-14
-17
-17
-15
-14
-17
-18
-18
-16
-22
-23
-21
-20
-18
-19
-18
-19
-18
-18
-18
-18
-12
-13
-11
-10
-8
-7
-6
0
-1
-4
-5
-3
0
2
-1
3
0
4
3
2
3
4
1
-4
-5
-8
-12
-15
-16
-17
-19
-20
-26
-18
-17
-19
-24
-25
-23
-25
-26
-32
-36
-36
-38
-41
-40
-41
-45
-42
-44
-44
-45
-43
-42
-40
-41
-42
-41
-37
-35
-35
-31
-34
-32
-33
-30
-29
-28
-25
-26
-26
-23
-25
-29
-27
-24
-25
-22
-22
-21
-21
-19
-16
-19
-17
-17
-16
-20
-20
-14
-16
-11
-17
-14
-8
-5
-10
-9
0
-4
-4
-5
2
-3
0
-1
-5
-1
1
-4
-3
-3
-5
-2
-7
-4
-6
-5
-2
-4
-1
-3
-4
-4
-5
-7
-5
-6
-7
-6
-10
-7
-2
-1
0
2
6
8
6
7
11
14
19
22
19
22
22
17
23
25
24
27
25
25
24
26
32
31
35
37
37
35
36
35
32
31
31
29
20
17
8
9
11
8
8
5
4
3
-1
-1
-2
4
-4
-8
-8
-14
-13
-14
-14
-16
-16
-17
-16
-18
-17
-17
-14
-12
-13
-10
-11
-14
-14
-12
-11
-13
-12
