4
2
-1
1
1
7
5
2
3
1
-3
-3
-3
-2
0
-5
-4
1
-2
-6
-2
-3
-2
0
-2
1
2
3
0
8
7
1
1
6
3
7
8
7
8
5
0
-1
4
-2
2
-2
-3
-7
-5
-7
-2
-3
-8
-3
-7
-2
-6
-9
-16
-15
-12
-10
-10
-12
-7
-10
-9
-11
-10
-9
-9
-6
-7
-5
-3
-3
-1
1
0
-4
-4
-5
-5
-5
-6
-5
-4
-2
-3
-3
-8
-13
-6
-6
-9
-6
-7
-10
-11
-12
-11
-11
-12
-12
-12
-12
-7
-8
-12
-10
-7
-13
-12
-11
-6
-7
-7
-4
-12
-12
-13
-12
-9
-13
-17
-17
-14
-13
-14
-18
-16
-10
-7
-9
-6
-7
-4
-4
-5
-8
-6
-1
2
4
3
2
3
4
7
7
9
11
9
6
8
11
13
10
10
10
6
10
7
6
7
5
5
6
5
6
5
2
6
7
2
2
2
2
0
-5
-3
-6
-1
-1
-6
-4
-12
-12
-9
-8
-7
-3
-6
-10
-6
-6
-4
-9
-7
-9
-8
-6
-4
-7
-5
-7
-6
-4
-9
-5
-8
-3
-8
-4
-6
-7
-8
-10
-11
-12
-15
-14
-15
-16
-15
-17
-14
-16
-14
-16
-16
-14
-13
-12
-12
-11
-13
-19
-15
-16
-22
-26
-23
-23
-24
-20
-25
-26
-25
-25
-23
-23
-23
-20
-20
-20
-20
-19
-19
-18
-15
-15
-15
-14
-13
-16
-12
-18
-17
-18
-18
-15
-17
-13
-16
-18
-16
-17
-15
-12
-12
-13
-10
-14
-14
-10
-6
-6
-7
-9
-9
-9
-7
-6
-10
-7
-6
-7
-10
-8
-9
-11
-11
-14
-13
-10
-13
-12
-8
-12
-14
-13
-15
-14
-14
-15
-15
-12
-14
-16
-11
-17
-17
-10
-12
-9
-11
-17
-11
-13
-12
-11
-10
-11
-2
-1
0
-2
0
-1
-1
-2
-4
0
-6
3
-3
1
-4
-6
-1
-2
0
-4
-4
-4
-9
-7
-5
-6
-6
-8
-5
-6
-1
-1
0
0
-1
2
0
0
0
1
-4
-4
-4
-5
-6
-5
-6
-5
-10
-8
-6
-5
-11
-8
-8
-11
-9
-11
-11
-15
-13
-14
-15
-12
-14
-12
-11
-16
-12
-11
-16
-17
-19
-14
-15
-17
-18
-18
-17
-15
-11
-15
-15
-13
-12
-9
-9
-9
-8
-13
-9
-7
-6
-11
-16
-10
-11
-14
-17
-17
-16
-18
-19
-18
-19
-17
-17
-16
-13
-14
-11
-14
-14
-22
-17
-16
-20
-17
-15
-13
-16
-12
-17
-12
-11
-15
-13
-11
-13
-11
-9
-11
-8
-11
-9
-11
-11
-12
-12
-12
-10
-7
-8
-11
-12
-8
-10
-7
-10
-10
-11
-11
-16
-14
-11
-12
-13
-14
-11
-14
-6
-9
-7
-5
-4
-7
-9
-6
-6
-10
-12
-8
-11
-5
-3
-9
-8
-6
-10
-7
-5
-5
-6
-10
-6
-3
-2
-6
-2
0
-1
0
1
-3
2
5
-2
5
1
2
4
3
4
3
4
-1
5
0
-1
0
1
5
4
5
5
3
1
1
4
4
2
4
1
2
2
4
0
1
-2
-2
-3
-7
-11
-11
-11
-15
-8
-11
-11
-9
-14
-13
-12
-16
-13
-14
-14
-13
-12
-11
-11
-10
-13
-12
-12
-10
-10
-14
-13
-15
-17
-17
-15
-17
-11
-14
-15
-15
-15
-12
-16
-15
-11
-10
-11
-12
-12
-7
-6
-4
0
-5
-6
-1
-3
-4
-6
-6
-9
-8
-6
-9
-7
-8
-7
-11
-10
-10
-11
-8
-9
-8
-3
-5
-7
-10
-13
-9
-10
-8
-6
-9
-8
-7
-10
-14
-16
-10
-13
-13
-10
-11
-13
-11
-13
-13
-14
-9
-13
-14
-13
-13
-9
-13
-15
-14
-12
-15
-12
-10
-8
-12
-11
-6
-8
-10
-11
-6
-7
-10
-13
-8
-9
-8
-6
-7
-7
-9
-8
-6
-8
-8
-9
-14
-12
-11
-12
-12
-8
-9
-8
-11
-9
-7
-8
-4
-7
-6
-7
-4
-4
-5
-5
-7
-5
-9
-10
-13
-9
-11
-10
-8
-12
-9
-10
-15
-11
-10
-11
-9
-9
-12
-9
-12
-13
-13
-13
-12
-12
-14
-13
-12
-14
-18
-11
-13
-15
-18
-15
-14
-11
-15
-18
-16
-23
-18
-20
-20
-19
-18
-20
-21
-16
-19
-19
-18
-19
-17
-16
-17
-20
-13
-9
-10
-9
-11
-11
-10
-13
-9
-8
-11
-13
-15
-14
-13
-15
-16
-15
-18
-21
-20
-17
-18
-18
-19
-19
-17
-16
-21
-12
-10
-14
-13
-6
-8
-8
-9
-9
-10
-13
-7
-5
-11
-14
-8
-10
-16
-16
-14
-14
-20
-18
-17
-19
-15
-12
-9
-13
-8
-11
-15
-12
-7
-12
-15
-13
-11
-12
-10
-5
-8
-6
-6
-3
-9
-9
-10
-10
-12
-14
-14
-18
-12
-16
-12
-13
-13
-15
-15
-9
-9
-13
-11
-12
-15
-13
-9
-7
-8
-11
-14
-11
-7
-10
-14
-12
-13
-18
-14
-10
-10
-12
-14
-14
-15
-9
-14
-17
-16
-11
-8
-9
-9
-12
-14
-14
-12
-9
-11
-15
-8
-9
-8
-5
-3
-7
-11
-12
-13
-7
-15
-18
-15
-12
-14
-21
-22
-17
-16
-19
-15
-16
-17
-24
-24
-22
-25
-24
-23
-23
-24
-27
-24
-27
-30
-29
-25
-23
-34
-26
-24
-29
-30
-24
-22
-31
-27
-25
-30
-28
-22
-27
-23
-19
-23
-29
-20
-11
-27
-23
-18
-19
-23
-17
-15
-21
-21
-19
-15
-14
-16
-15
-10
-14
-14
-14
-10
-18
-17
-9
-11
-17
-16
-10
-8
-15
-9
-7
-16
-16
-9
-11
-17
-17
-14
-15
-16
-10
-2
-15
-23
-7
-5
-16
-24
-9
-9
-23
-24
-18
-19
-23
-18
-14
-28
-14
-7
-19
-16
-5
-7
-14
-9
-6
-7
-11
-5
-6
-9
-8
-8
-3
-11
-4
4
-15
-6
1
-2
-9
-2
-4
-2
-2
-8
-10
-5
-3
-17
-5
2
-1
-7
1
6
-2
4
10
5
1
11
-1
1
2
2
6
-3
-3
4
-6
-14
2
9
-13
-10
15
-4
-19
-6
5
0
-21
-10
19
-10
-23
2
10
-20
-14
9
-4
-18
2
0
-17
-9
2
-7
-22
1
9
-26
-20
9
-8
-30
-13
5
-21
-37
0
5
-34
-24
10
-14
-35
-6
3
-33
-21
12
-23
-33
1
-1
-40
-13
9
-29
-26
9
-14
-26
-1
-1
-28
-14
4
-27
-25
-8
-18
-23
-13
-21
-20
-13
-21
-19
-2
-13
-26
-12
5
-31
-26
13
-5
-34
-2
21
-19
-28
14
3
-28
-9
18
-4
-23
5
4
-8
-3
5
3
-6
-17
-9
5
-12
-20
4
7
-16
-11
14
-2
-15
6
10
-1
-10
9
8
-12
3
17
6
-1
19
-4
-2
10
-4
-10
8
4
-16
5
16
-2
-15
15
9
-18
-1
19
-2
-18
14
7
-5
-1
15
-6
-7
18
-2
-6
9
14
-6
0
9
2
-7
7
6
-12
10
8
-10
-4
18
-1
-1
12
5
4
8
1
9
14
-3
0
15
9
-16
1
16
-9
-28
28
12
-26
0
27
-11
-19
19
0
-18
-2
7
-10
-19
0
-2
-24
-6
-1
-31
-8
-10
-26
-28
-1
-32
-33
-5
-20
-30
-8
-6
-27
-16
-6
-15
-22
-12
-7
-31
-18
0
-16
-14
-6
-5
-7
-4
-16
1
17
-12
-19
13
6
-32
5
20
-19
-20
19
5
-33
6
32
-29
-1
21
-4
-9
14
-4
4
9
-11
-5
15
-5
-25
22
8
-28
-6
27
-8
-33
12
14
-8
-22
8
20
-17
-30
31
16
-46
-3
29
-8
-39
23
23
-18
-19
20
31
-22
-18
36
23
-44
-5
47
-6
-43
22
35
-28
-23
36
24
-38
-8
40
-4
-32
28
29
-23
-9
27
5
-25
-9
6
-7
-23
3
10
-8
-1
14
8
-3
-1
19
1
-6
13
9
-3
6
18
-9
10
19
0
1
-10
21
13
-27
24
25
-21
-9
39
-25
-22
27
3
-22
4
15
-11
-5
22
-9
-12
21
-11
-15
27
6
-33
21
20
-40
10
29
-25
-17
28
2
-33
6
24
-20
-25
43
-17
-32
21
14
-30
-10
42
-29
-30
33
8
-50
4
27
-36
-28
18
15
-56
6
31
-31
-10
0
11
-23
-13
13
-5
-19
-8
8
2
-22
-7
30
-12
-20
27
21
-24
-4
42
-12
-8
13
26
-20
-16
35
-9
-21
3
39
-28
-3
19
9
-27
23
17
-3
6
43
-20
12
56
-8
-15
59
26
-29
11
58
-20
-33
61
-17
-24
20
24
-38
13
13
-18
5
25
-2
-14
6
13
3
-16
26
25
-6
19
14
14
4
6
4
27
-7
22
-5
19
17
-4
18
16
-1
15
20
-6
5
30
3
-20
40
25
-25
8
44
-19
12
23
0
8
24
-4
-12
33
5
-23
15
28
-14
-21
28
6
-5
-10
12
12
-8
-12
18
10
-15
17
-7
5
20
-24
-10
37
-18
-36
35
-3
-42
23
9
-40
7
15
-29
2
-1
-18
-7
-13
-15
3
3
-42
3
-1
-11
-39
3
9
-27
-24
30
4
-24
-4
25
-8
-23
18
3
-3
-20
23
6
-13
-4
24
-17
17
-11
-2
24
4
-21
5
33
-17
-1
6
23
-12
-10
30
-12
-8
-8
20
-11
5
1
8
-15
14
-16
-2
2
-4
-12
16
0
-24
32
-6
3
-9
27
3
-9
-2
52
-27
-23
50
18
-40
24
33
-5
2
23
23
3
-4
23
10
3
11
-1
35
-1
-2
20
17
-12
22
8
2
-1
18
9
-19
22
19
-33
7
40
-13
-12
26
19
-10
-6
47
-6
-11
24
19
-7
5
25
-7
-2
25
5
7
4
5
26
-11
-9
23
32
-43
9
47
-11
-23
27
35
-25
-12
45
25
-20
-1
55
-6
-31
35
30
-25
-11
47
8
-38
24
36
-22
-13
54
5
-39
32
15
-12
-7
21
-3
19
-22
7
22
-10
-26
17
8
-28
1
11
3
-38
17
-1
-14
-17
19
-22
-19
11
-17
-18
10
9
-27
7
9
-3
-7
11
11
-4
-13
35
16
-33
13
35
-11
-16
35
11
-8
4
19
7
-13
26
14
4
-2
24
22
6
8
29
20
11
8
40
12
0
24
29
14
0
24
22
0
4
28
21
-8
17
48
-16
1
40
22
-31
51
8
3
12
37
1
-23
65
10
-36
26
48
-41
2
44
6
-30
43
12
-6
9
22
8
11
4
18
39
-30
24
45
-12
-3
45
6
-2
14
8
20
-14
6
23
4
-15
15
15
11
-29
27
13
12
1
-10
48
-12
-14
5
36
-8
-11
35
23
-39
42
30
-27
14
38
13
-32
55
17
-26
19
42
-16
-1
32
5
-5
18
8
-11
21
5
-5
-22
44
-33
-17
30
2
-43
18
32
-34
-26
63
-25
-26
52
0
-39
27
30
-42
14
30
-24
-30
45
-4
-43
26
56
-68
-2
65
-20
-55
44
24
-51
15
24
-6
-18
-3
41
-12
-21
25
32
-47
22
24
16
-41
41
30
-18
-2
32
20
-17
20
27
20
12
-6
50
33
-8
28
64
-5
1
69
31
-29
48
70
-30
9
90
-7
-20
86
13
-11
58
58
-24
21
71
9
-31
90
27
-23
40
73
-12
4
80
9
0
44
34
-5
54
32
-22
74
28
-17
40
75
-51
24
90
0
-45
98
44
-73
72
81
-50
-13
117
1
-47
73
51
-15
12
53
26
13
7
56
33
-19
48
70
-10
7
64
43
-11
23
70
21
-1
46
53
0
21
53
24
28
15
40
35
-11
26
55
5
-18
72
21
-22
39
57
3
-15
71
31
-44
52
37
-34
30
26
-12
28
-4
13
7
9
0
16
12
-9
4
18
-3
2
27
-5
-5
10
18
2
-35
42
-2
-30
7
43
-18
-36
52
-13
-23
7
37
-37
-2
36
8
-27
18
50
-41
-2
52
7
-27
14
62
-17
-8
26
30
16
-32
68
28
-14
22
62
-19
10
64
9
5
20
56
-16
31
20
28
1
14
29
20
12
-10
77
-27
14
26
16
-5
22
18
7
17
-4
47
-1
11
17
50
-27
46
29
19
-10
80
2
6
63
30
9
2
70
-13
22
29
14
-2
49
-22
21
16
6
2
5
45
-17
13
39
1
-3
67
-22
12
52
-22
26
30
4
5
41
0
18
24
3
24
28
13
1
44
21
-7
35
33
1
33
22
43
-5
23
51
-3
-10
50
16
7
22
33
13
11
6
54
-2
-19
49
29
-25
13
51
-20
4
38
-3
15
23
-3
20
25
-29
54
-16
-11
35
-5
7
-13
21
-5
1
-9
35
-18
-7
22
11
-32
37
1
6
-10
19
35
-33
36
11
-7
8
21
-9
16
20
4
-21
38
44
-49
27
61
-26
0
64
9
-5
50
13
3
39
30
5
11
44
6
8
29
32
-11
33
27
-17
52
25
-26
54
8
-4
67
-41
37
51
-45
45
52
-15
10
42
47
7
-8
74
46
-37
48
66
2
18
30
40
22
32
0
54
39
-20
32
52
12
-10
73
33
-13
62
63
-12
-3
126
-22
-14
75
65
-29
-13
144
-33
-54
111
56
-108
75
97
-79
52
71
18
-36
91
40
-34
29
137
-80
19
123
-21
-20
86
63
-67
93
31
-18
46
56
-40
38
57
17
-26
90
18
18
-2
85
15
-18
61
54
-35
39
85
-40
8
113
-44
-4
87
17
-73
66
107
-92
-15
150
-48
-54
71
71
-75
10
107
-40
-32
73
44
-98
48
74
-41
-44
78
20
-41
-23
100
-18
-32
45
10
5
29
-29
-10
93
-32
-87
148
36
-162
132
75
-102
21
135
-68
-46
157
-30
-69
75
85
-59
-37
139
-50
-16
36
8
-5
43
-2
9
21
61
-20
27
30
14
57
-26
41
0
28
19
34
-55
79
27
-53
61
27
12
0
93
-24
-23
138
-3
-64
81
113
-99
25
152
-63
4
80
42
-60
97
62
-75
85
40
-8
37
36
10
26
41
41
-23
42
76
-18
-17
87
20
-14
19
75
1
-15
94
19
-23
76
82
-72
65
66
-13
39
29
36
8
38
22
13
-19
50
3
-3
38
22
-32
56
35
-54
47
53
-15
-14
87
7
-28
49
33
-7
2
76
4
-18
50
31
-44
70
25
-36
63
19
-12
42
37
-19
5
53
14
-33
25
42
-12
-29
24
41
-51
5
65
-24
-47
81
-2
-31
72
20
-9
41
43
-28
7
61
-22
-33
69
-14
-13
37
-2
-2
3
12
10
-19
-5
46
-29
-36
48
-3
-31
35
22
2
-30
44
15
-43
38
35
-29
5
60
-27
-11
42
-8
2
27
-5
23
36
-26
21
49
-7
-16
35
74
-45
-15
81
4
-24
18
51
25
-30
28
49
-30
12
42
11
-3
35
33
-6
38
16
41
5
29
47
-2
31
31
12
7
22
17
26
-6
27
39
17
12
28
38
1
24
25
52
10
34
39
15
48
17
24
28
22
33
7
-1
26
24
-11
1
51
14
-26
30
20
6
6
17
62
35
-6
27
57
20
-10
49
69
14
5
55
23
-25
45
23
0
24
8
-1
24
19
-6
11
18
-3
-23
36
3
-38
26
24
-34
5
28
-18
-12
35
12
-18
14
17
-5
11
3
15
30
-8
-22
46
30
-36
-17
51
19
-46
22
49
6
-28
17
41
4
-20
27
30
-18
-12
0
0
-30
-22
15
-27
-17
7
-7
5
-7
21
17
23
11
34
33
-9
17
48
-21
-22
30
-4
-54
-10
1
-41
-40
-12
1
-29
-30
-14
0
-12
-28
15
15
-12
6
40
7
-1
24
35
-2
3
48
3
-28
13
34
-13
-20
34
22
-16
2
40
27
-1
41
58
24
28
49
49
37
10
39
47
7
3
27
28
-6
-2
44
15
-1
29
27
19
19
37
25
30
37
32
40
30
23
43
29
26
28
30
18
12
9
24
9
-14
17
15
-9
-10
13
8
-21
0
7
-4
-11
13
12
-6
9
17
14
8
8
1
3
11
-7
9
15
-19
-26
-13
-4
-41
-34
-17
-38
-46
-35
-33
-53
-62
-62
-69
-62
-64
-93
-79
-77
-81
-87
-70
-65
-82
-64
-31
1
31
78
84
96
132
156
164
185
200
188
187
187
170
126
106
85
43
32
28
-15
-51
-58
-80
-98
-83
-78
-89
-82
-56
-36
-30
-2
22
35
68
102
116
145
149
151
163
176
171
148
150
136
100
79
76
44
-2
5
-5
-59
-55
-56
-83
-91
-66
-67
-84
-51
-35
-55
-22
-8
-12
-9
13
7
0
18
0
-12
-2
-24
-41
-37
-47
-58
-63
-50
-55
-66
-49
-47
-51
-48
-28
-36
-50
-28
-20
-22
-25
0
-30
-42
-28
-33
-33
-42
-44
-51
-56
-43
-57
-60
-65
-86
-77
-96
-135
-163
-167
-197
-229
-161
-41
87
96
69
114
154
196
267
360
367
324
342
382
343
247
191
176
128
111
100
45
-86
-168
-171
-166
-172
-151
-143
-159
-146
-94
-50
-38
-25
30
96
149
198
202
183
158
160
201
217
177
132
112
71
28
17
7
-51
-106
-109
-116
-127
-143
-166
-160
-149
-114
-84
-51
-32
-32
12
60
93
120
147
166
160
176
184
163
143
123
122
107
77
38
5
-39
-67
-69
-74
-90
-90
-88
-88
-89
-70
-69
-62
-39
-22
-1
2
-7
-25
-19
-19
-24
-22
-27
-53
-65
-75
-87
-110
-116
-113
-123
-121
-130
-140
-129
-111
-103
-81
-56
-72
-69
-59
-48
-56
-43
-29
-23
-26
-40
-67
-75
-90
-112
-112
-102
-110
-136
-176
-206
-231
-262
-191
-8
165
156
89
114
196
223
260
378
405
328
314
368
324
178
90
77
69
36
31
-21
-157
-256
-268
-211
-160
-157
-128
-114
-102
-43
7
40
51
98
164
230
266
240
189
143
134
162
172
131
58
2
-45
-89
-103
-86
-131
-181
-181
-152
-131
-153
-169
-143
-104
-51
9
63
63
47
63
130
179
176
188
207
176
167
183
159
113
83
78
72
51
16
-27
-72
-89
-95
-72
-60
-59
-57
-53
-36
-12
8
20
49
77
85
87
74
46
19
7
2
-20
-46
-83
-121
-154
-183
-196
-195
-194
-188
-185
-181
-179
-174
-150
-126
-101
-73
-43
-32
-54
-65
-49
-51
-53
-60
-68
-79
-88
-94
-131
-147
-147
-130
-119
-113
-109
-159
-205
-223
-239
-237
-185
32
243
233
72
44
189
225
243
373
445
334
218
267
276
125
-21
-4
50
23
-38
-99
-199
-311
-343
-247
-105
-81
-112
-117
-76
-49
0
73
118
143
192
258
264
216
144
98
99
143
151
82
-9
-91
-155
-174
-145
-110
-125
-180
-197
-156
-120
-126
-125
-73
2
47
89
122
118
80
81
154
208
190
160
132
96
48
17
18
-4
14
61
87
95
51
9
2
52
104
122
145
115
73
44
54
58
17
31
28
20
10
-35
-85
-119
-113
-80
-38
-29
-73
-121
-139
-135
-127
-100
-90
-97
-113
-127
-149
-154
-148
-137
-112
-90
-61
-61
-100
-110
-99
-75
-48
-34
-31
-76
-115
-120
-139
-155
-150
-136
-152
-178
-177
-176
-171
-172
-182
-161
-162
-168
-202
-237
-186
57
352
271
-3
23
270
297
217
355
457
263
77
191
296
107
-155
-153
9
1
-135
-188
-191
-332
-440
-261
-22
-12
-142
-137
-34
35
76
146
201
173
169
242
291
253
117
14
22
77
74
-12
-107
-188
-260
-289
-227
-134
-145
-272
-295
-165
-54
-77
-108
-41
33
48
90
205
221
112
42
138
241
195
104
59
44
-12
-49
-11
-12
-108
-203
-118
103
122
19
0
68
121
135
257
266
207
143
143
230
187
103
-11
15
51
-17
-26
-82
-131
-205
-163
-65
-74
-84
-145
-146
-100
-53
-54
-57
-46
-88
-92
-48
-6
-60
-119
-124
-71
-23
-69
-106
-127
-111
-125
-128
-58
-41
-86
-102
-52
-35
-86
-136
-140
-115
-87
-96
-113
-130
-177
-197
-192
-174
-196
-229
-210
-268
-230
68
379
265
-41
52
380
427
301
379
513
355
100
176
362
234
-147
-253
-12
40
-208
-357
-248
-299
-496
-398
-75
24
-183
-260
-56
136
140
121
204
257
199
212
339
347
188
19
-2
80
96
-6
-143
-216
-252
-295
-285
-176
-123
-287
-377
-213
-16
-42
-149
-61
73
85
70
191
291
183
48
102
271
277
130
51
75
42
-52
-54
10
-63
-210
-220
-7
147
43
-55
-42
47
100
189
284
246
186
109
185
237
184
81
-2
58
48
11
-52
-121
-182
-230
-149
-87
-58
-132
-217
-197
-119
-61
-63
-51
-76
-93
-64
-3
9
-69
-120
-102
-10
3
-58
-105
-120
-125
-132
-40
14
-40
-128
-143
-95
-65
-58
-75
-91
-116
-121
-93
-73
-134
-185
-135
-77
-62
-63
-100
-193
-265
-227
1
351
444
204
6
169
369
342
310
404
439
269
138
207
285
64
-247
-223
13
37
-164
-251
-249
-341
-423
-284
-23
47
-88
-158
-32
108
117
100
143
180
193
240
273
240
122
-36
-88
18
107
21
-133
-210
-231
-277
-256
-146
-114
-215
-274
-153
-21
-28
-76
-29
43
44
98
213
256
162
54
68
142
193
155
88
60
16
-55
-66
-41
-72
-151
-157
21
136
83
-8
-24
51
105
214
266
270
210
110
119
138
154
63
23
49
30
11
-84
-137
-190
-197
-152
-117
-61
-106
-159
-186
-140
-84
-39
-21
-54
-57
-41
-12
-36
-57
-75
-59
-30
-41
-32
-63
-92
-130
-112
-36
0
-3
-48
-72
-87
-102
-96
-63
-46
-58
-79
-93
-118
-151
-114
-70
-56
-79
-89
-104
-174
-203
-92
200
391
268
96
162
342
333
253
336
466
395
215
196
304
238
-47
-165
-19
75
-42
-171
-159
-202
-318
-326
-179
-35
-43
-113
-99
-14
53
83
106
118
153
226
245
230
211
180
96
19
67
120
72
-48
-120
-134
-146
-140
-146
-167
-194
-197
-168
-135
-103
-69
-67
-101
-70
42
127
120
84
95
114
115
127
160
165
111
51
44
75
54
-9
-43
24
83
73
41
2
4
16
62
102
131
138
82
54
43
53
55
42
34
2
16
-7
-50
-89
-105
-107
-124
-99
-83
-99
-133
-159
-155
-123
-108
-139
-136
-88
-56
-74
-98
-79
-55
-43
-68
-56
-25
-34
-79
-86
-28
-11
-37
-61
-62
-61
-63
-57
-67
-66
-68
-76
-89
-73
-73
-93
-92
-83
-86
-92
-109
-179
-214
-185
-98
95
267
238
92
96
235
313
312
333
410
421
326
255
291
315
164
-18
-21
69
53
-56
-142
-193
-240
-281
-279
-196
-119
-133
-183
-163
-53
48
62
26
62
165
210
194
229
279
242
143
99
138
155
106
35
-7
-25
-35
-51
-108
-182
-192
-162
-175
-191
-136
-82
-129
-189
-139
-19
35
14
11
62
118
105
75
124
173
136
80
87
145
146
87
83
123
133
106
68
67
88
93
51
34
67
68
26
-31
-35
-17
-7
-35
-60
-34
-39
-70
-86
-53
-36
-52
-74
-73
-53
-63
-74
-88
-82
-91
-113
-126
-124
-99
-111
-125
-138
-101
-69
-76
-98
-113
-80
-74
-71
-56
-36
-33
-67
-81
-71
-51
-62
-82
-73
-63
-68
-94
-104
-107
-93
-93
-116
-122
-122
-127
-172
-213
-215
-103
71
159
133
93
146
200
224
232
274
335
341
288
268
316
309
205
84
53
73
69
31
-21
-60
-99
-159
-208
-193
-138
-131
-170
-168
-97
-37
-43
-67
-49
17
33
27
73
143
147
92
68
76
95
98
102
95
90
88
76
36
4
10
9
-29
-67
-42
-2
-28
-83
-93
-62
-63
-85
-90
-70
-38
-41
-65
-50
-7
16
-12
-36
6
71
135
178
209
233
220
204
199
241
253
213
185
160
150
103
49
-12
-61
-83
-123
-131
-128
-140
-180
-196
-172
-155
-131
-112
-104
-113
-95
-59
-33
-33
-49
-51
-48
-41
-42
-40
-45
-60
-69
-67
-60
-55
-58
-67
-73
-58
-43
-32
-36
-56
-73
-75
-57
-47
-46
-49
-55
-72
-84
-78
-65
-69
-92
-93
-72
-53
-69
-110
-121
-111
-129
-153
-87
42
128
109
71
116
174
179
160
196
255
260
238
254
298
294
218
138
116
110
98
87
76
39
-19
-67
-92
-94
-97
-97
-113
-118
-115
-83
-45
-44
-66
-75
-52
-32
4
38
53
45
42
54
69
102
123
112
97
104
121
118
105
88
73
57
38
31
46
37
4
-35
-44
-35
-46
-65
-70
-66
-56
-43
-34
-37
-30
-24
-27
-16
20
104
172
180
174
190
214
203
200
216
222
195
158
144
132
108
46
-5
-40
-58
-63
-75
-84
-102
-108
-111
-118
-111
-100
-95
-110
-109
-96
-61
-45
-69
-91
-97
-86
-81
-79
-72
-61
-58
-69
-66
-46
-23
-24
-42
-40
-28
-15
-13
-19
-41
-62
-75
-76
-65
-63
-81
-109
-123
-122
-111
-102
-100
-102
-99
-84
-62
-67
-102
-121
-125
-128
-142
-124
-20
74
72
18
25
94
133
124
136
194
236
225
206
240
274
235
166
129
126
120
91
52
28
2
-28
-48
-61
-80
-93
-100
-111
-108
-92
-65
-54
-60
-56
-39
-24
-19
3
33
45
54
53
65
90
109
119
104
96
91
87
78
74
87
72
41
21
15
11
-9
-33
-55
-67
-57
-37
-33
-34
-35
-43
-55
-59
-49
-33
-11
8
46
105
144
145
135
138
160
172
161
155
160
155
129
103
97
76
36
-5
-26
-28
-20
-25
-43
-61
-65
-61
-62
-61
-54
-55
-72
-72
-65
-59
-60
-74
-103
-118
-107
-83
-75
-80
-85
-91
-80
-61
-48
-34
-22
-21
-26
-27
-26
-30
-35
-41
-52
-48
-52
-61
-74
-90
-101
-109
-102
-86
-78
-83
-86
-85
-82
-70
-65
-61
-74
-101
-112
-119
-136
-158
-134
-47
39
59
31
31
68
95
105
129
168
195
190
174
202
227
198
129
72
63
61
44
27
-2
-38
-70
-87
-86
-93
-114
-132
-136
-128
-108
-73
-52
-45
-45
-28
-7
8
20
25
44
67
71
65
79
91
80
51
41
62
62
40
24
35
38
6
-22
-25
-18
-10
-17
-24
-25
-25
-21
-33
-46
-38
-32
-49
-68
-57
-14
11
25
50
84
113
115
96
100
114
118
115
125
144
133
95
50
32
31
15
-13
-32
-32
-39
-59
-67
-62
-67
-79
-87
-84
-69
-59
-66
-76
-76
-69
-55
-54
-66
-76
-80
-65
-62
-67
-56
-42
-32
-37
-37
-23
-12
-27
-39
-37
-24
-29
-51
-58
-62
-63
-69
-73
-85
-93
-91
-86
-93
-100
-88
-79
-82
-82
-65
-53
-58
-88
-104
-105
-105
-125
-141
-130
-76
11
70
70
43
61
95
117
131
164
198
203
182
172
200
213
165
92
53
41
28
23
10
-21
-58
-90
-105
-113
-118
-119
-112
-119
-114
-84
-40
-24
-41
-43
-25
-6
4
26
53
69
70
55
48
66
75
63
48
45
53
48
32
42
51
38
7
-4
2
-1
-16
-26
-33
-30
-29
-32
-34
-46
-57
-62
-70
-68
-36
0
35
61
96
122
138
137
142
163
173
175
168
169
164
135
90
57
28
-2
-26
-43
-53
-71
-88
-96
-98
-94
-92
-82
-73
-67
-58
-47
-36
-33
-33
-25
-20
-20
-30
-35
-32
-38
-42
-44
-36
-27
-29
-36
-43
-37
-34
-45
-55
-57
-52
-49
-43
-45
-53
-59
-59
-69
-76
-63
-61
-74
-92
-89
-69
-64
-61
-56
-49
-45
-56
-85
-104
-110
-135
-171
-165
-66
63
107
44
6
52
101
111
111
164
221
219
180
180
208
198
127
58
33
29
32
16
-17
-60
-90
-109
-134
-152
-142
-113
-113
-134
-123
-76
-40
-42
-56
-39
-13
-9
0
39
66
70
56
37
48
63
73
59
38
40
53
49
36
46
38
-3
-50
-51
-31
-29
-40
-48
-52
-64
-62
-57
-65
-68
-54
-53
-66
-54
-22
12
47
82
136
189
214
203
195
204
209
208
198
193
177
142
102
58
17
-16
-55
-91
-102
-89
-91
-109
-120
-112
-83
-66
-59
-41
-13
2
-4
-3
8
13
7
-13
-26
-24
-23
-23
-41
-58
-54
-51
-43
-47
-44
-37
-38
-53
-73
-64
-47
-41
-43
-48
-44
-39
-52
-74
-76
-68
-67
-83
-93
-87
-77
-65
-67
-58
-55
-81
-113
-138
-145
-144
-124
-16
122
160
97
57
113
175
180
193
243
288
268
217
219
239
204
115
36
32
43
24
-5
-50
-100
-145
-162
-153
-132
-119
-121
-129
-134
-101
-52
-12
-14
-24
-11
21
49
66
83
97
81
60
60
70
90
84
54
34
40
37
11
-8
-4
-11
-48
-77
-63
-45
-55
-87
-101
-83
-80
-82
-84
-69
-47
-27
-2
21
47
66
79
102
136
166
188
191
183
179
184
169
129
103
90
72
46
16
-4
-30
-57
-82
-96
-82
-70
-77
-83
-78
-68
-51
-33
-22
-8
1
1
-1
-2
7
11
-6
-18
-24
-25
-15
-34
-66
-80
-74
-71
-62
-55
-46
-38
-47
-66
-68
-57
-50
-55
-75
-64
-52
-42
-33
-38
-39
-47
-52
-46
-17
-9
-26
-42
-46
-36
-23
-16
-43
-85
-106
-117
-135
-149
-108
31
168
173
72
46
126
192
191
200
262
301
246
165
154
183
138
22
-43
-17
8
-23
-77
-123
-147
-164
-150
-119
-65
-25
-24
-35
-33
13
72
96
88
88
115
142
138
111
95
78
52
28
18
26
21
-23
-90
-113
-91
-80
-106
-120
-84
-58
-79
-92
-55
-15
-24
-35
4
50
66
53
48
50
58
60
52
50
51
34
3
14
65
117
131
104
81
74
95
97
77
65
62
59
38
37
27
7
-23
-41
-28
8
26
-2
-29
-32
-11
13
38
44
20
-8
-27
-39
-40
-41
-54
-89
-114
-116
-104
-91
-114
-140
-138
-100
-60
-31
-13
-3
-10
-22
-17
5
21
5
-24
-44
-51
-53
-53
-65
-80
-103
-106
-84
-61
-55
-69
-81
-73
-51
-29
-11
-32
-59
-85
-96
-110
-90
45
221
272
143
52
126
238
264
229
253
294
255
157
103
126
100
-4
-87
-64
-8
-30
-110
-184
-201
-167
-108
-50
-1
20
16
8
16
75
144
169
142
105
134
163
133
69
25
15
-3
-25
-36
-43
-74
-132
-177
-153
-89
-69
-107
-137
-98
-37
-16
-19
17
59
60
31
56
120
118
62
23
40
76
99
84
49
13
-12
-17
-1
33
45
32
4
-6
26
77
81
38
17
51
104
110
94
74
58
43
37
60
96
88
18
-44
-54
-16
4
-14
-43
-71
-86
-90
-89
-85
-83
-95
-101
-89
-58
-41
-44
-60
-66
-45
-5
33
27
-5
-24
-21
-11
-18
-24
-39
-58
-77
-87
-78
-78
-92
-89
-82
-73
-66
-65
-53
-57
-58
-39
-9
17
34
28
6
-8
-9
10
16
-15
-53
-70
-80
-109
-129
-38
142
235
126
-17
11
145
215
192
188
228
216
122
56
81
101
35
-56
-67
-17
-19
-83
-142
-161
-121
-52
17
48
42
28
24
41
96
167
196
159
100
93
114
95
37
1
8
4
-15
-38
-63
-109
-153
-152
-105
-28
-1
-45
-103
-78
-2
39
37
46
88
87
43
42
83
84
25
-32
-9
44
41
-18
-81
-102
-85
-61
-13
70
121
123
82
63
102
157
176
143
124
127
125
82
27
-2
-5
-20
-37
-30
-24
-44
-86
-107
-57
14
56
42
12
15
23
34
32
33
33
14
-18
-40
-48
-77
-102
-109
-90
-65
-62
-82
-109
-116
-101
-76
-44
-33
-43
-64
-69
-58
-39
-31
-44
-60
-55
-40
-53
-74
-84
-68
-37
-34
-41
-40
-38
-29
-21
-6
-4
-11
-21
-21
-24
-36
-47
-61
-85
-63
63
206
182
14
-52
81
230
224
160
159
185
131
35
34
99
73
-19
-54
14
57
-16
-105
-96
-6
55
82
94
82
52
37
73
130
160
140
84
56
68
95
64
-7
-49
-34
-7
-23
-68
-107
-125
-131
-110
-50
14
17
-43
-95
-54
46
94
56
4
26
61
37
-8
3
41
14
-29
-4
51
49
-23
-63
-20
57
88
59
26
33
61
65
69
76
82
63
33
25
37
49
26
0
7
42
51
4
-34
-19
26
40
32
28
31
19
-4
-10
4
27
19
-12
-20
3
-1
-34
-65
-66
-40
-31
-43
-64
-83
-92
-91
-74
-62
-66
-76
-85
-97
-88
-61
-49
-40
-39
-34
-34
-58
-73
-59
-15
15
8
-5
-11
-18
-21
-15
16
26
24
-4
-25
-28
-43
-44
-28
-7
14
17
-13
-79
-121
-125
-101
-82
-55
51
159
148
-4
-76
54
223
244
169
158
195
158
59
25
82
103
63
33
46
33
-57
-125
-90
29
107
100
66
30
16
31
77
120
136
126
97
65
44
35
15
-20
-14
22
34
-14
-102
-142
-117
-67
-20
13
26
17
-19
-55
-34
40
98
84
45
62
89
39
-36
-38
28
61
39
28
33
-2
-62
-71
-16
49
53
14
-7
2
27
26
17
40
86
103
78
36
14
18
37
63
80
99
69
12
-26
-4
54
76
57
28
18
9
-4
-19
-23
-4
14
7
-13
-44
-64
-81
-86
-69
-49
-40
-52
-78
-104
-113
-84
-50
-34
-30
-33
-37
-46
-64
-65
-40
-8
8
4
-17
-45
-53
-42
-1
22
12
-8
-23
-26
-24
-24
-21
-18
-8
-7
-39
-66
-77
-64
-46
-30
-24
-28
-41
-66
-89
-92
-80
-81
-96
-61
55
165
126
-11
-35
122
269
247
155
154
196
175
104
70
77
53
26
29
41
-2
-98
-151
-103
-14
25
6
-21
-42
-38
11
70
85
71
75
88
99
98
86
55
28
39
60
42
-32
-90
-96
-78
-47
-34
-42
-43
-32
-41
-58
-50
-1
30
21
24
57
68
19
-31
1
60
58
6
-30
-41
-33
-16
-6
1
-15
-16
5
19
27
19
16
36
84
111
91
58
49
73
95
115
93
54
62
71
49
18
14
22
6
-14
-19
-25
-46
-53
-58
-50
-30
-22
-46
-71
-67
-46
-39
-40
-39
-34
-23
-23
-36
-62
-56
-25
-12
-29
-52
-49
-42
-42
-39
-42
-40
-38
-40
-46
-48
-56
-70
-65
-28
-12
-23
-46
-50
-43
-29
-15
-14
-14
-11
-3
-4
-29
-20
12
27
14
-3
5
2
-3
-7
-1
-8
-28
-52
-55
-47
-41
3
94
136
70
-11
45
182
203
116
84
152
170
75
-3
-1
12
-5
-21
-16
-21
-69
-131
-117
-33
38
40
18
18
51
88
100
86
74
89
123
121
87
59
42
8
-17
-6
5
-28
-87
-118
-107
-79
-63
-66
-60
-35
-15
-28
-59
-35
21
40
23
33
54
35
-14
-16
31
53
30
9
16
16
4
-10
-9
4
21
36
25
16
14
26
36
41
58
67
61
50
37
37
53
70
65
44
27
14
1
0
7
5
-3
-18
-27
-33
-28
-19
-17
-25
-17
-3
-9
-36
-53
-49
-31
-19
-34
-49
-53
-54
-63
-71
-53
-27
-36
-64
-77
-70
-67
-74
-71
-55
-38
-49
-74
-89
-87
-72
-65
-49
-35
-33
-41
-51
-37
-27
-13
6
24
31
18
-1
-7
-4
14
31
30
11
-1
-4
-19
-33
-38
-15
-6
-25
-62
-86
-87
-82
-63
-9
67
87
28
-17
32
123
138
96
99
151
150
82
39
45
47
42
48
49
22
-22
-55
-48
-12
15
14
6
6
8
12
21
29
47
69
87
82
62
39
27
18
10
13
8
-17
-41
-67
-78
-67
-57
-42
-39
-28
-26
-45
-54
-21
32
41
16
17
39
38
11
9
37
46
37
31
30
13
-11
-15
2
17
25
20
10
1
5
22
37
42
47
52
58
63
52
49
62
81
90
81
62
48
41
47
55
61
55
33
8
-9
-15
-11
-9
-22
-34
-34
-42
-61
-73
-63
-45
-34
-43
-56
-57
-47
-49
-66
-66
-49
-41
-57
-76
-69
-69
-68
-68
-52
-38
-40
-49
-52
-35
-14
-5
0
0
3
1
-6
-7
3
25
34
27
8
-1
-7
-16
-23
-16
9
11
-9
-23
-19
-10
0
-5
-1
9
6
-11
-32
-29
-29
-37
-38
-38
-48
-52
-21
26
44
16
-7
30
95
107
61
52
102
130
88
49
52
56
42
48
59
32
-14
-32
-3
17
3
-4
0
11
25
35
29
15
21
40
54
62
52
35
19
23
27
18
7
-6
-18
-24
-30
-32
-32
-32
-20
-11
-12
-40
-54
-32
0
9
-3
-5
3
-1
-13
-8
13
27
24
16
18
13
10
24
31
42
55
64
56
42
32
42
63
76
70
62
60
54
55
59
64
62
58
65
59
46
32
24
24
27
24
16
6
-7
-11
-8
-13
-10
-4
-2
-14
-33
-40
-38
-38
-45
-43
-37
-36
-51
-64
-68
-67
-56
-44
-44
-54
-49
-50
-56
-52
-42
-24
-17
-17
-18
-29
-31
-22
-19
-20
-14
-8
-10
-18
-26
-17
-3
5
7
11
6
-3
-7
3
10
9
10
12
13
1
-9
-9
1
10
15
15
4
-15
-23
-20
-13
-22
-30
-28
-23
-37
-46
-38
0
29
26
13
21
56
58
32
29
74
90
54
25
32
49
40
35
40
40
25
18
24
26
18
17
27
37
37
37
38
24
18
33
51
48
38
36
37
28
11
6
14
21
22
14
7
5
-10
-23
-19
0
9
-2
-20
-18
-4
-4
-18
-16
6
14
13
5
6
16
19
23
23
27
33
37
28
22
31
39
33
27
32
30
23
17
20
22
20
26
29
23
21
17
19
30
26
29
31
29
30
27
27
29
33
28
24
20
19
12
2
-3
2
6
-2
-16
-19
-14
-26
-39
-36
-27
-27
-41
-52
-44
-36
-39
-48
-42
-33
-32
-43
-41
-28
-29
-38
-34
-31
-27
-31
-31
-26
-24
-22
-29
-32
-32
-30
-27
-21
-22
-13
-8
-15
-14
-12
-5
5
4
7
8
-4
-6
-2
1
-2
-8
-12
-13
-15
-31
-40
-39
-34
-34
-44
-63
-65
-58
-60
-66
-65
-43
-29
-14
4
20
17
16
25
39
65
81
77
53
47
57
61
60
58
58
51
42
39
41
31
24
28
34
33
30
23
15
12
27
43
46
36
40
47
41
34
32
42
42
35
30
33
29
18
17
14
14
7
-7
-22
-22
-17
-19
-30
-31
-25
-23
-35
-39
-33
-21
-14
-10
5
7
12
12
12
18
26
41
35
30
32
37
39
31
26
22
21
19
23
26
29
33
34
40
35
30
40
47
52
52
49
48
48
44
42
45
43
40
27
18
10
1
-5
3
-1
-10
-17
-21
-22
-29
-32
-24
-24
-21
-24
-29
-26
-29
-32
-29
-23
-23
-26
-28
-27
-29
-27
-32
-26
-18
-16
-20
-25
-25
-27
-29
-29
-26
-24
-28
-27
-27
-29
-29
-31
-29
-27
-24
-20
-11
-13
-18
-11
-8
-16
-19
-17
-8
-11
-17
-15
-17
-14
-20
-23
-27
-32
-33
-39
-40
-42
-43
-56
-54
-52
-46
-34
-28
-18
-1
16
20
21
33
43
54
68
71
54
51
61
63
65
61
58
45
37
42
45
44
29
25
35
38
28
26
31
33
30
34
39
34
29
27
28
27
23
14
1
-8
2
-5
-14
-20
-20
-12
-15
-9
-9
-12
-12
-4
3
4
0
-4
-8
-12
-8
0
3
-5
-4
1
0
-1
1
6
11
19
20
21
18
19
29
35
40
39
42
44
39
32
37
43
51
49
45
43
33
24
24
22
25
23
14
9
7
4
-1
-3
0
4
-1
-5
-9
-3
-2
-4
-6
-9
-2
-6
-9
-13
-15
-16
-13
-10
-13
-18
-27
-35
-31
-25
-18
-21
-28
-25
-22
-22
-35
-38
-28
-31
-38
-38
-38
-34
-38
-40
-36
-32
-23
-26
-33
-29
-24
-30
-29
-25
-18
-13
-12
-7
-2
1
4
6
1
4
4
-1
-3
-3
-5
-6
-5
-2
-2
-4
-1
-1
-9
-12
-10
-8
-18
-17
-13
-13
-14
-18
-6
-3
-1
4
6
20
22
26
28
29
34
46
56
49
41
44
44
47
53
49
43
37
34
37
32
25
23
25
23
19
21
24
25
28
31
31
29
31
38
40
40
35
36
37
34
34
30
30
26
21
19
17
19
11
3
3
5
18
22
17
19
23
20
16
17
25
32
31
33
38
35
37
40
36
36
39
34
32
33
27
21
18
21
22
24
21
18
24
28
26
24
27
39
41
38
38
37
33
33
37
34
38
36
36
27
27
27
24
23
21
16
12
8
2
-2
0
-5
-11
-7
-9
-10
-12
-12
-9
-7
-11
-13
-4
-6
-8
-8
-4
-4
-3
-8
-16
-13
-12
-12
-17
-23
-19
-17
-21
-21
-15
-17
-13
-18
-24
-24
-25
-21
-24
-25
-19
-14
-16
-17
-19
-10
-4
-5
1
6
2
-2
-3
2
6
6
11
5
4
-4
-3
4
3
4
7
4
0
1
2
1
0
-3
-2
5
-1
-3
-3
-7
-12
-14
-5
1
-1
4
6
7
14
17
18
19
25
29
26
24
36
37
43
46
47
51
55
55
56
48
41
44
47
50
44
44
42
35
40
43
43
38
33
32
35
32
35
37
35
34
31
31
26
29
32
27
27
31
26
19
15
11
15
17
10
5
1
11
18
17
19
20
25
26
30
33
28
23
19
20
26
25
28
21
13
18
17
19
15
20
25
19
21
20
20
21
26
32
35
30
27
28
32
37
37
29
18
20
25
24
20
12
8
6
3
9
7
4
-1
-3
-4
-4
-5
-7
-9
-8
-13
-17
-15
-16
-19
-24
-26
-28
-27
-27
-32
-36
-35
-32
-26
-30
-31
-28
-26
-29
-27
-25
-30
-29
-24
-27
-29
-30
-31
-22
-19
-17
-16
-16
-18
-10
-6
-11
-6
-5
-1
4
6
9
15
12
9
11
13
17
15
14
13
14
17
14
5
4
0
5
3
-3
0
-2
2
3
7
15
24
23
21
19
27
36
38
32
34
35
32
34
35
38
44
40
43
45
43
40
35
38
42
47
46
47
45
43
36
37
33
32
36
35
31
27
29
29
31
28
29
31
32
25
20
21
24
20
14
15
18
14
11
8
11
13
8
5
4
6
4
1
-2
2
-1
-3
0
0
7
10
2
-2
-2
10
7
3
5
6
9
11
13
10
13
11
10
9
8
8
10
13
11
16
13
7
8
8
9
14
7
11
9
8
7
0
-3
-6
-5
-9
-11
-14
-19
-26
-29
-28
-24
-25
-29
-31
-34
-31
-36
-45
-42
-41
-41
-46
-45
-41
-43
-39
-37
-35
-33
-29
-30
-31
-30
-31
-24
-28
-25
-25
-20
-21
-21
-17
-17
-15
-17
-13
-13
-10
-10
-15
-16
-12
-6
-3
0
-5
1
7
3
2
4
8
11
13
15
15
14
14
13
15
15
14
19
20
14
9
11
11
13
13
13
16
9
4
4
6
8
11
14
16
10
12
13
17
20
24
31
30
24
21
23
21
24
27
30
32
33
30
32
28
25
30
32
32
31
30
21
20
20
21
24
17
14
9
12
9
5
3
2
8
6
4
0
-3
-6
-7
-9
-5
-9
-12
-7
-10
-8
-9
-13
-12
-13
-10
-14
-16
-18
-17
-12
-13
-12
-16
-15
-17
-19
-21
-20
-22
-20
-18
-16
-20
-18
-21
-29
-22
-22
-22
-18
-14
-12
-12
-12
-14
-7
-5
-8
-12
-6
-8
-13
-11
-13
-11
-12
-13
-16
-22
-18
-20
-21
-20
-21
-23
-25
-25
-24
-27
-23
-20
-24
-19
-24
-28
-27
-20
-18
-18
-18
-18
-15
-17
-21
-20
-21
-19
-23
-24
-21
-20
-21
-22
-24
-23
-18
-20
-16
-19
-17
-15
-14
-7
-3
-1
-4
-1
0
3
2
6
8
4
11
8
12
7
3
7
7
7
9
8
8
7
12
10
12
19
15
24
20
24
25
24
28
25
28
28
29
27
23
27
27
29
30
34
35
27
25
23
23
24
27
27
20
24
23
23
23
22
25
22
21
20
21
13
11
9
9
13
11
9
12
12
12
9
6
3
4
5
2
3
-5
-7
-12
-14
-12
-17
-19
-17
-19
-18
-18
-24
-22
-21
-15
-16
-14
-12
-9
-10
-10
-9
-6
-3
-1
-2
-6
-4
-1
-4
-6
-5
1
2
-1
-4
-5
-6
-10
-8
-9
-7
-4
-5
-7
-11
-11
-7
-3
-5
-13
-16
-16
-14
-18
-17
-20
-22
-21
-18
-23
-26
-24
-29
-23
-21
-22
-23
-22
-20
-21
-20
-18
-17
-19
-19
-18
-22
-21
-19
-20
-21
-25
-26
-23
-27
-28
-26
-25
-22
-21
-17
-19
-20
-15
-11
-8
-5
-9
-9
-7
-15
-10
-9
-11
-11
-12
-11
-11
-7
-5
-2
0
5
4
6
6
4
6
7
14
13
13
15
17
16
17
21
23
23
27
20
23
26
22
25
23
24
26
28
33
28
24
25
27
21
20
15
13
17
15
12
11
5
9
9
7
11
7
7
7
1
-1
0
3
1
1
-2
-4
-1
0
-3
-6
-1
-5
-7
0
1
4
1
-2
-1
-2
5
-3
-6
-3
-2
-8
-13
-13
-13
-9
-14
-16
-14
-14
-18
-18
-18
-18
-14
-13
-12
-9
-11
-10
-12
-10
-13
-7
-7
-12
-8
-11
-10
-14
-16
-12
-9
-11
-13
-12
-19
-19
-18
-19
-19
-18
-20
-23
-20
-21
-19
-20
-17
-20
-21
-22
-23
-23
-22
-21
-19
-15
-20
-17
-22
-19
-19
-18
-13
-20
-23
-25
-26
-30
-28
-28
-29
-31
-33
-35
-35
-37
-31
-27
-26
-25
-25
-24
-26
-24
-20
-21
-22
-22
-22
-22
-26
-23
-25
-25
-17
-17
-21
-18
-10
-15
-8
-3
-1
3
5
12
12
17
10
14
14
15
16
18
17
15
18
12
12
16
14
15
16
13
15
13
19
13
11
11
15
17
10
9
5
11
8
11
7
5
8
3
1
-1
1
-2
1
-3
-4
0
-5
-10
-10
-10
-8
-11
-15
-11
-15
-20
-20
-14
-10
-8
-7
-13
-13
-13
-11
-11
-11
-7
-9
-9
-8
-13
-10
-8
-9
-9
-10
-11
-13
-13
-5
-11
-9
-6
-11
-8
-10
-7
-11
-8
-7
-4
-7
-7
-12
-14
-12
-16
-20
-17
-19
-22
-21
-29
-25
-24
-24
-27
-29
-24
-24
-21
-24
-23
-16
-17
-19
-13
-14
-16
-16
-18
-19
-21
-17
-16
-17
-20
-19
-21
-23
-19
-15
-12
-19
-21
-24
-26
-27
-28
-24
-24
-25
-23
-22
-20
-18
-19
-13
-12
-11
-15
-13
-16
-17
-14
-17
-18
-13
-17
-10
-8
-13
-10
-9
-7
-6
0
-1
1
7
2
2
6
3
7
8
9
11
11
13
14
19
13
14
18
18
22
17
18
18
20
19
19
20
22
24
21
20
17
20
19
15
15
14
13
12
9
8
5
4
2
4
3
1
0
-2
-2
0
2
-1
-2
-2
1
-1
-1
1
-1
-2
-6
-5
-7
-8
-3
-4
-1
0
-2
-5
-7
-4
-3
-1
-4
-4
-6
-8
-7
-7
-6
-8
-7
-10
-12
-12
-12
-6
-10
-12
-13
-13
-17
-18
-17
-18
-16
-16
-17
-19
-21
-18
-19
-20
-21
-22
-18
-20
-21
-18
-19
-18
-19
-23
-19
-20
-18
-22
-29
-24
-25
-25
-26
-30
-25
-27
-29
-23
-27
-27
-26
-22
-28
-26
-25
-21
-21
-21
-17
-17
-16
-20
-20
-21
-18
-21
-23
-25
-26
-26
-26
-28
-27
-27
-18
-19
-22
-19
-21
-24
-26
-18
-19
-18
-15
-20
-15
-9
-10
-11
-13
-10
-8
-8
-2
-1
1
1
3
1
1
5
6
3
-1
-2
-4
-2
-3
5
4
1
4
4
7
8
10
5
5
8
8
10
8
8
6
5
3
8
5
4
4
5
8
3
7
3
6
5
3
2
2
-5
-5
-3
-4
0
-3
-4
-6
-4
-2
-5
-2
-3
-4
-3
-4
-3
-5
-5
-5
-8
-6
-4
-3
-7
-3
-4
-5
-12
-13
-7
-7
-10
-10
-12
-11
-7
-9
-12
-9
-12
-10
-12
-17
-16
-14
-18
-22
-19
-27
-32
-31
-33
-31
-32
-36
-35
-33
-32
-37
-34
-31
-29
-30
-29
-28
-28
-24
-26
-22
-22
-25
-23
-25
-25
-26
-22
-19
-23
-22
-21
-22
-22
-20
-18
-21
-18
-16
-17
-21
-22
-20
-22
-26
-26
-24
-24
-28
-29
-20
-21
-20
-18
-18
-15
-15
-19
-15
-13
-10
-12
-13
-12
-11
-12
-12
-7
-8
-11
-7
-11
-11
-11
-11
-7
-9
-8
-10
-10
-10
-12
-13
-11
-11
-6
-10
-9
-6
-4
0
-3
1
3
4
7
10
10
7
12
10
10
12
8
8
7
10
9
8
9
8
9
14
7
8
11
7
8
9
11
12
9
8
5
4
5
5
-1
0
-3
-1
2
4
3
4
6
4
5
-2
0
1
-1
2
3
2
-1
0
0
-8
-9
-9
-8
-15
-11
-13
-13
-15
-19
-17
-15
-18
-21
-20
-21
-22
-21
-22
-24
-22
-22
-21
-24
-31
-30
-24
-27
-26
-24
-23
-24
-23
-21
-27
-25
-18
-24
-24
-24
-28
-29
-30
-25
-21
-20
-19
-16
-20
-19
-20
-21
-18
-20
-23
-22
-19
-17
-23
-28
-28
-24
-23
-23
-20
-23
-20
-21
-23
-17
-24
-24
-21
-16
-17
-18
-13
-18
-17
-16
-12
-11
-11
-8
-10
-7
-5
-6
-7
-12
-10
-8
-6
-4
-9
-14
-15
-16
-14
-16
-18
-21
-19
-14
-14
-14
-17
-20
-18
-15
-20
-20
-20
-10
-9
-9
-7
-5
-5
-3
-3
-3
-1
0
-1
4
6
2
3
4
9
9
9
10
9
13
17
13
16
20
17
19
17
20
21
21
23
18
21
19
19
18
17
17
15
18
11
14
15
13
14
12
10
7
8
7
8
7
4
0
-1
2
-1
-6
-9
-10
-7
-9
-13
-18
-19
-19
-20
-20
-19
-20
-25
-18
-21
-26
-19
-18
-17
-18
-16
-16
-15
-18
-16
-9
-8
-8
-8
-8
-6
-3
-5
-7
-7
-5
-3
1
0
1
-3
-9
-7
-6
-5
-9
-9
-3
-5
-3
-4
-5
-1
2
-1
-2
-2
0
-5
-10
-1
-1
-2
2
6
2
-2
-2
0
3
-2
-1
-1
-3
-3
-5
-5
-7
-7
-2
-1
-2
-1
-5
1
-1
1
1
-3
1
3
3
6
5
3
9
8
2
6
7
5
8
9
8
11
8
15
22
24
24
24
23
24
28
27
26
29
29
27
26
27
31
30
32
34
32
34
28
32
35
31
31
30
36
36
32
31
32
38
37
34
37
39
36
35
41
35
38
36
31
35
34
35
36
34
37
33
35
34
31
31
28
26
24
23
27
27
22
24
23
21
27
31
28
25
25
24
25
23
25
27
23
