0
-1
0
-2
3
1
-1
-1
0
-2
-4
0
-1
-5
-5
-4
-2
-6
1
1
-2
-5
-3
-3
-1
2
-4
-4
1
2
-2
1
2
5
2
2
-3
-7
-7
-9
-7
-8
-5
-7
-7
-9
-11
-12
-13
-9
-11
-11
-14
-12
-15
-13
-12
-14
-15
-13
-9
-14
-12
-11
-11
-12
-14
-15
-16
-15
-12
-16
-18
-19
-16
-14
-16
-16
-20
-19
-22
-20
-19
-17
-16
-22
-19
-20
-23
-22
-25
-21
-20
-21
-22
-19
-21
-18
-13
-16
-13
-14
-11
-12
-14
-14
-17
-17
-12
-18
-20
-18
-22
-20
-17
-14
-20
-21
-19
-16
-18
-18
-19
-19
-17
-20
-22
-23
-16
-15
-13
-13
-15
-18
-13
-22
-27
-21
-23
-19
-24
-21
-19
-21
-19
-23
-24
-29
-27
-27
-22
-24
-24
-24
-22
-19
-17
-15
-14
-14
-16
-14
-17
-16
-14
-14
-15
-15
-15
-15
-14
-17
-19
-15
-18
-17
-15
-14
-16
-12
-13
-16
-13
-10
-6
-8
-11
-10
-11
-11
-8
-9
-13
-17
-10
-6
-3
-1
-3
-2
-5
-6
-7
-5
-2
-4
-5
-2
-5
-2
-4
-4
-2
-4
-1
-7
-7
-6
-6
-8
-6
-6
-5
-2
-4
-2
-5
-8
-6
-5
-8
-9
-9
-9
-9
-13
-12
-7
-12
-13
-13
-12
-12
-15
-14
-14
-9
-13
-15
-18
-15
-16
-18
-18
-20
-21
-22
-19
-23
-20
-19
-21
-21
-20
-20
-17
-16
-20
-21
-14
-16
-9
-14
-13
-14
-22
-22
-16
-15
-13
-16
-18
-17
-19
-15
-18
-19
-16
-15
-14
-15
-10
-8
-11
-10
-6
-14
-12
-9
-16
-17
-20
-17
-20
-20
-22
-20
-19
-27
-25
-21
-24
-23
-25
-27
-23
-23
-22
-22
-24
-22
-21
-25
-22
-22
-21
-20
-23
-20
-21
-23
-25
-29
-32
-27
-25
-25
-23
-24
-21
-25
-20
-19
-14
-11
-10
-9
-5
-1
-3
1
-9
-8
-3
-3
-4
-5
-8
0
0
2
3
-1
-2
0
0
-6
-6
-5
-1
-3
-5
-1
0
-4
-2
1
0
0
-2
-1
-2
-1
-3
-2
0
-4
-3
-6
-5
-4
-6
-7
-6
-5
-7
-8
-9
-8
-10
-8
-12
-8
-6
-9
-7
-6
-6
-7
-9
-10
-9
-8
-7
-10
-7
-8
-13
-14
-12
-14
-10
-11
-10
-11
-11
-9
-5
-4
-5
-4
-3
-3
-5
-2
-2
-2
-5
-7
-7
-7
-6
-5
-3
-6
-8
-9
-12
-13
-12
-15
-14
-15
-13
-12
-8
-9
-10
-3
-4
-4
-1
0
0
-2
-1
0
0
-3
-2
-2
-7
-4
-6
-4
-1
-6
-3
-1
1
-1
-1
0
-2
-1
-2
-2
-3
-5
-2
-5
-5
-4
-6
-1
-3
-7
-7
-4
-7
-6
-9
-6
-6
-9
-6
-3
0
-6
-2
0
-3
-1
-1
-5
-1
-3
-2
-5
-4
2
-4
1
-2
-1
-3
6
0
-3
-1
0
2
1
0
3
2
4
6
5
8
4
5
0
5
6
7
3
0
0
-3
-3
0
-2
-3
-1
-3
-3
-4
-3
-4
-2
-2
-4
-3
-4
-2
-3
-5
-5
-7
-6
-6
-6
-4
-3
-5
-2
1
-4
-3
-3
-1
-1
-5
-5
-8
-9
-8
-9
-12
-7
-7
-11
-10
-9
-10
-15
-16
-9
-12
-12
-12
-7
-8
-8
-6
-6
-7
-4
-2
-4
-7
-5
0
-3
-6
-3
-7
-4
0
-4
1
3
-4
-4
5
3
5
5
4
2
2
7
2
2
2
-2
-3
-2
-3
-1
-3
-2
-4
-2
0
-3
0
-1
-1
-1
-4
-4
-7
-6
-4
-5
-5
-6
-3
-8
-10
-2
-4
-4
-4
-11
-6
-2
-5
-6
-4
-5
-5
-3
-3
-5
-5
-6
-10
-9
-5
-2
-6
-4
-1
-5
3
-1
1
3
1
6
1
-1
2
0
3
6
8
13
9
13
11
11
11
8
7
6
5
4
5
4
3
3
4
5
8
6
6
11
11
7
13
10
12
12
9
13
11
13
12
13
8
7
7
12
5
6
12
8
5
2
4
2
1
2
0
1
-2
1
2
-2
4
2
9
7
3
7
5
9
8
7
7
10
8
14
9
8
14
13
12
15
16
17
13
7
9
14
13
8
8
7
10
9
7
5
7
11
9
4
3
9
6
7
5
5
8
7
6
8
3
2
4
1
2
2
3
-1
-2
4
-1
-1
-2
-5
-3
-2
-1
-5
1
-3
2
3
1
7
7
10
12
10
8
9
6
10
10
8
11
4
6
4
6
11
7
5
3
1
-2
3
0
1
2
-2
3
-1
2
3
-3
1
2
1
1
4
9
4
2
2
1
4
3
1
0
4
7
4
-2
6
5
5
4
5
9
10
9
5
7
10
16
14
13
14
14
17
13
13
7
12
12
12
6
14
14
10
10
13
14
10
10
10
12
9
12
9
14
18
14
18
15
15
16
18
17
16
13
14
13
14
11
9
11
8
9
6
4
4
9
6
0
5
6
4
3
4
4
4
6
4
8
6
8
7
8
8
9
11
10
11
11
11
10
11
9
9
12
10
15
13
9
9
11
6
7
7
6
2
1
4
-1
5
0
4
0
0
0
0
2
6
5
5
5
8
7
7
8
8
8
9
8
3
1
0
1
0
3
7
5
0
6
6
5
5
3
6
8
5
5
7
5
1
7
7
4
8
8
10
7
6
6
1
4
6
3
2
0
0
3
2
-1
-1
3
3
1
6
3
5
2
5
7
4
11
10
7
4
5
6
4
0
5
2
0
5
11
13
10
13
14
14
17
16
11
12
10
12
10
12
12
12
10
9
12
10
15
10
8
13
13
13
13
8
10
10
12
16
15
14
7
10
11
7
10
5
9
6
6
8
7
9
10
8
10
9
7
8
4
8
6
5
5
6
-1
0
1
3
0
0
4
4
4
4
6
3
8
7
5
11
10
6
6
10
8
5
11
11
11
14
14
13
10
15
14
11
12
13
10
8
6
4
4
5
4
5
5
2
2
-2
2
-2
2
-2
-2
-1
-3
-3
-3
-3
-6
-4
-9
-7
-6
-7
-4
-5
-5
-6
-6
-4
-6
-5
0
-7
-7
-6
-9
-4
-6
-2
-2
-5
-8
-12
-7
-10
-6
-6
-4
-2
0
-1
-1
0
1
4
-1
2
4
1
4
2
0
-2
-2
-3
-2
0
2
5
1
1
3
3
3
4
7
7
10
9
8
11
11
11
7
5
8
9
7
9
6
10
5
4
4
-1
5
6
9
11
11
7
9
14
16
16
18
19
13
16
16
14
9
8
6
10
12
13
13
17
12
22
22
114
38
-162
18
130
-48
-57
46
-26
-48
47
-2
-42
25
36
29
39
-46
-60
59
25
-45
3
5
-39
7
11
-42
-10
27
-7
-19
20
20
15
29
14
20
75
-20
-38
65
0
-51
13
12
-31
9
53
38
91
111
-105
-53
77
16
6
5
-36
-26
42
32
-36
97
58
-96
38
100
-44
-40
31
-53
15
53
-68
-34
27
-33
-23
-3
-52
-35
27
-13
-48
11
55
43
117
-4
-98
42
59
-28
-23
-9
-47
-24
-12
-58
-51
35
15
-58
-6
8
-44
-8
13
-2
15
21
23
35
55
48
15
46
24
-25
30
29
-37
-36
-37
-48
-26
-24
-34
-37
-14
4
-3
18
23
-8
64
62
38
98
111
174
82
33
151
52
-31
49
67
-42
-107
-53
-64
-103
-41
-21
-101
-45
25
-26
-61
-30
46
24
-22
42
64
9
35
49
29
15
32
47
37
-14
-23
25
-16
-50
-17
-2
-38
-38
-9
-21
-44
-19
-9
-8
-20
3
35
-2
-26
25
23
-27
13
45
23
-4
21
46
53
89
44
1
23
-2
12
15
-39
-44
-23
-39
-67
-70
-15
3
-36
-15
-13
-43
-30
-8
30
3
-28
32
29
-10
-21
-5
-7
-11
6
-24
-40
-23
-13
-19
-31
-33
11
8
-21
-14
-15
-3
-11
-13
12
7
-4
-30
-10
3
-25
-19
-7
1
-12
4
-9
-5
27
-8
-1
18
1
1
32
20
-27
0
7
-15
-1
23
2
-11
-5
-4
6
1
-13
0
-2
-21
-30
-20
-17
-33
-16
-8
-24
-30
-30
-14
-5
-25
-10
-15
-29
-16
15
15
-8
12
34
-4
-14
10
0
-8
-26
-6
-5
-31
-19
-5
10
19
25
28
34
45
25
12
39
51
15
2
23
9
-29
-14
15
14
-3
3
27
16
12
35
41
43
41
40
52
30
26
52
40
33
35
51
38
37
57
47
35
18
47
24
0
4
-14
-13
-22
-5
12
15
9
18
34
8
22
21
12
18
18
30
3
-4
-3
6
14
5
6
7
1
10
28
31
-1
7
29
17
14
35
39
7
10
33
27
20
28
35
23
13
6
23
22
-8
26
36
-13
-34
-9
5
-25
-7
14
12
9
-5
0
-10
0
-3
7
33
19
18
14
17
16
15
41
22
19
17
5
16
-10
-27
-21
-3
-13
-8
5
-34
-37
-31
-16
-9
-12
5
-12
-24
-31
-2
12
-8
-6
12
25
1
16
23
4
15
29
35
27
25
2
-8
-13
-20
-2
-4
-28
-35
-18
-25
-32
-23
-5
-10
-17
6
5
11
22
21
15
29
42
34
25
8
21
29
26
17
13
28
30
17
11
10
-8
17
46
29
18
13
42
30
9
36
35
38
45
49
27
17
44
54
59
59
54
54
47
31
30
36
10
-2
9
-11
-31
-36
-23
-32
-37
-17
-25
-25
-20
-11
-8
3
33
24
15
-11
-2
16
-9
-18
-9
13
-12
-32
-47
-69
-64
-40
-12
-39
-74
-94
-79
-73
-92
-103
-114
-108
-98
-95
-115
-156
-144
-114
-86
-82
-104
-76
-68
-65
-43
-37
-73
-73
-24
-21
-54
-45
-45
-54
-28
-6
-7
-8
12
20
62
75
84
100
123
167
183
211
235
251
279
285
290
316
325
314
311
295
269
258
252
216
180
159
156
129
97
74
49
39
37
24
14
5
5
0
9
8
11
14
10
27
35
27
0
10
18
9
-4
-18
-18
-34
-42
-68
-110
-134
-139
-119
-120
-163
-190
-162
-163
-198
-191
-176
-155
-134
-145
-147
-123
-120
-146
-146
-92
-27
-27
-72
-115
-130
-77
-32
-57
-76
-76
-66
-68
-131
-161
-148
-96
-77
-128
-158
-160
-129
-141
-186
-208
-179
-144
-159
-227
-292
-249
-120
33
86
27
13
67
210
349
369
329
358
452
523
515
427
359
358
429
458
393
299
184
139
135
106
60
9
-31
-57
-60
-95
-124
-149
-163
-130
-90
-39
-33
-60
-56
-9
118
206
216
206
221
322
413
434
350
275
308
382
416
326
177
74
79
121
89
-18
-145
-181
-147
-115
-144
-220
-272
-260
-180
-115
-128
-180
-210
-189
-102
-40
-88
-165
-171
-99
-15
-38
-125
-109
-68
-52
-16
-63
-103
-88
-108
-91
-62
-107
-136
-140
-155
-118
-112
-162
-172
-183
-177
-141
-131
-135
-164
-144
-115
-136
-131
-148
-157
-126
-130
-141
-179
-235
-235
-232
-183
-98
-1
80
33
-48
-29
81
252
329
302
232
250
378
463
425
305
230
277
421
478
364
168
51
95
200
228
115
-32
-65
6
92
63
-68
-157
-121
5
101
81
-36
-111
-70
43
101
64
-1
-22
46
119
117
58
-6
-3
56
139
156
111
52
21
68
114
131
90
41
17
50
95
81
19
-52
-52
15
78
64
-18
-78
-64
-3
31
5
-58
-71
-31
9
25
-14
-39
-46
-21
21
26
0
-42
-59
-35
-9
-8
-38
-65
-78
-52
-30
-41
-78
-104
-99
-74
-44
-63
-105
-121
-98
-67
-59
-76
-96
-90
-64
-43
-44
-61
-72
-73
-65
-46
-63
-91
-109
-119
-119
-128
-157
-204
-227
-210
-138
-74
-86
-152
-202
-158
-44
53
58
-1
-20
60
181
242
201
117
101
196
323
354
262
149
114
182
270
266
154
42
39
119
168
111
-20
-118
-90
24
85
33
-80
-146
-99
-10
31
-20
-102
-122
-48
55
56
-34
-105
-92
-2
81
73
-2
-58
-5
132
213
173
76
31
96
214
257
181
52
16
84
160
172
42
-80
-75
43
136
52
-91
-141
-92
32
56
-49
-113
-153
-81
2
18
-68
-145
-136
-55
15
3
-61
-164
-140
0
74
-2
-106
-159
-57
26
21
-49
-170
-123
-48
23
-30
-179
-203
-136
-44
-62
-147
-225
-203
-129
-126
-161
-226
-247
-209
-177
-221
-299
-367
-360
-251
-88
-8
-112
-245
-250
-63
149
228
159
68
119
302
447
424
275
182
277
484
585
459
222
98
158
295
327
192
4
-69
12
103
63
-102
-239
-226
-86
22
-14
-154
-260
-209
-68
0
-44
-114
-102
-28
41
51
13
-22
1
72
125
145
99
43
34
101
226
301
268
149
97
147
251
288
177
40
-13
71
130
70
-96
-192
-155
-78
-15
-19
-127
-261
-211
-40
35
-49
-169
-188
-38
35
3
-100
-146
-96
-15
46
-41
-98
-121
-88
-78
-64
-73
-132
-108
-100
-105
-131
-184
-179
-134
-139
-164
-180
-196
-196
-207
-222
-221
-222
-239
-225
-221
-243
-283
-311
-324
-352
-374
-405
-338
-157
15
-7
-209
-330
-154
204
427
378
173
116
311
561
623
444
260
301
556
750
638
318
81
114
306
423
307
40
-116
-84
25
42
-103
-259
-297
-188
-71
-58
-169
-295
-313
-219
-83
-11
-32
-99
-138
-103
-14
66
73
31
18
81
166
177
118
35
48
217
393
431
269
84
44
200
377
347
159
-31
-21
88
115
-25
-248
-294
-146
21
20
-143
-355
-352
-134
35
32
-94
-173
-129
31
80
-44
-153
-133
18
114
76
-84
-232
-207
-72
-54
-96
-177
-227
-209
-187
-181
-258
-294
-287
-200
-143
-172
-244
-299
-272
-252
-228
-198
-190
-211
-241
-301
-354
-337
-341
-391
-368
-187
45
73
-183
-420
-300
123
484
500
241
64
206
527
713
590
345
289
531
813
807
470
124
73
293
521
488
211
-89
-163
-36
80
13
-177
-304
-260
-126
-65
-157
-328
-413
-337
-147
-2
2
-120
-237
-235
-110
40
95
55
2
24
115
176
142
50
74
249
458
491
314
109
68
247
435
439
234
43
30
113
130
-15
-221
-272
-140
3
-36
-216
-394
-369
-260
-48
36
-102
-175
-195
-13
75
35
-129
-126
19
130
126
-57
-164
-164
-79
-7
-51
-144
-169
-230
-203
-218
-228
-234
-238
-230
-254
-276
-273
-248
-288
-336
-329
-266
-194
-210
-358
-482
-492
-410
-353
-273
-120
9
-92
-339
-414
-134
301
502
369
115
91
340
634
678
460
281
402
743
904
677
264
68
241
541
643
406
40
-144
-70
93
104
-68
-247
-273
-165
-92
-145
-310
-427
-394
-240
-80
-43
-132
-247
-303
-246
-85
49
70
7
-39
8
96
138
98
57
158
368
529
462
242
77
152
442
626
531
245
50
103
241
265
67
-150
-160
-3
92
-61
-330
-483
-366
-111
34
-39
-233
-346
-227
-16
101
36
-54
-31
105
179
114
-35
-141
-51
107
187
32
-139
-221
-198
-153
-158
-190
-208
-206
-244
-287
-345
-364
-368
-321
-265
-283
-341
-380
-408
-462
-510
-507
-447
-304
-87
28
-133
-446
-514
-151
362
570
363
72
45
308
592
653
512
393
484
731
828
615
294
174
339
583
669
489
151
-96
-96
56
160
102
-69
-206
-250
-219
-202
-251
-338
-370
-275
-117
-61
-166
-332
-405
-283
-34
156
134
-41
-145
-82
72
167
161
106
168
349
470
382
165
64
214
507
665
525
205
5
55
224
290
159
-37
-117
-49
-19
-129
-308
-395
-289
-104
-30
-156
-352
-410
-296
-96
24
-1
-108
-116
-56
-5
45
18
-23
-20
50
67
-4
-113
-160
-142
-90
-59
-121
-228
-296
-264
-223
-262
-349
-363
-312
-299
-361
-429
-453
-458
-486
-533
-561
-466
-193
46
-77
-476
-607
-164
461
652
335
-20
34
425
753
763
554
432
554
790
859
650
387
349
514
660
650
487
212
-9
-14
166
314
243
-9
-250
-314
-194
-60
-88
-264
-396
-329
-154
-83
-224
-392
-400
-205
33
105
-32
-211
-211
-10
196
241
151
66
165
371
478
365
199
204
382
582
574
356
113
84
228
327
270
67
-115
-147
-73
-40
-131
-261
-319
-269
-175
-148
-235
-340
-336
-210
-57
-11
-90
-196
-188
-27
111
112
-3
-75
-28
68
128
58
-44
-87
-52
-6
-13
-72
-163
-212
-202
-196
-239
-317
-378
-379
-353
-374
-471
-543
-558
-561
-612
-633
-437
-80
58
-326
-778
-583
235
813
571
-22
-186
251
756
888
702
514
542
711
828
743
542
434
507
619
634
541
323
36
-114
73
389
411
42
-373
-466
-226
43
65
-182
-426
-423
-230
-100
-178
-305
-330
-195
-22
32
-50
-195
-207
-17
235
321
179
-4
36
316
575
570
340
204
315
546
623
479
243
155
271
360
301
103
-85
-145
-74
13
-42
-204
-350
-352
-234
-113
-118
-249
-345
-281
-116
-3
-30
-145
-192
-97
57
100
15
-70
-56
43
119
74
-50
-123
-81
4
16
-48
-156
-212
-222
-202
-214
-267
-302
-353
-377
-394
-418
-468
-554
-618
-651
-609
-379
-77
-74
-542
-917
-536
384
847
403
-245
-281
285
780
878
736
570
515
576
719
812
728
564
500
573
638
569
303
-3
-39
261
519
316
-197
-514
-385
-26
165
33
-295
-519
-476
-248
-76
-82
-204
-326
-315
-158
-20
-20
-130
-148
-1
182
203
47
-92
67
444
633
468
140
64
317
640
716
504
236
136
221
320
336
227
46
-62
-87
-69
-114
-222
-284
-230
-126
-121
-262
-419
-401
-195
6
42
-108
-251
-233
-66
106
135
50
-44
-50
17
71
49
-25
-40
-7
14
-4
-92
-174
-180
-123
-76
-143
-256
-348
-346
-274
-241
-298
-430
-523
-568
-551
-554
-420
-106
49
-326
-900
-738
201
866
506
-224
-347
175
654
751
729
698
553
404
519
846
943
669
424
469
646
659
434
135
62
296
510
330
-123
-363
-229
32
143
25
-236
-471
-494
-263
10
53
-179
-429
-439
-190
56
91
-79
-215
-135
68
141
54
-25
108
382
483
322
78
106
376
642
660
446
192
99
238
420
470
314
29
-149
-112
40
75
-76
-252
-301
-242
-189
-222
-301
-324
-241
-159
-144
-208
-272
-237
-91
54
41
-101
-206
-157
12
137
110
-44
-152
-127
-21
43
-4
-94
-159
-150
-109
-121
-219
-271
-265
-227
-238
-320
-391
-449
-477
-486
-499
-502
-308
-50
-134
-666
-901
-235
635
631
-123
-503
-95
487
674
658
651
498
226
280
783
1123
838
341
266
551
742
639
396
209
228
382
380
150
-67
-78
36
110
74
-94
-332
-428
-239
43
89
-172
-464
-469
-202
59
77
-113
-262
-247
-76
106
147
50
80
202
295
272
227
312
411
502
449
354
293
315
372
369
336
192
45
-26
-3
58
18
-119
-285
-330
-264
-198
-204
-277
-338
-360
-320
-240
-200
-208
-218
-193
-144
-113
-126
-137
-105
-34
1
-41
-91
-84
-39
-10
-21
-61
-92
-111
-125
-132
-128
-144
-196
-261
-283
-269
-271
-296
-379
-493
-553
-552
-456
-170
36
-241
-846
-845
31
745
425
-365
-510
53
547
625
591
542
290
60
363
986
1096
533
92
278
665
743
534
323
230
262
334
321
184
25
-20
57
161
117
-129
-359
-322
-46
121
-34
-341
-464
-310
-76
43
-45
-232
-350
-240
2
142
50
-45
-12
106
233
259
344
349
353
300
294
388
440
437
314
254
222
174
134
84
71
19
-80
-198
-248
-194
-157
-187
-261
-323
-342
-306
-221
-162
-185
-244
-275
-224
-102
-37
-62
-121
-151
-116
-68
-23
4
-7
-45
-102
-102
-61
-17
-28
-84
-127
-144
-159
-170
-183
-215
-250
-260
-282
-358
-466
-508
-500
-311
1
-23
-564
-984
-440
544
748
-32
-630
-300
373
675
655
603
369
-17
54
750
1238
828
92
-27
420
735
664
438
234
111
140
289
342
194
-30
-95
36
160
64
-199
-302
-123
71
6
-221
-351
-296
-140
1
6
-173
-388
-360
-84
166
104
-120
-150
-55
158
237
311
333
233
188
172
362
490
443
290
135
155
201
223
190
83
-43
-135
-161
-131
-116
-169
-241
-312
-313
-300
-277
-238
-211
-219
-270
-290
-255
-169
-79
-80
-135
-197
-194
-117
-42
12
-27
-102
-134
-122
-44
1
-26
-96
-167
-151
-137
-132
-133
-179
-241
-292
-264
-254
-325
-441
-506
-407
-87
46
-356
-856
-617
267
653
93
-547
-419
177
530
558
520
343
-7
-19
581
1134
867
144
-62
342
712
692
473
267
98
95
280
411
298
25
-135
-39
143
147
-59
-224
-146
-9
-41
-172
-238
-208
-139
-77
-45
-145
-303
-301
-85
109
47
-212
-241
-11
180
238
129
136
178
206
307
354
375
332
238
234
287
289
226
138
115
84
-22
-81
-96
-89
-117
-218
-282
-288
-271
-257
-269
-269
-272
-302
-295
-236
-212
-204
-205
-201
-178
-170
-149
-128
-129
-107
-96
-103
-80
-71
-70
-85
-111
-96
-91
-119
-161
-172
-183
-195
-246
-269
-266
-318
-394
-478
-486
-268
0
-141
-662
-834
-159
561
365
-356
-560
-73
386
467
469
415
126
-116
239
931
1030
385
-82
153
615
740
561
370
185
77
207
425
438
183
-80
-93
98
194
66
-142
-176
-57
-34
-125
-193
-175
-148
-125
-93
-111
-216
-281
-163
23
45
-139
-290
-112
201
259
122
-55
79
297
383
378
256
217
251
326
387
349
200
102
116
189
171
-2
-116
-122
-66
-78
-170
-239
-279
-267
-235
-231
-259
-300
-311
-249
-177
-199
-249
-259
-200
-119
-116
-157
-189
-173
-98
-40
-48
-79
-112
-130
-97
-31
-12
-79
-179
-209
-136
-93
-134
-231
-281
-285
-309
-360
-421
-349
-105
-31
-390
-794
-507
280
517
-52
-552
-335
205
436
434
439
242
-84
-13
621
1059
680
33
-41
389
689
644
479
287
80
68
324
512
360
27
-136
-12
173
164
-13
-130
-112
-84
-122
-159
-144
-145
-164
-151
-137
-201
-277
-208
-40
18
-112
-284
-259
-57
239
258
55
-125
-98
278
520
502
229
-11
103
390
582
483
180
-27
44
230
331
181
-69
-197
-181
-41
2
-91
-244
-331
-276
-178
-168
-231
-281
-279
-219
-190
-201
-201
-192
-145
-117
-141
-165
-164
-95
-32
-11
-54
-125
-143
-83
13
22
-74
-172
-185
-135
-75
-120
-207
-272
-305
-299
-315
-347
-403
-339
-116
-136
-509
-724
-255
396
347
-267
-534
-135
326
458
440
382
119
-122
184
839
1007
448
-58
97
532
713
636
455
197
14
162
505
563
265
-41
-81
82
208
186
51
-91
-143
-113
-77
-67
-99
-154
-183
-170
-144
-188
-233
-175
-81
-71
-185
-286
-224
-48
82
183
19
-151
-118
109
491
489
237
-32
-19
329
580
544
258
-33
-72
154
375
352
36
-247
-245
-63
117
35
-184
-342
-332
-179
-79
-110
-239
-337
-302
-164
-95
-155
-220
-223
-146
-98
-123
-138
-119
-66
-42
-51
-90
-123
-100
-35
12
-49
-143
-189
-135
-66
-78
-136
-248
-291
-266
-234
-254
-367
-465
-349
-67
-83
-474
-717
-279
336
310
-220
-488
-168
239
403
451
393
94
-141
179
823
974
430
-19
115
502
697
647
469
192
28
211
526
567
279
-22
-64
107
263
236
50
-118
-134
-64
-28
-38
-87
-167
-221
-182
-120
-160
-256
-240
-125
-68
-194
-294
-222
-58
-4
36
58
-97
-112
3
345
483
258
16
-34
273
560
538
263
0
-35
170
382
369
111
-199
-217
-42
157
122
-160
-351
-320
-125
-13
-81
-236
-303
-267
-176
-97
-119
-184
-220
-181
-112
-100
-121
-116
-82
-55
-70
-112
-109
-73
-31
-28
-84
-152
-166
-113
-83
-117
-202
-270
-304
-268
-239
-287
-379
-503
-514
-240
-22
-266
-734
-691
-18
385
62
-425
-413
-2
304
408
439
270
-66
-72
485
999
774
141
-41
322
688
751
588
325
86
120
432
650
498
126
-102
3
262
346
171
-87
-167
-93
-11
11
-42
-154
-265
-255
-137
-98
-208
-301
-229
-136
-155
-240
-284
-178
-57
-34
-97
-39
-20
-37
80
204
315
222
104
125
239
418
436
232
74
87
200
302
268
120
-66
-129
-9
81
76
-68
-245
-265
-136
-30
-66
-189
-266
-246
-177
-84
-79
-159
-197
-189
-124
-62
-58
-89
-131
-105
-52
-46
-71
-96
-94
-99
-99
-101
-134
-179
-204
-186
-180
-222
-292
-327
-314
-346
-405
-448
-450
-358
-181
-240
-570
-697
-263
272
202
-298
-512
-183
251
445
401
258
22
-65
303
837
898
387
-18
147
576
784
679
415
171
107
293
552
562
290
-17
-82
119
304
240
7
-150
-133
-69
-52
-46
-106
-235
-287
-216
-154
-208
-273
-241
-180
-195
-257
-295
-225
-87
-60
-132
-203
-75
55
53
76
85
156
182
198
227
217
237
280
249
215
190
145
151
167
160
67
-39
-41
-17
19
4
-89
-183
-192
-125
-58
-78
-146
-198
-200
-129
-71
-68
-112
-161
-157
-85
-33
-44
-87
-112
-90
-69
-45
-56
-112
-123
-110
-98
-112
-173
-217
-236
-201
-191
-245
-324
-363
-381
-378
-379
-421
-384
-207
-187
-478
-673
-311
241
239
-213
-441
-183
202
413
454
340
95
-26
264
781
913
497
74
141
516
750
720
489
195
76
269
565
590
313
22
-57
85
281
290
72
-149
-186
-93
-33
-27
-94
-233
-313
-238
-128
-166
-276
-284
-201
-198
-234
-246
-229
-192
-109
-68
-148
-241
-67
106
88
51
-15
76
178
277
287
164
150
223
246
285
268
143
83
114
185
152
48
3
-38
-22
0
-27
-66
-90
-106
-99
-78
-83
-116
-138
-96
-70
-97
-130
-136
-106
-77
-82
-105
-115
-114
-113
-114
-97
-102
-163
-181
-147
-141
-167
-212
-230
-221
-236
-264
-293
-312
-295
-326
-378
-417
-454
-437
-296
-96
-239
-598
-623
-102
331
165
-259
-344
-51
269
486
513
303
8
44
506
891
779
351
114
253
559
778
729
385
63
119
431
596
438
182
-8
-49
115
305
232
-72
-244
-155
-24
-20
-77
-161
-279
-305
-201
-116
-189
-294
-276
-226
-213
-211
-222
-236
-210
-124
-92
-159
-171
-2
70
66
40
45
133
202
278
262
180
150
208
277
311
232
122
90
111
171
148
62
-20
-54
-4
23
-1
-65
-115
-125
-70
-47
-88
-141
-150
-112
-83
-90
-115
-151
-136
-78
-83
-106
-139
-169
-155
-120
-91
-120
-201
-206
-183
-169
-196
-239
-254
-272
-272
-268
-289
-322
-339
-361
-378
-399
-396
-316
-162
-199
-469
-572
-181
257
167
-199
-320
-67
219
424
498
318
14
5
435
833
746
345
126
222
471
699
727
433
41
28
391
612
444
156
-9
-37
75
275
289
-16
-266
-189
11
50
-45
-138
-244
-308
-199
-48
-97
-264
-302
-200
-170
-210
-205
-185
-198
-183
-114
-137
-197
-141
63
93
14
-29
30
194
288
308
196
109
177
342
390
305
169
121
187
244
258
175
57
5
48
117
92
-8
-93
-91
-39
4
-36
-119
-165
-140
-79
-58
-107
-170
-190
-146
-100
-118
-156
-181
-187
-165
-147
-143
-167
-208
-193
-188
-188
-196
-213
-225
-245
-230
-242
-267
-279
-262
-268
-307
-345
-379
-336
-171
-62
-267
-522
-398
73
283
46
-214
-173
43
256
454
475
218
-38
128
585
764
532
257
194
284
462
648
616
268
-4
154
454
486
278
111
24
-5
115
276
201
-87
-214
-79
25
-25
-75
-117
-239
-304
-179
-54
-159
-311
-290
-215
-245
-270
-221
-210
-251
-245
-201
-205
-207
-116
78
15
-98
-58
97
284
299
252
162
116
262
470
459
306
139
137
290
375
346
169
7
-8
102
212
154
-23
-137
-105
-10
46
-10
-117
-194
-179
-84
-53
-124
-198
-216
-173
-138
-149
-162
-191
-204
-164
-123
-129
-171
-194
-161
-136
-159
-168
-201
-207
-196
-170
-160
-208
-254
-265
-236
-232
-274
-333
-353
-245
-83
-159
-417
-446
-80
219
84
-179
-176
-5
135
307
444
303
0
6
419
709
548
267
195
267
365
528
629
398
47
48
364
509
332
153
84
22
47
217
268
44
-184
-138
8
6
-69
-101
-178
-274
-242
-111
-118
-269
-307
-251
-235
-271
-251
-227
-227
-249
-171
-101
-157
-156
-86
58
104
85
68
96
171
284
346
292
208
193
296
371
343
244
163
155
194
228
193
92
-8
0
57
72
6
-84
-113
-95
-72
-77
-117
-171
-189
-175
-136
-136
-167
-204
-218
-183
-147
-148
-161
-173
-179
-157
-134
-126
-148
-188
-177
-146
-128
-162
-193
-197
-186
-180
-180
-194
-235
-256
-266
-264
-277
-280
-164
-113
-286
-446
-265
128
174
-124
-248
-59
122
218
325
346
129
-29
238
632
640
310
149
284
408
445
532
500
222
52
257
514
417
162
95
127
98
128
235
181
-66
-178
-26
74
-16
-106
-129
-188
-252
-180
-89
-168
-292
-283
-218
-240
-277
-233
-206
-228
-213
-143
-143
-164
-101
13
102
73
49
65
152
251
298
279
208
164
232
355
352
248
145
140
189
211
191
115
43
9
29
59
42
-34
-88
-91
-85
-80
-100
-130
-161
-171
-152
-141
-150
-164
-172
-177
-176
-169
-164
-151
-140
-143
-151
-158
-154
-142
-141
-145
-150
-161
-181
-180
-168
-168
-197
-223
-227
-222
-239
-262
-306
-327
-325
-204
-87
-248
-486
-382
55
213
-66
-281
-134
83
201
318
356
148
-70
150
609
681
319
89
221
408
449
501
491
221
4
202
537
484
146
16
112
145
152
219
168
-65
-195
-29
125
20
-142
-162
-149
-183
-172
-101
-138
-267
-289
-199
-185
-246
-251
-197
-179
-211
-221
-181
-118
-54
39
5
-42
-12
142
313
290
172
128
205
324
401
344
220
100
141
284
310
195
37
3
63
118
130
34
-49
-58
2
37
-5
-85
-142
-134
-118
-97
-141
-197
-233
-232
-191
-162
-171
-197
-187
-154
-117
-87
-103
-114
-103
-67
-66
-119
-139
-126
-108
-125
-167
-199
-210
-210
-203
-207
-235
-295
-336
-330
-237
-68
-140
-411
-504
-132
235
122
-205
-227
8
188
341
434
310
11
25
466
775
560
171
102
293
437
509
518
276
-36
5
370
525
253
-35
-48
50
122
193
175
-23
-225
-147
74
105
-44
-155
-166
-152
-111
-41
-43
-159
-225
-161
-103
-118
-139
-122
-105
-60
-72
-87
-51
49
125
124
71
36
91
224
299
201
82
45
124
223
238
129
-33
-63
42
142
127
0
-116
-113
-10
79
65
-47
-129
-106
16
93
47
-50
-97
-49
34
72
15
-63
-80
-42
-5
-8
-40
-92
-118
-100
-74
-92
-133
-161
-161
-155
-167
-199
-225
-216
-207
-231
-263
-279
-281
-266
-248
-277
-319
-360
-347
-323
-222
-97
-209
-447
-413
26
293
80
-214
-122
132
296
420
474
293
21
160
628
813
484
141
169
379
494
533
471
192
-40
99
430
450
144
-70
-46
43
113
171
95
-109
-220
-95
74
58
-68
-144
-147
-124
-69
-12
-53
-152
-168
-102
-66
-85
-88
-35
-14
-59
-60
-1
75
102
84
65
49
69
150
212
162
64
24
83
144
141
89
7
-40
-9
66
88
3
-81
-83
-12
47
40
-9
-44
-45
17
81
68
16
-19
1
53
73
47
5
-28
-18
15
13
-26
-64
-80
-88
-104
-104
-115
-149
-170
-182
-174
-185
-216
-228
-230
-231
-252
-259
-245
-246
-270
-279
-272
-271
-294
-307
-307
-263
-146
-148
-310
-373
-110
167
121
-95
-114
65
235
363
429
328
122
146
462
680
520
237
176
302
421
484
461
256
42
83
333
418
224
6
-45
26
103
148
88
-64
-178
-116
29
65
-33
-140
-158
-108
-51
-20
-48
-134
-178
-129
-58
-58
-104
-116
-90
-74
-73
-54
-22
38
26
-11
2
54
129
159
131
68
39
97
186
182
112
18
-3
71
138
123
29
-48
-36
39
95
80
17
-25
-2
62
110
95
34
-9
9
70
90
58
-5
-37
-19
22
19
-24
-73
-99
-76
-64
-72
-111
-151
-164
-141
-137
-171
-206
-219
-211
-215
-217
-221
-212
-220
-226
-221
-205
-186
-178
-179
-207
-217
-197
-167
-172
-142
-113
-137
-173
-130
9
92
67
12
39
128
240
305
293
221
186
263
370
416
341
232
210
273
343
346
267
166
120
153
230
227
132
17
-12
39
88
60
-14
-76
-95
-58
-25
-32
-82
-121
-131
-107
-78
-78
-102
-132
-132
-87
-36
-40
-76
-64
4
60
63
45
37
62
116
161
146
86
55
85
135
139
90
31
21
51
80
79
36
-8
-7
38
66
51
15
-10
3
37
51
38
10
-10
3
29
35
18
-17
-19
2
5
-9
-26
-31
-41
-53
-46
-52
-79
-95
-104
-86
-91
-133
-146
-140
-129
-132
-144
-148
-162
-172
-146
-133
-137
-162
-161
-134
-115
-114
-120
-124
-103
-82
-73
-81
-92
-90
-58
-1
11
-31
-54
20
106
144
137
112
97
147
267
321
263
180
181
252
327
332
259
166
139
205
277
266
157
61
58
127
155
111
30
-39
-41
8
48
8
-61
-102
-92
-54
-33
-52
-90
-112
-95
-62
-52
-65
-77
-15
-19
-36
-27
33
95
59
45
50
71
110
143
108
60
22
59
115
94
37
-17
-5
36
61
55
5
-39
-25
24
54
26
-31
-40
-18
8
15
-14
-47
-50
-33
-16
-13
-43
-59
-49
-30
-16
-22
-45
-60
-52
-34
-35
-60
-71
-79
-71
-70
-78
-88
-105
-106
-94
-90
-103
-122
-119
-99
-96
-105
-112
-105
-98
-88
-84
-78
-70
-69
-72
-63
-50
-46
-37
-30
-37
-53
-41
-17
-17
-25
-40
-38
-11
17
12
0
-1
26
58
82
84
61
62
96
136
140
113
92
101
131
146
135
113
92
82
92
99
85
58
40
38
36
30
24
13
8
-5
-6
1
2
-5
-6
14
28
21
18
35
48
51
52
61
54
53
64
79
71
48
32
39
55
48
40
28
17
15
19
25
12
-9
-14
-12
-15
-18
-26
-35
-48
-58
-58
-52
-52
-68
-86
-85
-72
-72
-70
-72
-79
-81
-80
-62
-52
-54
-60
-56
-39
-39
-42
-46
-43
-34
-28
-30
-40
-37
-31
-35
-30
-34
-44
-50
-40
-27
-29
-51
-67
-50
-22
-18
-39
-55
-53
-32
-10
-5
-23
-44
-38
-10
8
0
-22
-34
-23
-8
6
2
-18
-32
-27
8
21
2
-18
-23
-4
9
11
3
-4
-11
-4
10
17
2
-14
-6
5
9
5
8
6
6
13
26
36
31
28
41
59
63
60
75
86
86
82
82
91
101
105
101
87
71
79
89
93
76
46
37
52
69
69
54
33
29
28
48
52
35
5
-9
5
21
26
7
-20
-31
-16
8
13
-6
-39
-42
-20
-3
-7
-21
-39
-41
-32
-16
-15
-30
-45
-41
-24
-21
-27
-30
-28
-26
-14
-11
-11
-15
-19
-16
-13
-8
-10
-12
-14
-11
-12
-9
-7
-8
-6
-8
-5
-3
-1
2
3
2
-1
-3
8
6
6
11
7
-2
-3
11
19
16
7
-2
-4
1
16
12
-3
-16
-6
5
7
-4
-19
-20
-23
-13
-7
-14
-26
-37
-26
-19
-30
-40
-39
-36
-35
-28
-30
-26
-26
-24
-17
-15
-12
-3
8
8
3
-3
11
25
34
34
24
20
21
32
49
40
21
12
26
40
44
33
23
20
17
28
42
40
21
11
18
33
38
37
26
26
21
29
44
43
29
14
26
38
37
31
19
4
9
16
24
16
-4
-12
-10
0
-2
-7
-10
-14
-19
-11
-2
-2
-10
-9
-1
-2
0
1
-2
-7
-6
-4
-3
3
6
9
8
3
6
15
26
26
13
12
7
12
20
18
12
-2
5
18
26
19
3
1
12
21
21
14
12
7
5
10
17
16
10
5
11
12
8
10
13
15
7
0
8
11
11
7
2
-2
-7
2
3
-4
-11
-11
-7
-6
-7
-5
-5
-11
-5
-1
-5
-7
-12
-14
-11
-9
-14
-10
-12
-19
-23
-14
-9
-13
-18
-22
-17
-10
-1
3
1
-3
-4
14
23
25
26
25
31
28
32
33
37
34
29
33
36
37
35
33
28
24
27
28
27
15
4
1
6
8
5
2
-3
0
3
10
5
1
1
3
8
20
19
8
7
12
17
18
14
16
12
12
13
14
16
12
11
14
16
14
19
18
16
20
20
17
18
14
15
10
12
10
6
12
8
-1
0
10
20
25
14
6
11
19
21
24
25
17
12
20
32
33
21
13
17
26
28
20
15
13
11
9
10
11
6
4
10
10
5
3
8
9
8
-1
1
3
-3
2
6
1
-11
-10
1
10
5
2
0
2
7
11
17
15
5
1
12
17
14
11
5
6
12
18
17
14
8
9
13
16
14
5
3
3
5
1
0
-6
-11
-8
-3
-5
-15
-19
-8
-4
-4
-6
-3
0
2
0
3
5
4
5
9
14
12
12
10
15
18
16
9
4
6
8
5
2
-7
-12
-12
-4
-2
-13
-17
-16
-18
-14
-10
-11
-15
-22
-17
-10
-7
-6
-11
-14
-8
1
5
2
-2
7
11
13
14
8
10
9
7
9
11
9
1
-4
-3
0
-4
-5
-2
-4
-4
5
-2
-5
-1
-1
-6
-6
-4
-3
-9
-10
-12
-7
-1
3
6
1
3
0
9
16
15
8
5
7
14
16
20
16
12
6
10
23
27
16
7
11
12
11
14
13
5
4
9
16
10
11
8
9
8
11
14
15
13
10
14
19
14
16
18
23
19
11
16
14
16
20
20
13
8
13
22
20
13
6
3
10
13
12
4
-2
-2
-2
-1
1
-3
-13
-15
-12
-7
-4
-8
-10
-5
-5
-2
5
10
2
0
11
12
11
1
11
-4
8
3
10
1
-8
3
2
11
8
16
2
-2
0
9
3
-1
-5
-11
-12
-19
-16
-17
-15
-27
-33
-25
-23
-19
-28
-25
-29
-28
-21
-14
-22
-28
-27
-20
-7
-4
-7
-13
-16
-7
1
10
4
-8
-2
6
22
21
11
2
-5
5
17
25
14
5
3
10
16
25
20
11
7
9
20
19
8
8
8
6
7
12
13
8
8
8
13
14
14
10
14
17
11
11
21
21
26
25
18
22
29
31
24
18
20
25
26
27
30
25
20
20
27
24
21
16
13
14
13
18
16
18
17
19
18
20
20
15
15
13
16
14
14
15
14
9
8
14
12
5
-2
0
0
2
-2
-5
-3
-4
-1
3
2
1
-2
-2
-2
-1
-3
0
0
-4
-10
-11
-7
1
-2
-12
-19
-22
-13
-9
-8
-11
-21
-21
-16
-3
1
-6
-15
-16
-7
0
3
4
-5
-9
-3
3
7
3
-2
-7
-5
3
8
-4
-12
-16
-16
-12
-8
-8
-15
-25
-20
-11
-5
-3
-14
-17
-13
-9
-5
-7
-13
-23
-22
-13
-4
-8
-11
-9
-11
-8
-2
2
2
-3
-4
9
13
15
16
8
10
19
23
22
19
20
17
13
8
10
19
15
7
3
4
4
8
5
5
-1
-3
3
8
6
-2
-8
-3
5
6
6
1
-1
3
9
11
13
6
4
10
14
17
7
2
3
4
10
7
8
7
3
12
14
13
11
12
17
17
13
9
9
18
20
10
9
4
3
6
11
4
-6
-6
1
8
11
9
2
0
7
18
19
11
1
3
10
12
14
7
1
-4
-2
7
4
-9
-15
-12
-8
-8
-6
-6
-13
-15
-14
-9
-8
-13
-19
-19
-17
-14
-12
-14
-15
-16
-11
-7
-10
-13
-12
-10
-8
-9
-9
-12
-10
-11
-5
-10
-5
-6
0
4
2
5
9
9
6
4
2
0
-7
-3
-5
-12
-14
-17
-15
-16
-22
-23
-24
-28
-28
-30
-24
-27
-32
-30
-25
-17
-14
-19
-22
-21
-26
-23
-20
-20
-27
-29
-26
-21
-20
-21
-18
-16
-12
-6
-7
-11
-12
-6
-2
-6
-2
5
-1
3
-3
-2
-3
-3
2
1
1
-1
5
4
8
-1
1
1
1
14
11
10
11
13
15
18
21
18
19
17
19
25
25
23
18
19
15
15
14
10
1
4
7
10
8
8
6
4
5
5
11
4
0
-3
4
0
-2
-3
-1
-4
-4
2
0
2
3
5
9
7
8
9
12
10
7
12
16
18
11
7
5
7
9
9
8
-2
-3
-5
-8
-10
-11
-16
-25
-30
-25
-18
-23
-31
-34
-36
-32
-30
-28
-27
-34
-37
-34
-30
-28
-32
-29
-32
-29
-30
-30
-26
-28
-33
-28
-27
-25
-15
-18
-20
-18
-15
-17
-7
-9
-17
-17
-19
-19
-21
-24
-26
-31
-36
-28
-32
-31
-34
-33
-31
-30
-29
-27
-31
-29
-24
-24
-21
-22
-19
-19
-16
-13
-11
-8
-6
-9
-8
-8
-7
-4
-7
-6
-7
-14
-14
-15
-9
-16
-22
-23
-23
-19
-17
-21
-26
-26
-25
-19
-14
-18
-17
-11
-10
-4
-4
-3
-4
-8
-6
-2
1
2
-1
8
10
13
14
14
17
22
26
25
21
25
30
27
28
21
21
20
18
15
8
10
5
0
1
1
1
0
-4
-4
-6
-4
-8
-9
-10
-10
-12
-12
-17
-22
-18
-17
-18
-21
-20
-20
-13
-14
-15
-14
-11
-13
-10
-5
-6
-6
-6
-9
-9
-8
-8
-9
-13
-14
-13
-16
-15
-22
-20
-20
-18
-20
-25
-21
-28
-26
-25
-26
-23
-18
-21
-24
-24
-27
-27
-28
-26
-30
-25
-25
-32
-29
-27
-19
-28
-33
-28
-30
-29
-28
-26
-24
-29
-32
-29
-27
-26
-28
-27
-24
-25
-26
-28
-28
-32
-35
-32
-32
-30
-31
-25
-21
-23
-20
-15
-14
-12
-13
-9
-5
-7
-4
-4
-5
-5
-4
1
0
1
2
-3
-1
5
8
7
1
2
6
7
10
8
1
2
2
2
2
-1
2
-3
-4
-3
-5
-2
-7
-9
-6
-5
-7
-9
-9
-9
-4
-6
1
-2
-1
-1
0
5
6
11
10
12
17
18
13
12
11
16
13
15
17
13
