-12
-10
-8
-10
-12
-12
-14
-16
-18
-16
-13
-14
-12
-12
-12
-9
-10
-10
-10
-9
-5
-4
-4
-5
-1
-3
-1
-2
-2
-1
0
2
-3
1
-3
-2
-2
-6
-3
0
-5
-6
-2
0
0
2
0
0
0
1
1
0
6
1
2
-1
1
-1
2
-1
-4
0
0
1
-1
-3
-1
2
0
-4
-4
-2
-1
-3
-2
-2
0
-4
-1
2
-3
-2
0
3
1
-3
-7
-6
-5
-5
-2
-5
1
-4
-4
-2
3
1
0
-4
-6
-1
-7
-3
-2
-2
-5
0
2
1
-1
1
-4
-2
-3
-11
-5
-6
-1
-3
-6
-4
-2
-3
-5
-2
-8
-5
-6
-5
-5
-7
-3
-3
-3
0
1
-2
3
2
3
6
8
5
6
5
7
11
12
10
8
9
9
10
9
9
7
7
6
7
7
7
5
5
-2
1
6
3
5
-1
4
4
2
1
-2
-5
0
4
0
5
-1
2
0
-2
0
-3
0
-2
-6
-5
-6
1
1
-2
-3
-3
-3
-6
-2
-2
-2
2
1
-4
2
7
10
7
5
3
2
1
1
8
11
6
9
12
6
7
7
4
5
6
6
7
6
5
5
4
7
-1
-1
0
5
3
3
4
1
2
5
6
3
4
3
3
3
3
5
4
1
3
2
0
-3
-2
-5
-6
-5
-4
-6
-6
-1
3
4
3
2
3
3
5
2
3
-2
0
0
-4
0
0
-1
0
2
-2
-2
0
1
-2
3
1
3
5
5
3
-2
7
5
4
6
7
5
3
2
1
3
2
0
0
0
0
1
-2
3
0
0
3
3
4
3
6
4
7
6
9
7
7
8
11
7
4
6
0
2
3
5
3
7
3
8
3
4
5
5
6
8
4
-2
2
2
-1
1
3
-3
-2
-1
-3
-7
-6
-10
-6
0
1
2
2
6
6
7
3
7
10
5
7
5
5
9
8
8
10
7
9
10
12
8
9
10
5
4
5
9
6
4
8
11
10
10
10
9
7
7
7
7
8
7
3
3
1
-3
-1
3
0
-1
-4
-4
-4
-1
-4
-5
-3
-4
-3
-4
-4
-3
-2
-5
-7
-4
-5
-3
-8
-5
-10
-10
-5
-9
-3
-5
-5
-9
-5
-3
-2
-1
-6
-4
0
0
2
5
3
0
3
2
3
-1
-5
-5
-7
-8
-12
-12
-12
-6
-5
-10
-5
-2
-2
-2
-2
-4
-7
-8
-5
-6
-2
-2
1
-1
3
5
0
0
-2
-1
-2
-2
-5
-1
-5
-6
-5
-3
-1
-2
-3
-2
-1
-4
1
2
1
2
2
4
4
0
2
9
4
8
7
11
6
1
5
-1
-1
-3
-3
-5
-6
-4
-2
-4
-6
-9
-5
-9
-8
-3
-7
-8
-10
-7
-11
-10
-2
0
4
0
3
1
4
6
4
2
3
5
1
6
3
-2
-1
1
1
-5
-3
-6
-5
-6
-2
2
4
3
4
3
4
5
3
3
2
6
4
5
6
4
0
2
3
2
-1
-2
-1
-5
-6
0
-2
-3
-2
-3
-3
-2
-5
-6
-3
-6
-4
-6
-4
2
-1
0
2
-3
4
4
3
5
3
2
4
-1
-1
3
2
1
0
1
-3
0
2
-9
-3
-4
-4
2
3
2
3
4
4
5
6
6
-1
5
4
2
3
2
2
-2
-9
-6
-5
-5
-8
-7
-5
-4
1
-2
1
4
6
7
-1
5
4
3
6
4
6
8
6
13
6
14
6
0
3
8
4
-5
8
-2
5
6
5
2
-2
4
-1
2
1
9
7
-1
1
5
2
-3
2
-2
0
-2
-5
-7
-2
-6
-9
-5
2
0
-9
2
-2
0
5
-9
-4
-6
1
2
3
6
10
8
6
6
-1
-3
1
5
-7
1
-4
-6
-5
-5
-7
-11
-6
-1
-5
4
6
4
7
6
7
9
0
0
1
-6
-4
-4
-6
-12
-6
-7
-5
-8
-4
-5
-12
-6
-14
-10
-12
-8
-4
-12
-9
-13
-9
-11
-12
-13
-1
1
3
4
5
4
-3
-6
-3
-7
-6
-5
-6
-6
-1
1
-9
1
-2
-1
-3
-8
-3
-11
-11
-9
-13
-4
-6
-15
-5
-10
-7
-2
-5
5
-6
1
-3
-2
2
-5
7
1
0
5
-1
1
-4
2
-1
-4
5
2
1
1
0
-3
1
-1
8
7
9
2
7
10
5
11
4
7
11
10
8
-1
9
7
-2
8
-3
3
-1
0
4
-8
7
-2
-3
3
-4
1
-3
1
7
4
-1
1
2
0
-3
-2
4
-4
5
-4
-8
-1
-10
-3
-6
0
-10
-10
-5
-9
-4
4
-3
-5
-2
-1
-4
-3
-3
-7
-1
-8
-4
-7
-5
1
0
0
4
1
-5
8
-8
-6
-1
-14
-9
-8
-6
-8
-13
-8
-7
-8
-8
-9
-6
-5
-8
-1
-7
-9
-2
-10
-8
-7
-12
-11
-6
-13
-11
-2
-5
1
-4
-4
-2
1
9
-6
-2
1
-12
1
2
-11
6
7
-2
-2
1
0
1
2
-6
-3
-3
-15
-11
-1
-8
1
-2
-3
3
-6
-6
-12
-20
1
-5
-19
-5
-16
-5
-10
-13
4
-1
-14
3
1
-10
3
-6
-3
-3
9
-1
-10
1
-2
-4
-11
0
1
-2
1
2
-2
3
0
4
6
-2
-3
3
2
1
-1
0
-3
2
2
-5
-5
10
-2
-5
0
-5
2
-8
-5
2
-7
-2
-10
-14
-9
-18
-3
-3
-15
-12
-3
-6
-12
-6
1
-5
-8
-5
-11
-9
-10
-4
-15
-6
-4
-13
0
-9
-4
-8
-11
-9
-8
-6
-15
-6
-13
-17
-3
-17
-2
-7
-8
-7
-15
-14
-9
-11
-8
-8
-15
-5
-14
-14
-4
-11
-8
-9
-14
-4
-5
-12
-5
-6
-9
-5
-7
-5
-15
-14
-9
-12
-11
-13
-8
-12
-9
-7
-10
-11
-4
-16
-12
-8
-10
-11
-10
-3
-16
-17
2
-9
-6
-2
-10
0
-15
-7
-12
-14
-9
-15
-13
-17
-18
-6
-6
-14
-8
-7
-3
-6
-6
0
-10
1
-2
-8
3
-1
-4
4
-1
1
8
9
5
0
3
12
2
10
5
0
8
-4
9
2
-4
12
1
6
7
7
11
9
7
6
2
5
9
1
12
6
1
9
7
3
5
7
4
2
-3
2
-1
0
0
-1
2
-6
0
0
-9
-6
1
-11
-6
3
-11
4
-6
-7
-10
-11
-15
-11
-6
-7
-4
-10
-6
-4
-5
-7
-2
-6
-7
-18
-24
-16
-23
-19
-21
-25
-16
-18
-18
-24
-12
-9
-10
-10
-12
-4
-13
-8
-3
-11
-9
-5
-5
-20
-13
-4
-9
-14
-16
-7
-17
-7
-9
-11
-14
6
26
-27
-18
1
-26
-23
-29
-36
-29
-41
-37
-25
-34
-26
-27
-34
-13
-18
-24
-19
-18
-14
-19
-17
-15
-25
-12
-11
-19
-20
-21
-9
-22
-14
32
-11
-20
4
-25
-5
-31
-33
-19
-50
-17
-26
-38
-8
-29
-16
-17
-28
-13
-18
-9
-15
-21
1
-11
-13
-9
-12
5
-10
-17
0
-13
-8
4
-3
0
-3
4
0
-6
1
-2
-4
-4
5
-3
-1
-5
0
5
-12
-7
-2
-2
-9
-7
-3
-2
-2
-7
-4
0
-7
-11
-7
-3
-4
-8
-4
2
-8
-7
-1
-10
-6
-6
-5
-9
-2
2
-6
1
-12
7
-6
-13
4
-3
4
-12
-5
-3
-14
-6
-8
-5
-4
-11
-4
-2
-4
1
-7
2
-4
-13
1
-16
-7
-6
-5
-3
-11
-7
0
-4
-7
-7
-4
-9
-9
-8
-9
-10
-11
-7
-8
-14
-17
-14
-20
-19
-16
-12
-20
-10
-8
-16
-8
-12
-8
-13
-12
-7
-10
-9
-10
-10
-10
-13
-15
-15
-14
-15
-17
-16
-21
-20
-18
-11
-26
-12
-19
-28
-14
-29
-19
-21
-25
-22
-23
-33
-35
-29
-39
-31
-26
-30
-20
-12
-24
-19
-7
-13
-8
-13
-16
-13
-12
-13
-12
-17
-17
-15
-9
-18
-22
-5
-11
-25
-8
-4
-19
-6
-2
-11
-8
-7
-7
-9
-5
-6
-7
-3
-6
-7
-4
-3
-16
1
-2
-9
-2
0
-5
-2
0
-15
-1
-8
-14
-5
-12
-12
-12
-14
-16
-4
-3
-13
-9
-9
-4
-14
-13
-8
-5
-7
-6
-7
-20
-2
-9
-24
-10
-11
-10
-15
-14
-7
-25
-5
6
-12
-4
-7
5
-1
-11
-3
-9
-5
-20
-11
-10
-27
-12
-14
-16
-13
-14
-5
-16
-8
-16
-19
0
-21
-9
-10
-35
12
-26
-35
17
-20
-17
-16
-28
-9
-25
-18
-9
-28
-21
-16
-15
-19
-20
-12
-17
-11
2
-16
-30
-7
3
-28
-40
-18
-5
-29
-30
-12
-21
-26
-29
-21
-18
-29
-9
-27
-31
-19
-24
-25
-16
-23
-33
-16
-17
-11
-23
-23
-7
-22
-28
-12
-22
-23
-23
-32
-22
-26
-22
-24
-30
-18
-21
-26
-29
-22
-14
-34
-23
2
-33
-23
-4
-20
-16
-23
-21
-14
-22
-25
-15
-8
-8
-21
-8
-12
-13
2
-18
2
6
-22
-7
10
-6
-17
-3
0
-11
-13
5
-14
-10
0
-10
-3
-9
-3
12
-2
3
10
1
4
2
0
-13
-8
4
-11
-14
-8
-16
0
-3
-31
-10
-7
-26
-6
-7
-18
-20
-15
-14
-15
-11
-20
-12
-9
-18
-9
-1
-15
-5
-6
-3
-5
-16
-2
-10
-6
-3
-24
1
-14
-21
0
-8
-16
-21
-24
-14
-9
-31
-4
-16
-18
1
-31
-2
-10
-28
7
-17
-18
-7
-12
-2
-10
-1
-14
-20
-14
-10
3
-21
-15
4
-23
-11
-14
-27
-1
-26
-22
-17
-29
-5
-37
-14
-7
-42
-3
-5
-33
-20
-16
-7
-8
-24
-13
-7
-14
-4
-4
-11
-7
-11
-16
-18
-21
-19
-24
-24
-19
-23
-18
-31
-12
-12
-17
-35
-18
15
-37
-20
2
-21
-17
-13
-13
-12
-20
-4
-3
-25
15
4
-20
1
-15
-18
5
-13
-17
-3
-18
-5
-11
-28
-9
5
1
-13
8
-1
-29
12
9
-34
1
-24
-3
9
-20
9
-15
-21
1
-1
-14
-7
-12
-13
-2
-14
-18
-19
-11
2
-25
-10
-8
5
-10
-26
16
-10
-10
-9
-14
-7
-16
-9
-4
-24
-13
17
-22
-23
10
-9
-8
-4
6
-23
-2
2
-15
1
-21
-13
1
-8
-11
-11
-14
-9
-4
-23
-14
-11
-29
17
-17
-33
18
-10
-8
-15
-23
-8
-6
-22
-38
-15
-18
-16
-9
-14
-13
2
-15
-22
11
-20
-32
-7
-8
-25
-13
0
-10
-15
8
-4
-32
9
5
-31
4
-12
-13
5
-21
-23
-19
12
-25
-32
20
-8
-19
5
-9
-10
-9
-11
8
-28
-22
-17
-3
-27
-38
10
-27
-22
-4
-24
-10
-10
-20
-6
-9
-11
-10
-10
-9
-4
-18
0
-15
-5
12
-25
8
1
1
-3
-22
9
-8
-8
14
-20
13
13
-40
21
28
-31
16
12
-4
16
-10
10
22
-19
3
29
-17
4
24
-8
6
14
3
-19
0
23
2
-3
13
3
-7
7
16
-5
1
0
21
-4
-14
37
-11
-4
4
7
-9
-9
21
-21
-10
20
0
10
1
13
10
-12
15
6
-19
18
12
-14
22
10
6
8
5
10
-10
10
11
-20
16
3
-21
1
-4
17
3
-33
18
19
-1
-11
-2
4
-4
7
7
-5
-9
9
15
-14
-10
30
-16
6
12
0
-1
-7
23
-29
-18
4
-8
-4
14
5
-18
14
34
-16
3
26
-2
-1
10
2
-13
4
7
-10
-3
4
-7
8
-2
-7
16
23
-13
-6
58
-3
-24
32
-1
-2
-5
-16
20
-10
-16
8
-4
-7
-6
-7
-11
-2
12
-32
0
23
-22
-6
1
16
-17
6
25
-26
10
0
-8
31
-1
-3
24
11
-11
13
7
-8
11
15
-10
-9
15
0
4
-3
9
3
-26
33
8
-20
29
0
-16
14
30
12
-14
13
23
13
7
0
16
6
-1
41
-5
16
29
-4
42
0
1
29
-14
15
4
2
9
-4
13
-8
-10
20
4
-2
2
11
15
-10
9
14
14
12
-6
13
6
1
7
5
14
-8
-5
17
4
-14
15
20
4
20
1
-2
15
-1
-10
14
-16
-3
10
-5
-2
-16
9
-14
-14
5
-10
-2
-5
-10
4
-11
-6
-5
-3
-4
-7
0
1
-4
-13
11
-13
6
-3
-2
21
-17
-3
9
10
3
-4
17
8
-9
12
11
-1
-13
9
7
-17
3
6
-10
12
-4
11
-3
-7
11
-25
14
-35
0
23
-41
-12
0
14
-52
3
43
-44
10
2
-6
-7
-22
27
-33
-25
19
-12
-21
-7
10
-11
-11
17
-6
-13
-4
-8
0
-14
-14
-5
-9
-16
0
16
-18
9
20
1
21
25
-4
3
9
11
17
1
23
6
0
7
-1
-2
-19
-2
11
9
-1
-4
21
0
13
23
-9
12
-4
5
-1
11
19
-12
21
10
8
2
6
7
-7
14
-7
2
13
-1
15
9
-10
11
3
0
-8
-6
12
6
4
2
-4
10
9
18
8
5
11
10
18
-2
-3
20
1
-1
15
31
11
4
29
16
-2
15
13
5
-4
11
17
-20
-2
13
-7
21
5
17
12
-13
17
12
-17
-15
29
7
0
-7
15
-4
-13
8
-11
2
-24
6
9
-15
17
-14
-16
11
-14
11
-1
8
5
-3
12
-16
0
-2
-12
-6
-22
3
0
-15
-3
6
11
-21
5
-11
3
10
-13
21
4
8
-1
10
0
-14
5
9
-18
-7
-5
-9
-4
-13
9
-9
-9
6
12
-9
4
9
-1
-6
-10
4
-12
2
-7
-27
-8
-18
-18
5
3
-2
19
14
11
-4
2
-2
16
111
15
-44
20
37
-11
-25
-4
-5
-1
-4
-11
-24
-2
-4
-23
-5
22
16
-2
11
30
18
12
18
7
-3
10
23
14
-8
16
22
15
-2
11
28
27
18
19
18
33
0
2
21
21
8
13
19
24
32
-3
1
33
20
3
11
32
28
7
5
-2
3
-3
-8
-14
-11
0
-9
-5
-6
-10
5
8
7
1
14
15
10
1
15
12
22
19
3
25
26
11
0
-11
7
5
-11
4
11
-5
8
28
11
13
16
52
61
43
34
22
34
25
17
18
6
-5
-11
-6
-29
-30
-32
-29
-26
-34
-24
-32
-23
-12
-22
-25
10
14
16
17
28
34
22
15
31
27
21
40
43
35
25
32
29
17
-2
-2
1
14
-8
-7
14
4
2
-6
-10
-12
-1
-12
-18
12
16
25
36
41
27
18
19
16
30
32
24
7
-8
2
-12
-16
2
-3
-1
11
9
9
-16
-4
7
9
11
12
22
27
31
51
42
29
28
28
39
28
17
8
24
22
0
-2
9
14
22
28
36
37
24
33
30
11
10
19
28
22
27
32
18
15
11
4
22
29
27
31
32
36
43
28
13
22
29
27
31
35
44
43
23
16
10
4
-13
-13
-4
0
-4
-6
6
6
5
19
25
25
25
28
22
8
7
16
-3
-6
1
11
10
28
31
23
10
3
8
-2
-7
48
52
28
39
47
25
-10
-21
-29
-28
-31
-22
-17
-3
7
-20
-32
-14
-7
-17
-2
1
1
6
7
14
16
14
18
24
26
33
29
15
9
0
2
-2
-11
-18
-30
-28
-19
-28
-40
-28
-22
-26
-25
-17
-6
-8
-16
-5
-5
-10
-4
4
3
-2
7
7
5
15
5
-9
-14
-19
-10
-32
-36
-26
-30
-38
-36
-32
-34
-27
-18
-7
6
8
18
39
38
36
35
39
36
29
22
19
10
-1
-7
-5
5
-3
4
10
10
15
16
19
23
20
23
26
30
33
36
43
43
59
60
59
69
74
74
77
73
72
76
73
76
73
73
72
74
67
57
62
66
64
54
40
39
35
26
26
31
34
30
29
33
35
45
37
31
20
3
-3
-14
-25
-37
-43
-49
-43
-40
-51
-45
-45
-47
-49
-47
-45
-41
-33
-34
-20
-13
-18
-22
-31
-39
-51
-67
-80
-96
-110
-114
-118
-120
-117
-116
-118
-114
-106
-104
-104
-104
-102
-104
-109
-119
-124
-129
-137
-143
-138
-124
-90
-31
46
131
208
288
357
415
450
456
431
383
312
226
141
51
-19
-83
-141
-173
-187
-194
-183
-167
-163
-160
-153
-154
-146
-134
-107
-80
-42
13
70
143
209
266
308
326
338
322
277
223
153
77
1
-72
-130
-158
-183
-187
-182
-164
-136
-111
-84
-60
-31
-11
8
38
63
98
135
170
199
226
253
261
259
233
201
154
99
36
-20
-67
-106
-140
-152
-155
-150
-134
-117
-96
-80
-55
-43
-22
-9
1
6
9
16
14
12
4
-5
-23
-49
-67
-95
-120
-141
-159
-169
-177
-178
-166
-152
-141
-132
-123
-115
-125
-139
-155
-170
-184
-200
-216
-219
-217
-220
-214
-200
-183
-160
-109
-9
116
221
306
395
490
557
586
569
524
448
339
217
83
-24
-111
-189
-263
-305
-307
-293
-276
-259
-248
-229
-202
-183
-146
-94
-23
51
117
197
281
372
436
467
466
439
386
302
190
82
-30
-133
-233
-310
-345
-361
-346
-329
-297
-265
-227
-188
-155
-126
-98
-67
-32
8
68
138
208
286
341
382
398
398
380
324
248
156
54
-33
-106
-168
-209
-224
-218
-201
-167
-130
-86
-47
-17
0
19
42
66
88
109
128
136
145
141
119
84
43
-14
-78
-136
-185
-225
-252
-266
-259
-237
-212
-172
-134
-108
-82
-66
-56
-60
-66
-69
-77
-90
-102
-115
-128
-159
-196
-237
-281
-319
-362
-406
-440
-453
-425
-339
-202
-19
190
395
567
707
822
871
847
754
607
432
248
76
-79
-197
-279
-332
-361
-368
-355
-337
-316
-313
-319
-306
-272
-211
-119
8
154
299
436
559
657
707
706
643
522
375
211
45
-110
-242
-349
-419
-461
-461
-438
-399
-350
-312
-265
-231
-193
-142
-71
-1
79
174
256
340
409
449
452
416
340
235
144
70
-12
-90
-151
-164
-157
-132
-94
-78
-55
-31
-29
-21
-1
18
41
58
89
129
176
218
230
223
194
152
92
30
-29
-91
-129
-156
-174
-167
-145
-116
-104
-91
-76
-79
-77
-83
-94
-100
-105
-107
-112
-99
-79
-75
-61
-52
-62
-67
-76
-94
-115
-151
-184
-220
-266
-298
-339
-372
-387
-397
-407
-404
-370
-281
-135
49
253
452
640
763
844
883
853
748
589
398
190
0
-165
-299
-388
-439
-475
-489
-467
-433
-395
-343
-292
-236
-152
-34
103
260
419
570
677
739
761
722
636
501
323
124
-61
-217
-349
-440
-488
-513
-516
-489
-452
-389
-313
-242
-169
-82
21
127
244
354
444
508
541
532
491
421
318
185
42
-92
-220
-315
-367
-336
-277
-209
-142
-72
28
97
161
192
192
215
222
222
232
234
231
200
151
108
56
19
-33
-88
-128
-142
-131
-116
-88
-58
-33
-14
-26
-34
-29
-37
-47
-70
-73
-70
-78
-76
-99
-128
-151
-178
-208
-213
-194
-158
-118
-68
-17
21
35
23
-17
-95
-170
-253
-339
-392
-414
-401
-374
-347
-317
-292
-249
-171
-35
159
353
500
623
723
808
832
768
637
462
251
25
-181
-335
-431
-504
-558
-576
-544
-471
-381
-296
-216
-129
-29
85
202
334
481
589
642
641
615
565
468
328
156
-13
-170
-306
-410
-469
-492
-498
-503
-485
-432
-348
-237
-125
-4
129
250
357
449
520
556
530
466
375
269
160
45
-66
-175
-272
-346
-402
-421
-417
-400
-361
-266
-86
103
286
426
553
647
664
635
529
401
268
109
-34
-133
-177
-195
-219
-220
-220
-195
-164
-150
-130
-93
-37
18
77
150
208
239
238
175
107
25
-65
-158
-241
-269
-273
-253
-204
-141
-74
-14
20
33
42
45
21
-12
-34
-47
-63
-100
-150
-208
-273
-341
-401
-455
-469
-459
-438
-392
-330
-263
-154
16
248
502
705
829
891
925
903
779
568
348
121
-118
-330
-467
-516
-535
-561
-591
-582
-530
-457
-377
-271
-137
20
193
376
563
729
843
856
774
644
496
331
152
-31
-187
-309
-406
-467
-489
-490
-491
-503
-513
-481
-390
-240
-62
124
308
469
583
639
656
628
522
367
207
61
-52
-140
-209
-273
-335
-403
-467
-499
-500
-469
-409
-310
-133
117
367
612
780
886
904
820
691
482
283
88
-107
-236
-308
-320
-306
-301
-291
-296
-292
-257
-220
-142
-26
101
224
326
411
441
420
343
208
74
-53
-161
-222
-255
-236
-215
-191
-168
-165
-148
-143
-147
-142
-126
-81
-54
-18
16
11
-15
-78
-149
-220
-283
-322
-355
-341
-295
-251
-195
-179
-171
-186
-223
-229
-117
170
481
663
753
860
941
855
590
319
102
-106
-352
-538
-520
-398
-331
-352
-373
-329
-301
-294
-255
-169
-8
168
343
526
716
865
883
761
555
350
173
3
-150
-242
-265
-291
-358
-407
-406
-424
-477
-544
-551
-458
-276
-49
195
442
636
715
684
606
520
390
195
18
-97
-153
-198
-237
-255
-289
-378
-489
-569
-578
-502
-384
-234
-64
152
434
659
794
839
817
738
577
406
245
110
-8
-177
-318
-378
-402
-420
-453
-448
-396
-316
-184
-35
135
307
412
451
442
412
352
250
128
4
-92
-153
-205
-247
-275
-303
-352
-398
-407
-384
-326
-248
-175
-86
25
117
154
161
155
108
17
-60
-120
-168
-203
-258
-312
-349
-373
-401
-422
-427
-428
-407
-382
-281
-26
344
644
785
857
912
900
739
498
314
190
31
-166
-285
-261
-239
-334
-486
-581
-594
-575
-520
-369
-136
112
307
457
610
734
780
721
585
436
332
253
154
65
-8
-103
-261
-443
-572
-616
-635
-646
-610
-489
-284
-77
130
328
481
548
525
476
450
447
401
302
199
120
17
-138
-274
-372
-461
-558
-628
-606
-501
-352
-204
-53
117
296
438
523
589
663
718
689
593
476
360
211
4
-212
-372
-447
-477
-494
-444
-335
-224
-145
-78
18
117
199
235
257
291
309
290
242
181
100
0
-117
-231
-295
-326
-361
-394
-408
-383
-330
-270
-201
-124
-33
33
70
88
98
79
9
-80
-150
-193
-239
-275
-292
-271
-257
-274
-313
-342
-351
-367
-411
-455
-360
-39
399
710
807
853
927
879
605
299
168
146
11
-203
-275
-176
-133
-295
-499
-557
-535
-546
-523
-324
3
265
382
459
572
662
661
565
450
375
332
275
186
101
42
-75
-308
-543
-646
-641
-618
-587
-476
-301
-134
-22
101
264
394
428
394
380
439
505
471
359
262
178
11
-218
-364
-387
-419
-507
-560
-510
-397
-302
-225
-137
-1
160
325
451
570
702
750
704
576
464
355
210
58
-118
-224
-264
-321
-381
-385
-331
-288
-260
-179
-45
96
211
261
288
305
272
211
160
118
67
-9
-97
-180
-243
-299
-391
-472
-493
-458
-388
-294
-175
-56
37
80
69
52
40
14
-48
-95
-97
-113
-157
-219
-276
-310
-338
-384
-426
-418
-390
-383
-397
-395
-248
92
462
634
654
729
825
748
485
284
273
278
99
-127
-154
-60
-145
-409
-559
-518
-485
-529
-478
-234
59
177
179
257
413
503
493
478
481
478
435
346
240
154
62
-112
-328
-474
-488
-459
-483
-492
-417
-310
-254
-217
-78
135
280
314
325
395
480
488
412
338
312
253
89
-89
-156
-159
-266
-450
-543
-499
-438
-419
-352
-203
-21
167
278
340
453
573
635
608
604
602
531
438
271
87
-25
-146
-285
-385
-375
-329
-348
-330
-266
-178
-91
-48
-8
80
175
198
213
253
258
198
115
26
-47
-93
-163
-250
-296
-297
-301
-308
-276
-219
-162
-107
-84
-70
-33
-3
-36
-89
-89
-88
-110
-140
-170
-173
-188
-233
-295
-310
-273
-279
-302
-303
-285
-278
-183
139
513
665
565
495
566
541
318
154
254
378
257
6
-66
-18
-149
-455
-624
-525
-429
-466
-434
-209
30
65
-15
23
172
297
355
424
528
577
526
395
273
196
116
-33
-210
-301
-287
-302
-397
-490
-484
-450
-465
-447
-291
-54
90
130
176
275
368
389
367
379
438
437
298
119
50
2
-157
-367
-444
-393
-367
-406
-374
-265
-143
-48
-19
94
274
440
522
570
664
651
568
459
319
208
109
-16
-154
-228
-246
-299
-371
-388
-369
-329
-283
-244
-130
19
106
144
210
294
304
261
219
177
119
32
-86
-182
-230
-269
-325
-349
-321
-290
-274
-264
-241
-208
-163
-140
-123
-70
-19
4
-16
-34
-64
-106
-159
-211
-207
-205
-232
-284
-315
-316
-282
-91
228
459
438
363
451
564
474
297
302
434
420
193
52
94
56
-212
-466
-436
-302
-334
-435
-366
-184
-131
-203
-189
2
176
240
306
430
523
503
425
363
330
308
250
127
-3
-95
-175
-304
-442
-499
-486
-495
-514
-443
-277
-149
-123
-116
-32
118
240
319
397
483
527
446
269
157
135
69
-89
-191
-156
-145
-262
-375
-390
-340
-344
-311
-189
-12
187
274
357
434
477
472
391
379
346
322
312
225
140
31
-77
-197
-301
-315
-310
-310
-287
-252
-181
-118
-97
-40
42
127
160
182
221
218
179
112
40
-14
-54
-109
-176
-201
-218
-243
-273
-283
-268
-233
-196
-172
-126
-83
-54
-58
-71
-90
-98
-113
-152
-164
-150
-138
-176
-247
-283
-316
-327
-191
129
421
443
323
351
494
486
327
309
475
530
347
172
205
210
-51
-372
-421
-283
-267
-369
-363
-242
-211
-306
-311
-132
68
153
197
300
411
464
451
412
373
368
357
280
188
132
64
-98
-289
-384
-376
-389
-450
-449
-365
-286
-283
-280
-200
-62
55
112
160
269
383
376
263
214
268
274
177
101
136
129
-28
-182
-224
-181
-173
-189
-137
-48
17
26
45
124
175
179
173
194
258
307
321
298
245
192
113
27
-35
-55
-58
-103
-161
-174
-157
-168
-210
-202
-147
-96
-69
-43
10
49
38
-4
-26
-24
-37
-64
-75
-55
-28
-48
-105
-151
-171
-171
-179
-160
-129
-109
-123
-181
-221
-244
-259
-279
-286
-249
-213
-217
-232
-238
-241
-220
-99
192
462
495
385
406
566
587
458
426
521
518
301
112
140
167
-39
-322
-382
-278
-282
-384
-384
-267
-222
-292
-282
-101
79
136
156
228
329
384
411
440
445
435
402
335
265
224
164
25
-142
-217
-231
-269
-332
-363
-333
-330
-359
-351
-283
-173
-81
-35
-18
65
198
259
240
250
333
354
277
226
275
281
159
34
12
14
23
38
9
-25
-87
-121
-105
-37
38
17
23
54
50
117
177
201
191
163
162
142
145
146
118
103
49
-10
-9
-34
-93
-137
-139
-115
-106
-93
-102
-122
-123
-146
-173
-169
-155
-149
-139
-116
-71
-33
-25
-50
-65
-55
-48
-20
-10
-25
-41
-72
-123
-194
-240
-285
-333
-365
-383
-367
-342
-337
-346
-321
-173
93
331
351
273
344
525
582
503
517
622
611
390
223
270
306
113
-152
-200
-131
-197
-353
-396
-319
-309
-400
-397
-215
-50
-35
-52
24
136
212
263
326
399
446
441
394
380
402
365
226
69
3
-3
-58
-139
-170
-168
-236
-363
-442
-438
-366
-286
-246
-203
-114
-13
28
6
35
141
209
193
212
325
408
371
323
355
368
293
198
172
184
158
77
7
-16
-41
-109
-149
-144
-131
-116
-102
-73
-32
18
49
66
101
159
214
242
229
204
187
152
124
122
130
116
61
-16
-90
-141
-185
-224
-261
-276
-281
-281
-266
-250
-220
-207
-199
-172
-133
-85
-28
25
66
72
55
20
-21
-67
-120
-160
-192
-244
-302
-328
-340
-389
-436
-339
-77
148
150
66
133
325
413
385
432
570
587
424
313
380
447
304
75
-12
10
-60
-209
-281
-251
-273
-364
-388
-289
-169
-153
-188
-172
-81
23
96
161
232
289
299
271
277
346
384
315
202
139
119
75
3
-23
-14
-59
-169
-279
-324
-317
-294
-285
-277
-221
-151
-133
-159
-150
-88
-40
-34
15
131
250
287
288
294
298
296
290
311
345
341
271
204
156
115
69
26
-24
-80
-122
-137
-140
-138
-139
-136
-125
-101
-60
-12
36
78
112
134
133
142
168
171
161
158
154
117
54
-8
-58
-110
-170
-228
-264
-266
-278
-289
-292
-290
-271
-267
-272
-241
-177
-113
-87
-82
-63
-40
-33
-45
-43
-35
-70
-142
-184
-196
-196
-203
-203
-89
87
140
36
4
162
304
305
297
374
463
388
239
233
335
319
141
36
54
33
-89
-179
-180
-169
-231
-300
-251
-159
-125
-149
-160
-114
-47
34
102
143
187
212
201
194
238
287
275
191
121
100
70
18
-6
11
-11
-88
-166
-231
-257
-256
-266
-272
-251
-193
-134
-122
-122
-93
-54
-59
-68
2
117
189
207
188
182
197
206
239
278
292
256
200
167
135
125
118
81
33
-13
-45
-66
-84
-103
-119
-129
-125
-107
-77
-53
-62
-57
-38
-25
-11
30
64
76
82
83
83
67
32
4
-16
-39
-84
-116
-130
-150
-164
-184
-211
-232
-255
-284
-294
-278
-258
-254
-249
-240
-221
-191
-169
-146
-139
-164
-215
-224
-187
-156
-110
56
256
267
112
65
238
363
346
341
443
490
331
147
185
331
300
129
46
75
15
-135
-220
-201
-180
-249
-320
-287
-197
-153
-170
-192
-159
-76
14
65
103
185
233
185
134
200
331
346
256
188
175
141
54
18
54
75
2
-117
-198
-212
-204
-257
-330
-315
-220
-178
-223
-225
-131
-77
-147
-196
-87
80
151
141
158
209
221
189
195
280
325
283
226
208
223
213
176
129
105
95
50
-3
-32
-32
-54
-114
-164
-145
-93
-88
-120
-130
-88
-77
-98
-92
-38
10
5
-6
16
61
86
74
53
46
31
3
-35
-54
-58
-72
-122
-173
-194
-216
-264
-309
-325
-319
-328
-349
-349
-325
-291
-277
-273
-268
-254
-238
-226
-196
-158
-44
161
300
255
158
204
334
361
338
400
492
448
256
161
244
292
185
64
56
63
-29
-140
-159
-127
-159
-253
-283
-225
-157
-146
-163
-171
-150
-109
-63
-8
80
166
172
113
102
168
241
253
234
245
236
190
140
144
180
163
85
-15
-85
-86
-88
-161
-239
-250
-227
-251
-295
-263
-172
-163
-240
-250
-135
-24
11
43
102
157
159
143
189
272
306
275
245
263
282
281
246
207
196
173
129
100
102
84
21
-72
-120
-113
-96
-102
-121
-110
-115
-152
-172
-141
-97
-65
-57
-49
-25
10
32
40
58
69
70
48
36
40
35
-5
-64
-101
-119
-144
-166
-179
-203
-240
-288
-319
-315
-304
-306
-298
-295
-300
-312
-307
-292
-264
-241
-209
-71
125
216
161
142
243
322
309
319
425
508
441
308
289
350
310
183
118
129
105
19
-47
-66
-92
-171
-259
-279
-241
-189
-166
-182
-211
-218
-182
-151
-110
-10
82
89
49
55
115
175
178
183
224
241
230
216
226
236
207
121
27
-4
32
18
-64
-138
-168
-202
-266
-281
-215
-155
-200
-259
-231
-167
-129
-104
-50
12
48
62
85
145
198
211
199
219
258
295
320
303
278
260
234
215
209
224
208
134
51
-8
-27
-42
-67
-71
-80
-116
-155
-178
-170
-151
-135
-124
-114
-81
-46
-18
-8
-10
-2
15
35
60
91
101
68
19
-29
-54
-65
-86
-105
-129
-165
-209
-242
-262
-275
-273
-282
-296
-298
-288
-288
-282
-279
-276
-267
-185
-9
130
163
145
196
265
265
257
339
452
460
371
326
346
331
237
161
154
154
108
47
15
-27
-97
-186
-242
-246
-199
-153
-154
-179
-196
-200
-201
-195
-131
-41
4
-6
3
59
95
99
99
133
171
196
216
237
251
231
163
74
39
73
97
54
-14
-51
-85
-165
-223
-203
-153
-165
-216
-216
-168
-129
-132
-131
-91
-45
-17
12
62
120
148
136
130
157
210
250
252
237
242
246
228
208
200
194
156
96
51
39
32
5
-39
-72
-90
-113
-134
-139
-121
-109
-120
-143
-138
-101
-79
-84
-83
-52
-23
-10
-8
10
36
21
-12
-29
-25
-19
-31
-58
-81
-97
-128
-161
-184
-195
-192
-208
-229
-241
-222
-217
-242
-258
-261
-259
-257
-167
-4
105
97
97
174
228
208
229
332
417
401
334
342
383
353
255
203
199
174
138
102
74
22
-49
-124
-190
-190
-151
-123
-138
-170
-180
-177
-191
-202
-150
-74
-48
-55
-31
15
36
40
48
75
105
142
170
189
211
213
166
92
66
99
102
52
18
16
-3
-85
-145
-126
-115
-162
-216
-199
-145
-130
-143
-141
-108
-86
-87
-66
-4
62
99
109
113
145
177
188
189
194
225
238
219
198
193
189
142
77
52
53
41
2
-33
-47
-59
-97
-136
-145
-132
-131
-144
-160
-143
-123
-118
-128
-118
-78
-53
-49
-45
-23
0
-6
-37
-46
-39
-41
-54
-65
-66
-79
-108
-142
-170
-177
-174
-188
-201
-210
-206
-219
-242
-253
-261
-264
-264
-191
-59
36
55
69
126
154
149
171
261
349
363
345
357
382
354
286
247
238
207
169
137
115
81
21
-61
-127
-149
-132
-120
-133
-153
-161
-168
-206
-219
-175
-119
-97
-100
-67
-16
16
28
39
65
92
104
121
155
203
219
175
121
111
127
110
64
52
59
36
-24
-65
-66
-79
-126
-151
-140
-117
-103
-110
-108
-93
-86
-90
-74
-25
24
51
57
75
102
131
152
157
170
191
200
187
187
200
191
150
89
58
55
32
10
-10
-16
-42
-93
-125
-136
-130
-130
-148
-153
-140
-122
-111
-114
-110
-94
-91
-89
-74
-41
-15
-17
-40
-60
-72
-87
-106
-110
-103
-109
-131
-157
-164
-167
-173
-188
-201
-199
-193
-198
-210
-214
-224
-248
-256
-189
-59
30
52
74
122
144
131
150
226
293
305
296
308
338
332
284
241
214
178
142
114
87
70
38
-31
-103
-125
-117
-112
-132
-148
-151
-158
-173
-179
-149
-118
-109
-108
-90
-45
-4
24
38
40
52
67
80
107
150
177
162
125
112
126
111
85
73
75
58
16
-16
-23
-22
-44
-77
-86
-80
-76
-82
-81
-73
-65
-59
-55
-36
-14
5
27
57
86
124
138
145
149
152
158
165
168
174
174
143
98
74
62
44
13
-8
-18
-38
-66
-87
-88
-89
-102
-123
-127
-107
-85
-82
-85
-87
-82
-81
-87
-69
-45
-35
-51
-76
-90
-94
-105
-115
-124
-123
-124
-134
-147
-158
-160
-161
-179
-197
-195
-177
-171
-180
-185
-186
-208
-200
-113
-13
32
39
88
149
159
154
189
234
246
227
225
260
286
268
225
191
154
109
78
59
45
34
0
-47
-77
-86
-82
-103
-129
-135
-133
-133
-136
-128
-99
-95
-103
-96
-70
-34
-8
4
7
17
28
39
47
78
109
104
81
73
91
89
65
43
42
37
17
0
6
11
-10
-29
-46
-41
-35
-50
-58
-56
-43
-37
-32
-23
-18
0
8
23
49
82
106
113
120
127
131
131
133
139
143
137
112
92
81
62
40
16
4
-6
-19
-33
-46
-50
-65
-76
-88
-88
-81
-79
-78
-81
-77
-75
-77
-72
-74
-70
-77
-87
-88
-93
-98
-103
-104
-112
-125
-136
-138
-142
-145
-149
-157
-167
-178
-171
-166
-167
-170
-174
-173
-170
-115
-31
25
43
78
144
170
171
191
215
219
203
198
214
245
240
212
183
147
106
71
36
16
7
-11
-47
-64
-60
-60
-76
-103
-107
-108
-114
-112
-97
-82
-82
-92
-80
-54
-35
-15
1
8
7
10
26
41
61
82
86
77
75
83
90
72
49
37
45
44
32
37
44
38
9
-11
-13
-13
-28
-46
-52
-44
-40
-35
-33
-22
-14
-21
-19
-8
15
39
47
53
69
82
87
91
94
99
92
80
69
68
73
62
45
28
14
1
-18
-36
-41
-34
-39
-61
-69
-68
-63
-66
-76
-71
-68
-70
-76
-77
-70
-72
-79
-80
-72
-66
-58
-67
-72
-82
-93
-100
-105
-109
-106
-94
-96
-103
-109
-107
-106
-105
-109
-102
-76
-22
27
54
82
126
169
186
201
218
228
214
192
192
200
203
195
173
150
134
102
69
40
20
-5
-32
-45
-35
-28
-36
-47
-52
-58
-62
-70
-68
-52
-51
-49
-52
-34
-12
-4
0
1
6
5
4
12
21
36
51
51
57
65
72
75
67
61
67
70
64
63
65
70
56
31
21
10
-3
-21
-37
-41
-48
-53
-56
-53
-44
-41
-37
-34
-17
5
19
25
41
54
60
67
70
76
77
73
69
64
61
59
57
48
28
14
-3
-16
-33
-43
-47
-60
-71
-81
-89
-92
-94
-101
-104
-106
-104
-105
-107
-105
-99
-90
-85
-81
-70
-64
-57
-57
-63
-65
-76
-76
-72
-68
-61
-61
-79
-84
-87
-91
-86
-91
-79
-48
-18
10
35
69
112
136
151
169
184
188
185
178
175
182
172
157
146
134
121
97
68
46
20
0
-21
-28
-19
-15
-17
-21
-17
-17
-18
-15
-15
-13
-8
-9
2
12
23
28
22
20
23
31
28
20
18
27
29
26
30
49
74
81
80
80
91
92
79
75
72
64
56
47
33
25
11
-6
-23
-31
-36
-48
-47
-49
-45
-36
-35
-29
-9
4
15
24
35
50
59
72
71
71
73
74
72
69
65
56
46
36
20
4
-11
-19
-27
-36
-46
-59
-66
-86
-98
-99
-103
-111
-119
-124
-117
-112
-111
-98
-92
-80
-74
-71
-71
-63
-58
-53
-43
-34
-34
-33
-32
-36
-39
-50
-61
-64
-73
-79
-65
-40
-22
-9
14
39
62
80
97
109
118
123
126
128
139
146
140
133
121
115
100
85
67
53
39
19
5
-5
-9
-13
-15
-13
-10
-10
-11
-10
-4
1
-6
-8
2
13
21
26
29
32
31
28
19
21
26
31
27
33
43
49
52
53
59
65
65
59
59
61
61
46
38
36
30
25
17
13
6
-4
-19
-36
-39
-39
-35
-36
-30
-16
-6
0
2
13
30
43
50
61
70
75
74
64
62
64
66
59
51
42
31
18
-7
-21
-34
-46
-55
-64
-71
-79
-85
-93
-101
-99
-94
-96
-94
-92
-87
-90
-91
-80
-60
-46
-41
-34
-27
-23
-23
-21
-8
-2
-7
-13
-19
-21
-27
-39
-47
-51
-58
-58
-59
-48
-36
-28
-19
-6
6
22
34
49
56
54
61
69
72
83
92
95
91
90
88
78
66
57
42
29
19
14
10
9
5
2
-3
-11
-12
-10
-6
-9
-11
-11
-14
-17
-12
-4
2
7
6
9
6
8
16
17
19
18
24
29
26
22
26
27
27
19
17
24
19
12
0
0
1
-5
-10
-13
-14
-18
-23
-26
-27
-25
-28
-24
-11
-5
-3
2
6
10
22
34
44
55
65
63
59
52
51
49
48
41
38
34
24
14
-1
-15
-30
-37
-42
-58
-55
-60
-63
-69
-73
-68
-69
-58
-57
-53
-47
-42
-41
-32
-23
-15
-4
-1
5
6
4
4
3
1
-2
-8
-11
-9
-6
-11
-19
-30
-36
-35
-39
-35
-30
-26
-20
-15
-6
7
22
32
38
49
61
67
72
72
81
80
84
79
81
85
78
72
58
45
38
25
19
18
15
9
0
-2
1
1
4
3
-1
-3
-1
-4
-4
-1
-1
-1
-4
-4
-2
-2
-8
-14
-13
-13
-20
-22
-24
-29
-32
-31
-36
-28
-31
-35
-27
-28
-26
-29
-31
-31
-35
-38
-41
-43
-39
-41
-40
-38
-38
-38
-40
-36
-33
-30
-29
-26
-17
-9
-2
7
9
12
13
13
8
9
6
6
3
3
6
-3
2
-6
-12
-19
-19
-18
-17
-10
-12
-12
-17
-19
-13
-12
-8
-7
-3
-8
-16
-19
-18
-11
-5
-2
6
19
28
28
36
45
50
50
48
51
56
52
38
33
33
27
18
19
18
22
17
13
11
10
13
9
10
8
14
19
26
33
39
43
48
51
56
59
59
56
51
41
34
31
32
33
36
32
32
32
26
21
13
10
3
2
1
1
-2
-7
-8
-14
-18
-23
-21
-27
-33
-38
-45
-47
-54
-59
-56
-53
-56
-56
-55
-52
-53
-50
-46
-37
-33
-36
-31
-32
-29
-26
-25
-20
-18
-17
-12
-17
-20
-19
-22
-23
-25
-21
-16
-13
-7
-4
1
6
6
10
15
21
23
28
28
28
30
33
36
35
30
23
22
10
2
-1
-7
-11
-13
-16
-12
-17
-21
-23
-27
-27
-30
-29
-28
-21
-15
-13
-2
0
2
6
7
15
20
22
22
21
24
26
28
26
28
26
18
15
10
13
11
5
5
4
1
-3
-3
0
0
-3
6
16
19
23
24
26
36
38
40
43
44
48
57
54
47
44
46
48
39
37
37
32
23
18
12
11
8
1
-2
-2
-3
-3
-6
-8
-8
-9
-11
-15
-14
-18
-23
-28
-33
-35
-38
-39
-38
-42
-45
-43
-46
-42
-42
-35
-29
-26
-22
-22
-18
-16
-14
-12
-8
-6
-7
-11
-11
-18
-20
-19
-14
-10
-9
-9
-2
0
4
7
12
16
18
21
18
22
16
16
18
18
15
13
13
8
10
0
-5
-10
-17
-23
-25
-24
-20
-23
-25
-29
-31
-26
-29
-29
-25
-19
-21
-20
-22
-18
-18
-23
-24
-21
-22
-21
-20
-16
-10
-9
-6
-7
-10
-15
-13
-18
-24
-22
-20
-21
-23
-25
-22
-21
-21
-25
-21
-11
-11
-3
5
10
17
21
26
33
39
38
44
46
46
48
46
42
43
34
32
32
28
26
19
14
11
7
2
-3
0
0
-2
-4
-4
0
-4
-2
-4
-3
-2
0
-3
-4
-10
-18
-19
-21
-20
-23
-25
-27
-24
-24
-24
-21
-15
-15
-9
-13
-9
-2
-2
1
6
9
7
12
13
14
9
13
12
6
6
6
11
5
12
21
24
24
31
33
32
34
35
34
33
34
28
26
31
24
19
17
8
1
-8
-12
-13
-11
-19
-19
-22
-27
-26
-29
-23
-25
-26
-21
-24
-26
-30
-22
-29
-31
-27
-31
-31
-34
-30
-28
-29
-27
-22
-24
-22
-17
-18
-19
-15
-20
-21
-15
-17
-21
-19
-21
-20
-21
-23
-22
-20
-19
-19
-16
-15
-13
-7
-5
-3
0
7
14
16
21
17
19
20
13
18
23
19
17
13
6
3
2
-2
-4
-7
-14
-19
-21
-19
-19
-24
-22
-23
-22
-24
-23
-20
-24
-31
-29
-30
-26
-23
-20
-19
-19
-21
-26
-19
-13
-15
-10
-8
-12
-5
-1
3
2
0
-1
5
3
1
-1
0
-1
-3
2
3
6
10
13
10
16
19
22
28
29
32
31
34
30
31
26
30
26
21
22
18
12
6
3
-2
-9
-8
-8
-18
-16
-21
-21
-22
-22
-23
-22
-22
-25
-22
-28
-22
-22
-20
-19
-25
-27
-26
-27
-26
-21
-23
-25
-24
-24
-26
-25
-25
-25
-25
-25
-29
-28
-23
-20
-23
-27
-24
-26
-21
-21
-23
-24
-29
-27
-18
-19
-18
-9
-10
-6
-8
-6
4
3
3
10
8
5
8
4
6
10
6
4
-2
-3
-14
-14
-20
-20
-15
-26
-26
-16
-22
-32
-33
-40
-36
-35
-30
-29
-26
-26
-20
-19
-20
-17
-17
-23
-22
-21
-28
-26
-17
-18
-21
-19
-14
-18
-16
-14
-15
-9
-10
-3
-3
2
5
2
1
4
5
3
5
9
8
4
11
14
9
14
19
14
12
7
16
18
19
22
16
13
21
15
7
6
6
1
-5
-4
-3
-8
-10
-8
-8
-9
-10
-5
-8
-5
-8
-13
-10
-6
-5
-10
-11
-8
-8
-9
-13
-12
-7
-9
-13
-12
-13
-13
-15
-12
-9
-11
-12
-12
-6
-11
-14
-11
-5
-8
-4
-2
-6
-14
-8
-5
-12
-10
-7
-2
-4
-1
1
0
4
2
4
4
5
6
3
7
6
1
-3
-11
-13
-12
-14
-14
-20
-23
-26
-27
-32
-32
-33
-36
-40
-37
-36
-35
-34
-37
-32
-31
-33
-31
-31
-28
-26
-30
-29
-27
-26
-27
-28
-27
-28
-27
-24
-24
-22
-29
-28
-22
-24
-20
-19
-18
-17
-17
-12
-10
-4
-5
-3
-2
-2
1
-1
6
7
7
3
-1
0
-1
1
3
6
7
5
1
-3
-1
-1
-6
-5
-7
-10
-9
-9
-9
-17
-23
-22
-20
-24
-23
-24
-26
-28
-31
-33
-29
-31
-28
-27
-30
-31
-29
-26
-25
-19
-22
-27
-25
-17
-17
-19
-17
-17
-16
-18
-15
-15
-16
-10
-13
-14
-13
-13
-13
-13
-10
-10
-13
-17
-17
-9
-2
0
0
3
9
13
12
11
12
15
14
10
14
15
9
2
1
-1
-3
-6
-7
-10
-8
-14
-14
-17
-20
-19
-20
-21
-30
-26
-26
-29
-30
-28
-24
-22
-28
-26
-23
-24
-27
-28
-25
-31
-32
-32
-32
-31
-31
-34
-33
-33
-32
-37
-35
-32
-29
-26
-27
-29
-27
-20
-19
-18
-15
-9
-11
-5
-7
-4
-2
1
1
-3
0
2
-1
2
3
0
2
3
-2
-3
-2
-4
-8
-7
-10
-15
-15
-16
-16
-19
-24
-22
-23
-29
-32
-34
-31
-33
-33
-31
-35
-34
-34
-38
-33
-30
-30
-29
-30
-28
-25
-23
-26
-23
-20
-19
-21
-22
-17
-15
-13
-12
-13
-12
-11
-9
-11
-6
-3
-4
-1
2
-1
-1
1
-3
3
2
-2
-4
-2
4
9
11
6
6
13
13
14
15
10
7
11
14
13
9
7
5
1
5
3
-3
-4
-8
-9
-8
-13
-15
-12
-15
-15
-12
-15
-11
-9
-6
-6
-5
-4
-5
-4
-4
-4
-5
-6
-1
0
0
-2
-2
0
-2
-5
-3
-1
3
4
1
7
7
6
4
3
6
9
9
8
13
11
13
14
10
14
17
12
10
10
8
10
14
12
11
8
8
9
7
3
0
3
-4
-4
-1
-10
-10
-14
-16
-17
-22
-22
-25
-24
-25
-25
-26
-27
-25
-25
-25
-21
-24
-22
-22
-25
-25
-31
-27
-31
-28
-18
-13
-12
-11
-7
-10
-10
-7
-7
-6
-5
3
7
1
2
6
1
6
10
9
11
11
10
6
10
8
11
13
10
12
10
10
12
9
9
9
6
4
6
8
10
7
4
8
5
7
7
1
1
-1
-4
-5
-4
-2
0
-3
-4
0
-5
-5
1
3
2
6
5
2
3
2
7
8
8
9
9
11
6
7
8
6
5
6
10
11
13
14
13
15
11
15
14
20
19
25
27
23
29
24
26
25
23
24
22
25
27
18
22
18
15
13
10
12
8
6
9
6
9
5
3
3
-3
-9
-11
-11
-14
-9
-10
-11
-14
-14
-14
-15
-17
-13
-16
-16
-11
-16
-17
-18
-20
-20
-14
-17
-17
-15
-15
-16
-13
-12
-7
-5
-8
-3
-1
-3
-1
0
2
5
1
2
1
4
5
2
2
-5
-8
-6
-7
-5
-5
-7
-5
-5
-4
-3
1
2
-3
0
2
-1
1
-3
-7
-5
-1
-1
-6
-7
-7
-9
-12
-12
-10
-10
-6
-6
-5
-6
-5
-4
-7
-6
-3
1
3
8
8
9
9
12
13
14
14
13
13
14
12
8
9
8
9
13
14
16
17
18
17
19
20
22
28
29
27
26
28
28
30
29
27
26
24
29
27
24
30
27
25
24
21
19
18
19
16
13
12
9
7
8
2
-2
-7
-6
-6
-4
-2
-1
-3
-4
-1
-6
-5
-7
-7
-6
-9
-7
-1
-1
-1
0
2
4
0
1
4
5
1
2
1
3
3
6
6
5
9
10
8
8
7
6
10
8
10
9
7
5
9
10
8
10
11
9
9
9
9
6
6
7
7
8
5
1
0
1
3
-2
-7
-6
-6
-6
-5
-6
-11
-12
-11
-12
-13
-13
-16
-11
-9
-5
-5
-10
-8
-6
-8
-7
-6
-2
-2
-4
-6
-3
2
5
6
8
3
2
1
3
7
4
5
2
4
2
7
10
9
13
12
17
26
22
26
29
28
24
23
26
26
26
24
27
20
21
17
18
18
17
18
17
17
11
13
15
8
5
3
4
-1
0
1
1
0
-3
-3
-6
-6
-5
-2
2
-1
2
4
6
2
2
6
6
13
6
10
8
7
12
7
9
12
10
10
17
14
16
16
15
14
16
16
17
20
16
14
14
16
17
8
13
11
9
10
10
10
8
10
10
13
7
12
12
8
8
5
7
2
3
1
-3
-5
-3
-2
-1
-1
-3
-3
-7
-3
-4
0
-5
-6
0
2
-1
1
5
9
6
5
6
10
11
10
14
11
13
10
11
15
13
13
13
11
9
13
15
14
14
12
16
17
11
12
17
13
14
21
21
23
24
25
22
28
22
22
22
22
21
21
23
17
20
15
13
9
9
12
7
7
8
9
3
3
3
1
2
2
4
0
1
1
3
6
7
1
8
8
10
12
11
18
12
17
16
18
12
17
16
12
17
17
17
16
23
20
21
21
26
24
24
24
26
26
29
30
28
28
27
28
24
26
27
31
29
29
26
28
27
24
27
28
30
27
29
30
28
26
25
23
19
20
17
12
16
14
9
12
7
10
7
3
8
4
8
5
8
10
11
9
8
8
10
10
7
9
11
12
10
9
10
9
11
11
9
8
10
14
13
12
11
8
11
13
10
9
13
11
12
13
13
15
13
13
16
16
15
17
19
14
12
12
10
6
8
8
1
6
6
-1
-3
-1
-3
-3
-4
-3
-3
-7
-8
-12
-13
-14
-9
-13
-9
-8
-10
-6
-8
-10
-8
-3
-3
-3
4
5
4
1
2
3
2
1
0
3
0
4
5
12
8
11
13
16
20
20
19
17
20
15
17
18
17
18
19
15
17
18
12
15
13
14
15
15
13
14
10
9
14
9
9
7
7
8
6
11
14
13
16
18
19
22
25
23
22
23
26
23
23
21
23
24
26
25
23
25
25
23
28
27
32
30
30
32
29
31
28
27
28
28
24
25
23
24
29
23
25
22
22
23
26
27
25
28
26
25
25
21
19
16
17
16
16
8
9
7
5
8
5
7
3
3
6
4
6
9
4
6
9
7
4
4
4
2
2
2
2
1
3
-2
0
4
4
6
8
6
9
8
5
5
8
5
9
8
7
6
8
9
2
6
6
6
6
3
7
8
7
10
9
6
5
8
6
10
8
11
8
6
6
2
5
4
5
5
7
8
9
8
14
11
10
9
7
11
11
12
13
17
13
12
14
12
13
13
11
9
11
13
14
8
11
15
16
19
19
22
23
20
16
18
18
19
23
26
24
21
24
22
24
21
22
24
28
28
24
29
27
25
26
29
31
30
32
33
31
31
29
30
26
25
28
26
25
21
21
16
19
16
14
13
14
12
17
10
12
14
9
11
7
8
10
7
4
8
8
11
6
6
7
7
9
3
5
2
1
0
3
-2
0
2
3
5
4
5
8
5
7
8
7
6
7
3
1
2
8
7
6
9
12
15
14
18
18
21
18
18
16
15
14
11
13
13
19
18
14
16
17
17
18
17
17
22
17
17
15
11
16
11
12
9
12
12
11
10
15
13
14
14
15
14
17
17
15
18
15
18
17
21
21
21
19
26
28
25
24
26
28
27
30
31
27
28
30
31
27
27
28
27
31
30
27
26
30
26
28
27
26
26
28
26
27
31
29
31
31
34
36
38
34
35
