8
15
13
12
15
16
12
16
18
17
13
19
21
17
17
20
17
19
21
19
19
18
15
20
21
18
19
16
16
15
14
15
12
15
16
22
23
16
22
19
19
18
14
15
13
13
10
11
9
9
13
11
11
14
14
8
12
12
9
14
8
11
11
8
10
7
7
6
5
-1
-2
5
-1
1
-4
-6
-5
-5
-5
-8
-7
-5
-8
-10
-9
-12
-16
-9
-11
-16
-12
-15
-15
-12
-10
-14
-16
-15
-13
-10
-11
-18
-16
-12
-13
-13
-9
-9
-10
-11
-13
-12
-11
-13
-11
-10
-12
-12
-10
-8
-8
-3
-1
3
0
-3
-3
-2
-5
-5
2
-5
-3
-4
-8
-3
-8
-7
-9
-8
-6
-8
-6
-6
-5
-7
-4
2
-2
-6
-5
-4
-4
-7
-8
-7
-7
-7
-11
-13
-10
-8
-5
-5
1
-3
-2
1
1
1
7
10
7
13
11
11
10
7
12
13
13
9
6
7
7
5
7
10
15
14
18
19
16
10
14
12
14
11
3
8
4
2
6
11
8
6
7
4
1
6
6
-1
7
3
6
8
4
2
3
3
-3
3
2
0
4
4
0
4
-3
3
4
5
6
3
1
3
5
2
-1
-2
-1
-2
5
3
3
1
0
5
4
5
4
0
1
-1
-5
-4
-5
-8
-6
-4
-9
-13
-11
-11
-12
-13
-12
-11
-12
-10
-12
-13
-12
-12
-11
-13
-17
-13
-14
-18
-12
-15
-14
-10
-10
-10
-9
-6
-6
-7
-5
-7
-4
-5
-5
-3
-6
-4
-1
-4
-5
-6
-4
-4
-4
-5
-6
-6
-7
-8
-12
-8
-9
-12
-11
-7
-7
-8
-11
-7
-7
-6
-8
-13
-9
-4
-5
-5
2
3
3
1
0
2
6
6
4
7
7
7
7
7
6
6
10
8
9
12
14
16
16
16
17
12
14
15
14
16
16
14
15
15
16
11
13
11
9
8
4
5
-2
1
2
2
7
7
6
7
6
7
7
6
11
9
6
9
8
7
10
6
7
11
11
12
13
10
12
5
6
8
6
6
3
2
6
6
4
5
6
6
4
4
-2
-1
-6
-2
-4
-9
-8
-8
-8
-6
-9
-9
-7
-17
-10
-8
-12
-8
-13
-14
-10
-15
-10
-11
-13
-10
-10
-10
-15
-11
-13
-16
-14
-13
-11
-13
-11
-12
-16
-16
-19
-16
-18
-19
-16
-16
-15
-18
-17
-15
-14
-15
-19
-20
-17
-14
-12
-12
-15
-15
-17
-16
-13
-13
-11
-10
-6
-9
-12
-13
-8
-11
-12
-9
-13
-12
-8
-8
-10
-10
-10
-9
-9
-7
-10
-4
-9
-9
-4
-3
-2
-2
-4
-5
-5
-5
-3
1
0
-3
-1
-2
0
-1
1
2
-2
-3
0
4
4
8
5
3
10
5
9
5
4
9
10
11
8
14
15
16
15
15
15
18
15
14
14
16
19
17
16
16
17
16
17
19
17
11
10
8
12
7
12
12
8
10
9
12
6
10
9
9
4
7
9
9
6
6
11
3
2
-2
-4
-5
-4
-4
-9
-6
-14
-12
-7
-7
-12
-11
-8
-12
-7
-7
-11
-13
-11
-9
-8
-8
-8
-6
-7
-6
-3
-3
-4
-2
-6
-6
-3
-2
-5
-5
-6
-7
-7
-8
-4
-8
-7
-4
-5
-6
-10
-10
-7
-5
-1
-3
-6
-4
-10
-13
-9
-15
-17
-13
-17
-16
-14
-18
-18
-16
-16
-16
-13
-17
-15
-17
-12
-14
-14
-13
-15
-11
-10
-7
-12
-7
-7
-3
-1
-5
-1
0
0
2
1
2
1
1
2
0
-1
3
1
2
2
1
3
0
2
4
1
1
5
0
-1
3
3
5
1
3
5
5
9
6
5
1
2
8
6
6
9
7
9
9
8
9
11
11
11
16
19
17
15
14
16
11
12
10
13
14
13
17
13
13
16
10
10
10
10
10
9
11
10
8
11
7
6
8
2
3
4
4
0
6
7
-2
2
-2
-3
-3
-3
-2
0
-3
-3
-5
-8
-7
-10
-9
-11
-10
-10
-12
-10
-13
-10
-12
-11
-10
-12
-13
-11
-13
-11
-8
-6
-10
-9
-4
-5
-5
-8
-7
-11
-11
-8
-5
-6
-13
-10
-10
-14
-12
-13
-11
-15
-17
-16
-13
-15
-15
-15
-16
-14
-15
-13
-15
-20
-19
-21
-23
-22
-27
-25
-23
-20
-20
-26
-25
-24
-25
-23
-20
-19
-18
-15
-14
-12
-12
-12
-10
-13
-13
-13
-15
-10
-9
-9
-12
-11
-3
-6
-7
-7
-9
-9
-10
-7
-9
-8
-1
-7
-4
-4
-6
-5
-7
-6
-5
0
-2
1
-7
-3
3
0
2
3
1
-5
1
3
7
11
10
14
12
11
17
20
20
23
20
19
14
11
15
8
11
16
12
12
11
12
11
14
10
5
8
5
1
2
5
-1
1
2
1
5
4
6
6
4
3
0
4
4
4
2
-3
-4
-1
-1
2
-2
-5
-1
-4
-1
-1
-2
0
-3
-2
-3
4
2
1
5
-2
-2
-1
-1
-4
-1
-4
-9
-8
-7
-4
-9
-10
-10
-13
-15
-12
-14
-16
-17
-18
-18
-16
-19
-21
-21
-21
-20
-22
-20
-21
-22
-18
-18
-21
-16
-24
-21
-19
-23
-20
-22
-22
-24
-20
-21
-23
-25
-24
-22
-19
-19
-20
-20
-23
-24
-22
-23
-18
-15
-17
-18
-22
-19
-18
-22
-16
-15
-15
-15
-16
-13
-13
-15
-16
-14
-15
-17
-20
-18
-17
-17
-19
-16
-13
-11
-14
-12
-13
-14
-9
-5
-6
-4
-4
-6
-4
-5
-2
-1
-4
-1
2
3
-2
-1
2
1
-3
2
2
-4
-5
-5
-4
-3
-4
-12
-11
-7
-4
-8
-6
-5
-5
-2
-2
-5
-4
-3
-2
-5
-5
1
-1
-2
0
0
0
0
0
-7
-6
-6
-5
0
-4
-4
-4
-1
-2
-8
-10
-10
-4
-7
-12
-14
-11
-8
-7
-7
-12
-12
-9
-11
-12
-13
-16
-15
-18
-19
-20
-19
-18
-15
-14
-21
-18
-16
-22
-21
-22
-23
-23
-25
-22
-23
-24
-20
-23
-22
-23
-27
-26
-21
-26
-28
-26
-32
-25
-32
-33
-30
-30
-31
-29
-27
-28
-29
-25
-29
-28
-27
-25
-23
-25
-23
-25
-27
-27
-25
-24
-21
-24
-26
-23
-21
-26
-27
-24
-27
-23
-26
-27
-26
-26
-21
-28
-25
-27
-22
-23
-26
-18
-18
-19
-23
-22
-22
-25
-28
-26
-26
-26
-23
-21
-22
-19
-21
-23
-19
-20
-20
-16
-18
-14
-13
-11
-11
-12
-6
-5
-4
-3
-2
0
3
5
2
2
1
0
2
0
0
1
2
2
-2
1
-3
-2
-2
-2
1
-3
-4
-4
-4
-4
-1
-5
0
-3
0
3
2
1
0
-3
0
2
0
-2
-3
-5
-3
-1
-7
-8
-6
-3
-3
-3
1
-1
-6
-6
-8
-10
-12
-8
-15
-10
-9
-14
-12
-9
-9
-12
-11
-8
-15
-15
-13
-10
-12
-13
-13
-13
-11
-16
-17
-13
-14
-15
-20
-18
-22
-25
-20
-21
-22
-22
-20
-20
-23
-23
-24
-25
-25
-26
-23
-30
-27
-25
-26
-29
-29
-28
-26
-25
-25
-26
-30
-30
-24
-25
-31
-24
-24
-26
-28
-26
-21
-21
-24
-23
-23
-22
-22
-22
-23
-23
-22
-19
-21
-25
-21
-19
-20
-20
-19
-15
-9
-15
-14
-14
-20
-14
-15
-20
-19
-19
-20
-19
-16
-14
-26
-22
-23
-25
-22
-20
-20
-22
-18
-17
-15
-17
-14
-13
-14
-13
-14
-14
-18
-17
-16
-15
-11
-11
-13
-16
-16
-14
-15
-15
-8
-6
-12
-12
-14
-14
-11
-10
-9
-8
-7
-9
-5
-13
-8
-8
-9
-8
-9
-10
-13
-9
-14
-14
-14
-8
-13
-14
-8
-7
-11
-12
-8
-7
-10
-9
-1
0
-5
-4
0
-2
-2
1
-2
-8
-6
-6
-12
-14
-12
-12
-20
-17
-19
-23
-24
-26
-23
-27
-26
-25
-27
-23
-28
-28
-22
-27
-27
-23
-20
-24
-22
-15
-19
-23
-20
-21
-26
-24
-25
-25
-27
-32
-26
-21
-25
-23
-25
-22
-22
-25
-23
-20
-25
-24
-20
-21
-20
-21
-25
-25
-26
-27
-24
-25
-27
-33
-26
-29
-30
-27
-21
-24
-32
-21
-22
-28
-22
-21
-19
-18
-21
-20
-20
-17
-18
-16
-21
-18
-3
-9
-16
-17
-9
-12
-17
-12
-9
-10
-18
-15
-9
-17
-17
-11
-6
-11
-12
-11
-8
-12
-14
-9
-8
-8
-16
-9
-6
-6
-6
-5
1
-4
-10
-3
2
-2
-2
3
8
-1
0
12
9
0
13
21
10
13
20
19
12
21
23
10
17
23
14
10
12
23
14
8
24
25
7
6
13
16
9
3
21
18
4
8
13
10
3
5
19
16
3
5
15
7
-4
3
9
4
0
1
3
5
2
1
19
12
-1
11
12
9
2
11
19
-2
-1
12
-8
-9
7
3
-7
0
17
-4
-6
3
9
0
-7
5
6
-5
-7
2
6
-4
-3
4
5
-7
-13
-2
1
-11
-16
2
-1
-20
-14
10
-4
-20
-2
7
-12
-17
2
-5
-18
-14
5
-2
-20
-7
7
-12
-17
1
0
-23
-16
5
-19
-28
-7
-4
-28
-19
1
-1
-15
-7
0
-1
-10
-4
4
-3
-1
8
3
-2
12
4
-2
14
-1
-11
-3
8
-7
-11
4
7
-13
-16
3
-3
-15
-11
0
2
-12
-12
7
2
-6
-1
15
1
-7
13
8
-1
10
8
7
-2
-3
13
4
-6
2
19
4
-3
16
18
3
6
24
26
1
10
36
16
-6
25
30
0
0
21
13
-6
4
19
9
2
15
11
15
6
6
18
4
2
12
4
3
5
10
0
4
0
3
7
3
-6
9
5
-8
0
13
5
-20
8
14
-3
-11
24
11
-13
-3
18
10
-18
2
25
-6
-13
7
9
-6
-5
14
2
-12
-5
9
-1
-10
4
10
-6
5
9
-8
-3
14
-10
-3
11
6
-11
9
14
-13
-2
22
-4
-10
18
7
-22
12
16
-14
-9
16
1
-17
4
23
-4
-18
24
13
-16
3
27
-6
-5
18
20
-10
14
33
-5
-9
18
8
-14
6
20
3
-7
11
13
0
-4
13
10
-8
13
9
0
10
12
2
8
8
14
18
1
13
21
2
7
22
17
9
22
11
20
21
14
19
16
23
20
16
28
22
10
36
30
11
26
53
26
15
44
46
15
29
46
20
27
33
17
19
29
24
9
31
16
20
22
18
29
15
15
33
13
11
25
20
7
15
21
7
12
22
21
0
24
24
4
15
40
5
-4
31
24
-5
13
45
10
-6
38
35
-2
11
41
17
-3
22
33
6
-1
25
15
-1
10
15
11
8
-7
8
8
4
-13
1
22
-13
-3
20
8
-24
15
16
-12
-10
12
17
-16
-15
26
15
-36
10
36
-29
-29
31
3
-42
-10
25
-11
-19
-4
18
-2
-12
4
20
-4
-23
13
26
-18
-11
44
10
-12
14
36
-3
-2
19
15
6
-13
4
13
0
-1
7
23
4
-14
26
26
-14
-8
33
7
-28
8
29
-18
-16
17
11
-24
-14
22
-2
-26
2
20
-15
-10
12
9
-8
1
21
16
-3
1
26
7
-10
16
23
-11
4
24
11
4
23
18
19
21
13
27
25
14
14
24
14
3
5
38
10
-8
29
18
-8
10
26
7
-1
17
19
7
12
29
8
14
22
15
-1
16
24
3
19
20
13
10
15
20
17
8
16
21
21
-4
20
23
5
12
29
19
2
16
19
7
10
12
17
21
-2
22
22
16
-8
21
26
-15
15
25
-2
-3
33
12
-14
26
22
-3
-6
22
17
-11
-2
19
11
-27
19
6
-19
3
16
-2
6
14
5
1
10
16
-2
12
26
-4
2
22
0
-2
11
7
0
5
13
4
2
14
13
8
10
16
4
3
16
10
6
6
12
-1
5
2
-6
10
5
-8
-2
20
2
-17
23
9
-13
10
14
11
-8
17
20
1
-11
26
6
-5
22
29
5
9
46
12
4
27
28
12
26
28
24
22
21
22
25
23
3
29
33
-4
19
34
10
10
27
16
7
18
13
19
6
23
4
11
25
10
3
24
24
-6
14
29
6
-3
37
10
-5
29
13
10
17
25
22
24
19
31
19
28
25
26
11
25
17
18
29
14
21
21
25
16
3
16
38
0
6
25
20
-17
16
26
4
-11
14
23
-11
-10
24
19
-28
7
22
-9
-8
10
4
-3
-3
9
-9
8
6
-9
-2
5
-13
2
0
-12
7
-1
0
0
2
12
-1
-3
15
8
-5
-4
19
8
-14
6
17
10
-11
-3
7
-6
-30
-1
14
-20
-26
14
-2
-16
0
10
1
-3
-2
9
4
-8
4
11
-10
2
4
-4
1
0
4
-11
-2
16
-6
-10
4
-4
-15
-3
-13
-13
-17
-4
-20
-19
7
-11
-17
10
-8
-6
1
3
-6
7
6
-17
18
8
-7
6
28
-13
-10
28
15
-14
22
28
-5
19
32
6
17
34
8
24
36
12
24
31
15
16
35
24
9
17
36
-1
-1
26
15
-15
18
26
-11
-8
22
13
-15
6
29
-4
-18
30
29
-13
13
33
15
10
24
20
4
18
24
16
7
24
21
1
11
31
4
-3
28
32
-3
0
29
23
-7
8
29
11
-16
21
30
-4
-6
21
25
-10
10
24
9
-11
23
20
-15
17
24
-5
4
20
13
-1
3
18
11
-14
12
9
2
3
0
7
4
-1
-9
14
-9
-13
-2
12
-13
-8
6
5
-15
8
5
-13
3
6
1
-4
5
8
-7
5
5
4
-4
3
8
-5
1
2
15
-1
-3
23
4
-12
17
8
-11
10
18
-4
-6
13
6
-10
10
15
-3
-9
11
5
-15
3
2
-21
2
-1
-17
-8
-7
-7
-30
-7
-10
-25
-8
2
-4
-27
2
6
-10
-11
10
0
-16
0
-5
-9
1
-4
5
-5
-3
4
7
-4
13
7
7
8
9
25
-10
15
25
9
3
9
21
-2
11
30
0
2
21
10
-6
23
17
-7
6
19
10
-4
20
11
-5
7
11
9
-6
5
13
-10
1
14
-6
-1
-3
8
2
-9
8
9
-7
-10
5
8
-16
-9
18
-6
-17
8
13
-19
-2
16
-4
-18
9
10
-35
-2
11
-28
-19
6
-15
-34
-3
8
-33
-15
4
-23
-14
0
-13
5
-4
-20
11
-4
-11
-2
-4
-13
0
-5
-21
5
1
-17
-4
-4
-4
-4
-5
6
-14
-4
-6
-9
-10
-12
8
-13
-22
10
-1
-31
3
12
-14
-18
7
-1
-15
-17
14
-4
-23
5
-3
-4
-20
-1
0
-18
-19
-4
-6
-28
-12
-7
-24
-16
-12
-10
-20
-2
-7
-9
-4
-10
3
-5
-7
-8
8
-5
-15
7
14
-14
-9
20
7
-6
3
12
-6
1
13
1
0
9
5
8
6
2
10
13
-2
-1
23
6
-2
1
19
-8
0
14
-5
9
-1
5
8
12
-1
7
6
11
10
-14
21
25
-11
13
34
-3
-2
23
11
-9
18
9
-5
7
15
6
4
13
9
10
-2
20
7
0
16
12
24
17
-8
35
25
0
12
46
17
-15
34
22
0
-1
21
17
3
-4
12
8
-22
2
10
-6
-6
-1
9
-2
-13
23
-1
4
2
17
12
-14
18
15
4
-9
23
26
-10
-2
41
-6
-13
26
7
-14
6
16
-26
15
8
-2
-14
24
6
-13
11
17
0
-12
19
15
8
2
14
11
-4
-1
14
1
-7
9
2
-16
23
1
-5
14
0
6
4
4
-7
19
0
-20
26
16
-46
23
17
-18
1
10
14
-16
3
20
3
-10
15
5
-6
12
14
-4
5
22
-1
-4
6
22
-3
-15
33
6
-13
11
23
3
5
4
22
18
-19
23
33
-9
-2
25
24
-15
22
29
12
3
34
23
5
14
31
10
-4
42
11
-8
36
17
0
25
15
12
29
17
7
30
11
5
29
16
-1
36
15
7
25
28
-5
5
32
10
-4
16
35
-15
-12
45
20
-25
25
44
-19
-2
36
3
-1
19
7
11
-1
3
6
2
3
6
-4
28
5
-9
15
15
2
5
-1
6
12
5
-4
24
19
-12
24
25
-12
8
21
4
-8
32
18
-16
25
29
-15
-3
37
-13
-11
18
8
-8
-4
13
-6
1
13
-10
5
13
-10
0
-5
11
13
-13
0
29
-6
-8
15
11
-14
8
4
-11
0
4
-12
-11
-2
-3
-5
-17
28
5
-20
20
35
-27
11
35
-15
-9
33
2
-7
14
22
-5
5
12
6
-5
9
27
-1
3
36
-13
20
10
16
7
7
8
8
21
-3
-3
12
3
3
8
7
24
15
3
15
26
14
3
18
41
-19
14
38
-4
1
34
13
-5
7
19
24
-6
17
24
-8
9
32
9
-9
29
23
-6
29
38
-1
24
20
22
5
13
11
30
-6
8
39
0
6
16
31
14
12
19
23
23
3
15
38
-5
6
27
6
9
22
13
-24
27
38
-45
30
45
-21
-1
15
25
-5
-16
42
35
-45
20
43
-32
-12
40
-6
-8
5
14
9
-47
38
7
-31
-14
44
-11
-51
62
10
-30
11
34
22
-45
24
27
-19
-19
31
2
-26
36
-1
-7
36
-3
-19
22
12
-9
0
22
7
-19
12
27
-7
2
14
33
-27
27
0
-26
25
23
-46
45
41
-50
19
53
-1
-45
55
39
-48
10
54
-6
-33
34
23
-23
-11
38
-6
-48
42
14
-26
11
59
-44
24
62
-33
8
80
-34
-6
89
-29
-8
58
21
-22
10
46
-2
-23
53
30
-26
28
51
4
4
48
42
-32
51
47
-45
48
27
-1
12
35
21
-29
22
41
-33
26
24
-18
27
1
-10
31
1
-6
-5
42
-4
-38
74
-10
-34
78
6
-28
65
-10
-2
25
3
26
5
-9
27
19
-22
22
37
-23
-6
47
9
-44
52
5
-3
20
22
62
41
28
63
34
35
19
46
0
-17
4
-7
-81
-18
-5
-61
-53
23
3
-56
22
24
2
-16
36
38
11
-20
45
20
-30
29
27
-36
-18
27
-28
-58
25
-5
-94
9
18
-57
-35
36
-1
-37
25
22
1
25
2
23
46
-55
30
21
-28
-15
19
12
-36
-8
21
-27
-24
10
17
-21
-1
41
14
-50
40
47
-32
6
35
7
-9
3
23
14
-58
46
18
-55
3
31
-27
-45
30
8
-28
40
14
9
49
-7
42
30
-7
-1
40
27
-44
32
21
-24
-2
17
11
-19
4
39
14
-16
45
51
-19
65
60
-11
57
44
-11
56
8
26
12
10
36
5
3
22
18
12
29
68
-2
18
40
23
-4
30
50
2
-6
34
-7
-13
7
18
34
4
26
51
21
-31
74
56
-33
53
58
-12
13
19
-8
-17
16
20
25
3
17
3
-16
-3
20
23
8
14
55
-2
-18
42
16
-13
38
58
4
-10
40
-9
-8
23
23
18
15
-6
2
-11
-18
3
13
5
14
2
2
4
-34
18
39
-11
1
67
-3
-49
59
39
-15
19
18
17
-23
1
22
-1
-9
-9
65
4
-39
24
37
-29
-31
61
-8
-47
22
42
1
-36
25
52
-38
0
72
10
-40
24
31
-18
17
35
14
10
-10
41
21
-32
16
19
-30
-22
39
-15
-45
9
23
-19
-32
32
-2
-59
6
38
-33
-14
44
-15
-26
32
14
-1
7
9
44
-1
-2
63
23
-23
38
72
-31
-20
67
-13
-24
35
36
9
-8
12
56
15
7
53
31
-4
38
61
43
16
51
69
44
38
59
61
29
32
77
60
16
48
52
27
34
61
50
28
45
48
44
42
31
34
46
33
36
39
37
23
-1
18
19
2
-6
-20
-25
-36
-58
-38
-32
-62
-85
-62
-57
-91
-101
-49
-53
-98
-75
-23
-87
-126
-65
-55
-103
-97
-56
-89
-128
-126
-96
-116
-132
-69
-24
-39
-4
75
57
26
109
165
135
177
237
227
176
196
228
191
152
160
176
120
79
84
61
5
-17
-7
-7
-23
-53
-51
-51
-71
-69
-39
-28
-41
-29
-12
2
3
10
21
36
45
62
94
111
117
127
158
181
197
211
202
188
181
181
175
151
121
95
75
55
14
-4
-36
-75
-65
-70
-88
-99
-108
-125
-121
-107
-84
-84
-83
-75
-77
-70
-68
-70
-79
-87
-98
-101
-120
-130
-148
-169
-166
-171
-211
-233
-240
-247
-187
-90
-21
4
-7
1
78
147
190
262
300
297
295
335
350
301
251
236
252
235
192
137
70
-28
-55
-19
-18
-50
-91
-135
-146
-116
-102
-115
-79
-67
-73
-19
31
31
-3
27
87
124
146
173
161
122
120
166
200
198
161
122
98
96
81
77
95
67
27
32
45
29
-17
-19
-5
-2
22
31
6
-24
-32
-22
17
46
40
25
20
29
26
37
54
39
30
51
45
14
11
-16
-49
-38
-29
-56
-92
-117
-149
-185
-201
-184
-202
-241
-256
-262
-297
-319
-323
-347
-372
-309
-199
-73
-23
-52
-53
14
123
208
312
358
339
333
342
398
400
343
306
290
280
244
180
85
1
-61
-85
-30
-35
-137
-228
-251
-226
-194
-172
-137
-131
-155
-136
-50
20
-2
1
64
126
159
187
197
178
147
170
255
297
237
159
118
98
95
118
131
79
3
-36
-26
-15
-38
-48
-64
-70
-47
-31
-57
-85
-71
-62
-27
37
41
-12
-32
-8
35
75
84
72
38
0
6
27
32
2
-26
-34
-49
-75
-116
-140
-173
-205
-202
-212
-248
-310
-352
-346
-355
-367
-386
-406
-369
-278
-129
-50
-66
-93
-10
138
224
313
373
372
325
355
456
481
398
315
322
322
253
183
137
46
-65
-89
-18
-28
-189
-293
-251
-215
-216
-181
-148
-193
-252
-190
-49
8
-17
-17
35
80
110
158
191
179
154
194
276
297
224
151
116
142
166
145
118
70
-19
-80
-36
21
-8
-66
-98
-92
-89
-89
-72
-79
-78
-70
-34
2
-15
-36
-26
26
80
96
76
43
9
2
35
71
74
36
-26
-48
-47
-63
-83
-86
-107
-138
-168
-201
-252
-287
-296
-290
-274
-319
-378
-408
-458
-485
-377
-183
-34
-71
-175
-140
7
143
236
344
393
327
293
376
478
443
347
348
402
346
229
167
125
22
-50
10
67
-47
-260
-313
-212
-159
-169
-158
-143
-208
-254
-157
-5
25
-56
-47
70
136
102
109
180
193
153
206
322
307
140
66
160
233
169
95
82
37
-53
-64
10
25
-65
-154
-116
-58
-74
-115
-87
-33
-40
-66
-17
30
-14
-39
31
125
107
36
21
52
60
52
80
101
30
-39
-21
19
-15
-69
-69
-67
-99
-149
-169
-179
-219
-251
-246
-246
-287
-342
-371
-368
-377
-396
-444
-462
-389
-202
-38
-100
-235
-160
61
183
259
359
402
288
225
422
610
520
327
336
427
334
190
200
211
48
-89
17
122
-81
-352
-319
-129
-113
-206
-199
-166
-257
-326
-161
59
21
-153
-130
56
106
44
90
200
169
76
159
335
288
81
57
220
276
154
68
92
60
-40
-17
86
58
-113
-196
-96
-12
-48
-111
-106
-84
-109
-98
-7
38
-27
-77
-15
84
79
28
48
96
96
69
74
91
44
13
56
95
47
-51
-81
-59
-56
-68
-93
-139
-209
-259
-246
-229
-258
-334
-367
-387
-416
-422
-434
-482
-534
-438
-188
-48
-165
-296
-190
55
201
279
372
363
227
240
501
677
545
354
366
443
378
263
275
269
88
-23
85
146
-69
-323
-272
-80
-62
-190
-230
-213
-278
-309
-149
55
-6
-229
-208
13
102
33
55
163
138
50
132
309
293
88
53
238
317
167
36
90
112
27
9
94
94
-65
-169
-62
69
-1
-155
-151
-45
-55
-110
-41
22
-64
-152
-54
102
92
-27
-29
65
73
24
58
134
92
16
60
130
74
-38
-37
28
32
-46
-105
-132
-188
-234
-219
-178
-229
-346
-402
-359
-337
-387
-403
-413
-477
-520
-410
-192
-50
-127
-274
-205
63
249
279
296
331
301
290
443
627
590
390
324
446
465
321
245
285
236
80
53
140
48
-208
-253
-55
19
-160
-310
-249
-213
-279
-233
-68
-70
-269
-303
-87
65
-19
-103
9
87
11
6
187
265
100
9
168
295
168
24
99
197
107
22
105
137
-7
-102
8
120
25
-125
-115
0
1
-73
-54
3
-49
-116
-30
89
55
-59
-51
54
87
47
63
94
57
17
64
127
94
-12
-37
29
43
-28
-80
-85
-140
-187
-167
-132
-196
-290
-315
-292
-281
-318
-341
-355
-410
-455
-445
-412
-352
-211
-91
-178
-308
-211
71
205
186
227
301
245
211
412
636
577
346
324
470
457
323
335
403
266
52
86
225
111
-142
-155
32
12
-209
-277
-184
-194
-280
-208
-63
-147
-357
-329
-87
6
-110
-148
-60
-62
-129
-4
210
200
5
-49
111
213
152
130
198
179
61
43
172
239
143
46
77
134
87
45
77
90
16
-47
6
54
-9
-80
-60
-3
-29
-77
-60
-14
-22
-56
-24
43
37
-11
15
67
60
22
32
57
33
-7
-19
-36
-58
-95
-118
-126
-155
-191
-240
-265
-273
-277
-281
-321
-363
-401
-421
-444
-447
-359
-198
-136
-260
-352
-215
17
116
144
200
196
98
159
448
621
489
313
326
407
396
390
471
450
221
57
151
278
164
-8
0
53
-58
-202
-162
-72
-136
-239
-183
-112
-231
-360
-250
-57
-69
-190
-176
-98
-127
-145
11
165
87
-86
-66
95
180
148
132
150
106
33
70
181
209
153
101
77
81
120
137
141
158
124
7
-25
90
160
91
27
23
-19
-62
-16
77
64
-33
-101
-51
21
28
10
7
0
-57
-65
12
53
-19
-90
-84
-63
-77
-84
-88
-134
-184
-189
-170
-166
-196
-246
-266
-257
-243
-254
-291
-340
-359
-374
-394
-357
-190
-75
-196
-358
-226
54
107
34
112
209
111
72
315
533
405
197
248
386
335
260
352
405
214
37
142
305
221
31
24
98
29
-85
-28
54
-28
-158
-121
-15
-63
-181
-156
-35
-53
-162
-149
-51
-64
-140
-89
31
12
-105
-107
16
68
10
-12
26
17
-28
-7
77
93
22
-5
40
87
109
135
128
108
115
130
127
159
205
140
57
83
148
90
32
76
67
-35
-75
3
20
-43
-48
0
-41
-98
-52
26
28
-29
-45
-37
-53
-62
-30
-6
-51
-119
-123
-115
-114
-112
-96
-108
-167
-180
-146
-133
-154
-139
-117
-152
-191
-161
-125
-163
-208
-190
-176
-222
-173
-46
-34
-161
-169
-18
43
-7
38
149
99
-9
82
256
238
121
125
194
160
122
178
227
134
26
70
170
158
72
55
76
62
31
70
128
96
-1
-17
62
91
51
48
92
49
-35
-9
98
87
-8
-20
31
8
-52
-23
41
17
-62
-73
-23
-26
-72
-51
-5
-36
-94
-85
-39
-9
-7
-2
10
-2
-7
18
62
90
90
76
61
77
106
107
102
114
117
81
55
65
68
49
36
28
-5
-38
-40
-20
-28
-54
-70
-78
-86
-86
-65
-56
-73
-90
-75
-63
-66
-48
-16
-26
-49
-38
-19
-10
8
20
11
-14
-19
6
22
17
2
0
-12
-38
-39
-35
-73
-111
-122
-131
-167
-200
-187
-171
-170
-187
-187
-167
-155
-142
-110
-70
-37
-32
-13
23
57
72
96
133
134
122
136
166
176
165
170
176
163
147
152
164
154
135
147
161
147
128
145
166
134
102
123
151
126
95
108
122
91
55
76
87
47
18
32
40
3
-36
-31
-25
-64
-86
-65
-65
-119
-154
-137
-118
-136
-155
-137
-133
-153
-154
-110
-74
-79
-88
-60
-5
7
11
40
67
60
65
107
149
130
99
120
152
152
138
161
169
131
101
125
148
129
98
91
88
49
22
42
55
21
-14
-24
-27
-45
-56
-48
-47
-66
-83
-80
-83
-84
-87
-76
-72
-83
-94
-89
-72
-62
-66
-84
-92
-87
-78
-72
-65
-63
-84
-103
-98
-83
-92
-108
-120
-124
-133
-123
-100
-88
-84
-70
-50
-34
-11
14
44
66
74
91
119
144
159
168
183
183
176
182
202
199
182
171
171
154
134
133
123
96
68
62
56
33
3
-6
-8
-30
-54
-46
-41
-61
-92
-91
-59
-65
-90
-83
-61
-72
-83
-69
-53
-42
-48
-46
-26
-12
-8
-2
14
22
18
24
46
64
69
69
78
79
79
87
98
104
99
91
88
78
63
63
69
60
35
19
9
2
-7
-10
-12
-15
-38
-52
-37
-29
-33
-38
-32
-23
-32
-40
-28
-22
-36
-52
-47
-36
-33
-56
-72
-69
-69
-74
-65
-43
-49
-72
-73
-50
-33
-33
-12
0
-12
-17
13
50
51
34
42
67
60
48
65
82
59
34
49
67
46
10
22
33
-3
-29
-14
-4
-33
-56
-43
-37
-56
-76
-55
-43
-64
-84
-79
-58
-68
-76
-62
-49
-58
-69
-44
-19
-20
-30
-18
-2
-8
-9
19
50
41
27
37
52
60
60
74
78
63
51
54
63
66
60
57
37
11
11
23
31
16
-2
-7
-19
-29
-20
-5
-8
-36
-39
-22
-19
-26
-15
2
-5
-22
-20
-8
-2
-9
-10
-10
-19
-21
-18
-6
-9
-21
-23
-27
-33
-32
-22
-12
-22
-38
-36
-25
-9
-6
-1
-1
-2
0
14
43
48
40
31
41
59
66
76
80
72
65
70
77
75
64
60
56
52
43
37
31
21
4
-1
3
-6
-20
-31
-28
-37
-46
-48
-46
-44
-42
-41
-40
-35
-38
-28
-17
-14
-16
-17
-10
-8
-4
14
22
8
1
11
18
6
3
14
12
-11
-22
-12
-12
-21
-32
-32
-31
-46
-60
-43
-30
-42
-52
-52
-38
-42
-45
-23
-12
-12
-20
-15
-1
14
28
39
45
31
23
36
57
61
53
45
43
43
43
43
40
34
21
10
9
13
13
4
-3
-17
-11
-13
-18
-25
-20
-17
-25
-17
-10
-9
-18
-14
-5
1
-8
-3
11
17
12
14
21
23
15
17
29
25
14
11
18
19
10
10
9
-9
-10
-1
8
1
-8
-13
-11
2
6
-6
-6
-1
-3
2
14
22
14
12
16
33
35
26
33
38
30
20
35
42
29
14
14
22
17
6
10
10
-3
-20
-17
-7
-17
-29
-22
-12
-21
-37
-33
-18
-16
-24
-26
-8
-11
-26
-23
6
27
16
8
18
26
23
29
41
44
27
23
34
41
37
34
31
28
25
21
25
21
11
6
9
10
6
4
-5
-14
-5
-5
-5
-4
-7
-10
-10
3
16
15
11
19
27
26
27
41
44
41
44
50
50
33
30
43
39
15
3
4
1
-10
-13
-2
-3
-32
-51
-35
-19
-28
-36
-26
-33
-48
-43
-19
-12
-20
-24
-16
-3
-5
-4
22
28
11
7
27
41
34
28
35
35
22
19
31
37
17
4
15
20
7
-1
4
4
1
-8
1
2
-12
-15
-5
6
0
-2
-3
6
0
1
21
19
16
22
36
33
20
24
36
41
39
32
31
20
13
16
23
15
3
6
3
3
-7
-2
3
-12
-16
-9
0
2
-3
-12
-11
-5
-2
7
7
-2
-8
1
10
12
20
28
23
18
19
22
29
32
30
28
27
19
17
10
17
16
5
9
5
2
-4
5
10
3
-1
-1
9
4
0
4
6
10
12
13
11
17
12
13
21
23
18
10
6
7
7
7
2
-3
-10
-17
-12
0
-7
-16
-14
-13
-18
-16
-2
0
-5
-14
-8
2
7
10
19
15
7
7
23
30
21
27
22
21
16
21
20
14
10
9
11
5
3
5
10
2
-8
0
2
-3
-6
4
8
-5
-3
-1
6
4
6
17
7
-3
-3
5
14
11
11
10
-1
-12
-7
5
3
-9
-15
-13
-22
-29
-20
-15
-22
-26
-24
-26
-33
-33
-19
-10
-10
-19
-10
-7
-7
-3
13
21
12
11
35
41
26
22
43
50
34
31
36
37
25
25
32
33
16
6
11
6
3
3
7
2
-10
-19
-16
-11
-14
-14
-9
-12
-13
-4
6
10
11
15
28
34
30
31
37
42
38
43
43
42
33
33
32
30
31
26
20
12
14
11
5
7
0
-9
-6
3
3
-5
-10
-1
12
11
8
9
14
14
16
26
30
24
23
31
32
22
18
21
17
7
4
6
0
-17
-20
-14
-15
-22
-24
-24
-33
-40
-35
-29
-29
-41
-41
-36
-34
-36
-31
-18
-25
-27
-12
5
9
8
14
21
23
21
27
40
35
24
25
30
25
14
22
26
13
-1
-5
0
0
-9
-9
-7
-14
-25
-18
-10
-11
-13
-19
-16
-15
-11
-1
-1
-8
-14
-4
2
0
7
11
15
16
15
23
24
21
21
26
35
31
25
16
16
18
20
13
6
10
-3
-8
-4
-3
-7
-13
-13
-8
-8
-9
-4
-2
2
-2
4
13
12
11
16
26
26
23
26
26
24
24
34
37
29
21
30
33
29
24
29
29
15
13
19
18
12
9
14
16
3
-4
3
12
1
-2
13
24
10
0
13
24
20
24
30
35
25
16
29
42
38
27
27
27
17
8
19
26
21
6
4
10
2
-6
-9
-5
-13
-17
-13
-10
-15
-27
-20
-10
-10
-10
-4
2
0
-4
10
23
25
19
23
33
28
29
34
45
40
31
37
35
25
17
23
22
18
11
9
8
3
-5
-6
-4
-14
-14
-17
-19
-22
-17
-4
-4
-9
-8
-7
-8
4
7
10
9
-3
0
10
8
13
9
4
1
0
8
7
5
-1
-1
2
2
0
-3
-5
-2
0
-1
1
-1
-6
-6
11
14
17
13
15
24
24
25
32
35
28
24
33
33
26
24
26
26
19
21
15
10
2
-4
2
-4
-5
-11
-13
-14
-17
-16
-17
-15
-15
-17
-18
-14
-12
-13
-10
-1
3
4
8
19
23
20
29
39
41
37
42
48
47
41
44
48
36
36
39
37
27
23
29
29
18
12
13
13
5
8
15
2
-8
-2
13
12
7
4
10
5
1
10
19
19
6
10
10
10
12
10
11
12
5
6
9
6
2
-3
-1
-4
-10
-7
-10
-13
-10
-14
-8
-7
-8
-9
-9
-9
3
7
3
4
11
14
21
26
27
29
23
20
27
33
26
18
16
18
8
0
1
-1
-4
-13
-13
-12
-22
-26
-32
-30
-32
-38
-37
-36
-34
-35
-25
-21
-22
-19
-13
-8
-3
4
6
9
10
14
25
28
32
36
34
37
43
50
49
45
46
47
44
40
43
39
30
29
33
23
12
19
18
14
10
7
12
9
-3
-2
0
-5
-17
-14
-4
-5
-9
-8
-2
-2
0
4
3
1
-6
-9
-2
-1
1
2
3
-2
-3
-2
-1
-9
-5
-1
-4
-4
-8
1
5
1
0
10
17
13
13
16
24
23
22
23
27
27
28
30
28
25
22
24
23
20
17
10
1
-1
-2
-3
-6
-10
-15
-17
-23
-21
-22
-24
-27
-29
-27
-27
-25
-29
-22
-30
-27
-20
-21
-16
-9
-5
-5
0
9
13
12
14
19
23
24
27
31
35
30
27
32
30
28
27
21
21
10
8
10
4
-6
-14
-14
-15
-21
-25
-29
-34
-37
-40
-32
-24
-29
-32
-29
-20
-18
-18
-18
-12
-10
-8
-10
-11
-11
-12
-9
-12
-13
-18
-23
-23
-20
-16
-15
-19
-19
-21
-20
-11
-13
-15
-12
-11
-8
-10
-7
0
-2
1
5
3
-1
3
5
3
5
6
7
3
0
-3
-8
-7
-14
-10
-9
-17
-17
-24
-26
-23
-28
-26
-28
-26
-28
-34
-33
-31
-31
-31
-24
-25
-23
-21
-22
-14
-13
-9
-4
0
5
5
15
22
24
28
32
38
37
36
37
41
39
32
39
41
35
24
18
17
11
5
0
0
-3
-8
-14
-16
-19
-25
-29
-30
-31
-26
-25
-25
-23
-25
-22
-17
-12
-14
-15
-13
-11
-7
-3
-3
-7
-13
-6
-4
-4
-5
-8
-7
-8
-10
-4
1
3
4
28
60
41
4
-7
-27
-62
-53
-14
-1
-17
25
54
31
-7
2
-26
-72
-59
-19
-46
-64
-37
-41
-26
-2
19
1
-5
-2
0
-7
-12
-29
-30
-33
-32
-31
-40
-41
-56
-53
-56
-73
-73
-68
-57
-22
7
30
41
25
-9
-9
-2
-7
-3
22
22
4
6
25
4
-8
5
9
-4
4
20
0
-18
-1
3
-6
2
12
1
-17
-6
-1
-19
-25
-14
-19
-25
-18
11
-3
-17
-29
-23
-47
-43
-39
-38
-46
-34
-39
-45
-43
-44
-27
-14
-2
-17
-8
-15
-51
-9
2
-25
-17
2
-16
-27
3
-23
-22
-19
-25
-23
-5
-24
-23
1
-12
0
10
31
-12
7
31
-8
17
36
-11
-21
9
-6
-1
-10
3
0
-38
-28
-5
-1
-40
-18
28
-52
-52
14
-20
-67
58
3
-40
24
-18
-55
1
25
-9
-22
18
23
-39
29
36
-5
-10
60
-35
-21
33
0
-45
21
51
-85
-4
21
-38
-51
-26
27
-52
-68
-43
3
-66
-47
-12
-54
-17
-76
-65
15
-41
-121
-27
84
-125
-73
66
23
-134
-19
51
-51
-81
15
32
-67
-36
28
-22
-85
10
12
-48
-24
51
-45
-44
3
24
-51
-19
18
-5
-75
36
-1
-42
24
-44
-31
7
-2
-86
-9
25
-26
-112
55
4
-104
-3
36
-40
-83
15
-38
-71
10
-54
-8
-54
-3
-28
-60
-31
-8
-68
-68
59
-98
-73
7
51
-156
-1
111
-150
-20
93
-61
-57
46
40
-82
47
53
-74
13
126
-61
-33
127
28
-53
23
89
-20
-32
63
32
-21
7
45
-39
4
-37
40
-29
-40
56
-68
-6
29
-37
-49
53
-36
-40
10
13
-85
-2
54
-95
-5
74
-49
-59
50
39
-61
-40
58
0
-27
-38
27
46
-65
-2
70
-3
-56
45
14
-10
7
-11
11
11
26
-28
-16
65
-35
-25
41
-16
-17
-14
-17
7
-68
39
-9
-76
15
29
-92
-57
54
-37
-125
5
52
-140
-41
-9
0
-79
-57
38
-56
-51
-27
-73
-1
8
-123
6
68
-118
-42
80
-28
-65
33
30
-22
-33
55
2
-28
39
1
0
18
-5
32
-41
23
15
-43
23
6
-4
-35
46
-34
-25
3
-11
-83
52
-35
-94
-9
25
-62
-110
64
-13
-119
-22
14
-26
-115
2
47
-65
-42
-25
44
-52
-67
44
35
-72
2
-15
19
-9
-35
28
16
15
-60
2
80
-58
-70
83
17
-127
23
98
-117
-36
71
10
-142
68
79
-124
-29
80
-29
-59
-23
38
13
-114
11
66
-55
-94
73
-2
-128
64
-33
-68
18
6
-67
-6
33
-68
-52
57
-29
-51
11
-7
-21
7
-3
-27
62
-25
-48
49
36
-25
-11
74
32
-40
38
37
36
-35
14
76
-19
-48
21
62
-64
-61
71
-21
-67
5
23
-18
-84
-31
64
-111
-53
21
-56
-83
-14
-50
-16
-84
-15
-33
-55
-17
-11
-83
-15
10
-98
43
-5
-80
17
7
-53
2
23
-23
-33
22
-18
6
-28
-23
36
-20
-55
15
17
-72
1
-17
-1
-8
-61
33
18
-62
-27
44
-41
-51
1
13
-5
-77
-3
59
-100
-23
45
-23
-72
-20
57
-68
-86
43
31
-143
5
42
-96
-47
14
-27
-95
8
-11
-80
9
-50
-41
34
-58
-31
50
-24
-49
45
16
-17
-24
34
14
-31
-1
40
30
-55
38
89
-39
-23
73
39
-39
-42
79
29
-86
9
78
-10
-90
54
48
-60
-72
93
-9
-85
0
25
-35
-76
45
17
-73
19
-6
-21
-23
-20
28
-10
-20
-19
25
-44
-1
-13
29
-44
5
6
-2
-14
-47
50
-18
-89
75
-27
-57
36
-37
-30
37
-78
-25
53
-60
-14
-27
40
-16
-90
62
28
-90
25
66
-95
-7
24
-5
-80
5
26
-68
-33
-14
5
-43
-102
72
-56
-128
64
-25
-77
-37
-12
5
-93
-42
46
-52
-68
2
-4
-24
-102
58
24
-93
14
46
-53
-23
8
-21
21
-50
9
0
-1
-82
50
26
-114
9
41
-23
-114
30
28
-115
-30
49
4
-155
67
5
-92
-37
43
-21
-64
-30
10
-12
-98
43
-31
-29
-14
-36
28
-24
-13
-23
19
-4
-21
-11
12
3
-28
-42
34
-4
-66
8
36
-54
-42
16
38
-91
-10
60
-37
-68
28
18
-75
-36
46
-40
-67
-4
36
-41
-54
29
27
-66
7
16
-12
12
-66
31
15
-56
-10
0
20
-47
-66
68
-32
-71
39
9
-47
-2
6
-15
16
5
-6
19
17
-5
-22
53
9
-47
20
58
-28
9
60
-8
4
11
47
20
-41
72
-16
-44
24
16
-36
8
-4
-4
-20
-15
-19
-2
-39
-28
2
-37
-19
-14
-58
-7
-6
-45
-40
-17
-21
-52
-61
22
-13
-125
12
53
-101
-49
60
-29
-64
-25
26
-20
-57
-22
5
-20
-65
-5
-18
-23
-27
-65
56
-23
-111
34
15
-73
-32
31
-36
-58
15
-10
-5
-64
23
-16
-32
-24
10
-22
-40
-31
29
-46
-26
-5
-7
-14
-57
4
15
-81
13
-75
24
-50
-81
12
14
-69
-83
80
-38
-85
19
29
-61
-27
41
-16
-41
57
-12
-89
90
-2
-115
70
36
-71
-15
51
-29
-12
-2
-60
87
-36
-65
62
22
-54
-17
26
25
-62
-59
119
-68
-83
60
-22
-39
-17
4
47
-53
-56
143
-79
-27
56
28
1
-59
82
34
-69
-30
70
6
-92
11
72
-59
-97
67
52
-128
2
76
-40
-111
103
-19
-93
43
27
-77
28
8
-48
-14
-22
-10
-11
-17
-32
16
-58
-37
25
-10
-68
2
-12
-10
-58
-8
15
-72
-6
-4
0
-22
-39
7
24
-93
5
13
-14
-92
10
42
-98
-56
55
-17
-93
-11
61
-51
-72
39
22
-99
1
60
-62
-25
-9
14
-60
-3
-15
6
-52
8
-34
19
-52
-42
18
-25
-37
-51
34
-48
-61
24
-46
-55
32
-77
-21
5
-28
-29
-5
-8
20
-86
30
66
-87
-20
58
-15
-51
37
-14
24
-29
-9
56
-30
-51
57
31
-124
64
57
-94
-10
57
-35
-44
17
23
-30
-18
-22
49
-19
-72
42
18
-36
-52
37
10
-35
-23
47
-20
-32
16
7
-29
-10
46
-70
-8
37
-53
-11
-2
-6
12
-46
4
17
3
-61
22
51
-59
-5
31
-10
22
0
-52
100
-13
-74
64
70
-76
-9
123
-40
-45
97
19
-55
49
55
-36
-7
74
-20
-31
67
-21
-26
73
-40
-30
80
-76
-31
64
-17
-80
39
14
-57
-7
10
-33
4
-51
15
-3
-76
63
-26
-77
71
-21
-83
44
-8
-41
-25
5
-35
-18
-13
-16
0
-40
-12
-5
-35
-10
-17
6
-36
-8
10
-43
-10
-41
61
-82
-11
18
-32
-19
-38
3
8
-54
-18
26
-35
-10
-23
8
2
-51
-5
10
-1
-50
-21
47
-47
-59
66
-8
-45
15
-1
-13
-21
-5
4
2
-53
12
17
-48
0
12
-7
-42
26
-1
-35
31
-27
22
-34
-3
23
7
-22
45
-22
5
9
-18
5
24
-24
-3
14
15
-48
-8
48
-25
-67
39
12
-68
-3
62
-68
-60
82
-45
-67
69
-16
-58
52
1
-61
47
-5
-15
-10
19
1
-52
80
-40
-14
44
47
-59
3
82
-6
-72
42
114
-118
-24
138
-51
-66
80
9
-45
5
32
-10
-15
38
-20
-3
21
-16
-21
54
-15
-29
55
-9
-57
64
-8
-43
25
-1
3
-48
40
-2
-49
26
9
-32
25
0
-16
8
1
-2
-41
38
-4
-41
-6
27
-29
-34
18
-6
-16
0
-28
24
-2
-66
16
4
-6
-72
56
-1
-54
11
-26
9
-29
-26
-19
28
-57
-49
26
-10
-83
32
9
-47
-9
-17
-7
-19
-19
0
-3
-21
-5
-31
13
-19
-33
24
-1
-25
0
20
10
-44
6
36
-25
-20
16
28
-56
26
-4
-22
-13
-8
15
6
-27
-21
57
-27
-70
37
44
-64
-42
65
-23
-77
31
28
-78
27
-4
-23
42
-26
-15
7
29
-28
-36
50
10
-54
-8
69
-52
-28
25
11
18
-65
74
11
-36
6
34
11
-9
-4
60
-21
-28
56
0
-12
-9
76
2
-74
75
49
-59
-13
89
-8
-64
79
16
-55
19
32
-33
12
37
-37
39
9
-26
-8
44
-39
-15
19
2
-29
-5
24
-51
-5
14
-2
-40
-4
37
-51
-32
39
-19
-50
-3
22
-24
-56
23
30
-59
-6
46
28
-78
21
70
-87
9
60
-40
-36
70
-42
-54
44
-17
-70
3
27
-68
-50
48
-19
-91
30
4
-56
-5
13
-10
-54
21
6
-74
33
27
-66
-4
66
-78
-22
56
-42
-48
47
-32
-12
-24
9
-9
-40
26
-19
-16
4
22
-29
4
35
-11
6
3
20
11
8
9
7
53
-2
-29
47
59
-44
-3
95
-10
-52
55
63
-48
-11
69
36
-60
24
73
-47
4
27
15
6
-30
39
22
-45
31
26
-24
16
37
-11
-8
39
6
-13
5
48
22
-57
64
23
-29
15
38
12
-1
0
39
-8
9
19
-4
24
-11
25
-3
-4
26
-17
18
13
-2
15
-19
35
-21
27
-11
2
17
30
-50
27
72
-73
-3
114
-29
-69
124
0
-42
38
73
-4
-36
67
24
-18
21
28
28
-21
14
42
-33
29
3
-5
42
-51
28
15
-1
-28
21
25
-37
32
-2
-2
4
-23
52
-42
5
53
-21
-26
67
-7
-55
48
34
-53
10
53
-50
0
-8
39
-35
-25
82
-53
-37
34
-7
-20
-26
21
17
-24
-38
63
-9
-46
35
34
-26
29
-6
36
-2
-19
56
-4
25
13
10
43
-2
-6
47
13
36
-18
61
13
-17
32
42
-17
19
52
-22
8
49
-28
19
34
-27
46
16
-26
15
55
-51
10
73
-47
39
26
-17
38
31
-40
32
55
-27
-3
72
-2
-10
66
-13
54
22
-12
36
60
-25
16
80
-22
7
68
5
-2
47
23
25
21
41
33
-2
40
54
-5
18
62
17
-22
62
2
23
20
23
33
-12
41
5
-13
31
21
-17
11
28
-10
-20
42
7
-28
23
24
-17
-9
63
-35
-11
67
11
-36
23
87
-31
-18
75
39
-29
7
70
18
-17
19
39
6
-13
7
38
11
-42
42
5
-4
2
-17
61
-1
-48
55
32
-68
20
56
-39
-36
56
12
-61
18
59
-48
-30
48
9
-73
31
27
-21
-28
16
32
-44
-3
49
-4
-25
48
-13
-1
13
13
9
9
40
11
11
52
-28
22
71
-25
36
62
-15
26
42
10
-20
56
32
-64
47
62
-76
17
48
5
-34
40
50
-67
67
9
-31
43
33
-51
36
23
-7
-21
41
9
-30
33
0
-21
30
7
4
8
28
27
-3
40
40
-8
27
62
-4
30
34
32
8
27
42
-11
35
45
11
16
36
26
22
11
32
17
17
29
-11
46
41
-22
15
51
-5
10
-4
55
11
-28
54
1
17
29
-5
23
38
-3
11
25
23
4
6
13
32
-12
-18
51
2
-34
45
32
-1
22
14
39
-22
17
56
-16
9
73
4
-21
46
49
-20
-7
81
11
-41
63
44
-27
-6
74
-23
-38
78
21
-69
38
57
-86
4
82
-19
-58
70
6
-38
-7
24
4
-23
6
25
-25
-2
10
-16
-19
16
-25
1
3
-26
10
4
-9
2
14
10
14
-12
19
37
-19
-3
47
-5
-18
34
12
-3
3
20
8
-7
20
8
-6
20
17
-1
16
21
-8
10
39
-19
27
9
3
32
-3
-2
34
11
-27
40
28
-16
13
35
3
8
30
-11
29
45
-39
15
73
-26
-31
80
31
-49
24
90
-26
-14
72
26
-35
30
31
31
-28
45
28
-24
43
21
4
40
26
-5
42
27
9
36
31
6
16
24
16
18
-22
53
24
-49
50
50
-38
18
49
-8
-5
22
14
-9
39
4
2
10
45
-4
-10
49
32
-25
31
48
17
-5
37
42
14
-6
52
35
-18
24
54
-27
7
37
4
-5
24
37
-10
16
26
-5
20
-1
16
21
-16
17
24
-36
25
11
-24
13
-1
-7
-12
35
-11
-17
26
19
-6
-2
31
1
18
-9
-1
47
-8
-34
51
20
-19
12
3
35
-32
-11
56
-9
-27
32
42
-41
-5
28
8
-29
-5
59
-27
-36
46
15
-34
28
39
-13
23
19
31
8
-8
32
33
-27
16
38
-27
10
-4
55
-10
-28
47
39
-53
16
58
-28
10
22
16
15
10
9
24
39
-29
46
56
-24
28
69
-7
18
48
31
-15
36
53
-11
-3
74
-11
-7
53
15
-36
64
41
-46
57
39
-12
-12
58
7
-11
1
68
-7
-56
39
31
-62
-3
40
-4
-27
-21
21
2
-59
4
43
-20
-32
27
23
-21
-43
25
45
-63
-27
86
-28
-54
39
19
-37
-6
22
34
-36
0
33
-6
-10
13
26
3
-15
8
39
-36
0
40
6
-36
29
53
-35
-28
51
17
-44
-6
67
-19
-57
71
22
-59
25
40
-24
-13
28
11
-7
-6
17
17
-27
-10
44
-2
-46
31
40
-48
-18
54
-7
-44
18
33
-1
-52
56
10
-36
7
6
21
-10
-21
47
12
-57
17
31
-9
-19
18
35
-27
-35
23
14
-39
-36
43
9
-51
-2
45
-21
-41
25
31
-39
14
27
-17
18
5
-10
16
24
-25
14
47
-13
0
17
24
-9
-6
34
5
-15
22
29
-19
24
16
3
22
21
2
40
11
-27
52
4
-27
23
47
-16
-37
53
27
-58
16
54
-51
-11
36
-3
-34
-7
38
-31
-31
36
-10
-52
4
6
-36
-30
-1
-2
-55
4
-32
-46
7
-51
-26
28
-38
-75
47
21
-92
-7
83
-48
-63
56
31
-59
-18
55
-15
-51
15
26
-41
-9
28
-15
-17
-8
-3
1
-13
-22
-3
10
-36
-32
35
-26
-71
19
28
-73
-33
52
-20
-67
10
18
-52
-18
10
-15
-25
1
-21
-20
19
-40
-35
38
-5
-66
4
36
-29
-80
28
21
-68
-24
42
9
-51
3
35
-2
-43
0
29
-25
-12
2
-12
-15
-15
-24
-3
14
-29
-18
22
-18
-45
15
-18
-24
3
-15
-5
-15
8
-13
-19
5
-5
-13
-18
16
-19
-43
-10
-3
-50
-1
-7
-27
-1
-13
3
-18
4
9
-22
-6
32
0
-36
28
22
-14
-22
15
12
-11
-22
1
11
-17
-29
-11
30
-28
-30
18
12
-25
-21
28
-1
-30
6
7
-10
-23
14
6
-37
-4
15
-14
-27
11
2
-20
-5
10
-25
-8
11
-16
-16
10
-13
-32
2
12
-31
-21
19
-19
-24
-6
20
-22
-26
25
1
-38
19
7
-14
0
2
-4
-9
2
-4
-15
13
-7
-22
15
-16
-5
-5
-4
-8
-13
3
1
-29
5
10
-46
-15
12
-19
-46
-7
-6
-54
-32
-4
-21
-45
-14
0
-34
-34
-6
-16
-30
-15
-6
-15
-22
-19
-12
-29
-8
-20
-41
3
12
-60
-6
17
-28
-29
5
3
-42
7
-7
-13
13
0
-29
25
1
-21
10
18
-27
-9
29
-32
-28
20
-22
-32
-12
1
-32
-49
-5
2
-42
-32
0
-12
-42
-16
6
-14
-16
-12
-4
16
-8
-31
26
19
-43
-10
48
-4
-47
17
43
-48
-9
22
-21
-23
5
-20
-24
5
-24
-30
9
-2
-28
4
10
-17
4
8
2
-16
4
15
-30
-13
28
-16
-38
-4
23
-35
-37
29
-9
-28
-5
-19
-15
-11
-34
-9
12
-15
-26
3
12
-35
-18
13
-6
-26
-2
22
-16
-14
6
-11
-21
-14
-10
-19
-6
-27
-14
-8
-19
-26
-12
0
-24
-28
1
13
-46
-9
3
-24
-39
-1
-2
-27
-21
5
-10
-35
-14
-2
-20
-17
-13
-8
-8
-14
-31
-8
-7
-35
-21
10
-21
-38
0
-10
-40
-27
-1
-14
-25
-10
16
-13
-40
-2
12
-35
-27
3
3
-31
-27
1
-5
-34
-22
-5
-1
-20
-43
16
3
-55
-21
22
-17
-44
5
20
-29
-30
19
-12
-30
-11
0
-6
-12
-13
-18
8
-9
-25
-5
7
-18
-22
4
9
-11
-13
8
1
-20
-2
19
-11
-7
23
4
-16
15
21
-28
3
38
-18
-12
23
-12
-11
7
-13
-11
7
-7
-23
6
-11
-31
-4
1
-11
0
-12
-16
0
-15
-7
-3
1
-12
-10
-6
12
-21
-21
9
4
-23
-21
10
-3
-32
-11
2
-23
-20
0
0
-5
3
-20
8
-7
-17
-18
10
-7
-24
15
-1
-19
-16
5
-19
-23
-5
4
-25
-33
6
-6
-47
-27
12
-27
-42
-2
6
-34
-35
7
-15
-45
-13
-2
-18
-33
-17
-7
-30
-31
-26
-20
-28
-33
-24
-24
-30
-23
-28
-9
-21
-38
0
-9
-30
-13
1
-21
-16
-2
-3
-17
0
4
-17
-6
-17
-6
-20
-21
0
-20
-12
-12
-18
-15
-20
-32
-1
-22
-31
2
-12
-13
-24
-11
-4
-27
-19
0
-15
-17
-15
-27
-6
-16
-19
-10
-3
-28
-22
8
-18
-21
-14
-4
-19
-12
-15
-2
-12
-26
-13
-3
-22
-32
6
-22
-40
-2
-12
-39
-10
-6
-27
-27
-13
-8
-22
-19
4
-11
-28
-17
4
-21
-17
2
-14
-10
-21
-5
-7
-13
-4
-3
-24
-4
1
-25
-15
0
-7
-14
4
-3
-4
-6
-11
-2
-6
-5
-18
-5
3
-12
-26
5
10
-42
-17
24
-17
-32
14
3
-33
-13
-4
-14
-17
-7
1
-10
-22
-3
-9
-33
-8
-2
-14
-31
-7
0
-38
-40
-12
-19
-43
-33
-21
-9
-37
-39
-8
-20
-41
-19
-3
-19
-24
-15
-6
-19
-21
-15
-26
-13
-17
-18
-7
-7
-12
-22
-7
-16
-7
-12
-20
-4
-13
-31
-12
-5
-16
-23
1
-3
-13
-20
-1
-12
-31
-13
-25
-18
-4
-17
-34
-4
-13
-33
-19
-9
-28
-25
-9
-13
-22
-8
-22
-19
-6
-10
-16
-11
-9
-10
-15
-20
-9
-6
-20
-18
3
-10
-13
-5
-5
-6
-13
-10
-1
-9
-13
-5
3
-22
-21
2
-17
-35
-11
3
-25
-20
12
-9
-17
0
1
-11
-12
5
-5
-14
-9
-10
-10
-18
-10
-3
-17
-13
-18
-4
-17
-20
-12
6
-15
-27
-5
0
-22
-26
11
-12
-25
-6
4
-21
-12
-7
-10
-2
-11
-10
3
-1
-11
-17
1
-1
-26
-17
4
-9
-19
-4
11
-12
-9
6
-16
-1
5
-1
-3
4
-3
-6
-2
-3
-15
-6
-6
-7
-9
-8
-14
-27
-10
-5
-31
-18
-1
-25
-25
-16
-12
-32
-24
-17
-22
-18
-10
-18
-17
-4
-20
-23
7
-8
-17
-1
-3
-11
-14
-4
-7
-17
-12
-9
-14
-19
-14
-15
-21
-16
-17
-20
-7
-14
-21
-7
-6
-22
-20
4
-19
-33
7
-10
-31
-3
-11
-35
-31
-10
-30
-29
-8
-20
-29
-8
-16
-29
-5
-5
-28
-12
20
-13
-21
19
10
-15
2
14
-3
-10
6
17
-13
-8
0
-19
-19
-13
-9
-18
-9
-11
-28
-19
-8
-32
-19
7
-14
-24
-3
-4
-25
-27
4
-26
-28
7
-19
-20
-6
-17
-26
-10
-16
-25
-14
-6
-27
-21
-9
-14
-23
-19
-5
-12
-23
-10
2
-18
-15
-5
-11
-15
-13
-1
-17
-3
6
-15
-10
2
-7
-22
0
3
-13
-5
7
-9
-9
4
-8
-11
1
-6
-3
7
0
3
-2
-7
3
0
-14
-1
3
-17
-13
0
-12
-19
-1
-4
-12
-7
-4
-9
-8
-10
-14
1
0
-20
-4
7
-14
-8
2
-9
-21
-7
-2
-14
-15
-4
-7
-18
-21
-6
-13
-22
-5
-6
-21
-14
-12
-21
-15
-9
-23
-22
-8
-19
-27
-17
-11
-25
-34
-19
-10
-29
-25
-15
-16
-33
-34
-14
-16
-32
-21
-15
-23
-24
-20
-15
-21
-23
-9
-6
-23
-17
-9
-18
-21
-9
-20
-21
-13
-6
-12
-21
-10
-4
-12
-22
-2
-3
-18
-7
3
-4
-9
-8
-6
-1
-13
-15
-6
-15
-27
-16
-14
-28
-21
-24
-25
-14
-29
-31
-15
-15
-34
-20
-6
-26
-30
-12
-13
-26
-20
-14
-18
-22
-27
-15
-12
-24
-24
-5
-7
-27
-18
3
-10
-34
-9
5
-16
-27
-3
11
-22
-18
14
-4
-27
5
22
-13
-8
15
3
-11
4
7
-6
-13
0
1
-14
-7
-2
-4
-5
-12
-5
3
-4
-17
3
6
-13
-12
4
-2
-22
-9
6
-1
-15
1
6
-9
-22
-6
-11
-21
-16
-22
-21
-18
-26
-26
-11
-13
-21
-10
0
-14
-18
-6
-12
-15
-11
-13
-11
-9
-12
-7
-7
-10
-15
-11
-17
-14
-16
-11
-21
-21
-13
-16
-24
-21
-11
-20
-27
-21
-22
-22
-17
-18
-16
-21
-19
-19
-22
-14
-17
-17
-15
-18
-16
-15
-17
-7
-4
-17
-16
-5
-9
-16
-8
-11
-20
-19
-10
-21
-18
-15
-19
-20
-10
-13
-22
-10
-3
-22
-24
-12
-19
-24
-12
-5
-14
-13
-12
-17
-11
-9
-15
-8
-1
-16
-16
-10
-9
-18
-17
-15
-21
-21
-20
-14
-20
-15
-17
-16
-19
-21
-13
-20
-23
-10
-15
-22
-13
-7
-13
-13
-7
-3
-8
-13
-5
-2
-4
-4
3
0
-4
1
2
-2
-5
2
-2
-10
-12
-4
-7
-18
-7
-6
-11
-5
-6
0
-6
-3
2
-6
-5
3
-5
-3
6
-6
-7
0
-9
-18
-8
-3
-12
-16
-6
-10
-14
-9
-7
-9
-7
-4
-3
0
3
-6
-9
-4
-3
-6
-4
-3
-5
-7
-12
-8
-8
-7
-13
-5
0
-13
-16
-7
-10
-15
-17
-2
-7
-9
-2
1
-7
-7
-8
-8
-4
-13
-11
-3
-4
-14
-11
-7
-14
-21
-11
-9
-16
-15
-9
-15
-17
-12
-13
-12
-14
-7
-10
-19
-18
-18
-18
-20
-19
-14
-16
-14
-11
-18
-10
-13
-21
-16
-17
-21
-23
-22
-20
-23
-26
-28
-25
-21
-20
-13
-17
-22
-15
-22
-29
-20
-22
-27
-22
-25
-29
-21
-23
-27
-32
-25
-23
-23
-22
-24
-20
-20
-22
-21
-15
-20
-19
-15
-13
-15
-17
-14
-13
-17
-19
-10
-9
-10
-2
-9
-6
-1
-5
-6
7
14
3
7
10
0
-1
5
4
4
9
9
4
8
9
1
1
2
6
5
7
7
1
-3
-7
-5
-5
-6
-5
-2
-2
-4
2
4
10
3
-3
10
11
-1
2
10
5
-7
5
6
-3
-4
-2
-4
-8
-8
-10
-9
-8
-18
-6
5
-17
-16
-3
-4
-10
-1
7
-9
-14
0
2
-5
-1
7
1
-5
3
6
2
-4
-2
2
-1
-3
-2
-4
-10
-16
-17
-11
-18
-24
-21
-11
-16
-21
-20
-18
-22
-21
-10
-11
-21
-17
-11
-16
-22
-19
-18
-26
-21
-16
-18
-20
-24
-23
-22
-20
-16
-12
-9
-13
-13
-7
-10
-17
-15
-8
-9
-11
-10
-5
-15
-16
-11
-14
-9
-12
-8
-11
-17
-13
-15
-20
-18
-16
-16
-13
-17
-19
-12
-13
-18
-18
-15
-15
-20
-16
-14
-18
-15
-16
-16
-11
-7
-10
-9
-9
-13
-16
-10
-7
-13
-5
-8
-7
-11
-3
-3
-11
-7
-9
-10
-12
-11
-8
-12
-10
-9
-11
-12
-7
-6
-9
-6
-7
-7
-4
-1
-4
-1
0
-2
1
7
2
0
-1
3
6
3
6
5
8
6
5
6
8
1
-1
5
5
4
0
-1
-4
-3
1
-5
-7
-9
-9
-1
-2
-7
-1
-3
-5
-2
-3
-2
-2
-4
-6
-5
-7
-5
-10
-10
-12
-11
-10
-8
-9
-11
-6
-14
-12
-11
-12
-8
-8
-5
-11
-10
-4
-6
-8
-9
-13
-14
-13
-15
-12
-14
-13
-17
-14
-15
-13
-13
-20
-16
-11
-14
-11
-13
-13
-12
-13
-15
-16
-7
-14
-16
-14
-4
-11
-15
-11
-14
-15
-14
-14
-18
-14
-14
-13
-13
-11
-11
-13
-17
-16
-9
-11
-15
-11
-13
-9
-11
-13
-11
-15
-15
-10
-13
-15
-14
-13
-17
-15
-16
-15
-17
-13
-16
-17
-16
-18
-13
-14
-13
-14
-11
-18
-20
-18
-12
-2
-4
-15
-16
-12
-9
-2
-6
-14
-18
-13
-6
-6
-4
-3
-2
-4
-1
-5
-3
1
4
-1
-1
6
1
-4
-2
-2
-1
1
4
4
-3
-1
-1
-4
-4
-4
1
5
3
3
2
-1
3
2
3
6
0
0
2
9
4
4
4
1
4
8
7
3
6
8
6
1
3
5
5
6
2
1
0
0
4
2
-3
3
1
-8
-3
-3
-5
-3
-7
-7
-6
-6
-3
-6
-7
-8
-8
-6
-6
-9
-14
-16
-14
-17
-17
-16
-18
-18
-15
-15
-17
-8
-9
-7
-7
-6
-4
-4
2
-2
-1
-2
-2
-2
-9
-6
-11
-14
-14
-14
-11
-18
-20
-17
-13
-16
-17
-16
-16
-20
-19
-13
-15
-17
-20
-17
-17
-20
-19
-20
-21
-22
-22
-24
-19
-25
-21
-20
-22
-21
-20
-19
-21
-14
-17
-17
-19
-17
-17
-16
-16
-15
-15
-21
-14
-13
-18
-17
-16
-14
-17
-20
-15
-11
-15
-11
-7
-8
-9
-6
-9
-7
-6
-3
-2
-5
0
-4
-3
1
4
5
0
2
2
2
4
9
3
3
9
4
4
13
7
4
6
2
1
5
6
-4
3
4
3
2
3
1
0
-2
0
5
5
6
8
3
2
5
5
3
6
6
2
0
0
0
0
-1
-3
-5
-3
-6
-7
-8
-7
-7
-10
-11
-11
-12
-9
-9
-8
-10
-11
-11
-13
-13
-12
-13
-16
-13
-13
-16
-15
-20
-17
-21
-21
-21
-20
-22
-20
-18
-21
-17
-20
-17
-20
-22
-20
-20
-20
-22
-26
-25
-28
-26
-21
-26
-26
-18
-19
-21
-18
-18
-18
-18
-16
-16
-19
-22
-18
-18
-26
-22
-23
-28
-27
-23
-23
-31
-31
-28
-22
-17
-21
-18
-19
-22
-17
-15
-20
-21
-15
-19
-18
-15
-9
-9
-15
-16
-17
-13
-12
-13
-8
-11
-12
-9
-12
-11
-11
-6
-6
-7
-7
-9
-10
-13
-6
-3
-3
1
5
9
5
8
11
10
11
12
11
9
15
15
14
9
8
8
9
6
3
4
8
2
7
10
4
9
9
8
2
2
1
0
-3
2
5
-1
5
1
3
4
6
7
8
11
9
8
8
1
1
4
2
-1
-5
-4
-5
-7
-7
-9
-11
-9
-9
-15
-13
-13
-13
-15
-15
-16
-16
-14
-16
-13
-19
-14
-18
-20
-14
-17
-15
-14
-12
-12
-14
-13
-11
-15
-15
-19
-17
-24
-21
-21
-23
-24
-24
-19
-20
-18
-19
-20
-20
-22
-20
-21
-13
-17
-17
-12
-19
-16
-16
-23
-22
-24
-23
-22
-29
-24
-21
-22
-22
-19
-19
-15
-17
-14
-7
-10
-11
-10
-9
-10
-7
-8
-9
-6
-3
-2
-1
-2
-2
-2
-1
4
3
4
4
-3
3
4
5
9
5
5
1
1
-3
0
-1
-4
-2
1
-4
-4
0
-5
0
4
1
3
5
3
4
5
4
-1
0
3
0
1
2
3
2
-1
0
-4
4
3
3
-2
3
6
4
1
1
3
4
9
8
10
11
8
12
11
7
10
7
3
5
3
4
3
1
5
5
2
0
7
-3
1
8
3
5
4
5
6
4
5
5
2
1
6
5
5
4
8
6
3
2
0
1
-2
-8
-6
-13
-12
-14
-21
-18
-19
-16
-17
-18
-18
-18
-21
-19
-18
-15
-14
-17
-16
-14
-14
-13
-13
-15
-14
-15
-12
-12
-15
-13
-8
-10
-13
-11
-6
-5
-8
-7
-5
-4
-3
-5
1
-2
-3
-1
-6
-2
4
5
1
2
2
6
2
2
3
4
5
5
2
2
4
1
0
-7
-6
-5
-9
-8
-4
-2
-3
-6
-5
-3
-6
-3
2
1
-2
2
4
-1
1
0
3
1
3
4
7
9
6
5
1
2
4
11
10
11
12
11
11
12
9
5
8
6
3
7
6
6
2
6
4
2
5
2
2
-1
2
5
0
7
8
9
11
11
12
9
8
9
15
10
10
9
5
10
9
7
9
10
14
14
13
18
17
15
16
15
19
18
17
16
14
15
16
11
11
8
8
11
9
10
10
8
9
12
5
3
2
5
1
4
7
4
6
3
6
6
5
10
10
7
8
8
4
5
1
-1
-2
-4
-4
-5
-7
-9
-12
-7
-6
-10
-10
-8
-8
-3
-6
-3
-5
-7
-2
-9
-9
-11
-3
-7
-7
-5
-11
-13
-9
-14
-16
-13
-14
-10
-16
-11
-14
-11
-10
-13
-10
-9
-7
-4
-3
-2
-5
0
5
0
1
2
1
1
0
4
9
1
-1
1
1
-3
1
4
5
9
8
7
13
12
13
14
11
8
8
14
14
11
10
13
16
14
14
15
17
15
17
12
12
14
10
6
8
12
15
14
17
19
18
24
17
19
23
23
24
16
19
17
16
23
20
21
21
18
20
21
17
19
19
18
17
19
20
14
14
16
15
13
18
14
13
13
13
15
17
15
15
17
18
18
16
15
12
10
10
7
4
6
4
3
3
-1
-3
-3
-7
-4
-3
-5
0
-1
-5
-4
-4
-1
-2
-2
-5
-10
-7
-8
-7
-15
-12
-14
-19
-14
-18
-14
-18
-17
-11
-12
-8
-12
-11
-6
-7
-5
-7
-8
-7
-7
-8
-7
-11
-11
-9
-7
-6
-7
-2
-3
-5
-4
1
-1
0
2
1
-4
1
0
-2
3
2
1
4
3
2
2
4
2
7
9
14
16
15
17
14
13
19
16
16
18
13
12
10
14
18
20
17
15
18
21
22
25
23
26
27
24
20
23
25
22
20
19
20
21
15
15
13
13
15
13
16
16
8
17
18
11
16
15
17
19
18
18
20
22
23
20
18
24
20
22
25
20
22
21
18
18
20
22
21
19
17
19
17
17
16
14
15
16
17
13
10
12
12
7
8
11
11
12
8
5
9
6
1
9
6
-3
1
1
-2
0
1
3
-1
-1
-4
-6
-8
-5
-12
-15
-9
-11
-10
-12
-12
-12
-14
-13
-15
-10
-11
-12
-12
-11
-11
-4
-2
-2
0
3
0
1
2
3
5
-1
2
8
8
5
5
8
5
3
7
10
9
4
4
7
9
8
9
5
9
9
9
7
6
6
2
3
3
5
0
1
-1
8
7
7
11
10
14
9
17
16
12
15
12
15
15
19
20
20
22
20
21
18
18
16
16
16
18
19
15
19
15
15
15
12
17
15
14
14
16
16
13
15
13
13
15
14
14
12
14
16
17
14
9
12
15
11
7
9
5
8
3
3
8
1
8
4
-2
-1
3
3
2
7
5
5
2
3
4
5
5
5
3
-1
0
1
3
4
6
4
5
4
5
3
10
7
7
7
8
11
12
12
14
14
16
21
22
15
20
18
15
20
20
19
22
23
21
22
18
21
19
20
21
18
18
17
16
17
16
15
15
12
13
13
13
15
12
9
8
5
5
5
10
12
10
9
5
9
6
9
8
5
5
3
4
4
2
7
5
6
6
3
3
1
-4
-1
1
1
-1
-4
-5
-5
1
-1
-4
-1
-3
-1
0
-1
2
4
7
6
9
9
11
10
8
12
14
12
18
17
15
17
13
10
10
18
19
15
17
16
18
18
19
25
20
15
16
13
14
11
9
11
14
10
12
13
14
16
14
13
9
10
9
12
8
12
12
11
11
11
10
14
16
14
18
17
13
17
18
19
22
20
22
25
24
19
21
23
15
13
17
17
18
11
16
19
15
15
19
20
18
19
23
22
20
21
19
13
19
21
22
23
23
26
24
24
24
24
24
22
22
18
19
19
23
23
19
