6
2
3
5
-1
4
1
5
6
6
6
5
2
2
1
-1
-1
-3
-4
-3
1
-1
-3
-2
0
0
-1
-3
-3
-3
-4
-2
-6
-10
-12
-14
-13
-13
-20
-16
-10
-14
-20
-20
-17
-18
-16
-14
-15
-16
-16
-14
-12
-16
-18
-17
-14
-18
-17
-14
-15
-8
-13
-11
-17
-14
-16
-20
-14
-17
-18
-21
-20
-20
-18
-19
-17
-18
-18
-14
-14
-14
-13
-9
-8
-9
-8
-7
-5
-6
-5
-3
-5
-3
-4
-4
-5
-4
-7
-8
-2
-7
-3
-5
-5
-1
-5
-4
-3
-1
-4
2
-2
-5
-5
-2
-5
-4
-1
-3
2
-5
0
-2
-4
-3
0
0
-3
-2
-1
-1
-2
-5
-2
1
-2
-3
0
1
0
0
0
4
7
7
4
8
9
7
8
5
9
4
5
4
2
3
7
8
5
7
8
8
11
11
13
11
11
7
5
2
3
5
2
3
2
6
5
8
7
3
4
4
4
4
2
0
-1
3
-3
-2
3
-5
-4
-3
-3
-3
-6
-5
-2
-5
-2
-1
-1
2
1
-2
-3
-4
-3
-4
-6
-10
-11
-9
-13
-15
-17
-9
-8
-6
-8
-9
-5
-10
-11
-11
-12
-10
-7
-9
-8
-6
-9
-11
-11
-13
-16
-17
-16
-9
-11
-8
-7
-8
-9
-12
-8
-9
-8
-6
-8
-7
-8
-13
-11
-8
-10
-11
-13
-8
-11
-11
-10
-12
-7
-6
-9
-11
-8
-8
-6
-6
-7
-5
-5
-6
-1
-4
-7
-2
0
-1
0
-3
1
-1
1
3
3
2
6
3
-2
-9
-15
-15
-15
-12
-10
-10
-9
-4
-4
-7
-8
-7
-4
-8
-3
-5
-8
-5
-7
-4
-8
-5
-6
0
2
0
4
2
-3
-5
1
2
2
1
7
9
7
11
12
10
10
12
9
8
9
4
2
0
-4
-2
-3
-1
2
1
0
1
2
-1
-1
-8
-4
-6
-10
-9
-14
-16
-15
-10
-13
-15
-13
-10
-14
-13
-17
-17
-12
-16
-18
-17
-17
-21
-18
-19
-15
-17
-16
-18
-11
-10
-15
-17
-18
-11
-11
-14
-13
-15
-13
-18
-15
-17
-18
-16
-18
-22
-22
-21
-21
-18
-18
-15
-18
-19
-13
-13
-16
-13
-13
-12
-9
-12
-9
-13
-12
-17
-13
-12
-14
-11
-15
-17
-16
-12
-13
-15
-13
-13
-14
-12
-15
-11
-11
-16
-15
-14
-15
-14
-12
-15
-13
-7
-8
-10
-5
-3
-2
3
1
0
3
6
6
4
3
6
4
4
4
5
2
4
7
7
3
5
7
3
5
4
1
1
3
2
2
1
4
2
3
4
5
7
2
4
8
5
2
3
1
3
-2
5
2
4
9
8
4
5
3
-4
1
2
3
0
2
2
2
2
2
1
7
8
6
6
4
4
6
4
6
8
10
10
11
8
8
5
4
1
1
4
1
0
0
2
-1
2
1
-2
-4
-2
-5
-10
-7
-11
-12
-14
-10
-10
-12
-10
-15
-15
-15
-16
-14
-17
-19
-22
-23
-18
-18
-17
-18
-17
-9
-12
-17
-15
-13
-16
-21
-16
-14
-14
-12
-16
-14
-14
-16
-17
-17
-17
-19
-21
-18
-17
-16
-16
-15
-14
-16
-14
-16
-11
-11
-10
-11
-11
-9
-10
-12
-15
-11
-11
-17
-18
-13
-17
-14
-20
-18
-19
-23
-23
-24
-20
-22
-18
-15
-17
-17
-16
-14
-14
-15
-13
-11
-13
-15
-13
-12
-15
-12
-13
-16
-18
-21
-19
-18
-16
-16
-14
-10
-10
-10
-12
-12
-13
-14
-18
-18
-18
-20
-21
-23
-19
-21
-23
-24
-24
-21
-23
-19
-19
-16
-11
-11
-6
-9
-14
-6
-9
-9
-4
-8
-9
-5
0
-7
-6
-1
-5
-3
-1
-5
-8
-6
-9
-10
-8
-8
-13
-13
-12
-10
-7
-12
-7
-7
-7
-8
-9
-9
-6
-9
-5
-5
-8
-10
-13
-12
-13
-12
-8
-10
-14
-11
-10
-12
-15
-17
-16
-14
-16
-16
-16
-20
-21
-18
-22
-20
-20
-17
-20
-22
-20
-21
-22
-20
-20
-17
-22
-19
-18
-17
-20
-22
-21
-22
-22
-22
-18
-24
-25
-22
-26
-23
-24
-23
-25
-25
-22
-23
-20
-22
-20
-19
-17
-16
-19
-20
-16
-16
-18
-19
-18
-16
-23
-20
-24
-18
-20
-19
-18
-20
-16
-19
-18
-18
-21
-21
-22
-23
-26
-26
-24
-25
-24
-20
-23
-24
-24
-27
-23
-25
-23
-23
-23
-14
-15
-16
-10
-11
-12
-11
-15
-10
-8
-12
-13
-14
-12
-22
-16
-21
-17
-16
-20
-17
-18
-19
-19
-16
-14
-11
-10
-7
-10
-11
-9
-7
-11
-9
-9
-11
-10
-9
-6
-7
-7
-3
-5
-6
-10
-8
-7
-10
-6
-9
-7
-8
-6
-4
-7
-11
-9
-9
-10
-8
-11
-12
-8
-8
-9
-9
-12
-12
-14
-12
-10
-5
-3
-7
-2
-6
-7
-6
-7
-5
-5
-7
-12
-13
-10
-14
-15
-17
-23
-21
-21
-23
-22
-22
-19
-21
-21
-21
-23
-20
-22
-17
-17
-16
-13
-14
-11
-7
-5
-10
-9
-9
-9
-7
-9
-8
-7
-13
-15
-16
-13
-12
-16
-18
-14
-11
-15
-15
-15
-16
-18
-22
-23
-21
-24
-24
-26
-23
-23
-23
-24
-27
-23
-27
-26
-19
-24
-28
-25
-21
-19
-19
-21
-16
-15
-20
-20
-19
-18
-20
-22
-18
-19
-18
-13
-18
-17
-15
-16
-20
-18
-20
-25
-22
-24
-24
-25
-19
-18
-17
-16
-12
-14
-11
-5
-10
-8
-12
-15
-18
-20
-20
-19
-18
-16
-14
-21
-18
-18
-16
-11
-15
-15
-16
-13
-12
-7
-9
-13
-7
-10
-9
-11
-11
-15
-11
-8
-12
-10
-9
-12
-12
-10
-12
-17
-17
-16
-12
-12
-16
-17
-15
-13
-11
-9
-10
-10
-11
-11
-11
-11
-13
-12
-15
-9
-13
-16
-16
-19
-12
-10
-7
-14
-9
-2
-8
-6
-8
-11
-9
-9
-9
-5
-7
-9
-11
-5
-4
-3
-6
-4
0
1
-3
-5
-2
-3
-5
-10
-8
-11
-11
-10
-12
-17
-20
-21
-22
-21
-17
-21
-25
-22
-19
-21
-18
-17
-12
-10
-13
-9
-11
-9
-11
-12
-10
-12
-11
-13
-15
-18
-15
-16
-23
-19
-19
-16
-15
-21
-19
-20
-20
-20
-19
-18
-18
-21
-21
-21
-20
-23
-24
-24
-23
-21
-17
-16
-17
-13
-12
-16
-11
-14
-15
-10
-11
-11
-14
-8
-14
-18
-6
-13
-16
-11
-9
-12
-11
-8
-8
-9
-4
-3
-8
-7
-1
-5
-3
-6
-3
-2
-3
0
-2
-1
3
2
0
1
0
1
2
5
-1
1
1
0
2
2
0
-1
-3
-4
-3
-1
0
-2
-1
0
4
4
6
6
1
10
11
6
3
2
7
5
3
10
8
4
5
6
4
1
7
6
9
1
5
4
2
0
2
-1
-7
0
3
0
-1
3
7
2
-2
1
0
0
3
3
-2
0
3
1
-4
-1
2
-5
-9
-4
0
-9
-8
-8
-6
-9
-6
-5
-8
-7
-5
-11
-17
-13
-9
-12
-14
-12
-10
-14
-16
-7
-10
-9
-8
-8
-13
-15
-9
-14
-17
-10
-15
-21
-18
-10
-17
-17
-13
-18
-19
-19
-15
-21
-19
-19
-19
-22
-19
-19
-19
-19
-21
-14
-15
-15
-12
-8
-10
-10
-5
-11
-13
-13
-9
-10
-16
-17
-7
-7
-16
-10
-2
-5
-7
-6
-2
-5
-9
-4
-5
-11
-5
3
-6
-4
-1
-1
-3
1
1
-3
0
1
-3
-10
-9
-6
-13
-17
-10
-13
-14
-11
-11
-17
-16
-4
-8
-6
-1
-1
1
-3
-1
6
-5
-7
6
-1
-7
2
8
-1
4
11
11
6
14
13
9
3
7
5
1
0
-1
-3
4
8
1
6
13
9
7
19
15
11
6
13
9
-4
8
8
-3
2
12
8
-2
13
17
5
6
12
5
-5
1
-1
-7
-11
-5
-3
-13
-11
-3
-1
-9
-3
-1
-7
-11
-5
-4
-8
-10
-8
-6
-16
-7
-8
-20
-14
-4
-12
-16
-3
-4
-21
-18
-2
-9
-24
-10
-12
-15
-17
-21
-16
-15
-26
-20
-9
-18
-21
-4
-10
-25
-9
-13
-22
-22
-14
-17
-34
-22
-11
-22
-31
-18
-11
-24
-27
-7
-13
-23
-6
-10
-24
-17
-3
-19
-32
-15
-12
-29
-23
-14
-20
-31
-16
-11
-27
-19
-1
-9
-23
-4
1
-17
-14
6
0
-14
-3
-2
-16
-16
-6
-12
-15
-12
-7
-21
-18
-3
-12
-9
-1
-5
-7
-5
-2
-6
-20
-1
-4
-22
-19
-1
-15
-30
-5
-10
-30
-17
-6
-11
-21
-3
4
-15
-4
15
-6
-3
16
3
-3
11
23
2
4
24
13
-6
15
28
2
4
19
10
-4
8
12
0
7
13
-2
0
5
-2
-7
0
6
4
-6
4
16
-3
-8
14
13
-14
-7
10
-5
-15
2
4
-16
-13
-7
-12
-13
-7
-14
-15
-9
-12
-19
-7
-8
-22
-11
-4
-4
-14
-11
-6
-13
-7
2
-3
-10
-4
-5
-18
-5
1
-24
-20
-7
-24
-19
-20
-30
-21
-29
-32
-27
-22
-25
-24
-18
-10
-16
-23
-19
-13
-19
-28
-14
-16
-28
-25
-16
-22
-23
-23
-18
-21
-31
-17
-10
-19
-21
-12
-19
-25
-17
-36
-21
-14
-20
-26
-9
-9
-16
-16
-10
-19
-18
4
-20
-7
-14
-15
-8
-14
-14
-20
-14
-19
-28
-9
-20
-28
-8
-17
-29
-25
-10
-14
-27
-12
8
-22
-18
-4
-1
-19
-13
7
-18
-10
4
-6
-13
10
-2
8
18
1
9
25
17
1
13
22
8
9
16
11
4
6
7
-1
7
0
-7
3
6
-15
2
13
-1
-4
15
10
9
2
7
10
-4
8
21
7
2
11
8
3
-10
13
-3
-12
-6
-2
-10
-19
0
-18
-26
-3
-14
-12
-8
-1
-10
-13
5
-4
-21
-8
16
-14
-20
21
0
-18
5
12
-7
-15
7
-10
-21
-12
-4
-26
-28
5
-27
-30
-9
-1
-33
-38
-2
-25
-46
-4
-12
-39
-20
-3
-16
-29
-9
4
-28
-42
21
-21
-40
4
10
-35
-26
24
-14
-39
5
24
-38
-30
29
-17
-48
10
-6
-33
-24
2
-17
-32
0
4
-22
-5
15
-13
-23
18
3
-20
19
11
-15
3
21
-1
-14
25
14
-18
3
30
-12
-14
28
3
-15
-2
23
-12
-17
32
2
-22
21
10
-4
7
2
8
9
-9
19
7
-4
1
22
9
-6
15
19
2
4
23
36
-5
12
51
3
1
44
34
-2
25
52
-9
4
40
5
-5
14
21
2
-8
21
3
-15
20
2
-7
12
12
-23
11
19
-18
5
19
-4
17
2
6
9
6
-13
10
4
2
0
-5
6
7
-10
-3
23
-21
-18
21
-5
-9
-7
19
1
-19
8
21
-23
-4
39
-23
-27
43
-6
-50
27
10
-41
-14
15
-17
-36
-4
-1
-26
-30
13
-17
-40
5
-2
-48
-10
6
-43
-24
1
-20
-45
-15
-3
-35
-23
-9
-14
-30
-16
-12
-19
-37
-1
-11
-46
-5
-7
-30
-18
8
-23
-32
22
-9
-35
21
1
-27
-5
10
-23
-23
12
-10
-43
7
8
-27
-32
19
-4
-31
-2
12
-31
-14
19
-15
-24
9
3
-35
-5
8
-22
-37
22
-9
-54
12
10
-60
-15
12
-33
-30
2
-18
-30
-9
-19
-18
-6
-20
-14
-10
9
-14
-3
13
5
-17
24
10
0
14
-6
-3
9
-1
-1
-3
13
0
-4
17
15
-4
13
20
25
0
10
24
12
15
8
21
27
-12
-3
36
-7
-13
19
-3
-12
0
10
-20
1
9
-12
-6
22
-10
-7
11
3
-17
15
19
-37
25
31
-49
-1
57
-44
-25
44
-15
-43
18
12
-24
-22
14
-14
-17
-6
4
-18
3
1
-17
-1
-3
-17
2
3
-21
-1
-12
-20
-2
-10
-37
5
-8
-44
-3
18
-49
-17
42
-40
-41
49
-16
-48
22
11
-22
-27
17
-10
-30
1
-8
-33
-2
-12
-31
0
-12
-19
-15
7
3
-45
21
7
-36
0
15
-23
-8
15
-6
-4
1
4
-13
21
10
-15
13
21
-1
-28
36
-6
-45
44
0
-47
26
12
-45
14
13
-21
-24
23
-12
-9
-2
-10
17
3
-42
38
35
-60
36
41
-41
11
39
-2
-18
39
30
-37
36
30
-3
-24
53
11
-31
18
54
-38
1
54
-19
12
24
3
19
21
-2
26
22
-13
38
10
-13
38
11
-14
37
17
-27
36
6
-20
16
11
-15
3
7
8
1
-17
34
0
-18
27
27
-7
-3
48
3
-16
41
7
-22
36
14
-21
-4
42
-30
-39
46
4
-47
23
30
-24
-8
8
25
-48
-8
42
-46
-27
18
-20
-25
-23
14
-27
-14
-9
-18
17
-45
-32
36
-28
-45
20
15
-40
-16
29
-12
-43
1
30
-57
-4
12
-26
-3
3
6
-1
8
2
15
-8
8
22
-3
-3
24
9
-20
18
32
-33
23
24
3
-13
26
11
-27
-1
32
-25
-12
1
16
-8
-38
27
11
-51
1
30
-23
-23
29
-4
-12
-18
19
-4
-30
9
7
-1
-20
27
10
-6
6
39
-16
-4
35
5
-11
36
24
-5
0
49
8
0
7
48
20
-14
42
48
-13
0
56
20
-35
35
52
-25
11
52
1
18
7
36
24
-2
18
64
-21
-19
84
-3
-35
50
43
-38
24
51
-13
0
28
12
-6
20
7
6
22
8
-16
39
9
-17
34
15
-27
21
33
-24
-7
38
-4
-15
17
20
-19
10
9
28
0
-19
35
-1
-16
21
8
-2
2
9
13
-21
17
10
-14
-17
31
-25
-25
14
19
-42
-15
34
-34
-35
14
-7
-29
-10
35
-29
-22
46
-22
-40
17
13
-56
11
14
-21
-18
13
-10
-3
2
-10
18
-11
2
-5
4
6
3
-21
41
0
-21
25
29
-29
14
31
-6
-2
25
8
-2
22
6
11
16
-2
26
-9
-2
22
-5
15
4
5
32
-22
9
19
-10
1
5
22
-31
24
13
-28
28
21
-30
36
2
8
26
4
28
22
1
16
21
13
-7
40
23
-23
60
38
-38
57
52
-28
24
58
-1
-11
43
39
-32
25
46
-17
2
59
-14
12
55
-11
28
33
30
-19
37
25
-5
21
11
18
-2
35
16
12
16
15
-11
13
25
-14
14
14
9
-1
14
20
-7
19
16
-4
0
28
-4
-15
20
16
-20
-6
53
-30
-15
57
-22
-9
42
2
-15
13
19
-11
-10
27
-21
-10
8
2
-22
-12
5
-2
-9
-13
7
12
-30
-2
22
-18
-14
5
25
-38
8
17
-24
1
2
-2
-11
-3
3
-23
34
-12
-12
38
-3
-36
35
12
-36
12
24
-23
3
6
9
-3
6
3
13
13
-18
28
-8
-1
10
20
-15
22
9
-1
-18
38
-27
0
36
-12
-6
37
1
-1
22
6
17
-24
24
24
-11
22
15
10
21
10
23
32
19
23
47
18
29
23
46
7
19
52
28
-6
46
20
-6
35
34
-7
28
31
17
20
44
6
27
27
17
15
5
40
12
17
23
38
-8
24
38
-8
17
34
3
-5
51
-8
-11
39
5
-14
21
31
-28
18
24
-4
1
29
6
-8
11
35
-30
7
50
-33
17
29
0
-5
21
24
6
18
35
15
4
44
7
-3
22
33
-2
-11
35
11
-26
26
31
-31
-12
43
-13
-15
20
7
-2
-3
12
1
-8
5
-18
26
-19
-15
40
-31
-10
7
11
-40
10
31
-67
29
2
-32
-11
25
-20
-24
36
-14
14
8
0
30
0
-6
38
12
-22
4
41
-34
4
12
-11
-34
13
16
-37
15
19
-5
-22
29
2
-12
-8
25
-1
-8
7
31
12
-15
56
13
13
9
21
9
-2
21
6
-2
13
15
6
1
37
3
18
29
34
15
17
35
6
18
33
15
5
39
-2
6
25
7
11
16
24
3
13
22
8
19
23
-1
39
26
-3
47
37
-22
44
22
7
22
18
15
21
3
22
32
-6
45
10
22
-3
37
-2
-13
51
-9
-32
65
-9
-36
55
-2
-33
46
27
-30
35
37
-24
23
32
-3
4
24
25
1
-12
50
-23
-23
10
13
-28
-16
22
-17
-18
12
5
-17
12
28
7
-25
18
8
-30
-13
47
-40
-4
6
-3
-54
18
-13
-29
-5
-12
-3
-30
-3
3
-10
-34
26
-8
-7
-25
10
8
-58
52
-7
-30
-14
28
-35
-2
12
-6
-23
7
-3
-32
6
-21
-8
-22
1
-14
-23
0
-1
-26
-14
28
-11
-30
43
6
-25
3
40
-35
-13
27
14
-20
-5
44
-25
-3
33
-10
-21
39
0
-6
44
-19
40
2
20
17
21
14
26
5
30
8
20
35
14
3
24
58
-34
33
42
-14
47
18
5
36
0
-4
37
5
2
28
4
6
27
-9
-1
39
19
-34
51
42
-27
27
50
4
3
63
-14
28
24
19
-9
25
6
20
16
36
-7
31
-6
-8
24
-18
0
-3
38
-42
5
35
-25
-13
32
-14
9
4
18
-23
25
19
-28
13
7
-21
-22
18
-16
0
-21
22
6
-38
-6
19
-46
-34
28
-3
-46
15
18
-40
-15
9
28
-41
11
43
-9
-28
35
24
-33
11
26
11
-30
36
15
-25
-13
12
-6
-18
-15
-17
-4
-24
-2
-23
15
-38
2
1
0
-24
9
19
-22
13
20
0
9
-16
24
-1
-37
30
-13
-39
-17
40
-76
-20
48
-61
-10
42
-29
-22
42
1
-5
11
19
17
13
-11
62
-17
-15
74
-4
1
54
16
3
54
2
23
28
10
36
8
30
29
23
10
39
31
28
16
54
0
41
13
45
35
7
44
37
-5
22
72
1
-11
66
26
-13
52
47
18
0
56
40
16
-9
93
-9
-6
65
-1
-18
35
43
-40
32
41
-7
-23
64
48
-46
19
98
-41
-48
88
-4
-33
13
81
-24
36
64
17
54
11
43
41
-31
41
44
-24
26
35
-6
17
33
43
-1
31
38
12
18
33
42
-12
25
29
-15
-5
28
-2
-14
32
-4
4
-16
17
35
-39
19
10
-12
-27
6
-12
-37
-16
-26
5
-10
17
10
6
-7
2
15
-26
5
3
-36
8
36
-37
23
37
14
-5
44
11
-41
37
-8
-25
27
6
5
6
22
-11
7
40
5
17
32
33
9
5
35
6
-24
19
-8
-39
-21
-4
-35
-14
-7
-32
68
-40
38
37
2
20
32
32
21
34
28
25
14
22
19
47
4
26
28
31
-2
44
15
31
36
39
43
33
45
16
44
32
18
28
21
-4
27
-11
35
-18
27
13
22
16
29
29
4
35
36
16
22
36
12
31
58
10
21
68
2
5
72
12
-9
43
28
-12
24
17
13
9
6
21
6
-4
35
31
1
26
36
13
-4
53
20
2
40
36
-16
42
33
-7
26
28
5
19
29
30
29
29
27
29
24
-1
26
-2
9
7
-11
17
0
-16
32
9
-47
42
0
-25
13
23
-24
-5
16
-8
-14
-3
10
11
-21
18
20
15
-17
28
23
-23
-8
18
-12
6
-33
-14
12
-53
-24
18
-12
-51
31
28
-40
12
16
1
1
23
13
-8
-4
-32
2
-37
-20
0
-60
-8
18
-58
-9
18
6
-26
60
56
-37
25
37
-10
-21
13
21
-26
4
34
5
-42
22
18
-25
12
19
22
-17
24
69
-35
63
56
32
29
20
41
0
6
-5
-22
-18
-34
-22
-27
-3
-1
-4
22
52
44
24
102
82
39
80
82
59
44
65
55
-4
19
24
-34
-15
6
5
-39
3
20
-38
-1
0
37
-4
40
53
47
22
52
36
34
96
19
2
51
-42
31
10
-11
-1
-23
11
3
-19
-35
3
-3
-30
28
26
-50
47
48
7
-6
66
21
-59
58
14
-42
-35
30
-26
-41
33
24
-44
-52
54
-55
-53
32
-24
-37
3
4
19
-47
-11
73
-58
-17
62
-24
-68
31
8
-50
-18
25
-53
-73
-25
-30
-39
-80
-39
22
-44
-15
75
-61
-44
88
9
-60
53
29
-52
18
49
-16
-34
22
19
-24
-60
9
-43
-99
-33
12
-57
-43
19
-7
-32
17
35
-13
5
17
3
-14
19
11
18
-14
25
-15
-44
0
-2
-55
32
10
-33
-23
38
-14
-19
73
21
-29
35
46
-27
-11
49
0
-7
-4
12
-26
-31
-4
24
-43
20
2
-18
0
33
4
-18
51
-2
-2
18
55
-22
0
25
27
-25
27
21
-4
-31
24
25
-36
9
28
-18
-24
30
24
-33
-9
26
-14
-35
29
12
-37
-10
28
4
-9
9
13
12
-5
-2
49
-15
-5
36
3
-1
1
15
-10
-41
5
-16
-25
8
-2
-12
1
9
-10
5
-2
7
8
7
5
-4
8
0
-4
8
-22
-2
-4
-42
-13
-7
-39
-7
-4
-10
-5
-20
-3
-9
-29
0
0
-20
-17
6
-13
-41
-2
16
-56
-22
22
-62
-45
10
-35
-36
5
3
-27
-20
-3
-36
-21
-15
-15
-24
-51
-15
-45
-64
-42
-30
-45
-71
-32
-36
-65
-51
-23
-33
-57
-19
-7
-61
-33
-8
-11
-45
6
18
-34
-6
15
3
-16
1
15
-26
-22
-6
-23
-19
-26
-12
-9
-24
-1
24
-16
8
42
-3
19
44
36
34
55
84
51
52
78
69
43
62
81
39
30
69
45
15
46
48
17
26
51
12
20
51
32
13
38
31
8
33
29
17
15
4
25
-7
-10
25
-10
-32
-10
-10
-34
-39
-32
-48
-64
-63
-59
-62
-107
-79
-70
-106
-104
-74
-108
-114
-78
-115
-130
-103
-121
-127
-113
-125
-150
-170
-180
-224
-233
-210
-145
-50
-26
-26
-52
-20
37
93
180
238
229
215
243
262
242
227
229
211
195
191
168
83
21
-15
-12
-4
-5
-41
-103
-149
-142
-112
-98
-102
-90
-97
-101
-73
-44
-63
-71
-26
-5
19
40
34
5
10
47
118
170
166
128
115
118
145
184
195
179
149
134
129
105
73
48
20
18
19
-9
-58
-103
-135
-131
-94
-85
-102
-129
-148
-150
-113
-75
-80
-72
-61
-61
-30
-32
-42
-42
-37
-21
-21
-40
-93
-125
-139
-138
-166
-166
-171
-251
-275
-264
-297
-361
-374
-382
-413
-373
-217
-116
-134
-159
-123
-52
48
165
263
285
248
282
348
377
373
364
354
333
311
304
237
141
82
66
76
61
21
-58
-145
-163
-134
-99
-104
-132
-162
-173
-157
-112
-56
-57
-88
-57
-8
6
21
41
45
48
104
168
183
126
92
87
115
160
193
211
151
84
70
80
117
104
91
53
23
5
-8
-19
-45
-52
-47
-43
-41
-77
-107
-101
-77
-36
-6
5
-46
-71
-49
-19
22
51
41
-3
-28
-26
-25
-13
-20
-36
-53
-77
-107
-158
-168
-173
-179
-180
-210
-243
-296
-320
-333
-342
-343
-388
-460
-494
-430
-298
-146
-98
-171
-185
-83
52
188
294
332
294
276
354
464
483
418
388
377
347
319
297
229
107
48
79
84
23
-110
-202
-218
-184
-124
-106
-167
-264
-314
-257
-151
-86
-95
-124
-119
-103
-53
18
56
43
45
104
167
193
151
105
91
139
201
218
190
115
74
61
93
138
118
55
-9
-18
-4
-21
-35
-41
-65
-79
-74
-63
-73
-108
-106
-47
-9
10
-7
-19
-22
-10
44
95
87
62
48
43
42
32
38
28
-1
-13
-34
-72
-113
-142
-151
-159
-175
-207
-234
-261
-292
-286
-281
-308
-361
-394
-414
-447
-445
-374
-235
-84
-73
-178
-192
-12
158
239
351
420
320
235
368
549
558
483
439
406
343
291
298
300
202
49
29
87
5
-154
-199
-138
-126
-170
-182
-200
-299
-362
-255
-100
-58
-139
-205
-185
-137
-80
28
112
82
-7
12
125
199
192
144
139
180
178
151
155
133
69
38
99
153
93
-20
-76
-37
9
19
13
-32
-115
-162
-110
-15
5
-81
-124
-80
-52
-38
10
40
-13
-32
31
102
103
59
47
44
37
53
57
26
-23
-65
-71
-63
-90
-158
-189
-189
-201
-213
-219
-254
-304
-303
-271
-252
-273
-310
-351
-382
-389
-374
-381
-415
-395
-235
-64
-84
-229
-197
25
155
230
355
405
258
190
409
630
606
490
436
394
321
316
400
401
216
32
31
104
46
-89
-125
-125
-187
-219
-176
-182
-264
-315
-243
-124
-114
-182
-206
-156
-99
-57
32
79
-3
-62
17
161
223
194
134
93
107
151
197
209
166
80
10
41
119
141
81
36
18
-2
-8
18
36
6
-38
-46
-21
-6
-41
-58
-11
5
-19
-22
8
-10
-28
14
68
59
16
8
28
27
36
48
37
-11
-53
-61
-54
-58
-88
-114
-134
-165
-196
-188
-187
-224
-237
-224
-230
-264
-268
-265
-295
-320
-314
-333
-397
-414
-365
-251
-110
-67
-183
-260
-113
78
185
274
319
223
128
239
469
565
476
370
301
260
275
353
395
287
94
-9
61
124
40
-60
-82
-119
-182
-161
-96
-140
-235
-242
-178
-118
-144
-186
-172
-140
-125
-99
-20
-4
-67
-81
6
108
110
55
25
50
90
123
152
164
118
26
11
109
178
125
52
41
45
29
68
141
125
31
-12
41
90
76
51
58
28
-34
-20
49
45
-21
-47
-16
-6
-10
19
32
-10
-50
-31
8
23
-3
-19
-16
-40
-54
-43
-36
-60
-99
-101
-115
-138
-149
-147
-156
-182
-189
-191
-209
-214
-198
-203
-238
-271
-290
-308
-332
-296
-147
-35
-102
-252
-217
-32
64
107
219
220
35
-13
223
416
362
280
251
157
87
193
360
348
180
41
30
84
105
129
146
66
-69
-105
-11
54
17
-23
-37
-85
-129
-94
-27
-23
-69
-92
-90
-92
-93
-75
-42
-15
-23
-55
-68
-56
-28
6
18
15
17
-7
-31
1
59
75
38
-2
5
9
13
80
125
74
17
23
60
79
97
113
95
39
9
38
68
44
23
10
-25
-44
-30
-12
-22
-53
-63
-61
-50
-43
-30
-30
-50
-59
-31
-6
-17
-43
-48
-39
-47
-48
-27
-21
-81
-103
-68
-50
-71
-61
-57
-86
-120
-116
-71
-80
-111
-126
-119
-141
-184
-189
-164
-187
-232
-238
-197
-167
-167
-182
-163
-132
-107
-84
-45
-1
-18
-20
54
119
118
127
142
134
101
134
194
202
178
176
157
132
148
179
182
157
147
122
93
108
138
132
110
85
65
43
49
60
60
42
25
-1
-7
17
20
6
-3
-18
-51
-49
-27
-26
-47
-60
-66
-75
-98
-94
-71
-79
-112
-122
-104
-106
-118
-103
-69
-73
-95
-75
-42
-31
-33
-8
23
13
13
41
62
71
69
75
73
69
65
69
87
87
74
64
59
61
54
71
69
46
39
27
21
29
37
17
-12
-26
-40
-50
-39
-27
-45
-91
-107
-101
-85
-67
-66
-86
-114
-138
-136
-98
-71
-90
-123
-139
-135
-139
-123
-91
-105
-142
-162
-144
-148
-156
-164
-169
-174
-186
-163
-130
-127
-132
-117
-78
-44
-32
-2
30
35
52
102
138
127
123
135
163
167
177
188
178
160
146
164
177
165
145
124
119
123
111
106
102
81
51
38
43
25
8
7
0
-22
-41
-37
-39
-64
-87
-81
-74
-92
-102
-103
-108
-107
-113
-102
-87
-87
-91
-88
-70
-54
-42
-39
-28
-18
-4
7
20
30
40
43
46
57
77
83
74
69
73
80
78
84
82
74
61
54
61
61
48
42
46
32
16
17
29
26
12
17
20
0
-19
-22
-20
-37
-36
-26
-42
-61
-78
-80
-76
-84
-103
-113
-113
-116
-126
-120
-109
-115
-124
-121
-103
-98
-94
-81
-63
-63
-64
-47
-35
-28
-19
-9
-6
-1
12
13
25
30
26
21
14
10
4
-1
-18
-32
-43
-46
-54
-61
-71
-82
-96
-96
-86
-82
-78
-78
-77
-75
-62
-49
-40
-38
-51
-50
-44
-30
-20
-9
3
5
3
2
14
28
45
47
51
50
38
52
70
76
76
70
62
56
57
63
64
54
45
39
33
30
28
26
19
10
5
2
7
10
-5
-20
-16
-14
-13
-9
-10
-11
-17
-19
-7
-2
-6
-12
-5
-2
-5
-11
-12
-2
2
-15
-21
-10
-22
-33
-24
-15
-27
-38
-36
-35
-33
-27
-14
4
2
-13
4
26
32
30
37
45
33
28
51
68
55
51
59
47
35
35
45
49
40
23
20
17
3
-7
-3
-2
-22
-30
-36
-48
-58
-64
-58
-57
-70
-78
-71
-71
-75
-78
-69
-65
-71
-79
-76
-71
-77
-80
-71
-65
-67
-75
-67
-61
-67
-59
-52
-40
-47
-51
-40
-33
-32
-36
-34
-29
-31
-26
-17
-20
-24
-22
-4
-6
-3
8
9
9
20
35
37
39
40
43
40
44
49
42
41
32
22
23
29
18
1
-3
-10
-15
-20
-22
-28
-40
-42
-44
-48
-44
-46
-50
-56
-59
-60
-58
-53
-48
-49
-43
-31
-39
-34
-18
-11
-5
6
15
14
15
32
43
37
33
33
27
30
37
34
29
24
19
14
18
24
14
-5
-7
-7
0
9
5
4
-1
-3
-2
6
13
19
16
5
-1
5
15
18
12
3
4
7
0
-1
9
0
-11
-21
-17
-15
-23
-25
-19
-17
-28
-31
-30
-33
-40
-39
-36
-38
-50
-60
-54
-37
-41
-46
-38
-39
-41
-29
-12
-16
-22
-21
-15
-11
-9
3
10
-1
3
12
10
6
9
11
4
2
4
11
9
-1
-6
-12
-19
-23
-23
-17
-20
-29
-36
-38
-36
-47
-36
-22
-27
-37
-36
-27
-28
-22
-11
-8
-18
-20
-10
2
9
4
3
3
-3
-6
7
11
1
-13
-14
-8
-12
-15
-13
-17
-34
-43
-33
-29
-30
-33
-29
-35
-37
-29
-22
-16
-22
-20
-15
-8
1
4
6
6
7
13
25
25
23
17
7
13
18
19
19
14
11
-2
-8
-7
7
7
-8
-8
-18
-30
-29
-19
-9
-16
-27
-36
-34
-30
-22
-11
-7
-9
-15
-13
-10
1
4
7
12
14
11
9
20
28
31
25
22
14
8
9
13
14
6
-7
-17
-20
-13
-12
-15
-25
-25
-33
-38
-33
-25
-25
-29
-25
-25
-20
-19
-16
-14
-13
-16
-6
4
2
3
9
12
14
10
15
23
20
22
21
17
14
10
15
14
6
-4
-3
2
-5
-9
-12
-13
-17
-23
-14
-12
-21
-26
-24
-18
-18
-23
-21
-24
-26
-28
-22
-15
-19
-26
-26
-24
-21
-15
-15
-17
-30
-32
-19
-7
-2
-10
-18
-19
-16
-8
7
11
-1
-4
-7
-2
4
15
13
5
4
6
3
7
12
9
8
4
3
0
3
2
10
15
10
4
0
6
10
8
11
14
7
2
0
5
6
1
-1
2
1
-6
-12
-12
-11
-12
-9
-6
-12
-17
-22
-19
-16
-12
-6
-6
-17
-22
-15
-4
2
6
8
8
3
5
15
21
19
13
20
22
24
24
22
19
23
22
24
26
19
12
6
12
9
3
7
4
-9
-15
-6
-2
-1
-4
-10
-13
-10
-7
3
2
7
2
-1
-4
-3
7
5
7
7
6
4
4
3
11
17
23
28
30
23
21
25
27
32
34
30
24
18
16
24
24
21
21
18
7
-1
0
6
7
7
-1
-7
-16
-21
-10
-2
0
-6
-9
-13
-12
-8
5
6
6
-2
-6
-7
-8
-7
-6
-6
-18
-24
-26
-27
-30
-29
-27
-33
-37
-33
-27
-24
-35
-28
-27
-31
-29
-24
-17
-27
-26
-22
-16
-14
-18
-14
-11
-11
-7
6
14
5
7
13
7
8
18
25
26
10
3
6
6
3
1
-1
-6
-17
-20
-18
-18
-24
-18
-18
-15
-20
-23
-15
-20
-18
-10
-5
-4
-10
-7
4
12
14
19
20
28
28
29
37
34
28
32
40
40
33
29
28
28
27
23
26
17
8
2
6
12
7
-5
-8
-19
-20
-14
-8
-6
-10
-9
-9
-6
-1
4
4
2
7
10
18
18
19
18
18
23
25
23
16
19
21
17
16
17
16
9
7
7
9
7
-2
-7
-6
-10
-11
-5
-7
-15
-18
-11
-10
-18
-17
-9
-7
-12
-7
4
0
-1
4
10
12
11
18
21
23
17
13
16
19
16
15
14
8
-2
-7
-2
-6
-5
-8
-14
-16
-19
-18
-15
-18
-17
-15
-16
-12
-8
-3
8
10
8
14
20
18
8
11
13
13
21
23
11
8
1
0
5
7
8
-7
-12
-15
-15
-14
-7
-6
-11
-13
-17
-16
-7
-4
0
3
-1
-3
-3
8
12
12
12
8
4
7
9
19
20
12
2
3
9
6
7
11
3
-4
-2
-6
-4
1
-1
-4
-11
-8
-11
-6
3
-2
-4
2
1
-1
7
15
19
14
18
19
15
16
25
27
19
15
12
20
15
19
24
19
17
13
13
18
17
16
20
16
13
12
17
21
20
15
12
9
9
8
14
18
18
18
16
17
21
24
27
28
30
27
35
31
28
28
27
27
20
19
18
12
4
7
8
5
0
4
-2
-7
-7
-5
-4
-4
-4
-4
-2
-1
-6
-8
-1
3
0
-3
-3
-4
-5
-5
0
0
-12
-13
-8
-8
-7
-3
0
-10
-9
-6
-2
-2
-8
-10
-13
-18
-23
-14
-10
-2
-3
-2
-7
-9
-2
-1
2
1
5
5
7
5
4
8
9
11
5
3
-1
-6
-12
-11
-11
-15
-20
-22
-23
-19
-19
-25
-22
-23
-27
-25
-23
-21
-25
-28
-19
-16
-19
-17
-14
-17
-10
1
10
15
15
14
23
30
34
40
44
38
36
41
42
43
38
36
36
33
34
31
26
23
18
10
14
16
5
9
10
13
5
2
8
6
0
1
5
5
-1
-5
0
0
6
7
7
7
3
0
7
14
10
3
8
6
1
2
4
6
6
5
0
-3
-3
6
8
7
5
8
7
6
13
14
14
7
6
6
11
9
4
8
6
5
12
19
17
12
9
15
14
17
22
17
13
9
10
7
4
-2
-4
-11
-14
-16
-17
-26
-23
-19
-19
-20
-22
-19
-22
-25
-19
-10
-15
-15
-14
-13
-4
-2
3
8
3
1
3
9
9
11
11
7
8
7
6
12
11
6
5
6
3
0
4
0
-6
-5
-4
-8
-10
-16
-12
-11
-15
-11
-15
-11
-14
-10
-2
7
5
0
4
3
7
10
16
22
15
8
8
12
11
3
8
3
-4
-4
-6
-4
-8
-7
-9
-11
-9
-4
-9
-5
0
3
5
7
0
-1
5
2
10
14
15
15
14
17
26
28
34
33
24
23
25
25
25
25
18
12
11
10
11
7
2
5
-3
-2
-3
-3
-4
-8
-9
-5
-2
-5
1
5
1
2
9
16
18
21
21
25
24
26
29
33
31
33
35
31
33
32
33
31
24
21
27
27
25
28
27
21
18
21
20
16
13
15
14
6
3
7
3
1
1
0
3
4
0
-4
-2
0
1
3
1
-7
-5
-4
-5
-6
0
0
-1
-2
-2
0
-2
-1
1
2
4
3
6
5
5
5
7
11
7
5
2
0
2
2
6
4
5
0
2
3
5
8
0
1
4
3
7
8
7
0
-6
-3
1
3
-3
-4
-5
-2
-3
-3
-6
0
2
1
3
12
12
35
42
6
-22
-23
-30
-45
-15
13
12
8
25
13
3
10
27
21
34
49
50
42
43
50
34
52
82
62
19
5
-4
-46
-54
-27
-17
-23
12
55
96
89
82
63
33
2
1
-3
2
10
22
12
8
11
-12
-31
-8
15
3
7
25
21
-2
0
16
17
15
32
31
47
38
11
-14
-19
-38
-23
-14
1
-28
3
29
14
-17
-7
-9
-20
19
34
31
24
43
17
4
12
10
-15
-11
3
-1
-35
-31
-39
-65
-71
2
68
78
94
161
143
96
105
118
56
51
90
53
-22
-24
-9
-64
-83
-44
-56
-93
-57
-24
-66
-50
34
8
-27
20
47
6
35
73
61
26
61
57
24
-5
56
17
-20
13
13
-44
-44
-1
-31
-89
-5
-5
-49
-1
-8
-20
-11
-12
-30
-7
-9
4
12
30
-7
1
31
9
-10
32
25
3
-11
2
16
-20
-7
48
-24
-4
31
28
16
33
39
15
-10
22
33
-14
-3
64
2
32
47
-31
-4
14
-10
-21
22
-7
3
-26
12
16
-36
58
-5
-4
30
25
-3
23
12
-39
-1
11
-17
-10
20
-25
22
-1
38
9
-9
51
-10
32
57
37
-16
49
51
-17
33
78
26
-13
64
84
-1
37
62
40
35
66
37
75
39
30
31
44
0
-13
36
35
-7
41
40
0
17
7
29
5
-11
21
21
-46
20
46
-57
-28
70
-40
-13
52
0
-36
17
50
-62
18
67
-53
23
64
-10
2
59
-26
33
-11
10
20
-6
20
-1
26
-3
25
-9
-13
58
5
-41
79
19
-55
26
52
-21
25
50
40
-4
47
24
3
40
-14
2
51
-32
42
33
-22
-24
39
13
-72
53
51
-74
-16
58
-37
-19
32
25
-24
-19
28
26
-74
25
21
-31
7
36
-16
15
-7
54
2
-1
38
42
-25
-16
69
-42
0
66
17
-16
39
-4
-3
22
23
-5
71
9
-36
76
24
-8
38
75
31
-8
45
26
14
-22
23
61
-43
-6
54
-17
-4
16
52
-14
7
30
41
-37
61
22
0
33
49
63
-52
95
-5
21
-4
55
-3
16
22
1
39
1
8
13
13
-11
36
3
16
49
-14
30
8
14
35
-11
5
42
24
-33
20
57
-21
-38
71
50
-78
-8
88
-44
-86
117
42
-121
51
110
-97
-5
117
-38
-30
71
27
-15
23
-7
68
-11
13
45
55
-47
-8
105
-20
-42
120
-18
-7
26
1
25
-23
35
-15
22
0
-3
2
-19
-21
63
-31
-47
18
34
-76
-13
87
-8
-124
78
66
-126
13
94
-27
-49
47
51
-49
-40
84
26
-88
64
47
-45
-19
49
9
-48
36
32
-4
-31
54
5
-24
34
37
2
29
-22
50
36
-2
0
92
-11
-32
76
72
-72
54
74
-43
1
44
6
-45
36
3
23
-40
82
-33
-38
37
-5
-26
29
-6
-14
-32
7
-9
-73
-13
-5
-28
-37
47
-40
-48
52
6
-81
109
-1
-54
55
31
4
-25
114
23
-66
120
28
-55
57
55
-45
51
56
9
-12
44
19
35
32
8
41
22
5
5
72
-29
-50
87
13
-84
17
74
-57
-55
73
33
-61
3
75
-34
-19
28
45
-34
23
84
-38
12
27
-16
-2
8
-39
6
14
-29
-17
65
-79
-11
89
-18
-77
36
51
-103
6
85
-30
-33
56
32
-12
-28
95
-57
26
50
-37
17
12
-2
-25
55
-35
9
32
6
-32
23
81
-82
-15
126
-43
-85
77
24
-48
-36
29
38
-70
-68
85
-6
-115
-17
88
-112
-55
78
-8
-92
17
51
-80
5
67
-92
6
54
-92
29
25
-63
35
35
-83
50
24
-46
15
24
-29
1
67
-71
32
70
-54
0
83
-51
-20
19
-11
-1
-14
-11
0
36
-64
0
85
-80
-15
88
-27
-52
53
20
-70
31
69
-71
23
30
-17
-20
45
-3
-38
36
1
-18
42
-12
-14
50
-18
12
29
5
-8
26
-22
7
10
-10
-22
22
23
-38
-17
18
14
-64
35
30
-25
-9
-2
75
-84
2
85
-14
-79
60
100
-125
6
108
-71
-75
120
-19
-44
40
18
-10
-2
46
-4
7
34
19
-5
22
51
-36
-9
95
-30
-56
95
-14
-48
51
66
-37
-11
102
-36
-10
67
16
-26
4
63
-56
14
43
-6
-22
30
35
-53
11
35
-64
23
1
-5
7
-49
42
-20
-21
-18
38
-34
-3
-21
40
-17
-48
32
23
-27
-31
59
-11
-74
37
47
-119
89
-12
-115
105
-23
-113
83
-26
-54
15
-18
-16
0
-33
-22
25
-7
-47
62
20
-61
25
48
-26
-1
11
5
-17
-39
19
29
-68
-5
62
-31
-60
80
2
-120
35
6
-19
-76
30
38
-140
-6
81
-88
-114
118
-55
-112
92
-3
-94
-11
96
-92
-10
49
-16
-73
27
20
-4
-50
29
16
-52
9
21
-12
-8
-13
37
-40
16
-6
-46
59
-53
-20
41
10
-60
9
34
-29
-31
72
-35
-27
58
-11
-45
43
39
-75
35
71
-75
1
74
-55
-26
94
-47
-33
53
-12
-75
66
28
-112
18
45
-54
-100
111
-30
-85
15
61
-63
-91
53
34
-114
-4
70
-60
-71
76
-40
-11
-35
36
27
-50
16
31
12
-89
62
19
-28
-25
28
32
-63
-33
86
-62
-56
60
31
-99
21
87
-80
-43
84
-23
-72
29
60
-54
-63
99
3
-108
75
44
-88
-1
64
-12
-87
59
40
-73
8
43
-60
-11
-24
10
-6
-20
-47
53
-48
-52
17
15
-47
-52
25
26
-95
-25
90
-104
-15
13
23
-66
-11
27
-1
-69
23
35
-67
-37
85
-71
-54
68
-34
-59
25
-3
6
-36
7
8
-40
12
-27
54
-31
-35
28
18
-66
-17
90
-54
-63
107
-33
-81
46
42
-25
-76
64
62
-128
-17
82
-27
-140
77
48
-119
-39
101
-23
-123
56
43
-99
12
6
-8
10
-96
20
45
-105
-49
119
-84
-95
60
30
-123
-10
97
-88
-54
64
-3
-69
-2
55
-30
-38
59
-1
-32
8
15
30
-22
-48
95
-14
-71
60
36
-80
15
45
-34
-29
-4
16
-17
-30
-12
46
-42
-62
72
23
-135
92
58
-118
6
62
-21
-53
-13
76
-94
-70
97
-45
-93
35
49
-79
-25
43
-39
-42
14
-20
-40
24
-48
10
5
-73
9
26
-56
-64
95
-74
-60
40
6
-80
7
68
-64
-4
13
6
-47
7
28
-34
17
-3
-33
21
-37
-37
32
-19
-67
33
-10
-78
-13
-1
-67
-30
-1
-53
-17
-37
-44
-21
-32
-13
-54
10
-17
-53
-11
36
-92
-13
58
-61
-50
61
3
-89
25
52
-57
-63
58
8
-97
-1
80
-95
-59
108
-22
-126
116
13
-113
47
75
-92
-31
91
-20
-48
50
-10
-1
-30
14
33
-49
-8
49
-26
7
6
-31
16
-10
-17
38
-22
-25
26
-35
10
12
-26
27
-31
-3
14
-30
-25
14
-6
-47
15
-1
-65
15
7
-57
30
32
-59
22
68
-64
63
25
-20
-2
34
10
-14
24
12
-22
2
27
4
-6
15
37
-18
18
1
6
-7
-29
27
12
-53
-5
56
-87
-35
88
-64
-36
62
-30
-52
35
-18
-41
48
-53
17
-17
-39
-44
22
-50
-12
-15
1
-37
-20
-8
-33
19
-40
23
-7
-42
16
-27
-9
-22
14
17
-66
12
20
-62
-45
21
3
-78
-16
60
-96
-24
12
-18
-28
-16
7
-3
-45
1
30
-30
-35
50
-7
-62
21
-6
-18
-33
-6
-12
-23
-58
-7
-8
-44
-30
12
-8
-70
20
-3
-28
-22
15
-21
-40
-24
13
-35
-33
17
-7
-22
-7
6
-18
-14
38
-36
-15
31
-29
-33
19
2
-25
-39
62
-45
-50
42
-7
-82
43
21
-104
36
28
-86
2
51
-81
10
13
-33
9
-11
-20
1
-10
6
-11
-3
10
9
-35
26
41
-47
13
81
-9
-51
75
11
-49
3
69
-29
-25
21
34
-36
-23
27
35
-36
-15
62
-11
-19
-22
88
3
-57
77
78
-64
16
46
16
-30
0
34
1
-51
10
53
-106
-11
95
-73
-70
92
2
-131
64
31
-82
-27
56
-12
-67
13
43
-91
-43
86
-57
-99
81
29
-127
-25
113
-79
-88
75
61
-90
-47
92
21
-93
-30
120
-49
-53
16
47
-34
-70
75
9
-36
-19
36
7
-82
37
54
-110
0
96
-87
-58
93
-26
-54
-5
34
0
-81
21
44
-46
-18
50
-5
-23
5
34
-15
-5
-11
49
-48
-19
42
-22
-27
-34
34
-10
-70
14
58
-75
-27
65
10
-46
19
65
-2
-51
54
26
-38
-36
36
-2
-52
42
21
-64
20
12
-33
17
-7
5
17
-24
-13
33
-17
-64
20
56
-111
-3
46
-41
-95
50
-1
-71
-4
66
-57
-46
88
-16
-49
33
27
-5
-26
4
77
-41
-31
79
23
-34
17
41
14
-23
19
7
23
-28
11
17
14
-39
36
20
-66
43
9
-36
-11
26
-3
-73
28
50
-51
4
5
43
-32
-51
60
-2
-72
39
9
-39
-61
36
-29
-47
-21
28
-11
-81
43
38
-115
14
72
-62
-27
27
26
-61
-39
38
-9
-70
-16
41
-52
-37
1
6
-38
-18
13
15
-41
-13
57
-74
23
8
-19
-30
36
-24
-30
2
-11
-17
-18
13
-3
-28
-13
-22
5
-69
-20
47
-78
-23
49
-40
-71
51
-22
-30
-13
47
-6
-30
2
66
-67
-23
65
-8
-83
53
49
-59
-30
54
17
-71
15
64
-19
-58
66
-4
-49
-15
69
-41
-28
43
-19
-17
-6
14
3
-14
7
64
-58
16
50
-54
6
55
-17
-38
57
10
-65
21
47
-43
-39
83
-5
-58
60
3
-2
-23
25
36
-17
-9
29
19
4
-33
65
8
-30
23
32
-25
-12
16
5
-17
-13
44
-1
19
-35
64
1
-71
49
43
-56
10
46
-2
-31
7
23
-34
-4
22
-26
-7
14
-37
-15
39
-22
-45
67
4
-46
-14
49
-51
-27
27
-9
-18
-23
-10
-1
-44
1
-11
-38
36
-44
-26
55
-18
-54
28
26
-41
-50
75
-13
-94
54
33
-83
-32
77
-32
-65
21
42
-88
-26
54
-46
-29
24
-9
-29
20
-30
-5
1
-33
-14
49
-42
-15
37
-13
-33
25
6
-40
29
24
-47
7
37
-54
15
35
-18
-13
11
6
-28
3
-30
35
-15
-42
15
28
-36
-33
34
9
-49
12
44
-37
-5
48
-39
15
9
-25
6
8
-29
-9
9
-17
-19
-8
19
-13
3
4
1
4
4
2
33
-54
25
31
-38
-20
58
22
-75
34
63
-83
22
41
7
11
-7
40
18
13
-36
49
47
-48
-9
85
-27
-60
27
83
-98
-5
80
-10
-48
22
38
-26
-44
42
45
-41
-22
34
28
-95
34
70
-30
-67
67
46
-96
15
91
-47
-14
41
-14
11
6
-39
34
37
-77
12
52
-53
-49
59
-28
-56
39
-1
-34
11
30
-23
-2
64
-36
-18
35
32
-59
15
57
-29
-51
68
-3
-51
34
1
-1
-28
12
25
-43
-19
67
-56
-43
43
-28
-62
38
-11
-40
23
-38
-12
22
-46
-8
33
-19
-45
25
-8
-35
-12
28
-10
-10
17
10
-11
12
2
-11
13
4
-11
10
43
-46
5
36
-29
4
26
21
-26
30
-12
-27
10
15
-28
-3
15
12
-44
1
51
-39
1
57
23
-24
27
3
-2
5
-33
12
13
-62
-14
18
-61
-38
26
-11
-60
30
43
-59
1
45
-26
-11
31
38
-27
-5
36
2
-23
-10
28
-6
-10
5
-6
-4
-18
-38
14
6
-29
-7
25
-16
-28
22
24
-33
45
31
-30
38
40
-9
0
40
-9
-1
10
-12
7
-20
-14
-14
-20
-29
4
-9
-18
-21
13
-34
-45
30
4
-60
32
51
-47
-11
42
-7
-44
17
0
-1
-27
-26
-17
0
-60
-43
61
-35
-79
41
32
-72
-8
48
0
-68
49
63
-79
-35
72
-26
-101
64
19
-90
-12
33
-42
-45
8
13
-18
-25
38
-11
-16
-2
1
1
-21
-9
12
28
-44
-19
64
-23
-60
71
44
-87
15
92
-44
-45
73
26
-79
19
50
-51
-26
26
-1
-41
8
32
-23
-9
19
17
-26
4
28
6
-46
-3
28
-13
-33
14
25
-24
-5
41
36
-26
11
28
8
-22
6
24
-21
-27
19
-12
-21
11
-14
-7
-10
-12
-1
-28
7
-4
-11
-7
17
7
-6
1
31
8
-9
29
42
-20
5
46
-12
-4
22
-7
-15
24
5
-4
9
14
-10
24
-20
16
16
-13
1
2
17
-11
-21
21
14
-31
35
36
-10
-2
52
-12
-7
47
20
-32
29
23
5
-5
6
15
-19
-27
31
-27
-27
9
-6
-14
-21
4
-12
3
-27
-3
15
-14
-7
14
-10
-8
4
10
-5
7
-9
12
-12
-13
24
6
-38
30
42
-54
-16
47
-34
-44
37
16
-33
-22
46
-15
-34
-15
62
-26
-28
69
33
-50
12
40
-17
-4
30
16
26
-3
-38
41
-2
-69
30
59
-64
1
48
-32
-21
25
11
-16
6
30
12
-25
15
35
-59
-4
29
6
-9
36
11
-36
17
20
-28
24
30
-14
6
21
23
-9
12
62
25
-6
31
41
-11
-17
33
13
-8
-41
31
7
-55
-13
48
-25
-33
54
5
-27
30
25
2
-12
29
48
-1
-11
58
35
-28
-9
63
7
-53
30
23
-31
-51
24
12
-54
-4
45
-39
-26
24
-4
-34
31
44
-6
9
46
42
-4
21
61
25
-23
14
38
-4
-54
22
17
-37
-29
18
15
-31
-28
41
19
-47
21
68
-31
-1
68
3
-24
21
9
-17
-12
20
7
-16
13
-5
-27
-5
-20
-11
10
-16
-32
16
-2
-57
-26
20
-9
-19
15
-15
-16
-9
-29
-44
6
-10
-33
26
17
-42
-7
26
-9
-21
24
42
-22
-6
48
2
-25
31
33
-10
-23
46
5
-41
2
-5
-7
-25
6
20
-10
-9
10
2
-17
-2
9
27
7
2
35
29
-24
-2
54
-6
-31
33
27
-38
9
6
-18
-17
-2
18
-7
-9
12
10
-18
-12
2
13
-14
6
25
-18
-20
12
2
-24
13
20
9
-3
11
22
10
-11
37
34
-6
30
56
5
13
44
8
32
57
7
30
45
13
-5
3
36
-12
-13
28
12
-18
10
8
-5
-19
20
36
5
15
46
20
-11
20
50
23
-15
52
43
-30
-8
39
-9
-44
10
20
-17
-21
4
13
-6
-28
19
25
-19
3
49
-8
-17
27
22
-10
11
39
-1
-12
38
12
-22
10
12
2
-10
-20
15
9
-31
-10
16
-11
-39
-1
32
-15
-34
34
38
-36
17
51
-5
9
29
30
-2
7
39
4
-11
25
-5
7
7
15
11
11
21
16
8
14
16
7
17
-5
14
25
-12
-15
30
22
-21
25
26
-1
17
15
8
11
1
11
11
0
-3
7
3
-7
0
-8
-27
-21
-7
-32
-20
-9
7
-1
-1
14
30
13
13
37
41
5
25
40
3
-6
26
48
-5
-16
43
31
-32
8
53
10
-32
33
43
-15
-16
45
20
-23
11
31
0
-9
15
-3
37
-6
-12
35
19
-19
3
60
-8
-6
46
32
-34
24
61
-20
3
58
0
-5
34
24
-3
15
39
8
18
36
14
3
30
-3
-2
29
15
-3
15
36
6
-3
46
26
5
35
27
16
20
18
12
10
11
-4
11
31
8
-2
19
22
-2
4
19
12
-3
21
6
3
21
-5
3
27
8
2
14
11
-11
-2
13
12
0
2
18
15
14
19
40
21
20
26
44
18
15
34
6
-6
11
27
4
0
34
0
6
15
20
12
15
30
30
19
17
22
4
15
7
11
20
22
4
17
13
-20
9
6
-16
5
15
0
-8
17
10
2
17
26
11
8
15
25
9
6
15
9
19
13
2
29
20
-15
3
36
-4
-20
33
14
-17
21
28
11
7
10
22
20
19
21
33
21
12
18
28
20
16
35
53
9
20
61
14
-7
33
35
-4
-7
23
3
-26
-9
23
18
-20
26
43
-7
6
37
22
6
21
34
24
5
27
31
14
8
25
19
7
21
30
27
14
22
32
15
8
31
29
4
20
38
-5
3
41
4
-4
27
30
5
-1
17
8
-1
11
23
16
19
9
15
20
8
12
26
12
-4
11
3
2
9
14
16
15
15
18
13
3
11
15
17
8
22
12
4
10
10
3
10
14
19
22
11
11
24
20
10
34
29
17
15
19
15
1
5
14
12
4
16
15
7
2
12
12
2
2
20
24
-3
6
36
7
-4
11
26
14
0
22
19
-5
-9
10
4
-9
-3
14
4
-7
-3
10
-2
-2
14
20
11
15
16
19
9
9
27
16
9
10
17
7
-6
0
7
6
1
4
11
-5
-13
1
2
-20
1
18
-13
-15
6
8
-3
8
27
10
0
13
23
8
0
13
18
-3
-2
19
22
-5
-5
19
13
-4
6
27
5
-6
9
23
-2
3
23
3
-4
13
13
6
0
8
11
-8
-1
12
7
-11
0
14
-2
-10
-9
12
-5
-26
5
27
-14
-18
21
10
-14
4
30
13
-1
12
11
-4
-3
8
8
7
2
12
16
-8
-10
12
1
-14
6
20
0
-14
11
1
-23
-7
11
5
-15
5
17
-9
-13
1
2
-10
-2
3
-6
-8
-9
-10
-5
-17
-9
-3
-13
-13
-5
-4
-20
-14
1
-9
-24
-6
2
-17
-21
11
4
-17
2
9
-8
-10
10
5
-11
-3
5
5
-3
0
6
-2
-4
1
3
4
-4
5
11
-1
0
11
4
2
9
11
2
1
6
12
-2
3
12
2
-3
-3
4
-2
3
6
8
6
2
7
10
2
-1
8
2
-7
-1
1
-4
-7
-10
0
-6
-9
-1
6
-1
-4
1
4
4
3
12
8
1
3
7
8
5
8
10
5
4
9
13
3
4
13
16
8
9
12
6
2
4
11
3
-1
3
1
-13
-10
-8
-10
-10
-9
-4
-8
-10
-5
-3
-12
-5
2
4
-6
-1
10
-5
-11
4
2
-6
1
11
-1
-8
-1
-5
-6
4
8
5
2
0
3
-3
-5
5
9
-1
2
17
9
2
14
14
1
7
15
14
3
2
8
7
2
-1
5
-1
-5
3
0
-9
-4
1
-4
-5
0
7
0
7
9
8
2
6
16
1
4
12
9
6
4
11
6
2
4
8
6
7
8
7
2
10
4
3
11
14
18
10
13
13
4
3
4
6
5
3
5
7
1
9
8
1
5
5
1
-1
1
1
-6
-1
2
-1
1
-2
-1
-3
-6
-3
-4
1
1
4
1
2
6
5
0
4
7
2
2
4
9
3
0
5
13
4
5
16
12
11
14
21
17
19
20
17
15
10
22
18
12
20
19
12
19
17
11
12
21
20
17
17
21
18
12
9
13
11
5
13
12
-1
0
13
8
0
6
16
7
3
17
22
14
16
21
22
17
13
12
13
4
6
11
3
3
11
7
2
9
11
5
9
18
20
18
24
23
22
22
20
28
22
17
23
19
12
16
17
11
6
13
10
5
11
15
8
4
9
10
5
3
10
5
4
2
6
12
4
13
13
10
8
10
13
2
6
15
6
8
7
2
6
2
7
11
2
7
14
5
9
19
13
10
19
18
17
24
21
22
19
16
18
13
10
21
23
14
13
17
10
13
16
12
16
15
13
15
10
8
4
5
6
8
7
7
11
11
10
12
9
7
16
18
16
16
15
13
13
16
13
19
16
10
18
16
9
10
6
11
12
16
12
16
17
11
11
14
17
8
10
16
9
3
8
8
9
14
19
15
13
20
18
19
17
16
22
20
16
16
13
13
13
15
18
11
13
13
12
10
10
9
10
12
13
13
9
7
13
15
12
12
17
11
4
10
10
7
2
8
4
1
7
3
-1
8
5
-1
2
3
11
14
14
12
20
14
8
18
22
19
21
22
22
17
14
18
17
15
15
14
9
10
9
9
8
4
17
15
8
17
23
11
9
17
12
5
8
12
9
6
11
11
8
8
6
7
3
6
12
9
2
4
7
2
-1
5
6
-1
6
1
1
1
8
7
4
9
0
7
7
5
7
10
3
6
11
7
10
9
15
14
15
14
14
15
15
16
15
13
15
15
16
15
14
12
12
18
14
13
13
18
13
11
19
18
11
14
18
14
11
8
10
11
13
7
12
12
11
11
9
7
8
4
6
10
14
9
8
12
10
12
15
9
10
7
13
7
4
11
6
7
7
11
12
13
10
15
15
14
12
11
5
-2
8
7
6
7
8
3
4
9
11
9
9
8
6
4
-2
12
12
4
9
12
7
9
9
10
13
9
8
3
6
10
10
9
7
8
12
11
11
14
9
13
17
12
12
14
18
16
11
13
14
16
19
21
21
19
15
17
20
18
15
13
19
16
20
20
16
17
16
17
14
15
17
12
16
14
13
16
15
17
13
10
12
10
12
17
14
13
12
9
7
12
6
6
6
3
4
6
9
8
15
8
4
10
9
8
4
2
3
9
1
8
8
1
11
12
12
13
15
14
14
14
15
11
10
12
12
7
10
9
11
10
5
6
7
5
3
5
6
6
6
7
4
10
13
14
15
5
11
15
8
9
10
12
10
8
8
7
9
11
8
6
9
8
10
11
8
9
7
7
6
7
12
9
6
13
12
10
8
15
9
6
12
7
8
10
12
13
8
6
11
11
10
5
8
8
6
9
16
12
13
17
19
16
15
24
7
10
12
13
10
13
15
7
7
6
14
7
10
13
14
6
9
14
10
14
9
11
8
7
4
5
4
1
5
1
-1
0
3
1
-2
2
-2
-3
1
2
3
-1
0
-2
-5
-8
1
2
-2
2
6
1
1
3
3
3
0
0
-5
-11
-7
-1
-5
-10
0
-2
-6
-5
-3
-3
-7
-7
-8
-12
-13
-6
-10
-10
-8
-2
-5
-1
-1
0
4
2
5
6
2
2
1
0
4
5
5
2
0
5
4
0
-2
-1
-2
-4
-3
-7
-4
-3
0
1
-3
-1
2
1
4
6
4
4
11
12
12
5
5
9
4
7
8
9
2
4
6
2
-1
1
-1
-4
0
-2
-3
-3
3
1
5
2
2
7
-4
-1
-1
-8
-7
-6
-7
-5
-7
-8
-8
-5
-11
-14
-14
-8
-12
-10
-9
-5
-5
-3
1
0
6
5
4
3
3
4
4
4
5
8
9
7
13
5
-1
7
8
6
5
5
5
3
6
4
2
5
3
5
2
2
1
0
4
4
7
1
1
0
0
-3
-2
0
-2
0
0
1
-1
