-3
-2
2
8
6
14
13
12
18
10
14
17
14
14
15
17
22
25
27
30
33
31
31
30
29
31
30
29
33
30
33
29
30
28
30
36
30
33
33
35
35
33
35
31
27
28
29
31
32
31
33
29
32
29
33
35
28
32
32
33
30
31
33
32
36
33
35
36
39
43
38
38
41
37
43
43
41
37
36
36
37
33
38
37
34
41
36
34
35
29
31
31
28
30
27
30
34
32
29
33
30
29
30
32
36
33
31
27
30
31
27
28
23
22
21
17
17
14
15
16
19
19
17
18
16
17
18
18
16
15
16
10
7
6
10
9
3
7
9
10
9
13
10
11
9
5
7
9
8
5
4
0
5
5
7
9
13
20
14
10
6
6
10
14
7
3
8
11
12
14
12
8
15
17
17
16
15
21
17
19
19
18
15
15
17
15
20
17
15
20
16
15
17
11
12
13
13
12
11
13
9
12
18
16
15
15
16
14
10
11
9
14
14
15
17
17
17
20
21
21
21
20
21
24
21
21
24
23
22
22
22
21
29
25
26
26
25
27
30
30
28
28
27
28
31
27
26
28
26
22
24
25
29
32
30
28
28
28
26
27
23
22
26
23
18
22
20
18
13
15
15
18
19
14
15
16
12
9
11
10
7
6
5
7
6
5
5
6
5
5
7
8
7
7
6
5
-1
5
3
0
0
-2
0
-1
-4
-5
-7
-3
-7
-8
-5
-8
-4
-1
2
1
3
1
2
5
6
5
3
4
4
8
6
6
7
5
7
6
8
6
5
4
7
8
9
7
8
12
13
9
11
15
18
20
16
20
21
25
23
21
26
29
30
29
26
27
27
28
27
28
34
29
30
28
31
27
27
31
31
33
32
33
34
35
36
34
33
30
31
35
32
33
33
31
28
29
29
27
29
28
28
30
27
29
29
32
31
29
29
34
40
39
38
44
41
42
42
38
40
41
38
35
36
35
35
35
40
34
37
39
34
35
35
35
30
31
30
32
28
28
25
26
28
22
27
25
25
22
20
19
23
23
26
19
19
21
16
20
17
17
13
12
9
7
7
4
4
4
2
5
5
-1
-1
2
3
-2
0
6
2
-1
2
4
-1
0
2
3
3
-2
5
6
0
3
2
1
3
-1
1
2
0
0
-1
7
5
4
2
4
5
3
7
4
5
7
8
6
6
7
8
12
10
7
12
10
10
11
12
15
10
10
10
11
12
8
8
6
6
8
5
6
6
7
9
13
12
10
8
8
13
11
15
15
17
14
14
14
13
14
13
17
13
14
11
15
13
14
17
13
15
18
23
22
23
25
24
27
25
24
22
28
26
25
25
31
30
31
32
30
29
30
34
36
30
27
34
30
33
33
34
34
32
38
38
38
39
35
36
36
33
33
34
35
40
36
38
40
38
39
36
37
39
36
38
39
41
39
34
34
35
35
35
33
32
27
29
29
26
23
17
16
19
18
16
13
11
11
8
6
9
13
13
13
16
11
11
14
11
11
9
7
3
4
5
4
5
5
0
-1
2
-1
3
6
3
5
7
5
9
3
5
8
9
7
5
5
4
5
2
8
3
2
3
2
1
1
0
0
2
2
2
3
6
6
6
8
7
4
6
9
11
9
8
7
6
7
7
2
2
0
1
1
-3
-1
0
-2
-2
-1
-3
-3
-1
-5
2
1
6
10
12
11
3
7
5
6
9
10
12
10
14
14
16
15
17
20
22
26
28
28
31
33
26
29
30
30
29
27
34
30
33
35
35
28
30
29
31
30
32
31
30
31
33
32
30
33
31
30
28
26
30
26
24
28
24
24
21
24
21
19
21
23
20
21
20
13
13
16
17
17
17
17
19
19
16
22
19
16
23
18
19
17
20
17
13
10
15
14
15
16
14
11
14
14
12
11
9
14
14
14
12
12
13
14
12
11
11
13
8
7
7
1
9
9
7
6
4
7
4
1
1
3
1
0
-3
-2
-1
0
-2
-1
-2
-2
-5
-5
-2
-4
0
-2
-3
-2
1
2
-1
-6
-4
-1
-4
-8
-4
-5
-3
-4
1
1
-1
7
8
8
10
9
8
7
6
14
11
13
12
11
11
9
9
5
8
9
12
12
10
15
11
14
8
9
11
6
8
11
8
7
12
14
10
13
13
17
16
19
24
19
19
21
22
20
26
24
27
29
28
28
31
33
37
33
32
34
33
33
32
29
30
25
20
29
24
25
26
26
24
22
24
23
19
20
22
16
10
9
11
13
18
15
10
10
7
12
8
9
11
7
7
8
6
7
7
6
5
10
5
1
2
2
4
4
4
5
7
4
6
5
1
4
6
2
4
4
0
5
6
2
6
5
4
2
-1
-2
-2
-2
-6
-4
-3
-5
-6
-4
-5
0
1
-5
-8
-4
-1
-3
-3
-6
-5
-12
-12
-8
-12
-15
-6
-9
-11
-7
-6
-7
-6
-5
-6
-8
-8
-2
-4
-7
-7
-7
-7
-10
-12
-15
-14
-12
-10
-8
-8
-6
-6
-1
0
-1
1
0
2
2
2
4
4
7
5
2
4
6
7
5
7
8
9
8
12
13
14
17
14
15
14
19
22
17
23
24
23
24
25
25
27
24
25
28
25
26
26
26
27
26
28
26
30
29
25
27
26
25
28
30
26
27
25
22
25
29
28
27
30
33
36
33
30
30
24
28
26
26
22
22
22
20
18
12
11
14
14
12
14
20
22
22
24
22
20
20
16
17
13
10
9
4
5
7
0
2
2
-1
3
1
4
2
1
2
2
5
0
-4
-6
-4
-2
-4
-5
-5
-2
-3
-5
-4
-2
-7
-10
-7
-9
-4
-5
-6
-6
-6
-4
-6
-6
-7
-8
-10
-9
-8
-6
-1
-4
-7
-6
-6
-10
-12
-11
-16
-18
-16
-16
-15
-23
-28
-30
-27
-25
-31
-29
-25
-31
-26
-25
-29
-22
-21
-20
-16
-16
-18
-15
-10
-12
-11
-9
-12
-11
-9
-9
-4
-7
-8
-7
-2
0
-2
0
-2
5
5
6
12
6
6
7
10
9
12
13
13
16
15
16
14
13
8
15
15
11
17
16
14
20
17
17
21
20
23
23
23
26
21
20
27
28
26
21
24
23
20
25
22
23
20
18
20
20
21
19
21
17
21
17
17
16
17
18
16
17
17
16
13
12
11
11
14
15
10
8
10
3
6
3
5
8
5
10
5
1
0
-2
-2
-5
-4
-7
-14
-8
-8
-10
-9
-13
-13
-13
-10
-12
-10
-16
-15
-17
-14
-11
-15
-11
-10
-14
-15
-11
-10
-11
-9
-9
-9
-9
-11
-17
-12
-14
-10
-12
-13
-9
-10
-10
-4
-4
-8
-2
-3
-4
-3
-5
-4
-6
-10
-7
-3
-4
-2
-1
-1
-4
-5
-1
-4
0
-3
-1
0
-2
1
-2
5
1
4
1
4
10
8
9
10
13
13
10
12
14
13
15
13
12
12
15
19
19
23
21
25
25
21
21
20
23
27
26
21
23
20
19
19
21
18
18
21
22
20
16
18
23
22
20
23
20
23
20
17
17
14
18
14
15
16
17
16
16
16
15
15
14
14
16
13
16
20
15
22
19
17
21
17
19
17
18
14
15
19
15
16
17
15
17
13
13
11
11
9
10
9
5
7
9
9
7
7
9
6
5
6
4
5
-1
1
-2
1
1
-2
1
0
1
0
2
0
-1
-3
-2
-8
-3
-3
-11
-7
-8
-4
-7
-9
-11
-9
-4
-4
-2
-2
-4
-9
-5
-6
-15
-9
-13
-10
-11
-13
-16
-14
-12
-16
-12
-12
-11
-14
-10
-8
-13
-10
-13
-15
-12
-15
-16
-19
-19
-20
-18
-19
-14
-17
-16
-18
-16
-8
-15
-11
-12
-10
-5
-9
-10
-8
-9
-11
-8
-5
-6
-7
-13
-12
-6
-4
0
4
2
7
5
9
11
13
16
13
15
14
18
17
14
17
15
15
16
16
14
17
20
19
18
19
23
23
20
22
22
23
21
21
19
17
18
17
20
17
15
16
17
16
17
22
20
22
23
23
19
18
20
19
20
23
25
23
23
28
26
25
25
22
22
30
33
42
51
63
71
90
107
112
94
86
98
94
88
69
86
106
110
86
18
-28
-50
-52
-54
-68
-63
-39
-20
4
37
30
-4
3
14
15
-10
-40
-61
-76
-93
-113
-128
-124
-126
-131
-124
-130
-118
-104
-96
-86
-86
-89
-83
-73
-55
-36
-44
-52
-41
-19
-7
-11
-21
-28
-27
-23
-26
-39
-51
-45
-30
-13
-5
-11
-22
-24
-11
-3
-6
-8
-2
15
34
48
53
55
71
76
84
95
105
130
141
158
170
163
165
159
141
120
94
81
73
63
53
33
14
0
-3
-23
-50
-63
-64
-56
-53
-55
-52
-51
-38
-37
-47
-62
-68
-77
-90
-101
-106
-97
-97
-93
-88
-90
-90
-93
-107
-115
-105
-96
-94
-98
-91
-97
-106
-118
-144
-164
-172
-181
-190
-198
-218
-216
-210
-219
-221
-238
-247
-245
-266
-273
-271
-285
-253
-184
-81
24
65
122
239
362
439
437
424
468
499
494
487
479
477
459
420
397
365
302
221
115
28
-31
-82
-134
-209
-271
-272
-251
-261
-281
-293
-276
-264
-273
-236
-193
-154
-123
-85
-7
72
127
157
178
204
245
281
283
278
265
282
304
299
298
271
254
237
204
182
146
98
39
-10
-37
-51
-86
-128
-155
-164
-156
-159
-162
-164
-162
-146
-131
-105
-78
-55
-25
12
45
68
82
80
73
69
63
53
27
-3
-27
-55
-85
-124
-159
-195
-235
-277
-308
-331
-353
-380
-393
-393
-388
-385
-387
-395
-398
-387
-384
-383
-379
-373
-378
-383
-387
-365
-250
-89
6
37
126
342
534
568
546
608
700
691
609
591
641
609
497
446
490
501
386
241
152
100
21
-97
-210
-291
-339
-372
-390
-388
-357
-313
-306
-311
-264
-178
-123
-147
-149
-70
32
79
99
165
250
304
337
392
434
432
384
339
328
303
262
204
149
133
138
133
122
104
66
33
8
-17
-48
-97
-137
-156
-148
-118
-80
-61
-39
-2
47
84
95
93
97
103
102
102
108
100
86
81
86
87
55
5
-43
-82
-127
-180
-229
-278
-311
-326
-327
-318
-308
-306
-308
-298
-298
-302
-316
-355
-375
-375
-376
-384
-389
-376
-365
-363
-375
-388
-423
-452
-391
-252
-150
-119
-41
175
408
505
528
610
721
723
646
615
645
601
471
396
429
459
400
315
259
229
175
79
-46
-171
-271
-350
-429
-483
-480
-434
-410
-402
-338
-212
-123
-129
-142
-97
-37
-26
-34
-9
40
87
143
231
311
369
395
392
386
382
346
259
161
103
96
77
59
57
62
97
117
117
105
80
44
-17
-77
-114
-131
-153
-179
-164
-97
-16
26
59
103
154
174
157
133
104
69
32
15
3
-5
-16
-28
-31
-32
-45
-78
-137
-194
-243
-277
-322
-369
-390
-390
-379
-363
-343
-323
-302
-301
-311
-321
-337
-364
-401
-437
-469
-503
-516
-528
-523
-416
-245
-121
-66
35
265
477
541
550
622
730
735
663
637
677
639
526
471
498
514
438
341
288
258
204
106
-24
-146
-237
-311
-386
-464
-485
-458
-450
-454
-394
-281
-211
-204
-185
-115
-56
-36
-44
-33
3
46
96
155
216
281
331
357
388
415
417
351
264
209
166
95
22
-15
-35
-33
-26
-3
26
47
52
38
23
22
9
-45
-95
-111
-88
-62
-56
-27
39
109
147
186
223
239
227
192
164
132
93
30
-26
-56
-73
-89
-119
-147
-154
-165
-189
-222
-255
-280
-310
-344
-368
-377
-380
-380
-375
-359
-326
-308
-306
-311
-308
-305
-329
-375
-426
-462
-500
-544
-516
-380
-247
-177
-109
90
355
510
543
600
732
799
752
687
682
662
546
430
423
461
431
347
299
310
313
259
161
47
-46
-124
-222
-333
-406
-432
-447
-486
-466
-352
-246
-214
-203
-117
-4
42
26
18
39
52
52
66
97
142
169
197
250
320
376
362
319
295
289
246
145
51
-2
-53
-94
-113
-112
-83
-59
-41
-2
47
89
91
57
53
62
48
11
-25
-17
17
38
59
95
147
176
199
216
230
210
156
98
44
-3
-65
-144
-200
-230
-245
-254
-265
-264
-260
-253
-257
-259
-256
-270
-300
-327
-338
-354
-366
-386
-395
-387
-385
-386
-382
-376
-385
-407
-423
-441
-465
-421
-313
-231
-201
-125
65
273
356
405
525
671
726
684
688
733
679
547
477
486
469
352
249
236
244
204
134
87
54
4
-77
-144
-200
-255
-306
-370
-405
-384
-345
-334
-345
-292
-177
-101
-71
-34
37
95
101
108
162
195
170
147
162
207
231
212
199
209
243
241
197
166
156
108
36
-9
-34
-59
-103
-131
-121
-75
-44
-26
0
52
107
138
145
148
155
158
136
113
116
117
106
85
101
134
147
124
108
113
117
76
12
-29
-66
-120
-194
-251
-290
-311
-345
-367
-349
-323
-311
-310
-289
-253
-233
-245
-266
-276
-280
-301
-342
-374
-376
-388
-416
-440
-450
-441
-457
-469
-387
-261
-195
-183
-98
104
264
302
357
503
637
652
631
683
741
677
560
539
579
534
398
325
336
322
246
166
127
93
16
-64
-116
-155
-219
-299
-367
-387
-373
-371
-392
-402
-335
-257
-218
-187
-125
-49
-24
-11
47
120
133
99
101
147
179
163
135
142
160
165
142
119
127
111
57
-1
-5
1
-52
-117
-125
-98
-76
-82
-77
-29
23
61
90
126
168
182
175
177
186
188
163
124
108
134
138
117
105
123
142
124
98
76
50
-7
-81
-130
-173
-236
-306
-346
-355
-348
-358
-363
-340
-300
-271
-263
-258
-244
-246
-269
-283
-302
-323
-355
-392
-407
-417
-448
-480
-502
-508
-503
-432
-328
-258
-205
-100
98
264
343
431
574
694
721
715
769
804
728
613
599
618
554
426
361
366
324
241
183
161
102
-1
-79
-114
-172
-269
-354
-402
-422
-427
-436
-448
-430
-374
-316
-275
-222
-140
-77
-55
-24
54
117
115
99
125
168
177
155
156
166
164
154
148
152
164
148
103
86
85
61
-5
-61
-71
-73
-99
-117
-105
-71
-36
-8
56
121
159
193
216
254
274
265
240
214
198
183
158
127
111
99
88
66
47
31
-5
-53
-94
-132
-177
-234
-292
-341
-374
-400
-417
-421
-412
-406
-384
-346
-318
-297
-276
-260
-245
-246
-260
-275
-298
-327
-358
-383
-422
-463
-492
-513
-525
-479
-379
-289
-239
-159
23
216
306
372
514
657
696
680
722
793
744
617
577
611
575
429
332
345
323
223
143
134
114
24
-70
-93
-102
-177
-279
-341
-359
-383
-426
-466
-468
-440
-398
-369
-312
-223
-144
-98
-47
42
125
140
125
142
172
171
146
139
143
138
128
137
157
176
175
144
135
144
132
71
19
9
-22
-70
-102
-95
-74
-80
-66
-7
64
110
135
182
249
273
261
259
259
243
203
159
132
103
53
6
-12
-21
-40
-77
-93
-101
-119
-153
-188
-210
-231
-271
-309
-329
-343
-353
-363
-354
-334
-314
-297
-282
-260
-237
-227
-237
-243
-257
-279
-310
-346
-375
-425
-474
-515
-549
-555
-495
-400
-327
-275
-167
38
211
301
415
585
717
745
755
829
860
766
648
625
619
512
350
294
301
233
134
96
122
85
-18
-70
-68
-111
-214
-312
-363
-404
-472
-523
-533
-529
-504
-477
-411
-313
-215
-136
-78
8
109
167
178
191
216
225
195
180
181
170
136
132
154
169
168
157
155
157
159
138
99
84
64
17
-15
-31
-36
-50
-72
-41
6
34
59
93
154
198
206
221
240
237
209
181
170
151
103
50
30
14
-17
-50
-68
-73
-95
-120
-141
-153
-179
-218
-250
-260
-274
-305
-331
-338
-327
-335
-348
-338
-330
-318
-321
-318
-299
-289
-302
-320
-326
-322
-347
-397
-438
-460
-484
-508
-459
-364
-305
-262
-146
56
224
312
429
601
735
758
778
848
864
756
626
603
577
447
289
234
227
150
59
39
62
20
-77
-101
-84
-127
-233
-315
-345
-382
-449
-498
-503
-497
-489
-466
-400
-310
-225
-166
-103
-13
93
142
158
186
221
230
202
190
187
168
123
110
129
130
114
105
106
108
103
88
64
57
48
14
0
-3
-10
-23
-39
-22
6
7
19
39
79
104
105
119
141
138
122
120
133
126
92
69
73
60
28
-5
-22
-33
-72
-103
-121
-135
-160
-189
-207
-211
-226
-246
-262
-265
-268
-284
-296
-297
-292
-301
-304
-302
-295
-298
-308
-311
-307
-311
-328
-350
-371
-393
-419
-443
-445
-370
-286
-242
-194
-63
121
231
304
437
600
688
694
725
809
805
687
596
599
553
397
268
244
217
103
14
15
31
-41
-126
-119
-100
-156
-248
-284
-295
-347
-420
-447
-433
-429
-442
-421
-348
-274
-217
-168
-93
2
72
108
144
194
228
224
210
230
239
196
153
157
160
133
104
100
100
86
74
67
66
62
52
29
27
30
19
6
5
20
39
35
51
85
117
139
141
171
196
184
169
165
151
117
76
55
35
3
-34
-52
-64
-83
-98
-105
-107
-119
-141
-156
-163
-181
-211
-237
-252
-274
-294
-317
-330
-333
-344
-346
-340
-332
-328
-327
-323
-320
-318
-325
-336
-352
-373
-400
-413
-413
-374
-298
-247
-204
-108
62
201
282
401
549
668
693
715
784
801
716
613
585
548
429
286
232
216
126
35
27
50
9
-71
-75
-46
-77
-164
-214
-220
-263
-348
-393
-384
-396
-429
-429
-363
-294
-245
-200
-130
-32
49
101
152
204
236
234
222
225
223
184
134
117
121
104
74
72
91
96
97
106
121
128
116
102
103
101
80
44
20
24
20
-1
-12
-1
13
18
21
47
74
77
79
91
108
100
79
75
72
56
28
6
-4
-20
-49
-63
-63
-73
-92
-107
-105
-100
-123
-153
-169
-184
-216
-249
-279
-298
-325
-361
-372
-367
-358
-365
-357
-328
-308
-300
-288
-269
-268
-283
-313
-318
-325
-327
-280
-226
-192
-151
-43
108
203
276
400
539
626
637
692
763
743
645
578
573
511
359
250
227
176
78
11
19
18
-58
-106
-87
-82
-142
-208
-224
-236
-290
-342
-353
-357
-380
-392
-361
-310
-274
-239
-195
-132
-52
9
59
102
154
190
203
219
237
241
209
187
186
179
149
126
124
127
125
120
135
144
151
148
155
159
154
137
111
94
82
58
31
14
5
3
-7
-2
21
28
27
44
78
90
86
85
98
102
83
62
58
45
15
-12
-25
-37
-63
-92
-109
-118
-135
-160
-183
-205
-227
-253
-273
-287
-303
-321
-331
-330
-323
-320
-317
-313
-306
-297
-285
-275
-281
-296
-305
-314
-324
-313
-257
-200
-166
-120
-10
134
215
281
398
520
592
606
660
729
706
628
578
579
526
395
299
280
233
135
60
49
36
-46
-110
-99
-89
-152
-224
-238
-243
-286
-337
-349
-349
-370
-382
-366
-321
-286
-255
-212
-153
-72
-12
46
94
150
200
226
240
264
273
260
234
234
236
209
177
167
163
159
154
147
154
156
154
144
142
138
110
84
63
51
29
-1
-23
-25
-24
-31
-34
-13
2
3
15
46
67
62
63
73
87
74
63
58
52
36
11
0
-11
-43
-76
-95
-113
-140
-176
-196
-211
-232
-253
-267
-271
-276
-289
-293
-285
-284
-285
-285
-281
-273
-267
-266
-260
-257
-264
-284
-301
-304
-310
-285
-233
-189
-144
-79
40
161
234
321
437
541
591
611
668
706
666
594
570
549
464
346
286
257
179
84
40
37
-8
-87
-117
-102
-127
-192
-228
-225
-246
-300
-327
-324
-333
-360
-365
-331
-289
-266
-235
-183
-117
-59
3
65
118
171
208
237
268
289
291
267
251
251
227
189
165
149
143
133
122
129
134
135
128
127
139
128
111
88
73
60
24
-3
-21
-30
-45
-66
-63
-49
-38
-39
-16
16
42
49
64
90
99
95
86
82
67
40
9
-11
-42
-76
-111
-136
-155
-175
-195
-208
-211
-219
-227
-226
-232
-235
-243
-245
-238
-249
-254
-265
-269
-267
-271
-278
-278
-276
-289
-299
-306
-300
-283
-239
-181
-130
-84
-15
100
194
255
339
441
518
547
577
633
645
596
544
527
509
422
319
286
249
168
88
57
47
-23
-93
-104
-98
-138
-205
-225
-223
-258
-306
-317
-316
-329
-349
-346
-304
-275
-257
-223
-167
-106
-43
16
72
124
174
210
237
264
275
271
253
241
229
205
162
144
136
121
107
106
113
108
107
103
111
113
95
76
63
55
30
-3
-30
-40
-50
-66
-71
-68
-52
-54
-44
-10
16
27
34
63
75
78
67
63
58
34
7
-15
-37
-73
-107
-131
-143
-160
-181
-193
-194
-194
-198
-201
-199
-206
-213
-216
-224
-231
-237
-247
-260
-268
-273
-279
-283
-281
-275
-276
-287
-302
-293
-297
-296
-246
-190
-156
-125
-41
79
158
212
301
414
493
508
552
626
629
566
524
531
500
390
296
266
221
127
48
36
13
-61
-123
-127
-121
-171
-227
-240
-234
-269
-310
-312
-308
-324
-335
-320
-275
-248
-225
-188
-135
-72
-17
37
83
135
179
211
228
256
258
243
223
208
199
165
130
114
108
93
82
90
100
107
112
124
136
144
136
122
106
91
61
28
-3
-28
-49
-68
-80
-83
-75
-65
-47
-21
7
25
39
57
75
80
74
68
52
36
8
-17
-36
-62
-89
-106
-119
-130
-141
-146
-149
-152
-155
-167
-160
-163
-171
-178
-187
-191
-207
-230
-246
-259
-265
-277
-292
-288
-282
-285
-296
-302
-304
-301
-296
-272
-206
-160
-133
-84
11
113
170
230
325
423
470
496
553
602
584
530
513
517
458
350
290
264
193
94
34
23
-18
-98
-138
-135
-140
-188
-223
-211
-210
-240
-261
-245
-244
-267
-281
-262
-236
-224
-211
-182
-133
-88
-47
-1
46
91
126
154
185
203
203
188
178
167
147
116
90
85
85
82
82
99
115
132
142
158
168
169
154
132
121
96
59
13
-15
-39
-66
-97
-110
-105
-106
-95
-77
-43
-21
-5
11
47
68
65
69
69
66
45
20
1
-19
-48
-71
-89
-93
-106
-120
-121
-117
-116
-119
-124
-125
-128
-143
-159
-175
-196
-220
-245
-265
-281
-298
-310
-310
-296
-283
-273
-257
-251
-247
-239
-237
-224
-189
-149
-115
-95
-42
47
117
168
239
335
420
456
495
559
588
561
520
511
489
404
308
261
212
138
49
9
-5
-58
-114
-117
-100
-114
-152
-159
-141
-153
-182
-195
-194
-208
-231
-236
-222
-215
-210
-200
-165
-122
-90
-48
-11
26
72
105
128
154
172
171
160
155
153
139
121
118
116
114
117
122
134
145
151
157
166
175
166
149
132
117
92
49
15
-15
-46
-76
-106
-111
-111
-123
-111
-86
-54
-30
-10
24
56
71
72
78
78
70
39
19
-1
-26
-53
-83
-89
-101
-113
-115
-111
-109
-111
-115
-119
-128
-138
-162
-177
-187
-210
-229
-243
-251
-263
-273
-273
-270
-260
-248
-237
-221
-214
-221
-228
-228
-232
-223
-189
-160
-143
-108
-42
45
101
154
243
338
398
430
482
535
535
497
476
472
433
340
271
245
192
113
56
38
16
-40
-71
-56
-54
-87
-114
-104
-95
-122
-149
-148
-157
-187
-210
-209
-203
-208
-216
-198
-166
-129
-95
-63
-24
16
62
97
125
151
164
160
156
157
151
135
122
118
117
120
125
132
143
160
177
191
198
194
186
163
144
114
72
24
-23
-55
-87
-114
-139
-142
-138
-131
-116
-90
-60
-38
-13
18
44
51
54
56
48
31
14
-11
-30
-55
-72
-89
-98
-106
-107
-106
-107
-103
-102
-103
-107
-116
-128
-140
-158
-177
-197
-215
-231
-249
-259
-270
-271
-265
-263
-254
-237
-221
-216
-218
-219
-223
-231
-232
-202
-171
-156
-139
-77
8
60
105
181
276
338
375
429
492
506
474
458
462
431
350
287
260
212
138
85
67
51
0
-28
-13
-10
-32
-51
-48
-46
-72
-100
-117
-135
-162
-196
-209
-212
-216
-218
-214
-189
-152
-119
-85
-44
3
48
82
114
141
154
161
156
162
163
153
140
138
149
155
161
166
183
201
218
222
225
220
195
170
143
113
68
13
-34
-69
-100
-133
-150
-155
-150
-143
-120
-90
-59
-34
-4
25
53
64
65
68
66
55
32
18
-2
-22
-40
-52
-62
-63
-61
-65
-64
-55
-56
-58
-66
-78
-86
-106
-131
-152
-180
-209
-233
-250
-265
-274
-288
-287
-275
-270
-257
-245
-225
-211
-216
-223
-223
-229
-241
-231
-199
-179
-172
-134
-62
8
61
123
219
299
346
393
457
496
483
461
451
436
383
307
264
222
163
107
68
48
16
-16
-27
-24
-29
-54
-67
-69
-81
-104
-133
-152
-170
-197
-219
-232
-232
-226
-225
-213
-175
-130
-100
-56
-5
42
83
115
144
166
178
175
174
178
167
155
143
139
146
150
157
167
178
186
187
186
180
159
131
97
63
26
-22
-60
-94
-118
-142
-152
-147
-143
-128
-102
-69
-37
-4
20
45
71
83
86
81
77
71
57
40
22
9
-4
-19
-26
-22
-23
-31
-26
-25
-25
-34
-48
-64
-80
-108
-132
-156
-184
-209
-231
-246
-258
-263
-263
-253
-233
-216
-201
-183
-163
-150
-140
-134
-143
-159
-178
-197
-215
-213
-197
-176
-156
-114
-43
31
92
166
254
331
392
438
482
500
490
468
445
408
345
278
224
175
120
67
28
11
-8
-21
-26
-19
-18
-24
-29
-31
-38
-60
-89
-112
-127
-154
-179
-189
-187
-183
-173
-147
-108
-67
-30
10
62
103
130
157
178
186
190
186
175
167
151
131
124
116
107
100
99
103
106
102
95
91
82
70
46
22
3
-18
-39
-55
-67
-72
-78
-73
-61
-48
-34
-16
6
26
40
52
70
80
80
71
62
59
43
21
5
-16
-33
-46
-54
-61
-69
-73
-77
-76
-69
-73
-83
-91
-96
-104
-118
-132
-146
-159
-176
-183
-190
-194
-203
-204
-193
-182
-172
-160
-148
-135
-125
-123
-112
-108
-112
-117
-123
-127
-131
-124
-102
-77
-48
-7
44
99
154
212
271
314
351
369
382
376
348
322
291
244
193
148
107
78
47
24
5
1
-1
0
10
16
17
17
10
3
-3
-15
-39
-55
-68
-74
-79
-80
-77
-62
-48
-33
-6
21
51
73
93
113
126
129
126
117
106
102
87
71
57
46
41
35
34
32
31
33
34
29
27
22
14
12
2
-8
-11
-20
-25
-27
-23
-19
-16
-9
6
15
22
35
48
52
55
58
53
48
37
28
19
8
-10
-20
-32
-46
-64
-65
-66
-75
-83
-82
-78
-79
-80
-79
-78
-85
-89
-96
-101
-105
-117
-127
-133
-137
-148
-153
-153
-150
-146
-142
-143
-138
-130
-124
-113
-105
-104
-101
-94
-89
-90
-97
-95
-97
-97
-93
-82
-65
-38
-9
24
64
99
136
170
206
236
257
265
262
257
250
236
213
187
166
142
119
102
86
71
58
50
47
45
39
31
26
22
17
14
2
-11
-25
-34
-36
-44
-46
-45
-44
-29
-20
-6
11
27
45
62
82
88
96
98
97
97
88
77
70
52
44
33
27
16
12
5
-3
0
-2
-1
-1
-3
-5
-6
-9
-15
-19
-20
-19
-18
-17
-16
-8
-3
4
12
20
24
22
31
28
34
30
22
22
11
4
-2
-15
-24
-33
-47
-54
-56
-62
-67
-77
-72
-77
-79
-80
-86
-87
-99
-106
-114
-123
-133
-134
-142
-145
-139
-134
-131
-119
-107
-104
-86
-74
-62
-52
-44
-39
-32
-31
-30
-32
-32
-34
-40
-42
-51
-47
-49
-49
-41
-36
-25
-2
21
40
63
86
107
128
149
161
169
176
183
182
175
163
150
144
128
117
104
94
85
83
74
68
63
59
50
38
31
20
5
-5
-13
-22
-26
-30
-26
-23
-19
-12
-1
12
28
42
53
60
67
81
79
84
84
79
77
70
59
52
39
35
26
17
12
6
5
-3
-2
-3
-2
-6
-9
-8
-14
-16
-16
-18
-19
-18
-22
-17
-9
-5
6
14
24
33
38
43
46
50
49
46
41
32
23
11
0
-15
-31
-43
-59
-68
-79
-86
-92
-102
-101
-103
-104
-101
-97
-97
-90
-86
-84
-88
-85
-78
-80
-75
-79
-81
-75
-72
-72
-65
-66
-56
-47
-40
-27
-17
-4
-1
0
1
7
10
5
4
-1
-9
-14
-17
-22
-29
-33
-31
-25
-21
-13
-6
10
21
33
52
67
78
88
93
95
99
97
92
89
85
81
71
72
71
69
68
67
67
64
63
58
50
44
37
30
24
14
8
3
1
1
3
7
16
20
26
34
48
61
65
71
68
67
64
59
55
48
39
32
28
20
18
13
11
6
7
8
1
-4
-8
-7
-11
-12
-16
-18
-20
-19
-16
-15
-2
2
10
17
27
35
39
41
39
37
27
15
4
-5
-17
-33
-45
-60
-64
-67
-73
-69
-73
-66
-56
-46
-43
-38
-26
-21
-23
-28
-28
-32
-38
-44
-46
-52
-49
-45
-39
-31
-21
-14
-6
5
14
26
31
31
27
34
32
25
18
10
1
-13
-13
-22
-27
-21
-23
-22
-25
-22
-15
-14
-16
-14
-15
-16
-19
-17
-23
-22
-25
-20
-16
-11
-1
5
19
33
47
63
78
86
96
99
106
107
106
103
92
88
79
75
67
63
61
55
55
52
52
50
50
49
42
44
43
43
41
39
37
28
28
25
23
20
17
16
18
15
15
15
14
16
19
12
11
12
6
5
2
-6
-10
-8
-14
-16
-21
-18
-12
-12
-18
-14
-3
-8
-17
-18
-18
-22
-29
-38
-41
-41
-31
-37
-45
-39
-27
-24
-28
-21
-10
-4
-13
-19
-10
-5
-6
-17
-27
-16
-7
-14
-27
-25
-11
0
-1
-6
7
18
20
12
10
15
22
14
5
3
4
0
-7
-16
-19
-11
-14
-21
-26
-23
-15
-15
-27
-32
-23
-17
-22
-36
-42
-32
-29
-38
-41
-39
-32
-33
-36
-29
-17
-8
-6
0
13
26
29
27
33
42
43
40
41
46
52
47
44
49
50
58
58
61
65
71
66
58
66
62
60
49
42
39
38
27
19
22
22
16
9
14
16
16
8
-1
13
14
4
2
13
10
3
-7
1
7
-5
-7
-2
10
7
-2
7
15
16
15
12
14
17
8
0
-1
-3
-11
-20
-17
-11
-16
-25
-26
-19
-21
-20
-17
-14
-12
-12
-16
-18
-11
-8
-16
-17
-13
-8
-12
-12
-7
-10
-9
-1
7
1
6
14
20
15
11
23
30
19
16
24
23
17
7
7
2
-7
-9
-13
-19
-23
-27
-28
-27
-29
-35
-37
-30
-33
-33
-28
-26
-24
-29
-24
-12
-14
-10
-8
7
10
2
7
19
21
12
10
20
21
15
14
20
22
20
17
23
30
25
24
31
36
33
25
21
25
19
9
3
1
-1
-7
-8
-6
-2
-6
-5
-4
0
4
6
11
14
18
16
16
13
13
15
10
4
4
9
6
-2
1
8
7
4
10
18
16
16
18
22
20
21
22
22
25
21
15
13
10
11
7
6
7
8
9
10
13
13
6
-3
4
3
-5
-15
-9
-3
-10
-12
-9
2
0
0
5
15
24
24
31
36
34
35
38
36
32
23
18
20
12
3
5
2
-10
-6
0
-4
-11
-10
-9
-13
-15
-18
-19
-23
-29
-24
-27
-22
-22
-20
-19
-22
-18
-14
-11
-6
-6
-7
-7
2
9
8
8
16
21
14
14
19
18
17
18
24
26
20
25
28
28
21
21
21
14
15
11
-1
-3
-5
-10
-14
-17
-19
-23
-30
-33
-27
-30
-32
-23
-18
-20
-19
-11
-7
-8
-7
-2
-4
-12
-12
-11
-11
-12
-6
-5
0
-1
4
5
10
20
19
21
23
27
26
24
25
24
18
18
15
12
9
7
12
11
10
17
15
15
14
9
6
7
6
1
0
1
-2
-3
0
1
6
9
11
16
19
22
23
22
28
30
28
21
23
19
9
8
1
-2
-2
-4
-7
-3
-3
2
3
-1
3
1
0
-4
-9
-8
-16
-23
-24
-28
-29
-26
-25
-22
-20
-12
-10
-3
7
7
12
14
13
12
11
15
15
15
17
14
14
17
16
21
23
22
23
23
25
28
24
25
21
20
12
8
5
3
-2
-4
-2
-6
-7
-4
-7
-7
-4
1
4
3
5
7
5
-1
-4
-5
-8
-9
-10
-11
-9
-11
-7
-2
1
5
7
14
14
14
19
22
31
33
31
31
29
23
25
23
25
25
22
17
17
16
9
10
6
4
1
-4
-4
-9
-9
-8
-6
-4
0
-5
-5
3
-3
7
9
11
18
24
32
32
31
31
31
26
29
26
18
19
13
10
8
7
6
2
8
8
9
5
3
1
-4
-5
-7
-2
-5
-8
-12
-12
-9
-9
-10
-7
-9
-8
-3
-3
-2
2
4
6
5
8
8
11
10
11
16
19
19
15
17
21
18
18
20
20
19
19
18
16
12
11
7
3
7
-1
-3
-3
-7
-10
-11
-11
-10
-9
-12
-11
-10
-8
-4
1
1
0
4
3
-1
-1
0
0
-2
-3
0
8
5
11
17
19
25
24
28
25
26
27
28
26
24
23
16
15
16
17
20
19
23
23
23
26
23
25
19
18
17
13
15
14
10
2
7
3
-1
4
6
10
9
12
16
17
16
18
20
20
15
13
15
13
8
0
2
3
-1
-2
-1
-7
-10
-9
-10
-11
-6
-6
-7
-5
-6
-3
0
-2
3
-1
-2
-2
-2
-1
-2
-7
-9
-8
-9
-8
-10
-5
-4
-3
-2
0
1
2
5
2
7
10
9
10
9
10
12
13
16
15
14
15
14
8
10
5
4
0
-2
-3
-12
-13
-17
-16
-14
-23
-19
-18
-16
-12
-10
-10
-10
-7
-11
-4
-5
-6
-3
-2
-5
-7
-4
-2
-2
3
8
11
16
15
19
16
17
19
17
10
10
14
10
13
12
9
9
7
4
6
12
11
16
21
21
19
23
27
26
23
24
20
18
23
18
19
24
24
29
30
33
40
38
39
41
40
37
35
39
34
33
30
20
18
16
8
4
5
2
1
1
-3
-5
0
-3
-4
-6
-9
-12
-18
-22
-26
-30
-27
-31
-28
-21
-24
-23
-21
-21
-20
-19
-22
-16
-20
-22
-18
-21
-18
-19
-21
-20
-15
-16
-16
-16
-10
-5
-4
-1
3
-1
1
-2
0
3
-2
-2
-8
-3
-3
-9
-8
-9
-10
-11
-5
-8
-7
0
-2
-2
0
3
2
0
4
2
1
-1
-5
-4
-8
-10
-10
-11
-9
-9
-11
-8
-7
-8
-2
2
-1
-3
0
-6
-7
-6
-3
-7
-9
-10
-4
-5
-6
0
3
5
5
9
8
13
9
12
14
16
19
25
26
25
32
32
37
41
42
50
48
48
52
46
46
44
40
38
33
27
25
22
16
13
13
8
6
3
5
4
7
7
2
3
0
-2
-5
-2
-4
-8
-9
-10
-16
-15
-14
-17
-8
-9
-7
-7
-6
-1
-3
2
2
8
4
8
9
10
9
6
8
6
10
8
6
4
7
9
11
10
3
6
-1
5
3
1
0
-4
-6
-10
-8
-11
-13
-15
-16
-16
-15
-16
-17
-18
-15
-17
-13
-9
-7
-8
-10
-9
-11
-11
-8
-10
-9
-15
-9
-12
-20
-16
-13
-16
-17
-13
-11
-13
-13
-10
-12
-15
-18
-18
-18
-17
-20
-22
-19
-22
-15
-13
-5
-4
-6
1
3
5
9
18
18
21
27
26
28
24
29
31
29
29
32
30
30
33
33
34
30
29
29
24
23
16
15
14
12
9
4
4
0
-1
-1
-2
-5
-1
-4
-3
-5
-5
-8
-10
-9
-13
-14
-13
-15
-13
-17
-19
-18
-17
-18
-16
-18
-17
-15
-11
-9
-11
-10
-11
-4
-8
-4
2
-5
2
6
3
4
4
8
10
11
14
11
12
16
16
18
19
15
13
11
12
11
12
9
7
9
10
14
14
14
14
18
13
10
7
1
0
-5
-7
-8
-12
-15
-15
-16
-14
-17
-12
-12
-14
-11
-10
-10
-10
-10
-6
-12
-12
-10
-15
-17
-14
-18
-14
-14
-17
-15
-16
-16
-19
-12
-11
-9
-8
-8
-6
-4
-7
-4
-2
-5
-6
0
3
3
10
9
14
13
12
11
12
14
9
10
6
-2
0
-2
-5
-4
-9
-12
-12
-12
-15
-15
-17
-15
-19
-24
-22
-23
-27
-28
-30
-32
-32
-27
-28
-32
-26
-24
-25
-25
-19
-18
-17
-17
-13
-10
-13
-13
-16
-16
-18
-17
-16
-16
-15
-18
-17
-17
-14
-6
-8
-7
-1
0
-2
-8
-2
-3
-4
-3
-10
-9
-10
-11
-13
-7
-3
-3
-4
2
4
8
10
9
10
10
9
7
8
4
1
0
-2
-6
-1
-8
-9
-8
-7
-3
-7
-6
-6
1
-8
-9
-5
-10
-10
-13
-8
-9
-6
-8
-5
-3
-1
-4
-5
-4
-7
-7
-4
-5
-5
-6
-10
-11
-8
-11
-16
-10
-10
-10
-9
-11
-9
1
5
14
12
14
14
12
23
21
21
24
20
21
18
11
14
10
4
-3
-2
-5
-7
-11
-16
-16
-17
-19
-24
-28
-30
-31
-31
-36
-37
-40
-41
-39
-44
-42
-41
-40
-40
-40
-41
-39
-36
-37
-33
-31
-29
-24
-24
-26
-28
-22
-19
-24
-20
-17
-14
-14
-11
-10
-12
-7
-9
-9
-3
-1
-1
-2
0
0
-1
1
0
2
-2
0
3
6
4
6
3
4
4
4
4
3
4
-3
-2
0
-3
-7
-12
-14
-15
-12
-19
-15
-16
-20
-18
-18
-13
-17
-10
-9
-7
-10
-11
-9
-12
-12
-10
-11
-10
-8
-8
-11
-15
-14
-10
-9
-3
-1
-4
1
3
1
5
8
10
12
15
15
19
23
23
20
22
28
26
26
23
24
23
20
15
16
15
12
9
10
2
0
-4
-6
-5
-8
-8
-12
-13
-16
-15
-19
-28
-27
-29
-27
-31
-33
-29
-31
-32
-31
-29
-30
-28
-33
-36
-38
-38
-30
-27
-25
-29
-29
-26
-25
-24
-26
-27
-24
-24
-25
-22
-18
-22
-20
-20
-14
-17
-21
-22
-19
-17
-18
-17
-21
-18
-24
-20
-20
-17
-13
-13
-10
-13
-15
-12
-12
-13
-10
-10
-10
-11
-9
-10
-7
-9
-8
-7
-8
-5
-5
-3
-5
-5
-1
0
-4
-3
-3
-5
-1
-8
-5
-9
-13
-11
-11
-13
-14
-16
-14
-13
-18
-18
-20
-21
-20
-11
-9
-8
-4
-3
-1
6
8
9
7
12
15
14
11
11
9
5
9
1
7
6
4
6
11
12
9
12
13
17
16
10
7
10
5
2
2
3
4
3
3
6
8
9
9
8
6
5
7
6
7
2
2
1
-1
-1
-8
-6
-8
-12
-11
-8
-10
-8
-7
-6
-5
-8
-7
-10
-6
-9
-13
-9
-8
-9
-11
-7
-3
0
-5
-7
-1
-1
-5
-6
-6
-4
-5
-6
-9
-15
-11
-10
-14
-15
-15
-16
-15
-11
-13
-7
-8
-8
-4
-2
1
-2
-1
-4
-1
-5
-8
-4
-5
-8
-12
-14
-15
-16
-21
-20
-22
-26
-24
-29
-30
-28
-28
-24
-25
-25
-21
-22
-23
-21
-20
-19
-14
-11
-9
-8
-4
-4
-2
-1
1
-2
-1
-1
-2
0
-2
-3
-1
-2
-6
-5
0
-3
-2
-4
-7
-1
-3
-3
-8
-4
-2
3
0
-3
6
5
3
4
0
3
4
1
4
0
0
2
-2
-5
-7
-10
-15
-11
-13
-14
-11
-11
-7
-9
-9
-8
-7
-2
3
3
1
3
2
-1
0
2
5
4
6
4
2
3
3
1
3
4
2
4
7
9
9
14
7
10
14
10
13
11
11
14
8
9
12
10
15
13
10
11
16
11
12
9
10
11
9
5
3
4
2
-1
-4
-3
-5
-2
-2
-5
-8
-10
-7
-11
-12
-9
-10
-9
-9
-6
-9
-11
-12
-11
-13
-11
-12
-17
-16
-20
-14
-15
-9
-6
-8
-4
-6
-5
-9
-5
-2
-6
-6
-6
-7
-4
-7
-12
-11
-13
-11
-9
-11
-10
-8
-8
-8
-11
-10
-11
-12
-9
-16
-15
-16
-18
-21
-24
-23
-23
-20
-24
-15
-14
-14
-17
-20
-18
-16
-21
-25
-24
-25
-28
-25
-24
-26
-20
-19
-15
-12
-12
-10
-11
-13
-13
-13
-17
-14
-11
-13
-13
-10
-3
-2
1
0
-1
2
5
8
10
13
10
7
8
6
5
5
7
10
9
9
14
18
18
25
28
25
24
25
24
22
15
14
19
18
18
17
15
17
13
15
16
16
14
14
12
12
11
9
14
12
8
8
8
8
6
4
1
-3
-3
-10
-9
-6
-7
-6
-13
-12
-10
-6
-6
-6
-4
-4
-3
-5
-5
-4
-5
-7
-5
-9
-11
-12
-9
-6
-7
-8
-9
-4
-8
-8
-4
-8
-4
-7
-10
-7
-10
-9
-8
-7
-9
-10
-15
-8
-5
-11
-11
-6
-8
-12
-9
-16
-12
-16
-17
-17
-14
-14
-15
-11
-8
-7
-9
-8
-15
-14
-13
-14
-16
-18
-20
-17
-19
-22
-22
-22
-21
-19
-20
-19
-18
-22
-18
-23
-24
-22
-20
-23
-20
-17
-15
-16
-12
-16
-10
-13
-13
-10
-12
-11
-14
-10
-13
-10
-8
-7
-6
-8
-5
-1
-4
1
-2
-2
-3
-5
-1
-2
-6
-5
-5
-4
-8
-6
-7
-9
-8
-10
-5
-5
