-5
-4
-3
-6
-8
-7
-4
-5
0
2
-4
-1
-3
-6
-3
-5
-6
-2
-5
-4
-4
-2
-1
-1
2
5
2
0
6
1
6
6
8
5
3
8
-1
7
5
0
-3
-8
-3
-4
-3
-3
2
1
4
1
1
3
2
1
1
2
0
1
2
3
0
2
-6
-2
-1
-1
-3
-4
6
7
7
6
6
6
5
4
-2
2
-2
-5
-4
-7
-7
-9
-3
-7
-5
1
2
1
2
-1
4
-2
1
-2
-4
-3
0
1
-5
-3
-6
-11
-9
-8
-9
0
-1
2
4
3
2
1
2
0
1
-2
0
1
3
5
1
0
0
3
5
6
10
9
12
12
6
6
2
6
9
9
10
12
10
6
6
4
2
5
5
7
11
10
8
10
12
12
9
10
11
14
15
14
15
9
11
10
9
8
8
5
8
12
12
11
10
9
10
8
10
12
13
14
12
9
7
4
7
9
7
10
11
13
9
7
8
5
-1
1
2
5
5
7
4
6
7
-2
0
-2
1
2
1
7
4
2
7
6
8
10
7
11
7
9
7
6
5
0
2
-3
-1
-1
-3
0
2
-3
-5
-2
-1
-5
-1
-1
-1
3
1
3
3
-3
-2
-4
-7
-2
-3
-5
1
2
3
-1
-4
-4
-1
-2
-1
-2
-1
2
1
1
-4
-10
-9
-8
-11
-9
-6
-6
-6
-9
-8
-5
2
2
0
2
-2
-3
-1
-1
-3
-4
-4
-5
-7
-3
-3
-3
-3
-2
-1
-5
-8
-2
-1
-4
4
2
1
2
-1
3
-1
-1
4
5
3
3
0
3
2
2
0
5
11
7
9
8
9
8
6
4
2
8
4
5
7
9
14
12
13
14
16
11
6
10
9
12
16
17
17
17
14
17
18
21
18
19
20
15
16
12
18
16
22
22
26
25
23
21
20
21
21
23
18
21
24
24
23
17
14
16
16
18
16
14
21
21
20
17
15
17
14
16
16
19
19
13
14
16
17
16
19
14
18
17
16
11
13
18
17
15
3
14
12
10
14
12
15
17
18
13
11
16
18
20
20
14
16
14
11
9
14
12
2
6
18
17
5
2
5
9
7
-4
0
8
8
4
8
8
3
2
3
6
5
2
9
10
5
9
8
5
7
9
12
10
13
14
12
9
9
7
6
10
10
10
8
13
13
11
15
9
9
16
16
11
16
17
15
14
15
11
6
9
8
15
16
8
9
11
13
11
7
17
23
25
26
24
20
19
22
18
16
12
8
10
11
12
5
9
11
16
11
8
12
13
14
13
20
19
13
19
19
15
17
15
15
14
15
10
9
11
12
16
16
20
23
23
22
25
23
17
17
14
12
15
13
12
14
19
19
19
21
16
20
20
25
26
27
25
25
21
19
20
19
16
15
16
13
16
16
19
19
20
20
17
18
19
19
14
16
20
15
12
13
5
17
9
9
13
10
10
15
16
17
19
16
18
16
15
19
19
15
25
23
15
24
22
10
20
18
14
21
19
18
24
20
22
25
24
31
23
21
29
17
21
29
17
21
28
12
20
31
13
30
32
22
34
37
34
32
32
41
35
32
37
28
35
38
24
32
43
24
33
38
24
42
41
30
27
36
34
24
31
25
31
39
22
22
31
26
35
29
21
37
36
30
28
45
38
33
42
29
37
38
34
37
25
26
37
23
24
22
26
30
25
20
35
41
26
31
38
47
37
13
37
43
24
21
32
39
26
21
21
27
40
34
23
26
41
34
12
22
41
38
15
24
49
22
16
28
27
24
7
22
31
32
3
27
53
27
7
28
48
18
-11
30
45
15
6
28
26
29
21
6
16
45
28
1
6
37
22
14
13
31
31
10
8
33
22
7
23
15
22
9
13
17
20
9
11
20
26
16
14
23
34
26
11
9
41
35
7
5
33
34
-3
11
21
36
18
16
26
37
34
16
14
50
42
3
14
38
19
24
23
3
23
55
15
-24
28
67
17
-4
27
54
31
17
13
25
36
39
1
-6
44
43
-2
-18
32
46
10
-16
29
47
14
4
14
43
29
22
5
25
50
14
-31
31
70
-5
-18
42
39
12
14
24
20
36
31
7
11
30
38
4
8
25
32
23
12
22
42
26
15
29
43
24
20
13
40
26
29
15
27
32
32
14
29
28
13
24
39
11
5
45
34
11
27
38
6
27
43
22
5
42
31
6
14
19
8
26
18
-1
35
33
-1
10
50
27
10
22
49
33
9
25
37
28
9
26
26
16
13
24
20
14
35
25
16
37
39
8
27
46
19
19
38
20
23
31
17
15
53
27
2
39
46
4
20
26
27
35
21
9
53
27
10
26
37
15
31
5
12
44
13
-20
38
40
-3
11
21
17
11
21
21
8
12
36
30
5
10
26
23
18
9
11
28
25
17
9
22
35
37
3
13
43
30
6
13
38
22
-1
15
35
3
-11
26
34
-9
1
33
27
0
0
32
24
6
15
35
32
2
14
34
22
-7
25
39
16
0
31
40
13
7
29
29
25
8
29
40
12
17
39
32
0
22
27
21
8
10
21
27
-3
1
42
5
8
24
19
18
36
9
22
39
-3
9
43
20
3
28
29
-2
20
33
5
22
28
18
16
18
24
30
25
12
31
35
10
24
29
20
15
29
8
10
23
9
8
20
11
15
32
15
5
26
28
2
6
24
22
8
8
23
20
10
-4
24
25
10
0
31
32
16
-4
21
44
9
-21
16
26
0
-10
12
17
4
4
5
-1
11
13
-4
9
29
6
-5
9
32
-4
-29
23
38
-29
-19
44
22
-15
-3
14
27
4
-7
-2
35
14
-28
19
52
4
-37
20
31
-7
-2
-3
21
23
-11
-25
33
34
-24
-4
36
28
0
17
0
16
20
16
-10
19
22
12
-6
18
29
11
-17
26
20
7
9
3
33
15
12
11
30
3
14
30
4
6
41
20
-1
11
26
29
-10
12
27
26
8
18
23
30
9
16
14
34
11
18
14
22
21
23
-4
13
32
6
9
16
42
11
12
10
54
17
3
10
43
10
19
1
9
29
8
-11
19
24
-1
0
23
14
-4
9
32
11
-8
16
27
3
-5
14
-9
9
-4
-9
-4
-16
-13
3
-5
-24
-13
5
11
-25
-22
33
13
-29
-26
28
4
-29
-18
-1
2
-14
-26
-15
3
-14
-36
3
4
-11
-31
2
14
-11
-33
21
-5
-43
-29
25
-16
-31
-6
13
-14
-4
18
-15
-6
9
4
-19
21
5
-13
14
17
-21
3
11
-11
-3
-15
17
1
6
-22
4
26
16
-10
16
19
27
8
6
11
38
4
1
16
44
-1
0
37
30
11
-4
30
22
18
7
26
12
28
22
2
13
52
6
14
12
48
6
10
6
55
19
5
0
54
41
-24
14
67
33
-21
22
46
39
-5
-11
38
60
-2
-37
54
57
-29
-1
58
23
-18
28
41
16
-30
22
62
-13
-51
42
60
-40
-36
70
17
-38
16
42
-41
-4
37
7
-26
-3
22
29
-23
-35
28
36
-35
-26
9
24
3
-24
-9
16
8
-5
-32
3
19
-10
-9
-7
-9
15
10
-44
25
24
-34
-18
32
16
-21
-4
14
15
-22
-4
31
3
-29
22
24
-24
16
-7
5
11
10
6
20
-33
-21
44
1
-47
17
34
-26
-21
24
11
-9
8
12
5
20
-10
18
5
15
25
0
-2
34
37
-19
34
34
2
37
25
-5
16
52
29
-2
12
34
38
15
12
29
31
14
30
28
19
10
51
18
1
28
67
8
-13
35
56
17
7
17
52
40
2
9
52
39
6
-5
54
61
-26
-9
62
42
-26
17
46
27
-5
7
26
17
6
13
21
8
22
22
3
-22
42
27
-31
-24
34
2
-24
-29
7
45
-17
-65
21
52
-30
-58
4
51
-16
-49
2
38
-16
-24
3
-9
-19
20
-22
-32
-9
7
-13
-36
-10
26
-21
-40
13
0
-29
-7
-9
-12
-8
-2
-1
-36
-24
50
3
-68
1
68
-42
-41
27
31
-7
-20
-9
15
27
-12
-35
8
37
-6
-24
4
29
7
-25
0
35
0
-12
17
14
4
16
13
-8
19
18
-1
7
42
11
14
47
32
5
48
55
21
28
45
62
46
32
52
73
49
43
67
59
55
55
47
56
80
52
49
65
60
38
72
43
38
61
61
22
45
58
26
26
41
53
20
14
44
44
14
8
16
43
27
-35
4
68
-14
-24
18
37
-47
-25
57
-16
-58
23
43
-28
-16
-15
17
7
-48
-4
15
4
-43
-1
7
-37
-11
-13
-40
-12
8
-55
-64
46
2
-88
-26
69
-23
-82
-1
51
24
-87
-30
41
28
-55
-56
40
25
-20
-53
21
32
-11
-45
-30
31
-1
-48
-43
-5
15
-37
-62
1
13
-53
-72
19
3
-31
-58
-18
-13
-13
-31
-35
7
-12
-6
-1
14
33
34
16
31
77
78
53
66
75
97
86
89
79
106
99
67
80
92
96
55
57
86
93
47
41
54
52
52
30
28
50
56
15
-7
63
56
5
13
68
73
15
23
60
65
47
56
47
46
62
50
29
43
52
44
15
36
60
19
-6
49
36
9
7
26
21
-12
3
26
17
-19
-10
27
-22
-21
-8
19
-33
-48
-8
20
-26
-92
-8
36
-40
-91
13
2
-56
-30
-20
-33
-10
-11
-61
-47
-5
-19
-53
-55
-35
-11
-41
-68
-54
9
-40
-81
-58
-7
-19
-100
-71
-7
-33
-115
-60
-22
-73
-93
-58
-49
-63
-74
-38
-57
-75
-59
-35
-67
-82
-48
-36
-68
-67
-1
25
-12
-38
11
72
54
12
42
112
77
51
99
144
118
80
96
133
128
95
78
98
95
74
65
84
80
51
29
27
48
30
11
10
12
-2
7
13
-7
-10
-2
-2
-13
7
21
-1
-3
19
23
20
45
37
-6
15
60
47
15
48
72
35
29
61
85
67
36
41
84
92
33
37
83
79
27
28
91
62
-8
0
58
51
18
-5
-5
43
9
-38
9
17
-19
-5
-32
-29
30
-23
-78
-17
0
-45
-49
-64
-19
-42
-71
-48
-13
-71
-61
-45
-54
-52
-41
-55
-50
-40
-54
-49
-53
-66
-67
-62
-66
-62
-96
-81
-65
-74
-118
-109
-73
-76
-103
-113
-75
-77
-111
-110
-73
-72
-107
-108
-96
-57
-19
-1
-17
-37
4
66
83
74
102
144
122
123
164
213
184
138
153
197
191
157
138
139
137
118
96
126
105
47
21
49
51
25
9
-10
-34
-41
-31
-33
-57
-67
-73
-83
-79
-60
-70
-83
-82
-64
-42
-33
-29
-38
-39
-17
14
37
46
40
46
61
70
88
108
109
105
115
126
134
141
126
126
142
141
124
113
106
77
61
63
59
33
3
-9
-21
-21
-39
-39
-39
-42
-69
-71
-50
-40
-41
-85
-50
-32
-55
-73
-41
-34
-71
-71
-23
-44
-81
-59
-66
-75
-60
-74
-84
-60
-84
-106
-98
-78
-100
-107
-114
-111
-110
-135
-140
-110
-117
-150
-143
-110
-128
-170
-148
-110
-130
-153
-154
-148
-147
-144
-147
-109
-23
25
-43
-83
8
134
124
84
151
224
184
147
224
313
293
221
224
288
288
213
189
232
224
158
142
182
146
43
22
69
72
24
-1
-27
-61
-77
-66
-61
-79
-93
-109
-124
-122
-101
-101
-128
-119
-89
-76
-78
-71
-67
-70
-66
-19
34
43
25
20
36
69
108
127
130
122
123
151
180
183
178
173
173
176
172
170
138
109
110
116
105
71
35
2
-15
-10
-6
-12
-44
-76
-94
-97
-87
-83
-89
-105
-108
-104
-110
-106
-102
-97
-77
-83
-85
-58
-74
-104
-78
-72
-54
-36
-65
-100
-72
-53
-62
-71
-71
-79
-109
-129
-123
-126
-137
-157
-169
-169
-167
-177
-179
-173
-186
-171
-160
-183
-178
-157
-168
-192
-184
-148
-108
-35
31
-11
-93
-3
175
218
140
165
254
239
192
278
395
379
254
241
333
348
264
228
256
249
179
150
178
141
38
1
44
65
9
-44
-86
-122
-119
-83
-81
-119
-143
-156
-179
-168
-108
-90
-142
-157
-116
-82
-83
-66
-40
-55
-65
-1
67
62
36
44
70
110
150
167
161
139
144
181
225
239
214
184
187
192
193
194
171
123
96
101
103
77
32
1
-17
-25
-24
-30
-57
-82
-99
-99
-92
-77
-91
-124
-130
-113
-99
-100
-100
-104
-114
-123
-93
-88
-111
-126
-115
-102
-103
-111
-106
-82
-115
-132
-73
-54
-106
-126
-116
-106
-126
-150
-137
-137
-169
-196
-187
-156
-160
-212
-219
-193
-175
-180
-209
-210
-198
-214
-217
-149
-8
43
-77
-156
-7
217
238
137
175
282
248
196
318
481
439
269
249
384
428
323
270
310
297
212
180
220
179
59
21
65
82
29
-43
-96
-135
-116
-68
-77
-137
-168
-183
-209
-178
-104
-90
-165
-205
-151
-99
-88
-68
-50
-74
-78
-24
47
53
45
57
85
107
156
196
186
159
159
206
256
274
249
209
195
210
224
229
208
153
102
106
123
109
66
34
-10
-35
-19
-5
-33
-71
-88
-96
-87
-73
-69
-97
-120
-104
-90
-86
-84
-99
-119
-113
-88
-69
-86
-111
-118
-114
-104
-89
-93
-111
-133
-133
-128
-120
-114
-115
-140
-166
-160
-138
-130
-160
-183
-188
-187
-201
-202
-200
-204
-227
-240
-231
-225
-241
-255
-258
-246
-163
-44
-18
-106
-156
-16
180
215
160
185
256
236
231
353
500
443
295
273
380
414
354
316
322
288
205
190
218
187
89
42
57
55
15
-38
-101
-143
-113
-85
-113
-165
-193
-214
-227
-196
-126
-120
-191
-223
-174
-121
-91
-59
-50
-84
-94
-39
26
58
58
62
67
104
153
169
172
179
196
204
223
243
232
211
216
220
217
230
206
150
115
126
128
102
80
50
-6
-36
-24
-15
-33
-60
-89
-114
-110
-87
-79
-93
-97
-103
-113
-113
-88
-91
-99
-94
-94
-99
-104
-110
-120
-120
-101
-101
-115
-119
-124
-137
-133
-107
-108
-134
-157
-170
-165
-168
-163
-173
-181
-211
-230
-225
-207
-208
-223
-230
-240
-242
-258
-251
-239
-255
-270
-241
-110
15
-55
-188
-121
128
245
160
123
249
274
200
262
469
531
354
225
320
436
402
322
327
324
230
157
195
228
148
55
28
42
21
-21
-72
-125
-140
-102
-104
-171
-195
-202
-235
-238
-175
-121
-175
-246
-228
-164
-125
-82
-57
-82
-125
-95
-18
33
54
76
63
56
106
160
189
187
196
198
212
231
254
241
235
234
221
237
226
180
138
138
142
128
102
71
25
-24
-14
6
-6
-28
-68
-113
-125
-97
-61
-70
-91
-103
-124
-129
-101
-68
-76
-94
-101
-101
-105
-109
-97
-97
-99
-102
-114
-126
-133
-140
-128
-119
-135
-154
-178
-185
-188
-187
-182
-178
-195
-227
-237
-240
-225
-230
-226
-234
-261
-271
-278
-264
-242
-245
-283
-281
-165
-6
-7
-160
-159
63
246
208
138
231
299
238
236
429
566
448
256
267
410
435
366
327
322
248
148
154
218
194
90
6
-8
-9
-21
-71
-130
-161
-151
-156
-202
-219
-214
-233
-274
-235
-162
-171
-244
-259
-199
-153
-113
-75
-83
-121
-125
-61
10
51
70
60
30
57
122
177
197
196
182
179
194
229
250
253
239
209
195
210
196
154
134
127
119
77
47
21
-16
-35
-18
-21
-33
-59
-106
-128
-104
-65
-53
-71
-90
-112
-129
-107
-62
-50
-77
-105
-121
-120
-106
-85
-84
-97
-115
-135
-139
-131
-122
-129
-131
-129
-137
-163
-171
-181
-181
-175
-174
-192
-220
-222
-236
-241
-220
-203
-213
-230
-238
-269
-256
-232
-218
-232
-257
-242
-143
-5
-3
-140
-148
100
269
184
123
251
324
237
241
459
571
418
245
288
430
444
355
333
338
256
136
148
235
215
80
0
-1
-3
-23
-59
-105
-137
-124
-156
-209
-194
-164
-212
-278
-222
-149
-175
-231
-215
-168
-153
-119
-74
-69
-104
-98
-36
11
55
70
59
22
54
203
226
181
143
199
235
232
248
283
262
215
215
215
251
247
160
126
130
137
90
49
46
16
-32
-27
-6
-21
-47
-106
-131
-93
-55
-63
-98
-109
-99
-124
-110
-55
-49
-89
-105
-106
-100
-91
-80
-87
-109
-116
-102
-124
-130
-130
-130
-135
-137
-136
-151
-174
-193
-187
-179
-166
-181
-222
-232
-219
-218
-204
-208
-223
-225
-248
-258
-258
-249
-226
-243
-267
-262
-180
-27
12
-105
-160
34
242
229
134
216
326
263
230
396
561
479
279
265
399
449
381
335
345
294
168
137
218
231
124
14
-14
-2
-14
-56
-100
-127
-130
-158
-205
-204
-166
-203
-270
-253
-175
-173
-228
-229
-189
-167
-143
-95
-74
-92
-109
-71
-10
40
77
78
56
57
108
171
212
214
193
181
185
216
264
281
258
207
194
196
192
173
163
144
105
68
52
42
21
-5
-21
-20
-16
-44
-90
-105
-80
-54
-55
-62
-81
-109
-134
-110
-66
-47
-72
-110
-130
-129
-114
-88
-72
-89
-127
-164
-155
-146
-128
-131
-142
-150
-172
-190
-190
-184
-161
-156
-180
-212
-227
-230
-209
-196
-194
-205
-232
-237
-233
-209
-210
-226
-235
-239
-252
-248
-210
-63
55
-24
-175
-83
195
296
172
169
328
329
219
292
528
577
374
248
345
448
411
332
350
349
228
118
159
238
186
56
0
11
-1
-43
-91
-124
-121
-131
-185
-218
-177
-182
-257
-279
-191
-138
-188
-228
-204
-171
-152
-98
-44
-59
-88
-76
-34
22
70
93
64
36
58
99
233
307
224
128
136
261
320
313
294
240
169
185
225
245
244
164
63
31
68
108
53
-4
-24
-46
-45
-18
-38
-73
-96
-94
-77
-50
-43
-88
-145
-130
-77
-58
-54
-83
-135
-159
-128
-91
-69
-91
-130
-175
-180
-133
-95
-120
-149
-180
-203
-183
-161
-159
-181
-212
-229
-232
-233
-204
-209
-245
-271
-266
-235
-212
-224
-240
-260
-268
-251
-238
-223
-233
-196
-75
22
-51
-117
-3
203
249
183
242
352
322
252
342
533
562
404
311
367
414
378
340
363
348
209
108
137
195
159
59
-4
-24
-51
-91
-121
-125
-117
-158
-228
-230
-188
-199
-255
-256
-185
-160
-193
-199
-172
-153
-140
-88
-49
-42
-48
-38
-3
34
79
113
100
87
84
179
289
251
185
172
254
300
291
284
277
208
181
205
219
231
162
70
31
46
73
48
2
-21
-58
-80
-42
-23
-39
-79
-103
-80
-52
-39
-48
-77
-84
-77
-71
-51
-37
-67
-108
-110
-90
-76
-85
-104
-133
-153
-131
-116
-128
-148
-172
-188
-190
-173
-168
-185
-224
-244
-233
-223
-210
-207
-224
-243
-264
-254
-220
-195
-190
-206
-251
-260
-247
-213
-195
-182
-91
18
2
-104
-76
147
304
247
200
308
354
276
282
465
596
481
326
322
397
402
348
341
359
265
122
91
150
159
78
-13
-41
-53
-90
-134
-159
-147
-146
-198
-232
-205
-186
-230
-270
-208
-136
-150
-175
-156
-123
-108
-71
-16
9
-8
-3
33
77
122
156
160
150
164
194
229
243
248
236
226
243
259
247
225
197
168
170
170
147
104
64
35
19
18
26
-1
-42
-63
-64
-46
-22
-13
-39
-56
-52
-26
-9
-3
4
-22
-42
-41
-19
-11
-20
-38
-60
-75
-83
-79
-83
-102
-126
-142
-144
-146
-160
-175
-183
-190
-185
-182
-194
-220
-220
-203
-203
-214
-210
-211
-224
-226
-227
-207
-198
-200
-212
-229
-222
-226
-231
-224
-205
-173
-52
52
6
-81
0
219
294
236
273
371
356
281
347
524
566
433
327
360
402
363
315
325
302
181
74
93
132
94
3
-56
-75
-91
-124
-163
-184
-179
-198
-241
-238
-184
-184
-247
-264
-194
-140
-148
-145
-110
-98
-93
-54
2
31
26
28
67
124
158
167
171
179
183
208
240
255
239
209
208
218
224
218
184
145
121
113
103
84
60
36
-6
-27
-21
-20
-26
-50
-60
-56
-33
-11
-10
-24
-28
-17
2
27
41
28
-2
-19
-9
6
10
-5
-32
-55
-83
-94
-86
-88
-114
-154
-171
-183
-191
-194
-190
-196
-202
-219
-221
-215
-213
-218
-218
-224
-211
-220
-219
-220
-236
-232
-203
-180
-179
-188
-204
-219
-229
-206
-183
-161
-61
70
77
-27
-39
156
328
318
291
369
412
336
303
451
587
521
375
339
376
368
301
283
297
229
107
40
56
55
-10
-83
-107
-103
-111
-158
-203
-206
-193
-218
-235
-189
-140
-171
-231
-212
-133
-94
-94
-66
-36
-24
-15
21
68
90
96
94
111
163
221
201
153
162
205
229
226
219
209
176
154
162
176
185
144
72
44
49
49
27
8
-2
-26
-54
-53
-41
-39
-44
-58
-41
-4
20
6
-19
-8
17
35
50
62
45
2
-18
-9
11
14
-9
-53
-97
-111
-110
-122
-136
-155
-168
-192
-200
-205
-198
-234
-225
-218
-238
-194
-202
-234
-235
-221
-224
-213
-202
-193
-195
-203
-211
-210
-187
-174
-192
-211
-213
-205
-204
-145
2
114
73
-20
29
207
328
332
337
390
403
374
365
440
507
485
407
330
315
331
315
253
179
146
128
92
23
-40
-60
-87
-134
-160
-144
-139
-171
-222
-245
-226
-185
-153
-146
-162
-169
-148
-123
-96
-57
-13
4
10
20
38
61
87
96
114
141
159
170
166
166
160
165
183
196
187
174
158
144
133
117
117
110
82
52
25
10
13
3
-16
-31
-36
-27
-23
-19
-19
-16
-7
10
24
31
33
36
32
24
24
31
36
25
-2
-27
-31
-38
-48
-75
-103
-122
-136
-143
-153
-165
-181
-197
-206
-206
-197
-192
-204
-216
-225
-217
-189
-176
-181
-194
-206
-196
-192
-180
-167
-171
-181
-186
-174
-167
-174
-183
-180
-178
-183
-154
-48
85
132
59
-5
59
207
340
382
351
297
282
343
420
438
394
352
333
326
312
285
252
211
175
140
109
86
66
46
0
-47
-91
-96
-68
-56
-69
-116
-167
-174
-142
-100
-81
-94
-125
-137
-113
-75
-38
-34
-34
-27
-5
14
25
29
36
54
84
106
111
119
126
137
141
139
149
154
165
170
165
154
136
111
96
92
87
67
40
15
-5
-13
-21
-31
-34
-30
-20
-15
-9
16
23
9
29
48
57
69
73
60
29
35
26
30
22
17
13
-28
-49
-64
-59
-53
-77
-95
-112
-120
-111
-104
-102
-111
-128
-138
-139
-134
-116
-88
-96
-118
-110
-120
-122
-97
-66
-66
-79
-90
-84
-54
-50
-38
-49
-51
-57
-70
-52
-49
-39
-46
-66
-70
-67
-66
-62
-42
-14
-6
-4
-6
-7
9
24
52
82
101
98
91
98
113
128
144
154
147
138
137
143
152
150
137
124
112
98
88
82
79
65
50
33
19
11
6
17
21
21
4
-21
-33
-23
-7
3
-6
-17
-30
-38
-37
-23
-4
-11
-19
-31
-32
-18
-2
0
-3
1
6
11
18
38
42
41
39
38
47
57
62
61
60
67
71
77
81
78
80
80
85
79
90
89
83
80
79
81
79
73
56
47
40
41
33
9
3
6
0
4
-18
-42
-38
-33
-32
-36
-39
-56
-70
-70
-77
-77
-68
-72
-83
-97
-97
-96
-95
-87
-94
-92
-92
-89
-95
-87
-82
-94
-92
-82
-83
-77
-66
-75
-92
-86
-75
-75
-61
-73
-85
-85
-74
-76
-81
-70
-74
-78
-76
-73
-70
-77
-81
-83
-73
-43
-6
28
46
41
30
34
69
117
147
161
160
152
147
156
168
174
168
147
139
123
116
111
96
79
58
41
30
15
16
4
-6
-16
-34
-48
-59
-64
-49
-30
-27
-37
-46
-54
-69
-61
-34
1
27
10
-2
13
16
5
40
63
61
68
77
91
99
102
93
93
112
128
127
136
139
129
117
116
104
107
105
100
99
103
79
47
64
59
36
20
44
27
9
27
13
-27
7
16
-59
-33
9
6
-43
-67
-33
-26
-92
-73
-61
-72
-52
-54
-77
-71
-65
-106
-75
-96
-107
-92
-15
-31
-91
-69
-96
-90
-83
-82
-75
-72
-64
-78
-81
-94
-99
-78
-98
-88
-70
-63
-90
-95
-64
-70
-110
-102
-72
-80
-94
-72
-52
-70
-81
-74
-68
-66
-37
-12
22
72
97
84
95
108
116
142
172
188
193
202
197
197
193
184
169
141
122
115
115
103
79
49
13
-10
-33
-47
-49
-54
-52
-59
-66
-75
-94
-100
-99
-75
-42
-31
-37
-44
-44
-33
-9
6
-1
14
28
57
90
95
102
90
84
94
117
139
173
183
172
170
171
171
164
161
153
158
160
152
130
109
88
74
70
57
37
21
16
16
18
4
-5
-32
-35
-41
-43
-33
-46
-54
-48
-31
-29
-69
-73
-57
-53
-38
-62
-91
-70
-38
-73
-78
-68
-73
-95
-86
-62
-74
-96
-98
-86
-92
-103
-89
-82
-96
-82
-103
-107
-92
-75
-88
-100
-76
-76
-67
-76
-83
-85
-81
-67
-74
-96
-80
-72
-84
-82
-70
-80
-83
-71
-64
-54
-40
0
63
108
133
132
121
142
185
237
266
272
250
224
237
255
258
238
194
155
135
131
117
78
45
12
-6
-35
-54
-73
-102
-109
-113
-110
-114
-121
-119
-109
-89
-70
-60
-62
-52
-35
-8
25
42
48
58
76
106
132
151
163
159
170
189
211
217
209
200
185
181
184
185
173
158
141
113
92
71
56
43
31
19
-3
-25
-33
-36
-32
-25
-36
-46
-57
-55
-46
-37
-31
-29
-27
-22
-26
-35
-20
-25
-36
-21
-16
-44
-59
-54
-75
-88
-81
-104
-125
-123
-131
-143
-135
-143
-173
-168
-152
-142
-140
-143
-148
-145
-132
-124
-125
-122
-122
-117
-118
-101
-95
-121
-121
-108
-99
-99
-99
-91
-105
-109
-118
-121
-118
-127
-131
-111
-48
35
112
158
173
183
205
241
285
317
309
290
297
322
342
341
316
278
229
187
150
106
74
35
7
-14
-41
-78
-114
-139
-147
-156
-168
-190
-208
-199
-167
-132
-108
-99
-94
-87
-55
-21
3
14
26
58
92
134
166
182
186
193
201
213
221
222
222
217
218
214
202
189
187
177
142
111
85
64
56
45
30
11
-10
-30
-40
-38
-36
-42
-48
-48
-44
-32
-20
-10
-7
0
13
15
16
17
13
10
-4
-16
-30
-38
-52
-65
-80
-99
-118
-135
-146
-158
-173
-189
-196
-196
-188
-183
-192
-206
-217
-209
-186
-175
-167
-164
-170
-169
-158
-144
-138
-139
-147
-152
-147
-128
-105
-97
-97
-94
-92
-109
-122
-130
-126
-121
-69
31
127
196
234
276
325
365
389
383
363
342
341
360
372
367
342
321
288
237
178
111
42
-14
-54
-86
-119
-147
-155
-158
-170
-187
-211
-229
-226
-209
-192
-175
-161
-129
-77
-30
9
36
48
64
83
106
131
153
183
214
234
245
246
243
247
249
235
204
172
151
142
141
138
127
105
90
72
53
36
19
-1
-18
-23
-20
-18
-12
-5
8
14
20
19
26
35
38
39
36
41
45
48
45
37
16
-8
-31
-45
-64
-89
-115
-138
-160
-175
-189
-196
-198
-207
-221
-235
-237
-231
-222
-210
-201
-190
-182
-169
-145
-125
-122
-128
-134
-129
-126
-121
-119
-122
-124
-136
-140
-135
-137
-145
-151
-157
-164
-172
-163
-165
-151
-107
-19
83
159
215
270
341
394
426
428
403
388
382
386
380
359
345
326
302
254
187
132
72
11
-60
-131
-181
-206
-200
-200
-204
-216
-222
-212
-200
-190
-185
-177
-163
-136
-97
-51
-1
50
103
141
161
169
182
194
217
228
222
214
211
230
238
236
211
192
172
149
127
93
70
47
36
28
28
28
32
36
34
32
27
25
28
34
35
36
48
70
90
103
103
106
111
108
102
92
76
56
39
26
7
-22
-44
-60
-75
-102
-128
-163
-183
-200
-221
-239
-244
-245
-246
-244
-236
-212
-197
-182
-174
-163
-156
-143
-130
-114
-99
-92
-92
-94
-99
-107
-110
-120
-130
-138
-145
-150
-154
-151
-166
-178
-189
-207
-213
-219
-197
-146
-61
33
109
192
277
363
425
450
460
443
433
416
392
380
364
357
350
321
278
233
183
125
46
-44
-126
-184
-222
-243
-257
-262
-256
-241
-216
-203
-187
-172
-161
-148
-137
-121
-82
-28
18
63
107
154
195
235
250
252
248
241
229
213
207
201
196
194
184
170
160
148
119
93
66
33
18
9
4
-1
-2
12
25
45
55
63
73
77
74
66
65
71
90
101
113
123
132
131
129
115
98
72
44
11
-24
-56
-80
-93
-108
-129
-153
-176
-198
-213
-224
-234
-241
-248
-259
-254
-235
-210
-190
-168
-153
-132
-115
-100
-90
-81
-72
-72
-68
-72
-74
-85
-97
-112
-131
-139
-155
-158
-162
-169
-168
-172
-181
-191
-205
-222
-232
-219
-176
-93
-3
82
154
239
337
402
439
450
444
435
407
373
348
324
311
296
271
245
211
186
131
57
-24
-100
-163
-219
-256
-288
-297
-289
-271
-239
-212
-183
-151
-135
-123
-118
-100
-71
-41
-2
31
71
119
175
212
248
276
283
275
254
228
208
190
168
151
136
132
131
127
117
98
74
58
46
24
6
-8
-8
-3
9
31
45
69
84
96
100
114
125
126
125
117
117
123
127
127
128
119
107
80
53
21
-13
-36
-64
-93
-126
-157
-179
-198
-212
-225
-231
-224
-225
-221
-213
-197
-185
-177
-171
-169
-152
-130
-109
-89
-71
-55
-50
-42
-40
-42
-52
-71
-92
-111
-124
-141
-151
-156
-161
-164
-163
-171
-171
-179
-203
-221
-229
-213
-169
-95
-8
72
163
261
356
435
472
485
482
464
425
383
343
316
290
261
239
219
206
191
142
74
8
-61
-130
-199
-255
-291
-303
-307
-284
-250
-207
-158
-130
-98
-76
-62
-46
-31
-22
-9
16
51
89
131
175
218
249
266
265
257
236
202
169
133
109
88
69
59
54
58
60
62
57
49
35
18
1
-6
0
4
10
23
35
54
82
109
134
149
157
159
159
150
140
120
106
96
76
63
54
43
20
-1
-19
-45
-76
-107
-142
-174
-197
-223
-236
-237
-231
-221
-217
-204
-189
-177
-166
-156
-150
-141
-136
-122
-106
-95
-80
-66
-46
-42
-38
-45
-56
-72
-99
-127
-150
-168
-181
-191
-188
-187
-186
-176
-183
-190
-202
-207
-213
-208
-165
-96
-20
50
140
243
345
404
446
480
490
473
426
378
338
300
260
220
187
170
160
139
108
59
20
-37
-104
-169
-221
-258
-287
-307
-309
-290
-254
-202
-160
-119
-83
-44
-17
-3
15
33
48
58
73
101
142
177
206
229
244
258
253
231
206
179
135
95
56
28
14
10
6
11
17
24
36
42
42
39
32
20
7
0
8
19
34
56
80
106
137
155
160
162
157
141
118
92
71
49
24
-1
-14
-25
-35
-52
-76
-99
-126
-151
-177
-203
-224
-241
-245
-244
-231
-216
-202
-181
-164
-147
-131
-116
-104
-98
-91
-86
-81
-72
-70
-63
-63
-61
-67
-79
-88
-108
-128
-140
-149
-155
-160
-169
-172
-182
-186
-191
-202
-203
-191
-157
-98
-27
40
117
209
300
368
419
456
474
465
433
392
357
315
275
232
193
177
162
141
112
76
46
-2
-58
-119
-170
-209
-249
-278
-289
-277
-248
-216
-176
-130
-82
-42
-13
9
27
49
58
60
63
75
96
123
151
185
204
222
234
228
217
197
169
128
85
52
26
8
-6
-15
-4
8
24
38
43
49
48
36
26
17
10
14
14
29
51
69
95
118
132
146
155
149
125
103
76
48
19
-11
-34
-54
-75
-92
-108
-121
-138
-155
-176
-199
-212
-219
-228
-239
-236
-226
-219
-208
-195
-174
-152
-134
-121
-105
-95
-85
-80
-75
-72
-70
-71
-80
-88
-94
-103
-118
-134
-146
-157
-162
-170
-180
-177
-179
-179
-191
-205
-206
-208
-200
-168
-109
-42
16
100
192
283
345
395
440
459
454
409
366
333
295
244
198
163
146
131
117
95
76
52
19
-33
-96
-132
-178
-224
-263
-289
-287
-263
-235
-196
-151
-102
-53
-18
9
40
62
77
71
70
81
96
117
135
160
187
204
212
218
216
204
176
139
106
69
34
6
-14
-22
-22
-15
-10
1
19
34
39
33
32
30
28
25
25
35
44
64
83
105
130
142
158
160
149
132
113
89
58
25
-3
-33
-64
-87
-108
-125
-141
-160
-171
-175
-180
-195
-202
-208
-210
-208
-214
-211
-196
-181
-167
-154
-138
-120
-103
-90
-78
-68
-65
-59
-56
-66
-78
-89
-105
-114
-128
-142
-148
-155
-164
-172
-174
-171
-174
-186
-195
-200
-199
-191
-160
-100
-35
19
95
193
286
349
395
437
456
448
417
378
350
306
255
203
168
145
128
109
85
68
51
23
-29
-71
-114
-154
-200
-244
-266
-270
-258
-241
-215
-172
-121
-76
-32
6
43
77
88
93
96
109
113
120
133
146
167
179
184
193
197
199
184
159
132
98
66
32
8
-15
-28
-32
-29
-24
-9
8
13
25
34
37
36
39
42
45
51
61
68
85
101
111
122
124
128
119
104
85
61
39
3
-29
-63
-92
-114
-137
-156
-170
-176
-176
-181
-180
-182
-180
-174
-177
-176
-174
-175
-172
-171
-159
-150
-142
-134
-124
-108
-99
-85
-82
-86
-88
-94
-99
-108
-116
-125
-135
-143
-141
-143
-146
-145
-143
-144
-151
-163
-168
-175
-181
-175
-139
-82
-31
19
103
198
268
323
375
420
437
419
386
365
327
281
228
182
151
132
112
86
73
62
42
7
-34
-63
-94
-134
-186
-230
-250
-256
-256
-248
-220
-178
-140
-95
-54
-7
37
66
83
95
110
115
117
116
124
128
135
139
148
167
179
181
166
152
139
113
89
67
42
22
2
-11
-15
-8
-4
4
14
28
43
44
51
55
58
56
55
62
63
78
76
79
92
95
99
101
96
87
73
50
23
-1
-24
-51
-80
-106
-127
-141
-148
-155
-157
-153
-153
-153
-153
-150
-143
-152
-156
-159
-164
-162
-162
-157
-150
-143
-133
-125
-111
-98
-94
-89
-89
-96
-98
-111
-122
-128
-140
-147
-148
-153
-150
-150
-157
-169
-175
-176
-172
-141
-90
-45
-5
59
143
221
277
328
384
419
414
395
380
363
328
277
226
189
162
132
99
74
58
39
12
-19
-48
-72
-99
-146
-187
-211
-232
-245
-256
-244
-221
-190
-160
-120
-72
-26
10
32
56
78
92
97
101
110
112
107
110
118
128
133
130
129
132
125
114
96
78
67
49
26
8
1
-2
-14
-15
-14
-8
6
12
20
28
41
51
54
60
70
75
76
73
76
80
80
70
64
62
48
35
15
1
-14
-35
-61
-83
-98
-117
-133
-148
-161
-166
-169
-166
-169
-161
-153
-153
-146
-146
-141
-143
-148
-153
-153
-154
-153
-151
-152
-148
-141
-144
-146
-147
-144
-146
-154
-164
-173
-174
-179
-182
-185
-185
-187
-193
-196
-198
-193
-186
-150
-96
-42
10
72
153
225
280
332
380
406
404
386
364
345
308
256
208
169
142
108
80
60
39
27
-3
-39
-64
-87
-115
-161
-198
-222
-241
-253
-263
-253
-232
-203
-175
-136
-88
-42
-1
24
47
69
81
86
91
100
102
102
96
101
110
115
113
110
111
108
97
81
71
55
36
17
-3
-5
-12
-20
-21
-17
-7
-3
0
12
17
33
45
45
52
63
68
71
75
77
80
76
66
59
51
43
26
13
1
-17
-32
-55
-71
-82
-103
-123
-138
-146
-149
-154
-158
-163
-161
-155
-157
-158
-151
-149
-151
-147
-146
-138
-140
-141
-140
-135
-129
-128
-129
-130
-135
-133
-144
-149
-148
-158
-163
-166
-171
-174
-170
-173
-182
-185
-187
-191
-192
-167
-116
-67
-25
38
111
188
247
301
361
396
414
403
388
370
344
297
245
193
157
129
98
71
57
43
17
-13
-34
-50
-85
-123
-168
-198
-221
-239
-259
-258
-242
-226
-203
-168
-122
-72
-36
-2
30
56
78
86
96
103
107
104
98
99
105
110
104
104
112
117
113
101
94
85
77
57
44
30
25
13
-5
-2
-4
-5
-3
-2
10
23
32
39
45
58
65
65
66
64
68
65
55
46
43
33
20
8
-1
-10
-24
-42
-60
-70
-84
-107
-126
-138
-149
-156
-169
-172
-170
-171
-167
-166
-162
-159
-152
-152
-151
-147
-143
-140
-145
-145
-145
-143
-145
-150
-150
-154
-162
-162
-168
-165
-165
-163
-163
-163
-158
-163
-169
-177
-179
-183
-178
-155
-106
-56
-14
45
119
193
251
304
359
395
400
388
375
351
318
272
221
182
146
113
78
60
46
29
7
-13
-31
-50
-78
-113
-147
-177
-205
-226
-240
-247
-232
-223
-200
-160
-114
-72
-27
5
37
68
90
103
110
114
109
104
96
96
99
103
101
102
111
115
113
111
115
110
99
86
73
53
44
33
25
21
18
20
18
27
29
39
48
58
69
78
80
83
86
82
85
79
64
59
51
44
33
21
13
1
-13
-28
-38
-53
-67
-84
-99
-110
-113
-127
-137
-141
-146
-145
-148
-147
-143
-139
-140
-142
-137
-132
-130
-132
-131
-134
-130
-134
-138
-135
-141
-147
-149
-149
-152
-150
-151
-146
-140
-139
-133
-125
-130
-133
-137
-141
-139
-114
-76
-34
8
54
117
182
239
288
337
369
374
374
363
344
319
274
223
181
145
111
77
58
47
27
5
-7
-16
-31
-54
-86
-118
-142
-173
-194
-219
-229
-230
-222
-205
-178
-139
-103
-59
-26
10
45
71
85
93
99
103
95
87
83
78
76
74
75
81
92
95
100
103
106
104
103
89
78
73
58
42
35
25
16
9
8
12
18
26
28
41
52
60
61
63
67
62
51
38
28
20
6
-2
-10
-18
-27
-38
-47
-56
-61
-75
-88
-99
-109
-115
-124
-133
-140
-145
-153
-159
-159
-157
-158
-158
-156
-157
-156
-156
-159
-160
-161
-163
-167
-168
-171
-168
-167
-170
-163
-161
-154
-146
-136
-129
-117
-108
-98
-86
-86
-88
-93
-84
-70
-38
-9
19
56
100
156
202
247
284
308
324
321
316
299
271
235
196
155
122
90
60
36
18
2
-12
-23
-33
-39
-54
-73
-96
-114
-130
-156
-175
-183
-191
-186
-179
-160
-127
-89
-54
-22
12
45
69
84
94
99
96
87
83
75
74
67
70
74
81
91
97
107
115
121
129
125
122
118
108
95
77
65
48
33
22
9
8
9
10
19
24
40
49
51
51
54
50
45
34
24
11
0
-11
-21
-27
-35
-36
-40
-45
-47
-51
-57
-63
-71
-79
-83
-95
-107
-113
-116
-126
-134
-138
-147
-148
-149
-147
-144
-138
-145
-144
-145
-147
-152
-156
-154
-157
-153
-151
-143
-134
-130
-119
-110
-100
-88
-76
-68
-66
-65
-70
-72
-76
-64
-42
-18
11
40
86
149
195
239
283
310
334
330
320
302
267
232
178
131
94
62
27
0
-9
-18
-22
-27
-32
-36
-36
-53
-73
-89
-109
-131
-153
-170
-179
-179
-176
-161
-129
-94
-62
-25
8
42
69
85
93
101
107
95
84
78
71
65
63
64
72
81
90
94
112
121
124
122
120
117
97
81
60
41
26
10
-5
-9
-9
-10
0
10
24
31
38
42
46
47
41
26
17
6
-6
-15
-29
-36
-37
-44
-42
-44
-46
-50
-53
-61
-68
-75
-81
-88
-98
-105
-117
-125
-136
-139
-139
-146
-145
-142
-142
-134
-132
-128
-127
-130
-126
-124
-117
-120
-120
-110
-109
-107
-98
-86
-75
-61
-48
-39
-30
-26
-18
-17
-28
-32
-36
-48
-51
-48
-40
-25
-2
23
50
90
120
150
175
195
205
208
203
193
174
148
123
102
79
55
43
32
27
22
20
15
6
-1
-5
-16
-33
-46
-64
-77
-88
-99
-100
-101
-93
-77
-60
-44
-22
-2
13
29
46
55
61
67
65
62
57
56
61
64
70
74
77
81
92
101
101
98
97
96
91
85
78
68
57
44
39
37
34
36
34
34
36
42
42
42
36
33
22
13
4
-10
-22
-34
-43
-52
-59
-66
-60
-66
-65
-66
-67
-67
-72
-69
-75
-78
-79
-83
-84
-88
-92
-98
-101
-103
-104
-104
-104
-100
-103
-109
-109
-107
-109
-113
-113
-117
-119
-120
-123
-123
-119
-107
-105
-93
-80
-68
-55
-44
-35
-22
-22
-20
-12
-20
-19
-25
-31
-30
-29
-28
-19
-4
9
32
46
64
87
105
120
124
129
128
126
113
103
88
69
57
37
28
22
18
9
3
2
-2
-4
-12
-17
-21
-29
-37
-42
-48
-54
-54
-58
-51
-39
-30
-16
-8
7
12
22
34
43
48
52
54
50
50
50
50
46
46
47
51
49
53
54
52
52
52
48
42
41
32
25
22
16
22
13
10
15
11
14
10
13
13
6
3
-1
-9
-18
-26
-37
-43
-52
-61
-66
-68
-76
-77
-73
-74
-74
-72
-67
-65
-71
-74
-75
-83
-86
-91
-90
-93
-100
-101
-96
-87
-82
-77
-77
-76
-71
-77
-81
-78
-82
-88
-90
-89
-92
-89
-82
-78
-70
-66
-60
-51
-42
-35
-31
-26
-26
-20
-19
-15
-10
-7
-7
-8
-9
-10
-6
0
1
-1
3
6
12
10
19
24
26
33
42
53
58
60
65
69
71
69
61
57
48
38
28
22
12
9
2
1
0
-5
-1
-3
0
0
3
8
9
11
14
14
22
27
32
39
44
49
52
58
62
64
65
63
70
70
72
68
62
64
62
63
59
58
54
41
36
27
18
11
7
-2
-2
-5
-8
-9
-11
-9
-11
-14
-18
-21
-21
-26
-33
-38
-44
-47
-53
-53
-56
-57
-57
-55
-57
-53
-50
-50
-48
-48
-48
-52
-57
-63
-68
-73
-77
-79
-76
-74
-73
-66
-60
-60
-52
-45
-40
-37
-37
-40
-47
-51
-52
-56
-61
-63
-67
-63
-55
-50
-41
-38
-39
-35
-29
-26
-26
-24
-24
-21
-21
-15
-13
-13
-9
-6
-6
-3
0
-3
-6
-13
-11
-20
-23
-28
-35
-35
-35
-34
-24
-17
-13
-1
3
16
21
27
22
24
26
25
23
17
15
7
11
13
14
21
31
33
34
44
49
45
39
42
38
36
32
27
24
23
25
25
34
35
38
39
40
45
55
52
54
45
45
41
37
38
25
25
15
10
1
-4
-9
-17
-25
-31
-40
-44
-53
-64
-67
-70
-73
-71
-70
-67
-73
-75
-74
-78
-74
-76
-70
-67
-58
-56
-47
-42
-40
-40
-36
-33
-30
-31
-37
-39
-44
-40
-43
-40
-40
-38
-33
-31
-26
-26
-29
-33
-29
-36
-42
-47
-47
-48
-51
-53
-48
-43
-40
-35
-29
-17
-11
-5
-4
-3
-1
-1
-1
-5
-8
-9
-5
-1
-5
-3
-8
-7
-1
-5
-13
-16
-14
-22
-25
-25
-25
-29
-25
-18
-15
-6
0
2
10
15
22
28
28
31
30
36
34
31
28
27
25
23
24
23
23
18
24
31
36
39
40
47
57
62
64
63
64
63
60
57
61
63
62
60
65
62
64
67
64
61
61
56
49
40
31
25
17
11
3
1
-3
-9
-17
-21
-24
-31
-35
-39
-42
-46
-49
-50
-53
-54
-57
-55
-52
-51
-50
-50
-53
-53
-50
-49
-49
-43
-39
-39
-38
-36
-31
-36
-35
-29
-30
-28
-36
-36
-36
-32
-22
-20
-23
-24
-16
-13
-9
-12
-18
-22
-27
-32
-35
-36
-42
-42
-35
-36
-32
-28
-28
-26
-26
-25
-29
-25
-26
-27
-27
-25
-24
-20
-15
-16
-12
-8
-8
-6
-4
-7
-10
-10
-10
-20
-25
-23
-23
-22
-22
-20
-18
-15
-8
-3
-5
-3
-1
-4
0
-6
-5
-10
-13
-16
-19
-12
-12
-11
-8
-3
-1
8
13
16
21
23
24
25
31
33
32
33
37
35
38
38
36
38
39
41
45
46
42
46
46
47
45
43
43
41
37
29
26
24
20
17
12
7
1
-2
-8
-14
-17
-20
-24
-27
-30
-31
-33
-32
-30
-31
-30
-26
-25
-21
-16
-13
-13
-14
-10
-13
-14
-15
-15
-13
-17
-18
-18
-12
-14
-16
-14
-17
-16
-13
-8
-13
-14
-12
-14
-10
-10
-15
-10
-14
-16
-18
-21
-23
-26
-24
-23
-20
-15
-12
-14
-12
-15
-14
-11
-10
-12
-15
-10
-16
-16
-16
-17
-14
-14
-13
-12
-14
-14
-12
-11
-8
-7
-10
-9
-4
-6
-6
-3
-4
-2
-4
-7
-9
-6
-4
-2
-2
-4
-3
-3
-1
1
0
-1
3
2
-2
2
0
-1
5
9
9
13
18
19
25
26
26
30
33
35
38
41
47
43
42
46
46
49
48
50
45
41
38
33
26
21
15
14
9
9
4
2
-4
-4
-11
-13
-11
-18
-19
-23
-20
-19
-21
-16
-15
-17
-16
-11
-15
-11
-7
-9
-5
-6
-9
-11
-15
-12
-12
-14
-13
-13
-19
-18
-11
-13
-11
-10
-8
-5
-5
2
6
3
4
7
4
4
3
0
-2
-5
-3
-8
-5
-9
-10
-6
-9
-10
-16
-15
-11
-7
-8
-11
-6
-5
-3
-2
-1
-3
-9
-10
-6
-11
-11
-12
-11
-11
-9
-13
-14
-14
-20
-18
-17
-18
-22
-20
-21
-22
-19
-17
-18
-17
-17
-19
-18
-18
-20
-20
-18
-22
-22
-20
-15
-16
-15
-14
-11
-8
-13
-10
-10
-5
0
2
3
7
11
17
19
24
30
30
30
32
32
31
30
26
26
20
19
15
14
12
6
10
12
10
11
6
3
0
-1
-5
-12
-15
-18
-23
-24
-21
-22
-23
-23
-26
-20
-20
-17
-16
-14
-9
-8
-8
-9
-8
-6
-5
-12
-10
-9
-12
-8
-7
-6
-1
3
2
5
7
8
8
10
9
9
12
9
7
3
4
5
0
-1
-3
-1
5
2
1
-2
0
5
2
1
4
2
1
-1
1
2
-6
-6
-5
-2
-4
-1
-3
-2
1
0
3
-2
0
-3
-11
-16
-12
-18
-18
-17
-14
-10
-9
-9
-9
-6
-5
-8
-11
-10
-5
-5
-8
-5
-6
-3
-6
-6
-5
-1
0
0
3
3
9
12
10
11
10
13
16
18
15
11
13
10
7
13
15
15
14
16
21
26
28
30
33
27
28
25
20
20
17
12
6
3
-1
1
-2
-6
-7
-8
-12
-12
-16
-16
-18
-19
-19
-19
-16
-18
-20
-18
-21
-18
-15
-12
-12
-9
-9
-6
-1
0
4
4
4
7
2
0
0
0
3
3
4
8
3
4
7
3
7
8
4
4
11
7
7
10
9
7
7
3
4
4
-2
0
-2
-4
-6
-7
-5
-10
-7
-10
-6
-6
-5
-2
0
-1
-4
2
2
0
-3
1
-2
-3
-5
-10
-8
-7
-6
-7
-13
-9
-12
-14
-11
-11
-12
-15
-6
-4
-6
-4
-8
-10
-9
-11
-8
-7
-7
-8
-9
-6
-5
-8
-5
-2
-3
4
4
9
15
13
14
16
17
20
19
15
18
19
24
20
20
22
18
20
22
19
15
19
13
13
12
5
4
2
0
-1
-4
-6
-8
-8
-9
-8
-10
-13
-15
-18
-14
-20
-19
-20
-19
-24
-24
-18
-21
-16
-14
-11
-11
-9
-10
-6
-6
-4
-5
-8
-4
1
-1
-2
1
1
2
10
10
10
17
14
15
18
21
16
11
11
12
9
6
2
3
2
3
1
-2
2
0
3
1
-5
-5
-6
-2
-5
-9
-7
-10
-9
-8
-7
-9
-9
-7
-6
-5
-5
-7
-9
-11
-13
-13
-13
-10
-10
-11
-10
-14
-16
-12
-15
-12
-10
-13
-12
-10
-6
-4
-3
-7
-6
-10
-9
-14
-18
-16
-19
-20
-16
-10
-13
-14
-10
-8
-9
-8
-10
-8
-5
-7
-5
-2
0
3
3
3
4
9
7
4
4
1
-1
0
-1
-4
-10
-4
-9
-9
-14
-18
-15
-15
-21
-22
-26
-30
-29
-28
-29
-34
-29
-35
-35
-37
-35
-37
-33
-35
-32
-28
-30
-23
-19
-14
-18
-15
-13
-15
-13
-15
-15
-12
-9
-9
-11
-12
-10
-14
-14
-9
-8
-4
-7
-8
-5
-2
-2
-7
-3
-5
-7
-9
-7
-4
-3
-5
-4
-7
-8
-5
-7
-9
-10
-9
-7
-11
-16
-16
-19
-20
-18
-19
-25
-24
-25
-27
-27
-24
-21
-18
-18
-18
-14
-13
-16
-17
-14
-15
-15
-11
-12
-9
-9
-8
-5
-7
-5
-5
-2
-3
-3
-5
-5
0
-5
-8
-5
-3
-5
-10
-7
-8
-8
-2
-2
2
-1
0
4
1
0
4
3
8
6
5
8
8
8
8
11
6
5
4
4
1
-2
1
-6
-1
-4
-6
-5
-6
-4
-11
-8
-11
-11
-11
-14
-8
-10
-10
-14
-18
-18
-16
-15
-14
-17
-17
-9
-7
-10
-8
-8
-9
-7
-4
-3
-3
-1
-5
-6
1
-1
1
4
-2
-2
1
2
3
3
8
4
-2
-1
5
5
7
4
0
0
0
3
1
-3
-2
-5
-3
1
-2
-4
-6
-6
-7
-9
-8
-15
-19
-26
-24
-23
-24
-22
-25
-27
-24
-21
-27
-24
-25
-25
-25
-24
-22
-23
-24
-22
-23
-22
-26
-24
-22
-24
-18
-21
-21
-19
-23
-21
-20
-17
-15
-20
-17
-17
-16
-20
-21
-17
-23
-18
-15
-12
-15
-12
-12
-12
-11
-11
-10
-16
-8
-10
-9
-12
-8
-11
-13
-12
-8
-6
-11
-9
-7
-8
-11
-10
-16
-15
-16
-19
-20
-26
-28
-31
-31
-31
-35
-37
-34
-32
-35
-28
-37
-36
-36
-38
-37
-38
-35
-35
-32
-34
-33
-28
-30
-31
-28
-24
-26
-24
-20
-21
-24
-15
-18
-18
-16
-20
-17
-10
-15
-15
-10
-10
-11
-8
-6
-7
-7
-9
-5
-7
-8
-4
-4
-4
-8
-8
-7
-7
-7
-7
-6
-8
-10
-12
-15
-19
-16
-17
-20
-20
-22
-18
-16
-17
-17
-17
-15
-16
-15
-16
-14
-17
-19
-22
-23
-18
-16
-11
-17
-14
-16
-11
-12
-17
-17
-16
-16
-20
-20
-16
-13
-16
-16
-7
-9
-9
-7
-12
-5
-3
-1
-1
-1
2
4
6
3
0
4
2
2
4
1
-1
-1
-2
-3
-5
-6
-7
-7
-7
-3
-7
-5
-4
-8
-9
-10
-7
-9
-12
-17
-16
-13
-15
-16
-17
-12
-12
-13
-13
-12
-16
-15
-14
-17
-14
-16
-14
-18
-17
-15
-15
-14
-13
-12
-12
-9
-15
-12
-10
-9
-10
-14
-9
