-23
-18
-30
-21
-20
-31
-25
-27
-28
-30
-30
-29
-28
-28
-25
-27
-26
-22
-33
-27
-21
-33
-39
-26
-32
-32
-34
-25
-28
-28
-32
-31
-29
-29
-30
-29
-16
-26
-20
-33
-15
-21
-25
-19
-15
-21
-26
-8
-25
-24
1
3
3
-2
-8
-13
-30
-31
-48
-39
-33
-43
-33
-39
-34
-38
-38
-38
-36
-25
-30
-21
-20
-10
-16
-14
-11
-12
-16
-15
-20
-20
-17
-19
-11
-24
-16
-22
-14
-17
-18
-25
-17
-24
-26
-17
-23
-18
-23
-15
-28
-19
-33
-22
-20
-23
-29
-24
-25
-22
-18
-29
-13
-25
-18
-16
-15
-14
-16
-16
-21
-12
-24
-2
-15
-10
-11
-10
-22
-18
-13
-13
-8
-10
-1
-11
0
-15
-2
-11
-8
-14
-15
-16
-22
-10
-32
-14
-28
-12
-21
-14
-11
-25
-10
-27
-4
-27
-24
-13
-35
-15
-28
-20
-25
-31
-28
-21
-30
-29
-24
-38
-26
-41
-28
-42
-28
-40
-29
-29
-32
-31
-29
-21
-42
-22
-39
-30
-40
-27
-46
-27
-28
-30
-18
-23
-16
-18
-22
-12
-20
-23
-19
-24
-21
-16
-3
-21
-11
-10
-19
-19
-1
-14
-15
-7
-14
-5
-13
-4
-10
0
-10
-20
-2
-18
-6
-14
-4
-3
-8
0
-8
1
-14
-4
-11
-13
-18
-16
-9
-15
-13
-4
-17
-16
-9
-13
-8
-18
2
-29
1
-11
-27
3
-22
-8
-29
-10
-19
-15
-12
-13
-6
-13
4
-13
1
-7
-5
1
-20
0
-11
-7
-10
-5
-16
-16
-10
-21
-10
-19
-2
-21
-2
-12
-10
1
-15
2
-18
-3
-12
-3
-19
-1
-13
-8
-12
-4
-1
-8
-7
-3
0
-17
8
-19
7
-12
5
-13
-1
-3
-3
2
-7
1
-11
-3
-11
5
-10
-2
-3
-9
2
-6
-17
-2
-11
-12
-17
-7
-9
-20
5
-17
-5
-17
-5
-20
-16
-11
-30
-7
-35
-10
-35
-16
-28
-24
-28
-26
-30
-30
-10
-21
-15
-28
-15
-29
-14
-23
-17
-12
-19
-11
-25
-13
-21
-8
-17
-2
-16
-5
-8
-10
-7
-4
0
-8
-1
-11
-1
-12
-9
-6
-3
-7
-3
-3
-8
-8
-9
-14
-3
-5
-25
1
-13
-4
-13
6
-8
1
-3
-7
-3
-13
4
-19
11
-23
10
-13
1
-6
-11
3
-15
8
-13
-9
-10
-5
-7
3
-22
1
-6
-9
-4
-18
2
-28
3
-22
6
-39
9
-22
-7
-5
-10
-8
-23
2
-29
5
-20
-6
-11
5
-14
-9
-8
-20
-7
-21
-14
-12
-5
-14
-12
3
-25
1
-32
-3
-28
-7
-27
-19
-16
-21
-9
-22
-8
-30
2
-22
-9
-13
-6
-19
-17
-11
-16
-9
-11
-1
-19
-2
-18
-24
-9
-28
-26
-18
-22
-16
-12
-17
-24
-1
-46
4
-44
-12
-29
-24
-21
-33
5
-40
14
-50
9
-44
-1
-27
-24
-3
-38
0
-47
-6
-39
-36
-16
-29
-23
-38
-8
-34
-29
-16
-29
-14
-27
2
-25
-7
-19
-25
-8
-36
-7
-31
-11
-32
-10
-34
-1
-22
-18
-10
-30
-6
-16
-6
-15
-4
-4
-4
-7
-4
-19
-5
-24
-2
-25
-16
-14
-24
-15
-13
-11
-4
-8
8
-9
-5
1
-10
-12
-5
-14
9
-13
-7
-3
-20
7
-20
-15
-14
-9
-7
-10
-3
-19
-2
1
-14
0
-26
-5
-20
-4
-15
-19
-17
-19
-13
-24
-22
-22
-3
-20
-19
-33
-13
-32
-13
-27
-6
-27
-18
-9
-18
-26
-19
-10
-42
-6
-31
-15
-26
-18
-22
-26
-16
-25
-37
-15
-31
-21
-24
-21
-33
-28
-24
-32
-11
-41
-16
-31
1
-49
33
-61
-3
-16
-54
-4
-59
-8
-46
-21
-45
-14
-27
-31
-34
-14
-25
-31
-18
-24
-34
-33
-36
-28
-31
-35
-37
-25
-44
-32
-46
-18
-42
-57
2
-60
-15
-46
-25
-43
-30
-22
-53
1
-55
-14
-34
-32
-38
-22
-16
-55
5
-45
-9
-31
-20
-8
-26
-47
-2
-32
-21
-14
-13
-21
-23
-15
-13
-1
-14
-18
-8
-9
-22
-32
-2
-19
-14
-4
-13
-12
-20
2
-15
-8
4
-17
-6
3
-30
15
-26
12
-36
-6
-9
-32
-16
-16
-19
-21
-6
-24
-11
-24
-16
-9
-40
-13
-27
-26
-20
-26
-4
-40
-12
-17
-11
-17
-27
-7
-7
-38
-2
-39
-3
-23
-7
-34
8
-16
-20
4
-19
0
-41
9
-42
1
-19
-16
-16
-21
0
-33
-10
-34
0
-28
-12
-18
-32
-11
-26
-17
-2
-15
-23
-14
-27
-9
-33
-10
-22
-15
-15
-26
-14
-33
-13
-41
-14
-22
-33
-8
-27
-21
-11
-9
-14
-10
-23
0
-24
-24
-22
-7
-18
-35
-1
-32
-6
-9
1
-24
-26
-7
-15
-6
-10
-31
-7
-14
-5
-20
25
-21
-17
7
-30
13
-44
8
-48
5
-18
-32
-10
-29
-4
-12
-17
-7
-19
-2
-19
-2
20
-17
24
-31
16
-27
2
-19
-9
-5
-30
10
-9
-8
-35
22
-39
10
-11
-9
-8
-24
11
-40
6
-13
-5
-14
15
-7
-10
3
-7
-8
1
3
-5
1
-18
1
-9
-13
5
-22
7
-2
1
-3
-6
14
-18
13
-19
13
0
-14
10
-21
14
-4
1
-35
16
-19
-15
3
-25
-4
-12
-5
-25
-3
-28
-5
-17
-3
-28
-8
-9
-32
1
-12
5
-25
15
-37
2
-24
-20
6
-59
16
-34
-6
0
-43
30
-45
-6
1
-12
-5
-17
5
-28
7
-11
-28
0
-26
-9
-9
4
-17
-6
-4
-17
-6
-16
-22
-8
-11
-17
9
-10
0
-16
-6
-1
-10
8
-5
-7
-6
-10
1
-17
4
-12
-32
13
-15
-10
-10
-25
-15
-9
-10
-11
-22
2
-24
-8
1
-32
6
-33
17
-18
-1
-11
-8
16
-27
14
-19
-4
-16
9
-11
-1
-1
-9
-2
8
-14
-3
-6
-1
-16
3
-4
-18
-1
-12
1
-30
9
-37
1
-6
-6
2
-10
9
2
-4
34
-4
16
15
-6
15
-7
8
-16
28
-21
18
1
-10
14
-10
-2
15
10
2
13
38
-6
8
31
-26
19
-6
18
0
8
18
22
6
16
12
8
33
-9
30
1
22
10
-10
22
-8
-1
-12
-7
-5
-12
8
-12
2
-25
-8
-16
-2
1
-3
-1
-12
20
-33
-2
-29
7
1
-12
16
-31
21
-45
-2
-7
-20
15
-12
9
-14
-1
-13
-7
-9
-36
29
-33
3
-2
-20
4
-40
24
-45
26
-18
-2
2
-15
14
-28
25
-18
-14
-15
6
-6
-4
3
-6
-26
26
-35
-13
-14
-4
-8
-29
10
-35
15
-18
-3
0
8
-13
18
5
-6
-14
1
-11
3
-2
-2
22
-9
9
9
11
-7
42
-26
20
-12
18
5
15
41
-2
28
5
1
8
23
12
11
11
18
-10
31
5
20
22
19
48
-31
45
-4
12
-2
2
20
8
32
-11
54
-8
31
9
22
-13
13
26
12
1
8
8
0
11
8
25
-10
34
2
24
0
2
32
-17
30
-5
20
17
-21
20
20
-10
-5
10
7
-2
27
-15
17
16
16
-13
2
30
-36
37
-6
-7
16
-18
16
-11
-4
21
-15
23
-7
-14
8
-2
7
-35
24
-27
3
5
-10
12
-16
48
-47
12
-4
-18
34
-42
23
-9
-26
18
-26
5
2
-18
16
8
-21
0
0
-1
-6
6
4
-26
11
-5
-22
5
-14
-7
-7
7
8
-15
11
0
10
8
-15
11
-15
14
10
14
-18
38
-6
3
21
-19
22
-41
32
-1
10
14
-8
20
-10
9
9
24
9
-7
25
6
-15
23
-2
-4
8
1
10
-22
20
-7
-2
22
2
9
0
-2
18
-6
29
7
12
26
1
21
-3
19
5
8
10
13
0
1
22
4
37
-14
40
-21
37
15
7
37
0
36
-12
38
2
26
23
36
3
36
1
25
21
3
28
31
19
25
24
19
5
10
31
-15
19
3
16
-2
9
4
-21
10
7
10
-8
22
9
-15
17
-3
8
-16
43
-36
15
19
-14
10
-13
10
-8
3
0
15
-2
0
25
1
-6
44
-23
36
-15
35
3
-14
24
-41
46
-8
-2
10
-13
1
-13
19
-37
9
-6
-7
16
-21
25
-19
5
7
-3
-16
7
-19
-19
7
-12
-16
11
-1
-29
3
21
-27
-6
-6
-6
25
-13
23
-12
-3
20
2
4
4
3
-9
-5
17
-4
-20
11
2
24
-21
15
8
-3
10
-29
17
-17
-20
28
-23
19
-10
-4
12
-12
-3
-9
-2
-18
-4
-17
-11
5
-20
-14
-10
6
-6
9
-5
-7
6
4
-8
12
3
-12
5
-18
15
-8
7
-3
-7
-9
20
-6
7
15
2
9
6
-5
10
-6
-1
-9
9
-2
5
3
-20
28
-17
29
-31
35
7
-19
16
-15
25
-29
-1
16
-23
5
-9
-4
7
-13
18
4
-20
19
-6
0
-6
9
-22
13
0
-9
-14
2
0
-18
-5
-5
-13
-9
27
-39
36
-31
5
2
-8
19
-32
34
-8
12
8
0
4
7
-8
-31
18
-25
3
-5
2
9
-16
1
-3
-8
-7
-14
-12
-23
13
-31
-2
-25
-12
-5
-27
-3
-44
20
-30
10
-42
4
15
-37
26
-27
23
-6
-26
4
-22
25
-29
-8
8
-15
2
-15
10
-5
-13
-13
-5
16
-12
-16
18
-10
-19
19
-27
-3
12
-36
27
-33
33
7
-17
33
-13
15
16
2
-3
-19
-7
-11
15
-24
15
-9
4
-4
-20
46
-55
17
-2
12
37
-36
42
-15
47
2
-8
43
-20
27
-14
30
-34
24
8
8
13
-4
14
5
11
3
28
-11
22
10
13
17
-15
44
-3
11
38
-39
14
13
-2
-2
2
9
3
5
31
-20
27
3
25
-7
21
18
-30
24
4
9
-13
21
-9
25
-39
28
7
5
-2
-1
46
-42
29
-12
15
-2
13
9
-6
16
-15
42
-14
16
-5
-16
22
-20
-4
0
22
2
1
-8
1
0
0
8
12
-3
-6
-5
14
-18
-8
-2
-18
32
-40
19
-18
-11
14
11
-9
-16
42
-54
39
-42
-5
-24
-11
9
-16
13
-3
15
9
-3
11
-8
6
0
2
4
0
10
-53
28
-33
7
-4
-1
-10
20
-19
-15
39
-24
25
11
12
3
12
-7
5
7
-5
-10
48
-52
64
-21
-24
27
5
-1
0
20
1
35
-12
61
-29
45
4
3
29
-29
14
-17
39
5
-14
14
20
-21
-2
40
-9
13
0
13
-8
11
-15
0
8
-7
31
2
5
11
43
-20
-2
35
-17
-8
45
21
13
43
14
5
6
47
-25
1
40
10
-8
7
-1
16
11
-6
23
-9
9
50
-21
17
-16
38
9
-18
38
-13
-6
16
16
-9
7
-2
-5
1
11
-15
4
7
-21
2
-4
-39
12
33
3
13
29
0
14
-41
21
-20
-19
44
-19
7
11
1
-17
12
-2
-4
-12
19
-1
4
-14
-4
-2
-22
6
-29
28
-4
18
-12
9
-8
-22
-10
10
7
1
6
-13
19
-15
-3
15
-6
3
2
-13
11
-17
-9
-10
7
15
-12
35
1
-8
-7
-10
13
-8
6
13
-1
-2
-3
-35
9
8
-11
-31
-1
17
-14
-8
5
3
2
38
-3
9
0
18
15
29
10
-9
16
-13
-1
-42
0
-31
-24
-6
-12
8
8
-1
-2
26
7
-1
6
-2
27
12
26
27
29
21
18
5
13
15
-24
-12
19
-4
-12
16
3
22
13
15
-3
24
-7
-15
-28
-1
4
-16
-18
7
0
-12
-11
-2
0
-8
12
-22
2
-3
-26
-5
-5
-42
26
-10
-32
1
-16
-5
-3
-16
-15
8
-5
9
15
-5
15
12
1
15
20
5
-23
7
-3
20
-12
-5
-11
0
-1
-20
3
-3
23
-12
3
-5
4
-23
-5
-15
-7
1
-13
23
-2
-1
9
19
-11
23
28
-4
1
-8
-5
21
-2
-3
28
1
11
-15
3
-2
25
4
60
117
2
21
12
20
-13
-8
-22
-28
-12
-8
16
3
32
36
97
59
29
15
-1
-38
-24
-7
-23
0
-12
15
-1
-22
-12
-14
-12
1
-2
-2
18
21
18
24
22
24
34
22
7
18
25
39
36
44
43
45
16
9
14
1
7
-40
2
-31
-19
26
31
8
21
36
24
4
13
21
-6
3
-4
10
16
7
-7
14
-2
-35
-21
-13
-22
-34
-23
-9
-13
6
16
17
22
14
11
-6
47
61
39
39
0
-1
-20
-36
-37
-26
-29
-23
-9
-24
-30
-39
-39
-28
-31
-4
46
29
35
22
7
-11
-26
-40
-50
-33
-41
-40
-28
-16
-15
8
9
39
39
28
15
35
16
36
94
82
95
86
84
47
25
-24
-51
-71
-99
-85
-69
-76
-45
-28
-25
-15
-9
-22
-14
-9
-19
-10
10
26
28
31
35
41
35
44
36
36
32
23
11
14
12
8
9
3
18
3
11
5
7
11
11
19
14
17
11
9
0
12
-4
5
9
-15
10
21
14
12
26
16
26
22
17
25
25
22
18
20
21
17
9
16
3
-4
3
6
2
0
-1
-14
-20
-3
0
-4
2
12
4
10
8
6
1
-10
-12
-6
8
5
19
32
20
11
17
15
15
6
10
5
6
21
12
7
12
11
11
18
13
9
12
15
3
9
12
1
3
1
9
6
5
13
3
1
6
-8
-7
-8
-13
-34
-31
-25
-19
-7
-5
-2
2
-2
-19
-23
-32
-24
-40
-39
-29
-31
-27
-24
-24
-24
-36
-35
-32
-36
-39
-37
-27
-33
-20
-15
-6
5
8
16
16
11
5
-8
-16
-33
-40
-49
-60
-57
-55
-48
-32
-23
-4
3
13
14
21
17
15
15
8
20
21
38
50
71
75
87
98
99
101
89
79
67
64
52
41
38
41
37
30
30
35
33
28
36
33
36
43
43
37
32
23
31
30
30
29
25
29
26
18
1
-5
-15
-25
-33
-45
-39
-47
-56
-62
-60
-62
-65
-63
-63
-64
-77
-81
-74
-74
-69
-62
-54
-38
-21
-14
-1
8
-1
0
-2
-4
-20
-32
-49
-65
-75
-86
-90
-96
-104
-93
-94
-97
-88
-93
-95
-96
-99
-103
-108
-114
-127
-139
-149
-170
-158
-148
-122
-69
-5
89
187
275
347
412
436
442
413
350
273
186
96
1
-76
-127
-165
-188
-192
-191
-184
-167
-162
-150
-142
-138
-131
-112
-83
-37
20
90
159
220
281
317
334
324
296
246
180
106
30
-35
-92
-139
-174
-189
-199
-186
-166
-152
-135
-120
-98
-82
-67
-38
-3
43
90
145
189
237
269
286
278
259
228
170
112
39
-25
-81
-119
-146
-163
-166
-150
-127
-107
-82
-65
-41
-28
-18
1
12
25
34
48
47
35
19
-10
-40
-81
-123
-155
-180
-190
-186
-174
-146
-115
-73
-44
-14
-7
-11
-29
-53
-84
-116
-139
-158
-157
-165
-159
-164
-155
-151
-162
-168
-191
-210
-225
-234
-224
-189
-124
-24
109
253
377
481
568
604
590
541
443
330
189
44
-86
-190
-248
-277
-279
-267
-246
-223
-204
-190
-182
-176
-161
-144
-110
-53
26
123
225
319
403
454
467
446
389
299
182
63
-51
-156
-236
-285
-316
-325
-312
-289
-248
-215
-191
-155
-132
-114
-89
-52
-15
35
96
159
216
264
290
294
277
242
190
136
79
27
-18
-42
-44
-45
-36
-20
-11
-15
-8
-16
-25
-36
-45
-42
-42
-21
1
26
54
68
76
75
53
22
-17
-60
-105
-143
-170
-188
-195
-193
-180
-161
-138
-117
-98
-79
-61
-48
-38
-30
-25
-28
-32
-34
-39
-51
-71
-93
-118
-155
-188
-225
-265
-306
-335
-353
-354
-333
-305
-260
-220
-168
-111
-52
39
151
286
412
520
588
622
625
572
486
367
224
63
-98
-244
-356
-425
-454
-443
-426
-383
-324
-257
-196
-128
-56
15
88
162
241
323
405
476
512
515
478
409
304
179
51
-88
-213
-316
-403
-449
-454
-435
-394
-334
-271
-204
-130
-59
4
70
136
181
226
270
298
316
317
289
246
179
81
-9
-107
-188
-248
-281
-279
-243
-178
-106
-15
67
138
205
244
272
278
269
244
205
167
114
68
16
-38
-86
-125
-158
-180
-182
-176
-162
-134
-93
-63
-32
-8
0
6
-7
-15
-26
-40
-48
-59
-63
-70
-78
-87
-102
-123
-140
-159
-174
-176
-165
-146
-123
-111
-97
-92
-98
-116
-146
-170
-213
-240
-245
-239
-218
-189
-167
-141
-110
-87
-58
3
104
229
354
458
521
552
546
482
374
236
84
-79
-232
-356
-422
-433
-399
-349
-285
-212
-135
-69
-17
28
80
128
178
227
292
362
413
438
415
357
260
140
5
-128
-235
-320
-378
-403
-400
-359
-304
-243
-182
-126
-71
-19
51
116
188
255
300
336
334
320
281
220
144
48
-53
-147
-228
-291
-321
-326
-306
-262
-194
-109
-11
99
204
302
373
417
438
435
409
350
268
174
74
-37
-132
-207
-247
-271
-271
-250
-207
-151
-94
-36
8
49
75
82
82
67
49
20
-16
-53
-95
-124
-150
-166
-171
-167
-152
-131
-103
-73
-36
-2
21
29
20
-9
-61
-115
-166
-208
-233
-251
-248
-242
-233
-226
-208
-198
-181
-169
-166
-160
-144
-121
-94
-35
58
211
389
540
628
650
618
511
336
138
-50
-198
-323
-409
-438
-415
-346
-270
-207
-159
-122
-93
-74
-41
25
123
232
332
428
494
528
507
423
300
147
-23
-181
-300
-365
-382
-364
-331
-290
-240
-202
-169
-142
-111
-73
-6
82
184
295
390
444
440
390
293
159
17
-109
-217
-294
-343
-349
-330
-292
-244
-207
-173
-127
-74
3
108
227
353
477
569
621
610
552
436
270
81
-102
-260
-375
-422
-416
-363
-285
-200
-115
-55
-6
26
50
84
111
145
180
201
201
173
129
49
-43
-136
-204
-248
-258
-226
-174
-114
-63
-19
-4
-6
-35
-79
-119
-164
-188
-206
-203
-186
-166
-149
-132
-127
-127
-144
-159
-168
-161
-125
-100
-74
-70
-87
-105
-124
-150
-176
-133
11
227
410
523
576
558
458
277
81
-88
-204
-293
-347
-343
-268
-157
-77
-28
-17
-28
-54
-83
-81
-22
93
216
326
415
475
484
416
291
138
-31
-181
-302
-359
-335
-277
-215
-169
-145
-140
-152
-166
-161
-121
-44
56
174
298
409
458
427
340
199
28
-139
-264
-326
-337
-312
-264
-212
-155
-123
-108
-114
-115
-104
-63
34
174
340
479
577
598
554
467
328
169
9
-129
-235
-305
-323
-307
-253
-192
-146
-108
-72
-24
34
98
167
236
275
289
259
199
125
17
-93
-200
-277
-313
-309
-281
-224
-165
-122
-83
-70
-59
-58
-56
-56
-56
-38
-26
-27
-35
-55
-82
-117
-152
-180
-193
-181
-163
-139
-118
-112
-116
-132
-150
-165
-196
-243
-267
-261
-224
-161
-28
194
451
641
690
660
572
427
233
56
-60
-115
-151
-186
-192
-164
-128
-149
-197
-241
-256
-247
-192
-76
94
281
423
498
516
490
414
291
155
35
-70
-144
-187
-195
-182
-173
-188
-231
-273
-291
-280
-229
-132
-3
136
256
353
416
436
400
300
173
61
-38
-119
-158
-165
-162
-177
-207
-245
-266
-270
-260
-218
-130
-18
96
222
365
480
538
524
472
414
329
246
148
71
11
-63
-130
-195
-216
-234
-226
-209
-166
-88
-1
96
161
219
247
235
196
138
91
36
-19
-78
-123
-151
-175
-190
-204
-202
-200
-184
-165
-132
-90
-35
9
40
75
90
76
35
-15
-72
-123
-161
-180
-166
-147
-130
-120
-120
-127
-157
-194
-233
-241
-216
-178
-145
-115
-86
-73
-79
-97
-62
83
309
503
601
604
556
455
292
132
20
-40
-75
-119
-154
-158
-138
-152
-207
-248
-262
-234
-164
-43
132
316
437
475
447
387
309
205
108
28
-26
-63
-92
-107
-105
-109
-151
-224
-287
-303
-277
-203
-80
54
186
271
320
348
354
323
246
156
71
7
-48
-89
-98
-104
-128
-184
-235
-255
-235
-200
-148
-63
23
104
176
263
344
409
445
429
400
350
301
239
156
83
-1
-74
-151
-203
-209
-195
-148
-114
-63
-3
40
81
92
112
116
109
87
58
41
15
-20
-68
-114
-149
-172
-184
-177
-156
-126
-91
-61
-34
-7
17
17
15
10
-1
-13
-38
-65
-91
-115
-130
-149
-152
-147
-152
-156
-161
-157
-146
-142
-150
-161
-169
-184
-205
-214
-201
-173
-143
-63
112
389
649
752
714
615
490
309
135
31
13
21
-31
-127
-198
-228
-281
-361
-398
-354
-267
-143
11
205
404
503
496
423
360
316
269
228
212
186
123
35
-62
-138
-197
-271
-353
-388
-362
-297
-192
-69
53
148
201
223
247
288
313
295
246
191
126
48
-23
-77
-103
-142
-199
-248
-253
-227
-207
-183
-137
-67
9
90
207
355
486
554
560
523
456
377
284
172
91
21
-54
-122
-183
-216
-239
-244
-247
-220
-154
-67
23
103
162
206
225
224
210
190
163
106
43
-21
-93
-161
-219
-252
-261
-250
-227
-196
-151
-107
-71
-44
-17
4
30
43
38
24
5
-24
-67
-111
-144
-154
-158
-153
-146
-133
-138
-161
-187
-211
-221
-215
-201
-184
-158
-125
-85
-46
11
180
456
675
707
609
493
366
221
84
30
67
98
28
-101
-191
-250
-338
-416
-417
-324
-171
-35
90
238
359
378
306
236
225
256
285
299
312
277
167
0
-139
-224
-278
-312
-333
-308
-246
-185
-144
-110
-60
-11
24
63
143
273
356
346
302
254
188
96
20
-4
10
-15
-95
-181
-221
-250
-281
-282
-223
-98
24
127
223
325
387
376
329
293
296
308
303
276
243
184
59
-86
-200
-255
-254
-230
-187
-119
-44
7
13
27
53
79
105
129
152
169
143
73
-10
-79
-135
-186
-199
-186
-154
-143
-154
-164
-160
-134
-99
-58
-9
31
62
55
23
2
-16
-31
-59
-81
-94
-106
-125
-152
-165
-184
-218
-265
-295
-291
-267
-217
-168
-142
-136
-131
-133
-127
-84
81
389
658
726
621
496
391
269
148
110
170
210
119
-63
-202
-293
-392
-485
-475
-350
-185
-68
8
97
173
187
151
164
251
364
431
451
435
383
254
70
-61
-110
-121
-145
-183
-221
-260
-315
-377
-388
-322
-206
-91
23
154
293
362
333
276
251
246
217
195
207
215
159
12
-136
-216
-262
-306
-306
-232
-106
-16
22
54
116
180
218
275
363
454
486
449
368
279
179
61
-35
-81
-85
-89
-115
-145
-161
-175
-190
-181
-130
-52
21
66
85
98
95
59
23
12
23
31
18
-12
-48
-82
-133
-176
-192
-179
-151
-125
-101
-76
-51
-48
-69
-71
-72
-54
-23
-11
-19
-50
-90
-148
-192
-199
-192
-177
-157
-146
-141
-143
-156
-186
-206
-204
-196
-160
-98
34
288
563
673
582
448
345
276
229
227
298
349
263
55
-135
-244
-325
-400
-408
-323
-204
-141
-139
-126
-73
-30
-1
80
221
367
440
440
404
338
249
146
87
73
64
14
-72
-170
-262
-351
-415
-414
-343
-237
-141
-64
-5
63
108
125
144
206
287
318
311
283
241
169
48
-53
-97
-115
-127
-119
-77
-34
-17
-43
-50
-18
51
125
196
272
305
303
264
221
190
168
144
113
83
50
13
-24
-67
-106
-134
-143
-140
-126
-96
-71
-58
-56
-51
-47
-23
-3
14
22
23
12
-20
-55
-86
-112
-129
-151
-153
-125
-99
-66
-52
-58
-69
-74
-88
-89
-73
-41
-29
-48
-99
-143
-185
-222
-240
-240
-200
-179
-176
-195
-209
-218
-232
-232
-195
-130
-22
160
396
579
604
510
406
348
317
314
353
399
360
211
22
-123
-202
-278
-326
-315
-265
-223
-225
-237
-222
-190
-136
-39
107
272
376
396
364
317
282
255
269
293
294
239
130
15
-91
-193
-274
-314
-316
-291
-262
-222
-165
-118
-87
-57
-14
58
152
224
273
290
277
246
193
152
137
123
97
81
81
87
76
38
7
0
7
9
33
77
108
115
108
118
136
140
127
115
114
109
91
68
67
60
36
-5
-42
-51
-64
-87
-105
-107
-99
-105
-112
-113
-97
-69
-58
-51
-42
-35
-48
-73
-90
-83
-75
-69
-54
-32
-15
-30
-57
-78
-85
-81
-70
-60
-46
-38
-63
-105
-151
-189
-221
-247
-254
-244
-221
-202
-206
-240
-262
-252
-225
-176
-47
208
500
633
549
430
386
379
368
394
478
522
425
211
32
-55
-129
-241
-301
-281
-253
-277
-335
-347
-318
-293
-260
-152
28
167
216
219
242
284
319
335
376
411
379
287
184
118
65
-4
-89
-163
-206
-244
-274
-276
-256
-216
-183
-172
-152
-94
-25
29
70
123
200
248
241
224
215
217
212
207
226
243
225
165
110
79
41
4
-20
-28
-21
-14
-7
5
19
24
16
27
45
49
67
88
105
105
90
63
42
16
-10
-35
-54
-78
-108
-129
-135
-131
-115
-99
-87
-72
-69
-73
-76
-77
-83
-86
-78
-63
-38
-23
-31
-45
-68
-88
-119
-127
-104
-75
-54
-70
-96
-120
-145
-165
-183
-187
-190
-204
-216
-232
-238
-218
-208
-200
-152
13
268
425
398
320
343
406
423
421
467
512
450
285
158
131
107
5
-103
-140
-150
-212
-295
-322
-296
-267
-269
-225
-119
-38
-27
-25
20
105
188
259
320
357
340
283
246
244
255
240
197
117
24
-70
-134
-171
-178
-165
-153
-170
-212
-226
-194
-155
-125
-76
6
89
123
130
167
237
286
300
315
337
332
294
251
239
236
204
140
83
46
-1
-34
-49
-39
-26
-25
-27
-39
-38
-33
-9
34
75
101
102
96
77
64
58
49
33
8
-32
-62
-87
-96
-98
-91
-84
-79
-80
-94
-103
-118
-127
-110
-72
-34
-9
-10
-23
-42
-46
-48
-67
-80
-98
-115
-142
-158
-153
-151
-154
-178
-190
-198
-216
-237
-248
-222
-197
-173
-136
-3
219
341
283
208
267
389
443
448
461
473
397
235
140
153
155
53
-64
-101
-101
-150
-234
-274
-246
-230
-242
-222
-139
-65
-56
-54
2
101
166
186
208
235
240
221
216
240
246
194
115
58
23
1
-25
-53
-61
-86
-124
-176
-230
-231
-198
-161
-134
-102
-46
-8
-9
1
52
115
175
221
262
305
303
265
248
259
267
247
216
179
126
65
14
-5
-3
-8
-41
-64
-77
-96
-98
-67
-12
30
44
41
33
37
34
33
59
71
56
24
-18
-46
-66
-77
-87
-94
-108
-127
-143
-142
-132
-125
-129
-126
-105
-83
-75
-69
-57
-48
-47
-54
-67
-71
-87
-121
-142
-146
-147
-165
-189
-204
-208
-214
-231
-247
-225
-189
-176
-162
-82
105
259
257
181
201
334
417
407
395
420
401
310
224
243
284
205
62
-27
-44
-74
-141
-188
-176
-155
-178
-208
-182
-144
-144
-170
-142
-59
32
82
100
124
138
141
141
178
211
209
172
129
112
107
101
85
62
39
5
-45
-97
-125
-113
-87
-95
-113
-106
-97
-101
-107
-75
-6
43
63
84
124
161
177
185
220
260
279
270
262
259
229
184
144
124
116
95
70
46
14
-29
-57
-59
-61
-75
-91
-91
-75
-56
-41
-28
-20
-32
-52
-65
-62
-39
-16
-12
-29
-39
-51
-65
-78
-88
-79
-79
-90
-99
-99
-93
-100
-118
-127
-127
-116
-112
-108
-106
-116
-123
-133
-127
-117
-126
-135
-122
-124
-142
-164
-177
-184
-171
-147
-139
-89
53
197
204
126
115
214
305
335
351
389
400
319
227
221
262
249
162
92
69
44
-28
-106
-133
-135
-158
-195
-195
-156
-141
-161
-183
-155
-94
-48
-17
13
49
84
98
125
166
193
176
139
118
132
159
173
161
129
97
39
-27
-73
-61
-41
-65
-116
-140
-128
-131
-160
-170
-120
-72
-58
-40
13
79
117
125
152
211
255
263
261
259
261
252
235
219
200
170
107
53
13
-6
-29
-52
-85
-125
-162
-184
-189
-175
-149
-136
-128
-126
-121
-108
-96
-87
-72
-57
-38
-29
-37
-27
-27
-36
-36
-36
-41
-55
-67
-80
-88
-101
-115
-134
-156
-174
-193
-190
-180
-184
-204
-214
-212
-211
-191
-174
-155
-142
-147
-160
-157
-134
-115
-103
-26
130
254
229
141
159
266
320
318
331
371
362
252
158
174
232
219
137
78
56
13
-61
-114
-111
-88
-122
-179
-187
-157
-140
-153
-158
-127
-70
-40
-34
-20
18
44
53
80
126
167
165
136
109
118
151
174
165
152
141
104
30
-10
10
43
15
-55
-89
-87
-94
-126
-127
-83
-49
-63
-82
-50
6
42
55
92
159
208
216
207
208
216
226
225
232
245
237
195
141
109
100
88
59
16
-25
-65
-101
-129
-138
-139
-141
-159
-175
-163
-144
-125
-118
-101
-77
-65
-70
-81
-77
-63
-52
-46
-34
-22
-31
-49
-63
-62
-53
-43
-47
-62
-85
-106
-128
-142
-146
-147
-152
-177
-205
-225
-235
-236
-232
-227
-211
-194
-193
-214
-194
-75
107
208
185
160
212
285
310
335
418
484
449
331
251
267
286
243
180
155
118
46
-46
-108
-99
-106
-151
-198
-202
-182
-191
-226
-239
-202
-144
-111
-93
-64
-34
-21
-26
-2
60
122
150
139
120
128
151
163
179
206
219
178
92
42
68
98
90
55
42
14
-53
-110
-113
-72
-50
-68
-81
-62
-51
-68
-80
-49
16
71
101
109
126
142
149
150
184
239
262
252
217
197
190
190
178
158
141
91
26
-39
-74
-83
-96
-130
-164
-200
-224
-237
-231
-204
-174
-148
-145
-148
-139
-116
-87
-66
-42
-21
-20
-26
-41
-35
-16
-5
-12
-28
-37
-50
-66
-94
-115
-110
-105
-115
-137
-151
-164
-187
-221
-241
-236
-226
-226
-245
-250
-200
-90
27
86
91
116
165
194
230
304
407
458
415
341
300
301
297
281
268
253
196
97
4
-53
-63
-74
-97
-113
-119
-146
-207
-256
-262
-232
-188
-161
-135
-100
-87
-102
-120
-89
-29
37
84
102
113
120
106
104
142
205
236
200
142
113
119
108
89
93
107
93
28
-14
-17
-5
-25
-50
-40
-18
-14
-38
-61
-53
-28
-23
-7
22
66
87
86
87
111
157
189
191
187
191
186
165
145
145
150
135
90
47
29
12
-33
-85
-123
-147
-170
-197
-203
-181
-165
-177
-204
-211
-179
-145
-133
-122
-100
-84
-90
-91
-69
-28
-10
-17
-29
-31
-29
-44
-68
-83
-85
-88
-96
-104
-92
-84
-105
-136
-167
-180
-175
-174
-179
-176
-125
-34
38
60
71
96
130
150
173
237
326
368
345
303
284
273
253
238
237
247
224
158
81
26
-15
-50
-75
-76
-60
-75
-117
-165
-193
-205
-205
-188
-148
-96
-66
-74
-92
-92
-77
-51
-5
37
77
103
95
79
86
116
128
118
114
123
137
121
92
90
101
91
67
68
83
82
57
28
25
30
23
5
0
9
16
5
-4
0
-1
4
7
30
72
106
115
107
100
101
111
117
124
129
123
101
58
33
26
29
22
-7
-39
-67
-101
-144
-158
-145
-131
-141
-162
-173
-179
-177
-182
-175
-153
-126
-109
-101
-91
-78
-76
-85
-86
-82
-67
-66
-80
-88
-94
-101
-115
-116
-100
-93
-106
-131
-141
-139
-139
-138
-117
-49
40
99
111
124
155
181
188
203
241
283
299
291
282
283
274
232
188
163
164
155
131
111
76
26
-36
-82
-84
-69
-66
-84
-106
-126
-142
-149
-149
-120
-85
-70
-63
-59
-48
-37
-32
-23
-3
28
59
82
97
109
113
97
75
65
66
83
95
94
92
93
73
64
63
64
61
63
65
73
76
65
46
36
28
30
41
48
57
52
40
31
38
46
60
71
77
78
76
83
100
111
106
91
78
57
32
16
13
19
14
-11
-40
-64
-85
-100
-110
-106
-99
-101
-120
-138
-137
-135
-146
-151
-143
-123
-110
-103
-96
-92
-90
-102
-109
-98
-80
-82
-84
-94
-106
-108
-120
-127
-135
-140
-155
-167
-176
-177
-157
-109
-34
18
54
95
134
169
189
213
247
268
272
273
290
307
302
267
227
186
156
126
112
106
91
62
11
-31
-57
-71
-78
-75
-82
-90
-106
-125
-126
-118
-118
-119
-114
-98
-78
-63
-51
-42
-26
-23
-13
7
36
70
85
87
88
98
105
93
81
89
103
102
91
92
108
114
95
74
78
85
74
62
56
57
52
28
18
22
29
27
16
12
16
19
18
13
29
54
55
48
42
44
44
47
47
51
57
46
20
-3
-4
-5
-11
-20
-30
-45
-60
-84
-100
-104
-102
-110
-127
-125
-130
-137
-146
-154
-147
-141
-140
-135
-128
-124
-129
-125
-120
-110
-97
-98
-99
-98
-101
-102
-98
-97
-105
-114
-125
-142
-148
-138
-105
-52
-2
24
53
97
140
162
179
207
220
230
235
254
276
282
260
223
195
163
128
103
78
62
41
10
-22
-38
-50
-70
-84
-88
-92
-95
-100
-98
-96
-100
-108
-115
-106
-96
-88
-87
-77
-71
-63
-56
-38
-12
11
28
32
37
50
62
63
66
72
83
92
88
96
112
109
104
107
111
113
107
93
82
68
56
41
31
30
34
28
9
5
-4
-7
-9
-5
7
20
33
41
45
44
47
48
48
45
39
37
28
17
9
3
7
-2
-13
-24
-36
-51
-65
-68
-68
-75
-84
-85
-93
-98
-99
-102
-106
-111
-119
-129
-137
-144
-140
-138
-136
-133
-134
-135
-134
-135
-130
-124
-118
-112
-108
-116
-130
-124
-120
-121
-131
-125
-90
-55
-21
10
57
99
119
135
153
171
180
190
205
218
233
235
230
214
202
184
153
124
100
73
53
28
10
-2
-16
-24
-39
-53
-70
-85
-93
-98
-104
-100
-95
-91
-86
-84
-82
-86
-85
-83
-77
-71
-56
-40
-30
-17
-10
0
8
12
16
21
35
56
70
82
98
106
107
113
122
126
127
121
109
93
72
54
40
28
24
21
7
-5
-17
-32
-35
-41
-37
-32
-21
-16
-8
3
10
22
29
29
31
32
29
27
25
25
26
16
9
1
-9
-16
-24
-30
-42
-51
-61
-74
-85
-93
-102
-107
-110
-112
-124
-129
-137
-141
-139
-141
-140
-138
-138
-138
-140
-140
-136
-128
-125
-124
-122
-118
-116
-112
-112
-109
-104
-116
-124
-112
-79
-44
-6
19
50
76
98
115
126
148
158
163
160
168
177
182
181
167
158
156
141
117
98
76
53
26
11
10
8
-11
-29
-41
-58
-71
-81
-89
-93
-98
-104
-112
-115
-106
-97
-97
-92
-80
-70
-68
-73
-68
-57
-50
-43
-30
-12
-1
11
22
39
56
65
75
81
98
108
121
125
132
131
119
103
84
64
47
37
16
2
-9
-23
-31
-38
-43
-46
-50
-46
-47
-43
-37
-25
-18
-4
11
22
27
30
37
33
39
38
24
7
-7
-21
-27
-28
-31
-41
-53
-66
-83
-95
-111
-116
-119
-125
-130
-134
-132
-132
-130
-127
-127
-126
-123
-121
-120
-119
-110
-105
-99
-97
-93
-94
-92
-91
-88
-79
-72
-69
-67
-65
-77
-81
-86
-88
-80
-64
-41
-25
-14
0
25
46
63
76
91
103
107
118
126
133
141
140
140
142
145
138
129
125
113
101
87
65
48
29
6
-7
-14
-25
-38
-59
-74
-89
-105
-114
-111
-103
-97
-96
-92
-91
-84
-75
-65
-53
-44
-29
-20
-10
9
20
36
45
48
54
65
74
78
91
94
90
89
85
75
70
62
49
38
22
8
-5
-9
-15
-16
-13
-16
-17
-12
-17
-14
-10
-8
-1
10
23
26
33
33
33
36
35
32
21
16
6
0
-3
-13
-19
-36
-52
-58
-63
-71
-81
-87
-92
-94
-102
-103
-104
-101
-98
-90
-89
-93
-88
-95
-92
-90
-85
-76
-68
-65
-69
-73
-74
-74
-68
-65
-60
-56
-58
-59
-60
-57
-56
-48
-43
-43
-46
-46
-44
-40
-34
-34
-24
-14
-5
2
11
28
44
61
71
85
94
104
104
110
118
128
134
138
136
133
127
112
109
98
87
74
61
48
29
7
-9
-22
-31
-29
-34
-42
-45
-49
-52
-56
-55
-49
-41
-37
-34
-17
-2
11
18
26
34
38
52
65
72
77
75
66
62
51
49
50
51
47
37
33
24
20
16
13
15
16
22
30
27
29
27
33
35
36
27
29
29
26
30
25
25
15
-1
-5
-12
-13
-6
-7
-14
-17
-19
-25
-33
-39
-41
-39
-41
-40
-40
-42
-42
-43
-43
-40
-36
-35
-32
-33
-41
-45
-48
-48
-47
-43
-41
-48
-53
-58
-58
-55
-51
-50
-52
-51
-55
-53
-45
-35
-28
-21
-19
-14
-6
-5
0
4
6
11
15
20
18
16
14
10
8
11
17
20
12
11
14
16
23
28
40
46
52
54
54
63
69
71
77
79
72
70
63
59
55
49
41
36
29
24
22
15
16
6
3
4
0
6
13
16
18
20
17
17
19
28
33
37
39
33
32
24
28
27
24
23
22
23
23
21
19
25
33
37
40
47
48
54
58
55
54
55
51
46
41
39
30
25
19
15
5
-8
-15
-19
-26
-32
-34
-36
-34
-34
-38
-36
-34
-38
-38
-34
-30
-29
-29
-31
-28
-27
-24
-27
-24
-21
-25
-28
-31
-34
-30
-29
-35
-44
-48
-53
-51
-46
-48
-44
-47
-50
-54
-52
-50
-43
-41
-37
-36
-39
-30
-26
-19
-10
-3
1
2
3
11
13
18
14
9
5
3
8
10
15
18
19
15
15
18
19
16
16
18
24
23
27
30
26
24
21
21
20
24
20
14
3
3
7
2
6
10
4
-3
-8
-12
-10
-9
-8
-2
0
5
1
3
8
11
15
17
18
21
21
19
20
19
20
19
18
15
17
16
13
20
20
23
25
26
33
47
55
54
51
49
46
30
36
32
18
18
10
9
5
8
15
12
9
3
-1
-2
-2
-2
-4
-13
-16
-12
-14
-15
-8
-7
-10
-9
-18
-18
-14
-6
-11
-10
-8
-10
-10
-11
-11
-16
-17
-25
-32
-36
-34
-38
-46
-46
-44
-41
-39
-30
-18
-19
-14
-13
-10
-9
-9
-9
-11
-6
-8
-8
-9
-5
6
7
14
14
18
20
20
21
26
22
17
15
13
14
13
11
9
3
-1
-1
-3
-2
-2
-8
-6
-12
-15
-13
-8
-6
-13
-15
-8
-11
-13
-14
-15
-21
-24
-21
-26
-20
-18
-22
-16
-6
-4
3
7
6
4
5
2
2
7
6
6
9
8
6
11
13
12
20
25
28
28
30
30
30
30
34
39
41
44
43
47
46
42
36
34
29
25
21
16
14
6
0
-6
-11
-9
-14
-20
-25
-26
-27
-29
-25
-25
-21
-19
-15
-13
-17
-14
-11
-11
-9
-6
-5
-6
-5
-3
-8
-6
-6
-8
-7
-11
-16
-16
-17
-18
-18
-20
-24
-23
-19
-16
-16
-13
-10
-6
-1
-5
-5
-4
-10
-5
-2
-1
4
3
4
-1
2
6
10
13
17
23
24
22
21
22
25
27
22
19
17
16
9
13
9
7
5
-6
-9
-10
-13
-13
-14
-14
-13
-12
-12
-12
-12
-18
-18
-18
-18
-18
-16
-15
-16
-15
-13
-6
-3
2
4
5
3
0
5
9
11
20
17
18
21
18
16
24
27
26
33
31
31
28
29
29
31
32
34
35
34
38
34
36
36
38
39
40
38
34
29
25
18
17
15
12
11
-2
-1
-6
-15
-13
-16
-19
-22
-22
-22
-25
-30
-24
-25
-19
-13
-10
-8
-7
-4
-7
-3
0
2
-2
-2
-6
-8
-11
-14
-13
-13
-16
-14
-16
-15
-15
-9
-7
-6
-5
-10
1
0
-3
0
2
1
4
5
12
15
12
11
10
11
10
14
21
18
17
19
19
26
26
26
21
21
18
14
18
16
14
14
8
8
1
-6
-7
-11
-12
-16
-10
-14
-12
-12
-14
-13
-12
-12
-14
-11
-18
-21
-23
-20
-6
0
7
12
14
11
11
11
12
15
15
19
20
20
22
23
23
30
30
31
32
29
30
32
32
31
30
27
30
32
28
30
29
28
27
30
30
22
23
20
20
20
21
13
12
10
12
12
7
6
4
3
-2
-2
-3
0
-1
-2
-6
-4
-7
-6
-6
-8
-7
-8
-6
-5
-1
-3
4
3
3
5
5
6
6
7
5
1
3
1
3
5
1
7
5
4
9
7
12
11
10
7
6
13
14
20
19
23
18
25
23
19
22
16
20
18
16
16
21
18
18
19
13
12
16
16
18
15
14
10
7
5
4
2
3
4
0
-2
-7
-9
-7
-10
-11
-8
-8
-10
-10
-11
-5
-4
6
4
10
18
13
19
20
17
18
21
28
29
31
28
30
30
37
41
44
41
43
45
43
47
44
44
38
43
41
42
44
44
42
43
43
41
43
39
34
27
25
20
24
21
16
18
14
10
6
7
3
1
-4
-6
-8
-13
-8
-11
-10
-15
-12
-15
-10
-8
-11
-11
-7
-6
-7
-3
-2
-1
0
4
3
5
9
8
7
6
8
7
5
9
10
8
7
5
7
10
8
9
13
15
17
16
17
20
23
25
27
29
30
33
27
25
24
22
24
21
22
21
17
18
18
14
13
13
10
9
7
9
10
9
1
5
6
6
8
8
4
3
-1
-3
2
-5
-6
0
-2
0
1
4
7
7
12
13
14
12
22
25
23
29
34
32
32
33
33
33
32
31
35
40
41
43
42
45
47
50
51
55
54
55
55
54
56
57
55
54
53
52
52
50
46
40
36
31
27
29
23
17
15
9
13
12
12
13
12
11
5
12
17
12
14
15
17
16
14
12
16
15
18
22
24
22
19
18
21
26
19
25
23
23
23
25
26
24
29
28
29
30
30
28
27
28
27
28
33
31
28
30
29
27
31
30
34
37
38
35
29
25
28
27
25
27
23
23
18
18
19
11
7
9
5
3
11
11
13
14
11
13
10
13
16
11
8
6
9
7
11
6
4
6
7
5
6
8
10
13
14
11
9
14
15
14
19
24
21
19
16
24
18
22
19
19
27
31
34
36
40
40
42
45
48
47
48
47
45
48
49
47
42
45
43
41
43
41
38
36
29
27
21
16
17
15
9
1
-6
-7
-4
-7
-3
-8
-11
-11
-7
-9
-10
0
-3
-5
-4
-5
4
9
13
9
5
10
7
10
19
15
18
20
18
16
16
20
22
23
25
24
24
20
20
23
24
25
23
28
26
26
23
18
22
19
21
21
17
23
20
24
19
19
21
18
20
17
13
13
15
12
13
14
6
9
8
10
10
13
8
5
10
4
3
7
9
12
15
18
19
19
19
25
21
17
24
22
23
26
23
22
18
18
16
17
16
18
21
18
17
14
14
15
16
15
18
20
21
21
25
27
26
29
31
34
34
32
29
31
29
26
23
22
26
26
28
21
23
20
18
20
16
12
12
13
7
9
5
0
-3
-3
-7
-9
-9
-9
-6
-8
-5
-6
-4
-4
-6
-3
-3
-4
-3
1
2
2
7
6
3
6
7
6
8
5
6
7
5
6
6
10
12
10
7
12
10
12
12
14
16
15
13
10
14
14
11
16
19
10
11
7
10
7
5
7
9
10
5
5
1
6
2
2
3
3
6
6
7
1
3
6
5
9
10
8
9
12
3
2
3
5
8
7
12
13
12
11
12
11
7
12
9
6
7
7
10
9
11
10
9
12
11
8
12
13
10
10
11
10
15
18
22
22
20
33
29
25
28
25
28
28
30
29
30
28
29
30
26
25
23
21
17
17
13
15
11
9
6
1
3
4
-2
-3
-10
-10
-9
-12
-14
-15
-13
-12
-14
-14
-10
-12
-11
-12
-11
-8
-7
-3
0
0
0
-3
1
10
14
19
20
15
22
23
19
26
24
26
27
27
28
29
31
31
33
32
31
27
24
26
28
22
23
22
18
17
14
15
13
15
17
14
12
9
7
7
6
7
7
8
5
3
1
0
2
4
5
1
-2
-1
3
3
7
5
7
7
8
13
16
18
15
18
23
25
19
22
22
20
20
24
26
22
22
18
21
22
20
26
22
20
20
25
21
23
29
25
26
29
28
30
28
27
26
25
24
22
20
24
24
20
16
9
11
7
4
6
1
2
1
0
1
-2
1
0
-3
-7
-5
-5
-10
-7
-13
-12
-12
-16
-14
-9
-10
-10
-7
-9
-5
-7
-6
-1
2
6
5
4
12
10
12
18
17
18
22
18
17
25
26
24
23
25
24
27
26
25
24
20
21
21
23
20
18
17
15
15
13
12
9
13
11
12
10
9
7
8
8
3
3
6
7
8
9
8
11
10
9
10
8
11
15
11
16
14
15
14
14
14
15
14
13
13
10
14
13
8
14
15
14
20
20
20
16
16
18
16
17
19
17
18
16
18
21
18
19
17
14
12
11
12
9
7
4
4
6
8
6
6
4
6
7
6
6
5
1
2
0
-1
2
0
-1
0
-5
-5
-4
-6
-3
-3
-4
-1
1
2
4
0
1
2
-1
3
-4
-3
-3
-7
-6
-1
-1
2
3
4
6
5
9
8
12
13
15
18
17
16
21
19
18
19
21
22
26
29
26
27
28
23
21
24
22
24
25
19
16
17
18
14
16
21
19
16
17
17
10
16
18
13
11
10
13
10
7
8
9
9
8
1
3
4
2
3
4
5
5
5
5
6
7
8
12
7
9
13
13
13
18
19
12
14
15
14
18
16
15
16
13
20
22
21
21
18
18
20
18
21
19
19
19
15
11
12
15
5
7
9
2
6
-3
-5
-4
-12
-9
-12
-12
-11
-16
-16
-18
-14
-19
-21
-20
-20
-18
-18
-18
-21
-20
-21
-17
-15
-15
-17
-8
-8
-9
-15
-10
-12
-16
-14
-10
-10
-10
-4
-6
-6
-8
-6
-8
-5
-1
-2
3
9
7
5
2
5
6
6
8
5
6
9
7
9
7
10
11
11
10
8
7
3
4
3
4
5
2
-2
0
1
2
0
4
3
2
7
4
9
6
8
6
9
10
5
10
7
4
4
-1
-3
0
1
-2
0
2
0
2
0
-1
2
0
-2
-2
3
1
4
3
2
6
2
5
3
-4
1
-5
-2
1
1
0
-2
1
-1
4
4
7
5
9
7
7
8
8
8
4
10
7
9
10
6
1
-1
0
1
0
-5
-4
-5
-6
-7
-6
-8
-11
-11
-10
-11
-11
-12
-11
-10
-9
-10
-8
-6
-8
-10
-9
-7
-10
-8
-9
-10
-12
-12
-7
-8
-7
-3
-5
-7
-6
-9
-5
-7
-8
-7
-9
-5
-7
-9
-7
-8
-5
-2
-3
-5
-3
-3
1
2
1
4
2
1
2
4
0
1
-2
-1
-4
-4
-3
-3
1
-5
-1
-4
-4
-3
-3
-8
-6
-5
-7
-7
-11
-7
-7
-6
-5
-4
-10
-10
-9
-12
-8
-7
-7
-7
-8
-6
-7
-4
-3
-1
0
3
0
-2
-4
1
3
4
5
1
2
-2
-3
-2
1
2
-1
-9
-7
-7
-7
-3
-4
-4
-2
-2
-4
-6
-9
-1
-3
-3
-2
-7
-6
-7
-3
-1
-3
-7
-8
-10
-12
-16
-11
-13
-15
-10
-11
-14
-15
-12
-13
-13
-12
-10
-5
-5
-9
-10
-10
-9
-8
-8
-11
-12
-13
-14
-16
-11
-15
-14
-12
-10
-9
-11
-8
-5
-7
-2
-2
-6
-4
-1
-4
-2
0
-3
-4
-5
-1
3
0
2
1
1
4
-1
1
-6
-3
-2
-1
-3
-1
-2
-3
3
4
-2
-2
-4
-7
-4
-10
-11
-13
-13
-11
-15
-15
-16
-14
-17
-21
-20
-23
-20
-22
-23
-24
-20
-17
-16
-15
-17
-12
-21
-23
-20
-21
-19
-20
-20
-22
-23
-21
-24
-20
-19
-15
-16
-15
-12
-14
-15
-11
-8
-10
-9
-11
-14
-17
-13
-12
-13
-16
-16
-16
-14
-12
-15
-13
-15
-15
-20
-21
-23
-23
-19
-22
-21
-21
-20
-21
-20
-24
-17
-18
-16
-12
-13
-12
-13
-13
-16
-14
-18
-21
-23
-21
-23
-24
-28
-27
-24
-26
-24
-26
-28
-24
-24
-20
-16
-18
-12
-12
-9
-9
-8
-7
-5
-3
-2
1
2
1
2
0
0
4
3
1
-1
0
-2
-1
1
-1
-1
-1
-2
0
-1
1
2
-2
0
2
1
-1
3
-2
-2
-3
-10
-11
-15
-12
-15
-15
-15
-15
-16
-16
-12
-8
-8
-13
-7
-9
-7
-8
-10
-6
-8
-7
-7
-9
-8
-5
-5
-4
-8
-6
-10
-10
-11
-12
-11
-11
-8
-8
-9
-10
-8
-8
-7
-7
-9
-4
-4
-5
-1
-5
-6
-5
-5
-9
-13
-10
-9
-10
-12
-13
-12
-15
-14
-10
-10
-11
-12
-11
-11
-10
-11
-9
-8
-5
-4
-7
-5
-2
0
0
-1
2
0
-3
-3
-2
-4
-7
-7
-4
-4
0
-5
-1
4
0
7
5
5
4
4
4
4
6
5
4
-1
4
3
2
2
1
0
3
2
4
8
6
11
9
6
5
6
8
5
0
1
-2
-4
-2
-1
2
1
0
-4
-2
-2
-5
-3
-2
0
1
0
-4
-5
-2
-3
-2
-5
-5
-5
-7
-6
-7
-8
-7
-8
-9
-11
-10
-13
-14
-10
-7
-10
-6
-8
-13
-8
-9
-5
0
2
-3
-1
-2
-4
-2
-1
3
1
1
-3
2
0
-1
2
2
0
3
1
0
-1
-6
-1
-3
-4
-3
-3
-2
-4
-3
-4
-8
-5
-4
-5
-5
-6
-4
-9
-8
-6
-9
-10
-13
-11
-8
-13
-10
-8
-10
-11
-8
-11
-15
-13
-8
-10
-11
-15
-12
-11
-16
-9
-8
-11
-12
-12
-10
-11
-14
-11
-13
-8
-10
-12
-10
-9
-12
-14
-12
-14
-13
-15
-13
-16
-10
-15
-15
-16
-15
-11
-14
-11
-10
-11
-9
-11
-15
-17
-14
-15
-17
-18
-20
-14
-16
-22
-25
-28
-31
-32
-28
-27
-28
-25
-24
-26
-27
-21
-20
-18
-19
-21
-17
-16
-22
-18
-16
-16
-16
-20
-17
-14
-13
-19
-17
-17
-19
-20
-17
-16
-18
-16
-15
-13
-13
-11
-8
-11
-12
-8
-15
-11
-16
-16
-15
-12
-9
-12
-7
-8
-5
-7
-6
-7
-5
-7
-3
-2
-5
-8
-1
-1
-1
2
0
2
3
2
0
-4
1
4
3
1
5
4
5
7
4
8
10
9
5
2
0
5
5
0
