9
11
7
3
0
3
5
3
4
4
6
11
11
13
10
11
16
12
15
11
10
12
12
10
5
8
9
4
5
7
8
7
9
7
7
9
8
10
6
8
2
4
4
2
4
9
8
9
8
6
6
6
5
8
-1
1
0
-2
4
4
3
4
7
2
3
3
1
4
6
5
5
4
8
10
11
7
9
9
9
9
10
12
11
8
10
10
11
12
12
11
12
13
16
21
18
16
16
10
10
15
15
17
17
16
18
15
14
13
10
10
11
8
8
12
11
9
6
7
10
5
8
6
7
6
7
8
10
7
9
10
12
10
8
9
12
18
14
17
15
15
13
12
11
17
17
17
19
17
19
15
15
12
14
20
14
16
23
23
23
21
19
19
20
18
20
16
14
14
15
14
15
14
16
12
13
11
12
10
10
15
12
16
16
16
16
16
13
11
12
11
14
9
7
11
14
8
8
15
14
7
4
5
5
5
2
3
3
3
2
3
2
2
0
3
5
6
8
8
8
3
5
2
4
1
0
1
2
2
-2
1
-2
-2
1
3
0
0
3
4
2
0
1
5
3
3
4
6
5
7
8
6
8
6
9
8
14
13
15
13
13
10
11
15
14
14
16
12
13
17
13
13
10
10
11
10
11
9
10
10
6
3
5
6
8
9
10
6
7
8
10
12
9
6
6
9
14
12
11
7
4
9
8
8
8
10
10
11
12
14
19
17
16
19
17
20
25
24
25
26
20
22
19
20
14
17
20
16
15
13
15
13
15
12
13
9
8
12
8
11
10
10
9
7
8
0
1
2
1
3
-1
2
2
-1
0
0
2
2
-1
-2
-1
-1
3
1
-2
-6
-5
-2
-1
4
2
5
7
5
6
4
6
4
4
4
0
1
-3
-4
3
-3
-4
-3
-3
-4
-1
-3
-5
-8
-6
-4
-8
-6
-7
-7
-9
-7
-9
-10
-11
-8
-7
-7
-12
-11
-8
-12
-13
-11
-10
-8
-8
-7
-8
-9
-7
-7
-5
-8
-6
-7
-9
-8
-7
-8
-7
-9
-8
-8
-8
-3
-2
-4
-1
-4
-4
-2
1
-1
-2
2
1
-1
-5
-6
-4
-7
-7
-4
-7
-7
1
1
1
4
2
1
0
0
3
7
10
7
6
7
7
7
9
7
7
8
9
8
7
5
10
4
4
7
5
0
1
3
5
4
2
7
3
6
4
5
4
4
7
7
6
5
6
4
5
3
4
1
3
-2
-4
0
0
-2
-2
-3
-2
-2
-2
0
-5
-1
-1
5
4
0
-6
-8
-7
-10
-8
-9
-11
-6
-9
-4
-7
-7
-9
-9
-5
-8
-4
-4
-9
-14
-15
-11
-10
-6
-5
-7
-6
-6
-9
-11
-8
-6
-14
-13
-11
-14
-13
-12
-13
-13
-13
-12
-10
-18
-16
-16
-17
-18
-18
-18
-24
-19
-15
-14
-13
-14
-9
-12
-11
-9
-12
-15
-11
-14
-10
-12
-11
-9
-12
-10
-11
-8
-8
-8
-10
-8
-13
-17
-12
-9
-9
-12
-7
-7
-6
-3
-2
-5
-4
-3
-4
0
-3
-1
-5
-2
-4
-1
-1
0
3
-3
1
-1
-1
2
1
0
-1
1
3
2
0
6
2
1
7
5
6
0
5
5
5
3
8
8
7
10
11
13
15
18
13
16
16
13
10
9
8
7
5
2
2
1
0
3
-4
-1
3
-1
-2
-2
-2
-1
1
0
-3
-2
-4
-7
-4
-1
-4
-5
-5
-6
-8
-6
-6
-4
-5
2
-2
-2
6
3
4
0
0
1
-2
1
1
-1
5
9
8
10
17
15
12
15
13
13
5
8
9
5
8
5
3
-1
-4
0
4
2
1
0
1
2
-1
-1
-5
-9
-6
-8
-4
-8
-7
-5
-8
-9
-4
-4
-3
-3
-2
2
-2
0
-2
-1
-4
-8
-7
-9
-6
-7
-9
0
1
0
4
1
0
-1
1
-2
-7
-4
-2
-6
-2
-4
0
1
-3
-1
-2
-4
-3
-1
-6
-1
-3
-3
-3
-3
-6
-2
-3
-8
-6
-3
1
0
-1
2
1
-2
-1
-1
2
1
0
3
4
0
-2
-2
-2
2
0
0
3
3
5
5
4
6
7
4
6
4
7
11
11
10
16
12
8
12
11
4
3
7
4
5
5
8
7
6
7
7
8
3
4
0
1
4
6
6
10
11
13
15
12
16
17
18
19
17
16
14
17
12
14
13
16
14
17
19
14
17
12
18
13
13
15
15
15
15
22
17
15
16
16
13
16
14
16
19
18
18
14
21
20
20
17
16
15
14
13
10
5
6
6
5
6
6
3
2
5
4
8
5
2
9
6
7
11
8
6
3
6
5
7
7
5
7
3
7
6
10
10
12
7
9
9
9
7
4
7
1
3
5
5
6
6
7
7
11
11
10
7
17
12
9
12
10
7
5
10
6
6
6
3
3
4
8
7
5
7
4
6
10
9
11
15
16
13
15
18
16
10
11
13
13
11
14
13
14
15
13
14
13
17
15
17
16
13
16
15
18
17
18
18
15
17
21
19
16
14
15
14
17
17
14
14
12
13
9
13
15
17
14
10
16
17
15
15
16
16
17
16
16
13
15
14
15
13
16
14
15
17
17
12
11
16
14
9
14
13
11
9
8
13
10
11
7
10
7
6
3
3
8
7
7
6
8
6
5
-1
3
6
5
4
2
2
2
4
1
5
8
8
6
1
2
4
2
7
4
6
6
3
13
10
12
12
10
11
13
11
10
13
10
15
14
16
19
18
23
19
23
18
18
17
13
17
8
10
8
6
4
3
5
4
6
1
2
-3
5
4
-2
1
0
5
0
1
-2
8
7
7
7
2
6
4
3
3
6
5
3
8
2
6
7
9
12
8
5
5
6
10
12
15
16
15
16
12
14
18
17
17
16
15
15
16
14
13
14
6
9
5
9
6
4
9
9
8
3
5
2
3
0
2
5
3
2
-1
3
9
4
5
4
2
4
1
4
8
5
4
1
1
1
-2
-2
-4
-3
0
-3
-2
-2
-4
1
1
-2
6
7
10
10
11
12
12
14
13
9
5
4
-2
2
6
6
10
9
7
5
5
5
6
1
1
0
3
1
1
7
0
4
1
4
5
6
9
8
16
19
12
15
13
14
14
12
14
13
14
13
14
12
15
12
12
14
14
11
12
13
8
10
14
16
14
16
16
13
9
8
10
9
2
8
9
5
5
3
2
4
4
0
-2
-4
-5
-2
-4
-2
-6
-1
2
-1
-7
-5
2
-1
-3
-4
0
2
2
2
1
3
6
0
5
6
5
3
4
4
4
2
0
-1
2
2
1
2
0
2
-2
-1
2
4
1
3
1
2
4
3
5
8
4
5
5
0
4
2
4
4
3
3
3
-2
0
0
-2
1
4
4
6
4
5
4
8
12
12
20
14
16
12
14
19
13
12
12
14
15
11
15
13
19
17
13
21
12
13
17
18
13
16
16
15
12
9
9
11
7
7
11
13
12
8
13
12
13
12
7
9
9
16
17
13
13
15
12
15
17
12
15
15
18
15
16
17
18
22
23
26
20
18
19
22
25
24
20
24
20
14
15
12
15
14
12
13
10
10
11
6
3
1
2
0
0
-1
-3
0
0
-2
-2
-5
-4
-2
-2
-2
-2
-1
-3
-7
-10
-7
-8
-10
-10
-13
-10
-9
-10
-11
-10
-11
-11
-9
-6
-7
-7
-8
-9
-7
-8
-7
-7
-6
-1
-2
-1
-1
-4
-3
3
2
3
4
2
1
-2
-3
-3
2
0
4
1
-1
-4
-3
-1
-4
1
0
0
-1
4
6
7
7
8
4
6
4
4
6
9
12
6
14
20
13
13
15
16
19
15
17
20
18
17
16
16
15
15
11
12
14
16
13
20
16
17
19
17
17
15
17
11
12
11
13
11
12
10
9
13
7
4
1
3
2
5
6
4
6
2
5
3
8
7
2
2
0
3
0
2
6
6
5
2
-1
4
1
-3
0
0
3
0
-2
-4
0
0
4
1
4
9
6
4
5
6
4
2
4
5
2
0
-1
-4
-4
-5
-6
-8
-11
-10
-9
-9
-14
-14
-11
-13
-9
-16
-15
-14
-15
-16
-18
-15
-18
-14
-15
-16
-17
-16
-16
-18
-14
-12
-6
-12
-11
-11
-13
-10
-8
-9
-8
-7
-6
-5
-10
-6
-3
-9
-10
-5
-2
0
1
-3
-1
6
6
6
6
5
6
7
11
10
10
10
11
10
14
14
10
9
8
12
13
9
7
8
9
8
10
12
9
5
10
9
7
11
11
12
5
8
8
7
7
7
5
5
8
7
10
7
7
10
9
9
15
12
6
11
15
14
11
16
10
7
10
12
11
9
13
13
13
14
14
15
14
19
14
16
17
10
14
8
4
9
14
6
8
12
2
0
10
10
-3
3
13
9
5
8
16
8
6
10
12
12
3
8
9
8
5
3
8
7
-1
4
8
9
5
6
9
12
8
-3
-2
9
1
-7
1
4
-6
-16
-3
4
-12
-8
-2
-9
-10
-1
5
-7
-6
7
-2
-2
-1
-8
-11
-10
-6
-1
-9
-15
-2
0
-12
-11
1
3
-2
-6
-1
0
-8
-14
-5
4
-4
-10
3
10
-14
-16
19
12
-23
-5
22
-13
-19
12
10
-18
-6
19
-2
-15
14
17
-3
2
13
11
3
6
9
14
6
3
11
15
22
17
12
30
19
11
31
27
13
25
35
15
10
26
30
21
20
35
22
10
14
39
21
2
22
35
9
-2
36
39
2
11
46
12
-3
26
23
4
10
18
14
11
7
14
15
8
10
13
1
10
23
0
-1
26
21
-6
24
33
-2
10
33
20
6
28
26
23
23
14
21
30
23
12
30
31
17
18
21
35
28
16
25
31
15
17
23
21
23
22
13
25
25
6
9
28
13
4
24
14
6
16
12
3
18
9
-5
14
7
-6
1
-1
0
-15
2
5
-24
-4
20
-24
-21
26
6
-25
-2
19
1
-26
5
29
-25
-21
22
-7
-16
3
-2
-9
6
-5
-14
2
0
-9
-7
-2
3
-9
-14
-1
2
-10
-9
-1
2
-4
-2
21
2
-18
19
23
-18
2
42
11
-21
28
45
-3
2
42
29
-8
16
37
10
-4
21
42
6
-1
25
33
11
2
39
39
4
11
51
27
-3
30
47
9
0
36
26
8
14
41
25
2
32
31
17
15
36
21
13
33
33
21
24
33
16
26
36
21
13
38
48
18
13
48
29
15
22
33
28
11
27
37
17
12
32
29
10
23
28
1
5
39
22
-5
23
27
9
8
25
26
2
13
25
3
11
11
21
16
16
21
5
7
17
3
19
4
9
16
8
2
13
11
-4
7
25
4
-11
16
8
7
-9
4
30
-4
-11
32
7
-8
6
21
0
8
1
6
-2
12
8
0
4
16
6
9
-2
0
31
-5
-13
35
21
-27
11
35
-5
-10
28
11
-7
-18
16
15
-20
-18
30
18
-30
9
32
-9
-15
26
10
-10
20
6
6
28
21
-7
3
45
1
-18
24
30
2
10
32
14
5
18
16
14
18
18
10
6
27
14
11
26
21
20
22
23
15
13
27
18
3
36
30
-10
30
34
-14
22
38
13
8
21
43
22
32
33
29
30
40
15
20
39
36
12
12
39
24
3
6
33
33
-15
7
71
9
-42
49
57
-26
-21
56
36
-44
1
75
-7
-37
45
40
-29
-2
46
11
-18
14
16
1
2
-3
27
11
-28
5
30
8
-29
3
51
-5
-35
16
36
-14
-47
48
35
-63
16
37
-33
-1
14
-7
-4
27
-11
-12
47
-12
-10
32
20
-14
30
32
-22
26
32
-11
24
10
10
12
-1
8
31
3
-21
36
23
-21
23
21
8
6
16
25
-12
39
-2
-12
40
-9
-14
34
13
-32
11
35
-14
-7
32
2
-4
12
-5
27
-2
3
32
-4
3
42
-10
0
40
-10
-6
33
23
-20
14
46
-11
3
28
6
5
16
28
9
4
35
0
-19
60
-8
-22
32
33
-12
-5
43
19
2
2
34
30
-6
8
34
19
13
11
19
33
8
14
23
23
4
20
21
16
29
-11
26
46
-24
-5
82
-15
-31
54
56
-39
10
63
31
-33
23
71
-6
2
24
58
0
5
27
43
17
-7
13
76
-17
-21
42
77
-33
-36
72
56
-38
-6
75
28
-17
-8
91
33
-53
10
108
-1
-64
31
122
-48
-48
87
52
-22
-20
70
55
-11
-53
105
65
-86
-3
150
30
-139
72
164
-78
-82
117
86
-75
-57
142
62
-119
-24
186
-9
-146
84
170
-104
-100
178
39
-118
-3
143
-16
-99
43
102
-31
-65
23
102
-42
-88
91
63
-105
-25
104
-16
-85
49
75
-63
-37
66
34
-91
36
64
-51
-17
36
21
-31
-1
19
18
-10
-33
60
13
-50
36
68
-6
-51
78
62
-58
2
94
19
-69
51
90
-46
-24
65
82
-66
-9
113
23
-71
-1
130
-21
-77
81
94
-67
-36
104
46
-86
21
116
-16
-75
99
76
-102
-3
133
-11
-75
69
76
-15
-46
63
89
-62
-15
107
29
-72
57
92
-38
9
86
8
3
26
73
0
-15
62
52
-47
30
91
-20
-18
66
59
-44
19
63
22
-28
19
94
5
-39
71
52
-39
45
23
-12
39
21
-14
27
44
8
-14
23
76
-24
-16
78
39
-49
17
101
-39
-37
68
44
-42
11
56
4
-13
29
13
20
-22
-6
42
34
-66
-9
119
-23
-87
52
80
-64
-78
98
54
-104
-35
131
26
-136
8
160
-62
-105
71
71
-59
-56
47
49
-57
-65
67
25
-62
-50
69
37
-88
-35
121
-16
-78
20
79
1
-100
51
114
-88
-81
147
27
-147
29
140
-39
-107
70
132
-99
-64
139
71
-103
-8
186
-24
-109
77
118
-60
-49
105
58
-60
7
76
-15
10
20
31
32
-4
23
46
27
-14
43
32
1
36
-3
7
85
23
-54
61
107
-59
14
98
4
0
44
78
-2
-16
107
28
-48
47
73
22
-23
39
78
2
-45
86
81
-99
35
117
-20
-74
95
74
-61
-29
114
32
-127
53
134
-93
-54
145
14
-94
39
105
-47
-36
59
64
-49
-35
105
21
-88
46
91
-29
-40
47
70
-33
-57
99
53
-98
14
133
-38
-96
96
81
-109
0
146
-37
-99
113
74
-103
-30
159
-45
-96
63
79
-98
-24
89
-33
-60
40
38
-91
-15
65
-39
-51
36
20
-47
-4
35
-40
-17
31
-8
-27
29
-16
-21
24
0
-26
1
58
-60
-8
70
-26
-71
54
68
-98
-14
76
22
-112
32
92
-62
-14
25
52
-39
-21
70
17
-81
44
78
-89
-11
107
-57
-42
67
10
-42
-15
72
-27
-32
39
10
-18
13
9
4
8
-9
20
10
-26
35
-21
1
3
-4
-3
-15
29
-1
-20
1
34
-11
-32
55
-11
7
-14
16
21
-18
-16
36
17
-58
33
51
-11
-33
45
20
11
-37
31
54
-26
-45
72
11
-54
15
47
-10
-27
36
25
-16
-1
48
5
-34
38
14
-21
9
7
10
-26
2
4
16
-41
-10
71
-53
-11
69
2
-22
20
47
-3
-1
0
63
-23
-27
67
18
-43
29
42
-51
24
36
-9
-31
20
42
-47
-16
60
5
-71
41
48
-45
-14
38
30
-55
23
70
-53
-11
53
-2
-34
25
40
-35
-27
43
26
-55
8
54
5
-96
67
48
-94
18
92
-58
-34
42
34
-61
-23
61
-6
-63
21
40
-47
-25
30
12
-58
13
52
-36
-50
39
41
-82
-3
62
-7
-75
27
70
-49
-82
93
42
-104
-6
118
-62
-87
118
27
-114
-3
138
-88
-56
99
25
-99
29
65
-39
-32
23
25
-31
-12
38
32
-50
-5
72
-11
-66
75
41
-73
42
42
-13
-33
73
-21
-21
44
26
-15
-16
52
11
-31
27
12
40
-20
-22
78
-3
-56
43
42
-38
-22
31
38
-60
-10
76
-4
-69
70
40
-56
9
47
-21
-25
39
20
-44
33
31
-39
28
21
-33
37
7
-25
27
13
-62
69
4
-72
35
45
-82
3
42
-14
-54
25
8
-36
-29
71
-42
-33
37
48
-81
-23
97
-13
-73
6
113
-87
-34
44
28
-54
-54
68
32
-100
-19
113
-43
-122
100
23
-80
-23
51
-36
-25
9
14
-33
19
-10
-15
4
-7
16
-40
16
29
-18
-13
17
10
-42
30
-5
-47
14
55
-50
-71
110
3
-98
25
105
-80
-37
69
10
-77
36
30
-53
5
17
8
-55
43
11
-11
-47
50
13
-47
-7
66
-31
-27
27
37
-64
-17
62
-16
-59
32
58
-75
30
52
-39
-28
60
35
-92
46
46
-28
-33
80
-28
-15
31
7
-18
14
4
-14
3
38
-32
-23
75
-24
-28
23
47
-64
35
23
-52
26
14
-15
-31
36
-20
-14
39
-51
4
51
-48
-49
88
-14
-100
47
70
-92
-72
134
-5
-133
30
143
-108
-74
123
17
-120
64
49
-99
44
32
-92
11
83
-87
-26
85
-28
-63
21
52
-31
-65
79
13
-53
18
36
-18
10
3
-24
50
-17
-32
37
-10
8
-17
-6
-3
9
-48
3
35
-63
46
-14
-36
17
8
-26
-26
36
-39
-39
53
-72
-21
23
-32
-28
14
4
-33
-32
53
-48
-40
39
18
-120
48
48
-86
-71
56
33
-122
18
47
-50
-54
33
-21
-48
25
6
-87
13
52
-91
-45
76
-22
-95
28
18
-10
-76
23
-2
-42
13
-59
6
17
-43
-14
-13
34
-77
9
23
-60
-10
36
-59
-54
82
-44
-111
36
77
-153
-19
115
-104
-54
62
-13
-92
43
4
-84
23
3
-75
18
24
-68
-54
51
13
-109
-5
52
-40
-82
-3
47
-44
-79
32
22
-86
13
28
-94
60
-4
-98
37
48
-47
-70
27
63
-88
-45
59
20
-60
-19
38
11
-13
-81
50
18
-62
-9
29
-17
3
-26
-24
47
12
-67
-22
55
-14
-44
-60
84
-7
-60
-51
77
4
-92
-10
63
0
-78
7
13
39
-83
-9
7
23
-36
-46
7
66
-60
-38
43
21
-36
-13
-2
39
-37
-26
28
18
-38
0
15
-29
10
7
-37
16
21
-14
-34
23
24
-40
-47
92
-34
-83
53
-5
-63
-1
35
-76
17
-7
-49
23
-46
3
-5
-30
-55
65
-21
-102
88
-21
-28
-41
27
35
-63
-67
113
-31
-97
51
16
-43
-19
26
-68
73
-58
-49
48
21
-77
1
82
-75
-27
88
-40
-40
67
-29
-42
71
-48
-26
56
-18
-43
-2
94
-93
-41
116
-48
-69
80
-18
-45
73
-52
-33
60
-4
-85
26
20
-28
-38
-8
52
-48
-28
46
-61
-33
104
-134
8
88
-93
-37
38
-8
-40
-37
5
30
-32
-85
85
13
-91
-23
92
4
-142
90
55
-93
0
68
-34
-12
42
-5
-61
79
-12
-62
27
8
-13
-40
2
8
-2
-43
-7
32
-42
-22
-8
25
-51
18
12
-33
7
-16
22
-54
-34
60
1
-131
69
49
-126
7
72
-91
-11
30
-25
-52
21
5
-59
-18
36
-26
-52
40
-23
-3
-24
-21
8
-4
-41
-4
-17
28
-47
-27
19
-30
2
-31
-18
14
-19
-14
-19
-13
-6
-17
-49
21
23
-104
47
-1
-65
-30
76
-50
-92
75
36
-147
41
95
-114
-9
57
48
-138
35
99
-99
3
28
22
-8
-70
46
72
-132
15
62
16
-99
21
65
-75
-49
91
-53
-54
49
-16
-32
-27
3
30
-63
-57
83
-25
-99
-5
82
-49
-125
127
-15
-126
62
21
-67
-37
62
-21
-53
27
21
-55
5
22
-26
-57
44
31
-77
-41
81
20
-129
47
72
-29
-59
21
46
-24
-46
27
6
-34
-22
22
-49
-19
36
-6
-99
32
83
-139
-11
68
-47
-48
23
3
-46
-38
59
-30
-108
76
39
-124
7
53
-29
-97
59
31
-129
34
60
-102
-56
118
-44
-65
54
-4
1
-1
4
-23
64
-74
-2
82
-38
-47
62
11
-56
42
42
-32
-35
83
-14
-68
55
41
-59
18
19
-9
-19
8
-17
9
27
-36
-4
39
-22
-38
34
33
-21
-69
67
44
-145
16
146
-106
-87
134
5
-95
14
80
-56
-40
72
-8
-62
48
18
-67
29
14
-26
23
-37
38
10
-59
14
48
-9
-62
30
51
-55
-26
60
9
-43
5
60
19
-103
55
63
-75
-26
83
-44
-29
22
-34
-2
-7
-21
-31
50
-40
-49
61
10
-104
64
64
-88
-1
104
-38
-66
78
37
-74
32
48
1
-8
-20
38
42
-44
0
72
-17
-7
23
20
-24
1
40
-39
-1
45
-38
-8
36
-22
3
-22
40
14
-27
14
1
9
10
27
-15
0
39
1
-40
1
40
-20
-13
31
10
-12
26
0
-3
29
5
0
34
-11
-14
31
9
-51
65
15
-41
35
24
-27
-3
36
4
-8
22
13
-12
20
12
13
5
10
21
5
-10
-12
10
-5
4
-37
-2
20
-32
4
-8
2
-6
-1
16
-24
-5
30
-19
-18
12
0
-32
-9
0
-8
-17
-30
-35
21
-5
-53
12
46
-59
-26
66
-26
-25
25
46
-10
-29
34
25
-31
-2
20
-17
3
-27
-25
29
-11
-41
-11
46
-37
-37
29
-8
-27
0
10
-13
-2
4
-15
-11
12
7
1
1
1
1
-3
-7
-14
9
-10
-7
-9
1
14
-21
-14
36
16
-45
4
60
-44
-27
62
24
-50
24
55
-8
-27
9
48
-19
-19
37
50
-22
-18
56
26
-23
19
62
-15
13
51
10
12
20
27
13
3
16
20
-1
-7
14
12
7
-10
5
3
-5
13
-6
5
18
-5
3
40
-10
-19
23
54
-18
-15
57
24
-18
16
52
22
-8
14
44
10
5
0
29
16
-12
36
27
-22
11
23
1
9
17
-3
-10
17
3
-28
2
-3
-14
13
7
-6
-2
-3
-10
8
0
-30
-1
5
-22
-7
-4
-17
-12
-4
-3
-5
-7
-22
-17
23
-2
-26
-3
11
-10
-20
3
-1
-30
-16
-1
-18
-28
-17
-36
-37
-16
-9
-18
-33
-10
-12
-33
-17
-9
-16
-14
-26
-19
-12
-26
-37
-22
-20
-39
-20
-17
-40
-52
-40
-27
-52
-57
-31
-37
-61
-43
-29
-51
-49
-21
-10
-20
5
31
18
48
82
86
111
118
134
154
143
159
167
175
156
146
161
138
95
106
106
62
53
50
36
4
8
17
-11
1
4
-1
-10
14
13
0
26
46
38
44
57
56
57
60
66
70
66
53
53
46
33
19
20
4
-23
-15
-32
-55
-55
-66
-74
-74
-75
-100
-102
-81
-96
-92
-77
-72
-66
-61
-39
-27
-24
-15
3
17
22
18
28
9
2
14
-7
-30
-37
-44
-65
-75
-57
-63
-98
-90
-75
-89
-116
-89
-87
-122
-109
-76
-101
-136
-128
-149
-187
-186
-119
-51
5
63
46
21
69
144
195
233
267
272
265
260
265
220
162
156
163
126
91
49
-50
-125
-120
-118
-124
-124
-139
-164
-165
-135
-107
-99
-70
-35
8
66
86
87
90
102
130
175
187
169
147
121
110
105
96
75
53
22
-22
-30
-53
-111
-124
-88
-83
-103
-99
-92
-102
-98
-45
-4
16
47
72
88
99
115
129
145
165
173
165
155
127
96
82
71
55
41
20
-17
-33
-48
-60
-67
-65
-73
-63
-47
-65
-61
-49
-62
-47
-20
-23
-26
-22
-37
-33
-26
-29
-26
-36
-38
-49
-55
-53
-65
-74
-59
-54
-54
-77
-82
-70
-83
-78
-56
-64
-85
-94
-77
-78
-83
-95
-111
-115
-120
-100
-99
-134
-160
-172
-181
-106
34
160
137
43
90
209
247
270
351
344
261
261
331
294
153
99
99
80
60
36
-57
-184
-237
-217
-155
-129
-164
-178
-172
-152
-87
-24
7
5
51
136
181
185
166
147
131
169
216
207
139
67
13
4
-11
-22
-37
-94
-141
-151
-146
-143
-180
-194
-158
-121
-90
-62
-47
-69
-48
21
76
114
131
128
141
164
171
179
202
196
169
167
161
109
64
55
28
7
-3
-41
-78
-93
-100
-98
-80
-79
-76
-64
-39
-20
3
26
28
60
85
77
78
58
47
34
20
16
-20
-55
-83
-104
-143
-153
-157
-171
-174
-148
-141
-146
-120
-94
-77
-57
-34
-22
-31
-57
-32
-17
-22
-17
-25
-42
-54
-59
-64
-94
-89
-87
-118
-145
-188
-248
-282
-198
16
190
142
-20
-22
149
235
248
363
436
308
225
337
371
198
57
103
179
130
34
-36
-149
-283
-293
-143
-29
-110
-204
-189
-144
-121
-43
40
37
37
125
211
199
141
93
112
162
221
234
139
10
-73
-78
-37
-25
-39
-85
-177
-212
-169
-140
-180
-202
-136
-54
-39
-40
-26
-41
-51
14
135
193
144
95
94
98
101
112
129
99
40
27
33
-6
-90
-121
-29
71
84
71
46
20
19
96
187
181
155
117
105
111
63
23
-5
-7
-11
-16
-36
-111
-164
-182
-130
-90
-71
-89
-152
-150
-141
-120
-90
-84
-81
-72
-69
-81
-80
-84
-98
-65
-28
-12
-36
-84
-102
-81
-61
-47
-23
-51
-107
-121
-103
-81
-103
-110
-75
-94
-124
-120
-111
-129
-155
-164
-172
-222
-287
-195
103
299
124
-90
63
315
284
249
415
473
258
138
313
392
136
-103
4
179
45
-171
-162
-157
-364
-422
-149
33
-153
-319
-192
-42
-41
-21
136
197
112
147
302
334
185
110
184
230
222
204
105
-82
-175
-125
-89
-103
-93
-131
-284
-322
-170
-105
-202
-208
-46
32
-15
18
95
69
8
98
261
281
168
88
93
99
75
64
80
42
-66
-104
-51
-63
-175
-216
-137
-76
46
162
138
42
33
152
258
346
322
210
185
160
170
120
80
-10
-95
-26
-59
-112
-204
-294
-273
-215
-92
-112
-150
-177
-203
-140
-67
19
10
-20
-25
-19
19
-2
-36
-58
-25
6
-4
-52
-123
-154
-157
-98
-62
-85
-148
-184
-158
-148
-126
-104
-108
-126
-131
-110
-99
-93
-88
-68
-37
-74
-124
-134
-169
-219
-145
159
404
254
-22
-2
263
340
269
357
466
304
69
156
343
178
-146
-139
122
121
-147
-258
-185
-270
-405
-219
95
65
-221
-262
-33
88
58
129
266
218
118
195
316
238
67
67
166
188
119
10
-122
-228
-224
-148
-77
-58
-123
-268
-327
-174
-13
-37
-107
-15
100
62
63
156
168
65
62
239
332
223
76
26
39
37
46
65
48
-71
-174
-140
-73
-119
-181
-149
50
203
164
118
111
117
144
294
433
331
199
111
112
104
47
9
-86
-107
-143
-176
-204
-293
-323
-306
-181
-97
-99
-134
-199
-148
-93
-15
47
56
20
-45
-34
-9
-7
-59
-83
-38
-24
-51
-122
-161
-200
-182
-122
-60
-35
-131
-203
-196
-133
-98
-95
-64
-56
-51
-70
-75
-69
-94
-77
2
19
-62
-149
-181
-211
-255
-153
142
345
164
-115
-47
224
270
170
275
416
290
86
140
295
156
-148
-134
151
174
-119
-272
-190
-227
-383
-256
58
65
-220
-299
-70
81
21
19
168
224
131
143
255
228
63
2
97
175
143
13
-118
-178
-170
-151
-113
-35
-57
-225
-300
-142
14
-49
-134
-22
101
57
20
125
173
47
-10
144
277
201
62
12
32
33
10
38
61
-19
-157
-151
-50
-41
-122
-34
158
172
110
118
161
168
184
268
293
302
183
89
83
56
9
-74
-42
-74
-146
-184
-234
-224
-246
-220
-169
-101
-67
-145
-138
-93
-43
-28
13
69
39
-21
-54
-26
-20
-51
-63
-32
-25
-107
-150
-163
-155
-167
-141
-61
-52
-118
-198
-158
-80
-77
-85
-61
-32
-80
-109
-94
-79
-81
-90
-50
-36
-105
-200
-231
-235
-257
-189
41
260
197
-39
-84
116
273
264
279
360
356
185
99
211
227
15
-135
-2
125
-32
-260
-293
-263
-328
-327
-146
-19
-127
-272
-216
-19
71
57
103
183
186
172
214
253
193
108
93
151
177
104
-29
-147
-170
-147
-123
-107
-124
-190
-273
-264
-141
-67
-123
-140
-55
9
13
43
101
100
54
95
194
230
167
75
25
39
77
79
50
9
-66
-135
-131
-86
-101
-75
30
55
42
42
67
88
121
167
176
217
195
131
101
89
61
-3
13
-7
-62
-87
-139
-157
-164
-147
-145
-116
-94
-140
-143
-103
-72
-82
-58
-11
-10
-41
-66
-67
-60
-55
-58
-33
-28
-67
-95
-107
-94
-98
-81
-59
-73
-97
-132
-124
-86
-60
-60
-66
-77
-115
-120
-74
-15
-35
-77
-79
-90
-145
-185
-190
-214
-252
-198
52
279
181
-66
-56
173
293
265
311
424
360
162
113
267
314
85
-106
-7
111
-22
-202
-217
-231
-323
-351
-193
-50
-106
-252
-288
-143
-6
36
63
88
96
116
167
212
208
162
96
65
129
187
114
-12
-92
-93
-64
-32
-43
-115
-201
-217
-165
-115
-109
-110
-115
-159
-134
-15
68
33
-25
-5
63
111
126
122
106
71
48
76
121
106
10
-62
-49
-6
55
116
101
36
3
42
97
144
143
70
53
54
71
51
31
-9
-89
-74
-44
-31
-64
-125
-155
-153
-99
-83
-52
-35
-86
-117
-72
-13
-14
-41
-59
-47
-39
-57
-61
-58
-71
-115
-114
-68
-50
-76
-115
-121
-120
-91
-53
-53
-85
-128
-135
-97
-53
-35
-53
-79
-90
-91
-76
-56
-52
-58
-62
-44
-61
-112
-151
-185
-214
-191
-14
212
223
48
-35
102
224
219
214
308
364
253
139
194
285
169
-43
-68
66
91
-49
-147
-161
-212
-312
-299
-161
-73
-133
-228
-196
-102
-40
-30
-38
0
62
114
152
182
186
124
50
61
132
166
131
70
9
-26
-25
-13
-68
-144
-153
-125
-121
-154
-135
-108
-168
-234
-185
-46
3
-44
-72
-40
5
10
20
70
110
98
62
85
127
116
47
17
103
195
214
167
113
83
68
76
76
99
109
43
-27
-49
-28
-49
-99
-137
-139
-104
-95
-117
-135
-137
-140
-121
-79
-40
-7
-7
-51
-70
-20
12
-10
-51
-42
-18
-27
-60
-82
-78
-90
-126
-116
-70
-53
-98
-144
-141
-108
-84
-96
-106
-104
-87
-77
-58
-47
-50
-63
-67
-46
-30
-32
-43
-40
-41
-53
-82
-117
-146
-185
-213
-161
0
145
117
6
-3
106
166
162
192
273
303
238
192
236
265
160
18
-8
60
95
38
-44
-109
-163
-221
-230
-174
-117
-116
-170
-191
-137
-59
-60
-113
-105
-19
56
65
79
118
108
27
-12
46
109
109
65
35
30
36
18
-41
-93
-84
-52
-66
-85
-52
-30
-106
-188
-168
-87
-49
-77
-84
-61
-45
-57
-67
-44
-13
1
-7
-1
34
58
43
49
96
167
216
202
160
161
193
173
125
140
162
126
39
-22
-24
-40
-105
-178
-183
-163
-178
-209
-215
-196
-199
-197
-165
-125
-95
-87
-84
-70
-47
-23
-23
-25
-27
-27
-16
-17
-37
-54
-61
-72
-75
-65
-53
-66
-90
-102
-102
-96
-105
-123
-123
-113
-114
-105
-93
-83
-90
-81
-70
-59
-46
-50
-44
-35
-38
-64
-86
-104
-139
-156
-97
34
115
88
23
35
116
147
133
155
223
248
219
212
246
239
146
44
27
65
70
27
-17
-60
-123
-173
-185
-165
-150
-150
-155
-148
-118
-80
-75
-98
-102
-55
3
24
48
83
87
33
-10
16
48
62
48
40
58
68
34
-14
-37
-38
-36
-48
-50
-21
5
-35
-99
-102
-69
-58
-75
-74
-55
-36
-45
-54
-54
-58
-65
-84
-73
-37
4
64
124
128
121
137
155
155
172
202
206
188
155
143
123
71
-10
-55
-53
-75
-113
-137
-163
-188
-216
-229
-214
-177
-157
-171
-167
-128
-95
-80
-68
-74
-77
-50
-18
-3
12
15
-2
-6
-17
-31
-35
-34
-44
-57
-46
-42
-54
-70
-93
-118
-111
-89
-70
-79
-87
-86
-97
-100
-99
-81
-64
-73
-78
-44
-21
-32
-60
-82
-90
-108
-129
-137
-96
-3
79
77
24
31
92
137
129
144
205
249
235
201
216
238
180
80
45
69
82
58
7
-38
-78
-126
-150
-150
-142
-138
-137
-134
-125
-95
-82
-93
-103
-78
-32
11
36
51
54
42
31
29
38
54
75
80
75
74
62
38
2
-6
1
-3
-19
-21
7
2
-38
-68
-75
-81
-91
-79
-51
-29
-23
-33
-43
-52
-44
-36
-14
12
42
77
92
83
71
83
93
87
77
93
108
103
82
63
38
-3
-37
-45
-39
-40
-63
-84
-106
-121
-137
-142
-134
-127
-121
-119
-104
-86
-74
-79
-88
-87
-80
-45
-24
-25
-29
-30
-28
-37
-40
-45
-37
-27
-33
-33
-34
-44
-67
-83
-93
-95
-82
-79
-76
-69
-64
-78
-103
-108
-90
-61
-52
-57
-51
-39
-34
-48
-48
-40
-45
-71
-91
-94
-101
-143
-181
-151
-38
57
46
4
7
58
85
86
121
187
220
185
152
184
221
177
79
37
58
68
45
15
-10
-42
-101
-147
-137
-96
-77
-103
-121
-110
-71
-48
-63
-72
-54
-31
-22
2
41
52
32
13
12
40
70
65
40
26
47
69
59
36
17
18
-7
-39
-20
19
18
-40
-70
-64
-55
-71
-99
-89
-76
-72
-85
-95
-83
-80
-88
-34
48
103
117
113
105
106
142
148
149
161
160
150
127
88
44
15
-16
-74
-90
-78
-82
-118
-157
-162
-157
-146
-155
-140
-97
-67
-76
-80
-71
-63
-57
-55
-51
-41
-24
-25
-28
-32
-55
-71
-59
-48
-47
-38
-21
-30
-55
-64
-64
-57
-71
-72
-66
-60
-57
-67
-67
-75
-78
-81
-73
-64
-79
-83
-85
-78
-70
-67
-95
-131
-148
-161
-176
-181
-133
-14
85
70
16
31
115
145
139
175
251
293
262
219
222
240
177
81
51
73
82
49
5
-38
-89
-147
-198
-192
-141
-114
-128
-147
-132
-89
-69
-84
-92
-61
-15
15
42
82
98
65
27
23
59
101
107
94
87
94
90
59
21
14
15
2
-24
-11
20
-5
-70
-110
-106
-102
-101
-103
-87
-56
-36
-38
-47
-40
-19
1
26
67
110
134
124
105
109
125
122
111
115
132
132
109
75
39
10
-16
-50
-68
-61
-54
-69
-107
-136
-134
-123
-125
-127
-105
-74
-71
-82
-86
-76
-63
-65
-67
-61
-38
-24
-24
-29
-38
-36
-37
-44
-48
-42
-24
-22
-47
-71
-71
-60
-68
-83
-82
-62
-58
-64
-60
-51
-53
-72
-70
-54
-35
-25
-37
-39
-42
-33
-26
-39
-43
-38
-34
-60
-84
-92
-104
-128
-148
-103
15
112
91
21
21
85
132
140
159
208
229
190
147
164
184
133
48
4
18
26
4
-39
-82
-122
-153
-170
-158
-121
-95
-91
-108
-108
-80
-49
-39
-47
-28
17
43
61
84
95
85
52
44
68
102
114
101
91
81
73
37
5
3
12
-3
-37
-32
-12
-25
-79
-109
-94
-78
-68
-50
-22
2
11
-2
-4
32
68
80
91
116
146
163
152
114
101
113
103
85
84
89
67
31
2
-11
-21
-43
-82
-93
-82
-74
-74
-85
-94
-93
-86
-87
-75
-52
-39
-46
-57
-46
-33
-26
-24
-30
-25
-22
-28
-34
-33
-33
-37
-31
-26
-42
-58
-64
-70
-82
-79
-61
-53
-61
-74
-78
-73
-70
-69
-46
-16
-14
-24
-27
-21
-26
-32
-35
-31
-12
-2
-16
-29
-42
-72
-109
-129
-130
-132
-136
-109
-14
97
115
35
0
65
140
174
192
243
281
246
170
144
182
163
83
35
45
70
42
-20
-79
-111
-129
-151
-137
-93
-52
-66
-108
-118
-86
-53
-52
-49
-8
46
67
64
68
77
62
45
49
86
130
147
119
81
67
68
44
13
14
37
42
1
-37
-37
-39
-83
-116
-93
-54
-47
-61
-68
-64
-73
-80
-72
-41
-3
16
24
51
130
205
229
206
187
205
229
242
208
181
152
110
63
22
3
-51
-113
-153
-150
-127
-131
-159
-185
-170
-138
-85
-38
-8
9
11
16
38
85
93
70
28
13
4
-4
-17
-59
-100
-131
-136
-131
-121
-119
-132
-129
-122
-101
-78
-56
-36
-35
-25
-14
-3
2
3
0
2
8
11
6
-8
-21
-41
-54
-49
-43
-48
-58
-78
-107
-123
-138
-151
-153
-132
-62
51
130
96
22
23
98
166
192
221
251
241
172
101
97
101
48
-18
-28
-3
-11
-56
-113
-152
-171
-155
-110
-50
-6
3
-4
-6
2
35
83
99
102
116
143
146
112
69
48
37
19
7
24
32
-10
-72
-102
-92
-73
-84
-96
-74
-34
-25
-49
-46
-12
-8
-23
7
69
113
105
69
48
41
38
28
23
30
32
26
17
34
57
43
7
-4
22
51
61
46
35
37
36
38
40
38
39
29
16
31
52
53
35
19
25
35
49
40
26
20
14
7
-8
-15
-34
-58
-75
-82
-84
-74
-77
-91
-102
-98
-87
-72
-64
-62
-44
-33
-32
-41
-45
-45
-50
-46
-29
-16
-38
-69
-92
-105
-97
-91
-88
-74
-67
-78
-90
-85
-72
-66
-65
-55
-41
-28
-20
-22
-33
-36
-47
-61
-63
-77
-98
-97
-19
110
155
64
-9
42
144
176
146
158
195
177
98
50
82
87
16
-50
-30
22
17
-53
-125
-128
-86
-41
-10
23
44
35
15
22
65
108
109
66
45
80
105
66
-2
-26
-31
-36
-44
-54
-53
-77
-118
-130
-88
-33
-27
-64
-84
-36
24
33
25
48
78
65
45
72
104
77
9
-21
2
34
50
37
10
-16
-35
-40
-18
29
34
11
0
11
33
39
30
16
33
78
113
105
77
51
38
33
54
93
108
78
17
-18
-12
-6
-17
-32
-38
-44
-47
-55
-74
-89
-100
-96
-83
-47
-38
-58
-82
-90
-74
-49
-31
-25
-35
-54
-60
-45
-28
-36
-46
-43
-40
-44
-55
-69
-83
-101
-87
-60
-46
-53
-65
-67
-60
-49
-32
-10
-3
5
5
4
1
-17
-14
-5
0
-5
-10
-19
-55
-92
-119
-126
-141
-153
-116
-4
102
72
-33
-49
55
157
173
165
202
220
167
91
76
102
77
20
4
33
26
-49
-128
-152
-109
-65
-33
-15
-20
-33
-46
-38
-6
42
58
42
35
62
85
54
1
-21
-1
28
21
-4
-39
-78
-106
-103
-61
-2
14
-29
-69
-49
-5
4
-14
-10
36
57
42
29
35
29
-12
-32
11
59
41
-2
-19
-11
-7
-13
-11
13
35
41
27
29
39
41
34
41
74
97
108
81
52
53
61
58
51
51
45
39
12
-9
-13
-6
-4
-10
-6
-9
-26
-48
-54
-40
-28
-24
-31
-43
-53
-68
-74
-55
-39
-41
-47
-32
-21
-34
-48
-54
-34
-17
-12
-15
-24
-30
-36
-41
-38
-22
-24
-28
-45
-55
-49
-32
-16
-8
-7
-1
4
2
10
16
17
5
-1
-1
-14
-26
-37
-42
-41
-39
-43
-58
-89
-116
-118
-108
-95
-60
43
150
148
48
7
105
216
229
193
202
228
177
69
22
34
16
-40
-75
-46
-37
-103
-184
-185
-117
-52
-25
-19
0
27
50
69
102
132
155
146
128
136
141
94
23
-6
16
36
9
-57
-114
-130
-127
-108
-80
-46
-35
-56
-86
-63
7
37
16
7
49
92
73
23
14
27
19
-3
0
34
37
-6
-31
-9
12
4
-7
5
42
71
64
43
41
68
86
79
75
79
84
72
49
45
48
36
9
6
18
20
2
-27
-34
-20
-11
-9
-10
-5
-2
-4
-6
-17
-28
-32
-27
-18
-20
-33
-46
-57
-62
-66
-68
-51
-37
-39
-44
-39
-30
-36
-50
-52
-26
-7
-2
-8
-25
-34
-53
-56
-48
-40
-37
-48
-54
-49
-43
-44
-34
-16
9
28
27
15
-4
0
-3
-1
10
19
18
-7
-24
-27
-14
-14
-23
-19
-19
-41
-72
-87
-80
-55
-9
62
116
88
9
-1
72
143
141
117
127
134
84
15
-14
0
20
22
22
30
4
-49
-73
-36
29
60
64
55
56
74
82
77
78
84
96
97
81
47
15
-21
-39
-32
-21
-30
-72
-115
-131
-119
-91
-75
-66
-41
-18
-14
-20
-4
25
44
58
66
79
75
42
15
25
49
59
61
45
10
-18
-17
-5
6
12
18
34
28
26
18
17
38
62
89
86
71
51
43
57
77
81
73
72
62
44
40
41
39
38
36
39
35
17
-5
-18
-3
17
19
1
-14
-21
-29
-38
-35
-30
-29
-24
-25
-35
-43
-52
-59
-50
-37
-38
-43
-54
-54
-53
-47
-35
-30
-13
-17
-20
-22
-25
-9
-2
5
1
1
4
-2
2
14
35
38
30
15
5
11
12
15
15
17
16
13
10
0
-28
-42
-35
-24
-30
-43
-54
-68
-75
-80
-80
-76
-70
-45
24
101
102
38
9
89
178
179
141
133
155
140
83
48
37
34
32
29
18
-14
-53
-70
-47
3
30
19
-1
-5
20
53
58
50
51
65
77
72
55
35
20
11
14
20
10
-26
-57
-58
-39
-20
-16
-28
-17
-1
-4
-21
-24
13
39
40
37
33
19
-8
-19
9
42
51
29
-1
-11
-4
5
7
17
30
43
43
31
27
34
53
69
81
85
80
64
58
56
73
86
74
64
58
49
30
18
16
12
14
3
-13
-29
-37
-30
-17
-10
-18
-25
-37
-41
-52
-53
-42
-38
-34
-43
-50
-56
-69
-73
-58
-33
-12
-28
-47
-50
-41
-33
-31
-15
3
9
2
-14
-27
-24
-15
-6
-1
-8
-25
-41
-47
-46
-41
-30
-24
-19
-5
-2
-9
-11
-6
8
23
21
13
11
9
5
-4
-9
-4
0
-5
-3
-17
-33
-42
-39
-28
-37
-55
-58
-52
-69
-78
-55
3
56
41
-9
-6
65
99
62
37
71
114
99
44
8
1
4
20
33
26
-3
-31
-39
-22
10
30
21
17
40
60
55
31
26
48
74
76
59
28
11
6
5
8
6
0
-18
-32
-41
-44
-45
-41
-29
-2
20
3
-36
-42
-9
23
19
15
20
26
17
10
17
25
37
36
37
37
39
30
10
12
40
54
40
21
15
14
14
10
11
16
32
31
18
8
15
25
29
34
39
49
45
39
37
36
36
27
20
18
14
4
-6
-19
-21
-23
-35
-41
-47
-47
-49
-52
-57
-69
-71
-61
-58
-56
-57
-54
-44
-41
-52
-53
-43
-33
-23
-25
-32
-29
-27
-27
-33
-33
-25
-15
-13
-23
-29
-30
-34
-32
-21
-9
-2
-4
-9
-3
-1
-8
-5
7
10
8
7
2
-8
-14
-14
-11
-15
-22
-26
-42
-47
-51
-51
-48
-50
-48
-53
-57
-63
-63
-66
-72
-70
-74
-62
-32
7
24
11
8
33
67
74
66
64
80
83
68
42
21
20
30
45
38
18
-4
-9
-3
10
17
15
8
14
21
31
30
31
42
50
62
69
53
39
34
37
38
28
22
20
16
4
-10
-19
-19
-17
-10
-11
-24
-36
-42
-38
-30
-22
-9
-7
-6
-7
-8
5
16
23
25
34
39
36
28
23
32
40
37
30
22
12
17
19
18
10
8
12
8
2
11
15
21
27
38
50
39
33
33
39
48
41
32
30
22
18
1
-14
-16
-11
-18
-26
-28
-28
-40
-48
-45
-42
-41
-48
-47
-33
-26
-35
-40
-35
-24
-23
-23
-30
-32
-33
-28
-28
-32
-24
-19
-21
-25
-28
-21
-14
-16
-10
-10
-13
-15
-16
-13
-14
-11
-14
-15
-15
-18
-17
-20
-19
-11
-7
-8
-6
-6
-11
-14
-9
4
4
-2
-9
-13
-18
-25
-25
-22
-32
-37
-39
-47
-45
-47
-54
-55
-49
-52
-45
-27
1
14
11
20
40
59
62
64
79
93
84
66
54
53
49
51
55
51
34
28
37
37
26
21
25
28
25
37
38
34
32
37
39
33
33
35
40
34
32
20
2
0
11
13
7
6
6
7
5
6
16
11
4
5
14
23
15
6
2
-3
5
5
8
4
5
7
4
4
9
15
18
22
29
34
31
27
28
36
33
41
45
39
37
36
33
33
42
39
34
35
33
34
31
32
32
35
38
32
30
25
21
20
16
22
24
22
19
12
8
2
-1
-4
-8
-5
-3
-16
-26
-32
-33
-37
-39
-44
-43
-42
-45
-45
-41
-43
-52
-45
-39
-27
-26
-34
-39
-33
-29
-26
-30
-31
-30
-32
-28
-31
-29
-29
-26
-27
-21
-18
-21
-25
-23
-13
-9
-3
-10
-4
5
14
19
13
14
11
12
2
-3
6
10
4
-6
-8
-10
-9
-10
-12
-14
-19
-22
-26
-29
-26
-23
-22
-11
5
16
17
12
15
31
48
62
66
46
42
49
60
66
65
61
56
49
45
34
30
28
27
18
9
14
8
6
9
23
31
30
33
45
48
45
38
41
49
51
53
52
47
42
36
33
33
30
27
13
-3
-6
-4
-6
-10
-7
3
5
-8
-10
-2
7
1
9
22
25
33
31
29
33
34
34
38
46
43
25
17
20
21
25
25
16
17
21
19
18
20
27
36
34
40
41
38
39
36
48
52
52
52
49
49
44
36
35
35
34
34
19
7
5
7
0
-3
-1
-4
-11
-12
-18
-22
-26
-23
-16
-13
-18
-28
-29
-27
-23
-20
-20
-22
-22
-24
-20
-19
-23
-14
-10
-9
-10
-7
-10
-13
-5
-1
0
0
2
-2
-14
-10
-4
2
2
-1
2
1
3
8
15
25
23
19
15
16
22
20
21
18
18
22
18
13
3
-7
-8
-5
-2
-5
-12
-25
-27
-30
-19
-16
-15
-4
11
24
24
21
20
30
48
66
74
58
47
50
55
59
56
57
49
44
43
42
36
33
37
42
42
43
43
44
45
46
54
56
56
59
59
61
60
51
50
52
54
57
55
47
44
40
39
37
37
37
32
24
21
18
15
13
12
9
0
1
-5
-7
-7
-5
5
9
8
9
7
9
13
24
34
26
31
30
30
28
26
29
30
34
32
29
24
21
21
22
24
28
30
30
35
29
27
37
34
35
37
38
43
41
40
40
42
36
34
28
23
20
21
14
8
13
14
12
4
-2
-6
-7
-1
-3
-10
-17
-24
-21
-17
-16
-15
-14
-13
-17
-13
-14
-19
-20
-17
-11
-15
-15
-11
-12
-12
-11
-7
-8
-13
-14
-13
-13
-9
-6
-6
-2
-3
0
0
8
6
7
3
4
6
4
12
19
24
19
20
19
20
25
27
25
16
21
20
16
11
4
7
5
8
9
10
10
6
4
7
6
11
14
19
18
17
24
32
36
41
47
53
56
58
61
60
61
58
66
66
66
61
58
54
54
58
48
49
50
53
50
46
50
53
55
49
54
55
53
48
44
41
43
37
30
39
31
24
18
17
19
19
17
13
4
4
1
-6
-9
-15
-16
-11
-9
-7
-10
-12
-17
-14
-4
7
9
12
14
18
25
30
30
33
41
45
45
35
37
39
34
31
34
28
27
26
21
18
16
21
17
26
31
32
34
36
40
39
39
38
36
32
29
18
17
14
8
6
7
3
-3
-10
-12
-13
-19
-22
-27
-32
-31
-28
-25
-30
-32
-35
-37
-37
-38
-30
-33
-33
-36
-36
-27
-28
-26
-27
-24
-23
-25
-21
-16
-10
-10
-8
-12
-13
-4
-3
-1
3
-3
-1
0
3
8
7
10
16
21
18
23
30
29
28
34
41
45
46
39
39
36
31
30
30
30
30
26
25
21
19
19
23
17
18
16
11
9
8
10
9
5
5
5
2
5
2
8
18
19
22
26
24
27
32
32
35
38
43
39
39
48
54
54
59
63
63
61
57
60
59
57
63
58
60
52
54
54
53
52
50
47
45
42
39
35
34
32
34
31
30
25
21
20
16
14
7
4
1
1
-2
-3
-3
-2
1
0
0
-3
-7
-6
-14
-18
-16
-11
-10
-11
-8
-14
-18
-19
-20
-20
-18
-16
-14
-11
-10
-18
-18
-20
-16
-13
-12
-13
-9
-14
-17
-16
-20
-16
-16
-17
-19
-17
-16
-17
-11
-9
-7
-3
-4
-3
-5
-2
2
-1
-2
-4
-6
-9
-9
-12
-13
-16
-17
-15
-15
-22
-26
-23
-18
-20
-23
-21
-18
-19
-20
-20
-22
-21
-18
-19
-20
-18
-20
-17
-12
-10
-9
-9
-9
-6
-6
-8
-10
-10
-5
-7
-7
-6
-5
-4
-3
-2
-3
-7
-4
-1
0
3
-1
1
2
2
7
5
5
7
6
4
4
0
0
0
0
-2
0
0
2
1
1
4
4
4
0
4
7
5
6
6
9
14
18
22
20
23
21
23
24
27
33
37
34
36
38
39
39
35
32
30
32
34
29
25
24
24
22
21
18
17
23
25
22
22
17
15
12
13
10
6
3
1
1
0
-1
-4
-9
-16
-15
-16
-21
-20
-20
-18
-19
-24
-24
-25
-22
-26
-22
-21
-20
-20
-26
-23
-24
-23
-22
-21
-18
-18
-23
-20
-19
-19
-23
-20
-14
-12
-13
-13
-13
-11
-12
-9
-13
-17
-14
-10
-4
0
2
-1
-1
2
4
7
10
10
7
6
1
4
2
2
1
-1
-2
-11
-9
-9
-8
-14
-15
-14
-13
-14
-17
-17
-18
-14
-16
-7
-7
-4
-7
-6
-1
-6
-5
-7
-8
-13
-13
-14
-14
-12
-11
-5
-7
-11
-9
-1
-5
-4
-4
2
6
4
6
6
7
8
11
12
15
14
7
1
5
9
7
8
8
8
13
11
7
2
4
5
5
4
4
-1
0
1
3
0
2
5
5
5
9
12
10
12
13
12
8
5
4
4
5
3
3
-4
-5
-8
-9
-10
-8
-2
-2
-1
-4
-4
-6
-5
-2
-1
-5
-3
-7
-4
0
-3
-1
-5
2
-4
-6
-5
-8
-6
-11
-7
-10
-12
-8
-9
-9
-11
-7
-10
-6
-5
-6
-6
-7
-9
-10
-7
-9
-10
-4
-7
-6
-9
-12
-8
-5
-7
-9
-10
-9
-5
-7
-5
-6
-6
-7
-7
-8
-6
-10
-12
-8
-9
-12
-8
-11
-13
-15
-17
-11
-9
-7
-11
-8
-8
-5
-6
-4
-8
-4
-7
-6
-8
-6
-1
-4
-4
-4
-5
-12
-8
-8
-8
-11
-12
-12
-12
-14
-12
-6
-9
-9
-12
-13
-10
-7
-7
-6
-6
-6
-8
-9
-5
-3
-3
0
0
-2
3
0
0
2
-1
3
3
3
0
0
-4
-2
-4
-5
-5
-3
-5
-4
-4
-7
-5
-3
0
-1
-4
-6
-7
-6
-5
-1
-3
-5
-3
-7
-4
-4
-6
-3
-8
-9
-9
-7
-7
-3
-3
-3
-4
-1
2
-1
-3
-1
-4
-6
-6
-6
-6
-6
-6
-10
-12
-13
-11
-8
-4
-3
-9
-13
-11
-13
-17
-12
-8
-9
-7
-9
-8
-4
-4
-3
1
0
7
7
4
8
6
8
10
6
6
12
8
7
4
0
3
2
4
2
-1
-3
-2
-2
2
1
2
4
3
3
3
3
8
5
3
5
5
5
4
5
1
0
-8
-9
-8
-16
-15
-14
-17
-17
-16
-16
-18
-20
-18
-18
-20
-14
-14
-11
-12
-15
-16
-15
-16
-17
-15
-16
-15
-18
-15
-15
-16
-13
-17
-16
-18
-20
-18
-20
-18
-17
-10
-11
-9
-6
-6
-1
-3
1
1
-1
-2
0
-3
-7
-7
-12
-7
-13
-12
-11
-10
-7
-10
-4
-5
-6
-7
-5
2
-3
0
4
-1
0
-2
-4
-2
4
1
-2
-4
-1
-1
-2
-1
-3
-1
2
0
-1
-6
-6
-4
-5
-2
0
0
-5
-4
-6
-6
-5
1
-1
2
-1
-2
2
3
4
-1
3
6
5
4
5
2
0
2
1
2
1
-2
-5
-5
-1
-2
-5
0
3
-1
2
5
6
4
3
5
3
7
6
3
5
-1
2
-3
-2
-3
-7
-5
-12
-8
-10
-9
-9
-9
-10
-8
-10
-5
-6
-4
1
-5
-3
-7
-5
-2
-2
-3
-5
-6
-6
0
-5
0
2
-4
0
-1
0
-3
-1
1
3
5
7
9
10
7
8
7
8
11
14
12
14
11
14
12
12
12
12
16
13
10
10
8
2
12
13
14
10
10
10
6
8
4
3
5
3
4
6
4
7
2
5
6
9
10
7
10
7
0
3
1
7
4
3
4
0
1
-1
-1
-4
1
-2
-1
-6
-7
-6
-11
-9
-13
-9
-10
-9
-9
-7
-12
-8
-7
-3
-5
-5
-4
-6
-3
-2
3
-3
-3
0
-2
1
-3
0
1
-2
5
3
0
2
4
5
6
2
5
6
8
8
5
3
1
-1
1
-1
-2
2
0
-2
2
4
9
4
7
10
6
6
8
6
3
3
-3
-4
-3
-8
-4
-7
-10
-12
-16
-13
-13
-15
-10
-9
-9
-10
-12
-5
-5
-7
-4
-5
3
2
1
5
6
8
13
9
6
6
4
10
8
12
7
10
11
10
15
12
10
10
13
15
14
13
13
12
11
15
17
16
15
12
9
9
8
8
8
9
9
9
7
6
7
7
8
10
10
11
9
7
3
5
3
3
4
0
-2
-1
-2
-2
-2
-5
-4
0
-2
-3
-7
-6
-6
-11
-6
-10
-12
-5
-5
-6
-9
-8
-7
-6
-6
-5
-4
-7
-6
-5
-10
-6
-3
0
-6
-6
-6
-7
-7
-7
-6
-5
-8
-7
-9
-11
-13
-17
-11
-11
-8
-4
-2
-5
-1
1
3
4
8
10
8
10
10
11
14
13
16
12
12
9
8
10
12
14
9
8
11
6
7
7
2
0
-2
3
3
1
-2
3
0
-1
-5
-4
0
-4
-3
-4
-3
-1
-1
-2
-1
5
1
-1
-1
1
1
2
1
-3
-4
-5
-2
-2
0
0
1
2
3
4
-1
0
3
4
4
11
8
7
7
11
10
12
10
11
13
11
10
13
7
6
3
4
3
3
5
1
0
-1
3
-1
-1
0
-3
-4
-2
-3
-4
-2
-2
-4
-8
-6
-11
-14
-13
-9
-9
-10
-10
-9
-11
-8
-7
-3
3
1
-3
-1
-1
1
-3
1
2
0
2
1
0
-1
-1
-1
1
-1
4
3
-1
-2
-1
-4
-8
-12
-6
-9
-14
-10
-2
-2
-2
1
-4
0
-1
1
2
4
7
4
9
9
7
11
12
9
12
9
9
10
11
13
14
13
10
9
8
11
8
8
8
10
9
13
12
8
9
10
10
8
3
3
2
5
4
2
0
-4
-2
-6
-7
-5
-6
-9
-5
-5
-6
-3
-9
-3
-5
-10
-2
-2
-4
-3
0
-3
-4
1
-1
1
-1
0
2
-4
-7
-5
0
-4
-2
-2
-4
-2
-7
-5
-5
2
-1
-1
-1
1
1
-2
0
1
-1
0
-1
-4
-4
-7
-3
-6
-5
0
-4
-4
-8
-5
-6
-6
-6
-6
-5
-7
-4
-5
-2
-5
-4
-4
-5
-9
-7
-6
-10
-6
-9
-2
-4
-3
0
-2
-4
-2
-2
1
1
-3
-1
-3
-4
-5
-2
-1
-2
-7
-7
-7
-9
-5
-7
-8
-5
-3
-2
1
-3
2
2
-4
-4
-3
-3
0
0
-3
-1
-2
2
-1
2
1
1
3
0
1
1
0
6
1
-1
4
0
3
2
4
6
5
7
6
10
11
14
8
4
6
7
8
4
6
7
5
6
4
4
1
7
3
-4
1
-4
-4
-7
-6
-7
-11
-9
-2
-3
-5
-3
-4
-5
-6
-7
-7
-5
-2
-6
-9
-9
-6
-7
-9
-11
-6
-5
-12
-8
-12
-15
-14
-15
-10
-14
-15
-15
-17
-16
-19
-17
-13
-13
-12
-15
-16
-16
-14
-14
-17
-15
-15
-15
-16
-12
-16
-13
-13
-16
-16
-15
-12
-15
-9
-8
-4
-7
-7
-12
-8
-11
-13
-9
-8
-8
-8
-5
-7
-10
-7
-5
-7
-9
-5
-7
-5
-5
-4
-4
-5
-1
-4
-5
-3
-2
-4
0
2
1
3
-3
-1
-1
-1
-6
-4
-5
-10
-7
-4
-2
-2
-4
-3
-5
-2
1
1
0
-1
-2
-1
0
-5
-1
-6
-2
-2
-4
-6
-9
-2
-5
-3
-3
-5
-4
-1
-4
-3
-2
-1
-9
-9
-5
-10
-5
-7
-8
-9
-9
-13
-13
-12
-11
-9
-14
-11
-13
-12
-10
-9
-2
-9
-11
-6
-8
-9
-7
-6
-9
-6
-5
-9
-7
-6
-6
-9
-8
-6
-7
-11
-12
-12
-15
-15
-14
-13
-12
-11
-13
-16
-19
-15
-13
-13
-17
-17
-18
-16
-13
-11
-13
-15
-19
-27
-29
-27
-28
-25
-26
-27
-22
-24
-20
-20
-20
-22
-23
-19
-20
-19
-25
-20
-24
-28
-25
-23
-26
-20
-21
-24
-22
-24
-23
-18
-15
-15
-14
-19
-12
-8
-12
-12
-10
-9
-9
-8
-10
-10
-9
-8
-8
-8
-6
-9
-6
-9
-7
-12
-12
-11
-12
-9
-7
-11
-12
-14
-12
-12
-14
-12
-11
-6
-10
-7
-6
-4
-6
-4
-5
-8
-5
-3
0
-3
-6
-8
-10
-8
-11
-13
-16
-15
-18
-20
-20
-21
-23
-24
-19
-18
-20
-17
-17
-17
-15
-17
-18
-17
-18
-17
-20
-17
-19
-18
-23
-22
-15
-15
-19
-21
-18
-19
-19
-19
-19
-16
-18
-17
-21
-19
-17
-17
-15
-11
-11
-16
-13
-11
-11
-14
-8
-9
-7
-7
-11
-5
-5
-8
-8
-9
-8
-10
-7
-8
-9
-8
-10
-11
-11
-12
-10
-9
-9
-7
-8
-8
-9
-7
-7
-9
-11
-11
-14
-10
-8
-10
-14
-14
-12
-14
-17
-15
-13
-16
-20
-18
-15
-20
-21
-21
-19
-20
-23
-22
-18
-17
-16
-20
-16
-15
-14
-15
-16
-12
-16
-10
-9
-12
-12
-13
-14
-10
-10
-13
-10
-11
-10
-14
-10
-6
-7
-4
-8
-11
-9
-9
-6
-4
-9
-5
-8
-11
-5
-5
-5
-1
-4
-1
-5
-5
-6
-8
-6
-10
-6
-8
-8
-7
-9
-12
-12
-9
-7
-6
-3
-2
0
5
3
5
1
0
2
2
6
0
-4
0
1
2
0
1
1
-2
-4
-2
-1
-1
-2
0
-2
-7
-6
-7
-10
-7
-11
-12
-13
-12
-12
-13
-14
-16
-14
-11
-10
-11
-9
-10
-7
-7
-3
1
-1
1
-1
1
2
1
-3
-1
0
3
0
-2
0
3
1
1
0
5
1
3
3
4
2
-2
0
-2
-4
-6
0
-3
-3
1
-3
-3
-8
-8
-10
-12
-9
-18
-17
-16
-19
-18
-18
-17
-16
-16
-15
-14
-17
-17
-10
-12
-12
-10
-11
-10
-9
-10
-9
-7
-9
-11
-12
-12
-11
-10
-12
-10
