-28
-26
-27
-24
-25
-22
-21
-23
-23
-21
-20
-22
-19
-19
-16
-17
-19
-16
-14
-13
-15
-10
-9
-11
-9
-9
-7
-11
-11
-10
-10
-9
-9
-7
-4
-7
-7
-10
-9
-6
-9
-9
-13
-8
-14
-14
-14
-15
-16
-15
-14
-18
-17
-14
-18
-18
-16
-18
-19
-22
-18
-20
-24
-24
-30
-30
-28
-29
-32
-31
-33
-34
-35
-33
-33
-32
-36
-35
-33
-31
-31
-32
-30
-32
-31
-28
-31
-28
-27
-26
-26
-31
-28
-31
-31
-31
-30
-31
-30
-34
-31
-29
-30
-29
-30
-31
-38
-30
-31
-29
-34
-36
-36
-36
-33
-35
-33
-35
-35
-32
-31
-38
-35
-31
-30
-29
-30
-30
-32
-33
-31
-29
-24
-21
-20
-16
-21
-19
-15
-15
-14
-12
-13
-10
-11
-14
-13
-19
-14
-21
-21
-23
-26
-23
-19
-19
-23
-21
-22
-17
-18
-20
-20
-23
-17
-15
-12
-7
-8
-7
-8
-9
-12
-12
-11
-10
-9
-13
-14
-11
-13
-11
-12
-12
-9
-8
-6
-7
-12
-8
0
-3
-2
4
3
2
1
-2
1
6
4
7
2
2
2
-1
3
-2
-1
1
3
-1
0
-3
-6
-8
-5
-8
-11
-10
-13
-15
-13
-14
-15
-13
-16
-12
-19
-19
-18
-22
-20
-25
-29
-26
-23
-22
-25
-28
-29
-33
-33
-28
-29
-29
-27
-28
-26
-28
-30
-29
-28
-30
-26
-28
-26
-22
-29
-30
-30
-27
-30
-28
-34
-32
-29
-31
-32
-31
-26
-27
-23
-26
-24
-29
-24
-23
-24
-25
-25
-24
-28
-27
-27
-27
-27
-25
-21
-23
-17
-16
-20
-18
-16
-15
-16
-16
-16
-15
-13
-15
-15
-15
-12
-13
-14
-9
-8
-6
-7
-4
-4
-6
-5
-9
-8
-7
-7
-11
-8
-7
-4
-5
0
-4
-2
-1
-7
-3
-3
-4
-6
-1
-2
-5
-6
-3
-4
-6
-5
-4
-2
-6
-3
-2
-4
-1
-8
-3
-4
-5
-3
-4
-5
-8
-4
-6
-1
-4
-3
-2
-6
-4
-4
-1
-1
0
0
0
-2
-1
-3
-3
-5
-5
-5
-3
-3
-7
-3
-4
-4
1
-2
-4
-5
-11
-10
-7
-2
-7
-5
-4
-6
-2
-2
-7
-8
-14
-16
-15
-19
-20
-19
-18
-18
-16
-15
-15
-14
-13
-15
-16
-11
-10
-12
-16
-15
-13
-18
-18
-21
-17
-17
-22
-18
-22
-18
-22
-23
-19
-22
-23
-17
-25
-22
-21
-19
-17
-24
-24
-22
-20
-14
-16
-19
-23
-22
-23
-19
-18
-16
-15
-14
-21
-15
-17
-19
-14
-20
-19
-17
-13
-16
-12
-11
-13
-12
-8
-13
-8
-6
-10
-14
-12
-14
-13
-12
-13
-8
-12
-12
-7
-4
-6
-5
-4
-3
-3
0
-2
-7
-8
-6
-6
-7
-6
-8
-5
-5
-6
-6
-7
-5
-8
-11
-5
-8
-9
-13
-12
-9
-13
-13
-12
-12
-13
-14
-16
-13
-15
-10
-8
-7
-7
-7
-6
-8
-8
-7
-5
-5
-7
-4
-9
-9
-7
-9
-7
-9
-7
-14
-8
-10
-7
-3
-8
-5
-5
-5
-7
-6
-7
-8
-7
-5
-7
-9
-4
-11
-11
-16
-16
-11
-11
-17
-17
-19
-16
-18
-9
-9
-15
-13
-12
-10
-10
-9
-9
-11
-9
-7
-8
-7
-8
-8
-13
-10
-8
-10
-9
-9
-11
-9
-7
-11
-11
-13
-11
-9
-14
-19
-16
-15
-14
-9
-8
-6
-8
-7
-10
-12
-17
-13
-15
-20
-14
-15
-16
-17
-22
-19
-19
-20
-13
-19
-18
-19
-14
-17
-18
-11
-8
-10
-12
-9
-11
-9
-9
-10
-8
-6
-10
-8
-11
-9
-15
-15
-14
-16
-18
-17
-11
-15
-14
-13
-14
-11
-9
-13
-12
-9
-6
-9
-6
-8
-14
-13
-12
-16
-17
-15
-12
-12
-17
-18
-18
-21
-17
-21
-23
-19
-22
-20
-18
-13
-13
-15
-13
-16
-20
-15
-18
-17
-17
-15
-16
-13
-5
-10
-9
-9
-11
-10
-3
-7
-5
-7
-7
-3
-4
-8
-9
-8
-9
-10
-9
-9
-13
-11
-9
-11
-10
-8
-11
-14
-12
-12
-13
-14
-12
-11
-13
-17
-15
-16
-12
-13
-13
-13
-12
-10
-10
-9
-9
-10
-13
-14
-15
-14
-19
-14
-15
-17
-18
-18
-13
-18
-14
-14
-16
-15
-15
-16
-11
-18
-18
-18
-14
-11
-15
-18
-17
-16
-11
-13
-6
-5
-10
-8
-9
-9
-8
-13
-14
-9
-13
-16
-14
-14
-13
-15
-12
-17
-18
-15
-16
-16
-23
-21
-17
-15
-17
-15
-17
-16
-19
-16
-17
-18
-14
-13
-16
-12
-15
-17
-14
-15
-13
-13
-14
-14
-8
-10
-12
-8
-9
-6
-5
-6
-11
-8
-9
-9
-12
-9
-9
-11
-8
-9
-13
-11
-7
-6
-6
-9
-7
-9
-10
-13
-10
-10
-9
-12
-12
-12
-15
-16
-14
-14
-13
-10
-16
-20
-20
-22
-13
-19
-20
-16
-13
-11
-10
-10
-12
-9
-10
-2
-9
-11
-8
-8
-3
-6
-6
-6
-6
-6
-10
-11
-9
-8
-5
-10
-11
-9
-10
-11
-12
-12
-11
-12
-12
-14
-12
-14
-13
-13
-15
-17
-14
-17
-14
-13
-18
-18
-18
-17
-17
-16
-16
-13
-14
-8
-11
-11
-8
-7
-4
-5
-2
-5
-6
-5
-5
-5
-4
-3
-6
-4
-8
-4
-8
-7
-6
-6
-7
-4
-9
-14
-10
-7
-11
-12
-11
-9
-7
-13
-11
-11
-7
-9
-11
-12
-9
-10
-12
-12
-13
-11
-15
-17
-16
-15
-14
-17
-14
-18
-17
-15
-23
-20
-17
-19
-17
-11
-13
-13
-13
-10
-9
-5
1
-4
-9
-5
-7
-7
-5
-7
-5
-7
-8
-8
-8
-9
-6
-4
-9
-11
-12
-13
-10
-7
-8
-4
-2
-4
-3
2
-3
-5
-8
-5
-5
-7
-9
-8
-4
-3
-2
-7
-9
-10
-9
-8
-8
-11
-13
-11
-15
-16
-19
-14
-13
-15
-17
-16
-15
-11
-13
-11
-10
-13
-8
-9
-8
-11
-10
-15
-11
-9
-9
-9
-14
-13
-16
-13
-15
-14
-11
-11
-13
-12
-9
-10
-10
-9
-4
-5
-7
-5
-3
-3
-2
0
0
-4
-2
-2
-3
-3
-6
-2
-5
-7
-5
-4
-4
-7
-3
-4
-3
-1
-3
-9
-8
-6
-2
-4
-2
-4
-4
-5
-5
-4
-8
-6
-7
-6
-7
-6
-7
-9
-12
-7
-8
-11
-8
-10
-12
-14
-5
-7
-13
-10
-6
-8
-6
-1
-3
-3
-3
1
-2
-2
0
3
0
-2
2
3
8
6
4
8
3
1
2
2
-3
-4
-7
1
-3
-4
-5
-6
-5
-9
-5
-8
-7
-1
-5
-3
-1
-6
-4
-6
0
-1
-1
1
2
-3
1
0
-3
-2
0
5
3
3
4
5
1
-2
2
-2
1
0
1
-1
-3
0
1
4
5
1
-1
-2
0
6
4
5
2
2
1
2
3
-1
0
0
0
-1
-3
-3
-2
-3
-4
-8
-9
-10
-9
-9
-13
-12
-10
-9
-8
-6
-6
-10
-8
-7
-9
-8
-5
-3
-2
-4
-4
-3
-1
1
-1
-2
-4
-3
-4
-6
-6
-7
-6
-3
-8
-8
-2
-5
-3
-4
-6
-4
-5
-2
1
2
3
7
6
4
6
8
10
11
9
9
6
4
1
2
0
-1
-2
2
1
-5
0
-4
-6
-7
-6
-3
-1
-2
-1
0
-2
-5
-1
0
-4
-3
-4
-10
-10
-6
-9
-8
-11
-8
-2
-5
-7
-6
-3
-1
-2
0
-1
-1
-6
-1
-4
-6
-2
4
7
4
5
5
0
3
3
2
-1
-1
-4
-4
0
-3
-6
-4
-4
-4
-2
-3
0
-1
-1
-4
-5
-10
-10
-5
-10
-12
-11
-9
-11
-11
-9
-14
-15
-17
-15
-14
-21
-18
-20
-21
-17
-21
-22
-21
-21
-18
-23
-20
-17
-24
-20
-16
-16
-17
-17
-14
-16
-18
-17
-17
-17
-16
-12
-13
-15
-15
-13
-19
-19
-22
-21
-16
-21
-15
-14
-17
-16
-19
-19
-17
-15
-12
-21
-19
-12
-11
-10
-10
-10
-13
-11
-12
-10
-13
-3
-3
-7
-9
-6
-4
-3
-3
-7
2
-1
0
-3
-4
-1
-7
-2
-1
-3
2
0
0
-2
-1
4
3
1
3
6
3
10
15
5
2
0
4
5
11
6
2
6
5
7
1
6
10
8
-1
-1
5
0
-8
-1
4
-1
-1
2
1
-5
-1
1
-9
-3
6
1
-11
-4
3
-5
-3
3
-6
-16
-5
1
-9
-11
2
-5
-11
-1
-2
-7
2
-1
-11
-7
-3
-14
-15
-7
-14
-18
-12
-9
-14
-13
-11
-9
-14
-16
-7
-12
-21
-19
-11
-14
-24
-26
-11
-11
-32
-19
-4
-22
-28
-11
-11
-24
-21
-6
-14
-26
-11
-7
-21
-28
-15
-17
-25
-28
-13
-14
-27
-15
-10
-26
-28
-7
-15
-24
-10
-7
-11
-22
-15
0
-14
-28
-1
-3
-24
-19
0
-15
-15
6
-14
-20
-2
6
-12
-11
3
-5
-19
-7
-1
-8
-11
-5
-4
-7
-8
-4
-1
-6
-4
8
5
-3
7
7
2
9
5
5
12
6
8
12
8
15
5
0
12
8
0
6
13
0
0
14
4
-10
18
-2
-7
14
2
-2
6
3
2
13
-2
3
6
9
0
4
12
4
3
12
15
1
9
12
-4
-3
1
-15
-1
-5
-14
0
-15
-15
0
-14
-11
0
-19
-20
1
-10
-16
-5
-7
-7
-15
-19
-3
-8
-29
-7
-3
-33
-16
-3
-19
-20
-3
-4
-26
-18
13
-24
-28
16
-13
-39
-1
-1
-24
-20
5
-6
-29
3
-4
-14
-10
-14
5
-9
-17
6
3
-20
-15
12
-10
-27
4
15
-22
-13
9
-12
-12
-11
-2
-2
-19
-11
-6
-14
-25
0
0
-28
-13
13
-18
-14
-4
-11
-4
-24
8
-7
-23
7
-4
-21
-7
6
-14
-20
-1
11
-22
-24
20
-1
-29
19
4
-27
5
15
-14
-17
17
-3
-10
2
1
20
-11
8
19
12
2
15
20
-5
18
13
-11
22
12
-5
10
13
14
7
6
17
12
1
26
12
4
20
22
6
5
14
16
-8
1
12
11
-14
6
14
-5
6
12
7
3
8
20
-9
1
26
4
-18
16
21
-18
9
14
-7
-8
24
18
-23
7
39
-16
-10
28
12
-17
-4
22
-4
-12
22
7
-15
14
18
-21
0
32
5
-13
30
18
-8
12
17
-1
-10
13
5
-12
7
11
-11
5
19
-10
4
23
-7
18
11
-1
30
-12
8
32
-15
-1
33
-8
-16
17
-2
-26
-4
18
-17
-16
4
31
-31
-20
33
-5
-24
6
25
-4
-10
8
22
-11
-1
14
-2
-26
23
6
-22
5
19
-15
-15
16
21
-21
-19
28
-2
-24
10
17
-21
5
19
4
-8
22
23
-12
-2
44
8
-34
19
51
-13
-15
50
20
-26
20
43
-24
5
47
-4
-10
47
14
-21
45
41
-16
15
71
5
0
54
34
-4
27
33
23
17
28
43
10
17
50
18
2
52
33
1
27
50
6
15
41
31
21
24
28
35
33
17
27
55
16
21
35
37
25
16
49
23
31
39
18
31
44
2
22
53
-1
13
37
20
11
19
25
11
17
41
4
8
56
5
-10
44
26
-21
5
34
0
-18
19
24
-6
-7
13
28
-10
-1
42
16
-16
38
24
-15
13
47
-16
-5
42
-7
-2
14
2
11
14
-10
10
17
-7
-4
18
15
-22
16
28
-26
-5
13
-3
-10
7
6
-12
-4
22
-15
-21
21
10
-34
6
21
-27
-32
10
15
-41
-13
29
-21
-34
9
1
-23
9
-7
-14
28
-23
-1
24
-10
0
13
8
-10
-4
24
-7
-21
14
19
-22
0
43
-35
8
42
14
-7
46
48
-28
45
39
-1
8
25
31
-20
18
32
1
-10
19
35
-20
20
34
9
26
13
27
32
17
7
41
10
20
33
-10
27
18
29
18
10
54
29
-3
38
34
26
-1
47
25
-9
65
15
-7
48
28
-6
16
31
16
6
3
35
27
-4
14
30
25
-12
24
26
-18
9
12
5
5
-10
24
21
-24
12
38
-4
-11
26
26
-13
0
22
2
-9
7
-4
7
-18
11
-10
-7
14
-31
7
26
-38
-2
30
-8
-23
36
3
-7
7
10
16
-14
13
1
16
6
-23
22
11
-24
-3
48
-29
-24
42
-12
-27
15
18
-27
3
18
-28
0
24
-50
10
30
-33
-16
32
-7
-20
6
6
-10
16
-6
10
18
-19
31
8
-16
15
8
-20
-6
26
-11
-5
9
22
-8
-6
30
1
2
25
16
4
24
31
10
5
32
24
-5
25
47
1
-3
46
18
-4
27
26
12
1
30
17
18
13
25
26
12
20
11
26
16
13
-8
40
5
-16
26
24
-8
3
44
-11
0
22
26
-24
34
27
-8
26
31
0
24
40
-8
49
28
0
46
45
-43
60
34
-5
17
55
0
-13
54
14
-4
10
44
-10
5
38
-1
3
24
1
14
10
28
-15
15
21
-7
6
27
-16
14
14
-7
-1
17
15
-22
19
8
13
-23
16
31
-6
-7
24
24
-11
-18
26
34
-36
6
41
-8
-20
27
16
-21
7
21
-8
-1
13
21
-1
-10
9
36
-40
0
47
-23
-38
46
15
-41
6
31
-25
-20
24
-10
-32
3
23
-40
-19
43
-7
-43
23
34
-43
-9
29
3
-43
-6
53
-35
-34
53
6
-48
16
38
-22
-10
34
10
-3
9
30
8
4
17
30
5
-15
33
49
-41
21
75
-23
-19
64
32
-66
49
60
-43
-1
74
8
-29
59
48
-38
35
54
5
-9
50
29
-14
30
45
-2
15
23
34
14
-8
52
25
-11
45
26
-2
39
30
10
33
35
28
21
-4
64
16
-4
26
66
-7
-11
61
33
-34
40
57
-7
13
51
23
4
54
15
12
31
35
-6
37
36
-3
17
30
3
22
17
5
23
19
4
9
45
-15
20
30
-9
18
19
9
-4
36
23
-18
16
43
-25
9
50
-6
6
13
0
7
27
-36
28
0
-40
13
-8
-34
-3
22
-60
-3
50
-71
-22
55
-23
-53
31
36
-46
-11
24
25
-64
17
33
-25
-30
20
36
-54
-1
44
-14
-35
47
17
-36
14
58
-28
-9
80
-21
14
17
41
-5
13
6
38
-20
26
12
-1
36
-1
1
36
3
7
31
-2
41
20
-3
37
29
2
18
36
27
-4
31
53
-4
0
67
7
3
57
22
3
37
33
14
15
40
26
27
1
61
39
-8
28
76
8
3
61
55
-10
56
71
14
40
55
46
12
46
64
22
21
68
26
17
53
45
-11
58
45
-11
59
9
18
48
37
-3
38
66
24
-10
77
58
-29
40
102
-21
16
104
-26
20
56
39
-35
33
66
-15
-32
66
53
-78
20
138
-78
-32
140
-11
-70
58
88
-73
-4
101
-12
-40
48
47
-30
-21
62
7
-62
42
57
-62
7
56
-26
-13
41
13
-33
43
15
-15
-10
50
0
-34
12
40
-32
-23
39
-23
-17
3
5
-24
2
2
4
-11
-1
16
13
-9
1
26
37
-9
-11
74
38
-61
34
114
-41
-49
144
7
-76
87
90
-93
7
162
-64
-62
172
18
-111
126
92
-92
32
143
-39
-26
126
-2
-29
54
68
-38
29
60
37
-34
37
90
-32
9
62
35
1
55
33
22
49
64
-26
80
59
0
28
73
42
-6
53
72
-35
62
72
-57
97
53
-46
51
125
-67
-2
165
-16
-73
123
111
-140
66
177
-131
-10
183
-64
-87
173
34
-143
126
117
-144
73
132
-92
7
129
-40
-11
57
29
-51
20
61
-39
-2
50
7
-5
29
27
6
8
27
43
1
2
32
23
9
11
9
34
-8
28
-32
35
24
-46
57
-5
-25
42
17
-57
4
93
-77
-42
100
-32
-45
30
32
-18
-16
38
-14
-17
18
25
-43
-27
104
-40
-77
84
42
-89
10
96
-37
-50
106
13
-67
49
100
-96
28
114
-50
-33
110
17
-103
84
45
-65
44
8
2
61
-20
-50
136
26
-118
119
99
-88
47
99
-41
26
103
-41
7
133
-55
1
89
0
-13
70
8
-25
88
25
-59
100
35
-58
73
70
-46
33
88
-35
27
62
-35
64
58
-37
29
110
-19
-22
104
25
-2
42
21
53
45
-16
19
69
32
-57
39
76
-26
25
28
34
32
-6
36
24
49
-5
19
67
-10
18
50
-6
11
53
37
-24
-1
130
-43
-52
113
63
-61
38
86
8
15
30
72
32
-10
93
7
-13
86
11
-22
52
41
-9
38
-1
28
34
-11
-3
58
24
-49
60
22
-29
26
43
-49
34
83
-50
-25
108
5
-65
38
101
-58
-41
97
6
-73
27
45
-31
-10
30
-25
3
11
-14
5
-17
43
-14
-42
34
43
-44
-26
89
-16
-32
26
65
-24
-14
33
-3
10
13
-15
28
23
-25
16
39
-24
24
18
15
3
23
44
-24
-4
49
24
-25
2
64
2
-31
12
65
-6
-61
92
57
-74
46
47
-11
29
32
0
84
34
-64
112
93
-97
52
145
-36
-32
151
-1
-41
95
60
-49
46
90
17
-17
40
102
-54
-4
113
8
3
87
9
11
86
30
-31
72
124
-43
-6
149
38
-101
116
102
-72
54
79
-37
33
46
-33
60
71
-45
34
106
-51
-7
114
-18
-18
91
51
-33
0
129
-16
-29
78
59
-10
-21
91
25
-33
25
87
-51
14
94
-28
-1
76
14
-13
42
50
-13
-23
87
-11
-11
47
-17
12
22
-5
16
-5
-1
7
33
-30
12
20
-27
29
4
-40
6
53
-44
-12
65
-15
-57
72
30
-65
18
80
-26
-35
77
-6
-13
1
-5
45
-7
-40
22
90
-56
-64
107
41
-103
36
108
-52
-20
67
21
-30
6
62
25
-11
14
59
12
-22
47
65
-2
15
45
30
17
17
43
36
34
16
42
69
19
0
71
72
5
21
89
31
4
44
68
14
-5
49
47
-18
1
65
13
-17
41
53
9
23
43
42
30
27
48
44
35
35
50
40
34
23
20
38
30
17
22
27
11
31
28
13
29
37
32
27
30
17
34
43
28
29
65
22
-4
60
57
-1
25
63
19
-2
40
27
0
23
19
29
14
-2
14
26
-9
-15
14
17
-17
-5
18
-3
-13
1
16
3
4
19
25
-3
1
29
3
-15
37
20
-28
12
23
-16
-27
3
-7
-16
-10
-14
-9
3
-17
-8
12
-10
-2
16
-5
-22
16
12
-25
8
25
-24
0
24
-9
-33
22
8
-19
-2
19
13
-25
7
18
3
-3
12
30
-1
-17
29
19
-15
-2
33
-4
-19
13
0
-26
-1
14
-6
-2
20
3
-2
11
19
21
11
29
25
4
22
25
7
32
33
17
30
44
17
18
40
15
23
22
8
28
17
-2
14
24
2
-15
30
30
-6
7
54
21
-19
23
37
16
-16
3
13
-26
-28
-2
-13
-43
-45
-16
-25
-63
-49
-43
-61
-62
-59
-63
-64
-78
-50
-51
-91
-76
-66
-83
-93
-79
-76
-99
-92
-55
-52
-58
-35
-1
9
46
81
93
104
133
155
171
181
193
176
179
180
160
133
113
87
50
58
27
-10
-22
-50
-62
-61
-81
-92
-79
-80
-82
-53
-43
-46
-24
11
43
60
102
114
118
156
151
177
187
166
169
162
152
124
91
66
35
13
-16
-43
-71
-97
-106
-112
-113
-124
-120
-118
-111
-89
-87
-78
-53
-42
-21
4
6
-7
-3
-6
-6
-9
-13
-22
-22
-50
-53
-60
-94
-104
-106
-127
-133
-129
-136
-152
-145
-128
-123
-125
-123
-112
-103
-98
-110
-88
-94
-124
-114
-109
-154
-186
-187
-214
-235
-192
-70
71
78
-19
25
174
176
160
305
357
231
277
424
330
162
187
209
137
121
143
62
-101
-140
-98
-114
-154
-152
-132
-144
-138
-100
-75
-93
-89
-17
77
111
104
123
118
87
141
205
177
134
147
148
109
71
56
18
-6
-28
-45
-32
-88
-156
-158
-126
-121
-113
-101
-83
-81
-65
-18
23
23
35
107
141
132
146
148
132
143
168
167
146
112
79
61
42
-4
-33
-31
-45
-63
-60
-71
-112
-117
-86
-76
-81
-55
-55
-73
-62
-49
-53
-60
-41
-40
-45
-44
-74
-97
-98
-115
-123
-104
-120
-159
-172
-158
-156
-150
-139
-156
-157
-121
-120
-138
-144
-146
-157
-148
-107
-116
-156
-159
-180
-223
-233
-217
-184
-22
185
161
31
91
232
230
233
388
437
322
305
414
354
142
98
154
123
62
53
-12
-170
-279
-255
-180
-175
-214
-185
-136
-152
-136
-35
-2
-33
55
206
236
215
213
199
163
195
257
254
181
113
78
38
-9
-60
-65
-81
-149
-164
-130
-163
-245
-254
-179
-145
-127
-68
-25
-38
-28
39
122
181
238
278
294
292
291
290
281
278
249
227
193
136
48
-25
-40
-82
-115
-100
-115
-154
-163
-146
-137
-123
-59
-19
3
44
63
60
55
86
96
93
98
67
27
-29
-70
-105
-132
-142
-148
-168
-192
-215
-250
-250
-222
-188
-158
-147
-116
-110
-124
-126
-131
-125
-103
-74
-72
-95
-111
-160
-200
-213
-243
-254
-198
-3
203
186
14
11
214
284
257
390
480
340
236
358
386
165
22
89
151
61
-29
-64
-185
-327
-316
-163
-75
-168
-211
-136
-103
-93
-5
93
92
101
222
315
252
178
184
185
198
246
255
141
3
-59
-68
-89
-127
-131
-144
-214
-258
-227
-213
-274
-288
-176
-75
-75
-65
-15
-8
-23
47
168
212
180
167
182
183
137
172
326
341
259
219
213
139
51
101
104
41
-6
-17
-1
-100
-140
-127
-113
-36
-7
16
9
-3
4
24
130
151
145
143
110
84
33
21
-11
-62
-80
-101
-143
-203
-251
-279
-291
-268
-223
-205
-218
-222
-186
-144
-114
-78
-51
-68
-101
-75
-30
-39
-85
-84
-86
-117
-145
-180
-215
-245
-209
-2
253
257
52
17
231
346
315
388
493
393
218
284
407
241
-22
-17
137
87
-85
-140
-164
-290
-375
-206
-18
-99
-243
-192
-31
-3
3
122
198
148
161
301
351
221
134
175
217
218
176
92
-46
-145
-149
-123
-133
-185
-219
-261
-296
-240
-175
-196
-228
-143
-16
28
24
64
76
86
151
236
278
217
130
120
159
147
61
35
30
-2
109
179
105
-16
-35
45
100
140
80
22
14
-8
69
96
64
-3
-18
64
46
25
-12
-43
1
24
71
45
-15
-85
-109
-45
-34
-51
-83
-140
-160
-171
-184
-203
-220
-190
-153
-129
-121
-143
-160
-142
-84
-23
-27
-28
-40
-51
-43
-79
-94
-105
-104
-102
-135
-142
-226
-285
-274
-246
-114
143
318
155
-69
105
398
415
318
422
527
356
204
330
396
121
-135
4
215
43
-254
-280
-220
-339
-384
-135
30
-134
-294
-146
84
80
60
195
279
250
263
379
366
202
142
214
278
243
132
-10
-152
-185
-159
-181
-192
-183
-236
-336
-322
-187
-164
-250
-207
-13
88
37
47
129
130
94
175
307
304
168
99
127
139
67
-11
4
14
51
63
75
38
-53
-29
62
163
116
27
54
54
91
75
108
91
10
40
42
79
17
-63
-15
13
41
3
-13
-54
-120
-92
-45
-22
-71
-140
-154
-150
-145
-171
-188
-173
-159
-149
-131
-138
-145
-151
-146
-76
-55
-61
-105
-130
-95
-113
-119
-124
-132
-177
-250
-239
-241
-253
-290
-336
-281
-24
308
263
-33
-6
317
469
371
403
545
441
181
220
472
382
-44
-189
69
124
-159
-315
-211
-238
-433
-343
-25
56
-188
-293
-47
167
173
190
278
293
231
288
412
395
262
145
142
199
209
82
-120
-194
-167
-201
-254
-177
-145
-355
-475
-267
-47
-134
-271
-136
49
37
1
141
257
146
56
197
373
319
124
67
139
136
30
11
42
-3
-54
-22
35
0
-54
-32
61
128
79
44
81
99
82
91
143
111
29
14
46
59
15
-21
-31
-14
-14
-42
-55
-78
-123
-131
-83
-62
-93
-155
-181
-153
-136
-167
-186
-157
-157
-189
-182
-142
-143
-191
-176
-87
-27
-54
-95
-82
-74
-99
-99
-49
-72
-162
-202
-197
-208
-247
-283
-300
-324
-265
30
328
215
-91
6
378
448
303
377
563
428
167
262
496
369
-71
-192
80
163
-109
-281
-183
-211
-403
-347
-50
47
-180
-301
-85
167
185
113
161
240
231
240
322
356
259
111
72
177
246
128
-81
-157
-131
-166
-203
-142
-108
-263
-404
-267
-74
-107
-235
-180
-33
-12
6
122
195
104
5
89
249
282
179
89
90
90
57
59
141
99
-14
26
125
126
33
4
1
39
98
96
99
54
18
6
41
100
56
60
64
50
64
65
49
9
25
28
5
15
-11
-65
-98
-104
-116
-124
-137
-184
-240
-251
-231
-194
-177
-208
-200
-138
-97
-93
-115
-95
-93
-85
-33
-5
-4
-76
-118
-118
-130
-139
-164
-155
-173
-218
-249
-279
-298
-349
-303
-27
266
250
20
29
232
297
255
327
484
465
297
237
342
341
97
-76
11
133
53
-79
-116
-167
-274
-294
-169
-41
-16
-87
-147
-98
25
110
105
70
107
193
232
192
186
183
96
29
96
208
138
-38
-129
-142
-117
-79
-52
-108
-207
-219
-177
-149
-156
-147
-124
-113
-75
15
79
36
-42
-13
83
157
170
142
125
98
74
110
199
261
237
195
183
182
173
136
94
70
62
79
73
54
-9
-89
-115
-83
-13
11
-7
-34
-47
-20
-15
4
35
48
38
31
45
25
-13
-62
-86
-89
-105
-115
-141
-181
-226
-226
-202
-186
-182
-163
-135
-146
-150
-108
-61
-65
-87
-77
-42
-39
-71
-93
-100
-107
-119
-127
-154
-198
-240
-278
-306
-260
-75
145
191
56
13
167
263
231
234
361
422
337
278
342
382
238
58
54
142
139
43
-28
-66
-134
-188
-179
-114
-88
-129
-179
-165
-104
-37
-12
-30
-26
16
77
109
120
125
117
109
126
149
156
143
91
15
-12
51
96
34
-77
-91
-52
-108
-189
-147
-53
-84
-189
-176
-63
-41
-125
-154
-67
0
-13
-29
27
70
22
-15
39
179
275
287
285
272
262
253
267
254
203
197
174
150
120
78
21
-86
-138
-126
-71
-51
-109
-143
-139
-94
-61
-44
-22
3
3
-23
-5
39
48
-29
-75
-36
-4
-44
-113
-115
-99
-108
-135
-118
-69
-99
-158
-154
-84
-56
-76
-76
-67
-73
-77
-81
-83
-98
-110
-107
-97
-94
-120
-174
-217
-226
-234
-249
-257
-163
8
109
57
-10
60
162
191
187
247
324
314
272
281
358
382
269
151
141
184
164
100
53
24
-15
-77
-103
-85
-83
-141
-203
-177
-109
-79
-97
-103
-86
-72
-55
-20
36
59
46
35
55
73
68
87
89
71
62
81
93
52
13
25
51
13
-30
-14
7
-35
-91
-100
-58
-43
-74
-88
-73
-70
-96
-98
-52
-14
-14
-4
49
126
179
200
203
195
185
193
215
217
174
150
139
117
85
61
46
-14
-76
-75
-27
-1
-21
-46
-44
-13
8
7
26
40
25
4
20
43
28
4
-28
-57
-64
-67
-72
-95
-123
-139
-133
-115
-103
-93
-99
-118
-116
-87
-69
-65
-62
-52
-43
-51
-51
-42
-41
-56
-74
-71
-53
-55
-66
-71
-79
-112
-135
-138
-150
-190
-199
-124
-34
-1
-18
4
53
82
95
115
173
220
220
212
236
283
279
227
186
176
166
149
121
97
69
27
-6
-21
-11
-9
-36
-61
-74
-61
-33
-22
-28
-18
-12
-18
-26
-14
4
9
6
-7
-1
22
39
20
1
20
31
11
-2
21
40
4
-32
-24
11
7
-27
-22
-3
-8
-14
-12
-4
0
1
8
11
27
51
62
54
51
67
89
96
88
86
84
82
75
67
76
80
72
57
68
90
96
84
71
91
111
97
86
98
100
79
49
55
71
48
3
-21
-10
-22
-47
-60
-66
-88
-113
-120
-116
-121
-134
-127
-113
-109
-108
-93
-87
-87
-88
-78
-61
-47
-38
-36
-30
-22
-32
-42
-31
-14
-21
-45
-49
-54
-66
-97
-106
-104
-111
-135
-148
-152
-169
-174
-147
-75
-12
-3
-9
19
68
97
99
119
147
171
174
190
214
221
198
161
142
127
118
104
82
55
39
39
32
6
-6
-9
-22
-43
-52
-24
3
-9
-33
-28
-17
-16
-17
-17
-4
-1
-16
-36
-39
-15
2
-16
-36
-25
1
1
-21
-15
18
23
3
9
43
58
42
23
34
45
50
28
10
12
9
-8
-9
27
43
29
9
18
44
60
53
43
59
78
78
85
111
119
105
103
120
125
123
120
110
93
81
76
72
68
53
36
25
14
-4
-15
-33
-52
-60
-65
-67
-68
-60
-63
-88
-96
-81
-59
-60
-70
-65
-51
-51
-52
-46
-40
-56
-76
-73
-58
-51
-51
-55
-66
-77
-82
-73
-68
-62
-62
-67
-69
-56
-55
-52
-45
-45
-43
-36
-32
-47
-74
-103
-107
-103
-112
-100
-48
6
10
-21
-11
32
56
53
68
126
160
150
151
187
211
188
147
119
102
96
104
101
63
13
-13
-26
-41
-39
-31
-43
-70
-75
-49
-25
-18
-34
-32
-25
-19
-9
-5
1
6
1
-10
-8
19
32
10
-11
5
24
13
-4
5
17
-2
-26
-31
-2
10
-9
-16
-6
-2
-8
-10
-7
-3
4
17
26
31
48
63
55
43
51
68
67
53
43
49
49
34
30
45
57
40
25
31
42
33
21
13
25
48
45
17
-3
-1
4
2
6
20
19
1
-13
-19
-21
-30
-38
-45
-52
-61
-63
-62
-76
-85
-76
-70
-73
-82
-82
-70
-76
-74
-62
-50
-39
-40
-34
-33
-37
-35
-25
-7
-7
-7
-9
-25
-45
-65
-59
-55
-68
-77
-72
-81
-102
-126
-141
-151
-168
-176
-144
-53
20
20
-14
9
65
93
103
132
179
199
195
198
233
253
218
164
120
105
96
78
52
19
-10
-27
-50
-75
-74
-66
-69
-80
-74
-39
-12
-18
-29
-16
6
14
23
45
59
44
18
15
24
33
35
32
31
20
12
9
7
6
9
11
10
19
27
28
20
6
-4
-6
2
6
-7
-13
-1
10
18
18
26
32
32
32
48
69
69
56
52
65
72
61
36
28
35
35
35
35
35
31
20
8
9
12
25
18
6
3
2
0
-11
-21
-28
-22
-39
-61
-59
-49
-63
-93
-94
-71
-65
-64
-63
-64
-62
-60
-52
-35
-21
-23
-26
-38
-35
-32
-28
-31
-33
-31
-28
-22
-23
-28
-49
-58
-67
-72
-68
-65
-79
-105
-118
-102
-85
-96
-124
-138
-152
-164
-168
-106
32
114
90
41
82
157
174
171
210
261
270
255
259
291
278
201
125
110
124
124
96
44
-5
-36
-59
-83
-87
-67
-62
-86
-114
-87
-38
-26
-55
-63
-22
16
30
43
82
106
84
56
59
91
123
123
101
87
101
104
62
31
42
31
-13
-50
-24
5
-24
-81
-103
-87
-81
-94
-95
-69
-47
-46
-52
-20
35
68
63
57
85
129
157
148
120
120
132
130
114
105
95
62
22
8
18
26
5
-30
-38
-14
-2
-11
-31
-36
-33
-21
-26
-10
3
-18
-59
-80
-56
-33
-44
-84
-108
-110
-104
-98
-85
-72
-78
-89
-72
-55
-42
-27
-21
-27
-28
-14
-9
-14
-27
-46
-56
-66
-66
-51
-48
-66
-98
-114
-92
-84
-104
-120
-115
-111
-105
-109
-121
-124
-140
-167
-159
-39
135
190
112
64
141
244
274
268
322
373
339
279
295
362
333
207
103
101
133
121
60
-14
-74
-123
-150
-155
-126
-97
-114
-159
-172
-105
-26
-20
-60
-51
18
76
104
129
159
151
108
85
118
175
183
133
76
75
99
80
8
-26
-10
-13
-69
-86
-40
-43
-118
-177
-147
-91
-73
-75
-84
-72
-65
-59
-41
-17
21
29
38
92
190
282
292
241
194
224
281
282
247
214
184
122
69
46
45
4
-90
-152
-136
-87
-83
-124
-166
-164
-136
-101
-64
-42
-36
-56
-66
-40
3
17
-24
-63
-82
-69
-47
-59
-88
-127
-147
-139
-117
-92
-84
-119
-145
-131
-89
-61
-69
-88
-101
-88
-65
-46
-44
-62
-84
-98
-77
-43
-39
-66
-100
-107
-89
-78
-81
-93
-113
-138
-152
-59
141
263
188
69
114
261
334
319
332
389
379
294
264
331
338
207
56
47
106
87
3
-91
-149
-196
-207
-184
-139
-101
-122
-159
-176
-103
-4
31
7
7
82
146
151
142
159
158
115
106
164
207
173
88
25
13
32
37
-4
-58
-65
-67
-103
-130
-96
-64
-115
-167
-114
-16
9
-30
-50
-19
13
40
84
123
132
105
77
82
127
163
172
181
187
205
214
194
157
135
132
127
126
131
106
36
-52
-90
-73
-39
-47
-71
-84
-85
-85
-85
-70
-53
-39
-38
-15
7
14
-15
-57
-73
-64
-49
-61
-82
-102
-128
-162
-161
-129
-107
-108
-116
-101
-76
-57
-53
-51
-30
-16
-5
3
-4
-24
-40
-52
-51
-35
-48
-56
-57
-69
-93
-106
-112
-101
-73
-77
-106
-129
-131
-132
-151
-117
51
253
250
80
38
191
311
287
265
349
396
298
190
218
279
180
5
-21
80
90
-32
-157
-208
-236
-259
-231
-152
-110
-159
-210
-196
-116
-16
30
24
26
98
174
188
173
173
173
146
145
193
221
159
54
-4
-6
30
40
-19
-101
-127
-102
-99
-128
-126
-89
-95
-132
-91
24
57
-18
-60
6
104
135
138
149
153
125
103
113
149
135
75
31
43
122
164
134
69
43
67
98
112
91
63
35
10
19
48
58
-2
-61
-73
-46
-10
-20
-62
-95
-86
-65
-34
-20
-33
-68
-98
-73
-32
-9
-45
-95
-105
-91
-76
-76
-81
-81
-95
-97
-57
-8
-3
-30
-44
-19
26
51
47
23
0
-15
-18
-11
-9
-17
-49
-80
-87
-85
-85
-95
-114
-113
-98
-83
-103
-121
-128
-137
-141
-155
-142
-108
43
226
243
76
-7
154
330
340
281
320
365
267
135
144
238
163
-24
-83
6
15
-155
-301
-323
-277
-254
-230
-169
-146
-188
-242
-191
-66
58
101
72
76
156
232
222
176
170
192
189
178
183
160
64
-45
-66
-21
7
-19
-116
-214
-228
-153
-112
-151
-176
-134
-98
-112
-90
-8
20
-28
-25
73
171
161
98
76
86
110
132
139
119
76
28
4
20
64
95
66
18
2
42
73
59
38
20
54
69
46
27
5
-33
-49
-15
10
15
-21
-71
-91
-68
-29
-15
-13
-37
-48
-41
-29
-32
-49
-47
-49
-16
0
-20
-54
-72
-48
-31
-10
3
9
-16
-53
-59
-24
9
-5
-26
-32
-34
-49
-71
-92
-100
-102
-98
-85
-89
-116
-129
-118
-83
-57
-40
-45
-54
-53
-43
-36
-36
-30
-38
-50
-88
-128
-154
-137
-4
173
181
-22
-115
42
204
200
131
172
221
140
29
52
126
32
-113
-105
36
44
-114
-234
-221
-152
-116
-50
31
30
-52
-66
41
139
168
148
124
124
149
155
101
34
-4
12
29
10
-36
-114
-198
-219
-149
-73
-60
-89
-133
-163
-119
-16
31
-5
-15
48
100
72
30
38
36
4
12
80
92
-13
-120
-126
-74
-48
-58
-64
-47
-28
-33
-4
65
85
63
81
141
180
172
139
105
99
122
111
77
44
10
-17
-34
-39
-37
-38
-47
-44
-11
8
9
11
37
63
91
101
74
59
42
23
6
1
-15
-41
-70
-107
-114
-116
-139
-154
-132
-103
-103
-118
-112
-86
-73
-71
-62
-47
-53
-64
-58
-40
-47
-73
-86
-80
-52
-51
-67
-73
-68
-61
-34
-33
-39
-33
-29
-20
-18
-1
0
-32
-53
-70
-51
-50
-91
-140
-154
-153
-153
-56
117
154
4
-104
15
189
215
129
129
204
182
97
63
84
33
-57
-49
49
55
-81
-203
-189
-101
-36
-25
-27
-23
-22
-16
6
49
67
57
43
61
97
81
3
-62
-51
-4
5
-25
-71
-113
-143
-139
-105
-88
-77
-58
-50
-69
-69
-20
12
3
14
75
95
35
-11
12
46
31
5
7
-2
-32
-54
-48
-32
-32
-8
23
35
21
18
17
53
107
124
115
107
95
78
73
81
75
60
44
24
11
-16
-33
-36
-11
1
5
8
-8
-12
8
33
46
47
35
20
5
-19
-36
-37
-37
-57
-75
-86
-112
-134
-141
-121
-92
-86
-95
-89
-73
-68
-58
-33
-2
19
24
20
6
-20
-37
-31
-2
4
-16
-45
-77
-89
-85
-78
-58
-35
-21
-20
-29
-56
-64
-49
-23
-8
-6
5
-31
-67
-83
-64
-32
-29
-56
-95
-97
-107
-131
-125
-44
85
111
26
-27
43
130
121
101
122
161
135
59
1
-31
-52
-64
-32
-11
-42
-127
-188
-164
-92
-28
-11
1
19
34
46
49
57
79
117
139
140
122
77
5
-30
-13
14
13
-30
-81
-112
-131
-128
-109
-87
-60
-12
6
-31
-62
-31
23
39
49
69
72
25
-17
-13
8
-3
-34
-47
-48
-55
-77
-111
-117
-56
-11
-8
-22
-5
29
44
57
82
124
132
115
99
87
72
39
39
35
35
22
-8
-40
-57
-47
-33
-11
2
3
0
6
16
22
26
38
54
67
52
22
11
5
0
-22
-42
-40
-41
-61
-82
-76
-57
-64
-79
-79
-67
-59
-70
-58
-41
-36
-48
-55
-52
-58
-64
-67
-63
-61
-77
-93
-98
-102
-108
-102
-76
-54
-48
-56
-60
-52
-49
-39
-30
-11
0
-13
-21
-27
-13
-27
-28
-17
-32
-32
-55
-91
-118
-115
-96
-87
-38
34
67
15
-37
18
108
144
107
96
137
154
99
24
15
42
57
50
40
28
-23
-64
-37
7
34
24
21
29
46
44
15
4
19
64
78
45
1
-24
-33
-30
-26
-31
-47
-70
-88
-84
-87
-100
-100
-81
-36
-4
-8
-40
-52
-29
14
33
20
10
21
20
5
-11
-14
-15
-31
-36
-35
-38
-58
-62
-42
-19
-11
-5
7
31
47
58
56
56
70
83
88
75
76
70
56
50
60
58
44
39
48
46
32
19
13
9
10
18
15
0
-3
2
9
6
15
22
-3
-26
-24
-21
-43
-59
-59
-51
-58
-77
-85
-86
-97
-105
-104
-87
-69
-75
-86
-86
-77
-63
-44
-30
-21
-26
-26
-19
-12
-19
-20
-10
-1
-8
-18
-26
-23
-28
-27
-12
-10
-25
-51
-43
-35
-32
-36
-25
-9
-19
-31
-34
-26
-23
-35
-38
-30
-24
-40
-62
-61
-68
-67
-41
24
71
53
20
35
91
100
64
64
119
132
65
3
10
10
-28
-32
12
3
-63
-94
-53
-14
-41
-55
-22
16
24
15
17
18
25
35
51
54
39
22
14
14
6
1
-15
-22
-25
-27
-42
-49
-55
-53
-33
-18
-14
-31
-47
-33
-11
-3
-10
-11
13
16
-6
-15
5
8
-14
-16
4
17
-1
-7
13
21
6
2
31
53
55
50
44
42
47
58
60
48
38
40
38
29
26
31
23
5
12
29
19
-2
-9
9
21
13
3
10
16
14
13
4
1
-10
-18
-21
-22
-25
-32
-45
-49
-38
-38
-54
-65
-57
-43
-46
-57
-57
-39
-37
-51
-48
-38
-33
-34
-33
-24
-29
-37
-36
-27
-23
-31
-38
-37
-32
-25
-26
-19
-9
-2
-16
-31
-26
-22
-19
-28
-28
-15
-9
-22
-37
-31
-29
-29
-39
-41
-38
-50
-72
-79
-70
-77
-90
-105
-99
-98
-110
-105
-85
-53
-38
-30
-13
9
15
7
6
46
82
71
29
26
50
44
20
22
45
30
12
13
25
13
-8
-5
14
23
19
22
21
11
4
17
26
26
15
17
14
5
7
10
7
-2
3
1
-11
-10
-8
-18
-24
-23
-17
-26
-33
-34
-20
-17
-32
-31
-17
-20
-28
-15
-4
-4
-8
-9
-11
-1
11
17
15
4
5
4
7
-2
8
14
19
15
6
21
26
18
14
26
33
27
28
34
32
33
34
42
43
39
35
35
27
26
27
22
17
8
8
5
-10
-16
-14
-14
-18
-24
-34
-34
-36
-44
-48
-47
-42
-34
-39
-50
-47
-41
-46
-54
-46
-38
-47
-54
-47
-46
-51
-64
-66
-55
-47
-47
-48
-49
-63
-69
-65
-58
-52
-50
-44
-43
-44
-40
-36
-36
-29
-14
0
2
-15
-22
-16
-14
-12
-12
-8
-14
-34
-46
-51
-53
-57
-50
-57
-61
-62
-71
-73
-72
-62
-41
-16
4
12
4
1
14
41
66
75
66
54
57
63
59
46
50
58
56
51
44
33
15
12
20
21
12
8
13
8
-2
2
11
11
12
23
38
27
8
7
20
31
26
21
20
19
10
-5
-15
-14
-14
-16
-23
-33
-30
-40
-51
-54
-47
-42
-46
-43
-30
-28
-35
-29
-16
-2
3
3
0
3
9
12
9
5
6
6
5
5
-7
-15
-20
-19
-6
6
0
-7
-1
14
16
16
19
31
39
35
33
32
35
23
20
22
25
18
-1
-16
-23
-30
-40
-50
-54
-56
-60
-67
-73
-70
-63
-62
-64
-55
-45
-45
-53
-53
-52
-43
-41
-47
-37
-35
-39
-40
-40
-32
-29
-26
-23
-22
-25
-30
-32
-33
-33
-32
-40
-47
-55
-55
-61
-73
-70
-66
-67
-72
-60
-53
-61
-71
-59
-52
-48
-42
-38
-27
-24
-17
-17
-11
-12
-7
-11
-15
-22
-34
-42
-50
-47
-48
-53
-54
-49
-39
-35
-24
-20
-18
-9
1
18
31
40
38
38
50
55
51
47
55
61
49
35
38
34
26
21
23
24
9
4
22
27
18
11
13
21
18
21
23
11
-6
-12
-8
-8
-27
-39
-43
-41
-45
-50
-45
-45
-45
-45
-49
-40
-30
-23
-19
-15
-16
-22
-16
-5
0
-11
-20
-17
-13
-14
-11
-13
-15
-9
-1
-1
-17
-13
-8
-2
3
0
-5
-4
1
3
6
7
12
8
16
19
13
5
-1
9
14
11
8
4
0
-1
2
4
-1
-1
0
8
14
5
-3
-4
-1
-3
-6
-8
-12
-22
-27
-30
-30
-40
-48
-46
-49
-48
-46
-48
-51
-55
-54
-47
-38
-37
-37
-36
-36
-31
-28
-29
-27
-24
-22
-23
-23
-28
-30
-36
-38
-30
-33
-43
-51
-48
-46
-42
-39
-36
-42
-38
-30
-25
-25
-20
-20
-21
-20
-15
-9
-6
-13
-22
-20
-13
-7
-9
-13
-18
-12
-12
-19
-19
-15
-16
-17
-13
-10
-4
-3
6
16
22
15
12
14
24
28
24
25
19
19
15
10
12
17
16
13
13
12
8
-2
2
3
2
0
0
8
7
0
-2
2
3
7
9
6
1
-1
-1
-6
-2
-6
-5
-1
-7
-14
-21
-25
-29
-32
-32
-35
-38
-41
-43
-44
-40
-35
-28
-27
-20
-10
-13
-8
-5
7
18
20
24
19
23
28
26
25
20
18
14
-1
-9
-8
-9
-11
-14
-17
-17
-13
-16
-13
-6
-8
-8
-4
3
6
3
-1
3
0
-2
-1
0
-1
-6
-6
-8
-10
-13
-16
-13
-16
-19
-15
-16
-19
-23
-21
-22
-23
-28
-34
-30
-36
-30
-34
-39
-40
-45
-48
-40
-37
-40
-44
-42
-37
-38
-34
-35
-32
-30
-34
-33
-27
-28
-33
-38
-34
-30
-34
-30
-35
-34
-30
-27
-24
-26
-25
-30
-25
-23
-25
-22
-21
-23
-23
-21
-18
-27
-26
-22
-20
-28
-28
-28
-27
-24
-31
-27
-27
-23
-25
-20
-16
-14
-10
-5
5
13
22
23
27
30
35
38
42
36
34
25
21
15
13
6
5
1
3
1
-4
-1
-5
-4
-2
6
17
22
24
27
31
31
34
37
38
42
38
39
35
32
31
31
22
19
16
10
7
-7
-13
-5
-1
-5
-17
-21
-13
-8
-8
-8
-5
-5
-6
-2
11
11
6
10
15
21
21
21
18
21
22
25
22
22
20
13
12
11
7
9
7
-4
-12
-14
-8
-9
-17
-14
-16
-19
-21
-22
-13
-14
-11
-5
-4
1
1
2
4
10
14
18
13
12
8
7
12
10
4
-3
3
4
1
-2
-4
-5
-6
-7
-8
-7
-14
-18
-15
-15
-12
-14
-13
-18
-17
-17
-21
-25
-25
-32
-32
-26
-24
-23
-30
-28
-24
-27
-23
-21
-14
-8
-13
-16
-12
-14
-11
-8
-6
-7
-8
-11
-10
-4
-3
-2
2
-10
-20
-19
-16
-14
-15
-17
-18
-15
-15
-16
-12
-12
-16
-16
-7
-4
-7
-8
-5
3
8
11
18
23
21
22
29
34
37
34
34
35
38
40
40
33
29
32
32
31
24
23
25
22
21
26
27
23
23
24
34
32
29
26
25
31
31
31
26
19
22
17
11
8
8
6
4
-2
-3
-7
-13
-13
-13
-11
-16
-21
-23
-19
-22
-21
-26
-28
-27
-30
-30
-28
-31
-36
-36
-33
-35
-31
-29
-30
-29
-31
-29
-23
-22
-23
-22
-16
-18
-22
-23
-23
-22
-25
-19
-15
-14
-17
-16
-18
-9
-8
-5
3
8
7
9
11
19
21
16
22
29
29
25
21
24
25
24
23
21
17
20
19
17
17
16
18
13
16
11
12
11
5
3
-3
-3
-5
-7
-9
-8
-14
-16
-16
-14
-6
-7
-9
-8
-4
-3
-6
-3
0
1
5
5
8
11
9
12
11
10
14
14
16
18
17
24
29
27
25
24
28
35
37
37
38
40
39
41
43
42
39
35
39
41
45
43
37
35
29
33
31
40
40
41
38
41
41
35
33
31
35
34
37
34
31
24
23
22
20
18
12
9
7
4
0
-1
-10
-17
-10
-10
-12
-14
-18
-13
-11
-7
-5
-4
-2
-1
-1
3
7
0
-1
-2
2
0
-3
-5
-4
-5
-10
-4
-9
-13
-9
-14
-15
-19
-23
-18
-16
-16
-14
-15
-18
-16
-11
-12
-10
-6
-5
-6
-4
1
1
6
9
4
7
10
13
19
14
12
11
14
15
13
12
15
16
10
15
15
8
7
8
4
8
7
4
7
9
6
8
8
5
5
9
8
6
8
11
12
9
8
11
10
12
11
11
13
15
9
10
10
11
11
8
7
5
4
7
8
12
14
13
17
16
18
18
15
14
18
16
16
18
20
26
29
28
22
25
26
29
32
31
32
33
31
32
32
32
34
31
30
32
30
33
31
27
27
31
32
24
18
16
14
16
14
6
11
4
2
2
6
5
4
3
4
6
7
7
6
5
3
4
3
2
-2
-2
-3
-4
-6
-7
-7
-5
-10
-9
-11
-17
-15
-11
-14
-17
-17
-14
-14
-15
-15
-15
-13
-16
-19
-17
-15
-17
-16
-13
-18
-18
-10
-9
-4
-3
-2
0
3
-3
-5
-4
-8
-6
-11
-9
-15
-17
-14
-15
-11
-14
-17
-18
-22
-21
-15
-18
-8
-10
-10
-10
-9
-6
-3
5
0
0
7
7
10
10
9
11
17
18
21
22
18
19
15
16
21
22
21
16
17
16
16
14
19
20
22
23
21
23
23
23
23
20
22
19
20
22
19
21
21
22
20
22
16
16
13
16
19
17
11
17
18
12
8
9
12
10
10
7
9
6
7
8
8
4
5
11
5
10
10
11
8
10
7
8
9
8
7
8
9
4
6
4
5
7
7
7
10
10
9
9
9
12
18
17
16
23
24
17
19
15
12
15
16
13
9
8
7
4
4
2
1
0
-2
1
2
4
2
1
-2
-4
0
-1
2
3
6
6
8
1
3
1
2
4
0
4
-4
-4
0
-9
-10
-9
-14
-15
-13
-11
-14
-17
-12
-9
-7
-7
-6
-8
-6
-1
-1
-3
-3
-1
2
4
0
-3
-1
2
0
1
2
2
3
2
1
4
7
6
9
10
8
9
10
13
11
17
21
18
22
19
20
26
31
31
29
29
30
31
34
30
33
34
34
38
36
30
30
26
27
25
28
29
26
20
22
23
21
18
21
18
14
10
7
11
5
3
3
7
10
5
3
-1
-1
1
1
4
6
6
4
3
5
4
2
2
3
4
5
5
1
0
0
-1
1
-1
2
0
-4
-5
-2
-2
-3
0
3
6
2
5
2
6
15
14
13
20
19
21
17
18
26
24
27
27
24
26
25
23
24
23
20
19
18
13
11
9
3
6
10
11
6
2
7
5
10
9
3
0
-2
-2
-2
-5
-8
-7
-7
-5
-8
-12
-8
-10
-5
-6
-8
-5
-3
1
-4
-2
-1
-4
-7
-9
-9
-10
-14
-13
-8
-7
-10
-8
-5
-5
-6
-7
-3
-3
0
1
9
6
5
6
10
10
9
12
16
19
20
24
19
22
22
26
25
25
25
25
29
29
32
25
27
21
21
24
20
20
21
23
24
22
24
26
24
27
25
26
30
32
32
33
32
29
33
36
39
37
34
34
35
36
33
32
36
29
30
28
22
28
21
20
17
20
21
20
17
18
16
14
14
14
19
20
22
16
16
20
18
18
18
21
21
20
20
21
19
16
20
23
25
21
21
24
20
13
18
15
14
16
12
12
10
10
9
7
8
7
10
9
9
14
15
13
7
10
10
15
15
14
16
17
15
14
12
9
4
9
9
4
9
7
3
2
5
3
1
-6
-7
-8
-12
-9
-6
-6
-9
-10
-11
-8
-9
-7
-3
-2
0
1
8
6
4
7
8
11
8
11
8
8
10
12
11
14
13
10
6
3
4
6
4
1
3
2
5
4
3
9
8
13
21
20
21
21
25
25
25
22
25
23
23
20
20
20
18
22
23
24
21
23
22
18
20
20
17
21
22
21
22
16
19
22
27
26
20
21
27
32
29
26
29
28
26
23
26
22
22
21
23
19
21
21
14
13
12
15
14
18
12
12
12
3
4
7
6
6
4
4
2
3
5
1
-5
-3
-3
0
-2
3
2
1
-4
0
1
1
-1
-5
-1
-6
-3
-4
-3
0
-1
3
4
5
7
2
1
5
4
4
6
7
2
0
2
2
0
-2
-7
-4
-3
0
-2
-6
-4
-4
-2
-3
3
6
4
5
6
8
7
7
8
7
10
6
7
8
3
10
8
8
6
4
6
5
8
9
15
9
14
15
10
13
14
16
19
19
19
19
17
17
22
24
22
24
21
21
23
24
21
26
28
25
26
25
23
24
23
26
29
27
23
25
27
23
22
22
22
22
27
27
28
27
26
22
25
26
26
31
34
34
34
37
34
41
39
36
38
38
30
33
33
25
22
25
24
23
20
20
16
21
20
18
22
20
21
21
22
20
14
15
17
16
14
11
11
9
4
2
3
5
6
6
3
4
8
5
6
6
2
2
5
7
0
0
3
3
3
5
0
-4
-5
-3
-2
-3
-2
-4
-2
-1
0
2
0
3
6
4
4
7
7
4
1
4
3
6
1
3
5
3
5
4
1
0
1
3
-1
1
-2
-4
-3
-5
-4
1
2
1
3
4
5
3
5
7
9
8
9
11
15
16
17
16
19
22
22
22
27
30
25
24
25
22
20
19
21
18
18
23
19
23
19
17
14
11
16
12
13
10
8
8
9
11
7
4
7
5
6
9
4
4
7
5
6
7
6
7
8
9
10
12
14
13
16
12
12
17
12
14
12
13
14
12
12
11
14
13
12
13
12
12
12
12
11
11
11
9
8
9
7
11
6
7
8
4
4
0
12
8
6
4
5
1
4
7
6
7
8
6
2
2
-5
-6
-3
-5
-6
-9
-7
-9
-11
-12
-12
-13
-12
-10
-10
-4
-5
-9
-10
-7
-8
-8
-6
-5
-4
-4
-7
-4
-2
-6
-6
-9
-16
-21
-22
-18
-19
-20
-18
-20
-18
-18
-22
-23
-23
-18
-17
-19
-12
-9
-7
-3
-3
0
0
2
4
6
6
3
7
4
0
-3
-2
-2
-5
-1
0
-3
-1
3
1
0
0
-3
-3
-1
-1
-2
-2
1
-3
-3
2
-5
-4
-1
0
1
0
5
3
3
0
2
1
-1
0
-2
-2
-6
-9
-12
-10
-8
-10
-9
-11
-16
-13
-8
-10
-6
-5
-11
-10
-3
-4
-5
-9
-11
-9
-7
-4
2
2
4
1
1
7
2
4
2
4
7
9
10
9
11
7
11
9
2
1
3
5
4
5
8
6
3
3
1
5
2
5
5
2
4
-3
-2
-4
-2
1
-4
-4
-3
-10
-4
-2
-6
-7
-8
-10
-9
-8
-11
-11
-13
-8
-6
-5
-3
-1
-3
0
-4
-6
-7
-4
-2
-5
-6
-8
-9
-7
-8
-7
-12
-13
-10
-10
-9
-17
-15
-17
-14
-18
-20
-21
-21
-18
-18
-16
-17
-16
-14
-20
-13
-15
-10
-9
-11
-14
-14
-15
-16
-13
-15
-11
-12
-7
-9
-8
-7
-6
-1
-1
-1
1
4
8
7
4
7
4
9
5
4
4
7
8
6
7
9
12
8
9
9
4
8
3
3
2
0
0
-4
0
3
2
-1
-3
-3
-11
-9
-10
-7
-4
-6
-4
-3
0
-8
-7
-15
-15
-9
-8
-5
-3
-3
-1
-4
-8
-9
-8
-15
-15
-11
-10
-8
-12
-9
-8
-9
-10
-11
-12
-7
-6
-3
-7
-3
-2
-6
0
2
4
2
1
-4
-5
-7
-7
-11
-14
-14
-14
-12
-10
-16
-16
-13
-15
-13
-10
-11
-11
-15
-14
-17
-17
-15
-21
-19
-19
-19
-21
-17
-17
-17
-15
-21
-20
-21
-17
-20
-22
-21
-24
-20
-24
-23
-20
-17
-18
-20
-21
-24
-20
-15
-18
-18
-16
-17
-14
-19
-15
-19
-19
-17
-20
-19
-15
-20
-23
-20
-22
-19
-22
-20
-21
-26
-24
-25
-20
-19
-19
-18
-17
-16
-15
-13
-14
-14
-11
-12
-17
-16
-14
-13
-8
-9
-8
-5
-8
-8
-5
-5
-4
-9
-9
-8
-5
-7
-1
-2
0
-3
-1
3
3
6
6
8
7
6
8
5
6
11
11
10
10
9
13
13
9
10
10
15
15
12
10
6
5
8
3
4
6
6
5
4
4
6
8
7
7
8
7
5
9
8
6
7
12
7
11
13
10
8
10
8
8
4
-1
0
-1
0
-4
-6
-5
-6
-5
-4
-8
-5
-1
-4
-2
1
2
1
4
3
4
3
5
6
7
5
1
4
5
6
6
4
3
2
0
0
-10
-6
-10
-7
-7
-12
-14
-19
-16
-11
-13
-13
-13
-15
-16
-14
-11
-15
-14
-12
-19
-21
-17
-20
-20
-17
-15
-14
-15
-17
-15
-14
-20
-19
-19
-16
-15
-17
-17
-18
-17
-15
-15
-15
-17
-18
-19
-22
-18
-15
-15
-15
-13
-11
-13
-11
-9
-6
-8
-8
-7
-9
-14
-9
-10
-8
-2
-7
-6
-7
-7
-4
-4
-1
2
2
4
6
3
11
15
11
13
17
14
10
9
7
5
9
9
4
8
8
5
5
5
3
5
3
4
5
1
6
1
6
4
6
9
6
11
12
17
17
10
13
10
11
12
10
10
13
10
6
10
11
9
8
6
3
1
-4
1
-3
-4
0
1
-1
-2
-3
0
-2
0
0
-5
-5
-7
-3
-8
-6
-7
-10
-9
-7
-6
-11
-9
-7
-10
-16
-19
-18
-19
-15
-14
-18
-17
-17
-18
-21
-23
-20
-19
-22
-19
-19
-13
-9
-12
-9
-9
-11
-6
-6
-3
-4
-4
-3
-8
-11
-12
-10
-17
-18
-19
-23
-24
-24
-30
-30
-26
-26
-27
-29
-27
-25
-32
-32
-31
-34
-31
-30
-24
-28
-29
-28
-29
-24
-22
-20
-17
-18
-21
-21
-20
-22
-21
-18
-15
-18
-15
-15
-17
-15
-16
-15
-13
-20
-15
-11
-17
-13
-15
-14
-7
-4
-5
-5
-1
6
5
10
8
11
5
2
3
5
5
1
-1
1
1
-2
3
0
-2
-3
-2
-4
0
4
6
5
9
13
11
9
12
8
6
9
4
4
8
4
2
7
3
6
3
3
2
4
7
3
4
8
6
1
0
-2
-1
-3
-3
-5
-7
-8
-11
-7
-4
-6
-8
-4
-4
-5
-5
-5
-7
-9
-6
-4
-4
-2
1
-5
-4
-3
-4
0
-2
-2
-4
-6
-9
-11
-7
-12
-11
-15
-13
-12
-10
-13
-13
-10
-15
-16
-16
-17
-17
-20
-23
-22
-23
-24
-31
-38
-35
-35
-31
-30
-33
-32
-32
-36
-36
-31
-33
-39
-36
-32
-32
-31
-31
-30
-31
-32
-33
-35
-33
-36
-36
-35
-34
-36
-34
-34
-34
-34
-33
-35
-37
-36
-36
-35
-37
-35
-32
-33
-27
-26
-27
-24
-24
-19
-18
-17
-19
-25
-23
-18
-18
-20
-19
-14
-12
-13
-14
-16
-11
-12
-12
-9
-10
-7
-9
-8
-10
-8
-10
-9
-11
-17
-13
-15
-13
-8
-10
-4
-2
-4
-3
-2
1
1
3
5
7
6
4
6
5
2
-2
-4
1
0
0
1
1
2
-3
-2
-2
-2
-2
-2
-2
-3
0
-3
-7
-11
-14
-18
-9
-9
-11
-7
-5
-6
-7
-7
-9
-5
-6
-9
-11
-13
-13
-14
-18
-21
-19
-19
-20
-22
-21
-23
-28
-24
-22
-24
-23
-22
-19
-20
-26
-22
-23
-23
-23
-26
-27
-26
-28
-27
-31
-37
-38
-39
-35
-34
-37
-36
-39
-35
-38
-37
-37
-38
-33
-37
-40
-39
-38
-36
-37
-36
-38
-37
-36
-38
-39
-42
-43
-41
-37
-40
-42
-41
-43
-38
-36
-41
-39
-39
-43
-35
-34
-35
-35
-33
-33
-32
-36
-38
-31
-30
-26
-29
-27
-24
-25
-21
-23
-22
-24
-22
-26
-24
-21
-23
-21
-18
-22
-21
-20
-23
-22
-20
-19
-21
-19
-17
-17
-15
-13
-14
-12
-13
-9
-7
-9
-9
-12
-11
-9
-14
-12
-11
-14
-12
-12
-9
-8
-8
-2
-4
-7
-5
-6
-3
-7
-8
-5
-4
-5
-5
-4
-5
1
0
1
1
0
2
4
4
4
7
7
5
7
6
8
7
6
2
3
1
-3
-6
-8
-8
-13
-16
-18
-18
-16
-18
-18
-18
-16
-19
-11
-16
-18
-12
-13
-12
-13
-13
-13
-18
-11
-10
-10
-14
-14
-13
-17
-19
-21
-23
-25
-23
-27
-29
-30
-29
-35
-33
-39
-42
-39
-44
-39
-42
-45
-51
-46
-40
-41
-41
-42
-42
-42
-43
-42
-40
-46
-43
-45
-48
-45
-44
-48
-51
-49
-51
-49
-48
-49
-49
-48
-50
-47
-51
-41
-37
-37
-35
-39
-40
-41
-38
-39
-40
-39
-40
-40
-39
-42
-42
-44
-41
-43
-43
-37
-36
-37
-36
-34
-39
-35
-36
-37
-37
-35
-38
-41
-39
-35
-33
-31
-34
-35
-28
-28
-22
-29
-26
-20
-25
-24
-24
-23
-20
-18
-21
-17
-22
-19
-18
-18
-24
-23
-20
-19
-20
-21
-16
-20
-19
-22
-16
-15
-22
-16
-16
-14
-11
-13
-8
-9
-6
-7
-7
-5
-9
-4
-2
0
-8
-7
-5
-7
-11
-14
-10
-14
-9
-11
-10
-10
-8
-9
-9
-3
-8
-10
-6
-11
-11
-12
-10
-11
-13
-10
-10
-7
-9
-12
-11
-12
-12
-15
-19
-22
-23
-20
-22
-27
-27
-25
-26
-23
-29
-32
-29
-24
-29
-33
-25
-21
-19
-20
-24
-27
-25
-25
-27
-29
-28
-27
-32
-37
-36
-41
-37
-38
-43
-42
-43
-40
-40
-40
-41
-44
-45
-44
-43
-44
-43
-40
-37
-35
-35
-33
-33
-31
-29
-30
-33
-31
-33
-32
-30
-32
-34
-34
-31
-27
-29
-31
-28
-28
-25
-28
-25
-23
-30
-29
-27
-26
-29
-24
-23
-25
-23
-22
-19
-15
-16
-15
-15
-9
-12
-16
-9
-10
-15
-15
-13
-14
-15
-17
-17
-14
-15
-16
-18
-22
-20
-15
-13
-12
-8
-8
-10
-8
-9
-3
-6
-4
-4
-10
-7
-7
-2
-5
-5
-6
-2
-1
-5
2
2
-1
3
1
