4
6
4
4
4
5
4
4
8
3
10
12
13
14
15
17
17
17
18
23
16
14
13
14
12
11
11
11
8
9
10
7
7
8
5
7
7
3
3
3
4
3
3
-1
-1
4
0
-1
5
0
-4
-2
-4
-3
-1
-4
1
-2
-8
-1
3
-2
0
-3
-5
-3
-5
-1
2
-1
0
1
-3
-2
0
-1
-6
-6
-10
-13
-11
-17
-17
-18
-16
-22
-21
-19
-23
-22
-21
-20
-19
-18
-23
-20
-23
-17
-18
-21
-19
-17
-22
-27
-23
-24
-22
-20
-19
-17
-19
-18
-17
-14
-19
-20
-20
-20
-22
-21
-15
-16
-15
-16
-13
-17
-19
-12
-16
-14
-8
-9
-7
-11
-13
-8
-10
-9
-13
-8
-8
-9
-6
-6
-8
-9
-5
-3
-4
-5
-3
-2
1
1
4
1
3
5
3
6
0
-3
1
8
2
2
1
2
4
0
3
-3
5
9
5
8
12
9
8
9
11
15
20
16
16
18
14
12
14
19
16
18
16
11
14
14
12
13
14
12
10
13
10
11
12
8
7
6
7
5
5
8
1
5
0
2
3
2
-3
-4
-2
-4
-5
-7
-6
-7
-5
-11
-6
-7
-7
-4
-6
-3
-11
-7
-9
-8
-2
-8
-4
-4
-5
-3
-2
-5
-6
-5
-1
-4
-7
-10
-15
-13
-14
-12
-13
-16
-15
-13
-16
-16
-16
-18
-16
-18
-18
-17
-17
-18
-21
-20
-22
-24
-25
-28
-27
-26
-22
-23
-22
-18
-20
-18
-22
-22
-20
-22
-19
-18
-20
-21
-20
-21
-20
-21
-28
-25
-21
-17
-20
-21
-19
-21
-21
-23
-17
-16
-17
-16
-16
-17
-18
-18
-20
-17
-13
-11
-14
-12
-15
-10
-7
-12
-12
-12
-7
-7
-6
-2
-7
-7
-2
1
2
2
1
6
7
5
7
4
4
2
2
4
5
1
1
-1
-1
-1
0
-1
-2
-1
1
5
3
7
8
9
8
5
8
8
7
9
7
7
6
6
3
4
4
5
4
6
10
9
13
16
14
14
13
11
14
8
5
9
4
4
8
4
5
4
4
0
-3
1
2
-2
-3
0
-2
-2
-3
-2
-2
-5
-6
-5
-6
-12
-16
-17
-27
-28
-25
-31
-29
-28
-28
-27
-24
-24
-28
-21
-25
-27
-28
-24
-26
-26
-24
-28
-23
-27
-26
-24
-26
-28
-26
-27
-28
-23
-28
-30
-28
-29
-32
-29
-35
-33
-29
-34
-29
-30
-27
-32
-26
-25
-26
-24
-28
-27
-25
-28
-29
-26
-26
-24
-23
-21
-22
-23
-19
-20
-22
-24
-23
-17
-15
-16
-12
-13
-16
-18
-18
-17
-15
-16
-18
-18
-16
-15
-17
-14
-16
-13
-10
-11
-7
-10
-8
-3
-4
-3
-3
-3
-4
4
-2
-1
1
-3
0
-4
2
1
6
3
4
4
4
7
0
3
0
2
-1
0
1
1
2
1
3
2
1
2
1
1
-1
1
-1
-1
-1
0
-4
-5
-2
-5
-5
-8
-3
-2
-2
-1
-6
2
2
0
1
-1
0
1
-1
1
-2
-3
-2
-7
-7
-4
-6
-2
-4
-3
-6
-10
-10
-9
-7
-8
-10
-13
-13
-15
-15
-13
-11
-16
-19
-15
-15
-16
-21
-24
-22
-24
-21
-23
-20
-22
-21
-23
-30
-26
-30
-29
-30
-33
-29
-33
-31
-26
-28
-29
-32
-28
-26
-29
-24
-31
-29
-31
-31
-35
-30
-30
-34
-34
-35
-32
-31
-32
-30
-29
-29
-24
-24
-24
-23
-19
-19
-21
-18
-18
-15
-19
-14
-18
-20
-17
-16
-19
-19
-18
-20
-19
-19
-17
-26
-20
-20
-14
-14
-14
-13
-13
-15
-11
-8
-13
-12
-13
-10
-13
-12
-10
-12
-10
-9
-7
-12
-9
-6
-5
-5
-3
-5
-8
-2
0
6
2
1
9
6
6
8
6
8
9
7
6
5
4
6
4
2
3
7
7
7
5
6
6
4
7
6
5
5
5
5
2
-1
4
0
-3
4
3
-1
-4
-1
-3
-3
-3
-4
-3
-1
0
-2
0
-1
-5
-4
-5
-8
-5
-7
-6
-6
-9
-7
-12
-12
-13
-15
-18
-17
-18
-20
-19
-22
-20
-21
-21
-23
-19
-21
-21
-21
-21
-19
-22
-20
-18
-18
-21
-20
-20
-21
-21
-22
-23
-21
-19
-21
-22
-19
-19
-22
-20
-18
-22
-21
-19
-20
-22
-26
-26
-27
-23
-17
-20
-18
-20
-19
-20
-20
-19
-16
-17
-21
-16
-16
-16
-17
-18
-16
-16
-18
-18
-18
-14
-15
-18
-15
-18
-10
-9
-9
-7
-6
-8
-7
-3
-4
-5
-5
-1
2
4
0
2
2
0
0
-5
-5
-3
-6
-2
-2
-4
-1
-1
-2
2
2
2
8
4
5
4
2
5
7
7
6
11
11
11
12
14
12
10
10
11
17
10
8
7
7
2
2
10
4
7
10
8
9
9
11
11
9
8
11
8
5
4
10
9
10
10
7
9
7
11
10
11
8
10
8
3
8
7
8
4
6
8
2
5
5
5
3
2
-2
-5
-3
-1
-3
-4
0
-3
0
-1
-3
-4
-4
-3
-5
-6
-4
-6
-5
-6
-8
-8
-14
-9
-8
-15
-20
-19
-15
-19
-20
-19
-17
-15
-13
-20
-17
-13
-19
-17
-19
-16
-19
-17
-15
-17
-16
-18
-21
-19
-20
-17
-14
-18
-16
-13
-16
-15
-14
-18
-17
-15
-16
-17
-16
-13
-12
-13
-15
-16
-16
-20
-12
-10
-11
-12
-11
-8
-10
-11
-13
-10
-10
-6
-5
-12
-12
-7
-9
-8
-6
2
0
-2
1
-1
-3
1
7
1
6
4
5
7
7
5
10
7
8
7
5
7
6
8
7
4
4
5
9
7
7
8
6
7
8
8
8
8
8
5
9
7
11
13
14
12
15
15
15
18
12
17
17
16
15
18
13
13
10
9
15
12
13
12
16
13
16
17
13
12
10
12
9
10
7
4
3
2
2
2
4
1
0
0
3
-4
-1
-3
-7
-5
-8
-8
-10
-11
-10
-12
-11
-11
-10
-16
-18
-12
-17
-15
-14
-11
-12
-15
-14
-14
-9
-12
-14
-14
-11
-13
-15
-15
-11
-14
-17
-18
-18
-20
-25
-20
-19
-22
-24
-21
-18
-23
-23
-24
-22
-26
-21
-20
-22
-17
-15
-18
-18
-19
-15
-18
-18
-19
-18
-20
-19
-25
-23
-17
-21
-17
-15
-14
-18
-14
-13
-18
-14
-10
-7
-3
-6
-9
-8
-5
-3
-5
-2
3
-1
-1
-1
-2
2
3
3
6
3
10
15
19
19
18
21
12
9
1
1
7
31
39
-50
-33
55
0
-41
24
11
-29
13
12
-16
-4
26
4
-3
13
20
-1
16
20
28
20
110
148
-171
-61
171
-39
-90
89
-10
-100
46
41
-61
3
70
-7
-24
56
31
-13
39
41
46
98
237
144
-205
-70
187
13
-99
-9
-34
-57
27
15
-78
14
108
59
60
-35
-36
47
25
-31
40
10
-47
33
123
5
-101
63
36
19
-24
-78
-18
-26
-51
1
-33
-96
17
46
-38
-12
26
-2
-23
2
17
5
-35
-4
33
-21
-38
-10
1
-1
-23
-14
10
-43
-36
-1
2
-22
-22
-4
-6
-43
-15
13
-26
-23
15
5
-22
-4
8
-10
-32
5
11
-14
-14
9
12
31
56
57
51
68
81
17
-11
10
-13
30
29
-36
1
-97
-109
-6
-4
-10
-20
24
29
-87
-41
25
1
14
74
32
6
8
54
19
47
210
48
-99
11
60
1
-51
-28
-47
-42
115
26
-142
-59
83
39
25
0
-47
-40
10
4
-23
-20
59
56
0
7
10
-1
27
80
100
122
57
1
14
35
48
20
-39
27
2
-80
-48
-54
-54
-22
15
-17
-11
-19
-25
26
5
-24
36
60
4
25
40
-43
-25
25
10
-2
6
-10
-38
-5
-4
4
9
-11
-12
40
47
-18
-32
-2
-2
-20
8
29
59
54
-24
-34
56
8
-10
45
-19
-32
-19
-70
-46
-42
-20
10
-8
-36
-20
-16
-17
-23
-3
6
0
8
-4
-18
-4
-25
-23
-22
-43
-13
-4
-5
-66
-29
-67
-25
-26
-46
-57
-61
-3
-53
-25
-25
-50
-9
-3
14
-48
-43
-6
6
-32
-48
11
-53
-27
4
-70
-82
1
-14
-58
8
11
-18
-49
-13
18
-24
-10
-34
23
-11
-33
5
-9
0
-30
8
-9
-20
19
-17
-11
25
24
-24
0
17
2
37
26
3
32
10
-25
3
31
7
18
7
14
19
-13
-11
5
23
13
-20
-44
-45
-11
-14
-10
35
30
17
-19
-2
14
19
2
4
50
19
-29
1
8
-25
8
37
2
11
15
-28
-28
9
-5
-6
10
-20
9
43
-2
-17
24
42
45
59
69
40
56
73
62
48
8
8
21
29
31
13
12
-19
-34
-19
-6
12
25
1
-1
6
-13
-44
-21
45
78
90
46
4
4
-8
-21
21
63
32
3
13
-15
-78
-80
-39
-23
9
-4
-24
-46
-96
-80
-17
7
-23
3
78
39
-32
-56
-18
16
8
34
61
27
-90
-104
-31
-26
-57
-21
34
4
-42
-60
-45
-71
-67
33
77
31
-47
-23
11
-24
-17
39
93
61
46
43
26
32
-8
24
93
75
24
25
-17
-32
15
-7
16
55
4
0
30
-36
-60
6
16
22
26
-3
-39
-16
-2
-22
24
56
52
36
39
56
50
37
30
72
115
88
41
43
32
8
23
32
53
21
-30
29
82
2
-55
-10
66
77
35
9
25
29
27
16
-15
-10
31
35
3
4
31
27
-11
36
82
59
34
13
21
35
49
26
11
35
54
47
14
18
50
39
31
58
70
43
15
17
17
22
16
-10
-28
9
58
-2
-49
26
61
19
5
32
36
42
53
52
38
13
10
26
31
37
42
2
-33
1
32
-10
-49
-49
-39
-13
-5
-66
-99
-50
8
5
-21
-21
-19
-7
0
10
19
-16
-5
44
32
12
-22
-69
-42
24
26
1
-12
-48
-41
-6
-8
-16
-10
-5
8
36
12
7
7
-13
25
83
44
35
71
38
51
66
50
61
47
38
77
75
23
8
23
10
15
19
22
41
24
-16
-5
67
70
29
28
89
100
52
54
27
18
77
80
25
30
60
84
56
-55
-30
40
56
82
25
-37
48
90
48
13
-27
23
143
131
25
-34
-28
51
59
-10
-14
46
25
-12
-22
-47
-46
-21
36
37
-7
-21
-18
-43
-32
-91
-135
30
128
57
-117
-183
-10
91
83
16
-124
-11
136
65
-84
-165
-71
62
87
-14
-134
-114
-13
-5
-70
-166
-83
67
20
-47
-100
-62
6
10
6
-29
-13
32
36
13
-44
-35
-11
-8
-24
25
52
-24
-72
-115
-1
26
24
1
-76
-8
-4
20
9
-10
-37
-48
53
37
25
-47
-58
-15
15
76
29
2
-24
41
96
100
49
51
109
122
126
110
112
121
123
108
105
107
137
145
93
52
32
58
118
106
31
11
6
46
67
40
5
9
30
26
28
15
14
-5
-6
5
12
20
-12
-24
-12
7
5
-7
-16
-31
-24
-2
-1
-15
-16
-34
-16
13
21
-24
-32
-15
0
3
1
6
-11
-4
-1
17
-12
-8
1
-6
-3
-12
-2
-9
5
-1
-9
-16
17
26
10
-1
-13
6
20
23
19
12
14
14
9
15
12
13
14
19
2
3
14
11
13
2
1
17
18
9
8
-2
2
13
18
5
1
-7
9
4
3
-17
-17
-16
-17
-21
-25
-26
-33
-37
-41
-29
-36
-38
-44
-35
-36
-26
-21
-24
-38
-21
-18
-5
-5
0
14
9
16
25
50
33
42
40
47
72
66
62
43
52
56
78
69
61
44
45
56
47
65
58
56
34
41
58
68
43
40
20
47
58
58
36
10
-2
34
57
4
14
13
32
25
43
-17
3
-23
7
48
23
-5
-14
-4
-18
32
-25
-11
-20
-19
-28
24
-50
-45
-84
-35
10
-26
-34
-96
-71
-85
-35
-56
-53
-91
-60
-86
-22
-74
-75
-114
-86
-62
-44
-46
-98
-105
-109
-69
-72
-58
-82
-27
-62
-60
-64
-54
-61
-59
-59
-20
-32
-32
-70
-62
-75
-50
-37
-53
-73
-67
-59
-76
-82
-101
-68
-93
-123
-173
-135
-148
-126
-77
4
17
-22
-50
-8
87
153
190
148
130
176
260
282
232
163
160
247
317
289
182
83
76
134
171
132
49
-2
15
72
71
16
-51
-78
-16
53
53
6
-61
-56
26
90
83
39
31
80
139
164
143
95
115
153
157
143
130
104
71
75
40
47
35
8
9
-20
-29
-59
-33
-58
-88
-38
-50
-56
-82
-91
-117
-46
-6
-78
-109
-113
-79
-43
-12
-115
-120
-168
-82
-18
-15
-97
-179
-124
-19
58
-34
-136
-152
-54
13
42
-74
-112
-143
-57
-43
13
-74
-161
-131
-106
-34
-30
-70
-194
-156
-119
-34
-39
-109
-174
-187
-120
-32
-24
-113
-201
-220
-163
-117
-126
-121
-53
30
58
-3
-60
-24
110
254
287
210
154
182
279
321
272
178
160
251
347
343
202
51
8
87
184
183
72
-33
-43
12
62
43
-48
-110
-73
44
104
54
-56
-113
-75
29
91
57
-13
-33
15
69
60
27
11
67
136
137
82
32
31
72
141
126
90
56
71
93
88
61
15
22
38
58
52
23
-21
-11
-21
0
1
-20
-29
2
23
-26
-58
-59
-23
-36
17
6
-32
-46
-31
-26
5
-31
-60
-28
-12
37
-21
-90
-98
-6
-3
-23
-93
-75
-63
-22
-34
-80
-105
-75
-64
-38
-58
-80
-86
-125
-66
-76
-67
-105
-77
-107
-91
-98
-110
-129
-147
-133
-116
-123
-152
-180
-210
-217
-195
-145
-63
-10
-45
-108
-140
-69
64
162
162
104
71
132
230
277
240
163
130
193
287
321
246
102
17
46
145
195
128
15
-51
-24
51
72
-4
-73
-83
-29
45
70
15
-73
-100
-44
44
76
44
-10
-36
-7
35
55
20
-14
-5
61
115
103
49
-3
29
89
136
147
98
49
50
89
100
95
51
27
73
81
68
38
-30
-12
16
57
6
-14
-17
18
6
-49
-59
-40
25
-17
9
-61
-58
-25
-5
-24
-53
-23
-12
-15
-6
-6
-46
-54
-46
-16
27
-16
-56
-80
-34
-35
-49
-52
-95
-69
-95
-70
-89
-92
-148
-145
-111
-91
-108
-164
-171
-191
-156
-154
-165
-214
-232
-234
-228
-243
-228
-173
-77
-29
-67
-131
-130
-6
154
248
198
116
109
228
356
379
285
196
220
351
444
395
226
91
109
231
318
240
73
-48
-39
53
99
19
-103
-156
-98
-1
17
-71
-181
-191
-95
14
34
-31
-105
-99
-40
17
25
0
-25
3
56
84
58
11
30
119
213
234
181
113
118
196
258
237
154
119
144
178
150
63
-5
-22
40
71
33
-26
-86
-128
-67
24
6
-93
-152
-55
25
25
-63
-94
-48
-17
32
-21
-24
-46
-30
-15
-38
-61
-72
-28
-18
-58
-92
-125
-78
-48
-56
-137
-158
-145
-104
-92
-131
-172
-223
-183
-153
-146
-182
-192
-220
-202
-201
-197
-229
-291
-314
-310
-310
-290
-154
-15
-1
-148
-271
-189
93
348
381
224
83
152
384
569
529
340
243
366
592
657
457
171
63
215
440
485
281
-2
-122
-11
149
155
-12
-175
-194
-83
13
-47
-213
-325
-275
-130
-10
-34
-144
-219
-202
-114
-21
24
5
-16
-15
23
66
66
60
58
93
193
309
357
271
134
99
223
417
490
357
142
50
136
250
245
81
-77
-79
49
107
-8
-223
-343
-236
-27
124
-15
-232
-338
-171
77
129
-27
-187
-153
25
179
73
-102
-197
-79
97
167
21
-170
-182
-96
-41
-14
-72
-153
-219
-207
-111
-104
-163
-287
-287
-197
-125
-178
-248
-293
-303
-268
-209
-204
-284
-380
-415
-381
-302
-157
-41
-53
-197
-306
-192
125
381
375
194
88
212
479
640
572
380
327
499
730
751
495
205
142
341
552
527
254
-32
-105
25
158
114
-79
-234
-228
-119
-73
-154
-290
-358
-301
-168
-81
-124
-226
-298
-272
-166
-48
12
-6
-48
-56
-3
69
105
92
83
113
216
346
398
320
182
153
313
537
598
434
179
72
208
363
347
133
-74
-82
62
137
-28
-278
-385
-235
-3
54
-127
-365
-397
-205
39
90
-58
-213
-183
12
155
60
-95
-117
-16
105
130
32
-113
-128
-71
9
-2
-54
-157
-199
-197
-181
-139
-162
-228
-287
-290
-266
-212
-233
-299
-353
-340
-294
-281
-354
-464
-519
-400
-148
27
-77
-388
-509
-209
284
517
342
24
-25
278
631
733
540
338
389
663
847
723
406
221
338
570
653
475
172
-34
-17
139
218
120
-64
-204
-233
-180
-137
-156
-246
-321
-310
-220
-148
-175
-286
-367
-324
-160
-2
6
-132
-251
-201
-17
138
138
22
-51
35
194
330
335
269
193
230
396
536
533
366
216
199
347
465
377
146
-35
4
148
196
37
-208
-293
-166
9
-9
-196
-373
-352
-156
-5
-40
-194
-273
-191
-35
48
-10
-134
-154
-45
108
111
-32
-159
-149
-30
40
6
-88
-160
-194
-146
-92
-106
-190
-278
-318
-252
-162
-184
-324
-446
-419
-296
-259
-385
-560
-600
-420
-143
0
-174
-496
-557
-177
343
517
242
-91
-64
310
678
770
567
381
434
668
819
708
486
377
481
641
667
496
227
38
63
249
373
268
-29
-286
-310
-141
20
-12
-230
-426
-409
-228
-117
-212
-383
-429
-292
-108
-49
-174
-337
-342
-147
68
117
-11
-156
-165
13
209
310
306
227
156
165
311
479
554
448
288
231
315
427
358
185
66
124
228
177
-35
-245
-231
-52
79
-13
-234
-375
-323
-146
-43
-81
-188
-241
-200
-125
-83
-93
-122
-116
-71
-25
-37
-104
-178
-159
-76
7
-13
-149
-259
-264
-163
-77
-97
-217
-323
-338
-252
-207
-248
-339
-373
-332
-319
-400
-539
-580
-490
-263
-80
-134
-449
-664
-426
141
491
330
-67
-192
98
500
690
622
474
421
520
658
708
626
531
521
579
606
542
378
185
103
228
402
367
70
-257
-315
-113
95
85
-163
-423
-471
-311
-143
-143
-276
-386
-382
-290
-201
-194
-257
-294
-217
-79
-17
-92
-201
-214
-54
166
278
213
83
41
152
360
503
512
396
295
277
347
415
398
317
233
212
188
115
3
-64
-40
26
22
-108
-256
-308
-226
-96
-52
-120
-235
-276
-214
-118
-57
-76
-126
-153
-137
-100
-89
-103
-121
-113
-95
-98
-140
-208
-230
-171
-97
-110
-205
-324
-353
-275
-192
-200
-288
-356
-376
-375
-378
-408
-481
-528
-490
-298
-104
-169
-543
-740
-346
324
551
124
-324
-256
229
620
689
548
383
306
382
624
831
785
552
382
430
589
649
498
242
157
327
476
320
-22
-210
-88
126
174
-8
-292
-447
-380
-166
-13
-84
-325
-516
-502
-293
-83
-68
-258
-415
-355
-145
-40
-112
-213
-198
-50
73
136
110
80
74
163
349
493
468
295
200
289
489
571
440
225
136
225
309
268
125
-8
-47
-11
12
-46
-137
-202
-196
-122
-79
-124
-234
-267
-180
-61
-17
-98
-200
-208
-113
-16
-8
-90
-163
-170
-115
-57
-78
-163
-238
-232
-154
-104
-167
-297
-343
-294
-212
-225
-303
-390
-395
-337
-319
-390
-521
-562
-487
-240
-51
-189
-619
-761
-253
422
477
-58
-415
-171
356
629
611
484
329
208
338
730
993
789
376
234
453
710
731
501
242
194
345
428
277
42
-43
38
118
94
-37
-235
-362
-284
-65
30
-162
-456
-543
-367
-127
-41
-189
-424
-493
-310
-82
-28
-160
-305
-326
-167
13
144
120
-29
-116
28
370
520
370
113
134
381
608
559
294
155
224
392
414
281
94
-20
16
113
142
9
-168
-250
-157
-2
11
-155
-315
-277
-111
-4
-47
-180
-244
-191
-62
-9
-61
-137
-203
-163
-76
-28
-93
-200
-243
-188
-112
-110
-185
-286
-278
-241
-207
-237
-290
-348
-362
-331
-328
-396
-491
-511
-414
-168
-94
-349
-688
-548
68
463
194
-306
-352
73
488
597
536
407
216
159
474
933
986
563
218
321
643
791
671
441
270
271
371
420
325
154
42
34
87
91
-17
-192
-262
-152
-12
-80
-319
-450
-365
-187
-97
-165
-328
-452
-390
-182
-34
-70
-253
-376
-299
-63
87
157
52
-103
-143
91
431
524
311
72
105
333
579
539
330
168
173
271
333
312
188
36
-11
50
81
15
-94
-155
-113
-44
-76
-195
-241
-162
-73
-60
-120
-197
-206
-134
-41
-34
-91
-164
-199
-137
-36
-6
-103
-216
-236
-168
-83
-80
-172
-283
-300
-248
-184
-185
-270
-368
-385
-339
-326
-390
-459
-473
-349
-129
-145
-475
-702
-323
321
450
-61
-438
-199
304
551
539
489
325
97
182
710
1103
818
247
120
482
797
783
591
372
218
245
419
506
373
137
0
40
148
160
6
-178
-187
-57
-14
-161
-321
-318
-214
-144
-147
-223
-352
-406
-261
-66
-34
-203
-372
-363
-138
64
157
68
-133
-209
-31
368
561
383
35
-37
204
544
629
416
169
70
198
364
427
307
77
-59
19
164
172
31
-115
-135
-53
-3
-63
-152
-165
-105
-66
-86
-146
-189
-159
-66
-23
-71
-168
-227
-172
-51
6
-78
-219
-269
-195
-90
-56
-146
-261
-319
-282
-181
-142
-213
-351
-410
-353
-288
-334
-450
-495
-419
-200
-117
-341
-671
-570
52
470
158
-411
-420
79
498
541
460
323
85
48
484
1038
977
345
-4
296
749
833
643
418
223
163
329
566
530
224
-29
-19
157
236
128
-76
-175
-103
-21
-69
-189
-247
-232
-196
-166
-170
-257
-363
-312
-120
-39
-180
-363
-380
-203
13
61
12
-111
-165
-64
181
412
377
175
46
170
401
553
483
304
194
211
333
401
373
230
84
51
117
168
124
30
-48
-65
-43
-37
-63
-85
-95
-102
-115
-115
-121
-111
-89
-73
-102
-137
-149
-131
-82
-54
-78
-147
-186
-164
-102
-79
-106
-183
-245
-276
-234
-178
-170
-255
-354
-367
-341
-329
-403
-430
-378
-215
-147
-341
-608
-494
63
418
131
-372
-354
110
480
536
462
326
101
73
520
1026
935
333
20
331
752
813
627
436
246
165
336
595
564
229
-37
3
194
265
142
-52
-140
-103
-49
-77
-146
-185
-210
-216
-185
-162
-237
-323
-267
-109
-88
-238
-353
-303
-150
-26
41
-35
-172
-227
-28
301
403
209
-60
-9
289
525
492
274
121
123
291
440
441
244
34
19
164
291
211
24
-92
-56
42
61
-1
-91
-136
-100
-38
-20
-83
-143
-127
-64
-27
-72
-135
-138
-76
-33
-46
-102
-150
-152
-105
-59
-74
-151
-220
-223
-184
-141
-169
-239
-304
-308
-264
-247
-309
-421
-483
-428
-292
-115
-144
-468
-734
-389
312
474
-82
-548
-261
299
547
486
402
223
-14
146
771
1131
681
25
51
588
868
723
521
357
164
186
505
700
425
11
-62
151
301
220
34
-105
-128
-70
-35
-81
-166
-216
-226
-195
-156
-188
-299
-325
-186
-69
-153
-322
-352
-222
-83
-16
-94
-129
-123
-108
7
165
326
201
33
40
232
418
433
331
174
152
238
355
385
281
119
8
66
182
175
63
-49
-93
-58
4
17
-55
-131
-149
-116
-70
-59
-100
-132
-123
-92
-105
-115
-97
-105
-99
-87
-96
-131
-142
-121
-101
-110
-136
-163
-203
-202
-198
-177
-195
-243
-315
-304
-271
-305
-393
-461
-425
-339
-117
-110
-469
-774
-369
392
465
-182
-587
-195
353
498
447
417
206
-110
117
880
1185
567
-92
102
667
834
677
560
378
103
171
608
789
392
-48
-31
237
330
212
59
-66
-125
-86
-9
-21
-124
-220
-240
-185
-132
-178
-298
-294
-151
-88
-199
-332
-295
-183
-68
-37
-80
-106
-152
-101
62
308
307
90
-38
114
371
474
419
239
112
160
325
428
362
179
20
38
176
234
129
-21
-90
-72
-7
31
-14
-130
-180
-142
-72
-50
-110
-159
-154
-110
-93
-122
-114
-99
-107
-109
-102
-105
-129
-133
-113
-93
-107
-149
-196
-200
-172
-173
-175
-230
-284
-313
-268
-265
-352
-456
-469
-398
-213
-71
-317
-730
-693
53
531
123
-552
-515
100
470
463
413
289
-48
-105
533
1189
907
66
-134
439
854
758
577
461
189
47
397
812
623
52
-147
128
352
272
117
4
-104
-144
-52
30
-52
-214
-276
-222
-149
-160
-268
-319
-223
-120
-173
-315
-342
-238
-125
-50
-87
-195
-185
-101
50
154
205
138
31
107
294
401
376
290
214
222
308
380
335
248
173
122
150
190
156
69
8
-10
-21
-9
-6
-52
-108
-112
-96
-99
-110
-115
-120
-122
-132
-146
-137
-99
-91
-120
-116
-107
-119
-122
-99
-95
-124
-146
-128
-119
-161
-211
-228
-185
-188
-243
-281
-285
-314
-360
-389
-390
-389
-288
-142
-295
-612
-589
5
407
68
-469
-399
128
427
392
363
305
30
-9
529
1075
827
126
-1
490
805
710
582
496
234
86
428
801
597
70
-79
171
330
247
153
68
-94
-178
-65
64
-23
-199
-257
-209
-180
-206
-242
-250
-214
-193
-231
-310
-302
-225
-137
-107
-140
-256
-185
-2
30
93
62
125
120
120
279
305
307
302
222
256
300
283
292
237
214
148
75
162
152
89
40
-29
-41
-27
-10
-24
-88
-125
-118
-127
-95
-85
-127
-142
-150
-145
-118
-112
-106
-141
-150
-107
-123
-130
-109
-115
-123
-137
-150
-149
-176
-180
-181
-189
-203
-268
-282
-243
-252
-318
-387
-419
-395
-288
-109
-175
-513
-641
-205
346
263
-284
-450
-48
350
416
372
341
109
-45
341
927
921
294
-30
334
729
732
592
484
292
106
319
716
657
181
-87
106
313
272
164
84
-57
-161
-76
61
10
-174
-252
-208
-175
-199
-219
-234
-232
-219
-226
-274
-292
-250
-162
-115
-148
-244
-219
-7
30
29
23
101
163
128
201
309
312
300
280
250
312
308
294
302
242
160
98
152
199
138
32
-22
-32
-20
15
-7
-81
-142
-141
-130
-96
-78
-132
-181
-171
-147
-126
-116
-130
-150
-168
-139
-112
-131
-145
-151
-139
-119
-134
-175
-195
-189
-169
-179
-212
-255
-293
-266
-262
-295
-373
-435
-424
-303
-99
-173
-531
-683
-216
345
247
-324
-484
-56
340
396
338
304
84
-66
327
929
889
229
-83
329
759
732
547
438
271
129
350
732
660
166
-87
123
372
333
179
60
-64
-128
-27
104
38
-160
-264
-217
-141
-132
-181
-232
-241
-220
-211
-250
-263
-225
-164
-152
-179
-244
-196
15
11
-10
13
53
124
148
218
292
262
245
256
265
343
318
269
268
215
177
163
193
187
101
24
9
20
33
18
-32
-80
-111
-88
-70
-74
-85
-142
-163
-125
-118
-116
-119
-139
-151
-149
-117
-102
-139
-137
-138
-119
-100
-139
-168
-161
-166
-185
-202
-192
-212
-266
-279
-278
-289
-323
-400
-424
-347
-156
-116
-412
-643
-347
203
275
-161
-423
-156
218
374
361
291
139
5
235
723
857
429
32
190
586
729
619
441
243
163
323
591
589
273
18
35
219
331
265
66
-113
-116
6
60
-3
-95
-190
-250
-205
-106
-111
-223
-275
-229
-201
-225
-240
-223
-201
-178
-168
-168
-168
-102
-33
-20
38
120
87
48
136
298
357
258
178
189
275
368
368
275
167
106
163
263
269
148
-8
-40
50
127
107
-13
-117
-117
-57
5
-5
-81
-155
-168
-108
-55
-81
-131
-154
-153
-119
-89
-91
-129
-155
-134
-103
-102
-118
-146
-161
-151
-163
-169
-173
-202
-225
-248
-234
-246
-310
-374
-385
-348
-227
-105
-258
-538
-521
-20
307
63
-320
-304
38
311
410
364
183
-8
143
563
801
593
216
149
371
623
723
597
295
112
270
572
610
353
140
90
137
246
343
238
-47
-176
-24
121
45
-86
-140
-185
-227
-161
-65
-147
-291
-287
-201
-206
-262
-246
-217
-244
-216
-189
-219
-227
-19
13
-88
-65
-4
159
199
228
212
133
171
327
372
343
236
148
223
273
295
225
105
48
62
144
138
36
-50
-60
-45
-1
-19
-81
-137
-153
-92
-79
-110
-138
-178
-173
-123
-115
-126
-164
-167
-130
-139
-131
-126
-147
-140
-154
-156
-144
-189
-196
-178
-182
-216
-265
-253
-224
-267
-322
-361
-378
-354
-230
-95
-278
-594
-498
30
289
-26
-383
-272
52
270
380
338
113
-67
148
612
762
467
156
167
383
601
701
565
226
83
334
616
547
270
133
120
142
238
335
197
-97
-165
40
132
-21
-131
-117
-162
-221
-148
-80
-183
-309
-244
-153
-222
-296
-246
-196
-225
-219
-201
-227
-252
-75
39
-106
-147
-18
136
191
160
160
151
167
311
377
295
200
177
246
294
263
209
115
59
94
155
131
18
-57
-23
-3
-13
-31
-74
-111
-125
-93
-77
-121
-167
-174
-155
-120
-129
-175
-178
-156
-149
-157
-152
-136
-165
-176
-152
-148
-156
-182
-199
-181
-188
-215
-228
-238
-247
-268
-276
-282
-342
-376
-377
-237
-105
-285
-548
-452
6
218
-64
-351
-235
18
216
327
305
113
-73
147
577
686
401
142
181
372
534
618
518
222
75
280
564
524
252
106
113
156
221
275
181
-35
-122
-3
85
8
-68
-110
-171
-209
-153
-91
-168
-253
-238
-217
-257
-259
-222
-218
-236
-203
-202
-242
-195
-101
-32
-28
-41
-55
8
118
226
224
147
124
178
288
334
291
180
125
164
251
274
177
61
23
69
104
106
55
-46
-107
-56
13
1
-77
-148
-152
-119
-88
-88
-122
-164
-175
-158
-120
-112
-150
-172
-153
-129
-135
-146
-143
-138
-147
-162
-165
-166
-178
-183
-178
-187
-221
-237
-223
-208
-224
-262
-311
-322
-339
-259
-103
-168
-424
-482
-96
208
42
-247
-207
5
161
274
332
216
-3
93
466
648
447
198
204
355
468
538
505
288
115
219
451
469
257
116
102
120
179
236
161
-20
-104
-17
58
8
-69
-121
-162
-189
-153
-108
-170
-262
-273
-227
-223
-262
-266
-251
-251
-256
-250
-237
-173
-96
-94
-95
-93
-10
107
171
165
107
113
203
296
314
244
156
151
218
277
245
142
56
52
117
157
109
-5
-75
-38
17
28
-34
-114
-156
-131
-70
-52
-113
-192
-207
-153
-99
-115
-168
-198
-183
-143
-122
-113
-135
-179
-190
-142
-84
-113
-167
-199
-172
-147
-140
-144
-173
-207
-217
-196
-171
-192
-253
-278
-269
-290
-224
-105
-179
-381
-380
-50
151
-6
-207
-148
18
143
247
292
165
2
133
447
552
352
189
229
323
391
464
436
232
109
225
397
367
208
119
96
104
167
212
129
-18
-70
-7
43
15
-44
-104
-157
-180
-142
-102
-145
-226
-265
-239
-198
-217
-221
-216
-214
-206
-182
-134
-121
-92
-45
-7
-4
10
55
103
122
131
122
117
136
167
184
150
116
102
111
124
114
89
49
29
30
41
35
-2
-36
-63
-68
-65
-56
-96
-121
-100
-91
-116
-152
-131
-122
-127
-163
-154
-147
-137
-138
-169
-167
-158
-132
-122
-122
-141
-170
-151
-112
-92
-122
-166
-192
-164
-133
-142
-178
-209
-211
-214
-198
-197
-226
-267
-260
-164
-122
-183
-243
-149
-4
48
11
-9
40
115
208
263
238
187
209
281
324
312
284
242
201
221
272
269
198
138
136
156
156
139
107
52
14
34
64
43
-16
-52
-50
-49
-58
-72
-87
-109
-130
-137
-116
-116
-135
-148
-154
-137
-133
-106
-88
-90
-75
-68
-19
33
41
31
31
66
112
126
112
84
61
89
122
118
60
3
4
26
57
44
-9
-55
-46
-7
21
2
-48
-69
-58
-26
-14
-28
-64
-89
-75
-44
-46
-76
-102
-104
-93
-84
-74
-90
-113
-117
-108
-99
-97
-112
-128
-132
-125
-119
-121
-141
-150
-149
-144
-146
-153
-156
-156
-163
-175
-170
-149
-159
-175
-178
-174
-165
-155
-154
-164
-171
-165
-106
-78
-84
-108
-68
2
44
57
53
57
86
159
200
198
159
166
202
234
251
224
193
170
183
221
222
168
122
116
128
128
109
86
37
3
8
29
5
-48
-87
-93
-82
-87
-92
-105
-138
-157
-143
-103
-94
-129
-136
-105
-75
-46
-38
-31
-16
3
32
55
62
67
64
77
96
90
91
72
59
54
53
58
37
10
0
6
5
-5
-19
-38
-48
-41
-24
-28
-57
-72
-67
-62
-56
-64
-77
-100
-98
-73
-61
-74
-93
-87
-79
-80
-68
-54
-70
-87
-86
-66
-60
-84
-90
-82
-87
-96
-101
-94
-95
-110
-118
-116
-116
-111
-108
-120
-126
-127
-115
-104
-100
-102
-106
-107
-95
-81
-76
-75
-84
-84
-80
-68
-66
-58
-52
-56
-64
-40
-4
0
18
58
46
16
71
178
187
108
81
119
173
218
197
108
58
85
149
167
107
5
-39
16
72
52
-12
-69
-92
-57
-7
-19
-84
-124
-108
-78
-57
-53
-73
-91
-75
-43
-18
14
19
-3
3
30
63
74
71
43
26
44
80
78
44
6
-15
21
46
33
-12
-44
-48
-15
16
-10
-57
-81
-61
-30
-33
-57
-85
-102
-90
-67
-65
-77
-98
-101
-85
-74
-69
-77
-81
-85
-79
-61
-56
-71
-88
-83
-64
-63
-71
-86
-92
-96
-95
-83
-82
-92
-109
-112
-97
-77
-75
-95
-104
-98
-83
-67
-59
-73
-90
-94
-72
-45
-50
-67
-83
-87
-64
-38
-36
-59
-77
-68
-51
-25
-27
-58
-83
-69
-42
-32
-49
-65
-73
-65
-44
-38
-46
-65
-66
-31
-13
-17
-30
-33
-19
-8
4
5
-5
-15
-9
-1
2
12
10
-4
-14
-1
14
14
8
8
16
20
28
32
38
36
46
48
34
44
53
59
52
33
33
36
40
45
27
12
13
18
26
16
12
-2
-12
-5
8
-1
-14
-26
-27
-20
-18
-27
-41
-50
-57
-51
-55
-63
-66
-68
-74
-74
-71
-67
-73
-77
-86
-90
-81
-80
-84
-89
-92
-92
-84
-82
-85
-94
-96
-91
-82
-74
-74
-81
-89
-75
-65
-63
-62
-60
-52
-56
-59
-46
-33
-31
-40
-51
-35
-21
-24
-37
-42
-34
-36
-30
-32
-43
-54
-44
-36
-51
-53
-45
-34
-35
-42
-36
-40
-44
-44
-37
-41
-44
-54
-60
-54
-63
-62
-71
-71
-68
-75
-81
-81
-78
-75
-75
-76
-62
-61
-59
-58
-56
-39
-20
-15
-22
-24
-7
7
18
23
23
20
27
42
47
51
35
36
42
45
50
47
43
34
23
29
43
33
22
12
13
12
16
17
11
-5
-15
-5
0
-3
-9
-24
-29
-25
-18
-16
-27
-43
-43
-45
-40
-40
-53
-60
-59
-55
-57
-63
-70
-74
-80
-73
-74
-72
-84
-86
-77
-73
-74
-76
-75
-75
-68
-57
-49
-55
-56
-52
-39
-31
-38
-36
-40
-38
-29
-24
-26
-36
-35
-30
-28
-28
-34
-33
-27
-22
-21
-22
-22
-33
-34
-21
-8
-25
-37
-33
-26
-29
-29
-31
-39
-44
-52
-52
-46
-48
-59
-65
-66
-63
-73
-72
-71
-77
-81
-71
-57
-69
-77
-69
-56
-61
-57
-52
-38
-40
-39
-29
-23
-15
-21
-15
-12
-19
-21
-16
-10
-10
-18
-23
-18
-16
-11
-11
-1
-1
-4
0
11
16
10
11
8
21
21
20
17
18
16
13
24
24
21
16
8
6
16
17
6
-6
-10
-11
-5
-7
-16
-26
-32
-28
-24
-25
-34
-43
-43
-34
-27
-26
-33
-42
-38
-28
-18
-24
-32
-24
-19
-20
-17
-12
-10
-16
-21
-18
-15
-10
-17
-24
-29
-26
-26
-26
-32
-35
-37
-38
-38
-30
-26
-32
-33
-35
-17
-11
-7
-22
-25
-32
-29
-14
-17
-28
-39
-33
-29
-22
-16
-21
-32
-26
-21
-15
-21
-31
-38
-31
-23
-31
-37
-41
-35
-36
-29
-26
-29
-34
-29
-21
-24
-27
-32
-33
-27
-20
-27
-32
-35
-34
-24
-19
-27
-39
-40
-32
-23
-28
-38
-43
-42
-35
-35
-34
-33
-35
-34
-26
-17
-13
-19
-24
-19
-12
-8
-9
-11
-13
-6
-1
4
2
-2
0
-1
-4
3
-2
-1
-5
-8
-10
-11
-11
-17
-17
-23
-29
-30
-28
-21
-22
-26
-22
-19
-9
-7
-12
-20
-20
-20
-14
-8
-20
-25
-28
-25
-20
-15
-21
-30
-29
-28
-25
-21
-32
-38
-35
-35
-27
-20
-24
-29
-30
-30
-20
-22
-27
-29
-29
-24
-21
-19
-28
-32
-28
-21
-27
-28
-29
-32
-25
-25
-21
-28
-29
-22
-15
-13
-20
-23
-25
-18
-14
-16
-21
-16
-7
-7
-8
-10
-8
-5
-3
-5
-10
-11
-18
-15
-14
-13
-13
-26
-28
-20
-10
-12
-23
-28
-22
-18
-16
-16
-12
-22
-24
-16
-9
-10
-14
-13
-7
-4
-7
-2
-1
-2
-6
3
8
1
-8
-5
1
-1
-7
-10
-13
-17
-15
-11
-10
-21
-18
-15
-18
-18
-23
-15
-15
-14
-12
-14
-6
-7
-4
-1
0
3
4
3
3
7
11
7
-2
5
6
10
9
0
-6
-5
3
-4
-5
-9
-10
-9
-11
-12
-10
-9
-10
-12
-14
-15
-16
-13
-13
-16
-27
-24
-16
-14
-20
-31
-31
-26
-19
-12
-15
-25
-27
-23
-12
-5
-12
-20
-26
-23
-11
-7
-16
-26
-28
-23
-13
-14
-23
-28
-26
-26
-25
-19
-19
-29
-34
-24
-19
-19
-25
-26
-25
-23
-22
-18
-19
-27
-27
-17
-8
-6
-13
-17
-9
-8
-4
-4
-1
0
-5
-5
-1
-7
-3
-9
-8
-9
-17
-15
-18
-13
-19
-21
-24
-24
-18
-20
-22
-24
-29
-22
-18
-17
-21
-25
-21
-18
-15
-12
-10
-6
-6
-9
2
12
5
4
4
6
6
7
10
3
-1
-1
0
6
6
-4
-2
-4
-6
2
5
-1
-7
-8
-5
-7
-12
-19
-10
-11
-10
-7
-15
-18
-18
-11
-8
-7
-7
-13
-14
-10
-8
-4
-9
-8
-5
-8
-9
-2
3
3
-3
-5
-3
5
8
4
4
7
-1
-4
-2
0
-3
-13
-21
-17
-14
-17
-23
-24
-24
-32
-25
-19
-16
-21
-28
-26
-21
-20
-14
-12
-10
-19
-13
-5
-6
1
-4
-6
-6
-2
-9
-3
1
-1
-8
-7
-4
-5
-11
-12
-12
-13
-12
-15
-18
-27
-23
-23
-21
-26
-30
-33
-33
-30
-27
-28
-30
-31
-33
-25
-24
-20
-21
-19
-18
-14
-12
-7
-8
-6
-5
0
1
-1
0
-5
-6
-5
-7
-7
-3
-6
-14
-13
-11
-14
-17
-17
-20
-22
-23
-25
-16
-16
-22
-22
-26
-19
-16
-18
-19
-21
-21
-22
-17
-15
-18
-18
-16
-18
-20
-18
-15
-12
-12
-12
-12
-12
-7
-7
-2
2
-9
-7
-5
-2
4
2
-2
-2
-4
1
2
-4
-7
-12
-14
-18
-15
-20
-21
-20
-22
-15
-11
-15
-20
-20
-13
-7
-9
-9
-8
-5
-2
-1
7
2
-3
-4
8
14
8
7
1
4
10
10
12
3
-5
-4
2
8
2
0
3
-3
-6
-7
-10
-17
-22
-18
-11
-17
-21
-21
-19
-15
-17
-16
-14
-10
-11
-7
-6
-6
-7
0
0
-3
3
2
1
-4
-2
3
3
-5
-10
-8
-6
-6
-10
-17
-15
-19
-19
-23
-24
-23
-25
-23
-24
-21
-21
-25
-18
-16
-17
-19
-20
-16
-17
-14
-14
-13
-13
-11
-7
-1
-1
-3
-3
-3
3
5
5
2
2
-2
4
7
4
5
2
-3
0
6
2
-1
-8
-11
-8
-7
-7
-9
-13
-15
-20
-10
-9
-12
-15
-13
-8
-13
-10
-5
4
3
1
1
5
9
6
9
8
10
7
7
11
8
7
8
5
5
5
4
4
7
3
1
3
1
4
-1
-2
-4
-4
-1
-7
-8
-3
-4
-6
-4
1
2
-1
-6
0
4
7
4
7
6
14
17
14
20
14
11
17
20
15
17
12
5
16
19
10
5
6
1
1
0
1
-5
-5
-4
-6
-6
-5
-4
-6
-5
-10
-7
-7
-6
-2
-4
-3
-5
-3
0
1
-1
-2
-7
-5
-6
-5
-6
-9
-7
-7
-9
-12
-10
-8
-8
-10
-10
-10
-15
-17
-15
-14
-14
-19
-23
-23
-23
-23
-23
-22
-24
-22
-23
-20
-19
-21
-18
-19
-15
-13
-8
-7
-4
-1
-7
-7
-3
0
3
3
1
2
4
1
5
0
-3
-5
-7
0
-9
-12
-8
-11
-11
-14
-11
-12
-16
-14
-14
-11
-9
-9
-13
-14
-13
-10
-6
-12
-13
-11
0
-2
-4
-5
-4
4
2
4
7
6
3
4
5
6
1
2
2
2
1
3
1
-1
-3
-5
-2
-4
-4
-5
-5
-6
-8
-12
-13
-11
-20
-20
-18
-21
-13
-13
-16
-16
-18
-9
-5
-6
-5
-6
-3
2
5
3
6
4
4
8
9
9
12
16
14
11
15
12
12
8
9
10
10
5
3
7
4
3
1
-5
-5
-1
-4
-3
-3
-8
-10
-6
-4
-6
-6
-8
-6
-3
-2
2
2
0
0
5
7
6
3
-3
-1
7
2
-4
-3
-3
1
-2
-5
-5
-5
-9
-8
-8
-6
-10
-12
-12
-7
-5
-11
-10
-9
-7
-5
-7
-12
-4
-3
-3
-3
-3
1
-3
3
4
4
1
1
1
3
1
4
2
3
8
3
3
1
-2
0
-2
-5
-6
-7
-6
-3
-6
-6
-3
-4
-2
-5
-5
-5
-9
-8
-7
-11
-12
-16
-18
-13
-14
-11
-10
-13
-12
-12
-7
-10
-8
-10
-8
-8
-7
-9
-12
-4
-8
-10
-8
-11
-10
-13
-10
-2
-3
-4
-3
-5
-8
-4
-6
-4
-7
-3
-2
-2
3
2
-2
-1
2
9
8
6
5
10
14
14
14
10
13
15
18
20
20
18
18
18
17
19
18
14
13
13
17
16
18
12
10
9
9
12
8
5
0
2
2
1
6
6
2
2
0
5
7
8
3
6
12
11
16
19
18
21
20
18
18
20
20
15
20
18
15
17
10
11
1
2
3
0
2
-3
-4
-6
-2
2
-2
-5
-3
-6
-6
-4
-1
-3
-9
-13
-13
-9
-9
-8
-7
-6
-6
-6
-7
-8
-9
-7
-7
-15
-9
-7
-8
-9
-7
-5
-3
-4
-9
-5
-6
-12
-12
-10
-12
-13
-10
-8
-8
-8
-10
-7
-2
-5
-7
-4
-6
-3
3
3
2
3
4
5
9
14
11
9
9
10
16
13
13
15
13
16
16
16
10
8
10
11
8
4
5
2
3
2
1
1
-2
2
6
5
6
8
13
14
11
12
13
15
15
17
13
13
14
19
22
18
16
21
28
30
29
28
32
30
32
30
36
36
32
36
37
31
28
29
30
32
25
27
33
27
26
26
31
27
31
30
26
28
23
25
18
19
16
13
13
13
16
16
16
18
17
18
13
13
10
9
11
9
7
12
11
6
6
8
10
9
5
5
1
2
-1
1
4
-1
-3
0
1
1
3
-1
1
0
2
6
4
1
5
4
6
6
10
14
11
10
8
16
18
15
12
12
14
9
8
10
10
9
7
10
12
9
5
2
1
4
5
1
-1
-1
0
-1
4
6
5
8
8
8
14
13
17
20
22
25
22
30
30
26
27
29
30
29
28
26
28
24
26
28
24
26
26
27
28
24
27
29
28
27
24
28
28
27
