3
9
4
3
6
2
0
1
0
0
5
1
0
-3
1
3
3
1
5
4
-3
2
1
-2
0
0
-7
-11
-9
-10
-11
-14
-16
-17
-19
-18
-19
-14
-11
-10
-10
-8
-5
-2
-4
-3
-1
2
-1
-4
-1
-4
-1
-1
1
0
-6
0
-4
-6
-3
-11
-11
-11
-5
-3
-6
-4
-4
2
3
4
5
6
5
9
14
7
9
10
11
6
5
7
3
2
1
-2
-3
-1
0
3
4
3
5
8
8
7
10
8
7
9
11
10
13
14
11
11
12
12
17
13
9
9
9
10
8
3
1
6
2
2
1
3
6
12
6
9
8
3
5
7
6
-1
-1
-1
-3
-1
-1
-2
-3
-5
-6
-6
-2
-2
3
5
2
5
3
7
9
7
7
10
11
11
10
10
9
6
5
4
4
5
7
10
10
8
12
10
13
12
10
14
7
4
1
1
0
3
1
0
-3
-6
-4
-5
-3
0
-1
-5
-5
-7
-4
-7
-6
-4
-7
-9
-10
-7
-9
-6
-11
-12
-11
-12
-12
-18
-16
-17
-16
-18
-20
-15
-17
-14
-18
-15
-10
-10
-9
-8
-3
0
-3
-1
1
3
4
7
0
2
3
1
-1
-6
-4
-3
-4
-5
-3
-5
-1
2
3
0
-3
0
-2
1
2
1
-1
-2
-2
-2
-3
-7
-11
-9
-12
-9
-12
-11
-10
-5
-4
-9
-6
-6
-2
-8
-5
0
-2
0
1
4
3
5
5
4
5
4
5
6
0
0
1
-2
-4
-5
-4
-5
-3
-4
0
0
-3
-4
1
3
3
5
4
4
3
0
-1
-3
-4
-1
1
-3
-2
0
1
2
4
7
9
9
14
16
11
11
15
17
14
19
15
12
14
14
16
12
13
16
11
12
15
14
15
20
18
16
13
18
20
19
25
24
21
12
15
12
13
12
7
14
14
9
8
11
11
6
6
5
2
-2
-1
-7
-10
-8
-9
-6
-5
-7
-6
-7
-4
-8
-3
-5
-5
-3
-6
-2
-7
0
-3
-8
-7
-13
-10
-10
-14
-19
-21
-19
-22
-17
-21
-21
-22
-21
-18
-21
-15
-21
-20
-18
-19
-23
-17
-17
-8
-12
-13
-10
-13
-12
-14
-11
-14
-11
-8
-9
-6
-4
-2
-3
-5
-1
-4
-9
-2
-4
-4
-1
0
8
7
5
5
-1
-5
-1
-1
3
3
1
3
4
1
4
4
6
3
4
1
0
6
5
4
0
-1
2
1
-2
-1
0
3
5
7
0
2
3
4
2
2
3
1
5
4
5
5
7
6
3
1
0
6
5
6
7
6
9
11
9
17
15
17
21
20
19
18
23
19
22
18
20
18
15
19
18
17
16
17
18
17
19
21
18
18
19
23
17
15
15
12
12
7
8
8
11
11
8
10
8
5
9
5
3
7
7
7
2
1
3
0
-1
0
-1
1
1
4
6
8
7
10
10
10
9
10
9
11
12
16
9
11
12
9
11
13
12
8
14
11
11
11
9
6
8
10
13
12
13
15
13
11
11
11
14
12
14
12
11
13
10
10
8
10
9
8
6
8
8
12
14
14
14
9
13
11
13
11
12
7
5
11
7
11
5
4
6
6
7
4
10
8
7
5
7
4
3
5
-1
3
0
3
3
4
6
8
9
5
8
10
10
12
16
18
18
14
17
17
18
21
14
15
17
21
20
18
16
15
11
12
16
15
15
15
12
13
15
16
16
14
18
16
17
16
14
16
16
16
13
15
13
15
12
16
16
17
22
17
19
18
22
15
14
10
8
15
14
18
15
17
21
21
25
20
21
25
22
23
22
26
25
27
25
26
26
27
26
23
19
20
23
16
21
24
22
19
19
19
25
23
18
22
12
18
20
15
9
13
11
11
14
15
15
13
10
7
11
15
13
12
15
16
17
15
19
17
22
20
18
19
13
24
22
24
24
23
29
28
28
26
26
30
26
28
29
27
25
22
19
25
22
28
29
26
26
26
28
33
28
29
34
34
30
29
25
23
21
21
19
13
14
16
14
17
19
17
15
17
22
21
21
20
19
19
20
17
22
26
21
17
20
19
22
22
24
22
21
22
24
25
26
25
24
25
26
27
28
30
27
27
23
27
35
28
33
33
26
26
31
32
33
35
35
35
35
37
37
41
39
39
40
38
43
39
36
37
39
35
37
36
36
38
36
36
36
35
37
37
38
40
40
40
40
36
35
37
31
32
31
29
31
26
27
26
30
29
27
26
32
28
27
28
31
36
32
32
29
32
30
30
26
24
25
19
22
20
18
15
14
18
17
22
15
17
16
13
18
12
18
13
16
17
16
21
23
22
18
21
19
18
24
23
20
16
17
17
17
18
16
17
17
19
19
24
21
18
19
20
20
18
17
15
11
9
7
14
13
8
8
5
5
8
3
1
2
6
8
2
7
11
8
7
11
11
6
12
11
4
7
12
11
5
12
13
12
11
7
13
15
14
13
15
12
10
14
7
12
17
14
14
15
18
20
15
19
17
16
20
18
18
18
17
20
16
19
19
17
19
16
14
15
17
19
21
24
26
24
24
26
29
30
27
28
28
28
26
28
29
24
28
32
32
31
33
26
28
28
29
31
29
31
29
24
25
28
28
26
18
19
16
14
17
17
19
21
21
18
22
22
21
22
22
18
20
20
20
20
20
21
19
19
21
26
23
21
21
25
24
23
22
24
28
26
25
24
25
25
27
26
27
26
23
26
23
20
20
20
24
21
20
26
21
22
18
20
22
18
17
19
15
16
13
15
15
7
10
9
4
5
4
5
2
4
4
1
1
0
3
2
2
1
2
-3
-1
6
3
4
8
6
7
11
6
2
3
4
5
6
6
3
2
2
0
-3
1
5
6
2
4
3
1
3
1
7
7
8
8
8
3
2
5
5
8
7
4
5
5
3
2
7
7
9
11
7
10
10
12
10
12
13
14
16
15
14
14
11
7
12
14
14
13
16
24
24
25
23
23
20
21
22
28
24
28
24
26
24
20
22
22
23
24
28
25
22
26
27
29
25
27
36
33
29
31
27
28
26
24
28
23
24
27
26
28
29
26
32
30
24
22
22
24
20
20
15
18
16
15
19
17
17
16
15
12
13
12
11
6
6
8
4
9
7
8
5
8
3
6
4
6
7
4
10
13
11
5
7
7
5
6
8
7
2
-1
-1
3
0
-4
-1
-5
0
-2
1
2
0
3
-3
-3
-2
3
4
7
4
2
-3
1
3
2
8
9
10
6
12
7
9
7
4
7
7
5
9
11
7
11
15
11
9
11
9
9
11
11
11
8
10
9
7
11
10
11
10
10
12
12
15
14
15
18
20
14
16
19
19
18
18
21
18
18
19
20
15
19
18
16
17
21
21
20
18
17
19
19
19
19
20
21
20
18
20
21
24
17
21
22
23
21
20
22
27
25
25
28
30
29
25
27
21
20
22
22
24
23
21
20
19
16
20
16
14
7
9
9
12
19
15
15
14
18
21
21
20
18
11
15
17
18
18
15
15
8
8
3
7
6
6
7
7
3
7
16
11
13
14
13
13
19
19
20
17
15
20
18
18
14
16
15
12
13
16
17
17
15
13
18
14
13
12
15
11
19
11
10
14
10
12
12
12
10
11
9
11
9
9
4
1
9
8
4
5
6
9
3
9
7
8
6
-1
3
1
2
2
3
1
1
-1
-1
1
0
3
3
-3
4
2
0
3
2
5
4
3
3
1
4
1
1
2
2
3
2
4
8
9
11
12
9
15
16
18
22
23
21
19
22
24
24
24
23
18
18
18
15
18
19
16
22
24
21
24
24
23
25
22
22
25
28
30
25
25
28
23
24
23
19
17
18
15
16
18
19
21
17
17
19
23
20
23
22
17
19
21
26
23
17
14
17
14
13
15
12
12
15
15
10
14
14
11
8
7
7
3
3
2
3
0
-8
-9
-6
-5
-3
-2
-1
-3
-3
-5
-6
-3
-1
-4
-3
-3
-5
-4
-7
-9
-4
-7
-6
-3
-4
-1
-2
-4
-3
0
5
4
4
8
10
10
11
11
9
6
5
2
5
4
5
2
0
-2
-6
-6
-7
-11
-13
-15
-14
-16
-20
-23
-18
-8
-8
-4
-3
-5
-2
1
1
0
-2
-1
1
-1
3
2
0
1
-1
0
4
3
3
8
13
8
12
12
9
11
9
8
11
9
5
6
6
5
13
12
10
12
14
18
17
21
22
26
22
21
24
22
17
12
8
10
12
15
11
11
9
7
10
10
8
11
9
8
15
10
13
16
14
14
14
12
11
13
12
9
10
10
9
9
6
1
3
5
-3
-8
0
-5
-4
-3
-3
0
-4
-1
-3
-3
-2
-1
0
-6
-5
-4
-5
-6
-9
-11
-12
-20
-17
-16
-20
-16
-14
-17
-23
-23
-14
-14
-18
-13
-11
-11
-14
-11
-9
-14
-16
-15
-13
-13
-10
-8
-6
-5
-1
0
3
7
9
8
8
10
9
8
9
12
10
13
13
18
22
22
22
22
26
31
29
30
30
26
28
30
29
28
30
31
34
31
32
32
33
32
29
25
21
23
23
19
17
17
14
11
11
8
9
4
1
4
3
1
2
1
-1
1
-4
-6
-7
-7
-9
-14
-15
-11
-11
-11
-13
-13
-14
-17
-11
-12
-13
-12
-15
-17
-19
-18
-19
-22
-26
-27
-27
-28
-31
-31
-34
-39
-37
-39
-37
-39
-33
-29
-26
-25
-27
-28
-26
-21
-21
-22
-26
-18
-19
-22
-16
-21
-19
-23
-26
-20
-24
-20
-17
-16
-16
-16
-15
-15
-13
-11
-5
-3
2
4
6
5
7
14
18
21
24
36
41
47
55
62
69
68
72
75
78
80
83
87
83
84
85
82
77
74
78
74
69
68
64
61
59
54
51
44
39
35
29
28
23
18
15
16
13
11
6
4
3
-4
-5
-9
-17
-20
-22
-28
-29
-32
-31
-39
-42
-42
-44
-47
-52
-54
-59
-59
-55
-58
-57
-56
-58
-59
-60
-68
-57
-55
-57
-62
-61
-52
-56
-54
-55
-50
-49
-50
-51
-48
-47
-49
-43
-45
-41
-38
-38
-36
-37
-34
-31
-32
-24
-20
-21
-25
-27
-26
-24
-20
-24
-28
-31
-29
-34
-32
-29
-27
-23
-14
-6
8
26
40
57
71
85
99
110
122
125
133
134
130
127
117
116
110
101
98
94
92
91
87
91
88
83
83
75
66
61
57
50
38
30
26
19
16
15
14
15
15
14
15
21
22
23
21
17
15
11
11
9
4
2
-3
1
6
8
10
11
13
14
13
18
21
18
15
14
10
2
2
2
2
0
-5
-5
-5
0
3
8
7
5
7
-1
-3
-4
-7
-9
-9
-14
-17
-16
-17
-19
-19
-19
-22
-20
-19
-22
-20
-25
-28
-31
-34
-39
-38
-41
-48
-43
-48
-46
-47
-48
-48
-53
-56
-58
-60
-61
-61
-62
-64
-64
-62
-58
-55
-55
-56
-56
-55
-56
-55
-51
-53
-52
-49
-53
-53
-54
-56
-55
-52
-47
-53
-46
-37
-27
-9
6
22
37
50
64
78
93
102
108
111
116
119
116
109
109
110
104
101
101
100
99
98
96
90
85
83
78
70
62
57
51
44
34
26
24
23
17
16
15
15
19
21
24
24
24
24
25
21
16
18
16
7
5
5
5
4
-2
3
0
-3
-4
0
3
-3
-4
-9
-7
-5
-10
-9
-18
-16
-21
-22
-26
-27
-25
-29
-28
-34
-35
-40
-37
-41
-42
-36
-34
-40
-37
-34
-42
-41
-45
-46
-51
-52
-51
-48
-48
-55
-52
-56
-59
-63
-66
-66
-72
-78
-81
-80
-84
-83
-84
-80
-78
-78
-78
-76
-80
-82
-81
-82
-84
-86
-90
-99
-100
-93
-84
-67
-49
-28
-6
10
30
56
93
113
129
141
150
143
135
147
150
138
121
116
114
107
110
123
124
110
106
107
96
92
93
85
69
43
39
27
17
13
12
8
-6
-18
-11
-4
-6
-7
-10
-10
-15
-19
-22
-21
-28
-39
-46
-52
-52
-46
-37
-26
-21
-10
-4
8
25
36
50
58
56
60
57
58
54
50
49
45
34
27
33
32
34
32
36
38
39
42
45
39
34
28
19
12
7
-2
-6
-6
-14
-16
-14
-15
-16
-17
-25
-28
-38
-42
-43
-40
-51
-58
-62
-67
-69
-76
-78
-81
-84
-88
-89
-88
-88
-95
-90
-91
-95
-90
-89
-92
-92
-89
-92
-97
-100
-98
-97
-96
-98
-99
-94
-93
-91
-85
-85
-86
-83
-92
-101
-102
-96
-90
-77
-63
-46
-17
2
21
43
67
99
117
126
137
142
138
132
133
134
123
110
105
98
90
92
101
99
89
85
88
77
69
69
65
45
28
16
4
4
-7
-9
-14
-31
-32
-27
-20
-15
-18
-17
-19
-20
-17
-15
-14
-14
-13
-21
-14
-12
-6
2
4
14
18
28
40
48
49
54
57
51
40
48
47
40
35
30
28
22
21
19
23
25
27
29
30
25
21
21
15
9
4
-2
-2
-4
-10
-12
-17
-14
-15
-21
-27
-27
-28
-39
-42
-42
-46
-48
-56
-63
-68
-71
-76
-76
-80
-82
-84
-92
-90
-91
-93
-93
-92
-91
-94
-98
-98
-99
-98
-100
-100
-99
-99
-100
-96
-94
-93
-90
-93
-87
-90
-95
-98
-107
-108
-106
-96
-79
-57
-36
-6
22
41
60
95
131
146
162
173
179
168
159
164
157
137
120
120
112
103
109
117
110
100
96
95
83
78
75
64
42
23
14
9
-1
-15
-17
-25
-38
-41
-32
-27
-26
-31
-33
-38
-42
-39
-34
-32
-30
-30
-34
-37
-24
-21
-14
-7
-1
9
17
28
36
40
46
47
49
45
43
45
38
29
28
27
18
16
18
19
24
22
23
25
20
22
13
12
9
5
3
-6
-5
-14
-22
-29
-30
-36
-39
-40
-47
-53
-51
-57
-56
-58
-61
-62
-64
-67
-75
-76
-80
-87
-84
-85
-94
-96
-97
-99
-102
-97
-106
-111
-110
-111
-109
-109
-114
-118
-117
-114
-112
-112
-115
-115
-111
-113
-113
-115
-118
-120
-126
-133
-131
-118
-99
-78
-55
-19
11
37
67
103
147
172
182
195
206
197
179
170
168
153
130
120
113
102
104
111
117
109
93
92
88
80
72
65
43
13
1
-5
-19
-32
-28
-31
-43
-46
-40
-30
-24
-21
-19
-26
-30
-27
-27
-25
-26
-33
-34
-30
-19
-11
-4
4
16
18
29
41
51
55
59
65
57
52
48
42
38
32
25
20
13
5
7
12
9
8
11
13
17
19
19
12
7
5
0
0
-11
-20
-20
-26
-29
-38
-41
-47
-51
-59
-64
-68
-63
-67
-79
-78
-86
-94
-95
-95
-102
-104
-113
-115
-122
-122
-117
-122
-121
-125
-122
-126
-135
-134
-133
-134
-134
-134
-133
-134
-136
-133
-134
-135
-140
-138
-143
-144
-147
-150
-152
-158
-164
-157
-144
-109
-77
-43
8
64
102
140
190
245
270
272
284
286
265
231
216
204
169
130
118
110
98
99
118
120
102
93
93
82
60
55
41
12
-23
-41
-44
-53
-53
-47
-41
-46
-41
-17
2
10
15
19
12
6
6
7
2
-3
-5
-10
-8
-3
9
19
36
46
51
62
78
95
98
99
97
87
78
71
68
56
43
35
30
27
23
26
30
29
21
26
25
19
11
-2
1
-10
-25
-22
-26
-25
-35
-55
-56
-56
-70
-83
-80
-79
-91
-102
-103
-112
-114
-113
-118
-126
-138
-140
-131
-134
-135
-131
-127
-136
-140
-147
-152
-158
-168
-179
-188
-200
-207
-207
-210
-211
-215
-212
-209
-203
-192
-192
-190
-187
-192
-196
-199
-198
-207
-215
-207
-180
-128
-76
-16
55
143
200
258
326
399
421
411
411
391
349
283
255
228
168
111
84
71
52
56
70
72
56
37
34
19
-7
-26
-50
-96
-140
-152
-146
-143
-129
-96
-68
-51
-16
38
72
93
104
112
98
80
72
74
54
33
28
27
37
50
74
102
118
124
133
142
149
135
119
101
83
56
33
29
32
35
29
30
42
52
59
70
77
65
46
32
13
0
-12
-23
-37
-49
-52
-43
-39
-33
-27
-38
-50
-62
-75
-89
-107
-126
-141
-161
-169
-180
-175
-157
-153
-152
-147
-143
-137
-139
-141
-147
-162
-188
-214
-227
-245
-259
-276
-292
-303
-316
-315
-306
-303
-304
-300
-295
-295
-299
-306
-298
-309
-314
-305
-259
-192
-101
20
141
262
371
489
586
652
699
723
688
604
515
439
346
241
170
101
25
-40
-55
-54
-59
-67
-83
-105
-156
-185
-199
-216
-245
-264
-263
-256
-231
-161
-67
12
84
153
216
259
296
323
324
287
234
193
150
106
83
72
55
42
45
58
76
88
89
77
57
28
8
-9
-14
-21
-29
-24
1
41
85
133
183
212
228
236
241
231
204
171
122
81
37
9
-10
-23
-35
-43
-55
-64
-68
-79
-101
-137
-174
-211
-243
-268
-282
-285
-277
-267
-234
-191
-143
-99
-66
-47
-39
-50
-67
-83
-109
-140
-173
-201
-234
-253
-263
-264
-271
-273
-286
-290
-294
-307
-302
-312
-319
-325
-332
-329
-328
-327
-320
-294
-232
-131
-18
127
297
449
558
664
781
848
836
810
786
678
521
388
299
187
57
-18
-64
-128
-182
-181
-165
-176
-212
-228
-255
-298
-316
-296
-272
-257
-206
-125
-47
50
173
300
367
404
445
447
406
352
309
229
127
40
-14
-55
-85
-89
-79
-80
-79
-65
-48
-43
-45
-61
-84
-90
-86
-69
-39
19
77
128
187
256
322
357
375
368
328
272
221
168
104
42
-12
-62
-100
-108
-107
-107
-111
-121
-131
-146
-165
-170
-180
-202
-224
-229
-222
-207
-183
-153
-131
-112
-103
-87
-73
-79
-82
-101
-120
-142
-167
-178
-187
-205
-228
-249
-272
-291
-315
-327
-349
-367
-382
-404
-392
-368
-344
-312
-287
-265
-244
-247
-239
-235
-206
-133
-46
58
205
400
570
689
807
943
1012
949
877
828
688
470
281
174
42
-119
-203
-218
-248
-287
-263
-213
-214
-225
-222
-224
-245
-250
-212
-166
-120
-31
104
214
316
445
560
591
571
559
517
390
243
143
32
-105
-211
-235
-242
-262
-255
-210
-172
-163
-136
-105
-88
-90
-91
-66
-34
21
92
173
259
345
411
461
491
489
456
387
306
207
107
25
-46
-100
-134
-148
-159
-162
-147
-128
-132
-138
-135
-140
-150
-158
-139
-111
-88
-68
-31
4
16
9
-1
-28
-82
-141
-188
-228
-267
-297
-308
-300
-291
-283
-269
-263
-269
-291
-319
-343
-370
-399
-426
-439
-437
-412
-368
-331
-284
-230
-182
-150
-140
-135
-145
-183
-239
-280
-285
-239
-131
10
183
404
615
756
870
989
1047
965
826
708
541
310
114
12
-63
-157
-209
-185
-149
-146
-125
-98
-104
-141
-188
-222
-237
-222
-156
-71
28
172
329
458
557
641
683
634
522
399
282
122
-47
-153
-216
-272
-301
-262
-200
-165
-139
-99
-87
-99
-90
-85
-83
-66
-15
57
143
253
378
476
537
560
553
509
429
324
215
108
-9
-98
-145
-146
-139
-129
-93
-66
-56
-61
-56
-56
-73
-95
-93
-73
-44
11
72
122
148
164
155
108
38
-45
-154
-266
-363
-431
-464
-468
-435
-379
-322
-258
-193
-159
-149
-170
-226
-284
-345
-399
-448
-459
-449
-429
-386
-339
-277
-237
-214
-208
-230
-265
-307
-358
-419
-461
-478
-456
-357
-170
59
302
562
792
929
985
1037
1030
889
687
511
332
120
-47
-102
-114
-138
-152
-139
-123
-126
-143
-166
-189
-216
-241
-236
-175
-46
114
270
422
568
679
719
709
657
553
393
189
11
-125
-231
-313
-344
-329
-307
-267
-208
-163
-141
-125
-126
-147
-141
-70
20
102
208
340
448
518
590
640
609
515
399
266
128
17
-65
-124
-160
-167
-143
-110
-60
-7
21
11
3
-2
-3
3
34
75
115
156
204
251
279
278
232
151
40
-66
-182
-282
-359
-421
-454
-449
-409
-344
-277
-223
-184
-161
-149
-150
-157
-171
-180
-202
-227
-222
-225
-247
-275
-307
-333
-372
-426
-459
-489
-517
-529
-520
-486
-427
-361
-339
-326
-299
-266
-237
-148
35
216
380
586
796
932
982
1005
990
851
637
429
240
48
-131
-237
-287
-289
-268
-244
-201
-147
-106
-103
-92
-51
-19
1
63
179
299
414
529
609
634
609
541
419
257
92
-74
-245
-368
-423
-437
-432
-388
-323
-249
-183
-136
-94
-57
-18
7
38
128
244
332
410
491
542
543
506
439
348
224
88
-38
-141
-178
-178
-174
-137
-74
-16
23
69
113
132
129
119
121
136
158
190
213
235
259
248
206
160
105
15
-97
-191
-255
-312
-356
-365
-354
-339
-305
-260
-220
-173
-136
-127
-127
-117
-113
-115
-142
-157
-154
-178
-195
-207
-240
-267
-313
-362
-391
-426
-438
-468
-508
-515
-518
-512
-484
-432
-385
-341
-314
-287
-245
-150
47
278
471
675
882
1007
1019
967
936
840
613
372
187
43
-101
-197
-211
-177
-155
-175
-183
-150
-114
-96
-89
-38
38
101
202
331
470
584
655
647
587
512
404
236
53
-85
-204
-325
-393
-387
-359
-338
-319
-288
-236
-176
-140
-111
-59
16
102
177
293
433
513
527
509
474
410
319
207
95
-3
-89
-150
-173
-145
-90
-59
-41
-10
28
62
85
108
132
160
180
200
234
269
284
259
219
181
127
55
-14
-73
-124
-172
-216
-234
-241
-254
-268
-288
-290
-276
-258
-240
-211
-169
-138
-121
-114
-99
-86
-104
-137
-163
-191
-228
-264
-297
-316
-331
-340
-363
-378
-414
-463
-505
-536
-519
-488
-453
-393
-343
-298
-281
-279
-229
-123
63
285
515
740
918
1015
1015
979
922
774
565
348
168
8
-114
-155
-137
-109
-100
-121
-135
-124
-89
-62
-30
30
97
189
293
429
565
647
661
606
514
408
285
135
-17
-144
-243
-315
-341
-321
-293
-281
-274
-256
-213
-156
-110
-57
11
99
201
295
403
494
532
498
429
355
275
184
85
-1
-75
-118
-133
-126
-96
-56
-35
-26
-9
27
70
107
149
186
228
251
263
269
262
230
167
99
37
-18
-65
-101
-135
-160
-186
-207
-238
-268
-285
-306
-323
-324
-299
-262
-216
-175
-130
-93
-81
-81
-100
-139
-174
-216
-252
-276
-296
-295
-285
-293
-298
-323
-366
-408
-461
-514
-547
-568
-559
-517
-478
-411
-344
-295
-242
-208
-183
-123
7
198
395
589
800
953
980
903
832
751
583
366
178
60
-41
-124
-145
-101
-57
-48
-66
-96
-90
-51
-9
46
121
217
315
411
499
574
606
565
450
318
202
89
-29
-131
-184
-222
-245
-247
-226
-211
-215
-213
-209
-172
-105
-32
41
132
242
324
387
438
453
418
342
258
175
99
36
-12
-38
-52
-60
-57
-44
-26
-3
11
25
47
92
146
196
242
265
283
281
260
228
180
126
70
14
-29
-60
-85
-108
-134
-160
-197
-229
-247
-276
-283
-280
-279
-265
-239
-202
-167
-126
-99
-103
-111
-132
-161
-194
-230
-254
-259
-278
-276
-294
-331
-347
-379
-389
-396
-435
-441
-466
-505
-501
-486
-447
-399
-382
-369
-364
-352
-304
-192
12
262
483
703
898
1019
1008
916
830
708
508
293
153
67
17
-32
-51
-49
-58
-83
-143
-188
-187
-144
-92
2
124
269
397
478
540
564
554
487
356
227
139
51
-32
-86
-112
-134
-179
-225
-263
-298
-312
-310
-298
-233
-125
-21
68
168
271
333
357
361
344
289
238
190
153
129
117
102
64
27
7
-27
-54
-61
-48
-23
14
68
129
196
251
273
269
258
239
199
162
127
91
59
36
9
-18
-46
-82
-122
-173
-202
-223
-248
-264
-269
-268
-252
-236
-230
-221
-218
-209
-197
-184
-178
-166
-151
-139
-134
-140
-157
-188
-238
-296
-361
-389
-401
-420
-427
-445
-447
-450
-473
-501
-522
-496
-427
-380
-358
-362
-351
-321
-228
-38
203
457
676
861
969
955
843
742
668
526
334
175
115
83
52
27
11
-31
-108
-204
-277
-275
-201
-92
12
139
298
433
516
551
542
501
421
309
192
132
111
71
7
-42
-82
-136
-205
-278
-336
-372
-357
-305
-232
-121
-9
81
145
211
257
277
283
279
252
236
231
231
219
181
144
90
19
-39
-77
-94
-89
-47
8
56
115
164
188
208
211
193
170
147
139
140
138
135
116
77
42
0
-48
-99
-141
-182
-210
-212
-212
-207
-214
-217
-229
-247
-244
-227
-214
-186
-162
-142
-140
-150
-151
-167
-205
-236
-257
-289
-313
-339
-354
-360
-353
-350
-346
-351
-362
-390
-449
-486
-503
-491
-456
-398
-353
-321
-276
-232
-169
5
246
461
638
782
894
879
768
688
641
553
401
268
187
146
104
40
-28
-83
-141
-213
-278
-255
-154
-19
108
205
314
398
457
468
429
393
368
306
222
166
145
122
60
-20
-100
-182
-255
-311
-357
-366
-309
-232
-151
-69
15
85
128
169
197
219
259
299
305
291
287
283
241
166
102
40
-23
-61
-67
-59
-18
37
82
101
121
147
158
153
151
149
155
161
169
163
146
126
84
25
-30
-66
-101
-137
-157
-171
-179
-189
-216
-237
-270
-279
-277
-274
-231
-198
-160
-128
-95
-78
-95
-144
-188
-242
-286
-290
-299
-304
-318
-367
-386
-386
-401
-385
-398
-418
-432
-491
-530
-529
-489
-393
-334
-328
-319
-325
-316
-244
-85
189
513
731
848
871
814
751
674
585
481
359
299
260
200
174
139
76
-41
-169
-264
-299
-254
-141
14
151
267
358
387
386
364
332
308
271
242
226
222
218
185
110
3
-109
-220
-312
-351
-346
-318
-261
-182
-94
-28
24
40
42
52
93
158
219
286
341
354
332
287
219
135
72
24
-30
-46
-28
11
44
63
84
77
58
63
70
80
110
142
176
191
198
189
155
106
58
11
-37
-63
-84
-104
-122
-147
-176
-214
-253
-283
-322
-332
-330
-314
-272
-227
-180
-147
-134
-142
-160
-194
-214
-224
-218
-190
-163
-149
-167
-243
-307
-364
-402
-402
-437
-469
-508
-544
-555
-535
-485
-430
-378
-368
-373
-349
-317
-196
3
254
477
606
729
819
844
731
578
531
507
453
363
306
290
245
147
21
-114
-201
-225
-215
-203
-117
40
187
262
280
292
294
276
258
238
256
307
328
299
236
174
90
-24
-140
-229
-275
-290
-270
-247
-212
-157
-104
-75
-91
-87
-48
7
76
158
242
306
331
330
298
246
191
139
83
49
44
40
44
45
49
38
39
35
32
40
56
98
135
168
194
212
201
162
127
93
71
55
44
29
5
-20
-60
-104
-156
-202
-240
-278
-300
-311
-309
-294
-271
-246
-225
-202
-197
-191
-191
-184
-170
-178
-179
-175
-176
-201
-233
-269
-318
-352
-377
-375
-365
-354
-338
-372
-415
-476
-499
-471
-411
-346
-337
-333
-339
-325
-258
-142
76
322
554
684
701
692
614
557
555
576
569
503
469
420
328
228
124
26
-89
-159
-166
-140
-49
67
168
192
153
123
102
101
136
207
280
316
343
327
259
171
96
17
-71
-132
-155
-155
-147
-143
-147
-170
-207
-218
-212
-180
-117
-40
28
102
166
200
210
197
179
175
175
186
193
191
189
173
142
101
62
42
32
37
42
48
61
72
80
80
88
84
79
75
77
80
84
89
82
60
32
3
-26
-60
-102
-134
-165
-197
-224
-247
-272
-287
-296
-298
-301
-285
-248
-218
-193
-180
-178
-181
-188
-191
-194
-192
-204
-214
-234
-274
-305
-325
-328
-317
-317
-347
-386
-420
-433
-412
-368
-319
-272
-264
-261
-243
-236
-205
-140
-38
118
272
395
458
506
507
439
378
377
432
461
454
435
386
307
234
174
101
43
51
79
84
78
99
116
95
57
40
45
38
60
116
159
176
170
167
150
108
76
58
36
18
12
9
-10
-41
-65
-85
-103
-116
-102
-73
-59
-49
-42
-27
-20
-13
5
28
42
70
115
134
131
127
136
140
143
143
141
134
125
116
101
66
33
29
27
24
20
34
36
43
53
58
62
53
56
69
81
82
74
61
33
-2
-32
-54
-71
-92
-101
-103
-113
-116
-120
-132
-142
-159
-169
-186
-201
-206
-202
-194
-185
-178
-174
-170
-190
-216
-242
-252
-240
-235
-241
-249
-259
-262
-252
-263
-262
-252
-233
-214
-225
-236
-254
-240
-230
-221
-206
-169
-82
-23
22
48
30
22
66
170
252
268
271
278
298
319
341
323
279
273
299
326
310
292
271
232
193
164
138
118
120
152
181
171
143
134
141
136
131
105
74
46
43
67
69
43
23
13
2
-16
-42
-69
-80
-82
-67
-59
-75
-87
-79
-54
-51
-56
-40
-5
34
59
73
62
45
47
62
69
55
49
60
75
63
57
45
22
10
8
9
-5
-15
-6
13
20
20
29
36
35
33
20
-4
-31
-40
-29
-30
-37
-49
-55
-70
-78
-94
-116
-135
-156
-157
-156
-152
-151
-162
-167
-186
-202
-214
-235
-249
-256
-238
-235
-248
-262
-279
-284
-310
-306
-279
-272
-264
-279
-280
-293
-279
-248
-256
-264
-250
-179
-104
-68
-7
25
17
17
88
200
252
269
277
289
298
316
338
312
285
299
319
307
267
269
261
221
181
153
137
119
132
175
192
175
153
156
158
152
141
123
107
86
93
96
77
37
11
-6
-31
-54
-73
-84
-99
-106
-95
-97
-116
-125
-109
-95
-97
-89
-58
-15
13
24
32
22
11
11
22
23
17
26
39
45
34
22
15
-1
-3
-1
1
0
-1
18
25
20
20
22
28
28
27
15
-8
-30
-29
-31
-36
-50
-59
-73
-86
-101
-119
-127
-141
-143
-141
-141
-144
-149
-152
-157
-159
-172
-195
-220
-249
-253
-225
-218
-247
-276
-305
-322
-312
-293
-282
-286
-288
-279
-270
-259
-270
-281
-291
-288
-246
-173
-110
-75
-19
42
56
42
67
157
240
276
279
273
271
282
317
317
276
268
277
291
280
269
267
218
179
166
161
132
122
153
177
170
153
147
143
130
128
118
90
62
63
83
74
41
10
-7
-32
-52
-69
-84
-105
-116
-104
-97
-113
-126
-121
-111
-93
-79
-62
-34
-10
-7
5
5
-8
-5
6
22
16
13
21
27
21
17
13
-5
-15
-15
-9
-15
-18
-16
-6
-7
-6
4
5
4
1
-3
-16
-37
-41
-41
-43
-62
-74
-77
-89
-97
-109
-123
-129
-131
-122
-129
-139
-147
-158
-169
-184
-203
-211
-219
-240
-246
-247
-255
-269
-272
-275
-280
-285
-283
-293
-301
-291
-268
-260
-281
-296
-291
-285
-276
-258
-201
-142
-72
-6
14
-4
-4
82
187
242
242
235
250
267
296
322
295
272
281
308
301
272
265
251
227
195
174
145
122
147
184
193
157
127
127
128
123
106
84
64
61
71
70
41
16
12
8
-9
-20
-41
-63
-82
-83
-77
-81
-86
-97
-94
-92
-85
-75
-58
-37
-27
-24
-20
-20
-13
-3
12
13
12
14
22
29
21
11
11
-4
-6
-7
-16
-29
-37
-29
-30
-29
-25
-16
-12
-13
-13
-26
-43
-60
-63
-63
-73
-74
-77
-84
-89
-105
-114
-129
-143
-142
-140
-144
-151
-163
-164
-177
-208
-222
-232
-236
-242
-252
-267
-279
-267
-263
-279
-312
-325
-307
-285
-269
-273
-274
-277
-271
-262
-261
-271
-279
-258
-187
-111
-73
-34
-2
11
19
49
129
195
232
243
241
234
240
277
283
270
272
284
278
252
248
251
216
170
144
142
128
130
159
163
149
126
118
110
95
88
77
63
45
44
45
36
12
7
4
-13
-23
-22
-41
-61
-66
-59
-50
-58
-79
-88
-81
-60
-43
-39
-33
-31
-24
-11
-12
-18
-15
0
12
4
8
14
19
18
18
17
4
-1
3
4
-10
-18
-13
-5
-3
-3
0
-4
-17
-23
-30
-45
-67
-80
-83
-88
-96
-98
-100
-104
-118
-123
-133
-140
-141
-138
-138
-152
-154
-155
-157
-175
-199
-214
-233
-234
-239
-247
-245
-262
-265
-283
-306
-316
-318
-287
-268
-262
-254
-268
-274
-265
-251
-230
-226
-218
-205
-162
-94
-34
33
57
30
18
80
180
239
243
233
232
229
253
271
262
253
268
280
262
235
238
239
218
192
171
146
132
152
185
175
136
116
114
113
105
94
74
55
42
50
41
14
-1
2
-3
-10
-12
-28
-36
-36
-31
-29
-41
-60
-59
-41
-34
-31
-37
-37
-25
-17
-17
-21
-25
-11
0
11
7
1
9
16
22
21
16
16
25
34
35
21
6
5
17
17
6
1
-3
-3
-4
-15
-24
-40
-46
-42
-50
-62
-71
-70
-74
-82
-94
-101
-98
-90
-87
-99
-118
-126
-133
-141
-158
-181
-197
-207
-208
-213
-220
-235
-243
-239
-242
-259
-268
-276
-270
-257
-255
-253
-253
-253
-259
-251
-250
-235
-230
-221
-164
-116
-66
-3
33
20
-3
45
152
222
239
221
218
220
246
274
262
251
265
282
264
238
233
240
218
191
177
155
145
166
196
203
167
133
134
134
128
117
95
72
59
59
58
32
10
13
18
8
-3
4
8
-13
-25
-14
-19
-31
-29
-27
-32
-28
-8
0
-9
-9
5
3
-2
0
14
15
18
21
17
22
22
22
26
29
32
30
34
32
28
26
24
20
12
14
12
4
8
11
0
-12
-26
-32
-36
-45
-52
-66
-74
-82
-90
-85
-82
-83
-88
-95
-108
-125
-137
-135
-141
-148
-148
-160
-183
-201
-203
-191
-189
-181
-197
-230
-252
-257
-248
-255
-248
-245
-248
-261
-278
-262
-238
-220
-217
-229
-212
-156
-89
-27
38
64
37
33
104
196
248
243
236
232
233
263
274
260
258
284
287
251
225
236
238
212
189
172
146
137
170
189
169
133
111
122
117
104
92
73
55
50
53
41
14
6
14
10
-7
-17
-3
-7
-33
-38
-27
-30
-34
-30
-32
-42
-27
5
4
-16
-7
2
-3
-2
4
19
20
27
33
26
24
24
31
41
35
38
42
39
39
39
42
29
27
30
37
34
22
27
22
2
-13
-27
-35
-43
-46
-52
-58
-66
-74
-73
-79
-80
-84
-88
-100
-111
-117
-120
-125
-134
-144
-150
-157
-166
-159
-148
-155
-177
-191
-197
-206
-213
-217
-223
-223
-214
-212
-216
-232
-235
-227
-223
-215
-207
-191
-146
-97
-51
3
55
67
59
88
167
227
241
243
238
236
254
284
279
264
282
298
282
249
244
243
223
204
205
185
158
165
189
187
150
126
118
113
99
98
89
66
49
53
49
20
-1
2
4
-8
-14
-9
-1
-23
-51
-55
-57
-53
-38
-37
-53
-62
-36
-13
-25
-45
-39
-30
-36
-26
-15
-16
-18
-10
8
-1
-11
-3
16
23
16
20
19
19
25
36
31
12
12
21
19
10
1
-3
-12
-21
-30
-42
-58
-65
-59
-69
-81
-92
-84
-80
-85
-85
-101
-107
-113
-119
-122
-128
-130
-142
-151
-167
-175
-173
-178
-175
-194
-206
-211
-231
-247
-242
-234
-231
-240
-243
-248
-258
-248
-233
-227
-240
-230
-175
-114
-54
1
33
34
20
73
169
225
246
240
251
244
256
288
288
282
301
321
299
269
265
279
251
223
210
193
182
196
225
210
178
146
146
141
129
123
107
90
71
68
55
32
10
7
5
-6
-21
-22
-19
-15
-14
-32
-53
-62
-51
-36
-38
-39
-41
-29
-14
-18
-28
-37
-29
-19
-12
-1
-4
-1
11
18
16
3
8
22
35
37
29
30
22
34
44
41
35
37
44
42
38
28
11
3
-11
-25
-37
-54
-58
-67
-70
-83
-102
-98
-97
-96
-96
-107
-115
-120
-127
-130
-142
-153
-160
-171
-180
-184
-179
-194
-204
-217
-235
-245
-259
-261
-254
-250
-260
-271
-295
-288
-268
-253
-256
-246
-204
-149
-97
-64
-7
21
25
43
106
179
225
233
238
230
235
269
283
273
278
307
303
271
264
275
262
229
224
220
198
195
216
226
200
179
169
163
152
147
149
124
102
98
97
77
55
44
44
30
3
2
1
-6
-22
-23
-27
-38
-54
-48
-35
-26
-11
-9
-23
-33
-17
5
1
-16
-16
-3
6
10
21
24
19
25
35
31
32
48
57
52
43
38
41
40
49
55
55
44
43
49
42
27
18
12
-2
-12
-18
-35
-43
-48
-53
-62
-81
-81
-85
-82
-96
-108
-116
-131
-139
-149
-164
-169
-183
-190
-196
-210
-219
-237
-245
-252
-257
-267
-272
-275
-277
-273
-280
-302
-307
-297
-279
-258
-220
-167
-149
-131
-67
8
26
21
57
136
191
220
230
209
214
248
291
274
252
287
309
292
272
267
253
224
230
239
213
188
195
219
210
187
172
162
156
150
158
134
100
92
99
86
50
33
28
23
12
2
-8
-27
-30
-24
-30
-41
-48
-47
-43
-38
-22
-8
-14
-19
-20
-15
-8
-8
2
6
16
21
27
38
42
54
54
55
58
60
72
80
72
72
70
70
72
75
78
80
77
73
69
61
47
33
26
15
4
-8
-23
-33
-32
-34
-54
-65
-73
-77
-93
-104
-115
-133
-133
-143
-156
-169
-180
-184
-180
-181
-199
-218
-238
-249
-245
-246
-255
-263
-258
-263
-284
-304
-304
-292
-281
-238
-191
-174
-164
-117
-26
11
6
24
90
156
204
231
210
197
233
282
287
255
274
312
303
281
262
243
218
217
243
223
179
172
202
206
176
163
150
132
137
157
146
103
83
94
85
54
33
20
6
-7
-11
-30
-60
-64
-50
-58
-91
-102
-88
-76
-76
-79
-66
-59
-41
-24
-31
-60
-57
-33
-16
-9
-19
-9
-2
11
28
30
25
31
44
54
41
38
41
46
58
55
55
49
60
73
78
66
55
57
58
49
35
17
12
4
-7
-15
-35
-42
-42
-50
-62
-79
-88
-101
-111
-121
-139
-153
-162
-157
-159
-176
-190
-191
-203
-218
-230
-234
-238
-245
-244
-252
-259
-265
-277
-281
-297
-302
-268
-222
-186
-171
-171
-127
-46
7
11
14
74
133
185
208
189
188
225
276
279
256
274
293
292
285
276
246
214
227
251
225
185
181
194
190
181
173
150
123
136
154
133
98
88
95
81
54
37
24
1
-1
-3
-33
-63
-70
-53
-63
-94
-107
-94
-74
-74
-72
-82
-88
-61
-35
-45
-77
-74
-45
-26
-22
-32
-16
-11
0
21
19
19
23
40
47
37
24
27
40
44
47
42
31
40
50
50
37
22
28
30
22
14
3
-4
-10
-10
-27
-45
-59
-58
-57
-78
-91
-106
-115
-124
-141
-162
-169
-175
-180
-182
-203
-215
-216
-220
-223
-220
-230
-226
-231
-235
-237
-252
-255
-258
-249
-251
-252
-226
-188
-158
-146
-142
-103
-39
27
48
33
60
113
172
198
195
203
217
244
270
265
259
275
286
281
259
243
226
225
242
235
208
185
192
199
195
178
154
137
136
143
131
107
95
95
89
76
55
36
30
23
11
-8
-37
-46
-37
-42
-58
-77
-72
-51
-48
-51
-61
-58
-42
-28
-35
-54
-53
-32
-19
-24
-28
-13
-11
2
22
17
16
27
47
46
35
37
40
41
49
52
46
39
52
56
56
50
37
43
39
30
19
8
4
-5
-8
-20
-42
-47
-44
-55
-75
-85
-95
-114
-122
-136
-154
-166
-169
-175
-190
-204
-214
-209
-215
-222
-233
-229
-234
-236
-234
-243
-258
-255
-248
-244
-236
-224
-204
-186
-162
-155
-136
-98
-46
14
32
25
39
77
129
161
167
176
180
198
219
223
219
232
246
245
230
218
218
218
222
226
205
180
183
192
193
177
162
143
137
141
131
114
96
94
98
82
58
45
32
27
15
-5
-24
-37
-46
-45
-48
-64
-66
-44
-34
-43
-51
-57
-45
-27
-15
-24
-39
-30
-17
-13
-17
-9
5
3
22
25
14
20
30
45
39
37
38
42
55
53
55
46
44
55
60
54
48
40
38
35
28
9
3
-2
-4
-9
-20
-32
-40
-43
-60
-75
-85
-86
-90
-100
-118
-137
-145
-146
-149
-162
-181
-185
-185
-182
-188
-202
-209
-208
-204
-202
-208
-207
-204
-203
-205
-208
-212
-218
-209
-180
-145
-130
-131
-121
-94
-58
-9
32
43
37
61
93
113
138
164
166
177
192
201
204
203
230
234
218
209
203
206
204
209
203
179
167
169
168
157
151
141
129
119
109
100
89
78
70
61
48
31
24
19
2
-11
-21
-26
-29
-25
-26
-21
-36
-42
-45
-49
-34
-20
-16
-28
-38
-38
-31
-26
-25
-13
-8
-8
0
-7
2
9
18
20
13
26
27
32
33
40
35
30
39
45
52
49
40
37
36
30
24
19
15
12
6
2
-5
-11
-13
-21
-33
-47
-57
-60
-65
-71
-83
-97
-112
-119
-123
-125
-133
-142
-152
-162
-159
-158
-161
-165
-163
-166
-170
-165
-168
-170
-167
-168
-168
-177
-173
-168
-151
-122
-120
-113
-107
-91
-60
-32
-1
22
42
50
64
86
100
131
145
151
154
163
179
181
184
190
189
181
178
179
176
174
170
167
155
149
148
139
131
130
124
114
108
104
101
89
82
77
61
49
44
32
22
13
6
8
9
19
5
-13
-27
-29
-9
-3
-2
-21
-38
-38
-35
-35
-42
-35
-18
-32
-23
-34
-37
-24
-21
-8
-18
-15
-8
-6
6
3
3
-1
5
17
14
14
6
14
9
1
-2
-11
-3
-3
-8
-11
-19
-17
-17
-12
-20
-33
-30
-33
-31
-37
-54
-61
-60
-58
-63
-80
-91
-96
-94
-91
-92
-99
-105
-104
-110
-108
-114
-107
-108
-110
-122
-132
-119
-112
-106
-113
-126
-129
-134
-123
-117
-106
-86
-73
-59
-68
-57
-35
-13
18
33
44
46
62
84
93
105
117
127
145
150
149
154
158
169
169
163
161
160
160
161
156
148
140
139
136
134
125
114
108
111
110
94
89
80
79
75
62
61
57
64
70
53
35
23
25
30
29
22
-4
-6
-6
-11
-10
-23
-19
-16
-27
-32
-43
-36
-25
-24
-21
-36
-37
-29
-22
-17
-20
-20
-23
-14
-13
-17
-21
-24
-15
-18
-21
-22
-25
-21
-26
-31
-35
-44
-38
-35
-34
-34
-39
-37
-37
-31
-30
-32
-33
-31
-30
-33
-39
-38
-43
-48
-49
-54
-55
-62
-56
-57
-64
-61
-68
-70
-77
-79
-91
-95
-88
-90
-95
-104
-108
-94
-78
-73
-76
-88
-75
-57
-50
-56
-62
-41
-29
-19
-27
-40
-15
3
28
19
9
28
38
49
49
38
48
64
78
78
77
82
85
101
103
98
92
98
109
110
105
99
103
107
103
97
90
91
90
89
88
82
79
73
78
77
69
70
69
69
60
46
43
51
51
54
38
30
23
15
18
15
10
11
17
13
-1
-2
-1
1
4
4
1
-7
-7
-2
-5
-7
-8
-8
-5
-6
-14
-17
-14
-17
-13
-20
-25
-26
-20
-17
-18
-20
-20
-16
-15
-14
-19
-25
-24
-24
-26
-27
-32
-37
-37
-40
-42
-49
-45
-32
-35
-38
-44
-48
-51
-48
-47
-45
-51
-60
-67
-70
-78
-82
-86
-91
-94
-100
-98
-100
-104
-113
-121
-117
-112
-104
-97
-101
-108
-105
-96
-89
-86
-80
-74
-69
-61
-47
-40
-29
-18
-15
-3
7
19
31
37
53
57
65
66
77
89
92
95
100
101
95
98
104
106
98
104
107
101
106
101
91
91
94
91
86
85
88
80
76
77
67
64
65
62
59
56
47
44
37
34
26
26
21
12
11
6
6
-3
-2
-8
-13
-18
-20
-17
-21
-21
-17
-14
-19
-18
-20
-23
-27
-30
-37
-37
-34
-37
-43
-44
-49
-50
-49
-44
-37
-44
-44
-47
-47
-41
-40
-37
-32
-34
-32
-35
-36
-34
-30
-23
-27
-29
-26
-23
-28
-23
-23
-26
-22
-28
-39
-49
-48
-48
-42
-49
-58
-64
-77
-77
-76
-79
-75
-81
-82
-80
-81
-79
-86
-87
-84
-84
-83
-85
-87
-80
-71
-71
-68
-71
-68
-62
-55
-40
-35
-25
-16
-16
-10
-8
-5
7
17
23
26
32
40
41
49
49
52
62
69
71
71
75
75
84
90
85
90
97
96
93
92
89
90
92
89
81
75
67
63
57
60
60
51
45
32
30
28
32
33
23
22
9
7
7
9
8
1
1
-7
-7
-3
-6
-2
-9
-14
-20
-22
-17
-20
-26
-31
-34
-37
-39
-39
-41
-38
-35
-42
-39
-42
-44
-38
-36
-35
-37
-29
-24
-19
-18
-24
-18
-11
-4
-4
-11
-2
0
-2
-5
-6
-2
-2
5
1
-9
-9
-12
-18
-19
-26
-22
-23
-20
-21
-28
-32
-35
-31
-33
-38
-40
-40
-51
-57
-57
-55
-48
-42
-45
-54
-59
-58
-51
-54
-51
-52
-51
-46
-45
-46
-48
-37
-27
-17
-9
-5
5
17
22
23
19
22
24
32
38
37
42
38
46
47
48
50
51
66
72
74
76
77
82
85
86
88
87
88
82
72
74
70
71
71
68
60
54
52
50
48
45
43
41
38
35
29
23
22
25
19
14
10
7
7
5
0
-4
-4
0
-5
-14
-19
-25
-28
-22
-22
-24
-31
-33
-31
-32
-34
-30
-26
-30
-26
-27
-34
-32
-27
-28
-27
-28
-24
-21
-14
-13
-15
-13
-13
-14
-16
-20
-23
-14
-12
-13
-22
-31
-31
-20
-12
-14
-17
-27
-24
-30
-33
-28
-36
-33
-28
-27
-33
-34
-34
-31
-29
-27
-31
-31
-31
-23
-29
-30
-32
-35
-29
-29
-29
-28
-30
-31
-30
-34
-27
-20
-10
-11
-11
-12
-10
-7
-6
-4
-2
-3
1
12
8
7
7
6
11
26
21
22
29
30
30
30
31
30
35
44
43
47
49
48
46
49
56
52
53
51
50
48
55
47
49
55
51
53
54
51
49
49
43
43
43
42
41
38
33
26
31
26
20
19
15
14
6
4
-1
-4
-3
-8
-14
-16
-22
-24
-27
-32
-32
-31
-33
-33
-32
-40
-40
-42
-46
-53
-50
-50
-53
-51
-44
-43
-49
-50
-46
-46
-45
-38
-45
-49
-41
-39
-38
-38
-45
-48
-48
-48
-46
-42
-36
-38
-39
-34
-36
-35
-26
-29
-24
-28
-29
-21
-20
-18
-14
-18
-21
-20
-17
-14
-15
-19
-12
-14
-17
-20
-17
-20
-17
-17
-15
-19
-16
-14
-11
-9
-14
-16
-20
-15
-6
-9
-8
-11
-14
-10
-9
-4
-7
-11
-10
-8
-7
-12
-11
-3
-6
-7
-2
3
2
6
9
10
14
18
21
27
29
27
34
38
43
40
43
41
40
41
43
44
48
49
51
52
44
45
44
42
36
39
36
31
32
27
24
21
17
16
12
9
11
12
11
6
5
1
-1
0
-4
-7
-12
-12
-14
-13
-11
-13
-15
-19
-18
-15
-23
-18
-22
-26
-32
-37
-26
-31
-33
-34
-37
-39
-38
-38
-36
-32
-31
-31
-31
-25
-28
-27
-31
-26
-17
-16
-17
-18
-17
-16
-18
-17
-13
-16
-18
-17
-18
-21
-16
-14
-15
-20
-19
-22
-25
-21
-23
-26
-31
-30
-34
-37
-34
-32
-27
-27
-29
-27
-26
-20
-17
-18
-24
-22
-25
-22
-21
-24
-18
-19
-18
-22
-23
-19
-19
-13
-16
-20
-24
-23
-20
-22
-18
-13
-9
-10
-11
-10
-6
-9
-11
-7
-8
-3
-2
1
-2
-5
-7
-5
-5
-4
-3
2
2
4
6
3
5
8
5
6
8
7
7
9
12
15
8
5
8
6
3
2
6
2
-1
-6
-2
-1
-2
-2
-1
2
2
2
4
3
7
2
-3
-4
-5
-4
-5
-8
-9
-7
-11
-18
-19
-19
-21
-21
-17
-23
-21
-23
-23
-19
-20
-18
-20
-22
-24
-22
-14
-19
-17
-11
-9
-11
-11
-15
-17
-15
-15
-12
-10
-15
-19
-17
-22
-19
-22
-20
-17
-19
-19
-24
-23
-28
-28
-26
-25
-28
-32
-36
-36
-38
-37
-32
-38
-36
-37
-40
-37
-35
-35
-39
-41
-37
-37
-37
-38
-40
-40
-40
-39
-39
-34
-26
-29
-29
-26
-28
-25
-27
-24
-25
-20
-16
-18
-21
-17
-16
-17
-11
-9
-4
-3
2
-3
-2
-4
-2
-6
-4
-5
-4
0
-3
2
0
5
8
10
10
11
7
13
14
11
16
16
13
15
14
14
17
16
18
18
19
16
20
22
22
22
18
24
29
27
26
21
18
17
15
19
19
14
12
9
5
9
9
9
11
11
6
9
14
17
14
14
16
14
16
15
16
12
12
16
15
18
16
8
4
3
5
0
1
4
1
3
5
9
8
4
8
6
5
3
-3
-1
2
1
-2
-6
-5
-6
-6
-8
-13
-17
-16
-12
-14
-19
-21
-20
-25
-26
-26
-23
-24
-18
-18
-20
-18
-21
-21
-23
-17
-20
-17
-17
-18
-16
-15
-18
-18
-18
-18
-21
-20
-16
-16
-18
-15
-10
-9
-2
-5
-7
-10
-9
-7
-5
-9
-6
-6
-9
-4
-5
-5
-4
-5
-6
-1
-2
-2
-3
-3
4
0
-2
3
5
3
2
5
1
8
7
6
6
2
3
5
6
4
5
1
3
3
-1
-1
-8
-6
-2
-6
-9
-10
-6
-5
2
0
0
-2
3
-5
-2
2
-1
3
5
6
6
6
8
6
2
2
8
9
9
9
7
7
11
13
12
16
9
6
12
11
7
10
9
7
7
8
8
13
16
13
8
6
8
6
4
4
6
3
-2
-2
-1
1
-1
-3
-2
-2
2
0
1
2
-2
3
-1
1
1
-2
0
2
4
4
6
2
3
5
6
4
1
1
5
4
6
5
10
7
8
11
7
15
13
17
14
10
12
13
16
14
17
20
20
19
19
17
14
20
14
21
18
20
21
16
19
20
20
17
18
17
14
15
13
13
9
11
12
6
6
4
0
-3
-4
-3
-4
-5
-3
-4
-3
-5
-3
-4
-2
-3
-3
2
2
6
2
3
1
-2
1
3
4
4
4
7
9
8
12
15
12
16
18
15
15
15
13
15
18
10
12
16
9
6
11
13
12
10
7
3
6
4
2
9
6
4
2
5
1
-2
-1
-1
0
-3
0
1
1
4
4
6
6
10
9
9
6
8
8
3
7
10
13
13
13
16
12
12
15
11
14
14
14
16
13
18
17
18
18
14
15
14
13
18
15
16
16
13
16
20
20
25
23
29
28
25
34
28
26
20
25
22
22
19
21
16
16
17
18
20
16
14
12
16
10
12
11
15
9
9
8
3
7
7
10
5
9
6
3
-1
3
4
1
5
3
0
1
8
6
9
9
6
9
7
7
7
10
7
2
7
5
4
5
2
3
6
4
1
3
2
7
9
6
7
9
4
2
-2
-1
1
1
-4
-10
-12
-15
-13
-12
-10
-11
-10
-8
-13
-11
-10
-15
-18
-17
-14
-16
-14
-13
-14
-10
-11
-12
-12
-11
-10
-9
-7
-5
-5
2
0
2
5
1
-1
2
-1
-3
1
0
3
4
5
3
9
14
18
15
18
19
25
24
22
26
23
22
24
25
24
22
22
26
24
22
23
23
20
22
22
22
23
24
24
21
25
24
26
27
28
28
27
25
20
21
20
21
20
17
19
20
26
27
25
19
20
19
20
22
19
23
21
23
22
23
27
24
27
29
31
29
30
28
29
30
31
29
29
33
30
29
26
25
27
30
30
32
33
32
35
29
29
34
28
23
21
22
18
16
15
17
15
15
11
12
10
4
8
7
7
3
3
4
1
3
-1
3
3
-5
0
1
-1
-1
-1
-2
-2
0
0
1
-7
-7
-4
-2
-3
-3
-3
0
2
-3
1
2
4
7
11
11
13
15
14
16
14
14
16
20
17
19
19
21
21
24
24
21
22
19
22
21
16
19
22
20
16
19
21
17
17
18
21
17
21
20
16
20
17
18
19
17
16
13
16
17
19
20
22
23
19
20
22
23
22
21
27
27
29
24
25
27
31
28
26
29
28
27
30
29
25
27
32
30
28
25
23
24
26
31
28
24
24
29
27
25
26
25
23
19
22
17
22
23
23
23
22
25
21
19
23
17
13
13
12
10
8
6
7
7
5
2
4
4
3
-2
0
-1
-2
-3
-3
-2
-7
-6
-7
-9
-12
-8
-11
-16
-9
-11
-12
-10
-11
-7
-4
-6
-4
-7
-4
0
-2
3
1
-1
5
4
5
6
4
2
0
6
2
4
7
4
7
8
5
3
10
10
8
4
4
2
2
-3
-3
-4
-9
-2
-4
-2
-4
-7
-9
-11
-11
-13
-12
-12
-16
-15
-11
-11
-14
-12
-11
-14
-11
-11
-10
-8
-5
-7
1
2
1
3
4
1
6
4
7
14
16
18
21
24
24
19
22
25
24
28
30
31
31
30
34
33
31
32
26
25
26
25
24
28
22
22
20
21
20
19
15
14
13
8
12
9
9
8
12
7
7
13
8
9
8
6
10
7
7
8
10
8
10
10
13
15
11
13
16
16
16
20
17
16
20
17
20
23
22
23
19
20
22
20
19
20
23
25
25
25
22
21
23
24
23
19
18
15
14
8
8
12
10
11
3
3
-1
0
-1
-6
-6
-8
-8
-9
-13
-17
-9
-12
-12
-9
-14
-13
-16
-21
-24
-20
-21
-22
-20
-18
-17
-18
-14
-17
-10
-10
-13
-11
-9
-3
-5
-5
-7
-4
-4
3
1
3
3
2
2
3
6
5
6
6
2
8
10
8
9
10
14
11
12
9
9
11
6
6
7
3
3
0
-1
-1
-2
-4
-7
-10
-7
-6
-3
-6
-3
-2
0
-2
-5
-2
-6
-5
-3
-3
-1
-1
0
1
0
6
4
8
10
7
9
12
15
19
15
14
20
16
16
16
18
19
15
19
25
25
25
26
22
23
25
22
23
23
22
24
24
29
30
26
25
24
29
27
26
29
19
16
17
17
13
8
6
0
2
2
1
-3
-1
3
-2
-7
-9
-9
-9
-10
-11
-10
-13
-6
-7
-4
-5
-1
2
-3
0
0
-1
0
5
2
4
4
1
5
0
-2
0
2
5
4
5
3
3
5
2
5
1
0
2
1
0
1
-4
-5
-2
-6
-7
-9
-7
-8
-12
-7
-13
-12
-8
-13
-12
-10
-9
-12
-9
-10
-15
-16
-18
-17
-17
-16
-13
-18
-17
-13
-21
-20
-20
-21
-24
-22
-26
-23
-22
-24
-22
-21
-17
-17
-15
-16
-11
-9
-10
-12
-7
-8
-4
-5
-8
-2
-4
1
-1
5
8
9
9
10
12
17
19
17
21
20
16
20
18
17
15
11
17
15
15
14
12
13
16
13
13
19
16
14
13
10
9
8
10
6
7
5
7
7
3
5
10
6
2
3
1
1
-1
0
0
1
-3
2
2
2
0
-3
2
5
0
1
8
8
9
14
16
11
16
14
14
15
14
15
15
17
12
13
11
7
9
9
11
9
9
8
9
1
-2
0
-1
-2
-2
-4
-3
-5
-14
-12
-14
-16
-17
-20
-23
-23
-25
-29
-24
-28
-29
-29
-34
-30
-33
-30
-27
-30
-27
-28
-26
-26
-29
-27
-28
-30
-31
-28
-26
-27
-24
-23
-23
-18
-26
-24
-24
-20
-17
-14
-13
-14
-11
-12
-13
-16
-13
-10
-10
-12
-11
-13
-18
-23
-22
-21
-20
-23
-27
-25
-28
-30
-27
-24
-30
-29
-30
-30
-25
-29
-26
-22
-21
-20
-20
-16
-10
-13
-14
-12
-12
-11
-11
-9
-5
-9
-4
-1
-4
-3
2
4
2
2
3
5
7
6
10
9
14
16
11
14
15
16
15
11
15
15
17
11
8
14
10
14
17
13
10
8
12
12
10
10
8
3
3
7
2
2
4
7
2
-1
2
-1
-2
-4
-3
-3
-1
1
0
-5
0
0
-2
2
2
0
4
-1
-1
-3
-7
-1
-3
-5
-3
-4
-8
-10
-11
-10
-14
-16
-12
-13
-13
-11
-9
-13
-9
-10
-11
-9
-9
-9
-10
-8
-10
-12
-12
-11
-20
-19
-19
-21
-19
-22
-20
-20
-19
-16
-14
-15
-15
-16
-15
-17
-20
-19
-23
-20
-24
-22
-22
-23
-26
-28
-25
-29
-26
-22
-22
-19
-19
-20
-21
-17
-16
-19
-14
-19
-16
-12
-16
-12
-11
-11
-11
-12
-11
-10
-12
-13
-15
-13
-10
-13
-10
-13
-13
-10
-13
-10
-11
-9
-7
-6
-6
-4
-7
-4
-5
-6
-6
-7
-6
-4
-6
-7
-4
-1
-2
-5
0
-2
-3
3
1
2
4
4
4
4
2
3
1
1
3
2
4
3
0
4
3
4
1
2
2
-5
-6
-6
-4
-2
0
2
1
-2
2
0
1
1
0
2
3
-1
-2
1
2
2
1
-5
-2
-7
-5
-4
-5
-4
-6
-3
-7
0
-6
-9
-4
-9
-6
-11
-9
-7
-9
-10
-8
-14
-12
-8
-9
-11
-9
-9
-12
-9
-14
-12
-16
-15
-11
-12
-11
-14
-16
-19
-17
-19
-21
-20
-18
-21
-20
-18
-19
-21
-21
-19
-18
-17
-17
-16
-17
-19
-20
-17
-18
-19
-14
-15
-14
-15
-16
-15
-17
-17
-12
-14
-15
-15
-16
-12
-18
-20
-13
-20
-19
-15
-19
-17
-18
-19
-19
-16
-16
-17
-19
-16
-18
-11
-14
-15
-14
-13
-16
-15
-16
-14
-12
-14
-15
-10
-13
-17
-12
-8
-6
-7
-5
-3
-7
-2
-3
-3
-4
-3
0
3
1
5
6
9
8
6
7
9
12
6
12
9
11
15
9
13
14
17
11
13
10
12
12
3
8
9
11
7
8
3
2
0
-1
-1
-2
-6
-4
-4
-2
-3
-1
3
4
6
5
5
3
8
9
13
10
7
8
10
8
12
16
13
13
11
17
16
17
18
20
15
18
14
15
17
15
13
11
11
9
12
6
5
4
4
4
0
1
-1
-5
-5
-4
-4
-8
-8
-11
-14
-18
-17
-20
-18
-15
-18
-17
-18
-20
-20
-21
-20
-22
-26
-29
-31
-31
-30
-26
-30
-25
-28
-23
-26
-25
-22
-21
-21
-19
-21
-14
-10
-12
-11
-12
-6
-4
-5
-9
-4
-5
-8
-11
-8
-11
-11
-9
-12
-12
-14
-15
-15
-15
-18
-19
-18
-17
-18
-15
-14
-18
-16
-11
-10
-7
-5
-10
-9
-6
-9
-12
-13
-15
-17
-15
-12
-10
-12
-11
-11
-9
-10
-9
-9
-9
-4
-5
-4
-3
-3
0
3
0
0
2
-1
-1
-5
-2
0
-1
3
7
6
7
7
1
5
5
9
5
10
10
10
11
9
10
8
5
5
11
8
6
4
13
10
7
11
4
4
1
0
2
0
-1
-3
-3
4
-1
1
5
1
1
4
7
7
2
3
3
5
2
3
6
-1
0
3
-1
0
1
0
-2
5
2
0
1
2
-1
-5
-8
-9
-7
-9
-10
-9
-7
-7
-9
-8
-8
-9
-7
-8
-10
-9
-5
-4
-5
-6
-9
-8
-9
-10
-13
-9
-10
-15
-12
-12
-12
-16
-13
-13
-16
-20
-17
-18
-14
-16
-11
-15
-13
-11
-12
-11
-13
-14
-15
-17
-17
-18
-16
-14
-19
-16
-18
-15
-13
-15
-15
-22
-20
-20
-15
-19
-24
-18
-18
-19
-15
