-10
-12
-12
-9
-15
-13
-13
-15
-13
-15
-10
-12
-13
-12
-11
-11
-7
-10
-11
-8
-14
-8
-9
-9
-8
-10
-11
-8
-6
-6
-9
-10
-4
-9
-8
-8
-8
-10
-13
-14
-16
-10
-11
-14
-15
-10
-10
-13
-15
-20
-15
-18
-13
-12
-20
-16
-12
-11
-12
-13
-15
-15
-13
-10
-10
-5
-4
-5
-4
-2
-5
-3
-3
-6
-3
0
-4
-6
-5
-4
-3
-3
-5
-1
-2
-1
2
0
1
1
-2
-3
1
1
3
2
0
-2
-1
-2
-3
-6
-6
-5
-3
-10
-11
-7
-11
-11
-9
-11
-13
-11
-13
-11
-16
-10
-4
-9
-4
-5
-7
-5
-4
-4
-4
-8
-6
-8
-10
-4
-7
-9
-8
-10
-6
-4
-10
-7
-8
-7
-10
-8
-6
-6
-6
-7
-10
-13
-13
-17
-18
-18
-21
-22
-26
-26
-24
-21
-22
-23
-17
-19
-15
-18
-20
-16
-17
-17
-15
-19
-19
-27
-22
-18
-19
-17
-22
-22
-20
-20
-19
-19
-20
-19
-19
-17
-18
-16
-18
-21
-21
-21
-22
-22
-21
-21
-21
-23
-25
-19
-22
-20
-20
-21
-20
-21
-16
-15
-18
-21
-19
-18
-20
-20
-21
-19
-20
-16
-23
-18
-21
-20
-19
-24
-25
-30
-21
-23
-21
-24
-22
-20
-23
-22
-25
-21
-21
-21
-19
-19
-18
-17
-13
-15
-12
-13
-13
-13
-14
-13
-17
-14
-12
-10
-14
-20
-18
-19
-15
-17
-18
-18
-16
-15
-17
-16
-16
-14
-14
-14
-17
-15
-18
-21
-19
-19
-15
-18
-20
-19
-18
-17
-16
-15
-15
-17
-16
-12
-16
-14
-10
-12
-12
-9
-8
-9
-7
-12
-11
-12
-10
-11
-10
-11
-16
-16
-15
-16
-13
-16
-13
-14
-10
-9
-12
-8
-16
-8
-12
-13
-15
-15
-19
-19
-18
-20
-19
-19
-17
-24
-21
-18
-18
-20
-20
-20
-22
-22
-23
-19
-26
-18
-19
-22
-17
-17
-14
-17
-18
-15
-7
-12
-17
-21
-14
-14
-10
-14
-17
-15
-14
-14
-15
-17
-18
-19
-18
-16
-20
-18
-24
-24
-22
-18
-18
-23
-18
-19
-23
-22
-21
-22
-20
-19
-16
-16
-16
-18
-22
-21
-21
-21
-21
-23
-20
-20
-21
-21
-19
-19
-21
-14
-18
-21
-21
-18
-16
-18
-17
-20
-21
-23
-24
-22
-18
-21
-24
-15
-16
-16
-19
-18
-17
-15
-10
-13
-9
-12
-13
-14
-13
-10
-17
-16
-15
-15
-9
-8
-10
-8
-12
-15
-14
-13
-14
-16
-17
-19
-18
-15
-14
-14
-15
-18
-15
-18
-17
-15
-11
-13
-13
-13
-17
-16
-17
-12
-14
-15
-15
-14
-16
-15
-15
-13
-13
-16
-14
-14
-19
-16
-13
-15
-18
-18
-17
-15
-15
-20
-22
-24
-23
-23
-19
-21
-20
-23
-25
-24
-19
-20
-25
-24
-23
-19
-22
-21
-24
-21
-22
-22
-23
-25
-22
-19
-21
-25
-24
-24
-26
-26
-22
-21
-21
-22
-21
-25
-25
-24
-21
-21
-19
-22
-24
-23
-20
-22
-25
-23
-22
-20
-20
-27
-27
-28
-28
-25
-28
-29
-29
-28
-30
-27
-28
-29
-33
-31
-34
-29
-34
-36
-32
-34
-40
-37
-38
-39
-36
-36
-34
-32
-32
-31
-29
-33
-28
-25
-27
-24
-26
-26
-24
-25
-22
-23
-22
-20
-24
-17
-17
-22
-15
-17
-16
-10
-12
-18
-15
-15
-18
-16
-14
-15
-12
-16
-18
-14
-17
-16
-14
-11
-11
-15
-15
-12
-11
-19
-15
-13
-15
-14
-16
-15
-13
-13
-15
-17
-16
-11
-19
-17
-17
-18
-20
-13
-12
-11
-10
-14
-9
-14
-13
-9
-16
-12
-10
-10
-9
-15
-9
-6
-8
-7
-10
-8
-9
-10
-6
-13
-15
-13
-12
-15
-10
-12
-14
-17
-15
-13
-13
-13
-18
-14
-14
-15
-15
-17
-13
-9
-10
-11
-10
-9
-10
-8
-11
-12
-10
-14
-15
-10
-10
-8
-11
-12
-8
-10
-11
-9
-10
-12
-7
-10
-13
-15
-19
-14
-17
-17
-20
-19
-23
-20
-14
-19
-19
-20
-21
-22
-21
-20
-16
-16
-15
-17
-21
-20
-21
-16
-18
-18
-17
-17
-20
-17
-16
-19
-19
-16
-16
-15
-9
-12
-11
-8
-10
-10
-11
-10
-15
-11
-11
-15
-13
-10
-14
-16
-12
-16
-10
-13
-14
-10
-12
-9
-8
-9
-8
-8
-11
-11
-11
-12
-13
-11
-8
-13
-10
-7
-6
-9
-6
-5
-8
-8
-7
-11
-10
-4
-8
-9
-10
-12
-13
-16
-17
-18
-15
-17
-13
-17
-17
-18
-18
-17
-15
-14
-16
-15
-13
-11
-12
-12
-11
-12
-14
-15
-15
-18
-17
-18
-17
-17
-16
-16
-17
-16
-16
-14
-15
-12
-15
-12
-10
-12
-16
-17
-14
-9
-11
-16
-12
-11
-16
-14
-15
-13
-9
-13
-14
-13
-15
-14
-14
-16
-15
-17
-17
-11
-17
-14
-16
-18
-15
-15
-11
-13
-10
-16
-14
-13
-14
-8
-14
-13
-8
-10
-8
-10
-11
-14
-10
-11
-12
-11
-15
-10
-15
-11
-16
-14
-10
-12
-10
-11
-11
-11
-12
-16
-12
-14
-11
-13
-15
-11
-8
-5
-7
-8
-4
-4
-4
-6
-5
-9
-13
-10
-13
-17
-18
-11
-8
-6
-4
0
-2
-3
0
-1
0
2
1
0
3
2
-3
0
1
-2
-2
-4
-6
-3
-2
-5
-7
-6
-6
-7
-7
-5
-2
-4
-1
-4
-4
-5
-7
-6
-4
-8
-7
-2
-5
-7
-6
-1
0
4
0
2
1
-3
-1
-2
3
4
5
9
6
5
3
4
6
6
1
2
6
4
4
2
5
6
4
8
5
8
8
9
5
6
10
7
9
5
3
2
-2
-1
1
3
0
-3
1
-2
-3
-4
-3
-5
-6
-6
-8
-8
-10
-9
-10
-11
-8
-10
-8
-9
-15
-8
-7
-11
-9
-8
-6
-6
-9
-9
-11
-9
-6
-8
-4
-8
-10
-8
-5
-7
-7
-7
-9
-9
-5
-5
-8
-8
-8
-7
-10
-9
-9
-11
-9
-9
-10
-11
-10
-10
-7
-9
-15
-17
-17
-15
-15
-14
-14
-9
-10
-12
-12
-14
-13
-9
-11
-14
-9
-7
-9
-6
-7
-4
-3
-1
-2
-2
-3
-3
-2
-3
2
-3
-1
1
2
6
1
1
5
4
0
2
1
-1
-5
-3
1
-3
-8
-7
-6
-3
-4
-8
-5
-4
-7
-5
-6
-6
-9
-7
-6
-9
-9
-9
-5
-8
-9
-6
-7
-6
-8
-3
-7
-2
-3
2
0
1
4
1
5
1
3
4
5
0
3
3
4
3
2
6
3
5
4
6
6
6
10
6
8
7
10
7
9
10
6
10
9
7
2
5
7
4
6
3
5
5
2
2
2
5
6
7
7
8
9
9
9
11
13
10
9
9
9
7
9
10
7
7
5
11
12
10
15
3
6
11
10
12
11
3
4
7
5
9
12
10
11
10
11
9
6
4
7
8
14
14
12
14
9
9
7
6
14
12
11
9
7
12
12
12
15
16
14
13
12
18
23
20
19
18
11
16
15
11
17
13
14
10
11
11
13
11
13
14
12
15
13
15
17
16
18
18
16
18
15
12
13
14
13
15
14
12
14
13
12
11
11
8
7
8
10
6
4
7
8
10
11
7
6
8
5
7
6
7
6
11
9
5
6
3
4
4
4
4
6
7
9
3
7
5
4
7
2
3
1
2
3
1
0
3
-2
-1
0
-2
-1
2
4
2
1
-1
-1
-1
-3
-1
1
0
0
-2
-3
-6
-3
-6
-7
-4
-6
-8
-8
-11
-14
-11
-14
-11
-15
-12
-7
-8
-7
-8
-9
-4
-5
-6
-4
-7
-1
-4
-4
-3
-4
-7
-7
-3
-4
-4
2
-5
-7
-2
-3
-2
2
1
-1
-1
-4
1
5
3
3
5
8
3
0
7
6
8
9
9
14
9
12
15
15
16
15
15
17
16
17
21
23
20
20
19
19
21
13
16
15
17
16
17
20
18
15
17
25
16
23
24
19
22
21
19
19
20
17
19
18
17
13
13
14
17
18
18
20
15
12
12
13
9
10
7
10
11
9
10
12
16
10
11
13
15
12
9
8
11
16
14
16
11
14
15
11
9
14
14
11
12
18
17
11
17
12
10
7
4
1
5
5
10
11
9
8
7
10
10
10
6
10
15
13
10
12
9
8
7
7
9
10
8
8
10
5
9
11
7
10
8
9
9
11
13
14
11
10
12
8
9
6
8
7
6
8
10
10
10
7
12
11
12
14
14
10
5
8
10
5
7
11
9
6
2
4
1
1
4
3
5
5
2
0
-1
5
2
-3
-1
-1
1
-1
-3
-4
-1
-2
-3
-2
-2
-2
-1
0
-1
1
-3
-5
-2
1
0
-3
1
-1
-3
-1
-2
-2
-2
-4
-2
-2
-4
-8
-6
-4
-4
-8
-8
-5
-6
-13
-11
-9
-8
-14
-16
-11
-11
-13
-21
-15
-11
-13
-15
-13
-10
-10
-16
-17
-8
-6
-13
-15
-9
-10
-16
-15
-5
-6
-15
-18
-12
-7
-15
-19
-8
-3
-14
-22
-14
-5
-20
-22
-19
-13
-14
-15
-11
-16
-9
-5
-11
-15
-4
-6
-14
-12
-5
-10
-14
-2
-10
-11
-8
-9
-10
-8
-12
-17
-8
-5
-15
-10
1
-3
-17
-17
1
-1
-17
-13
3
-6
-12
0
-1
-7
3
-4
-5
2
-1
-4
-7
0
4
1
-9
0
8
-2
-10
-4
2
3
3
-5
1
12
11
-1
-4
10
7
-4
4
6
-7
-1
8
-3
-13
-5
9
-3
-7
0
0
7
13
-6
-9
16
14
-7
-3
14
3
-10
7
20
-1
-10
12
16
-3
-4
14
17
3
-5
0
9
5
-4
0
9
5
6
3
8
11
2
2
14
16
6
4
16
13
0
3
16
16
8
0
11
11
10
6
7
10
5
4
9
7
-2
12
10
-1
0
14
10
-4
9
22
14
-3
8
22
12
1
1
18
16
5
4
14
15
8
5
13
9
3
6
15
8
-11
-3
16
-1
-17
-4
13
3
-27
-14
19
1
-25
-22
-6
9
-13
-39
-18
18
-16
-40
-16
9
-7
-32
-26
0
-8
-35
-18
-8
-28
-30
-32
-12
-31
-50
-26
-13
-35
-49
-19
-18
-16
-43
-32
-14
-20
-40
-39
-15
-30
-40
-38
-21
-36
-48
-30
-27
-37
-54
-33
-32
-24
-41
-53
-23
-26
-40
-46
-28
-24
-44
-44
-33
-40
-56
-44
-43
-51
-53
-49
-34
-37
-52
-52
-33
-31
-41
-37
-31
-32
-30
-35
-40
-21
-20
-31
-24
-6
-2
-10
-5
2
8
4
8
21
32
26
30
38
51
51
47
55
66
71
68
67
70
77
68
67
69
61
56
56
48
40
41
30
24
26
20
17
13
16
13
1
18
14
19
-17
14
25
-13
-14
10
10
-29
-15
4
-17
-40
-19
-25
-26
-34
-35
-56
-37
-4
-71
-71
-7
-26
-90
-56
-34
-26
-64
-68
-44
-44
-57
-59
-63
-48
-24
-50
-53
-43
-29
-27
-43
-58
-19
6
-48
-59
-16
-13
-36
-58
-43
-23
-25
-48
-56
-32
-24
-48
-56
-36
-30
-60
-51
-27
-50
-68
-43
-37
-49
-69
-57
-47
-49
-66
-50
-28
-28
-32
-22
-11
0
8
13
33
42
46
50
67
72
76
74
80
86
85
84
80
80
86
78
75
74
73
62
55
52
46
42
35
27
26
19
16
12
6
-4
-8
-9
-5
-5
-10
-10
-7
-16
-11
-8
-3
-4
-6
-7
4
16
5
-5
9
30
8
-2
21
31
11
-7
12
27
19
5
1
18
3
3
11
-4
-8
11
13
-9
0
2
10
-33
4
-2
-27
-12
14
-18
-46
18
17
-33
-58
21
4
-21
-58
-16
-5
-41
-58
-27
-54
-45
-47
-67
-89
-39
-68
-110
-62
-54
-57
-124
-71
-49
-87
-99
-64
-64
-132
-57
-70
-103
-100
-68
-94
-113
-76
-85
-124
-103
-62
-116
-131
-67
-68
-139
-96
-63
-74
-118
-94
-68
-72
-95
-87
-80
-73
-78
-75
-56
-39
-49
-52
-18
3
-4
-4
24
38
39
41
59
66
72
72
70
83
81
85
68
73
73
72
67
65
71
53
44
38
41
34
26
14
17
13
9
1
4
-3
-10
-10
0
2
-7
-8
-7
4
9
-16
5
19
11
8
12
13
41
39
-1
2
61
58
-7
14
76
47
-4
28
77
32
-6
52
69
19
23
43
38
48
27
26
36
66
9
-15
56
74
-28
-43
89
76
-58
-40
75
55
-36
-27
35
40
-30
-17
1
4
-44
-31
10
-34
-76
-26
-15
-52
-56
-48
-68
-25
-31
-97
-67
-16
-37
-99
-75
-45
-24
-86
-109
-74
-9
-88
-122
-69
-22
-91
-80
-76
-58
-70
-65
-72
-90
-64
-58
-72
-91
-64
-64
-78
-77
-51
-38
-36
-49
-44
-8
4
-3
10
33
45
39
58
74
76
74
82
88
90
95
103
81
84
80
94
90
85
74
69
58
51
43
40
29
20
12
16
10
-2
-2
-14
-15
-22
-6
-13
-18
-32
-7
-19
-21
-16
-5
2
-26
-12
1
12
-7
-17
10
7
-12
7
10
-2
-3
9
13
31
3
6
30
27
6
3
18
29
38
-27
-13
51
33
-38
-30
30
25
-20
-52
15
44
-44
-43
-13
7
17
-68
-47
11
14
-80
-81
-9
-26
-63
-78
-29
-49
-52
-75
-45
-85
-42
-55
-97
-73
-61
-53
-121
-82
-49
-100
-88
-91
-59
-78
-127
-83
-53
-77
-133
-76
-60
-79
-114
-99
-66
-93
-101
-107
-85
-76
-100
-105
-92
-87
-107
-114
-91
-68
-39
-66
-88
-25
-1
-26
-21
32
46
25
25
66
85
77
73
86
111
104
107
98
98
96
87
100
107
102
81
79
88
59
49
55
50
32
24
33
24
5
2
-3
-6
1
7
-10
-7
1
-17
-33
18
12
-29
4
29
-13
-16
23
19
-3
-4
39
51
10
3
24
45
30
8
5
67
56
-17
9
80
38
-6
41
41
65
20
21
33
37
22
18
14
51
8
4
36
27
-30
33
55
-43
-3
56
6
-39
-15
18
-21
-10
-37
-24
16
-38
-64
-49
24
-68
-87
-34
-14
-88
-106
-26
-60
-95
-76
-52
-65
-100
-57
-81
-77
-91
-81
-85
-68
-65
-116
-84
-44
-91
-133
-80
-30
-122
-118
-63
-62
-112
-107
-72
-81
-117
-81
-12
-35
-82
-54
13
11
-19
24
82
57
46
68
109
100
82
97
118
129
121
121
121
117
104
110
121
119
103
81
79
68
51
54
39
27
26
23
14
10
1
-16
-14
-13
-23
10
12
-65
-30
6
-27
-52
10
1
-67
-25
11
-9
-38
-23
2
-7
-10
5
9
-8
-3
4
22
10
8
32
18
4
15
12
23
41
-18
4
46
18
-3
-14
30
24
-30
1
25
-10
13
-39
-40
40
-9
-51
-53
22
-12
-84
-49
-20
0
-117
-95
40
-51
-123
-76
-39
-62
-100
-88
-60
-52
-123
-92
-39
-115
-112
-48
-107
-123
-57
-91
-103
-90
-75
-105
-112
-68
-82
-96
-149
-60
-71
-129
-104
-51
-86
-124
-83
-59
-92
-95
-112
-87
-95
-90
-59
-24
-27
-72
-36
16
18
11
41
72
55
60
107
115
110
105
123
145
143
138
144
121
116
122
128
123
125
110
87
81
75
65
66
37
41
36
43
20
16
8
-4
5
35
22
-29
16
45
-44
-38
38
27
-10
-24
-11
8
33
-18
-37
22
51
-14
-18
43
70
-9
-22
63
65
15
14
82
44
-8
46
96
24
20
56
60
38
27
22
35
64
-36
33
56
20
14
-11
-16
55
32
-47
-29
25
75
-69
-67
11
88
-106
-120
59
27
-82
-121
-33
39
-82
-150
-46
55
-99
-151
-34
-31
-78
-101
-108
-82
-29
-40
-170
-89
20
-87
-209
-75
49
-125
-211
-26
-10
-125
-149
-46
-37
-110
-94
-93
-61
-76
-109
-125
-77
-40
-30
-46
-20
-27
2
24
25
70
84
80
78
120
148
127
133
133
155
160
154
170
160
134
119
128
149
141
121
102
92
75
66
79
59
28
31
42
43
17
-13
35
18
-44
17
69
9
-36
-23
12
21
-13
-16
22
24
-13
-43
10
60
-2
-20
0
58
44
24
-5
23
55
27
9
81
87
-10
-1
74
93
-30
15
98
30
-28
42
101
-31
-25
55
33
2
9
2
26
17
-38
-41
39
22
-17
-53
-75
27
87
-149
-165
84
62
-184
-131
46
-16
-120
-83
-64
-60
10
-100
-126
-91
4
-46
-168
-84
2
-54
-172
-70
0
-86
-138
-69
-72
-82
-66
-142
-104
-51
-107
-130
-80
-50
-114
-122
-75
-74
-100
-124
-83
-86
-87
-18
18
-47
-57
23
61
31
70
134
95
78
153
177
137
158
193
179
159
200
213
179
152
147
165
161
167
135
109
102
80
69
76
81
40
20
32
40
5
-3
5
8
-21
-25
57
38
-46
-22
39
18
1
39
40
21
3
23
38
46
44
43
31
59
86
46
35
79
67
61
62
86
100
43
34
49
93
56
21
57
70
8
34
69
-1
41
26
27
16
38
15
-3
-4
29
30
-8
-17
17
0
-40
-23
-36
43
-61
-115
-17
25
-102
-141
13
-13
-94
-142
-11
-24
-119
-144
-45
-28
-111
-105
-86
-43
-102
-127
-54
-41
-97
-136
-71
-84
-104
-108
-102
-104
-92
-97
-137
-81
-67
-121
-152
-96
-72
-134
-131
-58
17
-42
-105
-23
96
34
-3
91
155
92
66
160
196
151
135
193
203
182
186
200
176
157
167
163
164
148
122
94
94
79
57
66
49
22
8
13
1
-25
-22
-31
-38
-12
-6
-24
-27
-20
-21
-21
-17
40
36
-21
-6
42
17
2
60
59
22
61
63
45
42
80
85
52
80
117
65
22
72
88
25
47
95
46
42
26
-6
42
47
-14
-29
50
32
-47
1
1
-24
19
16
-54
-17
92
-47
-150
31
40
-63
-67
-21
-19
-54
-87
-46
-9
-88
-86
-38
-20
-99
-152
-26
16
-172
-140
27
-50
-151
-106
-65
-48
-56
-139
-98
5
-77
-168
-124
-25
-76
-149
-152
-36
-71
-160
-163
-99
-110
-150
-147
-129
-30
1
-61
-95
-25
65
66
39
112
164
119
84
178
216
189
178
211
222
209
204
222
190
155
185
196
179
175
131
93
90
75
69
69
58
17
-27
-18
-10
-21
-50
-50
-52
-45
-29
-23
-48
-67
-21
-13
-12
15
58
29
-20
-4
50
78
68
46
57
68
68
73
72
91
86
85
84
87
75
62
69
59
34
70
89
48
5
13
23
50
77
-36
-18
38
71
-77
-40
30
53
-34
-88
-37
67
-17
-129
-58
21
12
-101
-74
11
-16
-120
-77
-41
-22
-56
-111
-58
-59
-100
-75
-70
-55
-75
-67
-92
-47
-58
-134
-89
-39
-67
-143
-93
-57
-87
-164
-141
-42
-91
-125
-163
-119
-93
-131
-200
-140
-113
-166
-177
-62
29
-55
-134
-64
87
82
51
104
169
108
82
178
261
228
181
199
227
226
219
219
196
168
183
172
182
173
106
63
59
92
79
58
36
2
-40
-42
-11
-18
-35
-62
-72
-73
-63
-54
-56
-69
-76
-60
-32
17
25
-31
-31
21
46
74
101
98
62
64
97
133
146
135
119
110
110
125
141
110
78
75
109
100
65
38
42
43
-8
4
107
21
-72
-15
-4
-27
18
51
-21
-69
-10
35
-38
-69
63
80
-87
-132
81
78
-90
-142
-18
17
-33
-88
-129
-36
-66
-160
-91
-8
-95
-148
-139
-72
-74
-90
-156
-67
-63
-124
-120
-86
-99
-107
-136
-148
-86
-74
-171
-186
-143
-131
-182
-199
-165
-157
-124
-81
-27
-36
-66
-8
110
162
147
173
207
202
226
282
344
339
329
299
315
320
325
298
275
253
244
240
225
187
151
114
116
104
98
77
17
-33
-47
-33
-40
-53
-69
-99
-117
-117
-99
-90
-94
-106
-92
-69
-53
-45
-38
-52
-37
77
93
51
51
114
149
135
161
235
199
178
197
205
213
225
192
168
169
175
142
87
86
78
33
1
16
-9
-60
-89
-80
-62
-110
-85
-26
-141
-138
-16
-76
-149
-62
-41
-89
-95
-50
-92
-96
-55
-85
-90
-91
-79
-64
-112
-170
-89
-46
-79
-193
-107
-28
-90
-184
-149
-34
-87
-181
-188
-93
-97
-184
-248
-159
-115
-207
-241
-192
-185
-246
-282
-248
-211
-200
-110
-50
-65
-134
-92
69
155
146
157
232
230
207
287
387
391
343
334
363
363
353
343
317
293
292
273
258
206
172
126
79
97
96
65
-7
-63
-73
-65
-74
-81
-88
-124
-159
-165
-143
-132
-135
-147
-137
-125
-113
-89
-78
-76
-79
-26
33
62
52
63
97
129
165
217
244
229
221
228
250
275
274
249
235
217
202
186
168
141
108
84
67
44
10
-34
-64
-89
-98
-97
-100
-139
-174
-143
-144
-158
-150
-98
-111
-164
-135
-71
-90
-115
-69
-55
-86
-59
-51
-67
-63
-108
-67
-38
-106
-153
-65
-80
-171
-176
-142
-121
-157
-209
-197
-154
-209
-262
-225
-167
-218
-255
-258
-245
-274
-278
-269
-266
-235
-147
-9
-36
-172
-145
102
249
183
180
284
267
206
309
500
507
398
356
381
382
401
429
384
311
283
290
248
207
200
144
65
51
95
62
-33
-97
-97
-93
-91
-75
-106
-163
-195
-196
-168
-122
-99
-123
-168
-156
-118
-60
-37
-27
-52
-25
40
69
87
112
157
168
185
249
294
283
268
269
295
318
325
308
259
227
229
217
202
174
137
75
36
30
25
-11
-55
-79
-115
-132
-116
-118
-146
-165
-170
-168
-159
-134
-134
-147
-145
-137
-120
-81
-94
-119
-79
-51
-58
-85
-53
-12
-75
-130
-51
-9
-105
-174
-83
-110
-186
-183
-126
-148
-215
-244
-235
-204
-231
-234
-248
-279
-309
-329
-334
-316
-305
-258
-127
-40
-178
-279
-112
163
197
100
169
263
199
179
377
536
470
364
351
380
389
437
446
369
306
310
262
197
206
204
107
34
70
70
-33
-111
-120
-122
-128
-122
-138
-213
-252
-254
-239
-196
-148
-162
-226
-245
-197
-135
-90
-59
-78
-113
-84
28
69
65
100
147
150
166
228
297
284
272
303
301
326
335
298
245
235
257
244
187
154
111
48
24
49
29
-21
-73
-120
-155
-153
-111
-114
-168
-205
-203
-216
-197
-165
-152
-170
-191
-175
-156
-124
-107
-113
-142
-102
-51
-50
-92
-93
-63
-73
-87
-83
-51
-100
-168
-156
-120
-131
-135
-175
-218
-236
-237
-228
-234
-227
-257
-329
-366
-339
-334
-313
-234
-76
-78
-251
-296
-56
195
187
106
189
244
181
224
437
585
498
388
368
402
431
483
476
410
366
330
263
225
244
221
136
66
83
50
-58
-125
-125
-111
-110
-131
-181
-253
-290
-276
-252
-189
-157
-204
-281
-280
-221
-135
-73
-62
-102
-148
-114
-39
47
153
145
95
68
157
275
299
309
330
299
287
307
346
369
323
274
244
230
241
203
127
89
79
59
13
-12
-67
-128
-157
-124
-90
-117
-169
-225
-250
-214
-160
-139
-156
-199
-226
-220
-183
-107
-95
-129
-149
-158
-127
-89
-69
-68
-99
-121
-109
-85
-78
-108
-121
-113
-131
-143
-159
-164
-184
-214
-213
-209
-215
-240
-275
-292
-323
-338
-349
-320
-167
-33
-111
-304
-270
35
230
157
126
216
218
136
260
523
593
438
324
343
399
447
492
471
389
315
267
239
239
270
214
96
58
64
18
-64
-111
-102
-109
-129
-158
-204
-254
-279
-266
-232
-180
-175
-234
-299
-286
-203
-119
-68
-70
-140
-174
-125
-28
51
138
148
70
31
105
264
318
312
313
279
239
278
338
371
341
281
232
191
200
197
153
113
93
63
-1
-43
-65
-103
-129
-118
-103
-143
-202
-242
-245
-206
-161
-155
-183
-234
-261
-241
-184
-119
-107
-148
-186
-189
-167
-110
-69
-71
-108
-152
-165
-141
-116
-98
-103
-129
-142
-190
-209
-200
-178
-175
-210
-237
-250
-277
-284
-283
-297
-333
-375
-363
-184
13
-79
-344
-311
87
285
138
95
273
246
98
258
597
656
414
295
347
404
488
550
493
373
300
258
227
274
338
234
49
11
69
28
-55
-80
-86
-121
-164
-177
-194
-222
-248
-271
-248
-185
-177
-245
-296
-259
-186
-116
-62
-64
-140
-181
-116
-6
63
102
74
62
75
130
229
286
325
307
256
246
297
347
383
338
307
266
227
211
208
199
169
112
56
3
-22
-49
-71
-94
-100
-103
-158
-206
-224
-204
-178
-165
-162
-178
-228
-252
-213
-151
-107
-113
-146
-176
-182
-159
-116
-83
-70
-96
-145
-165
-151
-106
-88
-101
-126
-165
-185
-194
-201
-188
-197
-213
-246
-271
-281
-300
-293
-309
-344
-372
-338
-181
-36
-104
-264
-228
53
231
174
163
249
250
168
298
570
639
475
350
359
428
487
537
510
406
296
230
227
281
319
231
69
-6
12
-14
-61
-78
-78
-139
-211
-232
-228
-231
-254
-273
-262
-232
-234
-274
-295
-249
-179
-121
-91
-93
-138
-160
-96
-3
73
89
75
29
55
132
240
320
307
284
239
237
318
368
389
362
281
250
228
230
243
212
173
115
51
25
-7
-22
-58
-86
-97
-114
-152
-193
-195
-192
-173
-160
-172
-192
-222
-241
-206
-147
-115
-129
-154
-176
-179
-160
-118
-82
-81
-117
-164
-170
-145
-107
-91
-116
-142
-172
-200
-211
-209
-169
-181
-217
-263
-298
-277
-250
-249
-277
-330
-366
-357
-305
-79
68
-100
-333
-178
210
294
143
211
353
239
141
395
695
630
392
334
408
450
507
543
492
362
261
212
234
312
311
164
5
-8
16
-33
-78
-76
-101
-188
-251
-229
-212
-235
-274
-276
-239
-211
-230
-260
-257
-213
-152
-97
-53
-75
-134
-131
-47
46
103
114
100
43
84
216
288
320
306
287
247
255
356
410
369
328
278
244
229
234
233
182
137
90
32
9
-6
-35
-87
-104
-92
-115
-160
-200
-200
-184
-165
-148
-149
-178
-207
-214
-173
-118
-100
-120
-157
-175
-174
-150
-102
-66
-85
-138
-192
-186
-139
-109
-88
-125
-168
-233
-267
-237
-171
-160
-205
-283
-335
-323
-293
-251
-259
-329
-398
-425
-353
-135
33
-67
-276
-225
87
257
188
225
341
266
156
337
648
678
467
360
404
439
484
548
536
418
279
209
231
295
308
190
35
-11
-6
-30
-78
-86
-104
-183
-251
-231
-199
-224
-279
-297
-259
-220
-212
-240
-243
-224
-180
-111
-39
-29
-83
-116
-67
34
103
140
129
87
66
139
258
321
334
286
242
248
317
405
399
348
296
252
237
252
264
228
148
95
56
37
29
-13
-64
-103
-110
-99
-120
-154
-174
-182
-176
-152
-126
-130
-163
-189
-180
-129
-91
-86
-105
-139
-151
-143
-105
-60
-57
-111
-169
-197
-157
-126
-121
-128
-179
-212
-241
-233
-184
-183
-205
-241
-282
-289
-294
-264
-244
-280
-325
-351
-350
-343
-237
24
58
-209
-298
22
312
215
149
354
403
186
206
560
728
539
379
407
455
450
489
522
451
336
246
200
235
286
243
77
-29
-3
-8
-89
-121
-97
-137
-236
-267
-214
-210
-257
-278
-265
-231
-204
-209
-225
-208
-155
-108
-65
-16
-20
-66
-49
30
100
141
162
141
107
125
207
294
343
340
273
231
277
343
371
352
319
276
218
195
216
216
171
112
59
16
-11
-23
-50
-80
-85
-86
-106
-133
-140
-150
-144
-123
-92
-90
-120
-140
-133
-96
-60
-41
-57
-89
-111
-112
-96
-65
-56
-89
-137
-171
-169
-155
-127
-110
-143
-206
-253
-243
-223
-210
-207
-252
-297
-342
-354
-327
-292
-290
-366
-434
-439
-357
-155
31
-60
-271
-221
102
258
217
286
411
308
177
372
688
730
549
432
438
464
505
570
567
464
312
207
205
269
289
184
20
-45
-41
-61
-114
-138
-146
-212
-290
-277
-231
-243
-298
-324
-289
-237
-200
-204
-223
-202
-156
-97
-19
31
0
-42
-18
59
139
204
219
155
106
156
241
328
367
344
256
206
268
342
366
339
285
205
156
165
191
171
126
64
4
-28
-29
-38
-73
-95
-95
-96
-99
-130
-137
-139
-129
-97
-68
-57
-83
-116
-107
-71
-32
-12
-24
-59
-94
-101
-80
-45
-39
-73
-122
-156
-163
-156
-123
-113
-158
-200
-245
-251
-247
-242
-206
-232
-286
-320
-338
-305
-273
-278
-321
-370
-369
-354
-291
-54
104
-31
-260
-110
277
364
262
324
454
366
266
473
746
713
530
424
431
486
540
548
471
370
290
209
181
218
228
108
-51
-101
-63
-73
-145
-195
-197
-227
-262
-260
-240
-233
-264
-293
-261
-183
-127
-142
-167
-135
-71
-9
61
90
65
47
75
135
185
248
258
189
162
229
319
345
328
306
260
241
281
327
321
275
219
152
120
153
153
106
48
-3
-29
-49
-57
-60
-85
-111
-108
-91
-86
-91
-107
-106
-90
-69
-38
-32
-55
-80
-77
-49
-15
-1
-21
-53
-88
-97
-82
-67
-64
-98
-136
-174
-194
-179
-158
-152
-185
-243
-261
-263
-247
-230
-260
-279
-306
-322
-311
-319
-318
-321
-357
-377
-389
-304
-76
55
-52
-211
-120
178
346
319
310
358
356
355
465
624
685
602
469
390
414
522
574
470
322
236
216
201
171
133
76
-19
-104
-139
-135
-136
-173
-246
-308
-295
-247
-226
-250
-281
-281
-255
-196
-141
-113
-106
-108
-89
-30
62
110
102
83
94
134
181
234
254
218
194
227
278
334
325
285
248
228
274
311
287
232
168
121
118
125
129
85
3
-50
-69
-53
-33
-50
-95
-125
-134
-98
-66
-63
-70
-90
-93
-72
-31
-8
-17
-50
-66
-50
-29
-13
-22
-50
-82
-105
-93
-79
-86
-113
-154
-171
-174
-182
-185
-184
-200
-220
-251
-266
-249
-235
-226
-240
-267
-262
-265
-274
-281
-278
-260
-264
-280
-305
-303
-182
11
101
8
-99
-9
205
335
361
346
330
355
424
489
517
503
498
486
399
357
393
428
380
264
184
170
175
160
82
-36
-96
-83
-57
-74
-139
-201
-244
-247
-219
-194
-178
-187
-203
-229
-233
-183
-92
-36
-51
-76
-68
-1
72
100
88
81
107
152
176
194
183
181
199
231
293
293
283
242
216
243
263
290
264
202
161
113
126
135
109
71
18
-13
-29
-50
-49
-65
-84
-90
-94
-94
-97
-99
-112
-115
-98
-75
-49
-49
-75
-85
-60
-45
-39
-28
-30
-42
-67
-72
-76
-54
-69
-121
-122
-119
-119
-118
-151
-145
-137
-147
-155
-178
-158
-182
-197
-139
-153
-231
-211
-152
-155
-199
-199
-172
-169
-180
-226
-228
-169
-66
44
55
-26
-69
13
147
246
283
252
199
198
278
366
390
365
318
286
280
300
320
292
245
201
169
162
155
143
105
45
0
-26
-14
-10
-23
-55
-107
-134
-135
-96
-77
-88
-105
-127
-115
-75
-46
-36
-40
-36
-21
8
42
36
10
0
16
51
86
95
71
39
36
75
122
152
144
106
73
72
107
136
133
111
60
14
2
23
40
24
-11
-29
-43
-42
-9
-4
-2
-11
-17
-22
19
49
45
8
-7
15
14
62
43
11
-34
-48
6
4
14
-3
-64
-74
-67
-46
-34
-19
-72
-117
-83
-65
-48
-50
-67
-85
-105
-80
-51
-54
-77
-97
-87
-93
-79
-49
-60
-86
-93
-88
-70
-62
-85
-100
-111
-120
-109
-98
-105
-132
-145
-154
-158
-164
-138
-93
-59
-58
-82
-82
-57
-9
47
76
79
43
53
103
143
181
174
152
127
134
176
209
213
193
158
143
155
177
177
150
119
93
87
98
100
83
55
35
26
41
46
39
36
18
8
10
14
20
25
7
-22
-22
-10
0
-6
-33
-45
-51
-42
-23
-16
-21
-44
-55
-47
-19
4
1
-8
-20
-17
-1
23
42
37
14
0
14
37
56
60
56
34
29
38
60
64
67
60
20
52
69
56
63
17
16
46
34
36
35
18
-21
1
13
9
14
-2
-31
-38
-24
-21
0
-11
-35
-50
-69
-58
-45
-60
-54
-79
-78
-89
-94
-88
-97
-94
-115
-126
-118
-110
-125
-119
-141
-150
-137
-122
-114
-136
-148
-140
-120
-106
-96
-109
-125
-120
-116
-104
-82
-77
-85
-90
-70
-12
27
22
13
19
41
80
116
137
128
121
148
181
206
195
178
156
165
193
204
191
169
127
105
110
135
147
120
76
45
38
51
68
58
64
10
-3
4
-3
11
5
1
-19
-37
-25
-35
-19
-9
-48
-32
-32
-25
-18
-30
-33
-40
-12
9
0
-9
-11
-13
-8
20
40
34
19
8
11
33
47
46
48
39
36
52
51
67
70
64
65
53
53
51
57
74
64
63
66
71
62
40
41
49
46
44
22
34
25
9
3
-14
5
-31
-52
-35
-69
-59
-78
-64
-59
-85
-96
-128
-100
-100
-104
-103
-116
-111
-110
-119
-93
-83
-95
-87
-91
-102
-95
-77
-72
-45
-74
-99
-54
-64
-71
-73
-72
-67
-60
-51
-61
-85
-91
-78
-59
-54
-55
-62
-54
-63
-40
8
48
66
54
62
59
80
125
146
137
125
134
145
158
174
152
122
104
101
117
125
98
69
43
27
53
64
54
31
-6
-27
-9
27
33
9
-34
-39
-7
-1
11
-28
-33
-21
-16
9
-8
-16
-33
-21
-12
-20
-2
-9
1
8
-4
9
10
27
27
37
30
20
39
48
64
69
72
48
57
83
77
71
77
58
44
67
89
76
60
26
17
67
47
30
22
4
-9
6
39
-22
-45
-33
-40
-14
-46
-83
-76
-74
-88
-58
-11
-89
-115
-84
-56
-40
-124
-70
-54
-68
-44
-90
-78
-62
-49
-66
-88
-45
-76
-82
-54
-67
-63
-64
-75
-86
-67
-79
-88
-100
-107
-76
-49
-82
-109
-95
-103
-129
-108
-85
-122
-132
-102
-86
-95
-119
-111
-71
0
75
83
63
51
75
130
175
203
179
173
184
215
247
239
226
173
142
157
164
171
143
99
77
51
47
31
16
-9
-26
-28
-33
-25
-41
-59
-41
-47
-66
-55
-46
-28
-16
-7
-13
-6
4
-3
10
6
8
30
41
47
47
50
49
51
58
66
93
102
98
106
109
114
125
128
113
104
102
93
100
107
98
83
63
54
34
15
11
9
2
2
-14
-26
-9
-31
-47
-46
-35
-20
-29
-29
-50
-61
-36
-49
-39
-50
-91
-56
-70
-59
-46
-105
-103
-86
-93
-115
-115
-113
-127
-99
-106
-117
-117
-126
-107
-100
-116
-144
-142
-144
-160
-163
-174
-198
-209
-189
-180
-180
-195
-215
-211
-227
-229
-236
-227
-190
-124
6
103
140
154
159
192
250
305
326
322
336
373
416
444
430
369
310
262
235
224
182
131
91
69
49
11
-30
-85
-145
-185
-204
-202
-195
-183
-166
-157
-151
-142
-138
-125
-112
-90
-61
-32
-1
33
69
86
100
107
104
102
100
112
120
132
141
142
150
146
133
116
98
92
85
72
64
57
58
55
43
26
7
-14
-31
-29
-26
-15
-11
-15
1
11
19
24
23
23
20
31
45
57
57
41
22
7
4
-18
-55
-78
-96
-107
-114
-132
-156
-173
-180
-198
-221
-226
-236
-238
-221
-202
-192
-172
-168
-178
-163
-164
-174
-185
-185
-192
-197
-195
-203
-214
-232
-234
-243
-268
-286
-304
-312
-327
-319
-272
-168
-25
84
142
182
222
283
346
391
410
406
427
478
523
538
512
462
401
348
288
221
154
94
43
10
-22
-65
-111
-163
-210
-256
-284
-303
-302
-283
-251
-220
-189
-155
-124
-93
-66
-36
-21
1
37
83
138
174
206
225
236
238
223
195
170
153
136
130
127
120
111
105
96
79
60
32
-2
-28
-37
-37
-25
-3
13
20
22
26
24
27
39
46
59
73
91
109
126
133
136
134
121
98
77
52
29
14
-1
-22
-49
-77
-112
-139
-170
-201
-221
-245
-258
-265
-262
-254
-237
-224
-216
-204
-192
-174
-156
-140
-134
-127
-124
-124
-128
-135
-147
-166
-189
-215
-234
-259
-274
-291
-313
-339
-375
-362
-285
-156
-15
82
156
232
312
398
452
457
441
443
475
515
536
531
523
503
459
385
284
183
89
18
-46
-117
-172
-210
-215
-232
-255
-278
-308
-324
-331
-327
-317
-282
-230
-161
-90
-33
13
54
93
136
160
167
180
191
224
258
279
284
266
238
204
156
108
61
16
-20
-40
-54
-61
-49
-40
-48
-68
-87
-97
-94
-82
-64
-39
-12
26
70
110
136
150
172
177
180
176
160
154
158
164
159
144
121
91
56
7
-38
-85
-136
-182
-213
-239
-257
-266
-266
-270
-269
-269
-280
-280
-276
-267
-253
-235
-209
-175
-137
-101
-69
-54
-53
-66
-102
-123
-157
-184
-199
-228
-236
-254
-261
-275
-304
-333
-380
-405
-383
-279
-126
-12
93
202
315
426
500
530
522
498
489
493
485
475
486
490
469
411
328
244
151
55
-51
-164
-260
-316
-328
-332
-340
-329
-312
-307
-305
-303
-292
-269
-237
-192
-145
-90
-14
70
145
205
245
267
277
279
270
258
246
244
222
182
148
113
83
60
15
-46
-107
-161
-188
-201
-200
-184
-172
-159
-133
-108
-77
-32
5
36
63
95
131
172
224
266
292
308
308
301
284
260
232
181
138
100
61
24
-9
-37
-70
-115
-158
-203
-240
-265
-292
-312
-320
-314
-303
-284
-259
-237
-213
-197
-184
-165
-145
-128
-107
-74
-40
-14
1
8
4
-12
-42
-89
-138
-196
-256
-297
-322
-338
-332
-345
-364
-379
-410
-417
-394
-303
-178
-65
42
165
316
451
550
604
640
647
637
614
561
514
490
471
446
387
317
253
181
93
-17
-122
-229
-314
-384
-441
-457
-439
-396
-364
-337
-299
-244
-195
-151
-112
-85
-47
11
80
145
213
282
335
361
371
381
373
358
319
248
175
109
71
34
-9
-43
-84
-114
-139
-164
-183
-192
-194
-209
-218
-211
-176
-125
-67
-13
39
102
155
204
249
284
310
320
315
307
296
292
280
254
220
180
139
100
54
0
-57
-106
-153
-200
-239
-265
-276
-274
-274
-282
-268
-254
-247
-232
-218
-204
-191
-174
-158
-132
-104
-70
-30
-11
4
9
16
5
-19
-55
-105
-154
-203
-254
-306
-343
-366
-391
-405
-420
-431
-446
-452
-417
-331
-213
-86
34
164
309
447
562
630
671
686
670
633
583
534
488
449
394
329
271
219
161
79
-27
-136
-233
-324
-401
-453
-482
-471
-448
-411
-363
-297
-220
-152
-93
-49
-4
41
81
121
170
226
281
326
364
386
410
418
401
366
305
231
158
76
0
-60
-107
-142
-180
-212
-218
-207
-190
-184
-186
-185
-181
-157
-123
-90
-36
21
85
152
208
278
340
384
404
400
387
360
327
279
234
193
155
118
77
42
7
-27
-67
-121
-177
-227
-265
-295
-309
-306
-286
-265
-232
-193
-155
-123
-94
-81
-73
-69
-66
-53
-38
-10
17
43
58
70
60
38
-1
-53
-113
-186
-252
-318
-364
-403
-418
-413
-404
-398
-393
-398
-413
-392
-324
-234
-123
-16
117
267
412
546
642
718
767
765
724
654
576
505
433
352
287
226
180
130
62
-1
-78
-160
-248
-346
-427
-478
-503
-495
-469
-423
-346
-262
-177
-89
-1
80
130
170
199
222
258
287
311
331
351
376
396
393
385
359
299
232
140
51
-33
-108
-172
-232
-271
-277
-269
-246
-212
-184
-147
-116
-95
-70
-37
-8
21
56
108
167
241
311
367
424
458
458
436
395
340
276
205
128
60
3
-33
-58
-75
-89
-111
-135
-166
-195
-223
-251
-267
-275
-273
-259
-230
-184
-138
-93
-51
-12
10
24
35
35
28
16
0
-8
-19
-28
-43
-67
-83
-108
-146
-189
-236
-282
-322
-366
-394
-408
-412
-410
-416
-414
-397
-383
-344
-232
-96
10
95
240
408
522
603
669
728
746
707
654
586
522
463
390
302
223
181
140
61
-25
-85
-137
-216
-314
-386
-429
-464
-469
-467
-451
-391
-304
-220
-147
-63
31
103
145
182
222
247
266
273
277
279
291
309
310
306
299
264
215
155
87
9
-62
-138
-211
-259
-288
-290
-284
-249
-208
-164
-115
-72
-33
0
29
55
71
98
137
174
220
268
306
342
358
360
341
305
255
201
142
74
11
-48
-88
-125
-146
-157
-166
-175
-188
-197
-204
-205
-207
-211
-211
-205
-192
-164
-129
-92
-59
-28
-10
6
28
32
29
13
-4
-25
-62
-92
-120
-144
-161
-194
-222
-247
-285
-310
-340
-363
-378
-390
-396
-410
-414
-411
-405
-360
-239
-98
6
109
259
435
549
621
699
743
744
695
630
565
494
427
346
257
188
157
122
49
-14
-53
-104
-185
-273
-340
-384
-422
-453
-455
-431
-374
-281
-205
-129
-32
68
143
190
232
266
274
271
262
252
255
257
256
257
263
274
250
213
173
120
44
-30
-107
-183
-228
-259
-283
-286
-249
-204
-161
-109
-55
-4
52
93
116
136
151
173
192
217
248
273
296
313
316
317
298
259
214
154
86
25
-37
-89
-137
-167
-194
-205
-203
-197
-189
-181
-171
-163
-156
-148
-143
-141
-134
-125
-113
-94
-67
-46
-13
10
25
35
30
16
-10
-48
-81
-125
-169
-199
-246
-276
-299
-327
-332
-345
-344
-347
-362
-361
-385
-385
-393
-394
-326
-221
-110
-10
118
293
440
556
649
724
771
758
707
632
551
461
366
269
178
120
82
43
-6
-41
-63
-112
-175
-240
-296
-352
-403
-442
-457
-441
-390
-325
-249
-145
-29
81
166
229
288
322
329
318
298
270
245
220
207
205
211
225
210
187
166
129
82
16
-59
-127
-194
-253
-285
-293
-271
-237
-193
-127
-59
9
73
122
163
190
204
208
202
209
220
227
241
239
243
249
237
219
187
151
100
35
-24
-84
-136
-178
-210
-231
-239
-229
-219
-205
-176
-152
-132
-116
-109
-103
-104
-112
-116
-118
-113
-103
-89
-81
-60
-48
-43
-39
-49
-62
-86
-121
-153
-197
-238
-272
-305
-327
-344
-353
-351
-343
-340
-340
-339
-337
-337
-313
-230
-127
-51
40
169
324
445
533
623
690
718
689
643
584
505
418
313
205
123
75
21
-36
-80
-97
-114
-158
-198
-235
-272
-308
-348
-376
-380
-363
-328
-280
-218
-123
-16
77
154
224
286
322
333
327
310
282
246
206
177
163
162
145
132
130
121
97
72
34
-15
-63
-127
-176
-209
-214
-207
-197
-167
-111
-51
12
79
129
178
209
225
235
232
225
213
199
181
172
167
157
143
136
132
107
84
51
11
-31
-77
-114
-152
-180
-202
-216
-211
-195
-168
-140
-115
-93
-81
-66
-64
-74
-84
-95
-101
-112
-118
-112
-103
-95
-88
-90
-89
-102
-122
-148
-180
-220
-263
-298
-334
-356
-363
-361
-350
-344
-343
-323
-311
-291
-237
-165
-61
17
101
220
342
441
521
589
650
669
644
609
541
482
401
300
214
131
64
-2
-71
-112
-141
-161
-198
-240
-259
-286
-300
-318
-329
-324
-309
-284
-248
-186
-107
-21
52
122
189
258
301
326
332
328
301
265
229
193
173
143
113
89
74
60
41
21
-8
-43
-75
-112
-150
-170
-179
-187
-179
-166
-128
-76
-22
39
97
153
194
221
240
242
243
230
212
186
162
140
122
105
93
89
72
55
32
4
-26
-60
-92
-132
-164
-190
-215
-219
-213
-190
-165
-138
-107
-76
-57
-50
-43
-52
-66
-82
-97
-109
-126
-120
-120
-114
-100
-102
-96
-105
-120
-139
-172
-199
-239
-272
-298
-318
-322
-323
-327
-317
-316
-309
-307
-282
-225
-156
-65
6
109
232
343
445
524
593
647
653
634
594
528
462
373
281
197
120
63
0
-50
-84
-111
-127
-159
-190
-213
-239
-270
-292
-305
-304
-304
-287
-245
-196
-123
-46
31
106
171
238
278
296
304
295
277
244
206
184
158
132
113
96
83
75
67
53
29
2
-24
-59
-88
-114
-132
-147
-152
-138
-111
-64
-24
29
78
119
154
178
196
203
199
183
156
134
110
91
76
63
60
61
61
57
51
34
12
-16
-49
-89
-127
-157
-187
-202
-201
-193
-177
-157
-127
-99
-86
-71
-66
-72
-85
-98
-111
-126
-131
-136
-139
-140
-135
-122
-116
-120
-126
-139
-156
-181
-216
-236
-256
-278
-288
-299
-304
-302
-307
-305
-308
-276
-204
-125
-44
37
148
277
375
460
537
604
640
619
592
546
487
417
322
240
167
105
49
-14
-47
-62
-81
-115
-151
-176
-197
-221
-251
-279
-292
-293
-286
-264
-215
-152
-83
-21
43
120
184
235
262
280
282
266
245
225
205
185
157
132
116
111
107
97
85
71
57
38
8
-20
-43
-59
-83
-102
-106
-98
-79
-55
-15
24
60
95
119
145
159
166
169
154
137
119
96
81
77
70
68
70
66
61
65
54
36
7
-28
-62
-98
-126
-157
-169
-171
-166
-154
-135
-116
-83
-69
-62
-53
-61
-68
-81
-99
-113
-121
-131
-131
-129
-122
-111
-114
-112
-126
-130
-145
-167
-188
-206
-223
-243
-250
-256
-255
-253
-256
-253
-248
-233
-186
-116
-42
27
112
218
314
404
481
543
596
605
595
559
504
448
365
284
196
121
64
2
-32
-55
-69
-85
-114
-135
-150
-168
-192
-209
-240
-255
-257
-252
-224
-185
-127
-76
-16
51
119
182
220
247
262
263
255
239
221
200
174
148
124
107
103
99
93
84
81
68
53
33
7
-11
-31
-51
-73
-88
-85
-77
-54
-26
0
31
64
96
122
142
148
145
130
117
103
84
73
56
49
49
46
48
53
53
42
24
0
-26
-60
-88
-118
-144
-158
-167
-168
-164
-152
-138
-127
-112
-96
-89
-83
-80
-85
-89
-102
-111
-119
-126
-125
-133
-131
-145
-147
-149
-160
-168
-189
-202
-210
-221
-224
-223
-221
-213
-211
-203
-198
-190
-165
-130
-77
-16
47
124
215
301
383
445
501
546
553
547
506
454
397
321
249
169
98
42
-11
-39
-62
-73
-79
-94
-108
-120
-132
-151
-170
-190
-205
-216
-210
-192
-165
-122
-83
-31
28
84
143
187
217
231
231
234
212
192
173
152
130
103
90
89
92
95
91
88
88
79
68
52
26
2
-28
-51
-70
-75
-70
-67
-49
-36
-6
25
49
78
96
110
117
111
101
90
77
60
49
44
38
34
33
37
35
30
21
13
-3
-25
-50
-72
-95
-118
-135
-148
-155
-155
-153
-146
-134
-130
-119
-111
-114
-118
-117
-128
-134
-142
-145
-146
-152
-154
-155
-148
-144
-144
-148
-144
-152
-151
-151
-160
-157
-157
-159
-154
-154
-156
-158
-155
-129
-85
-23
27
94
180
266
337
390
446
490
502
494
456
416
376
316
244
177
124
79
40
13
3
2
-2
-20
-37
-43
-59
-80
-113
-144
-165
-182
-195
-188
-167
-134
-101
-58
-7
43
99
145
170
184
189
191
178
163
153
138
125
111
110
116
130
137
143
144
146
145
129
113
91
65
28
-9
-32
-48
-58
-62
-63
-49
-31
-6
20
40
65
72
80
77
74
77
70
58
48
48
47
47
51
58
71
75
65
60
52
38
14
-17
-43
-72
-98
-120
-135
-148
-152
-153
-154
-150
-139
-134
-129
-130
-132
-136
-144
-149
-159
-164
-165
-168
-163
-159
-150
-135
-128
-111
-104
-95
-82
-81
-75
-74
-76
-78
-93
-101
-111
-123
-116
-92
-42
3
55
119
190
254
307
351
397
420
420
397
355
324
273
224
163
117
86
58
38
28
27
38
32
15
5
-13
-26
-58
-93
-118
-143
-156
-162
-160
-138
-112
-83
-43
-3
38
79
101
121
133
140
136
123
119
106
103
95
94
105
117
128
139
146
153
151
145
139
116
93
66
30
9
-15
-35
-48
-58
-55
-44
-35
-14
7
25
37
41
48
45
48
41
32
23
21
27
26
29
42
49
58
64
65
66
54
39
19
-1
-30
-55
-78
-102
-123
-137
-150
-159
-159
-159
-155
-152
-150
-149
-150
-149
-149
-151
-155
-156
-155
-153
-151
-141
-125
-112
-94
-77
-61
-49
-37
-23
-18
-18
-20
-28
-39
-58
-77
-86
-83
-60
-37
-7
40
88
151
206
252
302
337
347
346
325
304
269
224
178
130
106
78
56
55
51
60
56
48
45
35
20
-8
-37
-64
-92
-115
-126
-141
-136
-125
-114
-85
-54
-17
18
45
63
77
93
98
95
95
96
96
96
94
107
128
137
148
155
165
175
167
162
147
127
102
73
41
7
-16
-39
-56
-69
-71
-63
-50
-37
-20
-1
9
23
31
34
35
33
27
21
23
25
27
37
43
52
60
66
73
73
62
49
29
5
-27
-59
-84
-116
-140
-158
-172
-173
-174
-172
-165
-157
-150
-150
-149
-145
-147
-145
-143
-143
-130
-124
-105
-85
-72
-51
-36
-20
-1
8
18
23
15
15
-1
-10
-30
-54
-57
-72
-66
-57
-38
-6
28
69
112
148
182
211
229
239
233
222
203
178
158
132
112
94
82
76
71
72
78
73
68
64
52
40
11
-12
-30
-58
-78
-94
-102
-105
-102
-88
-71
-54
-31
-12
8
24
37
45
50
62
59
66
69
72
80
87
94
103
108
116
115
108
100
89
77
61
44
29
8
-8
-22
-34
-37
-45
-47
-44
-40
-35
-26
-21
-17
-15
-12
-11
-10
-5
-5
-4
1
8
12
18
25
30
30
31
30
21
8
-13
-32
-50
-77
-93
-115
-131
-144
-156
-156
-152
-152
-143
-138
-134
-128
-125
-122
-122
-126
-129
-131
-132
-125
-110
-106
-96
-76
-59
-46
-32
-19
-11
-5
0
1
-5
-12
-22
-34
-49
-59
-68
-77
-78
-66
-49
-22
-2
27
61
85
109
128
145
155
152
154
139
129
113
94
84
64
58
50
48
52
49
49
48
47
40
34
26
17
4
-4
-20
-29
-35
-38
-35
-32
-23
-14
-6
5
18
24
35
40
47
51
48
51
52
48
46
42
38
33
29
26
18
11
4
3
1
-5
-3
-5
-6
-8
-8
-8
-6
-3
-7
-7
-6
-11
-12
-14
-14
-19
-21
-23
-26
-27
-17
-9
-5
-1
-3
-5
-7
-10
-12
-27
-39
-50
-51
-63
-81
-88
-101
-99
-111
-114
-110
-105
-102
-103
-94
-96
-88
-83
-81
-80
-79
-76
-76
-77
-73
-70
-69
-62
-56
-46
-40
-29
-22
-16
-11
-13
-16
-18
-19
-26
-37
-47
-58
-66
-76
-87
-94
-93
-94
-91
-80
-72
-61
-43
-29
-9
9
33
48
57
65
74
83
82
83
82
79
77
73
75
74
68
66
64
59
58
52
49
43
43
35
26
26
16
10
7
0
-2
1
-3
5
13
14
26
35
35
43
49
50
47
38
32
24
17
8
0
-2
-12
-14
-16
-15
-17
-15
-13
-12
-12
-11
-11
-12
-14
-12
-11
-14
-18
-20
-23
-24
-25
-27
-23
-23
-15
-12
-9
-6
-8
-12
-6
-11
-19
-24
-33
-43
-45
-50
-60
-59
-64
-67
-65
-68
-70
-75
-77
-75
-69
-66
-58
-50
-46
-42
-36
-34
-38
-33
-34
-34
-34
-40
-39
-41
-42
-41
-40
-49
-51
-49
-49
-47
-43
-44
-44
-38
-41
-42
-46
-54
-65
-72
-79
-86
-90
-98
-98
-93
-89
-74
-67
-54
-32
-18
-3
11
25
30
36
38
35
38
35
36
33
31
36
38
42
42
45
52
57
66
70
73
71
73
68
56
46
37
32
24
17
18
11
16
15
16
23
19
21
19
17
14
11
5
-5
-15
-21
-29
-34
-38
-46
-40
-39
-44
-39
-36
-31
-29
-29
-28
-31
-35
-38
-42
-45
-50
-58
-59
-60
-59
-57
-54
-47
-51
-42
-39
-36
-35
-37
-36
-39
-40
-43
-48
-54
-53
-59
-60
-61
-57
-57
-50
-47
-42
-35
-31
-26
-20
-17
-18
-16
-15
-14
-17
-16
-19
-21
-16
-16
-17
-12
-14
-15
-11
-9
-13
-14
-17
-16
-24
-29
-35
-41
-46
-53
-62
-65
-72
-78
-87
-90
-81
-82
-70
-68
-61
-52
-40
-24
-18
-6
-2
7
16
23
30
31
31
35
37
39
41
44
48
50
57
53
60
69
77
75
70
75
78
77
69
64
59
53
43
33
27
19
17
9
10
10
9
13
15
21
19
19
19
20
11
-1
-6
-15
-22
-33
-34
-32
-38
-41
-39
-39
-36
-33
-36
-37
-42
-46
-50
-49
-47
-50
-48
-47
-46
-46
-45
-39
-37
-35
-29
-30
-25
-23
-21
-14
-13
-12
-12
-13
-16
-15
-14
-12
-14
-13
-13
-14
-16
-17
-12
-15
-9
-7
-7
-1
3
6
5
1
2
4
4
4
3
0
0
-8
-14
-17
-16
-16
-20
-22
-26
-23
-20
-24
-24
-24
-32
-34
-36
-38
-42
-47
-49
-49
-43
-42
-36
-27
-21
-15
-9
0
5
12
16
18
16
19
23
21
26
25
27
31
33
38
42
47
50
49
57
61
59
61
65
65
71
67
62
64
58
57
48
41
25
13
13
1
-1
-1
-3
-6
-3
-2
-2
2
-7
-5
-11
-18
-20
-25
-32
-34
-30
-35
-35
-39
-42
-38
-39
-37
-39
-41
-41
-43
-42
-44
-44
-42
-44
-40
-39
-40
-41
-37
-33
-35
-33
-30
-28
-26
-23
-20
-16
-15
-7
-7
-4
-6
-6
-3
-5
-7
-12
-7
-13
-13
-13
-11
-11
-6
-7
-5
1
4
6
6
10
13
13
11
10
-1
-7
-10
-15
-19
-21
-25
-33
-31
-28
-33
-37
-34
-42
-43
-42
-47
-49
-54
-53
-58
-56
-51
-49
-49
-45
-38
-32
-28
-25
-23
-18
-14
-10
-4
-6
-1
-1
1
6
12
16
23
30
28
35
36
39
40
42
43
40
45
40
41
36
33
33
33
30
38
33
23
26
25
24
19
15
11
4
3
0
2
-4
-7
-9
-8
-12
-13
-9
-11
-9
-8
-13
-14
-14
-16
-16
-15
-18
-23
-20
-19
-20
-17
-17
-12
-11
-10
-13
-10
-9
-11
-7
-7
-1
2
1
0
6
7
9
14
11
9
12
5
9
10
10
10
12
16
18
18
16
22
18
16
21
23
19
16
18
15
16
16
14
9
8
9
5
3
-4
-5
-13
-16
-18
-26
-27
-29
-32
-30
-34
-31
-33
-32
-31
-28
-32
-28
-27
-30
-23
-19
-22
-25
-20
-21
-23
-25
-23
-22
-24
-23
-21
-22
-19
-13
-11
-8
-2
3
5
9
12
18
17
15
13
16
13
17
16
20
26
19
18
19
24
22
16
14
12
10
6
2
0
-3
-6
-7
-9
-13
-19
-19
-18
-25
-23
-24
-25
-29
-26
-25
-29
-25
-25
-28
-30
-27
-29
-29
-32
-25
-22
-16
-14
-9
-5
-8
-7
-6
-4
-2
-7
-12
-9
-5
-4
-5
1
2
4
3
1
4
-1
-1
-4
-3
-6
-8
-1
-2
-3
3
7
4
9
8
10
13
8
3
3
1
-6
-6
-12
-14
-12
-19
-22
-20
-20
-21
-29
-29
-29
-37
-39
-39
-44
-42
-46
-46
-46
-42
-41
-50
-45
-48
-45
-41
-41
-42
-46
-39
-35
-34
-32
-28
-27
-27
-30
-26
-32
-33
-32
-36
-32
-32
-32
-33
-33
-28
-27
-22
-21
-22
-19
-14
-12
-7
-6
-6
-3
-4
-5
-7
-3
-5
-3
-9
-8
-7
-13
-9
-13
-12
-11
-16
-18
-14
-14
-20
-22
-26
-27
-29
-33
-37
-40
-41
-38
-39
-38
-34
-35
-34
-29
-27
-28
-20
-18
-13
-10
-10
-10
-10
-11
-15
-15
-17
-14
-14
-16
-15
-9
-13
-14
-9
-9
-5
-1
5
7
6
10
10
7
4
5
5
7
8
8
10
15
17
15
20
20
20
18
17
15
9
5
5
0
-8
-13
-18
-18
-21
-23
-29
-29
-29
-32
-31
-28
-28
-31
-26
-28
-28
-23
-23
-22
-20
-19
-16
-17
-13
-14
-11
-9
-9
-6
-4
-5
-7
-12
-14
-10
-13
-15
-15
-15
-15
-8
-11
-9
-7
-3
1
2
5
8
11
11
10
10
14
15
14
15
19
17
20
18
19
15
14
10
5
2
-2
-5
-4
-9
-14
-18
-20
-22
-20
-21
-28
-28
-28
-29
-28
-26
-27
-27
-23
-30
-26
-27
-24
-20
-21
-16
-13
-9
-7
-3
-2
-5
-6
-10
-10
-11
-16
-17
-18
-20
-18
-19
-22
-18
-16
-17
-15
-14
-10
-7
-7
-3
-2
2
0
3
0
-4
2
4
2
-2
-2
-6
-8
-8
-10
-13
-18
-22
-25
-24
-28
-37
-45
-41
-45
-50
-53
-50
-54
-52
-50
-53
-56
-54
-50
-59
-55
-54
-52
-49
-48
-49
-46
-39
-36
-35
-33
-31
-35
-33
-31
-33
-34
-36
-40
-43
-45
-45
-45
-49
-42
-42
-43
-38
-37
-27
-23
-25
-20
-15
-13
-11
-7
-7
-5
-9
-7
-13
-9
-9
-10
-6
-7
0
-1
-3
-8
-6
-4
-8
-12
-17
-26
-26
-27
-25
-32
-37
-35
-36
-31
-28
-27
-23
-22
-23
-24
-27
-25
-25
-25
-22
-24
-25
-17
-17
-15
-12
-11
-10
-5
-7
-8
-4
-5
-6
-9
-8
-5
-9
-7
-6
-9
-5
-5
-1
0
2
4
4
13
13
14
19
17
25
25
22
19
22
19
18
15
19
13
9
6
0
-1
-7
-8
-13
-19
-20
-24
-28
-26
-25
-30
-28
-27
-30
-33
-33
-31
-32
-33
-33
-33
-32
-30
-26
-27
-25
-20
-18
-18
-17
-18
-19
-19
-13
-15
-18
-21
-22
-19
-22
-22
-20
-23
-23
-21
-19
-13
-10
-10
-2
0
3
2
5
4
4
6
5
4
1
3
9
3
7
7
7
11
13
13
9
4
8
4
-1
-4
-16
-13
-18
-13
-11
-18
-13
-12
-11
-7
-6
-6
-7
-8
-8
-9
-10
-11
-17
-12
-12
-13
-10
-12
-9
-8
-4
-3
-3
-2
-3
-1
0
1
-3
-1
-3
-9
-9
-9
-10
-4
-1
5
2
9
13
11
10
11
16
20
19
19
21
18
17
13
11
9
8
3
7
3
-3
-2
-5
-11
-12
-13
-18
-23
-25
-30
-33
-34
-41
-45
-44
-46
-43
-46
-44
-43
-41
-37
-35
-36
-30
-32
-30
-31
-36
-31
-32
-28
-29
-26
-29
-30
-27
-27
-29
-29
-27
-34
-34
-29
-27
-27
-28
-23
-21
-20
-16
-18
-16
-14
-14
-12
-15
-13
-13
-9
-10
-8
-9
-12
-10
-9
-10
-7
-4
-4
-4
-9
-8
-7
-14
-15
-13
-16
-18
-17
-19
-16
-13
-8
-8
-11
-8
-8
-9
-8
-7
-7
-10
-15
-13
-14
-13
-10
-12
-5
-10
-7
-4
-5
2
-2
2
2
3
2
3
3
-1
-3
-3
1
-2
0
4
6
9
15
17
23
25
25
26
23
27
30
29
28
30
28
33
33
29
27
25
28
26
20
20
17
15
12
11
7
3
-2
-5
-9
-10
-13
-17
-14
-14
-14
-15
-12
-13
-10
-8
-5
-6
-6
-6
1
0
-7
-5
-2
-1
-4
-7
-3
-2
-4
-6
-4
1
-2
0
-3
1
5
3
9
5
9
8
7
12
12
10
13
11
11
9
11
11
5
9
8
8
7
13
11
15
17
10
13
7
7
6
5
2
-3
-5
-6
-8
-7
-7
-11
-8
-6
-3
-3
-3
-6
-7
-3
-7
-9
-9
-10
-13
-15
-13
-11
-5
-5
2
3
6
13
10
13
12
14
11
9
8
7
5
5
3
4
9
6
3
6
6
7
10
8
12
13
11
12
14
12
14
15
20
13
11
14
11
11
9
12
10
8
6
4
1
-4
-4
-10
-7
-12
-15
-14
-16
-16
-21
-24
-25
-26
-23
-25
-25
-22
-20
-22
-17
-19
-17
-12
-13
-10
-11
-12
-10
-12
-13
-9
-5
-9
-13
-8
-11
-11
-10
-11
-12
-14
-12
-16
-11
-7
-3
-1
2
-1
1
2
2
3
7
7
4
3
-1
1
1
2
3
3
5
4
1
1
-2
-2
-6
-6
-3
-7
-8
-12
-16
-12
-15
-15
-11
-11
-10
-5
-4
-3
-4
-2
-2
-3
-4
-6
-7
0
2
5
6
8
16
18
19
20
16
19
20
19
16
19
21
19
16
20
22
25
25
23
22
23
26
23
24
26
28
25
29
30
27
31
32
31
36
37
33
35
39
35
33
33
27
26
24
17
14
16
14
13
11
6
2
-2
-3
1
1
-2
-4
-1
0
-3
-1
2
4
5
3
2
3
4
7
