70
74
77
81
81
77
82
78
74
78
74
67
64
61
58
55
51
46
46
40
39
36
29
24
20
21
17
12
8
7
3
0
-4
-7
-7
-8
-12
-13
-17
-18
-23
-30
-24
-29
-34
-37
-38
-41
-47
-51
-53
-53
-55
-57
-62
-64
-59
-64
-61
-59
-62
-61
-48
-49
-48
-40
-40
-40
-35
-33
-33
-28
-26
-31
-36
-34
-33
-41
-42
-44
-47
-52
-53
-52
-57
-59
-55
-55
-54
-51
-49
-45
-41
-39
-45
-41
-36
-38
-40
-42
-42
-40
-33
-19
-16
-3
2
10
22
38
44
50
65
73
75
77
89
91
86
88
92
91
91
80
75
73
64
63
51
44
42
36
30
21
14
6
3
-2
-5
-11
-18
-20
-28
-27
-33
-33
-38
-38
-33
-34
-35
-39
-37
-30
-27
-16
-10
-9
-1
11
19
26
33
42
46
49
56
54
54
55
56
51
47
41
37
32
28
24
15
12
4
-2
-6
-11
-18
-22
-26
-34
-34
-32
-32
-35
-31
-27
-23
-17
-19
-11
-11
-10
-8
-10
-10
-10
-14
-16
-13
-19
-27
-26
-23
-26
-30
-40
-33
-27
-40
-47
-39
-42
-47
-60
-58
-54
-62
-69
-75
-68
-74
-77
-74
-63
-60
-66
-62
-49
-48
-47
-41
-33
-38
-37
-34
-38
-38
-36
-35
-36
-25
-11
-2
-2
6
16
27
38
51
61
70
82
87
91
98
99
98
103
107
105
102
95
91
88
85
80
73
70
67
59
47
38
28
20
17
10
4
-4
-12
-18
-23
-21
-23
-26
-27
-28
-24
-19
-21
-22
-14
-5
0
3
10
15
18
24
31
33
38
44
51
57
61
56
50
53
53
49
45
38
31
24
19
14
3
2
-7
-7
-13
-19
-23
-29
-28
-31
-33
-28
-28
-34
-36
-35
-29
-35
-29
-30
-31
-24
-23
-18
-40
-37
-16
-22
-40
-31
-12
-35
-52
-32
-21
-53
-69
-32
-33
-71
-67
-45
-62
-83
-76
-56
-61
-88
-86
-63
-64
-93
-88
-58
-57
-76
-76
-52
-49
-65
-64
-51
-40
-49
-56
-48
-35
-27
-14
-6
-7
2
23
38
46
60
72
74
83
102
109
106
98
112
127
119
114
114
111
102
102
107
101
87
79
83
80
65
50
47
34
29
24
14
3
-8
-12
-17
-21
-24
-28
-34
-33
-28
-29
-30
-31
-32
-23
-16
-12
-18
-20
-3
7
10
17
26
30
40
49
55
50
53
58
59
63
61
56
46
50
44
32
28
22
10
5
4
-8
-20
-22
-30
-32
-28
-27
-31
-44
-24
-15
-35
-42
-13
-8
-38
-26
-21
-18
-19
-47
-40
-12
-14
-59
-53
-22
-25
-45
-70
-53
-19
-54
-79
-50
-41
-62
-72
-51
-60
-68
-47
-52
-82
-63
-40
-77
-81
-56
-61
-74
-72
-49
-46
-70
-73
-40
-37
-62
-57
-39
-46
-59
-57
-53
-46
-27
-16
-17
-13
-1
21
35
31
54
70
70
84
105
105
96
106
123
126
119
118
116
110
104
105
103
98
82
79
85
71
56
48
43
28
24
27
19
3
-8
-9
-15
-22
-21
-24
-34
-30
-29
-36
-34
-32
-36
-25
-17
-27
-27
-18
-13
-12
2
13
7
15
31
29
23
33
36
28
38
46
42
32
29
26
13
20
17
-2
-5
2
-4
-20
-21
-18
-30
-10
-16
-18
-15
-32
-22
-9
-21
-32
-38
-13
-18
-53
-41
-38
-35
-72
-52
-34
-61
-59
-44
-71
-53
-55
-61
-53
-62
-57
-52
-62
-67
-67
-80
-60
-72
-80
-64
-76
-96
-77
-76
-101
-97
-77
-88
-89
-80
-90
-93
-76
-77
-89
-81
-67
-71
-75
-73
-71
-67
-80
-77
-63
-37
-28
-48
-38
-10
10
-7
13
48
56
45
70
97
89
78
93
121
117
111
113
121
116
107
110
125
113
93
96
98
81
61
57
53
41
37
36
25
3
-3
-9
-14
-12
-16
-25
-31
-26
-29
-38
-36
-39
-38
-26
-20
-22
-28
-22
-11
-9
4
9
5
12
19
32
20
19
36
41
32
47
52
31
23
33
30
20
20
22
13
6
14
10
-9
-13
-14
16
-6
-42
-11
11
-22
-65
-24
21
-32
-77
-35
14
-26
-116
-54
11
-49
-124
-43
-4
-82
-117
-48
-35
-86
-106
-62
-40
-106
-97
-51
-69
-109
-93
-62
-63
-88
-94
-52
-67
-102
-73
-64
-77
-77
-66
-78
-73
-64
-74
-71
-54
-53
-71
-68
-46
-59
-70
-64
-63
-60
-66
-65
-32
-21
-36
-45
-13
16
8
11
42
62
48
54
94
100
80
83
113
126
103
97
113
106
98
95
107
103
83
80
94
86
64
62
59
45
33
41
28
3
0
3
4
-7
-7
-10
-23
-19
-11
-14
-21
-19
-8
-3
-3
3
4
-11
-8
22
31
14
14
34
47
31
14
43
64
26
15
61
67
10
9
49
27
12
1
37
19
0
5
11
-4
3
-16
-7
13
-14
-18
-14
1
-40
-32
2
-8
-47
-68
-8
1
-77
-87
3
-42
-92
-36
-26
-92
-64
-36
-76
-94
-34
-48
-113
-69
-20
-81
-112
-47
-37
-77
-118
-49
-38
-106
-109
-44
-56
-91
-70
-64
-62
-58
-78
-71
-52
-62
-80
-51
-49
-65
-47
-58
-52
-42
-63
-75
-63
-46
-48
-27
-19
-40
-25
17
13
1
33
54
40
52
94
97
76
79
107
110
98
96
107
102
97
104
117
108
84
82
87
88
61
47
56
41
33
40
41
15
1
5
8
7
1
0
-7
-4
17
25
-11
0
38
19
-2
42
55
1
-1
60
57
2
17
55
49
10
24
51
44
19
20
59
54
23
27
44
36
48
34
12
40
68
19
-28
50
82
-28
-39
53
54
-22
-14
3
16
8
-5
-39
-13
40
-37
-88
3
12
-65
-65
-10
-33
-18
-56
-96
-23
-6
-105
-79
3
-55
-99
-43
-3
-86
-95
-10
-33
-118
-62
-19
-71
-105
-57
-37
-68
-87
-57
-54
-58
-70
-87
-43
-36
-101
-68
0
-51
-105
-33
-8
-71
-72
-26
-44
-77
-58
-15
-9
-41
-43
5
23
2
9
42
60
42
48
76
92
74
67
96
113
87
86
96
90
80
84
96
92
68
68
72
65
46
32
33
23
11
16
31
7
-9
1
19
8
-12
12
22
-11
2
30
20
-6
1
17
34
29
-5
9
50
13
-10
45
51
2
8
47
38
34
19
39
57
35
21
59
36
14
40
58
17
26
50
43
7
-3
59
40
-8
8
36
24
3
3
-13
8
10
-24
9
4
-32
-42
16
2
-87
-53
16
-37
-89
-70
2
-29
-115
-70
-1
-43
-98
-68
-41
-54
-54
-79
-79
-24
-34
-104
-82
-6
-57
-108
-72
-28
-41
-104
-77
-29
-40
-88
-72
-17
-52
-77
-36
-41
-40
-49
-39
-54
-32
-23
-58
-57
-35
-31
-60
-38
-4
3
-25
-19
8
38
21
16
54
72
52
51
91
104
72
59
98
122
95
70
91
101
83
65
76
90
60
44
69
68
43
36
36
32
43
31
18
37
33
-1
17
44
30
11
16
11
29
35
2
5
23
33
33
15
4
21
38
6
-8
48
46
-21
4
62
32
-13
24
68
20
29
32
51
25
14
13
52
51
-22
26
44
39
-22
3
58
20
-38
10
65
-5
-17
1
19
-13
-2
-13
23
-35
-43
17
-4
-48
-45
-19
-18
-30
-56
-46
-18
-41
-99
-5
-8
-90
-76
1
-1
-110
-57
7
-62
-54
-65
-23
-14
-62
-79
-27
8
-73
-90
-35
16
-78
-121
3
24
-103
-110
22
26
-86
-97
10
18
-74
-76
2
-6
-73
-52
-21
10
-20
-28
-1
28
25
12
32
71
56
43
67
108
96
55
88
121
102
95
102
108
83
84
86
79
86
58
48
58
68
60
30
13
69
53
-3
30
82
24
-36
17
71
39
-33
2
64
35
-29
-2
56
27
-53
23
80
-23
-29
40
43
-39
5
50
27
-22
18
60
16
8
32
51
-5
13
62
11
-11
14
39
34
-10
3
30
3
-33
39
32
-78
8
81
-39
-72
35
46
-37
-107
31
81
-53
-132
34
92
-131
-97
18
30
-107
-68
-56
25
-24
-139
-68
62
-33
-164
-29
30
-61
-118
-35
3
-38
-80
-60
-25
9
-75
-91
-19
17
-97
-98
21
-17
-128
-77
47
-45
-117
-49
5
-23
-74
-71
-6
3
-59
-85
-16
27
-75
-78
35
70
-46
-40
73
64
14
37
91
81
60
80
117
106
97
95
115
121
109
101
108
101
90
87
97
93
81
61
57
86
69
53
29
62
54
36
34
40
34
45
1
11
81
39
-43
3
82
11
-35
-2
65
15
-49
1
59
4
-50
31
52
-4
9
66
-14
-5
87
42
-51
50
83
-5
-7
30
72
39
-33
16
108
-15
-66
73
22
-80
3
96
-69
-90
64
68
-84
-108
84
57
-118
-81
79
30
-172
-69
84
-76
-127
-16
17
-111
-57
-30
-66
-53
-28
-60
-88
-37
-22
-72
-105
-23
10
-81
-104
-31
2
-56
-143
-43
43
-80
-170
-15
56
-125
-162
31
35
-149
-146
59
9
-169
-108
59
-18
-124
-98
1
-7
-101
-102
17
43
-52
-60
63
58
0
22
96
106
50
72
130
131
94
104
127
136
139
129
111
123
122
109
109
116
106
97
68
63
83
67
52
43
46
48
69
44
12
10
42
49
-4
12
51
17
-26
29
22
-19
25
28
-34
4
62
9
-53
7
90
23
-44
43
92
7
-37
51
85
24
-14
30
99
41
-11
-3
83
52
-13
-10
60
60
-27
-37
27
33
3
-20
-56
3
44
-11
-107
-24
62
12
-145
-82
108
11
-204
-135
108
-2
-188
-148
43
24
-137
-179
21
34
-158
-136
17
-4
-149
-120
20
-12
-178
-67
25
-95
-177
-63
14
-125
-146
-62
-55
-92
-76
-103
-82
-58
-71
-103
-73
-63
-51
-99
-95
-40
-24
-105
-124
-38
-16
-24
-30
-20
4
22
21
51
80
96
85
74
121
153
127
100
137
155
146
152
160
133
109
123
119
137
123
88
69
87
74
65
58
51
44
15
27
73
33
-18
-12
42
40
7
1
16
25
-4
-12
17
53
11
-34
8
60
16
-16
15
45
30
30
43
32
32
34
45
41
55
61
29
29
58
48
43
25
22
46
44
-3
4
68
12
-54
8
65
17
-57
-22
32
31
-34
-60
15
52
-102
-103
51
24
-149
-99
58
-29
-130
-88
-10
-57
-106
-109
-31
-33
-130
-131
-35
-54
-98
-111
-57
-77
-107
-88
-56
-68
-122
-110
-60
-26
-137
-142
-41
-72
-145
-114
-54
-83
-144
-139
-73
-75
-142
-126
-91
-108
-127
-98
-89
-63
-14
-19
-46
-27
41
73
34
57
123
134
89
125
185
178
134
153
198
191
156
146
165
158
127
135
163
120
77
76
105
84
48
49
57
22
15
45
29
-4
-9
0
9
21
18
-12
-15
12
5
20
21
18
22
11
18
39
60
32
21
57
79
61
55
53
72
68
84
97
81
75
66
74
73
85
71
60
55
73
50
44
40
28
44
43
10
10
53
-8
-57
29
78
-23
-55
-17
58
-25
-107
-28
47
-34
-133
-79
45
-31
-176
-91
76
-60
-181
-61
13
-98
-152
-60
-41
-84
-108
-84
-85
-108
-111
-64
-98
-142
-98
-56
-135
-135
-79
-112
-155
-98
-76
-165
-168
-90
-99
-173
-149
-91
-117
-158
-151
-57
19
-24
-108
-54
82
90
32
64
158
153
89
159
250
217
145
171
264
259
203
182
208
201
169
168
195
168
91
67
106
103
61
35
36
21
4
7
7
-21
-55
-46
-17
-20
-33
-26
-49
-59
-25
8
17
6
-1
6
11
25
48
57
44
59
80
94
92
80
101
119
119
137
141
112
103
113
125
138
110
84
75
77
75
56
34
54
34
26
24
4
18
-4
17
-22
28
69
10
-57
26
111
23
-31
-12
15
-17
-14
-56
-92
-50
-63
-136
-118
-59
-97
-193
-133
-85
-90
-141
-138
-104
-82
-99
-156
-101
-55
-138
-164
-62
-62
-159
-154
-111
-102
-137
-162
-136
-146
-176
-176
-150
-141
-209
-208
-161
-103
-68
-32
-44
-92
-16
106
137
96
146
198
187
180
261
324
258
204
272
338
299
223
241
256
221
206
250
236
132
79
120
136
95
69
59
-4
-36
-10
6
-39
-90
-87
-76
-77
-83
-82
-97
-115
-95
-54
-39
-57
-60
-47
-41
-7
32
48
41
44
79
106
112
139
155
161
166
186
203
199
187
191
210
195
182
169
134
106
103
108
80
37
14
2
-16
-42
-40
-43
-81
-96
-70
-69
-89
-123
-77
-39
-75
-105
-33
15
-77
-135
-26
61
-64
-147
2
46
-109
-101
-14
-15
-84
-110
-72
-30
-77
-141
-141
-74
-100
-160
-146
-129
-172
-206
-173
-144
-196
-216
-194
-171
-211
-214
-172
-167
-202
-197
-172
-166
-98
24
28
-95
-75
127
224
132
128
264
278
170
240
407
407
246
261
397
398
279
248
312
291
202
220
286
211
64
56
115
112
54
22
-5
-71
-86
-44
-33
-93
-132
-123
-131
-130
-111
-103
-148
-163
-105
-78
-93
-88
-62
-60
-67
-9
58
42
15
49
117
141
151
180
197
193
205
249
270
254
227
236
245
245
226
195
157
133
123
117
86
31
8
-15
-41
-46
-60
-96
-136
-138
-122
-126
-134
-165
-172
-140
-108
-122
-140
-125
-104
-104
-118
-70
-12
-53
-133
-58
27
-43
-115
-77
4
-22
-117
-123
-47
-59
-155
-170
-71
-114
-231
-224
-130
-139
-229
-249
-192
-174
-222
-260
-234
-195
-226
-272
-250
-160
-38
-21
-124
-153
20
194
161
97
229
321
222
208
410
529
376
263
401
508
387
307
384
413
291
241
320
324
165
85
148
177
101
42
18
-29
-92
-59
-7
-63
-146
-170
-163
-178
-154
-122
-156
-214
-187
-133
-141
-138
-101
-97
-132
-92
-4
-4
-29
2
54
90
125
168
166
169
206
255
284
296
287
263
262
280
291
266
243
213
174
150
140
124
69
25
13
-12
-52
-74
-103
-126
-128
-129
-143
-162
-172
-178
-186
-167
-134
-137
-176
-186
-164
-127
-110
-130
-137
-93
-95
-133
-101
-77
-82
-93
-82
-90
-81
-98
-147
-124
-85
-132
-186
-186
-168
-188
-227
-222
-210
-243
-268
-286
-264
-246
-285
-312
-290
-261
-171
-34
-77
-226
-167
102
215
94
94
272
266
151
288
534
485
262
283
473
464
343
366
441
350
246
292
366
259
114
134
176
136
79
46
-11
-91
-84
-9
-34
-130
-174
-181
-206
-183
-110
-122
-231
-246
-164
-150
-160
-102
-79
-148
-164
-58
8
-15
-12
25
46
72
141
173
170
188
225
259
295
312
280
259
306
342
325
290
263
209
181
207
218
158
76
33
-1
-13
-6
-25
-80
-114
-126
-144
-157
-152
-159
-181
-180
-153
-167
-199
-188
-169
-171
-153
-114
-129
-186
-184
-134
-98
-90
-108
-112
-120
-132
-104
-89
-102
-117
-133
-169
-183
-156
-167
-212
-208
-193
-191
-240
-288
-254
-220
-241
-267
-268
-265
-306
-299
-101
49
-98
-278
-123
181
199
48
161
342
212
89
344
595
432
199
326
503
400
289
397
433
260
183
304
351
188
75
117
124
76
56
32
-63
-136
-81
-31
-90
-144
-160
-220
-248
-163
-87
-164
-247
-206
-170
-185
-125
-46
-93
-177
-132
-24
5
5
33
35
29
94
169
183
198
220
221
251
317
321
268
276
337
333
291
296
273
196
172
216
207
126
64
28
-8
-16
-7
-44
-99
-128
-148
-163
-156
-144
-175
-202
-181
-170
-193
-191
-174
-174
-173
-144
-125
-153
-166
-139
-115
-98
-97
-111
-132
-133
-95
-84
-99
-96
-123
-159
-162
-126
-123
-166
-189
-203
-225
-251
-234
-248
-274
-322
-338
-328
-328
-328
-258
-107
-87
-257
-292
-7
215
78
0
206
304
127
159
495
572
286
205
452
517
343
332
477
425
230
236
370
319
151
115
190
150
41
8
1
-73
-118
-55
-57
-168
-219
-216
-240
-237
-156
-154
-278
-308
-215
-197
-215
-129
-77
-176
-240
-121
-27
-46
-19
25
0
-14
65
129
151
200
219
188
218
299
307
271
329
372
318
293
316
275
217
245
274
208
128
101
50
10
40
44
-21
-80
-104
-146
-162
-104
-100
-167
-187
-169
-187
-202
-145
-117
-161
-177
-152
-136
-159
-141
-112
-119
-117
-95
-98
-121
-96
-80
-70
-64
-67
-110
-147
-116
-95
-106
-132
-141
-198
-247
-221
-198
-195
-234
-268
-283
-311
-306
-295
-290
-267
-134
-37
-137
-286
-143
196
238
69
139
331
233
91
369
684
507
209
334
539
423
322
481
550
310
156
296
388
248
127
175
181
58
-10
24
-1
-105
-106
-47
-104
-202
-216
-220
-244
-200
-125
-196
-299
-271
-215
-226
-163
-52
-103
-242
-225
-83
-28
-19
35
12
-52
-38
67
108
236
309
159
85
200
362
332
310
405
337
200
296
385
301
248
273
246
145
127
146
38
13
80
28
-68
-75
-106
-188
-160
-63
-90
-203
-218
-196
-236
-184
-93
-129
-217
-220
-185
-157
-125
-94
-132
-179
-142
-111
-121
-102
-63
-99
-130
-99
-80
-107
-118
-109
-126
-135
-131
-146
-194
-189
-181
-209
-215
-205
-235
-292
-292
-251
-266
-296
-269
-127
-17
-120
-262
-128
191
226
45
117
349
254
85
360
679
478
174
329
572
442
304
477
546
295
152
317
422
258
118
169
182
63
9
60
30
-86
-109
-51
-88
-187
-192
-186
-222
-188
-118
-190
-288
-238
-180
-214
-166
-57
-107
-248
-202
-59
-29
-44
12
3
-64
-36
65
104
181
287
192
83
165
320
347
337
390
343
208
250
364
329
293
285
208
120
116
147
86
43
63
-17
-98
-60
-72
-157
-140
-68
-115
-204
-196
-164
-211
-201
-105
-122
-215
-216
-186
-180
-153
-101
-122
-180
-184
-138
-122
-97
-54
-76
-117
-122
-114
-106
-76
-79
-114
-164
-172
-174
-204
-187
-172
-229
-278
-276
-280
-306
-306
-289
-314
-316
-154
-23
-170
-316
-132
195
198
18
125
316
182
82
409
688
456
152
317
565
447
346
522
546
261
130
357
480
269
128
198
181
26
14
115
63
-107
-113
-32
-90
-176
-169
-164
-216
-193
-139
-188
-266
-231
-193
-207
-137
-56
-137
-247
-180
-68
-42
-17
23
-23
-100
-23
73
113
121
210
226
109
135
234
333
369
352
327
263
241
307
338
352
336
225
130
130
137
137
113
83
16
-79
-87
-57
-85
-100
-86
-124
-184
-200
-177
-180
-187
-144
-137
-196
-220
-192
-186
-152
-108
-114
-165
-199
-172
-126
-102
-73
-79
-133
-149
-147
-124
-87
-89
-125
-168
-178
-184
-203
-206
-202
-218
-263
-278
-301
-338
-345
-330
-315
-314
-190
-53
-178
-373
-194
202
237
0
63
317
200
35
385
738
493
130
291
585
454
323
521
590
285
103
333
493
287
109
201
225
47
-9
118
89
-102
-129
-22
-73
-202
-192
-165
-221
-207
-135
-186
-283
-255
-202
-219
-150
-39
-127
-261
-201
-74
-50
-16
43
-25
-117
-52
83
96
125
144
186
159
149
220
268
382
381
278
278
319
291
284
340
376
276
136
146
157
108
131
117
47
-31
-81
-77
-63
-57
-59
-118
-167
-178
-190
-178
-138
-130
-150
-187
-203
-192
-168
-144
-112
-117
-137
-169
-183
-135
-87
-83
-82
-86
-120
-161
-161
-94
-77
-105
-139
-178
-224
-246
-199
-174
-193
-237
-300
-334
-323
-284
-277
-314
-344
-310
-149
-43
-176
-311
-91
232
168
11
190
364
135
63
498
733
392
149
405
563
364
358
603
548
187
116
386
460
231
124
209
144
-37
-6
138
54
-150
-152
-61
-124
-201
-160
-177
-255
-225
-157
-211
-259
-215
-220
-254
-140
-37
-154
-259
-170
-75
-70
-4
54
-26
-111
-27
71
115
156
207
207
119
143
229
338
413
338
246
244
275
309
326
352
303
170
108
161
163
122
90
45
-9
-57
-53
-54
-95
-106
-102
-127
-157
-160
-174
-185
-164
-116
-116
-173
-197
-180
-165
-131
-82
-82
-144
-192
-165
-107
-80
-75
-79
-127
-174
-176
-131
-79
-99
-153
-182
-205
-197
-192
-192
-213
-245
-292
-303
-289
-296
-320
-355
-354
-321
-197
-45
-127
-325
-235
134
247
69
110
328
231
50
356
738
561
204
308
561
459
352
539
604
309
110
294
464
307
124
173
183
24
-37
71
69
-120
-187
-85
-100
-201
-213
-207
-269
-258
-169
-183
-276
-263
-238
-273
-183
-41
-100
-242
-213
-104
-75
-26
69
21
-87
-55
52
95
167
280
189
71
130
266
316
335
377
307
183
235
328
303
286
286
186
97
116
143
91
54
58
-16
-83
-43
-67
-145
-138
-79
-107
-169
-163
-163
-208
-191
-106
-108
-166
-181
-189
-182
-128
-86
-85
-135
-162
-164
-141
-84
-69
-97
-126
-146
-162
-143
-93
-109
-179
-201
-182
-204
-235
-240
-237
-259
-271
-272
-293
-319
-338
-360
-345
-311
-189
-23
-83
-301
-256
147
324
127
122
375
301
58
315
772
658
241
292
576
491
335
508
644
372
110
243
433
311
102
128
167
32
-74
-5
21
-137
-209
-128
-117
-214
-247
-248
-295
-268
-171
-184
-265
-251
-237
-280
-183
-2
-33
-190
-184
-82
-60
3
116
89
-31
-11
52
100
182
320
281
111
152
245
297
352
387
329
197
211
281
258
255
272
174
72
91
93
37
-6
15
-22
-94
-74
-82
-171
-172
-114
-103
-133
-138
-167
-219
-198
-112
-87
-117
-140
-182
-208
-152
-90
-91
-126
-156
-184
-204
-145
-79
-99
-148
-169
-189
-181
-169
-149
-175
-203
-225
-256
-271
-256
-267
-293
-290
-276
-308
-362
-367
-338
-321
-204
11
-7
-251
-274
84
324
202
187
409
353
92
259
725
750
396
329
536
491
346
486
653
460
165
181
357
308
136
116
135
18
-90
-52
-32
-153
-220
-178
-173
-215
-231
-267
-338
-293
-177
-177
-233
-200
-202
-278
-203
10
43
-90
-116
-53
-45
18
161
169
66
37
66
100
202
397
303
132
162
253
298
320
392
330
162
186
274
234
221
216
108
58
84
79
0
-42
-20
-74
-98
-19
-59
-186
-179
-108
-98
-89
-59
-106
-214
-194
-78
-58
-75
-72
-145
-202
-145
-86
-94
-117
-122
-166
-220
-179
-116
-136
-164
-179
-201
-211
-204
-202
-218
-209
-225
-280
-301
-296
-293
-321
-309
-300
-350
-414
-396
-365
-272
-54
16
-189
-312
-19
290
212
154
406
466
191
192
626
800
502
358
564
599
391
394
614
570
268
177
332
330
131
61
119
53
-89
-97
-74
-166
-253
-233
-224
-242
-228
-271
-377
-351
-215
-190
-244
-186
-150
-260
-244
-21
91
-3
-49
10
12
40
165
226
176
145
111
112
184
346
358
216
212
240
244
287
342
326
210
174
210
180
174
178
87
23
63
52
-18
-63
-58
-83
-106
-25
-11
-124
-165
-123
-88
-61
-16
-22
-113
-157
-107
-47
-20
-25
-70
-141
-143
-122
-99
-99
-117
-162
-195
-190
-192
-195
-191
-182
-216
-231
-232
-251
-264
-272
-246
-242
-268
-311
-348
-340
-311
-296
-303
-330
-373
-391
-342
-119
106
11
-220
-138
228
351
204
326
576
422
167
420
831
728
385
437
648
512
325
449
572
353
104
169
306
181
-26
-50
-24
-102
-169
-152
-182
-291
-341
-320
-302
-238
-208
-317
-401
-309
-182
-193
-177
-63
-87
-202
-115
104
153
69
80
120
114
155
236
243
227
194
133
154
280
282
184
275
263
151
128
234
300
139
122
189
74
53
88
49
7
6
3
-41
-67
-34
-84
-135
-19
29
-52
-67
-43
-41
-50
1
71
34
-40
-67
-61
-25
-2
-26
-69
-99
-146
-184
-158
-140
-166
-205
-236
-238
-268
-276
-229
-240
-250
-271
-299
-286
-276
-267
-245
-240
-252
-286
-311
-281
-245
-249
-264
-278
-296
-290
-250
-24
202
71
-155
-13
339
394
259
421
636
431
223
509
813
657
390
452
594
445
288
393
435
233
54
115
196
62
-98
-135
-146
-195
-199
-187
-244
-321
-340
-338
-311
-232
-179
-262
-324
-230
-144
-134
-68
21
-7
-54
34
174
177
159
178
171
171
233
272
238
198
180
137
181
321
263
131
100
128
151
137
181
146
15
21
36
33
67
50
-26
-92
-44
9
-20
-43
-29
-49
-75
12
75
33
-29
-28
15
32
63
77
27
-48
-66
-27
-6
-25
-72
-132
-168
-197
-192
-182
-208
-237
-278
-279
-249
-254
-252
-271
-277
-261
-247
-214
-219
-237
-250
-233
-217
-216
-217
-229
-247
-242
-246
-252
-259
-266
-269
-250
-85
116
110
-39
-41
186
369
356
367
458
457
400
426
539
609
568
501
422
351
383
434
346
198
132
160
124
15
-36
-58
-143
-232
-227
-188
-201
-251
-302
-327
-328
-262
-191
-195
-230
-221
-185
-138
-78
-15
17
5
40
106
132
147
165
167
151
166
227
250
211
160
152
161
187
226
215
159
105
88
94
106
111
98
71
26
-3
-1
4
11
-18
-37
-46
-46
-44
-50
-60
-66
-29
20
19
-12
-22
-21
-13
4
34
37
9
-35
-67
-78
-69
-54
-68
-119
-163
-185
-192
-197
-201
-199
-210
-230
-243
-241
-231
-232
-231
-237
-233
-212
-202
-205
-217
-233
-217
-185
-190
-210
-200
-198
-205
-212
-221
-220
-223
-187
-110
13
103
73
4
38
173
307
370
377
336
298
337
423
476
453
402
362
337
331
319
277
227
182
140
94
71
55
27
-33
-101
-131
-137
-129
-121
-131
-174
-220
-214
-168
-123
-116
-121
-123
-120
-91
-45
-7
-1
1
28
66
90
92
65
48
73
106
117
103
90
76
68
83
103
106
106
109
80
49
47
66
73
67
58
30
-11
-26
-11
-2
-4
-19
-43
-32
-12
-13
-1
6
14
2
8
13
8
34
31
43
-11
-17
26
-16
-17
-25
-42
-48
-64
-47
-20
-96
-88
-79
-136
-85
-66
-119
-143
-91
-109
-147
-77
-55
-104
-136
-120
-64
-51
-89
-87
-105
-97
-49
-51
-70
-95
-81
-74
-78
-94
-101
-102
-97
-106
-129
-119
-121
-136
-156
-143
-113
-92
-53
-28
-39
-60
-43
-4
48
82
80
78
75
93
143
180
184
165
137
147
182
202
211
194
158
139
153
185
182
144
85
46
41
62
79
75
44
13
-12
-6
31
35
11
-11
-23
-18
-4
-3
-17
-38
-55
-54
-40
-24
-22
-35
-46
-55
-56
-36
-16
-12
-26
-22
-17
-9
3
8
28
21
21
31
28
28
41
57
51
43
59
77
61
48
54
80
79
77
81
50
46
54
61
73
28
11
39
24
-10
-3
31
-8
-47
-26
-13
-26
-35
-26
-27
-69
-34
-18
-75
-76
-58
-46
-51
-56
-71
-58
-44
-84
-96
-93
-89
-61
-72
-141
-136
-88
-117
-106
-92
-159
-158
-126
-123
-145
-150
-137
-155
-150
-141
-138
-136
-145
-126
-130
-144
-119
-129
-140
-118
-52
7
20
19
23
36
65
121
168
178
171
181
212
253
270
263
238
216
210
207
224
224
192
137
110
113
113
89
61
18
-13
-7
10
19
8
-29
-77
-96
-72
-29
-30
-49
-54
-81
-83
-41
-24
-56
-75
-64
-77
-51
0
-11
-27
-11
-5
-5
2
16
25
27
60
77
94
104
94
79
87
120
114
106
109
97
84
102
123
102
69
48
69
58
20
47
60
67
20
-4
38
56
28
-31
2
23
38
-11
-20
29
-13
-20
1
4
-45
-10
-15
-53
-23
-109
-86
-32
-104
-156
-97
-55
-176
-144
-83
-103
-178
-223
-118
-125
-153
-122
-146
-160
-107
-105
-136
-151
-117
-113
-144
-136
-134
-87
-97
-138
-131
-114
-93
-105
-137
-138
-127
-108
-90
-38
39
79
95
88
103
136
192
253
242
225
222
261
310
344
344
279
236
212
226
246
215
172
117
84
71
62
33
6
-35
-81
-97
-87
-87
-100
-120
-126
-112
-111
-102
-112
-127
-106
-68
-63
-65
-37
-16
-17
7
28
32
48
58
62
76
90
97
102
127
142
139
132
137
136
139
144
149
150
128
126
133
126
113
106
83
83
80
77
70
57
55
53
60
48
37
45
26
14
33
48
8
-21
-5
0
-32
-55
-18
-48
-134
-99
-71
-110
-114
-141
-155
-112
-145
-176
-139
-165
-218
-182
-142
-161
-179
-168
-155
-164
-162
-161
-142
-137
-149
-125
-135
-141
-132
-128
-123
-147
-149
-142
-146
-131
-134
-137
-148
-170
-164
-160
-122
-16
105
179
190
192
215
262
327
361
344
323
342
400
451
454
401
342
281
251
249
199
132
69
36
32
22
-17
-83
-151
-201
-222
-218
-220
-228
-222
-206
-190
-181
-167
-153
-128
-94
-71
-59
-44
14
70
106
130
136
137
140
160
183
176
154
154
174
201
209
196
170
157
150
141
129
107
83
57
62
66
51
28
15
8
-1
0
-2
-11
-7
17
31
28
34
42
44
57
66
59
51
48
53
45
19
-1
-21
-36
-57
-83
-105
-129
-164
-176
-183
-206
-224
-236
-239
-240
-234
-222
-215
-212
-201
-177
-153
-149
-142
-129
-124
-131
-133
-127
-135
-121
-118
-138
-157
-165
-156
-138
-138
-156
-176
-191
-200
-203
-169
-66
75
168
193
217
275
326
373
408
393
360
377
441
484
469
429
396
349
295
228
153
73
7
-10
-21
-58
-116
-144
-164
-201
-246
-275
-291
-304
-278
-231
-201
-181
-131
-79
-57
-47
-30
-15
10
67
114
139
157
193
232
252
251
221
173
146
145
144
145
134
116
105
96
87
64
32
5
-27
-45
-49
-33
-10
11
27
27
19
26
34
40
51
58
69
90
109
121
124
114
99
91
79
57
27
5
-11
-23
-38
-66
-101
-133
-168
-195
-220
-245
-261
-268
-260
-255
-245
-235
-226
-219
-214
-203
-183
-168
-154
-132
-113
-111
-107
-114
-127
-137
-146
-144
-146
-140
-132
-131
-131
-133
-155
-177
-209
-242
-272
-262
-174
-19
120
187
225
291
364
405
420
408
375
383
429
473
470
456
461
436
369
268
160
78
7
-50
-93
-140
-175
-172
-165
-197
-247
-289
-300
-317
-337
-315
-268
-209
-133
-58
-23
-2
39
74
78
87
101
109
141
188
237
266
277
271
226
172
131
96
67
46
26
2
1
22
30
22
3
-32
-71
-82
-79
-68
-43
-2
46
83
121
141
150
159
151
138
125
126
141
141
145
152
148
142
109
67
18
-24
-61
-91
-125
-158
-184
-188
-192
-206
-223
-244
-268
-287
-287
-289
-278
-257
-228
-200
-179
-157
-122
-103
-92
-84
-95
-101
-102
-104
-97
-103
-115
-120
-138
-156
-161
-177
-186
-202
-225
-232
-258
-265
-264
-269
-191
-37
88
146
199
312
415
448
462
472
465
463
479
477
443
424
447
437
359
255
174
117
27
-76
-144
-208
-262
-282
-277
-294
-303
-285
-271
-306
-331
-290
-235
-192
-150
-106
-49
27
114
175
191
211
232
233
226
221
235
253
263
244
212
182
161
134
71
3
-43
-76
-100
-109
-117
-111
-93
-78
-80
-89
-75
-60
-44
-20
4
38
91
141
178
204
230
246
241
223
196
170
154
137
114
89
78
67
46
19
-34
-86
-119
-158
-200
-229
-244
-253
-253
-245
-242
-228
-217
-211
-220
-232
-229
-215
-188
-167
-144
-106
-63
-42
-34
-33
-45
-69
-95
-113
-137
-152
-165
-169
-179
-184
-186
-197
-215
-226
-249
-281
-289
-306
-319
-257
-111
43
127
197
317
442
494
508
521
509
475
453
437
410
399
432
435
352
258
205
161
57
-78
-180
-251
-316
-352
-360
-345
-323
-288
-259
-268
-271
-228
-184
-181
-174
-125
-58
12
93
172
231
287
332
316
279
267
276
255
214
188
159
135
125
106
61
16
-24
-84
-150
-183
-191
-181
-176
-176
-171
-138
-78
-28
2
28
57
73
104
143
179
222
257
275
279
290
296
276
240
192
141
108
81
41
5
-25
-47
-78
-112
-142
-178
-201
-226
-255
-278
-275
-256
-237
-221
-206
-195
-180
-171
-168
-152
-136
-132
-114
-94
-80
-58
-45
-38
-41
-55
-61
-81
-107
-129
-168
-198
-226
-252
-268
-281
-277
-273
-278
-279
-284
-287
-283
-247
-122
17
87
156
291
439
499
520
581
594
554
512
466
413
375
366
343
278
210
183
139
49
-70
-155
-216
-317
-398
-429
-414
-398
-366
-321
-292
-243
-162
-102
-103
-88
-37
-6
23
84
157
221
276
316
338
342
352
347
305
235
174
126
75
30
0
-31
-51
-74
-111
-143
-158
-160
-187
-213
-220
-211
-188
-142
-88
-45
27
90
128
165
209
242
253
254
256
252
252
249
240
226
211
186
146
104
52
5
-43
-97
-147
-180
-195
-211
-224
-226
-224
-221
-212
-204
-213
-212
-208
-212
-199
-183
-155
-126
-105
-73
-46
-24
-12
-10
-13
-28
-55
-84
-111
-130
-154
-177
-205
-235
-262
-285
-306
-319
-328
-345
-358
-371
-376
-379
-339
-225
-80
33
106
228
385
492
547
589
635
634
575
524
487
445
413
375
318
242
189
150
71
-33
-123
-195
-293
-395
-454
-456
-448
-434
-401
-364
-314
-234
-151
-108
-71
-14
29
42
65
132
200
245
281
313
340
365
379
371
326
268
203
124
47
-12
-66
-113
-142
-167
-185
-188
-179
-177
-190
-203
-220
-219
-200
-166
-123
-61
10
73
140
214
273
306
329
335
326
309
297
274
240
211
189
167
135
108
68
24
-31
-89
-142
-191
-233
-264
-269
-265
-253
-224
-189
-163
-145
-125
-111
-118
-124
-121
-129
-118
-100
-76
-51
-27
-2
15
24
5
-22
-49
-87
-137
-188
-230
-260
-288
-311
-323
-327
-321
-320
-313
-308
-311
-314
-318
-325
-330
-276
-139
6
95
193
352
515
586
624
680
699
644
553
481
421
364
312
265
202
152
127
95
30
-51
-124
-204
-310
-403
-444
-453
-459
-447
-406
-348
-261
-154
-72
-25
25
74
97
96
118
159
179
190
220
263
307
342
362
352
312
250
177
93
12
-57
-122
-174
-206
-219
-207
-182
-157
-153
-147
-135
-135
-131
-112
-89
-74
-41
6
62
132
205
265
309
335
344
333
308
272
229
187
139
99
74
52
33
14
-14
-46
-81
-118
-155
-194
-224
-233
-239
-231
-208
-182
-158
-124
-103
-89
-73
-70
-73
-85
-87
-83
-88
-82
-70
-67
-62
-61
-62
-76
-92
-118
-156
-189
-230
-266
-306
-339
-356
-370
-371
-361
-364
-351
-343
-340
-325
-292
-205
-96
0
84
210
362
488
557
624
686
687
643
581
523
465
389
317
249
182
131
94
56
-4
-62
-119
-193
-280
-345
-384
-426
-458
-457
-432
-376
-299
-203
-113
-37
35
87
115
141
164
180
180
175
190
220
249
276
297
305
294
259
211
144
76
-9
-102
-170
-223
-260
-263
-250
-227
-198
-165
-128
-97
-74
-52
-50
-45
-25
-6
26
75
132
180
231
280
313
328
329
307
262
214
154
103
61
14
-20
-49
-69
-87
-102
-110
-128
-146
-171
-194
-211
-218
-219
-220
-210
-186
-166
-141
-110
-90
-74
-56
-49
-49
-56
-64
-72
-80
-93
-113
-124
-134
-139
-148
-160
-171
-191
-202
-223
-248
-276
-288
-297
-310
-313
-313
-307
-300
-293
-282
-234
-115
-4
42
122
263
400
461
499
573
608
577
519
475
440
382
309
247
182
136
117
88
35
-14
-52
-102
-183
-251
-277
-315
-363
-386
-373
-341
-291
-213
-140
-83
-17
50
82
109
140
165
160
141
142
156
176
192
205
216
223
220
204
173
130
77
2
-65
-118
-166
-194
-203
-198
-183
-152
-112
-75
-38
6
20
24
37
46
52
67
90
107
139
173
200
216
236
247
240
215
178
139
97
55
8
-28
-53
-82
-102
-105
-104
-104
-105
-114
-128
-142
-147
-162
-175
-185
-197
-198
-189
-174
-156
-135
-113
-101
-96
-86
-86
-92
-96
-126
-146
-168
-180
-190
-201
-210
-222
-224
-226
-227
-231
-221
-219
-232
-237
-248
-261
-264
-273
-259
-173
-64
7
61
180
341
419
463
531
580
563
507
458
405
339
270
199
132
95
76
64
46
12
-10
-40
-94
-153
-199
-237
-304
-353
-355
-329
-299
-237
-167
-102
-36
35
91
122
155
174
165
141
125
120
117
116
126
146
161
177
184
178
172
139
86
25
-38
-86
-140
-178
-199
-198
-178
-145
-107
-58
-9
28
56
67
88
97
87
95
99
103
116
125
140
157
174
187
183
178
165
138
111
74
33
-1
-42
-80
-104
-114
-118
-122
-120
-115
-118
-120
-115
-126
-136
-151
-168
-181
-190
-189
-181
-171
-160
-143
-122
-101
-87
-75
-77
-85
-107
-122
-137
-167
-191
-216
-243
-253
-258
-259
-257
-256
-256
-259
-268
-278
-277
-263
-222
-166
-83
-4
88
206
318
413
490
552
586
574
542
502
437
361
280
201
142
90
57
40
18
2
-15
-50
-87
-130
-179
-230
-280
-316
-337
-337
-312
-276
-213
-148
-74
7
72
123
164
188
190
190
179
162
146
135
138
143
155
175
188
197
189
162
125
75
25
-38
-104
-152
-186
-202
-209
-194
-159
-118
-70
-23
13
51
80
86
93
99
104
102
104
106
114
128
145
153
161
172
169
156
140
117
90
63
21
-15
-47
-79
-99
-120
-129
-130
-126
-120
-109
-98
-91
-88
-99
-106
-118
-127
-135
-154
-155
-150
-144
-132
-116
-99
-77
-72
-73
-73
-95
-113
-145
-177
-203
-233
-252
-260
-257
-246
-226
-209
-193
-179
-173
-170
-178
-168
-128
-89
-45
8
86
184
278
363
439
501
538
537
504
473
420
345
266
181
118
66
29
7
-9
-16
-29
-44
-61
-79
-101
-142
-190
-227
-253
-265
-271
-256
-211
-164
-104
-42
26
97
152
180
193
196
195
180
154
138
123
114
114
117
126
136
137
131
119
99
69
28
-8
-48
-81
-101
-113
-121
-111
-90
-66
-37
-8
26
49
65
85
96
96
95
85
80
80
77
74
73
78
91
96
110
117
120
118
97
74
49
20
-12
-44
-80
-107
-126
-142
-144
-142
-132
-128
-125
-123
-118
-121
-130
-140
-155
-169
-177
-179
-184
-173
-160
-154
-141
-130
-120
-110
-109
-121
-136
-146
-169
-189
-204
-217
-226
-235
-243
-245
-241
-232
-187
-134
-66
0
56
138
230
304
368
417
459
470
456
442
415
376
323
256
200
153
110
78
49
24
8
-16
-36
-65
-88
-114
-158
-194
-226
-243
-246
-247
-221
-184
-141
-91
-42
19
72
115
144
165
173
177
164
143
132
124
114
114
115
121
122
113
115
107
86
57
24
-10
-38
-64
-85
-100
-102
-91
-77
-58
-35
-9
6
18
26
33
43
43
41
39
41
44
51
57
70
79
87
96
102
111
110
95
75
55
30
7
-21
-51
-81
-105
-124
-136
-139
-134
-129
-132
-133
-127
-125
-129
-135
-143
-152
-163
-168
-173
-172
-169
-171
-165
-160
-145
-134
-131
-125
-127
-142
-156
-168
-184
-191
-204
-211
-212
-215
-213
-205
-184
-154
-99
-40
16
71
139
211
276
326
367
406
421
413
399
372
332
285
225
169
115
80
40
10
-7
-25
-39
-60
-77
-88
-109
-134
-163
-180
-189
-206
-200
-188
-166
-134
-96
-52
-1
49
91
122
141
159
162
156
148
134
123
109
89
82
81
80
79
77
69
60
44
30
12
-4
-21
-43
-57
-67
-70
-66
-56
-45
-35
-24
-11
0
10
22
27
27
28
29
35
39
42
46
51
51
61
61
67
62
53
44
31
23
6
-17
-39
-58
-81
-96
-111
-122
-128
-133
-142
-142
-140
-140
-139
-148
-148
-156
-158
-165
-169
-170
-174
-176
-177
-173
-171
-158
-147
-131
-124
-120
-114
-118
-124
-127
-139
-152
-163
-179
-186
-201
-190
-149
-91
-38
1
75
161
228
280
335
381
402
396
379
350
310
260
202
146
97
61
33
3
-11
-12
-27
-38
-47
-52
-59
-92
-123
-145
-164
-182
-193
-195
-182
-155
-121
-79
-30
26
70
107
137
157
167
161
147
122
101
81
60
47
43
46
48
58
68
79
84
76
63
52
35
8
-14
-37
-48
-60
-62
-58
-50
-37
-30
-17
-2
12
22
31
30
28
26
25
21
20
24
29
34
40
48
54
62
58
53
40
30
9
-13
-30
-54
-74
-93
-107
-116
-132
-135
-139
-144
-141
-143
-145
-146
-143
-149
-155
-162
-169
-180
-192
-198
-199
-197
-194
-189
-177
-162
-157
-140
-134
-128
-120
-121
-119
-120
-134
-138
-150
-155
-139
-109
-56
-16
31
100
172
237
288
331
372
384
375
359
320
283
230
166
111
60
28
-3
-30
-36
-44
-54
-52
-59
-61
-71
-89
-105
-130
-140
-152
-165
-162
-156
-139
-114
-81
-34
15
53
94
125
152
170
164
158
137
114
87
63
45
27
19
21
24
40
50
54
61
56
51
39
22
-5
-28
-46
-64
-73
-71
-62
-54
-42
-23
1
26
44
53
59
59
55
53
43
36
26
20
20
19
23
30
32
34
33
31
24
9
-10
-31
-46
-70
-90
-105
-114
-123
-130
-133
-127
-126
-122
-116
-111
-109
-110
-114
-124
-133
-149
-160
-167
-176
-180
-187
-184
-183
-180
-169
-161
-152
-146
-140
-140
-137
-146
-143
-148
-160
-149
-134
-111
-70
-13
44
94
157
226
284
325
361
378
377
369
339
300
253
203
146
93
60
22
-8
-27
-41
-49
-57
-62
-74
-81
-93
-111
-127
-143
-155
-159
-167
-157
-141
-122
-89
-54
-12
31
68
100
129
152
163
158
148
132
115
90
71
52
40
37
32
35
38
42
45
47
45
38
20
5
-15
-38
-55
-72
-75
-78
-74
-60
-50
-31
-10
11
32
43
54
60
57
57
52
46
39
34
31
32
34
35
35
38
35
28
17
6
-10
-27
-44
-65
-86
-104
-115
-124
-127
-133
-131
-131
-129
-126
-123
-119
-124
-128
-136
-143
-150
-157
-167
-176
-184
-184
-179
-175
-169
-157
-146
-141
-129
-126
-122
-119
-118
-122
-120
-124
-123
-114
-99
-78
-37
12
51
105
159
216
255
288
310
316
315
295
266
231
189
141
97
59
29
7
-14
-27
-31
-37
-42
-45
-52
-66
-79
-98
-115
-131
-138
-146
-146
-143
-126
-99
-79
-49
-11
21
50
76
102
108
109
107
94
84
65
51
39
30
26
29
33
42
54
57
62
63
55
51
32
15
-9
-28
-45
-56
-61
-70
-70
-62
-44
-36
-19
-6
4
16
23
30
27
27
26
23
16
14
16
19
25
26
31
31
28
26
22
18
4
-10
-29
-50
-73
-91
-107
-124
-136
-140
-145
-144
-136
-131
-120
-119
-119
-118
-120
-124
-137
-148
-156
-166
-168
-170
-159
-146
-137
-115
-99
-77
-60
-49
-29
-26
-22
-19
-29
-35
-54
-63
-72
-84
-76
-69
-52
-20
5
44
83
112
149
172
190
200
191
185
162
136
111
84
62
42
29
25
14
20
26
23
30
27
22
14
1
-14
-33
-52
-73
-93
-99
-104
-104
-98
-79
-58
-39
-12
8
25
38
43
41
36
29
22
14
13
10
2
11
13
23
38
44
54
57
52
47
37
31
20
1
-8
-20
-27
-28
-31
-24
-16
-8
2
11
24
34
34
28
26
21
14
5
-1
-4
-8
-7
-9
-1
0
2
12
13
14
11
1
-5
-19
-33
-51
-69
-82
-96
-104
-101
-99
-97
-96
-89
-87
-85
-83
-93
-102
-110
-127
-134
-142
-146
-147
-148
-140
-134
-122
-112
-91
-78
-68
-60
-50
-41
-42
-36
-43
-44
-46
-44
-41
-49
-49
-55
-55
-52
-43
-31
-14
3
22
48
74
95
121
143
156
160
160
157
148
132
114
92
70
57
45
31
27
26
24
30
34
37
42
36
32
23
14
1
-13
-18
-25
-30
-30
-24
-20
-5
1
8
15
20
21
25
26
17
16
8
4
2
1
2
-6
-2
0
6
10
16
17
18
24
22
22
17
17
9
6
5
3
10
13
20
26
34
35
38
42
43
39
38
32
30
25
21
23
14
18
21
20
13
16
9
4
-3
-15
-22
-35
-44
-51
-57
-63
-64
-70
-65
-64
-58
-60
-65
-63
-66
-72
-77
-82
-94
-100
-110
-116
-121
-118
-111
-110
-103
-98
-91
-82
-79
-72
-62
-59
-56
-52
-47
-38
-37
-33
-24
-21
-19
-18
-20
-27
-33
-39
-44
-48
-44
-41
-37
-17
3
24
49
76
98
121
140
152
162
166
164
160
148
137
129
117
102
91
84
75
67
62
60
52
43
36
20
9
-2
-14
-24
-31
-37
-38
-35
-30
-23
-16
0
7
19
31
38
41
41
45
46
46
47
40
41
38
33
31
28
26
18
18
14
12
8
11
6
6
7
2
3
-1
7
11
21
29
41
47
55
68
72
73
77
74
69
58
48
37
27
16
1
-3
-11
-17
-20
-23
-26
-24
-31
-30
-36
-40
-48
-55
-53
-59
-59
-59
-60
-62
-62
-60
-56
-59
-56
-58
-66
-65
-67
-71
-78
-81
-86
-87
-85
-85
-87
-77
-72
-63
-52
-43
-39
-33
-29
-30
-22
-19
-22
-15
-17
-14
-15
-13
-6
-7
-3
0
3
1
9
13
21
26
41
47
58
73
85
99
107
114
119
121
120
115
114
106
98
95
82
72
65
62
58
52
48
42
42
41
38
37
28
28
21
17
15
11
16
13
15
20
27
30
35
38
39
41
37
34
31
32
28
20
20
14
15
16
11
17
19
16
14
16
18
19
21
24
21
29
37
39
42
48
51
47
43
37
32
23
14
8
1
-9
-11
-13
-17
-18
-23
-14
-14
-16
-11
-10
-11
-12
-12
-12
-13
-14
-17
-22
-22
-21
-17
-16
-15
-12
-16
-19
-20
-20
-24
-33
-36
-43
-48
-53
-53
-55
-55
-48
-49
-43
-34
-27
-19
-19
-18
-15
-15
-14
-19
-20
-22
-21
-19
-23
-21
-17
-13
-10
-5
1
10
12
17
22
27
35
41
51
55
64
66
70
78
82
80
81
84
83
76
75
74
65
60
59
56
49
42
42
45
43
44
45
46
46
44
41
38
37
32
30
34
33
33
35
32
35
30
25
23
19
15
12
7
9
6
4
5
4
11
11
12
16
19
20
23
24
17
17
15
12
8
8
16
11
10
12
9
7
7
6
2
1
-6
-8
-13
-16
-18
-18
-24
-25
-22
-24
-21
-21
-19
-14
-14
-15
-10
-15
-11
-11
-15
-14
-23
-21
-22
-25
-24
-26
-26
-28
-29
-36
-42
-42
-47
-47
-46
-46
-51
-51
-51
-43
-36
-26
-21
-21
-16
-12
-8
-8
-9
-13
-12
-11
-8
-9
-13
-9
-5
2
4
12
15
20
24
24
32
25
23
27
26
24
25
28
28
36
44
48
52
55
58
59
57
57
49
43
36
33
25
21
26
30
32
26
31
30
35
32
32
35
27
29
30
24
23
25
23
20
17
23
23
24
25
29
29
31
27
25
30
33
31
27
29
26
26
22
22
16
14
7
3
-3
-7
-10
-14
-10
-13
-13
-12
-13
-11
-13
-17
-18
-18
-15
-19
-19
-15
-14
-15
-15
-9
-3
-6
-5
-8
-12
-12
-18
-19
-26
-23
-28
-30
-29
-33
-26
-30
-34
-35
-35
-37
-42
-42
-46
-48
-50
-51
-44
-43
-36
-32
-31
-28
-29
-24
-23
-18
-18
-15
-15
-15
-15
-15
-15
-18
-17
-13
-15
-14
-8
-7
-3
-2
0
2
5
8
14
21
21
24
24
25
27
27
22
22
20
17
15
14
14
13
14
17
20
22
21
24
22
19
20
15
11
7
2
-2
-2
1
3
1
-1
3
9
12
17
24
27
34
34
35
40
41
42
44
42
42
42
39
40
39
39
36
33
34
33
34
29
28
29
22
18
16
17
18
11
15
13
12
18
23
19
20
23
21
19
18
14
13
15
9
5
3
4
2
1
-1
0
-2
-5
-12
-14
-24
-27
-30
-32
-34
-35
-35
-38
-35
-34
-34
-34
-36
-31
-35
-35
-31
-38
-31
-32
-37
-37
-33
-29
-30
-28
-27
-23
-30
-26
-27
-26
-24
-31
-29
-27
-29
-25
-15
-10
-5
0
4
7
12
13
13
11
10
9
11
8
3
4
4
3
1
1
-3
-7
-11
-14
-15
-22
-23
-22
-22
-21
-21
-21
-19
-18
-15
-16
-12
-15
-15
-12
-15
-12
-14
-8
-4
-5
1
7
12
17
19
24
27
28
32
33
35
30
36
31
35
31
28
29
28
25
23
23
22
23
20
25
28
24
23
27
28
31
24
26
28
30
32
29
28
35
38
36
33
32
26
25
22
18
16
10
10
6
4
3
3
-3
-2
-4
-6
-8
-11
-13
-20
-23
-28
-25
-23
-21
-13
-16
-12
-12
-13
-9
-6
-9
-10
-7
-12
-7
-11
-19
-16
-16
-18
-22
-19
-19
-15
-10
-14
-12
-10
-10
-1
1
-2
1
-2
1
3
4
3
-4
-4
-2
4
8
12
12
17
23
20
16
13
11
9
-1
-5
-7
-9
-11
-18
-19
-17
-11
-7
-7
-6
-6
-4
-8
-9
-16
-17
-25
-26
-24
-26
-21
-17
-14
-6
-1
-3
3
7
15
22
28
27
33
29
25
27
29
30
24
24
25
26
29
28
26
35
36
33
41
37
37
40
38
39
37
37
35
33
39
36
34
39
38
39
41
40
43
45
42
35
31
31
28
24
13
12
7
1
0
-3
-6
-7
-7
-2
-3
-4
-1
0
1
4
2
2
5
4
5
5
4
5
6
5
7
10
12
12
10
12
7
10
10
9
8
4
1
3
2
3
3
6
11
13
18
17
19
19
19
20
19
13
16
16
15
17
17
15
14
14
13
17
15
17
12
12
11
8
2
-3
-3
-7
-11
-10
-10
-11
-11
-15
-15
-14
-15
-18
-14
-19
-21
-18
-19
-12
-2
1
1
5
13
16
19
23
24
22
22
21
20
20
20
20
18
22
19
23
25
28
32
33
34
33
36
39
40
42
38
35
40
44
44
44
50
50
50
52
52
57
53
50
45
39
36
27
27
19
16
16
9
2
2
3
-2
-3
-2
-3
-2
-3
-4
2
5
4
1
2
3
1
0
3
6
6
11
19
19
22
19
21
23
18
17
15
11
9
11
9
8
11
12
16
18
22
24
25
29
29
33
32
37
30
30
35
32
33
33
27
24
25
29
29
24
24
26
21
24
20
13
14
7
6
0
-1
4
2
-3
-2
-4
3
4
2
3
5
9
5
-1
5
3
-2
-2
0
0
0
3
6
9
10
17
19
20
20
23
25
24
24
23
22
24
26
20
24
28
26
30
31
37
37
40
47
44
46
50
51
58
61
57
61
61
60
58
56
54
50
47
43
42
39
35
32
23
19
19
13
9
11
5
5
1
-3
1
-3
-1
1
-2
6
-2
-3
0
-2
-4
-5
-3
-4
-9
-8
-8
-7
-4
-2
3
3
5
4
0
-1
2
-2
-2
-4
-1
1
0
3
7
8
9
14
12
15
17
18
20
15
15
14
11
14
15
12
12
17
16
19
19
25
22
20
21
21
20
15
10
10
6
3
3
3
3
4
3
4
10
9
11
17
12
15
13
8
12
10
13
14
8
9
11
16
18
14
15
14
