-19
-19
-13
-15
-14
-14
-16
-18
-19
-17
-17
-17
-9
-5
-8
-8
-6
-9
-5
-3
-6
-6
-10
-14
-12
-12
-13
-10
-10
-11
-9
-9
-12
-8
-6
-4
-7
-8
-6
-1
-5
-2
3
-5
-5
-3
-5
-1
-1
-6
-2
-2
0
-1
2
0
-3
-1
1
-1
-10
0
0
2
2
1
2
-1
6
4
7
5
3
8
9
6
5
7
6
7
9
9
11
14
13
14
12
13
10
8
5
5
6
6
6
6
4
7
6
2
5
2
3
2
0
-1
1
1
0
-3
-1
2
-3
-5
-5
-3
-2
-4
0
-3
-4
-4
-7
-10
-7
-8
-9
-6
-12
-9
-6
-8
-11
-11
-13
-9
-12
-9
-10
-8
-13
-17
-15
-14
-7
-10
-6
-7
-6
-11
-10
-12
-12
-10
-8
4
-9
-18
-7
-16
-23
-20
-16
-18
-13
-12
-12
-4
-1
-3
-8
-5
-3
-1
-1
-2
-1
-1
-3
-1
2
1
4
3
3
4
6
5
1
1
1
1
2
2
-1
-1
-1
-2
5
2
4
2
3
3
3
0
0
0
2
-1
2
3
-2
3
-1
-6
0
-1
-3
-1
-4
0
2
1
1
1
-1
3
4
2
-4
-8
-3
2
0
1
3
7
11
8
10
14
13
15
12
14
14
12
14
12
15
14
16
17
19
19
19
17
16
17
16
14
15
13
11
12
11
7
6
10
5
2
3
4
1
2
4
-1
2
-6
-4
-3
-5
-5
-10
-11
-10
-10
-13
-7
-5
-8
-9
-9
-10
-11
-10
-9
-11
-13
-12
-15
-12
-6
-7
-7
-2
-2
-4
-3
-7
-8
-6
-8
-12
-12
-15
-18
-16
-19
-19
-18
-19
-16
-11
-7
-11
-8
-9
-12
-12
-17
-15
-22
-22
-14
-19
-18
-23
-19
-16
-18
-19
-21
-16
-17
-9
-9
-8
-7
-10
-15
-18
-18
-12
-15
-15
-13
-16
-12
-12
-16
-12
-7
-9
-9
-13
-7
-4
-5
-6
-8
-9
-4
-3
-4
3
1
0
0
1
-5
-8
-3
-3
-7
-2
-4
-4
5
7
3
2
6
6
10
7
9
12
9
14
13
14
12
14
9
13
11
12
15
10
16
6
6
8
6
5
4
8
10
6
8
6
10
12
13
18
15
17
17
20
15
21
17
18
22
17
18
15
14
12
15
13
12
11
8
11
7
12
11
14
11
11
10
8
10
7
8
10
9
11
6
3
6
1
0
0
-1
-4
-10
-12
-10
-18
-10
-7
-7
-4
-6
-4
-8
-10
-5
-11
-14
-18
-15
-14
-17
-15
-14
-15
-12
-9
-10
-6
-8
-6
-7
-12
-17
-18
-26
-19
-21
-22
-18
-18
-18
-17
-10
-9
-11
-9
-10
-13
-13
-9
-8
-8
-10
-1
-2
-3
0
-1
0
1
0
-1
0
-3
2
1
2
1
8
7
8
9
9
12
11
10
5
9
8
9
12
12
8
11
11
8
10
7
9
14
14
10
8
9
8
11
12
14
14
14
13
10
15
12
14
15
19
22
21
19
13
17
15
11
12
10
17
15
15
22
20
18
21
27
26
28
29
28
30
31
34
31
34
37
28
29
34
34
30
36
33
32
33
32
28
26
26
20
18
16
17
13
20
19
20
17
17
17
15
16
13
13
11
12
12
9
12
11
11
10
7
10
6
4
3
3
-2
-6
-3
-5
-3
-5
-6
-2
-6
-2
0
-2
1
3
-2
-2
0
1
-3
-6
-4
3
-4
-1
0
-8
-4
-5
-5
-8
-8
-6
-5
-3
-6
-7
-3
-6
-11
-7
-7
-2
-7
-9
-11
-13
-12
-8
-7
-8
-8
-7
-8
-6
-6
-6
-3
-7
-1
-1
-6
-4
-5
-5
-11
-5
-8
-4
-3
2
3
-1
0
3
-1
2
9
8
10
5
7
3
-1
-2
-2
-3
-5
-3
-2
5
5
8
13
11
13
9
16
16
12
12
10
14
12
10
9
9
8
9
8
7
9
9
9
11
10
11
14
17
22
15
13
15
15
15
13
14
16
13
14
16
18
18
16
14
16
19
18
17
21
22
22
24
17
15
15
15
14
14
14
16
19
15
14
15
10
11
10
8
7
5
5
4
2
-3
-4
-3
2
2
1
-3
-4
0
-3
-5
-4
-5
-6
-11
-10
-10
-9
-11
-10
-12
-15
-12
-14
-8
-12
-12
-11
-8
-7
-10
-12
-15
-11
-14
-12
-12
-10
-8
-6
-4
-6
-5
-8
-9
-10
-9
-7
-7
-8
-3
-4
-2
-7
-5
-1
-4
1
-3
-1
-1
-2
1
2
1
1
1
8
7
6
4
8
11
11
12
12
12
10
7
5
7
5
3
8
7
8
11
12
13
11
8
8
7
6
10
11
15
13
17
18
20
19
19
18
17
19
14
22
15
17
15
18
21
12
21
17
18
19
20
26
23
23
20
17
18
20
16
20
21
18
19
17
18
18
21
24
21
22
25
24
28
21
23
21
21
21
17
21
18
16
17
21
21
20
18
21
13
16
13
11
4
1
3
2
7
9
7
9
9
10
10
11
8
9
3
6
7
3
5
3
6
3
3
3
2
6
4
3
0
-4
-3
-5
-12
-15
-10
-13
-12
-11
-10
-7
-5
-7
-5
-2
-5
-8
-5
-2
-5
-4
-10
-11
-12
-10
-10
-11
-11
-12
-11
-8
-8
-9
-10
-12
-13
-12
-12
-7
-10
-8
-11
-9
-4
-3
-2
1
1
1
2
2
2
-1
-1
0
-1
2
4
5
11
9
10
10
9
9
10
10
12
14
12
10
13
12
15
12
14
18
15
12
15
13
11
12
13
15
17
17
17
21
19
18
17
16
18
15
14
20
17
18
22
16
15
15
13
13
11
16
16
15
18
17
15
17
18
19
21
23
25
25
25
28
21
23
27
22
24
25
18
17
16
13
8
11
12
10
11
8
9
7
8
11
15
16
16
14
12
12
11
6
4
5
2
0
-7
-3
-3
-7
-6
-4
-2
-5
-2
-2
-3
1
0
0
3
1
-1
-5
-3
-2
-2
2
1
1
-2
0
-5
-3
-5
-4
-1
0
0
-3
4
2
2
1
-2
2
0
-2
1
-3
-4
-4
-4
-4
-4
-4
-5
-2
0
-2
1
1
-1
-3
-4
-3
-3
-2
-4
-7
-5
-3
-4
-5
-7
-1
-1
-1
6
2
2
3
2
4
4
7
6
4
9
5
5
10
10
9
10
7
7
10
9
11
12
11
17
17
18
22
18
25
29
25
23
24
21
23
22
19
19
19
20
17
20
19
22
20
19
20
22
18
20
20
16
17
18
17
12
15
16
17
17
19
19
19
19
22
15
14
19
18
22
21
21
22
19
17
17
21
22
20
17
14
15
11
9
15
13
14
8
8
13
17
12
13
12
13
11
14
11
7
9
6
6
5
7
2
1
-1
-1
-5
0
-2
-4
0
-3
-4
-3
-1
-3
-2
-6
-3
-5
-6
-4
-7
-5
-7
-5
0
-3
-3
-7
-1
0
-1
4
4
3
4
1
6
6
1
0
-1
0
-2
-4
-1
-2
-6
-5
-6
-3
-4
1
3
4
-1
-3
1
-2
2
-5
-4
-2
-7
-2
-2
-3
-3
-1
1
1
3
2
4
3
-2
3
7
9
8
6
6
5
6
7
7
6
5
7
7
3
4
9
2
6
7
5
6
5
4
7
8
9
8
10
11
9
13
8
13
12
8
9
11
10
9
13
14
16
11
15
15
15
19
21
20
21
25
22
20
17
20
19
20
17
15
18
13
14
16
11
16
14
9
6
6
9
8
13
13
13
10
11
6
1
4
2
5
4
0
4
3
-2
1
0
-2
-1
-2
-2
-4
-9
-7
-6
-5
-7
-5
-3
-1
-7
-9
-7
-6
-6
-6
-6
-9
-6
-5
-8
-10
-6
-4
-5
-4
-3
-5
-1
-1
-5
-2
-2
-4
-9
-7
-5
-7
-2
-6
-4
-3
-5
-2
-1
-4
-3
0
-1
-3
-7
-5
-6
-5
-9
-10
-8
-8
-11
-10
-10
-8
-12
-7
-7
-10
-9
-10
-8
-8
-8
-9
-6
-7
-2
-3
-2
-3
-5
-1
-4
-4
-9
-7
-6
-4
-8
-6
0
-4
2
1
4
5
0
2
5
4
3
3
4
5
3
5
8
8
10
9
12
9
10
13
13
12
16
16
16
11
11
11
9
10
11
8
9
9
6
9
5
3
-1
-3
-1
3
3
7
6
5
1
-1
0
1
2
0
1
-1
-1
2
-2
-5
1
1
-1
-1
6
2
0
6
10
10
9
10
9
8
11
14
13
7
11
10
12
13
4
8
6
1
4
8
2
-2
1
3
-2
-3
-4
-11
-6
-5
-7
-5
-8
-4
-4
-5
-6
-7
-6
-14
-15
-13
-13
-8
-7
-8
-5
-2
-3
-2
3
-2
-2
-3
-5
-6
-6
-7
-7
-6
-9
-9
-10
-9
-6
-5
-6
-5
-6
-8
-5
0
-5
-4
-4
-11
-7
-7
-5
-7
-5
-3
-4
-7
-8
-5
-8
-5
-6
-5
0
-3
-2
-2
3
2
2
4
-3
-2
-7
-5
-5
-10
-7
-5
-1
0
2
6
8
11
16
11
14
12
12
10
13
11
12
10
9
12
12
15
11
11
14
13
8
13
12
13
13
9
9
9
9
4
5
7
6
7
8
7
5
2
3
7
9
8
8
6
9
8
4
4
6
5
9
2
3
5
7
6
4
7
6
15
9
12
11
12
13
16
12
11
16
12
12
7
8
5
7
9
5
4
4
4
2
2
5
5
2
1
4
2
4
4
3
3
0
2
4
3
0
0
-4
-1
1
0
-2
-3
-8
-4
-2
-2
-5
-6
-1
-1
6
2
2
6
4
5
5
-1
4
2
2
5
3
4
2
2
9
9
6
5
4
5
2
0
0
-1
-3
-6
-2
-1
-2
0
-1
-2
3
1
-6
-4
-6
-6
-1
-5
-2
0
-3
-3
-3
0
-2
1
3
-3
4
4
2
6
4
3
3
-2
-3
2
3
3
4
4
6
4
2
-2
2
6
3
8
6
2
1
2
1
4
4
3
2
2
0
-1
-1
1
-1
-2
-2
-6
-4
-4
-1
-1
-4
2
1
1
2
4
4
-3
2
3
0
2
0
-3
-2
1
1
4
7
3
0
4
1
0
-1
5
1
3
3
2
2
0
5
4
3
6
5
0
4
0
-6
-1
-3
-5
0
-3
-5
-2
-6
-4
-4
-3
-4
-7
-6
-3
-6
-9
-4
-7
-4
-4
-8
-7
-2
-5
-7
-7
-6
-8
-10
-9
-8
-8
-8
-8
-7
-9
-6
-11
-4
-5
-7
-8
-6
-6
-9
-4
-6
-9
-2
1
-8
-8
-10
-11
-4
-4
-7
-3
-5
0
-1
-1
-1
-7
-4
1
-6
-5
-1
-4
-1
1
-2
5
2
2
7
37
57
-55
-65
47
9
-56
-9
-7
-47
-12
0
-30
-15
3
-11
-15
-6
-4
-19
-9
-2
-6
-1
-3
-6
-1
-2
-1
4
-2
1
9
0
0
10
13
22
22
61
55
-57
-20
131
139
-152
-101
114
-21
-121
-1
-4
-71
11
56
-20
122
153
-133
-62
107
17
-34
32
-13
-34
4
-10
-14
20
23
-1
0
20
-6
5
29
24
38
57
84
198
5
-127
114
81
-55
25
34
-82
-26
13
-49
-67
16
46
-70
45
16
-146
-17
18
-45
-22
-22
-49
-16
10
-31
-25
21
8
-9
15
15
1
-5
3
7
-14
-3
28
11
-12
-1
8
25
9
26
8
-25
-18
29
12
-53
-35
-22
-33
-27
-23
-22
-41
50
49
-110
-29
23
-29
-10
18
-15
28
66
64
17
1
97
87
43
58
12
-10
-6
13
20
-62
-47
19
-38
-77
-44
-71
-72
-11
-32
-66
-43
-28
-32
-15
-3
-34
-4
13
-3
22
11
4
19
31
0
6
21
-4
-3
26
62
2
-45
5
-6
-3
2
-19
-43
-60
6
-61
-60
-6
1
-31
-14
24
-38
-4
0
-10
9
-3
-25
-24
-16
-32
-37
-2
14
-7
-4
16
-28
-33
-6
19
-8
-41
9
-23
-13
10
3
-8
-5
33
53
-6
17
27
23
11
3
-11
6
-18
-34
-22
-62
-59
-30
-23
-40
-27
-37
-43
-38
-53
-37
-5
-12
6
-5
-19
7
2
16
36
9
1
15
-4
-21
-8
6
-32
-4
-8
-39
-47
-28
-32
-42
-39
-53
-68
-47
-48
-54
-44
-12
-37
-37
3
-37
-14
-8
19
31
28
1
-21
12
15
5
14
-9
-7
-14
-14
-16
-26
6
20
-18
-25
-6
-4
-21
-24
6
3
-22
-18
2
-13
-23
-23
7
-17
-33
-3
16
2
-18
-13
-4
12
47
13
-6
15
-4
8
-11
-27
5
48
8
1
-3
9
7
4
40
46
18
15
22
15
-31
12
49
5
-12
-2
11
-17
-19
-16
3
10
1
35
55
-4
-17
4
0
-6
37
38
-14
-2
-4
-29
-15
41
5
26
15
-20
-4
-55
-44
8
-1
-27
-31
-7
-46
-44
-31
-37
10
30
17
23
-5
-12
35
41
19
35
64
26
-14
9
26
-37
-44
4
48
25
-8
-17
-32
-30
-23
10
12
-2
10
7
-6
-31
-1
41
24
4
34
21
-26
24
40
31
33
62
76
33
27
41
32
22
17
28
5
-41
-25
25
10
-6
19
30
9
-21
1
19
7
3
50
57
8
-11
-3
10
-2
-6
18
5
-24
-33
-25
-17
-25
-21
3
-2
-13
-9
-24
-61
-68
-5
10
-23
-3
17
-7
-47
-19
27
19
25
21
28
5
-60
-14
34
-1
-30
-20
13
10
-5
9
24
30
41
58
53
25
-18
-20
4
19
9
-16
3
21
11
-1
-11
-2
34
64
44
30
16
-2
9
25
27
-2
-1
4
8
4
-23
-32
-26
21
32
-12
-25
-23
5
27
25
-3
15
37
4
-7
14
25
4
17
42
10
-20
-58
-46
-12
14
-5
-22
-3
-13
8
17
13
19
28
45
36
21
8
-13
-11
42
27
-13
-11
-49
-53
-12
-19
-57
-37
0
-6
-3
-13
-23
-11
16
33
15
11
-30
-30
25
-5
-27
25
34
-22
-35
-5
21
13
-36
-36
5
17
-25
-33
-29
-11
23
8
-43
-43
6
-7
-12
-16
-38
-13
11
-21
-54
-53
-15
-5
-31
-93
-62
67
40
-63
-92
-29
1
8
-5
-27
-35
-73
-17
42
4
-27
-4
33
57
60
15
0
46
91
81
62
70
58
42
55
63
55
69
76
64
50
49
63
53
47
74
89
83
78
80
56
78
120
107
106
141
120
71
89
110
105
63
62
93
104
81
13
-23
-9
38
51
2
-36
-32
8
-14
-71
-57
-33
1
24
-4
-67
-67
-17
-1
-56
-87
29
72
-24
-89
-82
-20
21
-57
-95
-27
6
-16
-90
-168
-82
63
3
-119
-113
-39
-38
-93
-132
-106
-55
-30
-88
-113
-89
-153
-190
-97
-71
-134
-82
-50
-123
-165
-137
-80
-31
-89
-108
-31
-27
-40
-33
-55
-47
2
44
47
13
-64
-95
-24
-9
-70
-129
-98
0
74
35
-76
-86
35
178
188
122
116
164
216
246
232
208
202
233
261
282
246
176
130
135
176
194
206
158
87
75
130
170
162
118
79
95
146
168
119
35
7
70
109
116
51
-49
-49
19
73
19
-50
-66
-18
59
26
-98
-120
-23
21
-30
-121
-136
-99
-25
-51
-108
-128
-130
-67
-92
-32
-88
-174
-126
-61
-49
-82
-114
-132
-50
-36
-42
-106
-97
-84
-46
-19
-82
-78
-77
1
0
-43
-63
-48
5
-17
-6
-35
-62
-21
-25
-22
-34
-30
-28
-31
-52
-35
-12
-26
-27
-54
-48
-36
-25
-27
-55
-53
-42
-44
-29
-44
-82
-87
-99
-119
-96
-35
-14
-39
-71
-80
-48
19
59
51
33
44
101
149
143
99
70
96
173
212
176
116
78
94
137
149
112
58
44
80
105
79
27
-13
1
43
75
46
3
-15
7
44
64
63
33
23
46
96
110
79
39
44
80
95
102
68
17
23
50
57
57
12
-10
22
16
37
-3
-15
-14
-6
-3
-19
2
-38
-33
-45
-34
4
-38
-48
-61
-50
-13
-50
-69
-60
-73
-82
-5
-58
-53
-77
-78
-36
-59
-62
-80
-33
-58
-74
-78
-51
-60
-73
-80
-92
-53
-55
-79
-81
-102
-95
-69
-78
-108
-89
-85
-118
-111
-117
-118
-131
-113
-110
-135
-147
-147
-131
-142
-180
-206
-207
-219
-196
-126
-21
10
-80
-171
-115
59
194
212
115
60
157
313
351
240
131
156
309
431
370
180
43
78
202
248
156
17
-41
11
75
43
-70
-163
-133
-18
36
-15
-119
-159
-109
-33
-8
-16
-25
-26
11
46
56
68
88
107
128
171
209
201
176
146
157
189
195
169
120
69
30
24
45
11
-66
-93
-78
-28
-15
-157
-173
-103
-79
-40
-78
-132
-138
-48
-49
-114
-114
-75
-51
-66
-54
-67
-48
-65
-88
-32
-34
-41
-44
-31
-82
-124
-100
-34
-44
-121
-158
-162
-98
-91
-155
-208
-200
-135
-118
-149
-195
-211
-153
-125
-155
-212
-207
-169
-121
-156
-233
-248
-240
-208
-248
-307
-251
-41
111
27
-199
-267
-29
310
434
271
76
116
374
559
474
230
141
331
588
608
340
61
15
198
353
298
78
-94
-73
45
74
-54
-199
-221
-124
-15
-4
-108
-215
-223
-136
-34
20
5
-43
-66
-24
31
62
52
24
46
111
170
163
89
52
120
258
354
302
179
110
162
257
251
150
43
32
70
80
-20
-153
-183
-130
-76
-37
-76
-209
-216
-149
-76
-43
-64
-138
-99
-29
-18
-28
-63
-54
-73
20
4
1
-64
-118
-104
-79
-12
-75
-111
-175
-165
-147
-117
-159
-189
-181
-211
-118
-145
-199
-237
-246
-184
-161
-161
-213
-228
-238
-204
-213
-269
-250
-254
-282
-330
-355
-255
-37
80
-68
-292
-279
37
372
419
204
21
140
449
633
523
278
204
410
668
683
427
151
109
291
465
422
182
-40
-63
67
152
71
-107
-206
-163
-33
19
-82
-228
-288
-200
-56
20
-30
-130
-182
-124
-17
43
44
-22
-20
52
119
116
50
2
19
128
276
351
288
147
69
129
288
381
315
150
29
67
145
110
-44
-173
-165
4
94
-51
-273
-357
-194
-5
31
-70
-165
-154
-69
-41
-10
-83
-121
-47
94
102
-33
-156
-173
-81
0
65
-101
-167
-191
-126
-75
-151
-197
-217
-126
-90
-104
-192
-265
-263
-201
-133
-113
-197
-256
-256
-243
-219
-242
-245
-307
-320
-341
-368
-329
-184
-46
-108
-278
-338
-151
154
294
205
34
39
266
491
525
363
234
314
568
710
575
302
162
254
461
537
361
113
-11
64
199
187
23
-138
-161
-59
20
-31
-185
-305
-278
-150
-49
-62
-168
-258
-251
-160
-59
-24
-69
-112
-85
1
64
46
-23
-49
47
196
305
318
234
162
175
282
405
455
378
262
193
209
250
194
73
-28
-31
40
39
-96
-280
-329
-211
-42
-34
-166
-222
-188
-65
-21
-42
-75
-39
1
53
61
-5
-46
-70
-17
15
47
0
-125
-193
-153
-61
-35
-148
-210
-214
-174
-76
-127
-260
-315
-250
-164
-143
-223
-308
-324
-263
-231
-270
-371
-436
-444
-414
-303
-142
-59
-182
-399
-407
-89
294
405
198
-20
61
370
614
592
379
267
442
741
815
568
245
172
389
629
610
328
33
-57
69
208
173
-22
-195
-202
-104
-61
-149
-295
-389
-331
-166
-67
-132
-293
-399
-360
-190
-33
-13
-122
-220
-186
-37
76
54
-45
-69
64
249
386
345
186
92
206
464
623
545
305
148
211
396
433
250
19
-53
81
179
54
-230
-406
-311
-89
-5
-160
-381
-442
-269
-58
-15
-157
-226
-131
21
78
57
-5
-109
-46
107
132
11
-91
-131
-105
-39
-18
-119
-238
-228
-183
-156
-190
-272
-331
-314
-274
-254
-268
-320
-377
-360
-312
-321
-408
-496
-482
-359
-143
-3
-104
-398
-500
-164
348
553
315
15
34
373
687
717
532
397
496
740
861
694
404
314
478
663
662
467
176
-17
19
190
280
154
-102
-280
-271
-147
-84
-163
-331
-411
-300
-133
-108
-276
-432
-407
-204
3
34
-118
-283
-251
-37
152
150
14
-66
-2
195
374
379
249
138
219
445
614
550
300
136
240
467
508
286
-13
-106
64
225
133
-145
-338
-287
-108
-30
-171
-373
-415
-262
-96
-80
-182
-283
-247
-106
10
23
-46
-107
-100
-22
31
16
-49
-102
-132
-108
-69
-57
-142
-245
-259
-178
-138
-232
-349
-404
-350
-286
-301
-401
-466
-446
-413
-440
-519
-549
-430
-170
1
-154
-483
-512
-74
452
556
240
-21
103
470
728
732
605
534
584
707
769
677
527
497
586
671
631
443
183
28
115
320
377
168
-165
-338
-257
-75
-14
-132
-326
-410
-312
-194
-191
-291
-352
-278
-139
-53
-78
-204
-282
-172
58
199
138
-36
-125
-19
210
430
439
277
129
171
398
580
561
365
228
278
426
437
251
59
43
172
234
82
-175
-287
-179
-6
21
-136
-333
-389
-269
-101
-52
-129
-232
-252
-147
-46
-39
-107
-130
-61
42
64
-43
-169
-188
-62
63
30
-134
-280
-319
-233
-127
-131
-242
-372
-398
-341
-301
-329
-399
-437
-423
-414
-492
-599
-635
-447
-90
66
-256
-738
-675
18
621
524
11
-223
44
473
696
690
577
461
447
595
737
701
530
454
537
644
635
419
105
5
250
521
432
2
-343
-328
-82
110
60
-186
-446
-492
-323
-146
-149
-280
-381
-372
-255
-129
-127
-255
-305
-140
95
128
-54
-205
-118
127
399
466
275
50
22
287
588
681
471
192
135
314
499
436
241
109
121
197
138
-21
-143
-95
24
59
-59
-262
-351
-255
-60
37
-48
-219
-313
-231
-57
44
-15
-125
-147
-87
-18
-25
-77
-88
-47
-11
-58
-140
-183
-151
-102
-93
-152
-258
-325
-317
-262
-247
-288
-370
-445
-453
-441
-473
-529
-555
-412
-128
-57
-413
-799
-534
230
638
280
-260
-288
132
546
704
677
517
283
245
541
889
846
516
330
436
619
612
423
204
191
398
502
267
-85
-189
-14
169
167
-14
-289
-467
-372
-95
48
-113
-425
-567
-428
-179
-38
-112
-310
-395
-255
-48
-7
-112
-159
-72
60
166
217
142
64
98
320
523
488
267
80
173
416
521
354
102
21
93
204
172
13
-102
-108
-40
-22
-87
-200
-252
-197
-87
-57
-161
-259
-244
-120
-18
-38
-151
-209
-136
-23
18
-32
-109
-130
-86
-24
-26
-90
-145
-152
-113
-77
-125
-245
-297
-245
-182
-222
-320
-378
-388
-364
-368
-422
-500
-539
-519
-360
-107
-84
-473
-805
-433
361
639
115
-422
-265
314
677
699
572
377
183
278
724
1039
795
322
221
515
739
655
419
249
268
405
433
239
25
12
148
213
138
-61
-279
-321
-112
116
39
-300
-522
-431
-175
-22
-73
-285
-474
-410
-146
40
-26
-225
-295
-177
114
306
171
-35
-53
238
468
448
275
120
206
392
470
328
146
81
126
228
207
35
-142
-130
-10
32
-66
-226
-289
-204
-62
-66
-207
-299
-265
-159
-63
-67
-176
-257
-210
-92
-25
-70
-158
-188
-132
-43
-52
-134
-162
-157
-116
-92
-119
-225
-292
-232
-164
-186
-309
-396
-412
-345
-278
-352
-518
-621
-577
-340
-19
-55
-595
-947
-424
461
609
-85
-588
-287
335
649
621
485
235
9
232
863
1130
639
80
168
620
803
638
404
243
232
383
481
341
110
50
153
214
141
-23
-169
-165
15
126
-54
-353
-431
-232
-21
-16
-180
-379
-464
-307
-12
88
-119
-373
-354
-93
255
320
52
-148
-52
327
510
437
237
96
221
414
477
330
159
111
154
243
200
20
-115
-44
56
19
-118
-243
-236
-116
-22
-97
-253
-297
-215
-101
-30
-95
-245
-282
-155
-5
15
-94
-209
-216
-91
39
-8
-151
-184
-136
-70
-48
-105
-221
-280
-204
-127
-168
-285
-364
-357
-290
-285
-407
-532
-561
-447
-176
-40
-373
-885
-716
168
638
107
-604
-508
138
546
564
452
250
-26
30
627
1123
795
83
-31
464
806
694
455
268
134
203
445
490
226
0
39
160
165
54
-78
-130
-55
35
-53
-264
-346
-218
-64
-76
-216
-368
-413
-290
-56
30
-169
-437
-401
-151
133
273
49
-191
-248
94
477
491
283
-12
-3
272
507
470
221
47
20
144
282
229
12
-121
-90
-9
-10
-81
-160
-198
-142
-124
-178
-221
-206
-159
-120
-104
-170
-246
-198
-72
-20
-92
-188
-197
-118
2
23
-106
-181
-160
-93
-27
-28
-107
-249
-277
-162
-99
-142
-273
-355
-342
-324
-340
-415
-461
-424
-244
-143
-366
-722
-584
134
469
-4
-569
-401
197
501
470
364
193
-23
90
646
1040
678
48
8
489
792
671
457
284
122
169
454
563
293
-11
-8
146
187
125
9
-77
-78
-42
-69
-176
-224
-165
-122
-151
-239
-326
-339
-239
-87
-71
-256
-418
-347
-88
63
133
-18
-222
-209
38
444
467
198
-63
-77
266
524
483
227
-21
-40
115
291
327
80
-179
-196
-93
49
19
-120
-246
-293
-208
-145
-142
-174
-230
-271
-223
-171
-173
-179
-163
-148
-173
-194
-176
-107
-75
-91
-169
-199
-135
-90
-68
-105
-154
-236
-265
-181
-121
-148
-250
-342
-364
-321
-296
-330
-409
-466
-384
-176
-172
-502
-699
-253
338
236
-353
-537
-62
386
417
336
258
64
-14
360
911
875
235
-99
260
724
744
516
343
161
88
345
620
474
94
-56
92
231
216
122
-15
-94
-62
-5
-36
-127
-159
-144
-160
-189
-198
-229
-231
-172
-108
-163
-310
-331
-177
-8
6
-7
-101
-178
-85
154
411
328
82
-47
78
384
511
367
142
1
45
226
328
258
-2
-186
-135
-7
86
6
-172
-283
-259
-160
-92
-123
-214
-288
-279
-184
-134
-160
-192
-210
-213
-199
-165
-120
-106
-125
-176
-215
-160
-96
-76
-104
-158
-214
-227
-185
-123
-142
-253
-325
-337
-280
-268
-333
-427
-467
-432
-280
-135
-293
-621
-622
-51
368
49
-480
-442
79
411
371
258
154
-22
46
518
899
630
21
-40
429
728
624
411
260
129
162
445
581
325
2
-22
167
246
176
70
-45
-101
-52
-5
-46
-133
-154
-140
-184
-209
-195
-208
-213
-165
-129
-209
-320
-277
-115
-15
-39
-29
-128
-145
-22
211
395
234
23
-33
166
438
478
278
64
-19
104
328
365
192
-106
-200
-32
126
148
-46
-249
-288
-172
-45
-35
-155
-290
-308
-216
-99
-100
-181
-232
-225
-178
-137
-120
-121
-127
-153
-171
-162
-89
-59
-101
-122
-166
-188
-197
-138
-98
-169
-279
-326
-287
-255
-279
-366
-420
-448
-441
-255
-113
-303
-646
-568
38
349
-38
-472
-326
136
366
319
276
180
-19
85
560
860
517
1
47
490
690
554
378
241
123
193
471
543
259
-19
-1
181
242
160
51
-58
-102
-49
-11
-57
-138
-164
-175
-208
-210
-204
-235
-256
-193
-150
-233
-332
-274
-137
-70
-99
-141
-70
-79
-47
57
189
266
127
42
110
250
370
342
198
74
66
193
311
231
47
-109
-85
58
113
32
-142
-231
-182
-72
-22
-96
-231
-269
-192
-103
-84
-152
-223
-221
-161
-102
-91
-124
-162
-161
-130
-78
-64
-122
-139
-113
-113
-120
-174
-179
-153
-185
-204
-242
-256
-272
-297
-298
-325
-420
-457
-410
-237
-118
-342
-615
-541
-28
322
38
-402
-392
21
368
422
310
152
-34
74
528
844
601
78
1
395
699
651
420
223
129
219
454
552
332
46
-15
138
276
240
81
-78
-107
-39
13
-36
-120
-175
-209
-195
-170
-182
-249
-262
-192
-152
-236
-319
-270
-151
-92
-124
-204
-106
-10
-47
-1
57
196
198
79
71
141
292
357
225
90
76
127
230
250
143
-25
-121
-21
89
92
-38
-187
-222
-124
-42
-62
-138
-218
-224
-179
-117
-103
-173
-210
-178
-137
-124
-142
-161
-144
-129
-109
-124
-150
-115
-98
-118
-149
-173
-163
-156
-179
-191
-221
-264
-284
-292
-273
-311
-408
-441
-425
-337
-175
-242
-512
-630
-293
198
168
-255
-446
-178
226
400
338
213
30
6
338
744
746
301
11
229
592
708
548
317
175
190
378
551
465
204
30
71
244
306
193
5
-82
-16
33
-5
-68
-109
-151
-180
-166
-145
-180
-245
-220
-158
-178
-270
-287
-197
-126
-140
-172
-214
-106
78
-10
-48
-13
102
238
212
186
115
130
321
382
264
164
92
152
282
274
136
-42
-41
63
109
82
-66
-199
-170
-41
12
-70
-195
-236
-183
-102
-61
-120
-209
-227
-177
-90
-72
-146
-205
-180
-95
-66
-132
-174
-167
-147
-107
-122
-178
-233
-247
-197
-164
-212
-298
-371
-344
-277
-304
-393
-450
-446
-293
-184
-326
-527
-478
-90
129
-62
-310
-277
11
260
317
250
124
16
157
496
705
494
127
119
401
617
593
411
235
168
267
469
507
306
76
30
169
284
253
86
-75
-94
-12
40
1
-97
-186
-208
-165
-123
-159
-243
-263
-199
-167
-218
-271
-260
-191
-149
-120
-114
-160
-129
-84
10
111
123
58
-3
89
266
315
245
172
122
196
304
325
246
122
71
111
185
205
86
-50
-65
3
53
22
-62
-132
-135
-76
-27
-58
-119
-167
-154
-92
-62
-93
-142
-151
-114
-87
-102
-123
-149
-136
-94
-90
-127
-179
-169
-144
-133
-163
-205
-237
-257
-220
-217
-234
-294
-355
-370
-347
-316
-264
-169
-271
-475
-489
-132
201
79
-264
-332
-31
263
371
302
165
40
111
435
701
602
237
76
298
583
651
506
276
129
207
419
518
363
130
29
80
207
259
157
-32
-129
-73
13
-2
-74
-141
-203
-220
-181
-136
-173
-235
-245
-221
-233
-250
-237
-213
-199
-197
-218
-241
-190
60
44
-132
-118
-2
252
313
228
84
25
237
461
406
238
111
71
233
368
312
85
-72
9
138
201
97
-96
-174
-79
32
41
-54
-176
-199
-126
-38
-46
-138
-187
-168
-118
-85
-126
-174
-151
-121
-103
-128
-154
-147
-142
-121
-107
-150
-199
-210
-181
-126
-151
-223
-284
-288
-213
-203
-271
-354
-405
-350
-140
-90
-327
-548
-367
106
214
-72
-317
-224
89
332
406
287
41
-30
270
662
725
385
102
169
447
682
656
391
119
113
388
589
462
173
13
50
198
308
249
10
-163
-81
81
90
-47
-154
-194
-195
-135
-80
-149
-277
-287
-183
-149
-226
-287
-276
-231
-176
-91
-121
-241
-227
-79
72
116
68
-26
-40
136
340
332
189
98
142
274
345
317
192
86
97
174
235
170
31
-48
-22
37
45
-10
-95
-137
-123
-80
-80
-114
-149
-166
-154
-136
-135
-151
-155
-147
-153
-170
-148
-129
-135
-145
-150
-153
-159
-156
-143
-154
-161
-186
-203
-198
-193
-189
-222
-240
-247
-256
-258
-296
-329
-361
-238
-75
-196
-482
-475
-22
256
30
-261
-213
7
210
384
402
171
-57
135
563
719
497
228
182
309
523
692
587
222
26
256
554
521
280
124
57
75
235
361
191
-122
-172
31
108
3
-72
-120
-228
-245
-95
-28
-194
-330
-247
-152
-202
-246
-215
-222
-248
-184
-129
-196
-225
-68
118
-2
-113
-25
165
317
296
196
83
139
372
513
365
153
88
195
347
358
220
14
-52
60
188
171
-7
-153
-136
-28
22
-17
-125
-212
-186
-98
-52
-112
-207
-229
-170
-111
-107
-167
-196
-173
-154
-125
-114
-128
-152
-159
-129
-120
-142
-153
-161
-166
-170
-186
-204
-220
-235
-225
-259
-283
-322
-354
-348
-328
-193
-179
-393
-544
-291
95
97
-196
-294
-125
44
234
362
263
-1
-27
341
634
552
296
184
238
376
550
613
384
74
114
394
509
350
177
93
55
124
266
252
30
-128
-67
48
30
-27
-76
-168
-226
-156
-81
-142
-243
-255
-211
-213
-226
-217
-228
-228
-198
-182
-96
-87
-132
-78
-1
103
126
108
111
129
212
332
305
204
192
235
307
305
242
161
124
165
184
162
94
16
-10
23
48
3
-65
-91
-83
-66
-56
-91
-142
-133
-103
-101
-107
-116
-136
-136
-104
-72
-93
-128
-111
-90
-78
-86
-105
-109
-108
-109
-108
-112
-142
-169
-160
-143
-168
-199
-192
-208
-222
-223
-229
-263
-304
-322
-279
-111
-101
-344
-485
-197
157
102
-153
-199
-56
68
253
401
273
-10
12
396
635
481
241
204
262
357
511
549
313
50
128
375
427
248
111
56
13
93
215
156
-69
-163
-75
-6
-34
-78
-138
-220
-227
-150
-114
-180
-250
-243
-208
-208
-222
-205
-182
-172
-153
-136
-113
-102
-29
55
58
26
39
113
184
208
178
148
138
180
230
228
164
101
91
131
150
107
46
7
10
20
17
-4
-58
-77
-64
-58
-76
-98
-104
-110
-108
-98
-93
-115
-121
-95
-86
-97
-116
-97
-84
-79
-75
-78
-87
-113
-103
-72
-62
-107
-131
-138
-127
-119
-120
-140
-175
-191
-176
-161
-178
-202
-233
-235
-234
-253
-190
-100
-141
-283
-274
-34
125
33
-84
-35
71
176
296
337
218
135
248
408
459
414
339
260
260
360
435
388
269
176
173
242
284
236
132
48
29
72
121
88
-15
-94
-91
-59
-34
-41
-93
-170
-187
-136
-99
-119
-162
-187
-186
-163
-141
-98
-92
-114
-124
-84
-2
47
64
47
19
39
117
182
180
125
83
102
147
171
148
87
48
46
66
78
49
3
-25
-26
-11
-2
-10
-38
-71
-66
-48
-52
-55
-70
-84
-89
-77
-68
-74
-82
-84
-88
-90
-85
-78
-77
-92
-98
-99
-94
-109
-109
-99
-110
-121
-136
-132
-132
-142
-134
-131
-139
-154
-167
-156
-139
-139
-146
-164
-160
-145
-146
-143
-150
-110
-71
-81
-102
-83
3
67
71
55
57
103
180
244
250
211
185
229
289
319
290
235
205
218
268
277
226
161
143
171
204
194
143
90
72
101
116
97
48
9
1
10
15
-9
-38
-63
-74
-71
-61
-59
-78
-98
-86
-61
-52
-47
-40
-38
-27
5
36
29
20
28
55
77
84
77
70
72
74
86
88
77
56
47
57
67
61
38
25
29
35
33
23
9
-3
9
15
1
-20
-32
-33
-24
-29
-44
-68
-79
-69
-55
-59
-92
-108
-106
-92
-87
-88
-101
-126
-128
-112
-94
-106
-126
-131
-134
-136
-126
-114
-121
-136
-141
-145
-140
-121
-109
-126
-143
-128
-112
-105
-101
-107
-111
-116
-94
-36
-26
-69
-84
-32
53
96
74
38
43
140
239
225
152
108
135
221
273
232
124
75
130
204
208
134
55
42
100
150
134
66
11
10
63
90
57
-7
-44
-30
-10
-2
-29
-74
-93
-68
-28
-43
-79
-68
-34
-16
-22
-32
-19
11
36
46
32
17
35
72
97
74
42
39
66
96
91
57
31
44
81
91
67
37
42
57
77
73
53
36
32
52
58
45
35
44
51
40
10
-10
-31
-30
-19
-31
-81
-115
-113
-91
-69
-76
-83
-92
-85
-57
-28
-23
-33
-45
-50
-39
-19
-27
-58
-66
-65
-67
-64
-59
-65
-76
-65
-47
-53
-74
-73
-55
-47
-55
-63
-60
-69
-67
-39
-30
-39
-55
-51
-33
-19
-31
-29
-31
-42
-31
-14
1
-10
-12
7
29
41
57
73
74
79
95
121
124
110
93
105
132
131
118
95
81
80
105
107
84
49
38
52
58
47
24
12
0
4
12
21
22
8
3
14
43
73
71
53
47
56
81
96
80
57
38
45
71
82
60
32
29
46
69
73
58
40
30
45
57
47
24
10
13
15
9
-6
-18
-18
-19
-26
-37
-48
-38
-39
-50
-66
-78
-75
-64
-66
-78
-84
-80
-74
-60
-48
-60
-74
-63
-34
-17
-13
-37
-37
-18
3
5
-10
-11
-15
-5
21
36
-1
-12
3
24
25
8
-2
-10
7
15
11
1
-10
-21
-10
4
-12
-32
-35
-24
-30
-41
-24
-18
-30
-33
-20
-5
-3
-1
-2
4
24
45
41
40
42
52
64
74
72
51
64
77
77
74
68
51
56
70
67
60
48
50
47
55
58
44
44
53
55
56
58
57
58
66
79
77
72
75
82
87
82
74
70
73
72
71
65
57
48
47
60
61
46
33
31
27
28
28
12
-7
-19
-18
-19
-27
-42
-65
-71
-62
-59
-68
-72
-75
-82
-73
-64
-67
-74
-72
-66
-58
-53
-54
-52
-52
-44
-37
-33
-23
-25
-23
-10
2
3
0
3
1
8
17
19
8
8
11
11
19
22
19
7
11
23
28
16
10
7
5
18
30
19
4
1
17
27
27
10
-8
6
29
27
18
12
2
3
22
28
-1
-11
1
2
-5
0
-3
-14
-11
-5
-5
-11
-20
-18
-13
-10
-13
-13
-6
-4
-2
7
16
25
40
47
50
56
67
84
90
84
85
93
98
108
100
94
91
97
104
104
108
96
88
92
101
101
90
86
78
71
70
72
61
47
47
39
34
34
30
18
2
-4
-5
-4
-9
-15
-22
-31
-38
-38
-35
-44
-46
-46
-44
-45
-38
-25
-31
-36
-29
-19
-18
-26
-25
-21
-18
-20
-14
-6
-8
-9
-7
4
3
-4
-4
2
6
4
-2
-1
-3
-6
2
7
8
-1
-6
1
20
25
17
1
-5
7
22
26
2
-16
-9
16
27
11
-6
-15
-7
11
14
-2
-18
-14
2
12
4
-12
-26
-20
-14
-18
-20
-29
-40
-35
-22
-21
-31
-31
-23
-15
-20
-19
-3
9
12
11
3
14
21
33
36
32
29
28
45
51
41
38
37
37
41
43
44
35
31
37
47
49
43
40
30
30
38
39
32
25
27
32
31
22
27
29
28
21
20
26
24
26
28
29
16
12
22
30
29
18
16
17
21
28
28
25
13
19
37
42
29
18
23
25
24
31
31
25
10
8
26
33
24
8
4
3
27
43
25
-7
-15
-2
10
4
-9
-15
-26
-22
-4
6
-6
-16
-9
2
9
5
2
1
4
6
10
6
-6
-3
6
7
-2
-8
-3
-5
-9
-8
-7
-22
-25
-22
-9
-10
-15
-20
-16
-10
0
-2
4
7
-8
0
13
30
-2
7
0
16
9
19
11
-7
2
11
21
8
-2
-15
-11
4
2
-5
-15
-22
-17
-8
11
-7
-11
-16
5
1
11
9
4
9
13
28
20
17
21
29
32
26
32
30
31
38
42
39
39
39
40
48
46
39
35
42
39
32
30
29
28
35
45
34
29
27
36
40
34
35
28
27
33
32
28
24
20
21
26
27
24
21
13
11
21
23
13
4
-2
5
0
2
-3
-3
-3
1
5
2
-1
-2
8
9
6
8
10
9
7
4
8
7
4
0
2
2
-3
-4
-6
0
-6
-4
-6
-1
10
10
16
7
1
10
25
33
22
14
11
14
22
24
18
5
-2
6
10
8
1
-6
-1
0
3
-2
-7
-12
-5
0
0
-12
-20
-15
-5
-2
-9
-12
-11
-2
5
6
-2
-10
-4
8
11
5
-4
2
12
16
18
18
9
15
19
26
25
18
15
19
25
26
18
12
14
15
14
14
11
8
7
7
16
24
18
10
12
21
20
21
19
13
9
11
23
27
12
3
4
7
14
16
11
2
4
6
13
14
0
10
15
10
11
9
8
6
11
12
3
-1
3
13
15
8
4
-3
1
11
15
12
2
-1
6
8
14
5
1
-4
-1
6
13
8
2
-2
1
9
9
7
1
0
2
8
10
6
1
-5
-8
-7
-4
-6
-6
-4
-7
-7
-7
-3
-5
-6
-6
-8
-5
-2
-5
-4
-2
-1
-4
2
3
0
-2
-6
5
4
4
2
2
4
7
11
5
1
1
10
10
10
5
0
4
6
10
3
2
1
2
6
8
8
5
8
11
12
9
8
5
8
11
11
10
7
10
16
16
11
7
7
7
7
3
-4
-10
-8
-4
-7
-6
-11
-11
-11
-13
-10
-12
-10
-6
-4
-2
-8
-12
-12
-9
-4
-11
-13
-14
-13
-7
-6
-7
-10
-10
-6
-4
0
-4
-6
-8
-6
2
1
0
3
4
6
9
11
7
5
9
5
3
1
-1
-2
0
1
-7
-8
-14
-6
-5
-6
-5
-8
-11
-15
-9
-8
-9
-11
-7
-5
-2
2
5
7
8
4
10
14
12
12
7
5
8
14
9
9
9
7
7
5
5
3
3
2
-1
-3
-4
-6
-12
-5
-3
-9
-12
-7
-5
-7
-7
-3
-5
0
9
7
5
0
8
11
9
4
2
5
-1
1
4
1
0
-4
-3
3
2
4
1
-3
5
6
8
5
2
5
3
8
9
7
2
0
2
7
8
9
6
6
7
12
12
13
11
7
13
15
22
19
21
18
14
17
22
22
19
22
14
14
20
20
17
12
9
13
10
5
2
-4
-7
-6
-12
-11
-12
-10
-13
-17
-12
-9
-9
-15
-10
-10
-6
-10
-5
3
-1
-1
0
-2
5
12
10
8
12
14
14
18
18
17
13
12
11
10
9
8
10
5
10
11
11
6
6
13
6
2
-1
5
10
10
4
8
10
11
10
10
10
12
15
14
11
6
6
8
14
7
8
8
8
9
8
14
12
10
11
12
10
8
8
10
8
5
4
6
11
6
7
0
7
7
8
7
2
5
-5
-2
0
-3
-4
0
4
6
8
7
4
8
9
7
8
6
6
12
10
11
9
8
5
4
8
7
7
1
0
3
7
8
11
9
7
8
5
11
10
9
3
9
16
13
17
13
14
19
16
20
24
23
20
24
27
24
25
26
29
32
33
33
35
32
38
32
31
31
29
28
25
25
24
17
16
17
15
17
16
18
18
13
14
9
10
9
6
7
1
1
2
6
10
8
12
7
8
13
14
14
13
8
10
15
18
17
13
13
7
11
13
13
10
8
6
10
10
8
8
6
6
7
10
9
7
4
7
7
8
8
4
4
5
2
3
5
7
7
11
17
10
17
21
18
16
15
18
16
20
22
18
16
18
18
15
12
15
12
8
14
14
12
10
9
6
3
6
4
2
2
3
7
7
5
1
5
3
8
8
5
8
11
14
12
15
11
20
20
21
22
16
19
16
19
24
20
18
21
15
21
20
20
19
19
20
26
22
19
21
22
22
24
25
25
25
27
31
28
26
21
22
29
27
31
31
33
33
30
33
26
31
30
27
31
27
28
27
25
26
22
24
25
24
25
24
25
23
26
29
25
24
16
15
14
13
14
10
8
9
9
8
13
8
10
6
10
7
4
8
10
8
10
14
15
17
16
16
20
22
24
22
23
24
20
20
22
22
19
17
14
7
8
9
10
12
4
5
7
4
3
5
7
5
4
7
9
7
5
4
3
9
11
10
11
5
5
9
13
12
5
1
6
8
5
6
5
7
9
3
3
6
2
5
6
8
7
10
12
10
10
10
11
8
8
12
13
11
10
13
7
13
11
11
13
16
23
24
24
27
27
27
30
32
31
24
19
21
25
23
18
17
16
11
14
11
4
8
7
3
-1
-2
-3
2
3
2
6
3
4
4
9
7
5
4
1
10
6
5
1
-4
6
9
7
11
7
8
10
12
15
15
16
13
18
21
23
21
18
19
21
17
15
14
16
15
18
20
22
22
16
20
18
12
12
12
12
16
16
9
12
11
15
14
18
16
14
14
14
18
14
11
6
5
11
8
4
1
-1
0
2
-1
-1
-4
-5
-9
-6
-3
-6
-6
-7
-1
1
2
2
0
9
9
12
10
8
11
13
17
16
15
11
14
14
19
19
18
15
14
18
14
13
15
14
13
15
14
14
15
12
7
11
11
8
6
5
6
1
3
0
-3
0
0
2
0
3
1
0
0
1
-3
1
-1
-4
2
3
5
3
3
2
7
9
4
2
3
3
5
4
4
3
2
1
0
0
-3
-8
-8
-5
-3
-4
-2
2
-1
3
6
7
5
8
9
12
11
16
19
17
17
19
20
15
19
15
16
17
19
14
16
15
12
14
11
10
14
7
4
9
5
4
2
5
9
7
4
1
3
5
4
3
4
4
4
3
8
6
5
9
11
13
11
11
15
17
18
17
19
21
21
17
23
21
17
19
11
18
17
16
13
10
11
7
6
4
0
4
5
1
5
5
3
-2
-1
-1
-2
-2
-6
-4
-7
-8
-6
-9
-12
-9
-12
-13
-9
-15
-14
-11
-10
-12
-11
-18
-13
-9
-10
-9
-15
-15
-16
-13
-10
-8
-9
-11
-8
-9
-9
-10
-10
-6
-8
-5
-2
-5
-1
1
5
9
9
7
8
13
10
12
8
5
9
6
8
9
7
4
3
3
3
7
2
-1
0
-2
-1
-1
-5
-8
-10
-15
-12
-8
-8
-10
-10
-5
-3
1
3
6
4
5
2
7
11
5
6
6
3
10
10
5
2
4
6
11
17
7
10
14
13
18
19
17
19
14
18
21
18
16
13
11
10
9
5
4
7
5
8
11
4
4
5
-1
0
-4
-5
1
-1
0
-2
2
3
1
2
-1
2
5
5
8
4
4
5
9
10
7
8
4
7
5
5
12
4
3
-3
-4
-6
-7
-3
-2
-8
-7
-6
-4
-7
-11
-15
-15
-11
-14
-16
-14
-11
-12
-13
-11
-12
-20
-10
-12
-14
-15
-16
-16
-17
-14
-13
-10
-16
-15
-14
-14
-13
-12
-13
-18
-16
-20
-14
-15
-16
-12
-16
-14
-18
-16
-17
-20
-11
-14
-12
-11
-14
-16
-16
-12
-9
-8
-8
-7
-7
-10
-9
-9
-15
-10
-4
-2
-1
-5
-7
-7
0
2
-1
0
0
0
0
1
1
-1
-4
-3
1
-3
-1
-2
-3
-5
-4
-2
0
4
0
-3
-4
-3
1
1
-1
-3
-1
-4
1
0
-5
-8
-4
1
0
2
1
1
8
5
7
8
6
3
2
5
-1
-2
-4
-7
-9
-6
-10
-10
-9
-11
-12
-13
-8
-5
-9
-10
-9
-9
-5
-7
-2
-5
-1
2
4
5
-1
-4
-1
0
0
4
5
3
4
7
6
9
4
5
3
2
0
0
-2
-2
-3
-4
-7
-6
-6
-6
0
-8
-6
-10
-16
-14
-10
-9
-12
-6
-8
-7
-9
-6
-8
-8
-4
-9
-6
-1
0
-4
4
-3
0
3
4
7
5
7
2
5
1
3
0
2
2
0
1
3
1
-2
1
1
2
3
1
2
0
6
1
1
5
4
6
2
2
1
-2
0
4
4
-1
4
4
4
7
12
12
9
8
9
12
13
6
10
12
14
15
17
20
16
14
21
17
16
19
18
21
19
18
15
16
19
20
22
20
22
20
21
24
26
25
19
20
23
22
22
19
20
21
18
22
19
15
11
8
6
6
6
5
3
4
3
8
7
5
8
10
8
9
10
8
15
10
14
9
8
11
6
9
5
6
15
12
18
14
11
13
16
15
13
14
13
12
14
13
11
10
10
8
7
10
6
3
8
5
7
5
0
1
0
-3
-3
-3
-5
-6
-13
-11
-11
-13
-19
-14
-9
-14
-15
-11
-13
-11
-13
-9
-7
-6
-3
-12
-6
-6
-8
-7
-4
-8
-5
-2
-2
0
-3
1
0
0
-2
1
1
-2
3
4
5
2
-2
2
0
5
5
2
4
7
6
6
9
6
6
7
10
5
6
7
6
4
3
4
9
8
4
2
2
3
-1
1
3
4
4
2
1
3
4
3
10
13
11
9
11
16
9
11
14
16
11
14
17
11
10
9
16
11
10
15
14
18
14
11
10
12
18
10
14
19
18
19
18
20
17
15
15
14
18
12
13
14
11
14
12
12
10
10
14
12
13
13
11
10
11
10
8
3
3
2
0
-1
-1
-2
-2
-3
-4
-2
-2
1
-3
-3
1
-4
-2
2
-1
-4
1
3
1
3
1
-1
-1
-3
-4
-3
1
-1
-2
1
2
2
-1
0
1
1
1
-1
0
1
1
-1
-3
-1
4
4
3
5
9
10
10
7
6
5
6
7
7
1
0
-7
-4
-4
-7
-7
-8
-5
-6
-5
-3
-5
-7
-5
-1
-2
-5
0
-1
-2
0
1
1
0
-1
-1
1
7
5
3
0
0
4
2
4
6
5
8
11
12
8
12
12
11
12
14
13
13
13
14
16
19
18
19
19
15
20
18
22
20
18
21
20
21
25
20
21
25
21
24
26
21
22
22
19
19
14
12
13
10
11
10
8
7
6
10
13
10
11
9
9
9
8
9
8
12
12
13
11
14
12
17
18
18
19
15
14
15
14
9
10
12
13
13
11
13
15
10
14
14
10
12
9
9
10
5
6
3
4
-1
1
-4
-5
-7
-10
-12
-16
-8
-11
-12
-11
-11
-8
-6
-6
-6
-6
-8
-10
-7
-8
-11
-10
-9
-8
-14
-14
-11
-10
-5
-3
-4
-4
-10
-6
-8
-10
-4
0
0
2
7
-1
5
8
10
7
6
5
3
6
3
4
6
7
7
8
11
14
17
16
15
18
14
15
18
21
23
21
23
24
28
24
24
24
26
25
23
24
21
20
21
17
15
11
9
11
11
12
11
5
4
8
8
15
17
18
15
12
16
14
16
15
13
18
17
16
21
17
17
17
17
19
15
13
10
9
14
9
13
15
12
14
8
5
8
8
3
12
10
11
13
12
11
11
11
9
9
9
11
7
7
5
6
7
8
3
8
7
10
7
2
5
2
5
1
-4
-5
-4
-4
-5
-6
-7
-13
-5
-7
-8
-10
-11
-8
-9
-5
-4
-5
-12
-8
-4
-7
-10
-11
-11
-9
-8
-11
-10
-8
-8
-12
-11
-13
-14
-14
-11
-12
-12
-6
-9
-7
-7
-7
-6
-5
-1
2
2
1
1
-1
4
-2
0
0
-1
-3
-4
-3
-5
-6
-4
-7
-4
-1
-6
-2
-7
-1
-2
-3
-3
-4
-2
-1
0
2
5
4
2
-1
-2
3
5
0
4
3
5
6
6
7
8
6
4
6
4
7
10
12
15
16
20
16
15
19
18
19
20
21
18
21
20
16
18
14
17
18
22
18
21
23
22
28
22
19
18
17
19
21
17
18
17
16
16
18
17
15
18
14
14
14
14
15
10
12
11
14
14
13
17
17
18
15
17
11
12
15
14
16
17
14
10
11
9
7
6
3
2
2
-1
-1
-3
-3
-2
-2
-2
-3
-4
-5
-7
-12
-13
-13
-16
-11
-11
-19
