1
2
0
-2
2
-4
-1
-5
-3
-4
-5
-3
-3
-2
-4
-1
-3
-2
2
2
-3
0
1
1
1
1
0
3
-1
2
-1
-3
-2
-5
-1
-2
-4
1
-3
3
0
1
-1
-2
2
-2
1
-4
0
-1
-1
2
0
-5
-4
-5
-3
-2
-4
-4
1
-4
-8
-8
-9
-8
-15
-15
-10
-14
-13
-12
-13
-10
-14
-12
-11
-15
-15
-19
-16
-12
-13
-18
-16
-15
-17
-17
-19
-24
-21
-20
-20
-22
-21
-20
-19
-16
-18
-19
-17
-16
-16
-20
-18
-15
-12
-7
-9
-10
-9
-9
-4
-6
-11
-10
-9
-8
-7
-6
-8
-7
-9
-10
-10
-7
-10
-9
-4
-6
-6
-8
-9
-14
-12
-13
-11
-8
-10
-10
-9
-11
-14
-17
-15
-14
-15
-17
-17
-15
-13
-15
-17
-16
-11
-14
-16
-15
-14
-10
-10
-8
-8
-8
-8
-6
-4
-5
-8
-8
-7
-9
-11
-10
-10
-10
-9
-8
-7
-6
-5
-6
-1
-8
-10
-7
-2
-2
-2
2
4
2
4
2
1
-1
0
-1
0
-3
-1
2
3
6
3
11
13
11
7
14
16
11
13
8
13
11
9
16
12
14
17
19
21
18
18
20
18
20
23
25
23
24
24
26
28
30
27
26
26
20
21
23
17
12
16
10
10
11
7
5
6
7
12
12
12
16
10
14
15
11
12
13
12
3
3
3
-1
0
-5
-3
-4
-2
-7
-7
-8
-6
-6
-6
-6
-12
-12
-13
-8
-15
-16
-15
-15
-17
-14
-10
-12
-12
-12
-11
-13
-13
-16
-15
-12
-16
-17
-15
-15
-15
-12
-6
-9
-10
-14
-10
-12
-15
-11
-13
-14
-17
-16
-16
-16
-17
-19
-18
-25
-19
-16
-13
-11
-15
-16
-18
-17
-19
-16
-17
-19
-19
-21
-19
-20
-21
-18
-15
-12
-13
-16
-13
-11
-17
-16
-18
-15
-18
-20
-17
-21
-21
-19
-18
-16
-16
-16
-13
-16
-14
-13
-12
-13
-10
-9
-11
-5
-4
-4
-4
-3
-2
2
6
2
2
4
7
6
1
5
2
7
6
9
4
5
4
-5
-3
-3
3
1
4
1
-1
2
5
9
8
7
7
8
9
11
11
8
7
9
9
8
8
7
0
-1
2
-4
-2
-5
-3
3
6
12
20
18
16
13
11
8
7
11
13
12
9
10
20
23
17
21
18
14
13
21
19
10
5
3
5
8
10
9
9
12
16
11
17
15
10
10
8
10
5
6
8
6
13
16
15
17
15
20
18
17
17
13
12
13
12
15
18
17
15
13
13
13
10
11
9
5
6
7
11
13
14
14
15
13
17
16
17
20
16
19
15
16
14
11
14
14
17
15
14
13
11
9
6
7
5
4
5
8
10
11
10
19
15
13
17
14
17
19
15
16
20
16
20
21
16
19
19
20
11
18
18
14
21
19
18
19
16
17
19
17
20
22
21
23
27
25
22
26
24
24
23
16
18
14
9
5
2
0
-2
-4
1
2
-1
-1
-2
1
1
0
-2
-2
-7
-11
-13
-9
-9
-5
-7
-7
-10
-19
-17
-21
-23
-25
-29
-23
-24
-28
-28
-30
-30
-27
-28
-32
-25
-30
-31
-29
-29
-30
-26
-28
-30
-24
-25
-26
-28
-28
-29
-35
-32
-30
-35
-34
-34
-37
-35
-36
-36
-33
-30
-30
-28
-31
-36
-31
-31
-32
-28
-32
-33
-32
-26
-25
-30
-28
-27
-29
-35
-32
-32
-31
-33
-29
-25
-26
-26
-25
-27
-29
-29
-27
-27
-27
-29
-27
-25
-28
-25
-23
-21
-22
-15
-15
-9
-8
-11
-7
-5
-8
-4
-5
-8
-7
-4
-4
-3
-3
-2
0
4
2
5
6
5
5
3
8
9
9
8
8
11
10
13
18
20
23
24
23
25
27
27
29
27
28
29
29
32
34
30
29
33
34
37
35
35
36
40
40
35
39
41
39
39
39
41
38
39
36
38
36
37
35
35
36
31
29
28
29
29
33
33
36
34
36
33
29
29
33
31
29
32
32
31
30
32
31
33
31
31
29
34
29
30
29
31
35
31
33
28
28
25
25
27
29
30
31
33
29
32
32
30
30
34
36
38
35
32
31
26
30
28
24
24
23
23
23
24
21
17
16
18
14
15
16
14
12
16
19
14
12
10
13
13
9
12
14
11
11
7
11
13
10
9
4
9
10
10
8
5
1
6
6
0
4
4
-3
-4
-2
1
-1
1
-3
-5
0
0
-1
-2
-3
-3
-1
0
-1
1
5
-1
2
1
-1
0
0
-4
0
3
0
1
-1
-3
-4
-3
-1
-8
-4
-4
-3
1
-5
-1
-3
-4
-6
-7
-8
-9
-8
-9
-10
-13
-12
-13
-10
-15
-18
-20
-17
-13
-19
-12
-20
-23
-24
-25
-24
-26
-24
-28
-30
-23
-25
-22
-21
-26
-20
-18
-14
-20
-24
-23
-24
-22
-22
-22
-20
-19
-17
-18
-17
-15
-16
-15
-14
-15
-16
-13
-11
-14
-15
-17
-15
-16
-15
-16
-17
-16
-23
-21
-27
-26
-27
-26
-21
-21
-21
-26
-24
-17
-21
-26
-24
-22
-21
-19
-18
-13
-13
-13
-14
-14
-7
-8
-5
-6
-7
-7
-4
-3
-4
-2
-2
-1
0
-2
0
2
1
0
4
1
4
0
-3
-3
-4
3
-3
-4
-5
-6
-5
-6
-6
-6
-5
-6
-4
-6
-8
-5
1
-4
3
3
3
4
3
7
9
8
10
6
9
13
8
16
18
22
19
24
26
29
34
36
34
30
31
34
33
37
36
41
38
40
40
43
41
40
41
36
38
37
37
36
32
31
29
33
31
34
36
34
36
33
34
31
31
36
34
26
25
37
36
36
40
41
45
45
45
47
47
44
44
43
45
44
38
36
33
34
36
38
34
37
38
39
37
39
36
39
37
31
36
35
42
38
42
40
38
43
40
40
43
46
43
47
47
46
42
39
37
36
35
33
29
27
24
22
20
20
20
21
23
21
22
23
25
26
26
20
17
16
15
14
15
14
11
13
12
14
13
11
10
13
13
10
12
10
6
3
0
2
0
-1
0
-4
-2
-4
-6
-4
-7
-9
-10
-10
-10
-9
-10
-10
-12
-15
-15
-17
-19
-22
-20
-20
-22
-24
-28
-24
-29
-32
-30
-29
-27
-27
-28
-29
-30
-32
-35
-33
-33
-34
-35
-34
-34
-33
-30
-33
-28
-30
-30
-29
-32
-25
-23
-24
-27
-29
-28
-24
-22
-28
-27
-30
-31
-29
-24
-24
-23
-17
-23
-25
-24
-23
-26
-28
-27
-22
-23
-26
-26
-19
-17
-17
-16
-16
-13
-16
-15
-10
-12
-10
-4
-5
0
-5
-2
2
9
12
12
18
16
22
20
23
22
27
26
27
32
34
37
32
37
41
39
38
39
34
34
29
31
32
26
24
20
18
17
16
16
16
18
15
14
12
11
13
11
6
5
3
-1
2
6
-2
-7
-4
-9
-11
-11
-13
-17
-12
-14
-20
-19
-21
-18
-13
-23
-27
-24
-20
-21
-30
-35
-28
-30
-40
-32
-33
-40
-41
-31
-40
-29
-22
-31
-33
-32
-26
-31
-27
-15
-25
-36
-22
-26
-25
-21
-21
-26
-26
-25
-24
-21
-21
-22
-21
-19
-18
-11
-16
-13
-7
-10
0
-3
-8
-8
-13
-14
-7
-7
-4
-5
-8
-4
-8
-6
-5
-11
-12
-7
-3
4
16
32
50
62
81
92
102
114
120
136
144
142
145
141
148
149
151
152
153
156
150
152
151
151
143
126
114
103
90
79
68
58
56
51
47
42
47
51
43
41
47
49
49
46
42
42
38
33
36
33
34
31
33
33
33
38
33
32
30
21
18
22
14
10
4
1
-9
-9
-3
-6
-10
-8
-11
-22
-18
-19
-8
-15
-27
-18
-23
-29
-13
-16
-23
-22
-34
-27
-35
-24
-11
-42
-39
-35
-52
-36
-40
-55
-48
-58
-49
-52
-59
-43
-64
-67
-56
-70
-55
-65
-72
-64
-81
-80
-74
-82
-77
-84
-89
-82
-87
-88
-86
-98
-92
-89
-92
-91
-95
-90
-87
-88
-88
-89
-91
-90
-91
-92
-92
-90
-86
-75
-52
-39
-25
-9
9
27
34
54
72
76
77
73
78
83
87
89
91
92
90
90
99
105
103
95
79
71
62
50
39
27
12
2
-6
-4
3
-1
-2
-6
-4
6
9
9
1
-8
-13
-19
-14
-12
-4
-4
-6
-5
9
19
20
25
20
18
15
18
17
18
9
4
0
0
12
10
8
7
7
11
7
12
8
3
5
3
9
7
-9
-7
12
15
-1
-12
-8
8
16
-2
-6
-4
-24
-8
1
-11
-14
-17
-24
-4
-23
-26
-2
-34
-29
-17
-29
-17
-47
-42
-28
-49
-33
-40
-43
-44
-60
-48
-49
-41
-50
-68
-56
-57
-61
-60
-78
-75
-68
-74
-59
-78
-75
-52
-65
-59
-55
-61
-48
-48
-50
-54
-69
-59
-54
-49
-30
-11
2
22
41
67
84
94
119
133
137
134
134
140
144
145
145
147
148
146
148
159
162
160
148
133
124
113
100
84
65
50
30
28
31
34
36
36
33
38
44
43
39
36
36
30
24
27
30
24
24
23
33
47
53
60
68
71
70
73
72
77
76
64
54
48
48
50
52
47
54
52
47
44
48
49
38
47
43
24
37
29
27
37
17
11
8
15
24
16
22
0
4
15
22
-4
-21
-17
-29
-3
-11
-18
-27
-37
-33
-30
-22
-48
-54
-37
-43
-44
-60
-77
-60
-58
-49
-73
-107
-74
-56
-78
-85
-81
-69
-75
-95
-99
-91
-92
-91
-95
-101
-100
-91
-83
-84
-92
-94
-85
-80
-81
-86
-100
-101
-104
-104
-86
-68
-56
-41
-19
7
26
43
68
95
102
102
98
105
107
105
107
107
105
95
87
99
110
102
96
82
77
61
48
37
20
-3
-22
-29
-33
-24
-22
-29
-33
-29
-21
-13
-12
-19
-21
-30
-42
-48
-49
-48
-53
-62
-63
-47
-30
-15
-7
0
12
15
27
36
34
25
14
17
22
27
27
14
7
26
24
18
31
32
26
15
25
24
21
11
4
21
5
14
11
-8
23
39
-1
9
16
9
16
16
-12
-42
12
6
-33
-32
-19
-8
-23
-43
-24
-7
-28
-24
-30
-41
-15
-42
-29
-45
-66
-42
-53
-47
-39
-62
-58
-48
-55
-50
-66
-62
-57
-71
-81
-73
-82
-77
-66
-84
-73
-75
-77
-69
-81
-65
-63
-79
-79
-79
-81
-74
-46
-28
-14
7
46
73
95
109
141
171
172
175
177
186
189
182
180
195
186
175
171
174
183
171
159
149
133
116
96
79
59
39
19
1
-1
4
8
4
-2
4
4
5
13
13
8
-8
-26
-22
-15
-12
-19
-29
-24
-12
6
22
35
33
34
34
50
68
72
70
49
47
45
52
54
49
47
38
33
36
46
47
50
42
15
23
41
26
20
27
11
18
31
29
26
21
13
12
13
1
19
11
-17
1
-9
-35
-22
-11
-48
-33
-18
-56
-9
-31
-55
-22
-65
-49
-46
-70
-57
-57
-59
-67
-73
-82
-73
-57
-72
-82
-78
-86
-76
-71
-86
-83
-86
-97
-90
-90
-94
-103
-98
-97
-105
-103
-106
-112
-101
-109
-116
-120
-129
-114
-84
-60
-44
-18
18
67
94
109
154
179
195
188
188
206
203
190
185
195
190
179
177
175
179
169
153
135
113
93
70
46
27
9
-15
-38
-41
-26
-14
-19
-23
-16
-5
3
1
-8
-6
-16
-29
-34
-33
-26
-34
-34
-35
-22
-2
17
33
49
58
47
59
65
71
65
50
42
37
40
39
38
34
20
22
22
17
27
20
10
1
-19
7
-8
-11
6
-35
-17
-16
-1
-1
1
30
-31
-22
14
-16
-24
-33
-42
-45
-50
-35
-63
-48
-55
-59
-45
-57
-50
-51
-49
-67
-55
-56
-67
-68
-59
-71
-82
-70
-92
-68
-82
-102
-84
-91
-87
-96
-82
-95
-96
-110
-118
-110
-116
-100
-119
-122
-114
-122
-117
-121
-129
-126
-132
-127
-106
-54
-18
-3
47
105
169
194
215
267
296
305
290
298
307
291
265
250
261
250
229
212
217
220
202
179
146
118
86
56
20
-3
-21
-44
-67
-70
-49
-30
-24
-24
-8
6
14
6
16
20
6
-5
-9
-3
7
11
16
26
46
70
87
105
124
128
121
119
114
118
117
98
81
80
80
75
72
68
59
48
40
35
44
34
24
5
-3
1
8
5
-1
1
2
-1
13
20
-3
12
-8
-14
-2
-6
-29
-50
-39
-58
-57
-61
-61
-54
-62
-72
-74
-70
-74
-81
-97
-94
-91
-111
-109
-109
-108
-114
-129
-118
-116
-114
-124
-134
-147
-143
-159
-163
-168
-182
-183
-213
-202
-213
-214
-209
-220
-216
-226
-223
-231
-230
-230
-223
-170
-91
-28
16
86
189
284
321
367
430
461
461
425
422
417
386
326
294
292
263
229
183
176
158
126
82
24
-21
-67
-115
-164
-183
-192
-204
-206
-191
-140
-82
-56
-34
1
48
71
74
77
88
81
65
64
82
103
113
116
136
165
199
222
216
214
200
171
142
133
117
94
63
34
32
42
49
49
49
52
47
33
33
37
27
1
-18
-24
0
9
11
23
24
32
37
42
43
37
11
-13
-37
-37
-61
-65
-36
-83
-78
-76
-81
-79
-86
-90
-117
-111
-135
-134
-141
-148
-150
-162
-166
-172
-164
-179
-172
-181
-191
-186
-201
-208
-228
-245
-257
-267
-284
-282
-288
-300
-305
-327
-342
-347
-365
-372
-370
-369
-314
-194
-47
62
142
278
458
569
609
657
722
728
655
566
531
493
390
280
230
207
164
101
55
39
7
-56
-133
-211
-258
-301
-351
-389
-393
-351
-304
-265
-191
-69
26
68
109
179
230
231
210
204
203
181
156
152
164
182
193
191
193
210
211
176
134
94
49
1
-47
-74
-80
-85
-89
-80
-39
16
50
69
93
114
124
118
115
116
116
101
91
106
116
131
126
120
111
96
73
29
-1
-43
-95
-140
-172
-184
-185
-200
-202
-190
-167
-149
-138
-135
-130
-134
-148
-151
-150
-141
-143
-143
-137
-132
-112
-111
-115
-127
-146
-167
-212
-241
-274
-305
-337
-367
-383
-400
-397
-403
-398
-384
-379
-386
-397
-396
-396
-377
-296
-151
21
165
287
461
661
813
874
918
956
923
815
678
591
492
360
224
120
71
8
-48
-93
-123
-160
-223
-295
-367
-406
-435
-463
-477
-441
-337
-231
-128
-3
144
287
373
426
476
504
471
403
345
295
239
185
134
108
93
89
63
53
45
26
-23
-85
-122
-154
-176
-196
-190
-145
-85
-26
40
117
203
266
295
311
314
308
280
242
217
198
171
143
129
126
118
93
58
18
-27
-70
-119
-159
-184
-207
-223
-213
-183
-144
-113
-85
-65
-45
-30
-28
-44
-58
-73
-93
-107
-113
-110
-110
-116
-123
-124
-124
-134
-166
-208
-245
-284
-337
-365
-401
-425
-428
-432
-433
-412
-389
-370
-343
-335
-342
-363
-387
-376
-350
-233
-66
133
321
471
658
858
1022
1072
1055
1028
930
775
582
439
319
165
28
-88
-123
-148
-183
-225
-265
-295
-358
-415
-469
-503
-497
-480
-427
-327
-154
29
176
330
485
613
668
665
633
569
474
334
216
132
60
-1
-63
-100
-115
-121
-135
-180
-204
-235
-289
-325
-335
-320
-274
-203
-114
9
146
263
351
426
478
491
461
409
342
276
209
148
103
74
54
21
-5
-23
-48
-93
-153
-213
-261
-292
-304
-303
-275
-227
-172
-104
-31
31
64
63
43
12
-21
-68
-119
-157
-184
-193
-187
-171
-148
-143
-155
-180
-222
-255
-305
-365
-415
-468
-474
-481
-473
-440
-416
-367
-341
-329
-307
-303
-308
-345
-395
-442
-481
-499
-468
-341
-140
102
348
555
753
933
1076
1142
1084
985
860
679
478
304
187
77
-30
-122
-158
-155
-192
-237
-310
-368
-428
-504
-543
-552
-509
-429
-303
-138
68
292
471
607
694
744
747
664
548
420
290
154
40
-27
-67
-94
-132
-156
-187
-222
-257
-326
-382
-419
-440
-415
-370
-259
-114
43
222
380
523
624
670
658
615
546
441
328
215
125
70
30
10
-13
-21
-38
-74
-107
-148
-188
-248
-280
-286
-258
-192
-111
-19
73
154
212
250
251
211
140
39
-59
-135
-193
-229
-258
-262
-244
-213
-184
-161
-166
-201
-243
-304
-358
-385
-422
-434
-432
-414
-351
-306
-267
-218
-208
-219
-228
-276
-316
-342
-393
-409
-436
-476
-451
-403
-301
-117
93
348
568
688
811
952
1039
1022
907
786
682
516
338
222
129
29
-85
-191
-235
-263
-328
-389
-452
-494
-485
-474
-425
-337
-222
-60
103
261
440
594
676
701
681
649
581
443
299
181
61
-43
-124
-181
-214
-254
-304
-360
-405
-417
-435
-471
-465
-411
-285
-131
-3
164
352
520
647
710
732
718
631
509
384
264
156
34
-78
-132
-153
-166
-185
-222
-242
-245
-259
-272
-260
-234
-193
-133
-51
60
171
249
295
303
291
267
202
103
-9
-120
-212
-293
-340
-355
-356
-353
-350
-328
-301
-289
-303
-332
-352
-359
-350
-335
-303
-275
-241
-203
-177
-155
-157
-175
-229
-288
-333
-403
-442
-476
-499
-484
-488
-485
-491
-473
-379
-198
44
300
511
647
805
981
1086
1101
1004
876
727
519
330
178
49
-91
-230
-340
-386
-396
-421
-448
-484
-492
-444
-393
-316
-213
-75
95
248
406
587
728
776
758
701
633
521
344
170
11
-129
-238
-318
-367
-389
-405
-431
-459
-480
-459
-422
-407
-349
-245
-95
86
271
474
650
764
850
858
819
716
539
357
178
36
-87
-199
-283
-308
-307
-286
-254
-246
-238
-221
-215
-166
-97
-33
41
107
189
294
381
424
414
350
272
180
69
-37
-150
-258
-339
-393
-402
-375
-351
-346
-329
-298
-264
-228
-219
-219
-220
-215
-193
-177
-156
-138
-137
-155
-148
-139
-162
-192
-266
-352
-392
-424
-442
-470
-481
-466
-476
-478
-481
-453
-345
-131
142
423
661
806
953
1103
1172
1115
967
786
584
360
168
31
-80
-166
-258
-327
-338
-333
-345
-374
-390
-379
-319
-225
-118
23
202
386
547
678
775
817
763
653
502
341
182
-6
-175
-290
-353
-390
-401
-401
-394
-377
-374
-376
-375
-341
-271
-195
-70
97
274
463
629
768
851
863
813
681
511
328
135
-44
-172
-262
-321
-346
-351
-301
-248
-203
-157
-136
-104
-51
14
93
166
224
275
308
321
326
301
237
142
30
-73
-153
-226
-294
-352
-401
-417
-428
-420
-398
-379
-357
-313
-255
-192
-138
-97
-72
-61
-48
-63
-102
-155
-206
-253
-295
-339
-381
-401
-423
-424
-444
-468
-472
-480
-474
-463
-457
-457
-433
-397
-348
-225
0
322
637
813
879
930
1006
975
800
574
374
212
36
-112
-179
-174
-171
-218
-264
-275
-268
-269
-300
-307
-257
-138
8
142
280
461
626
703
706
658
582
449
261
72
-71
-184
-291
-385
-428
-415
-381
-369
-387
-386
-353
-308
-289
-266
-196
-88
42
169
290
402
461
506
634
716
712
612
423
274
157
25
-112
-239
-319
-327
-352
-350
-263
-190
-94
-13
12
94
182
241
281
293
299
299
261
200
159
127
92
22
-83
-141
-188
-241
-287
-361
-417
-421
-416
-407
-356
-291
-220
-161
-105
-29
9
-2
-46
-127
-198
-239
-284
-321
-338
-349
-353
-358
-353
-356
-349
-355
-386
-419
-432
-406
-390
-363
-322
-300
-264
-230
-190
-95
122
451
694
765
727
755
819
748
554
353
257
170
52
-35
-49
9
10
-42
-103
-145
-151
-154
-147
-126
-51
89
237
340
429
548
651
651
558
427
331
226
95
-36
-150
-213
-246
-274
-296
-302
-278
-270
-287
-285
-234
-155
-124
-115
-71
41
164
258
294
307
298
291
241
354
538
530
478
276
171
162
52
-84
-261
-336
-270
-183
-191
-124
-18
51
198
201
186
223
170
187
175
171
218
179
119
97
112
130
111
-49
-201
-258
-293
-310
-375
-460
-459
-399
-300
-202
-143
-96
-63
-85
-93
-82
-139
-206
-308
-381
-365
-323
-307
-318
-368
-357
-333
-351
-336
-392
-441
-452
-468
-448
-398
-359
-362
-371
-364
-274
-53
221
541
715
758
787
774
779
658
457
301
204
146
71
29
30
70
76
4
-89
-215
-282
-281
-250
-145
-57
72
222
363
515
622
661
592
461
323
224
145
43
-65
-192
-259
-261
-256
-269
-331
-394
-411
-389
-337
-277
-215
-177
-127
-48
76
197
255
257
218
176
251
411
500
496
350
225
172
113
16
-143
-280
-317
-277
-238
-189
-129
-75
25
99
131
148
125
124
137
156
189
177
124
100
99
112
114
44
-85
-198
-253
-270
-295
-367
-436
-461
-418
-326
-252
-214
-193
-173
-147
-111
-118
-163
-221
-299
-325
-305
-263
-240
-270
-310
-327
-329
-330
-359
-428
-489
-510
-502
-468
-420
-388
-349
-318
-314
-318
-335
-254
-26
280
615
773
779
749
726
696
573
405
256
176
140
126
128
132
141
81
-55
-169
-265
-297
-255
-176
-59
74
242
401
510
570
583
540
455
355
235
148
102
64
29
-40
-113
-162
-219
-284
-357
-412
-412
-358
-280
-190
-105
-45
8
64
130
191
225
233
200
179
170
240
415
545
571
424
244
141
63
-24
-153
-260
-257
-144
-36
8
40
63
94
150
138
119
96
94
168
231
281
302
247
196
180
143
80
-15
-147
-263
-318
-329
-313
-338
-377
-384
-359
-277
-195
-167
-171
-164
-155
-120
-102
-137
-198
-246
-238
-206
-190
-223
-285
-355
-390
-401
-422
-445
-477
-506
-492
-434
-388
-357
-365
-406
-424
-410
-285
-6
370
725
871
846
776
746
713
578
389
245
237
267
256
230
191
150
68
-94
-260
-391
-415
-315
-153
36
199
327
421
496
537
524
463
347
262
220
222
229
205
137
11
-130
-246
-325
-394
-462
-508
-482
-364
-212
-80
-29
-39
-47
-18
46
107
144
152
162
187
226
248
412
535
529
400
116
6
-38
-94
-136
-230
-219
-90
37
58
38
32
24
63
68
54
104
105
186
274
276
310
233
124
81
42
1
-75
-178
-258
-283
-291
-290
-313
-379
-399
-396
-365
-287
-218
-204
-194
-186
-161
-105
-123
-207
-301
-379
-362
-319
-306
-315
-360
-399
-422
-418
-440
-477
-519
-581
-565
-515
-455
-397
-402
-399
-355
-293
-152
64
379
668
769
695
565
535
548
500
377
282
300
330
304
230
132
45
-69
-210
-317
-354
-284
-153
-11
123
233
308
328
317
306
317
324
293
260
260
286
278
206
88
-56
-191
-289
-364
-401
-387
-344
-284
-231
-171
-104
-87
-123
-159
-123
-19
114
239
313
339
342
366
377
348
267
150
59
5
-14
-21
-36
-61
-84
-95
-75
-27
16
36
56
85
114
162
193
195
186
173
178
169
150
127
93
62
27
-17
-75
-125
-160
-192
-222
-245
-261
-275
-277
-248
-217
-186
-153
-142
-128
-127
-137
-147
-176
-207
-222
-234
-252
-254
-266
-283
-291
-308
-320
-329
-362
-387
-421
-449
-419
-414
-392
-351
-319
-309
-328
-340
-256
-6
382
732
820
675
491
459
531
568
496
405
401
437
429
348
237
114
-50
-225
-343
-353
-227
-58
66
133
185
234
253
221
181
198
263
323
363
381
402
391
306
147
-24
-152
-238
-279
-296
-279
-230
-174
-148
-160
-184
-215
-255
-270
-221
-99
63
215
334
384
369
320
282
261
239
211
162
116
82
71
51
8
-52
-98
-128
-123
-69
-21
35
69
78
82
94
110
123
129
130
133
125
128
127
108
66
5
-63
-131
-176
-195
-211
-242
-279
-306
-307
-287
-250
-218
-187
-169
-170
-178
-188
-196
-196
-219
-238
-258
-267
-260
-267
-292
-342
-372
-380
-397
-420
-455
-467
-471
-455
-434
-396
-340
-288
-267
-306
-332
-311
-161
131
485
722
706
519
345
349
445
509
492
448
432
405
339
220
104
-3
-113
-246
-321
-264
-79
117
198
165
79
35
52
80
130
211
307
370
391
379
338
264
142
-8
-153
-229
-208
-147
-101
-103
-127
-181
-236
-282
-313
-340
-344
-287
-172
-39
94
178
189
131
59
-6
63
278
474
627
459
195
40
-34
42
85
62
-10
-26
-40
-75
-107
-121
-77
-78
-142
-126
-41
75
245
236
137
64
36
85
101
83
44
-2
-87
-147
-224
-299
-290
-312
-350
-394
-399
-316
-227
-187
-193
-252
-297
-276
-234
-230
-234
-241
-249
-240
-231
-249
-298
-353
-392
-431
-499
-509
-471
-431
-366
-331
-328
-350
-384
-407
-418
-347
-133
228
587
781
702
433
256
296
444
539
549
547
540
486
375
206
49
-30
-81
-160
-240
-203
-24
173
250
173
26
-58
-35
63
168
279
402
472
459
378
270
182
122
64
-15
-92
-104
-52
2
-5
-53
-137
-223
-287
-308
-300
-262
-155
0
120
185
211
193
156
143
166
195
235
286
314
288
222
140
59
0
-17
-7
-8
19
61
83
60
25
1
-13
-12
22
56
76
101
119
106
73
49
38
28
10
-1
-30
-62
-87
-115
-161
-216
-254
-265
-272
-254
-223
-206
-199
-208
-225
-261
-281
-269
-246
-234
-231
-233
-243
-258
-266
-284
-314
-332
-348
-365
-380
-376
-363
-349
-351
-356
-359
-369
-362
-349
-339
-298
-182
19
283
503
568
440
245
169
252
423
551
606
604
541
415
219
35
-55
-32
32
41
6
-14
4
36
36
-23
-83
-86
-30
49
126
214
309
356
321
219
85
-4
-7
56
126
162
152
98
16
-77
-156
-203
-218
-205
-200
-207
-200
-138
-37
50
99
76
28
-5
30
114
191
259
300
303
257
168
86
45
65
112
143
137
100
50
5
-26
-40
-44
-34
-23
-10
-7
-5
5
17
33
34
40
38
29
36
23
9
-15
-45
-76
-115
-150
-164
-167
-162
-156
-156
-171
-196
-226
-257
-252
-233
-206
-192
-202
-208
-211
-217
-221
-227
-220
-215
-208
-222
-259
-291
-307
-303
-305
-305
-299
-294
-287
-308
-345
-385
-366
-260
-58
193
372
394
252
99
80
206
367
471
522
539
519
426
263
86
-11
17
112
181
194
169
110
36
-49
-118
-131
-68
40
133
166
149
128
111
111
110
81
55
56
108
160
177
156
106
59
8
-38
-92
-137
-136
-109
-72
-47
-21
-11
-10
-14
-38
-62
-62
-4
74
126
148
150
142
127
119
101
77
82
121
163
174
150
96
38
-4
-21
-42
-54
-49
-32
-17
-22
-35
-45
-34
0
36
62
58
49
53
54
49
31
7
-5
-6
-7
-14
-35
-54
-70
-83
-104
-133
-150
-160
-162
-156
-161
-160
-146
-131
-135
-160
-186
-199
-179
-168
-159
-164
-186
-197
-196
-197
-203
-203
-217
-229
-245
-272
-288
-298
-269
-173
-22
131
216
147
-9
-66
15
157
259
297
304
324
338
302
193
84
52
120
213
276
292
250
187
121
54
-17
-36
29
140
222
236
186
107
61
62
96
116
132
173
224
233
187
98
7
-39
-22
17
30
30
21
8
-5
-24
-50
-75
-82
-52
-18
-6
11
20
25
25
32
29
26
27
33
34
21
22
34
47
49
41
19
-6
-21
-18
-27
-38
-26
-8
14
21
13
8
-5
4
25
28
24
23
27
21
8
-17
-49
-60
-62
-60
-59
-65
-75
-82
-99
-115
-133
-140
-142
-130
-120
-122
-132
-145
-150
-164
-175
-177
-190
-199
-202
-213
-211
-217
-217
-215
-223
-237
-266
-295
-322
-323
-289
-223
-134
-35
40
-9
-135
-186
-103
65
191
230
209
218
261
281
226
130
97
149
234
304
327
285
233
187
149
96
49
73
155
233
260
225
149
90
94
127
135
121
143
189
221
211
148
60
12
28
60
54
26
4
-1
5
5
-13
-61
-83
-64
-50
-60
-56
-28
-17
-8
-4
-24
-46
-35
-3
3
-19
-24
-6
10
24
29
4
-26
-26
-17
-13
-22
-26
-3
3
1
-9
-28
-33
-15
20
23
5
-4
-8
-5
-17
-34
-59
-81
-71
-63
-72
-88
-107
-109
-109
-117
-128
-149
-161
-155
-148
-155
-167
-166
-163
-172
-200
-223
-231
-218
-199
-201
-220
-237
-246
-242
-249
-270
-284
-309
-326
-333
-329
-325
-299
-229
-125
-40
-51
-148
-210
-126
52
184
208
178
176
237
292
272
187
133
165
232
290
294
253
210
198
188
137
80
81
138
211
245
206
140
93
108
153
156
130
131
168
210
214
159
70
15
32
76
84
56
29
25
30
34
17
-28
-39
-20
-10
-36
-51
-23
11
36
34
-5
-39
-26
15
39
23
6
21
44
56
57
27
-2
-2
19
30
15
12
26
47
51
41
19
11
31
66
71
49
33
36
44
31
7
-32
-58
-54
-39
-40
-69
-91
-92
-89
-92
-105
-104
-104
-93
-93
-111
-137
-147
-137
-130
-140
-166
-176
-189
-185
-186
-193
-217
-245
-246
-241
-237
-250
-272
-301
-319
-317
-309
-297
-275
-212
-114
-34
-51
-146
-189
-86
100
222
233
189
183
235
282
261
191
153
197
283
332
329
282
239
213
200
163
125
130
185
238
251
207
132
104
127
171
179
157
145
170
189
179
119
39
0
20
66
73
43
18
9
7
4
-20
-54
-62
-47
-40
-49
-56
-34
-5
2
-9
-28
-42
-28
5
14
0
-5
5
23
38
38
10
-14
-12
16
26
14
18
30
45
48
39
31
31
51
81
76
57
40
41
47
29
2
-32
-48
-35
-24
-31
-65
-82
-81
-83
-92
-115
-124
-129
-121
-107
-119
-135
-147
-138
-147
-163
-183
-189
-176
-166
-167
-199
-233
-247
-242
-247
-268
-291
-304
-317
-317
-312
-319
-326
-317
-289
-216
-103
-41
-86
-143
-86
67
191
221
180
138
160
212
241
210
175
194
232
261
257
234
195
176
169
148
115
100
137
181
200
181
136
98
112
156
172
149
110
101
108
102
77
24
-16
-16
25
42
29
3
-22
-41
-45
-41
-55
-63
-53
-34
-35
-41
-27
-15
-14
-16
-22
-45
-44
-19
3
-4
-22
-18
-16
-14
-6
-12
-22
-16
17
32
19
14
24
31
32
42
53
53
70
93
92
68
46
41
34
19
1
-14
-25
-20
-6
-17
-51
-71
-74
-74
-81
-85
-86
-83
-69
-61
-79
-102
-111
-106
-96
-102
-117
-120
-116
-111
-119
-153
-185
-196
-198
-201
-204
-209
-210
-214
-231
-259
-277
-286
-279
-245
-171
-60
18
-4
-74
-70
55
214
279
249
190
184
237
289
282
236
225
252
299
316
295
259
224
213
210
184
159
167
197
229
226
188
139
126
163
197
183
148
129
128
134
126
86
39
29
66
96
90
51
10
-14
-17
-3
-3
-20
-26
-15
-11
-18
-22
-13
-15
-9
0
-13
-14
5
24
12
-10
-19
-11
-9
-6
4
-8
-14
1
12
7
2
4
17
25
30
37
36
32
44
51
33
6
-4
-3
-7
-12
-26
-46
-55
-58
-71
-90
-106
-113
-112
-113
-111
-108
-111
-104
-112
-118
-133
-148
-144
-137
-138
-144
-153
-160
-165
-178
-195
-214
-234
-231
-225
-237
-246
-254
-262
-274
-283
-292
-299
-294
-283
-264
-213
-114
-6
-9
-93
-129
-47
108
202
195
132
107
159
229
244
199
180
207
245
271
263
232
199
203
213
193
145
134
167
207
220
176
125
89
115
156
152
113
85
101
122
123
85
27
3
30
70
71
33
-2
-22
-20
-2
-5
-31
-45
-26
-14
-18
-32
-36
-36
-26
-11
-21
-41
-31
8
15
-6
-34
-41
-29
-10
3
-9
-19
-3
22
31
21
13
23
33
44
49
32
18
29
44
38
17
17
18
19
19
4
-28
-57
-49
-40
-44
-54
-63
-63
-56
-54
-60
-76
-89
-96
-94
-103
-118
-118
-112
-108
-117
-126
-147
-156
-152
-162
-176
-188
-194
-190
-194
-203
-209
-214
-223
-226
-230
-237
-244
-249
-239
-228
-205
-128
-29
-11
-79
-138
-86
59
177
205
156
112
147
222
254
235
205
222
268
300
308
288
254
242
250
235
195
177
208
240
243
210
148
102
121
176
194
167
133
130
148
151
122
67
37
54
99
115
94
63
33
23
29
33
15
-2
16
28
15
-10
-21
-16
5
31
29
9
-1
14
22
5
-10
-17
4
29
48
53
41
41
52
56
38
33
50
71
76
70
50
28
26
42
50
33
30
29
31
21
10
-12
-28
-31
-16
-13
-22
-34
-40
-39
-53
-63
-70
-77
-81
-79
-90
-103
-109
-109
-116
-128
-137
-143
-147
-150
-150
-164
-183
-188
-185
-189
-200
-211
-218
-230
-228
-229
-229
-234
-241
-240
-254
-257
-242
-174
-71
-28
-92
-160
-123
12
137
169
118
76
104
177
223
200
175
189
233
274
278
251
208
193
199
179
141
124
147
180
187
158
106
71
86
140
158
121
86
84
107
121
100
45
14
28
68
77
52
15
-9
-11
-6
-12
-40
-57
-48
-28
-34
-58
-68
-59
-40
-30
-34
-58
-58
-29
-2
-1
-16
-18
-4
19
34
31
18
24
42
50
39
28
31
42
48
43
26
14
22
49
59
42
28
14
22
28
24
6
-18
-11
8
18
-3
-26
-42
-44
-39
-36
-46
-54
-54
-59
-65
-90
-104
-102
-94
-93
-111
-128
-137
-136
-132
-139
-169
-192
-194
-186
-174
-174
-182
-201
-206
-203
-196
-207
-224
-228
-228
-223
-202
-140
-46
-4
-57
-123
-89
39
162
203
165
119
131
205
256
238
208
214
246
279
287
260
216
198
206
196
156
135
156
193
199
174
126
86
98
146
171
145
111
110
129
136
115
69
39
47
79
88
61
31
7
-5
-8
-17
-39
-50
-38
-30
-42
-72
-90
-83
-63
-39
-31
-46
-42
-15
0
-12
-22
-19
-12
7
26
26
18
13
27
26
6
-6
4
18
22
25
10
-4
-5
9
18
6
-3
0
8
9
8
-7
-26
-23
-17
-15
-22
-35
-38
-43
-45
-53
-60
-66
-72
-76
-92
-108
-117
-110
-108
-120
-136
-150
-155
-155
-158
-172
-185
-188
-183
-176
-180
-191
-202
-210
-215
-217
-217
-222
-218
-217
-225
-236
-242
-205
-118
-20
-16
-88
-128
-44
101
191
190
132
109
162
234
248
207
187
218
246
259
253
223
201
192
195
171
125
119
157
195
188
153
110
93
138
187
179
137
109
121
135
129
86
42
21
44
68
54
19
-20
-37
-39
-35
-53
-76
-77
-58
-52
-60
-79
-82
-54
-29
-10
-23
-35
-18
3
16
0
-10
-5
16
35
35
19
4
14
27
21
14
14
20
38
45
29
11
8
27
50
51
38
31
30
38
39
22
8
-1
9
17
7
-13
-28
-31
-40
-53
-73
-78
-76
-70
-78
-101
-120
-122
-118
-119
-135
-155
-154
-146
-138
-144
-161
-180
-185
-177
-181
-187
-191
-194
-200
-203
-210
-221
-217
-210
-217
-225
-226
-217
-162
-49
32
-17
-100
-87
34
163
216
184
124
129
207
264
238
198
207
244
270
275
254
214
200
217
217
174
145
167
209
224
205
162
118
126
173
206
177
131
128
143
150
123
75
32
30
61
70
44
1
-23
-26
-29
-33
-55
-63
-45
-25
-27
-44
-58
-48
-20
-4
-7
-19
-18
2
23
18
-4
-24
-26
1
10
-2
-13
-16
1
1
-7
-19
-12
3
15
18
12
8
12
30
36
25
11
9
23
39
29
10
-3
-16
-14
-9
-21
-38
-53
-54
-54
-61
-72
-89
-94
-98
-102
-117
-127
-125
-130
-144
-152
-161
-165
-161
-171
-190
-211
-218
-214
-211
-216
-224
-230
-237
-240
-239
-243
-237
-229
-232
-235
-232
-216
-164
-77
1
-29
-101
-97
9
127
184
159
104
100
161
226
216
173
176
212
241
248
228
196
183
194
201
167
126
143
190
212
196
157
120
117
164
200
176
127
120
135
139
119
73
30
21
48
65
41
4
-11
-16
-14
-21
-33
-38
-24
3
-2
-26
-42
-32
1
12
2
-7
-6
20
38
22
1
-14
-8
18
35
31
20
18
28
36
25
14
21
45
61
57
35
28
38
55
62
51
42
46
61
63
57
37
19
17
21
25
12
-2
-7
-10
-11
-23
-33
-41
-45
-46
-55
-70
-86
-89
-95
-113
-129
-135
-137
-139
-151
-167
-185
-193
-187
-186
-188
-195
-202
-202
-207
-208
-204
-198
-199
-198
-194
-193
-172
-96
5
25
-39
-91
-37
85
185
212
151
106
138
215
243
204
185
211
240
260
256
226
193
195
214
195
153
141
177
210
208
175
127
102
128
179
174
127
100
112
123
115
84
32
8
28
57
54
16
-9
-18
-16
-25
-30
-35
-36
-19
-16
-30
-49
-47
-26
-3
-2
-28
-29
-12
17
18
-8
-31
-29
-4
14
12
-5
-4
15
20
17
0
-8
10
34
41
24
9
15
37
48
46
22
14
29
35
36
16
1
-2
4
11
3
-3
-12
-11
-15
-30
-48
-57
-62
-61
-66
-88
-102
-111
-116
-122
-137
-163
-173
-169
-173
-179
-193
-204
-203
-200
-192
-197
-204
-210
-206
-204
-205
-205
-198
-199
-204
-203
-195
-161
-96
-24
-23
-70
-96
-30
83
149
159
114
90
127
190
211
182
171
207
233
244
231
208
192
190
198
177
139
136
173
198
183
150
112
101
127
162
154
113
95
110
118
98
64
28
22
40
65
58
25
2
-3
-11
-18
-24
-23
-21
-9
-8
-22
-34
-31
-8
0
-6
-7
3
12
24
23
8
-14
-8
12
28
25
19
28
28
34
25
17
20
30
58
61
44
38
43
58
62
61
51
45
54
65
61
45
36
32
37
36
33
23
14
1
-6
-16
-29
-40
-45
-49
-59
-74
-91
-102
-106
-114
-128
-145
-151
-145
-145
-151
-172
-181
-185
-176
-160
-161
-164
-169
-175
-175
-177
-179
-175
-171
-168
-170
-153
-110
-34
20
-1
-53
-49
36
135
186
172
129
128
176
223
221
201
207
232
250
253
235
210
203
205
202
168
145
159
188
192
174
132
96
101
140
162
132
94
88
100
105
81
50
21
19
47
55
32
-1
-16
-22
-33
-41
-44
-40
-34
-25
-31
-54
-65
-51
-25
-18
-30
-33
-30
-19
-7
-4
-24
-32
-14
2
-1
-10
-11
-9
-1
1
-1
-11
-4
16
30
17
0
3
9
20
33
31
20
21
30
33
24
10
9
11
18
16
3
-10
-17
-26
-32
-45
-60
-65
-74
-87
-101
-117
-126
-131
-136
-141
-151
-153
-149
-159
-167
-174
-182
-185
-184
-176
-171
-173
-188
-191
-194
-191
-180
-175
-182
-189
-195
-185
-149
-99
-36
-15
-41
-61
-36
42
116
150
140
117
125
168
199
196
183
193
209
219
224
214
199
188
185
170
143
136
157
173
166
148
119
97
106
131
135
110
88
96
107
96
72
43
24
31
48
54
35
8
4
-6
-11
-14
-8
-6
-7
-11
-24
-35
-26
-5
5
-4
-14
-15
-9
6
10
0
-12
-11
1
3
-6
-8
-4
2
2
0
3
0
3
18
16
10
6
15
24
28
34
31
23
19
22
27
18
14
13
10
6
-3
-6
-16
-22
-32
-38
-39
-51
-61
-72
-87
-94
-100
-105
-111
-122
-135
-143
-149
-149
-150
-152
-151
-158
-167
-166
-163
-162
-159
-162
-164
-169
-165
-163
-163
-158
-167
-173
-164
-137
-84
-24
7
-16
-42
-23
44
118
155
151
130
141
171
193
195
181
190
212
225
220
204
190
181
172
160
139
127
138
156
156
134
109
94
103
122
123
107
90
88
96
86
57
32
19
24
35
36
26
3
-1
-11
-17
-16
-15
-14
-17
-25
-30
-32
-29
-25
-27
-24
-31
-30
-20
-12
-9
-16
-16
-22
-19
-14
-11
-8
-3
2
-1
2
-5
-1
3
9
13
11
11
10
16
20
21
16
21
17
18
14
14
12
2
-4
-8
-14
-21
-24
-34
-43
-48
-56
-62
-68
-78
-87
-92
-102
-111
-117
-126
-131
-136
-149
-155
-162
-173
-169
-173
-172
-162
-160
-160
-170
-179
-175
-157
-147
-150
-151
-158
-156
-153
-152
-152
-154
-115
-64
-34
-31
-51
-53
-15
35
72
86
87
100
126
134
130
127
131
151
164
163
154
149
153
156
139
121
106
109
125
130
125
104
89
90
97
89
85
86
84
85
78
69
49
44
54
54
49
41
33
34
27
17
6
0
5
12
9
1
-8
-11
-8
-7
-8
-7
-4
6
10
-1
-12
-18
-5
1
-6
-6
0
1
2
0
-4
-7
-7
1
6
12
16
13
8
11
8
11
13
11
13
9
7
6
5
-6
-13
-16
-22
-22
-24
-31
-36
-47
-50
-55
-65
-70
-68
-80
-88
-96
-101
-110
-120
-123
-130
-133
-136
-140
-143
-139
-136
-132
-139
-147
-146
-143
-135
-131
-130
-133
-129
-122
-119
-120
-120
-114
-109
-95
-75
-46
-18
-7
-15
-21
4
38
70
83
83
93
97
104
112
114
120
125
134
133
129
131
125
121
109
97
91
93
101
101
94
86
72
70
75
78
77
75
70
65
60
52
46
43
38
40
43
37
26
21
19
12
9
5
3
0
0
-2
-17
-21
-14
-11
-7
-4
-6
-4
-5
-6
-9
-13
-14
-10
-9
-13
-6
-5
-5
-3
-6
-11
-5
0
7
3
-3
-6
-9
-3
-9
-7
-12
-10
-11
-12
-13
-17
-15
-18
-18
-27
-31
-36
-40
-42
-47
-53
-61
-65
-69
-72
-80
-86
-90
-93
-94
-100
-107
-118
-119
-118
-114
-114
-126
-121
-121
-122
-120
-125
-121
-124
-119
-120
-122
-118
-112
-115
-123
-121
-112
-92
-70
-50
-48
-50
-34
-15
8
26
38
47
66
81
86
84
81
97
107
106
107
107
107
110
105
92
85
83
85
88
83
81
73
71
74
76
70
74
70
68
66
60
51
41
45
48
52
43
28
17
18
16
9
2
-3
-8
-3
-5
-15
-21
-16
-13
-12
-12
-18
-10
-9
-11
-15
-20
-22
-19
-12
-12
-20
-22
-26
-20
-20
-30
-30
-31
-22
-19
-21
-28
-31
-33
-28
-29
-27
-28
-29
-27
-29
-28
-26
-23
-24
-24
-26
-29
-28
-30
-32
-35
-38
-45
-41
-43
-45
-52
-61
-65
-67
-66
-69
-73
-75
-81
-84
-86
-90
-86
-83
-85
-86
-89
-95
-98
-97
-91
-97
-102
-104
-104
-103
-104
-107
-108
-105
-99
-93
-93
-84
-69
-56
-45
-42
-25
-8
8
25
33
42
46
58
69
67
68
75
85
89
88
84
86
84
91
91
82
77
77
84
79
79
77
75
77
83
81
82
81
74
72
72
69
59
58
53
47
45
41
32
29
27
22
19
15
11
5
3
2
-1
-6
-5
-5
-2
1
-6
-9
-8
-10
-6
-11
-19
-16
-14
-9
-13
-18
-25
-26
-25
-24
-22
-27
-30
-26
-22
-26
-23
-28
-27
-23
-22
-25
-23
-18
-17
-17
-17
-24
-25
-26
-28
-33
-36
-38
-43
-37
-38
-49
-50
-54
-56
-57
-62
-65
-64
-64
-66
-67
-69
-70
-67
-68
-66
-67
-63
-64
-66
-65
-71
-69
-67
-60
-58
-60
-65
-69
-74
-64
-57
-56
-57
-52
-43
-28
-19
-15
-15
-16
4
19
31
37
46
48
52
60
59
66
68
76
74
75
78
78
85
83
75
75
76
78
85
77
69
67
72
80
83
78
73
65
64
65
64
66
56
51
46
43
42
38
36
32
30
29
20
18
19
16
17
7
3
-1
2
0
-4
-4
-14
-9
-12
-20
-21
-25
-23
-22
-27
-35
-36
-34
-38
-38
-41
-48
-43
-45
-47
-52
-53
-56
-63
-56
-55
-56
-53
-50
-47
-53
-54
-53
-57
-55
-56
-54
-55
-51
-53
-55
-58
-62
-58
-60
-57
-56
-63
-62
-65
-66
-61
-55
-58
-62
-64
-64
-60
-59
-56
-61
-62
-58
-58
-59
-56
-55
-53
-55
-53
-54
-57
-56
-60
-54
-60
-69
-68
-68
-63
-61
-67
-62
-56
-48
-46
-48
-47
-40
-32
-17
-14
-14
-8
-2
9
9
10
15
25
29
31
36
40
45
56
52
44
49
53
60
61
60
58
59
60
62
61
58
60
58
63
62
53
51
53
56
54
44
39
40
38
36
31
24
20
21
23
19
13
10
11
10
3
-3
-9
-10
-9
-12
-16
-23
-29
-24
-24
-25
-30
-37
-32
-34
-33
-36
-39
-35
-34
-34
-35
-35
-36
-31
-27
-29
-30
-26
-33
-36
-38
-41
-39
-42
-36
-38
-38
-40
-43
-45
-48
-43
-41
-43
-41
-41
-37
-41
-40
-40
-35
-34
-36
-31
-36
-33
-30
-30
-31
-27
-22
-15
-13
-15
-23
-26
-25
-23
-27
-32
-32
-33
-32
-33
-40
-37
-33
-36
-31
-39
-43
-42
-33
-26
-30
-32
-31
-27
-27
-22
-22
-22
-11
-1
0
0
8
6
15
16
19
21
21
32
43
43
49
51
51
58
55
58
63
67
67
70
68
69
73
75
72
71
73
74
74
66
64
65
62
58
63
64
59
55
51
46
40
40
30
15
16
16
9
8
1
-3
-10
-12
-13
-18
-16
-22
-27
-28
-31
-34
-32
-30
-37
-38
-34
-38
-39
-40
-42
-44
-47
-43
-45
-47
-43
-41
-44
-43
-41
-43
-41
-42
-39
-34
-38
-35
-31
-35
-37
-34
-29
-26
-26
-25
-24
-19
-18
-15
-14
-17
-19
-22
-23
-24
-24
-22
-22
-27
-32
-32
-26
-28
-31
-30
-35
-33
-33
-38
-43
-50
-51
-52
-52
-51
-53
-55
-59
-56
-55
-60
-60
-59
-57
-55
-51
-48
-45
-44
-37
-31
-26
-22
-16
-8
-5
-1
-1
4
15
23
28
31
31
32
40
41
43
48
55
57
56
56
56
52
56
58
55
60
57
60
56
52
50
47
49
46
45
44
42
35
37
32
25
24
20
17
16
9
3
3
3
3
0
2
-2
-4
-11
-9
-8
-16
-14
-12
-16
-17
-19
-17
-23
-23
-22
-18
-20
-23
-19
-18
-14
-16
-13
-11
-9
-9
-3
-4
-3
-2
-4
-2
0
2
-1
3
4
5
4
6
12
13
14
17
29
25
25
23
22
22
22
25
23
24
19
18
21
23
20
18
19
15
11
10
10
10
7
5
3
0
-2
-3
-8
-7
-4
-6
-6
-11
-14
-22
-21
-18
-16
-15
-12
-13
-12
-11
-15
-15
-14
-9
-5
0
1
5
7
10
19
19
22
29
32
38
40
42
47
48
47
51
54
52
57
53
55
53
56
57
61
64
57
61
58
55
54
52
51
49
46
47
46
40
37
38
38
35
37
32
34
37
32
34
27
26
24
22
21
18
19
20
21
16
12
10
13
12
8
14
10
7
11
10
9
2
2
4
6
4
4
5
4
5
8
6
6
11
15
13
15
15
18
24
20
24
18
20
23
25
29
26
24
20
22
22
22
19
20
15
13
10
4
9
7
5
4
1
4
-2
-4
-1
-4
-6
-5
-7
-10
-8
-9
-16
-19
-18
-23
-22
-24
-23
-25
-25
-29
-32
-30
-28
-25
-28
-30
-30
-24
-25
-25
-22
-19
-19
-16
-15
-13
-5
-6
-4
-3
-3
0
6
4
6
7
10
9
11
15
9
15
14
13
18
16
16
18
14
16
17
12
14
12
10
11
12
8
8
10
11
7
6
3
3
4
3
-3
-5
-3
-5
-5
-11
-6
-6
-10
-10
-8
-9
-8
-11
-11
-8
-8
-4
-3
-1
-4
-3
-2
2
1
-1
2
-5
-1
3
3
4
6
11
13
11
15
18
21
23
25
26
27
29
32
33
33
36
35
33
33
30
25
31
33
33
26
20
19
18
17
15
15
12
12
8
8
7
2
3
2
1
-6
-3
-2
-3
-2
0
-1
1
-1
-6
2
3
2
2
2
3
1
-1
5
3
12
15
10
18
20
20
24
29
31
33
30
28
28
32
31
33
36
34
39
36
36
37
39
36
38
39
42
40
44
46
42
39
37
37
41
41
37
38
29
29
26
23
23
19
19
16
17
16
12
12
10
13
11
9
8
5
6
9
7
9
9
4
7
4
5
7
12
7
8
10
10
6
5
7
4
7
4
4
10
11
10
10
8
8
9
10
12
11
8
13
10
13
13
13
14
11
11
7
9
4
8
11
11
12
12
9
9
11
11
9
7
2
0
1
-2
-2
-6
-6
-6
-10
-8
-12
-15
-13
-17
-15
-17
-19
-20
-22
-20
-22
-23
-26
-21
-22
-20
-16
-16
-15
-13
-9
-10
-11
-9
-10
-14
-9
-8
-6
-4
-5
-8
-12
-7
-10
-6
-5
-5
-2
1
5
1
1
1
4
4
9
6
7
11
10
10
10
12
11
10
6
10
6
2
-3
-2
2
0
2
-1
-2
-4
-4
-6
-5
-5
-4
-8
-7
-9
-8
-8
-9
-8
-10
-4
-1
-4
-8
-5
-7
-13
-11
-10
-14
-7
-5
-7
-6
-7
-12
-6
-1
-7
0
-1
-1
5
9
6
6
7
16
13
9
11
9
13
13
13
13
7
3
4
7
8
3
-3
-2
-4
0
-1
-7
-4
-11
-13
-15
-19
-21
-16
-19
-21
-18
-21
-19
-18
-20
-16
-19
-18
-19
-20
-18
-19
-20
-23
-26
-29
-24
-21
-22
-18
-16
-14
-15
-16
-16
-9
-8
-7
-7
-5
-3
-2
-5
-3
4
3
5
8
14
18
20
19
16
15
13
21
22
18
19
17
20
17
15
15
20
20
16
21
23
20
20
18
17
17
15
15
13
10
10
12
7
5
3
0
6
7
5
3
5
8
7
6
6
5
5
6
6
8
11
9
11
15
12
15
18
19
19
20
24
20
25
25
25
24
28
33
27
27
27
29
27
24
24
29
25
24
24
24
24
23
22
21
19
18
20
21
23
16
16
12
14
11
12
7
5
2
2
-3
-5
-7
-10
-12
-11
-13
-13
-14
-12
-12
-20
-22
-25
-27
-21
-16
-20
-22
-19
-19
-18
-17
-17
-17
-15
-17
-14
-13
-17
-10
-9
-12
-15
-12
-8
-9
-8
-8
-5
-3
-3
1
0
1
7
6
4
1
-1
6
2
4
7
1
4
5
2
0
2
-1
-3
-1
-3
-4
-8
-8
-5
-6
-6
-4
-9
-13
-13
-9
-14
-12
-13
-15
-12
-11
-13
-11
-10
-11
-11
-10
-7
-11
-8
-8
-9
-5
-1
-2
-3
-2
1
4
4
-1
1
4
1
2
5
7
4
7
9
9
6
6
8
8
8
6
8
9
7
9
8
8
11
8
8
10
3
4
2
6
4
-2
-4
-4
-5
-5
-2
-9
-4
-8
-9
-7
-15
-15
-15
-17
-18
-24
-22
-23
-23
-22
-27
-24
-24
-28
-25
-26
-26
-27
-30
-26
-27
-24
-22
-25
-22
-22
-20
-19
-21
-18
-16
-13
-15
-11
-12
-8
-9
-7
-4
-7
-5
-3
-5
-3
-6
-5
-2
-4
-1
-4
-1
-1
-2
-1
-4
-3
-7
-4
-3
-9
-7
-11
-12
-12
-11
-13
-19
-18
-18
-20
-22
-23
-21
-24
-24
-25
-24
-25
-25
-25
-20
-18
-20
-18
-20
-21
-20
-16
-16
-14
-11
-12
-9
-5
-6
-5
-4
0
3
5
6
10
10
11
15
15
16
17
19
21
17
22
25
23
24
28
28
24
25
25
23
25
27
21
22
18
17
20
21
20
12
14
16
8
7
8
7
6
6
3
6
3
2
4
-2
1
4
-4
-10
-5
-12
-13
-13
-14
-10
-7
-11
-16
-12
-10
-5
-6
-5
-6
-8
-4
-2
-2
-1
-1
5
5
3
2
5
10
6
12
9
8
7
11
13
10
10
8
11
6
11
11
10
12
9
10
14
13
13
9
7
8
4
8
3
3
1
2
0
-6
-7
-14
-12
-14
-11
-11
-8
-8
-10
-4
-9
-7
-3
-9
-6
-6
-9
-10
-9
-8
-8
-9
-10
-14
-14
-12
-14
-9
-6
-5
-4
-1
-4
-1
1
2
5
5
6
6
9
12
12
11
14
9
10
12
12
11
13
12
12
11
8
7
9
9
4
5
1
1
3
2
1
4
9
3
3
7
6
10
0
-4
-2
-6
0
-4
-4
-7
-7
-9
-8
-10
-10
-9
-7
-10
-11
-14
-12
-13
-10
-9
-11
-8
-10
-8
-6
-4
-4
0
-2
1
4
2
0
5
4
5
10
8
9
9
7
10
8
9
9
10
13
14
11
11
14
11
10
17
16
13
8
11
13
13
14
11
12
10
7
7
9
8
8
10
8
9
7
4
7
5
7
9
6
8
13
9
7
7
7
7
8
14
13
13
17
18
16
17
18
17
17
21
21
23
22
22
20
21
19
19
20
16
18
17
19
22
13
20
20
16
12
15
19
16
12
11
14
12
13
11
9
10
10
11
11
11
8
8
6
7
5
5
1
2
2
-4
-4
-7
-7
-5
-6
-8
-7
-6
-5
-9
-5
-7
-6
-7
-12
-12
-6
-9
-7
-6
-8
-6
-9
0
-2
-5
-1
-3
-3
1
0
5
5
3
3
0
0
1
6
7
9
10
12
11
17
13
11
17
15
13
20
18
17
20
18
14
16
18
14
17
15
15
11
13
16
13
15
18
16
14
14
13
11
9
9
6
9
18
12
15
15
13
13
14
17
14
15
18
17
16
15
14
13
12
18
17
17
16
19
24
23
22
25
25
26
30
30
33
33
29
32
28
30
29
29
27
23
24
21
21
15
15
24
22
26
26
26
24
26
28
29
28
30
30
29
31
26
28
29
27
26
29
26
23
20
22
23
20
17
18
18
16
16
16
16
17
17
13
13
14
16
13
12
14
15
16
14
15
15
15
14
14
12
12
10
13
20
17
21
22
23
21
26
22
20
26
21
20
21
20
21
17
20
21
17
18
21
19
20
29
28
25
28
25
28
27
26
21
25
27
17
23
21
22
22
23
28
23
22
22
21
19
19
21
18
21
18
15
20
19
15
17
16
12
17
22
21
22
23
18
17
15
13
15
13
16
14
14
20
20
19
22
21
17
17
20
21
22
25
24
29
29
24
26
25
24
19
20
19
19
25
25
25
28
30
25
25
23
23
28
31
30
29
32
26
25
25
23
23
16
17
19
17
17
16
17
14
17
17
17
18
15
14
18
15
11
9
12
14
9
9
9
12
11
14
18
14
16
13
15
11
14
17
9
14
8
13
14
12
17
15
10
11
13
9
11
13
11
7
12
8
8
12
12
11
10
10
12
13
7
7
3
5
8
7
7
8
10
5
3
5
3
4
5
1
0
3
3
6
4
4
5
6
7
9
9
7
8
11
9
9
9
8
9
5
6
8
8
13
13
12
13
16
17
13
11
12
12
13
13
14
16
14
16
16
16
18
19
20
20
20
20
18
21
21
18
18
15
20
19
19
21
17
21
17
18
18
20
19
21
20
14
16
17
19
18
19
20
19
23
21
20
21
23
26
27
24
27
29
30
29
27
29
29
28
30
23
22
25
26
28
26
29
29
32
33
38
41
42
43
44
41
42
43
42
41
40
42
39
39
41
41
39
39
41
39
39
37
37
33
31
29
30
30
26
29
30
29
26
27
27
24
25
21
20
11
13
16
12
13
13
19
13
21
22
22
20
20
21
15
17
17
22
26
24
24
23
24
27
26
21
27
27
24
22
19
20
25
24
23
25
15
14
13
11
10
9
9
8
12
6
7
3
5
6
5
6
1
2
1
3
6
6
2
2
2
-3
-4
2
6
7
8
6
3
2
-1
5
3
0
-1
1
2
2
0
1
5
2
2
1
1
1
0
4
1
1
3
4
3
2
7
4
3
9
10
12
12
12
14
11
8
11
12
15
14
12
12
12
14
16
17
15
16
16
15
15
16
15
11
14
13
16
12
13
15
16
20
17
12
13
16
15
14
13
13
15
10
8
10
12
8
10
14
14
13
13
14
9
12
11
10
11
8
11
12
12
10
5
8
10
10
12
7
9
13
10
13
10
10
14
11
9
9
9
10
8
6
7
7
7
10
9
8
8
10
10
8
6
11
12
10
11
13
11
8
12
16
13
15
19
15
14
15
10
11
7
8
5
1
4
2
3
3
1
0
-3
2
2
2
6
4
5
10
6
6
6
5
3
6
2
5
4
4
5
4
7
9
10
11
11
16
16
19
23
17
22
22
24
25
29
27
29
28
25
26
27
27
30
29
33
37
38
37
35
40
34
36
35
33
37
36
37
38
37
35
38
37
39
37
32
33
34
38
36
33
31
27
27
27
27
25
27
28
27
27
29
29
33
33
35
35
36
31
30
35
33
35
35
34
35
38
36
37
33
38
43
42
40
40
42
39
41
40
37
37
39
42
41
39
36
37
36
38
32
35
35
29
31
26
24
27
24
21
21
20
16
17
15
13
16
12
12
12
15
11
9
8
10
12
11
9
8
7
5
6
6
2
3
5
2
-1
1
2
-2
3
6
3
7
10
8
9
9
8
4
5
3
3
5
-4
-3
-3
-5
-3
-7
-12
-9
-8
-7
-7
-10
-9
-8
-12
-13
-9
-13
-10
-9
-11
-13
-11
-11
-8
-10
-12
-9
-11
-12
-11
-11
-11
-9
-9
-10
-14
-9
-7
-10
-9
-7
-6
-6
-7
-5
-6
-3
-4
-6
-5
-2
-2
-2
-5
-5
-4
-5
-8
-9
-9
-4
-3
-3
-2
-3
4
-1
5
7
7
8
6
5
4
7
5
5
7
4
9
7
6
6
8
6
1
4
5
8
10
5
7
7
9
12
12
12
9
11
12
9
12
9
9
6
10
11
9
8
6
8
7
9
7
10
5
2
4
2
5
5
10
5
7
7
6
7
7
4
3
7
3
5
4
3
6
4
-1
2
4
3
3
1
0
-3
3
3
2
3
0
1
-1
5
1
-1
1
0
0
-1
2
-3
-3
-2
3
3
1
0
0
-4
-7
0
-3
-4
-5
-6
-2
-4
-3
-5
-3
-1
-2
-6
-6
-9
-9
-9
-9
-9
-11
-9
-9
-11
-13
-12
-9
-8
-9
-6
-6
-5
-5
0
-3
-4
0
1
6
1
-1
2
6
0
4
3
0
6
2
6
6
7
12
8
9
6
7
9
10
11
10
10
11
10
10
8
8
11
12
6
8
8
7
7
6
5
1
4
7
7
8
5
11
13
11
8
11
12
13
15
15
13
13
16
18
18
20
18
12
18
20
17
14
17
16
19
18
20
21
17
20
20
16
19
14
15
14
12
14
15
12
8
11
8
12
11
9
9
11
10
8
8
10
8
10
7
5
4
4
1
3
-4
-3
-1
-4
-2
-4
-6
-5
-10
-10
-7
-11
-9
-15
-10
-12
-15
-19
-18
-15
-16
-16
-20
-20
-21
-19
-20
-22
-23
-24
-27
-21
-25
-23
-23
-24
-21
-21
-20
