20
19
26
25
24
30
32
37
34
34
35
41
34
30
27
20
18
18
23
22
24
21
25
23
25
26
19
22
20
18
14
12
7
3
2
4
0
-3
-3
-6
-5
-13
-16
-12
-17
-16
-17
-22
-20
-19
-23
-22
-18
-21
-24
-22
-23
-20
-19
-22
-20
-19
-16
-15
-17
-14
-16
-15
-15
-16
-20
-27
-27
-26
-32
-31
-26
-26
-28
-25
-28
-29
-23
-22
-22
-22
-17
-13
-12
-14
-11
-9
-8
-10
-9
-7
-3
-9
-13
-6
-12
-17
-14
-17
-18
-18
-16
-24
-21
-17
-18
-21
-19
-19
-20
-21
-18
-17
-18
-13
-9
-6
-9
-3
-1
-2
0
2
2
1
2
2
1
-2
-1
-3
-4
-5
-5
-6
-5
1
1
4
1
1
7
11
12
14
16
19
20
16
14
11
11
10
9
7
4
2
2
2
3
-1
2
6
6
4
8
2
6
7
1
1
0
2
5
5
7
9
12
17
20
22
25
29
26
26
27
26
23
18
16
15
12
8
8
8
5
3
2
3
5
-1
-1
3
1
1
0
4
4
5
3
2
1
1
-4
-4
-5
-10
-9
-14
-18
-23
-21
-20
-22
-17
-19
-22
-23
-21
-23
-20
-24
-23
-23
-20
-25
-24
-26
-28
-25
-26
-26
-26
-30
-32
-34
-37
-30
-33
-27
-26
-26
-23
-25
-24
-20
-21
-19
-21
-21
-24
-24
-24
-24
-20
-24
-25
-22
-22
-22
-22
-26
-20
-14
-13
-12
-11
-8
-6
-8
-10
-9
-12
-11
-18
-17
-16
-16
-15
-14
-11
-14
-12
-14
-10
-6
-2
-2
1
-1
-1
0
-1
2
4
7
4
4
-1
-1
0
-3
-3
-3
-3
-6
0
-4
-8
-6
-8
-5
-9
-5
-5
-8
-5
-8
-10
-11
-12
-10
-7
-6
-8
-12
-14
-9
-7
-6
-10
-4
-3
-2
0
3
5
9
16
15
19
17
17
20
21
20
21
16
12
9
9
9
6
8
8
7
7
9
11
8
13
16
16
16
12
13
6
11
7
5
6
1
-3
-4
-10
-8
-6
-7
-8
-5
-5
-2
-2
-5
-5
-7
-7
-7
-2
-3
-7
-12
-12
-17
-17
-16
-21
-24
-24
-22
-27
-25
-28
-29
-30
-29
-30
-33
-34
-35
-31
-35
-34
-33
-33
-32
-33
-33
-32
-29
-26
-25
-24
-20
-20
-15
-9
-14
-13
-13
-11
-13
-15
-17
-17
-14
-18
-17
-12
-11
-11
-7
-11
-9
-1
-3
-5
-5
-6
-5
-8
-5
-2
0
1
0
1
-3
-1
0
-1
1
2
-1
-4
-5
-6
-3
-6
-3
-8
-8
-7
-8
-3
-7
-5
-5
-3
-2
2
1
3
-1
0
1
-2
-1
0
-2
-4
-4
-5
-4
-4
-3
-3
0
-3
-3
0
5
6
10
12
16
14
14
11
17
19
14
17
19
18
19
20
22
18
19
19
15
18
11
13
9
11
6
3
5
0
3
3
-3
-5
-2
-7
-2
-2
-2
4
1
5
2
4
3
2
-3
0
-1
-5
-15
-16
-15
-22
-21
-25
-26
-27
-25
-28
-28
-24
-20
-20
-22
-21
-19
-15
-17
-20
-15
-14
-16
-22
-23
-22
-29
-31
-32
-32
-31
-28
-29
-25
-26
-25
-27
-26
-20
-26
-24
-26
-22
-25
-30
-27
-26
-26
-30
-31
-31
-29
-30
-30
-31
-32
-27
-28
-27
-28
-26
-25
-22
-25
-27
-24
-25
-24
-25
-18
-24
-26
-25
-22
-19
-18
-12
-9
-4
-2
5
5
8
5
8
10
5
5
2
5
3
0
-1
-2
-4
-6
-8
-5
-6
-3
-3
-2
0
4
8
9
13
17
13
11
10
12
17
10
9
8
6
4
5
4
3
5
1
2
4
6
5
10
12
12
13
15
14
15
17
19
20
18
22
16
18
15
16
16
12
8
8
6
4
3
-1
4
2
-2
6
8
-1
5
7
4
3
3
0
-4
-3
-5
-6
-7
-8
-3
-2
-1
2
1
3
3
2
-3
-1
-3
-1
-4
-8
-8
-8
-9
-14
-13
-13
-19
-20
-24
-22
-23
-26
-23
-26
-28
-25
-25
-22
-24
-23
-24
-24
-23
-20
-27
-31
-30
-37
-35
-38
-40
-41
-41
-44
-46
-43
-38
-38
-37
-34
-34
-28
-26
-25
-25
-23
-22
-22
-24
-23
-20
-22
-17
-19
-17
-15
-13
-11
-8
-6
-6
-3
-4
-5
0
-2
-4
-1
-2
-1
-4
-3
-1
-1
-2
-4
-7
-6
-5
-3
-9
-7
-5
-5
-4
-5
-1
-2
-6
-4
-7
-8
-3
-7
-2
0
-2
0
-3
-2
-1
-1
2
2
1
5
6
6
5
5
5
5
10
7
9
10
13
12
13
15
16
18
16
19
17
23
18
18
20
24
22
19
18
16
19
15
18
22
23
19
22
23
22
25
23
21
23
22
21
21
21
22
20
18
17
18
16
11
13
9
9
9
7
10
9
8
8
6
5
5
3
2
-2
-1
-3
-3
-6
-7
-4
-8
-12
-8
-10
-10
-12
-17
-20
-24
-23
-25
-22
-25
-27
-22
-23
-24
-20
-18
-20
-24
-25
-25
-25
-27
-23
-24
-24
-29
-25
-27
-25
-26
-30
-30
-31
-31
-28
-29
-27
-22
-22
-17
-19
-20
-15
-15
-10
-3
-1
0
0
3
3
5
3
2
1
-2
0
3
-2
1
-2
-7
-5
-6
-4
-5
-3
-4
-2
-4
-3
-4
-8
-6
-1
-1
0
-3
2
5
5
6
6
6
5
2
2
5
6
1
-1
-1
-2
2
-1
2
2
2
7
1
2
4
5
4
1
4
6
1
6
4
7
8
4
9
3
4
6
7
5
0
5
5
7
10
14
12
11
14
14
16
14
11
14
13
11
11
10
8
11
6
0
-1
-2
0
-4
-1
-2
1
0
3
1
-1
-2
-5
-3
-5
-4
-10
-9
-7
-8
-11
-14
-13
-15
-17
-19
-17
-18
-17
-20
-22
-25
-30
-26
-32
-29
-32
-37
-32
-40
-39
-36
-38
-39
-37
-39
-37
-36
-38
-43
-42
-46
-48
-47
-50
-46
-44
-47
-53
-50
-51
-52
-56
-53
-52
-52
-53
-49
-51
-48
-46
-47
-46
-48
-44
-43
-41
-37
-36
-35
-30
-32
-28
-27
-22
-19
-19
-11
-16
-20
-13
-14
-15
-14
-17
-13
-18
-19
-17
-18
-21
-22
-20
-22
-18
-19
-19
-18
-17
-20
-22
-21
-16
-15
-15
-16
-15
-14
-14
-13
-9
-9
-6
-3
-7
-5
-2
-2
1
0
-2
2
6
3
3
5
6
12
7
8
8
10
10
7
10
13
17
16
17
14
13
15
14
16
12
11
8
7
11
11
8
8
6
4
3
6
10
9
5
8
8
6
10
6
8
5
3
3
0
-1
1
3
3
0
-1
1
-4
-2
1
0
0
-4
-4
-8
-8
-8
-10
-10
-10
-10
-17
-16
-16
-22
-21
-24
-22
-23
-30
-28
-29
-28
-29
-28
-30
-29
-26
-32
-30
-36
-36
-34
-33
-33
-36
-33
-36
-37
-38
-33
-35
-36
-35
-36
-37
-34
-34
-36
-29
-32
-32
-31
-32
-31
-33
-31
-29
-26
-27
-26
-27
-30
-28
-29
-31
-31
-35
-33
-31
-35
-37
-35
-35
-34
-37
-35
-32
-31
-32
-28
-28
-27
-24
-29
-28
-30
-28
-26
-30
-25
-23
-27
-22
-22
-20
-20
-23
-20
-21
-20
-23
-21
-20
-18
-14
-16
-16
-17
-12
-11
-11
-11
-9
-13
-11
-7
-2
-1
-3
-3
-2
1
1
2
2
-2
1
5
2
-1
0
1
-2
1
-1
-3
-7
-5
-1
-4
-6
-4
-9
-6
-6
-5
0
-4
-1
1
1
-1
-4
-5
-3
-5
-8
-5
-5
-6
-2
-5
-5
-6
-5
-5
-5
-2
-4
-3
-2
-5
-3
-6
-9
-8
-9
-9
-14
-10
-13
-14
-12
-16
-16
-19
-19
-22
-25
-24
-27
-27
-25
-28
-29
-32
-30
-32
-35
-36
-38
-39
-37
-36
-37
-36
-37
-35
-37
-36
-37
-37
-37
-35
-40
-42
-37
-39
-39
-40
-41
-38
-45
-41
-38
-42
-40
-37
-35
-35
-36
-28
-31
-33
-30
-29
-29
-31
-28
-28
-29
-31
-32
-29
-32
-29
-27
-27
-31
-32
-28
-29
-24
-28
-27
-24
-27
-26
-28
-31
-27
-23
-23
-24
-24
-24
-21
-17
-16
-21
-23
-17
-17
-15
-16
-17
-16
-15
-12
-15
-14
-13
-10
-13
-11
-15
-10
-8
-9
-3
-1
-1
0
0
1
5
3
1
-2
1
-7
-1
-2
-2
-4
1
2
-1
2
2
6
3
8
7
9
7
7
12
5
6
7
7
4
1
4
2
-2
1
0
0
-1
3
3
1
2
5
4
5
6
3
5
4
6
2
3
4
1
3
3
1
-2
1
-1
0
2
-1
-2
-7
-9
-10
-10
-9
-9
-14
-14
-15
-17
-15
-17
-22
-22
-24
-27
-30
-28
-30
-32
-35
-35
-32
-37
-32
-36
-37
-34
-40
-34
-39
-31
-32
-31
-32
-35
-36
-39
-37
-37
-34
-35
-38
-36
-34
-32
-34
-35
-31
-33
-26
-27
-25
-23
-26
-21
-22
-24
-26
-28
-27
-25
-26
-29
-27
-27
-25
-27
-31
-26
-32
-29
-30
-30
-32
-34
-29
-28
-26
-27
-26
-29
-26
-24
-26
-22
-20
-16
-17
-19
-17
-14
-17
-14
-8
-8
-11
-9
-8
-3
-3
-3
-1
1
0
5
5
1
4
4
6
5
8
4
-1
-3
0
0
-1
-2
-5
1
-2
-6
1
1
-6
-2
-2
-4
-1
0
0
1
1
-2
-4
1
-3
-4
-1
-1
-2
0
1
0
6
8
5
6
3
1
4
4
0
-1
-3
-4
-2
-2
-6
-10
-8
-8
-7
-12
-5
-7
15
21
-48
-43
28
-7
-50
-7
-14
-48
-20
-7
-32
-30
-4
-11
-27
-14
-11
-24
-17
-9
-18
-17
-16
-11
-14
-18
-12
-17
-18
-17
-16
-21
-17
-15
-24
-19
-19
-23
-19
-15
-17
-14
-13
-15
-16
-14
-19
-16
-16
-10
-5
0
-7
9
75
68
-100
-106
67
14
-80
-12
-19
-80
-29
1
-61
-48
4
-11
-34
-10
4
-20
-11
4
-1
-6
-5
1
9
-8
1
15
3
-2
5
3
4
3
-1
17
9
-1
13
17
10
16
19
13
18
11
15
15
3
9
18
10
2
11
17
11
10
9
7
10
14
10
10
12
13
9
8
1
-2
10
6
-2
7
10
-2
10
11
-1
3
2
7
5
-2
-3
9
-1
-3
9
-5
-11
-1
3
-10
-6
7
4
-8
1
6
4
12
12
3
10
14
0
3
11
0
4
11
8
0
12
17
14
37
80
219
-7
-161
199
240
-125
-102
87
9
30
117
41
-59
-3
90
-13
8
-11
-134
-25
-35
-147
-66
-72
-133
48
18
-126
12
78
-15
-12
40
33
10
17
46
44
-28
-19
28
12
-25
4
33
26
-36
78
70
-181
-81
47
-36
-75
-87
-115
-84
-75
-64
-57
-56
-12
22
50
69
137
131
93
-3
-70
30
35
-34
-111
-127
-91
-111
-118
-103
-133
-58
22
-25
-55
-43
-40
-9
-3
-2
30
34
25
57
65
85
45
-24
30
34
-7
-3
-8
-48
-97
-40
-25
-121
-61
41
-23
-31
-2
-21
-9
4
7
36
26
-5
25
8
-7
9
3
3
14
5
-9
2
-19
-20
4
11
-24
-30
-6
-26
-5
8
-27
-13
6
11
30
11
24
118
49
4
54
-15
10
86
18
-62
17
38
-91
-70
11
-41
-19
55
-30
-77
3
-9
-52
7
0
-7
12
-3
-29
-20
-47
-29
10
-12
-15
-11
-24
-43
-16
-27
-37
4
-9
-16
-9
-38
-46
-29
-35
-42
-19
-26
-55
-41
-23
-36
-43
-36
1
14
9
-47
-20
-18
-43
-7
15
-14
-29
3
-17
-7
-2
-44
-15
0
-9
-17
-19
-14
-45
-5
5
-32
-25
-7
-31
-30
-24
-27
-27
-37
-19
-23
-32
-11
-29
-23
-18
-36
-31
-51
-27
-18
-44
-11
-42
-76
-19
-29
-64
-39
-12
-35
-48
-45
-40
-51
-34
-31
-42
-28
-5
-9
6
0
-7
14
13
20
9
-1
-12
-14
-11
-2
-31
-34
-8
12
-6
-25
10
-34
-62
-2
1
-2
-6
-20
-22
-14
-24
-17
1
-1
3
20
0
-17
10
-15
2
26
-24
-37
-12
-43
-44
-31
-33
-39
6
-10
-44
-18
-37
-16
18
12
8
9
-24
-26
-8
-25
-13
-3
-21
2
-5
-65
-90
-70
-55
-18
-13
-18
-25
-25
-35
-51
-24
-6
18
26
1
-27
-13
-1
-19
-18
7
6
5
0
-26
-16
-30
-57
-16
0
-19
-6
-5
-25
-33
-23
-22
-14
0
-7
-12
-9
-25
-29
-32
-43
-23
4
3
-21
-32
-36
-53
-45
-24
-13
-10
-25
-13
-1
-24
-40
-32
-18
-12
12
-4
-39
-40
-47
-34
-29
-22
-27
-24
-15
-33
-47
-44
-44
-39
-21
-16
-4
3
-11
-15
-6
11
18
4
0
8
6
-24
-44
-49
-48
-35
-20
-8
-36
-60
-51
-40
-25
-32
-37
1
-2
-19
-11
-8
-11
-16
10
22
10
-9
-22
-8
-11
-5
37
41
-8
6
23
-17
-26
-7
-20
3
21
-17
-15
-25
-46
-28
5
20
9
9
17
7
-2
-14
-15
0
14
3
3
-24
-66
-50
-22
-8
-8
5
19
26
30
23
30
31
23
45
70
57
0
-6
17
-8
-11
-1
4
-9
1
13
-3
-14
-27
-13
1
-1
-8
-14
-8
-22
-24
-17
-5
-16
1
37
29
17
1
-1
9
16
16
14
7
-14
-26
-33
-32
-16
-2
-12
-23
-14
-17
-6
-16
-23
8
31
26
29
27
1
-8
8
34
23
8
16
21
14
3
-8
3
2
-7
11
-5
-26
-32
-33
-26
-34
-13
9
11
0
0
-14
-26
-17
-11
7
-20
-33
-12
-23
-46
-65
-39
-16
-23
-9
-23
-42
-43
-26
-13
2
9
-9
-4
36
7
-52
-28
-9
-8
7
-23
-39
-9
-13
-48
-43
-29
-22
11
41
13
-26
-21
-21
1
52
64
28
31
33
56
77
40
32
61
80
85
102
53
-8
9
27
28
50
54
18
-6
-7
-13
22
43
25
36
45
67
87
66
24
17
50
88
101
64
10
-12
14
15
4
1
-27
-16
28
12
-14
-27
-56
-27
40
53
24
16
-12
-8
26
23
2
14
19
19
24
-15
-49
-49
-37
-17
12
8
-32
-39
-38
-42
-22
3
15
-11
-36
-8
0
-12
-34
-57
-60
-5
57
27
-13
-51
-52
6
31
-2
-29
-28
-32
-34
-36
-58
-70
-70
-78
-39
-22
-73
-93
-83
-65
-35
-19
-52
-94
-93
-67
-37
-36
-72
-83
-55
-28
-2
-35
-79
-61
-55
-24
10
-17
-49
-59
-49
-22
-7
-36
-62
-69
-39
21
25
-5
-27
-1
48
93
128
116
111
133
181
237
257
235
208
231
255
289
290
239
205
184
190
195
160
102
60
67
89
82
54
9
-37
-18
27
48
3
-61
-38
8
33
15
-68
-74
-4
-3
31
41
-46
-52
-2
27
31
-32
-77
-82
-96
-13
-18
-98
-152
-210
-60
-9
-154
-110
-103
-185
-122
-100
-40
-19
-167
-234
-95
21
-8
-122
-186
-153
-65
65
17
-100
-141
-116
27
59
-15
-49
-62
-24
9
25
-40
-36
-7
-40
-9
-8
-3
-23
-28
-41
-47
-6
-18
-7
3
-21
-44
-61
-5
-1
-23
-57
-101
-17
-18
-37
-78
-95
-34
21
45
31
19
18
37
81
123
118
115
101
124
156
169
156
118
104
121
160
165
136
87
67
76
110
119
73
47
43
68
82
79
48
29
24
50
77
70
49
29
36
48
61
51
36
15
28
55
54
37
8
3
13
40
43
15
3
-6
-2
13
12
-15
-43
-31
-21
-20
-21
-42
-63
-54
-38
-18
-31
-61
-56
-36
-18
-34
-66
-57
-39
-43
-30
-32
-42
-55
-43
-23
-29
-30
-39
-22
-30
-24
-27
-37
-22
-37
-22
-27
-25
-25
-39
-36
-34
-15
-34
-26
-27
-26
-21
-28
-28
-38
-24
-29
-22
-49
-44
-42
-49
-27
-53
-58
-70
-48
-64
-48
-72
-96
-98
-114
-105
-123
-94
-67
-31
-31
-46
-74
-58
17
75
96
66
58
83
142
172
156
106
97
150
201
206
155
91
57
94
131
123
65
28
32
56
59
30
-5
-35
-28
9
37
9
-26
-29
-2
12
24
20
30
79
86
87
76
83
104
123
129
111
91
79
103
97
44
23
25
53
35
4
0
-30
-33
-11
1
-44
-72
-51
-31
15
-39
-94
-85
-52
-26
-41
-24
-83
-80
-95
-54
-47
-72
-92
-77
-64
-55
-29
-71
-69
-127
-44
-67
-12
-34
-65
-77
-118
-24
-76
-32
-130
-75
-76
-64
-56
-150
-75
-122
-80
-103
-111
-85
-104
-104
-117
-133
-128
-104
-136
-154
-162
-202
-185
-202
-238
-156
-33
44
6
-82
-137
-33
142
271
244
116
99
199
352
368
255
126
134
286
409
365
175
17
5
131
222
173
7
-94
-48
58
90
0
-120
-169
-80
50
85
2
-105
-126
-51
44
67
18
-44
-29
41
103
117
56
27
83
181
211
176
134
94
120
170
191
149
111
80
57
68
60
42
-12
-6
-32
-21
11
-22
-47
-48
-46
-81
-46
-6
-26
-40
-59
-78
-87
-31
-9
-38
-61
-84
-34
-15
-26
-53
-89
-91
-29
5
-14
-56
-111
-138
-75
-32
-23
-47
-124
-146
-117
-57
-44
-90
-161
-150
-125
-58
-72
-111
-168
-177
-116
-79
-66
-122
-148
-192
-153
-128
-141
-185
-254
-264
-169
-2
72
-1
-141
-174
-46
149
281
245
110
54
156
320
379
278
142
109
225
366
378
228
33
-36
64
198
212
85
-63
-102
-28
58
58
-53
-157
-135
-24
69
46
-50
-138
-136
-40
39
48
-21
-71
-63
-11
29
9
-34
-55
-20
23
45
13
-34
-55
-17
80
149
175
119
60
39
89
167
185
142
68
39
85
132
105
24
-63
-57
28
116
66
-14
-115
-86
-24
53
42
-32
-68
-58
18
33
8
-74
-65
-67
5
37
-4
-72
-104
-93
-48
-1
-24
-87
-92
-76
-29
-26
-62
-91
-122
-69
-30
-23
-84
-129
-134
-95
-60
-76
-110
-148
-150
-120
-101
-109
-146
-191
-196
-188
-199
-224
-233
-187
-68
-4
-59
-156
-172
-48
118
215
181
86
67
165
312
359
279
170
155
273
391
387
230
71
37
143
261
254
118
-42
-60
28
121
97
-31
-134
-113
14
95
57
-82
-176
-145
-13
79
51
-46
-126
-103
-2
60
20
-58
-97
-41
33
63
11
-71
-99
-41
55
98
102
79
84
89
107
109
112
132
148
149
116
74
36
48
66
31
-39
-9
30
56
-3
-74
-105
-100
-2
32
20
-33
-105
-75
-23
6
-18
-58
-65
-43
5
-15
-15
-123
-113
-52
8
13
-31
-89
-108
-67
-55
-43
-83
-80
-106
-69
-71
-93
-121
-163
-153
-113
-96
-105
-139
-188
-194
-166
-135
-163
-218
-250
-239
-229
-206
-153
-78
-48
-81
-144
-130
-5
135
212
168
93
93
202
340
375
289
182
192
315
424
393
238
96
85
209
309
267
98
-57
-62
55
136
83
-58
-159
-117
12
74
-13
-153
-205
-130
-12
50
-2
-100
-145
-98
-2
55
25
-53
-65
3
62
75
23
-37
-20
38
120
173
182
148
112
110
148
213
255
250
183
119
118
155
175
94
1
25
67
79
40
-26
-103
-110
-78
-4
49
-31
-109
-142
-61
-15
-28
-87
-103
-66
18
3
-64
-107
-161
-66
-20
-5
-78
-109
-108
-84
-67
-94
-80
-151
-102
-75
-87
-119
-171
-184
-173
-144
-114
-125
-178
-216
-196
-183
-209
-232
-258
-253
-282
-290
-255
-160
-64
-61
-160
-215
-127
70
221
229
127
51
131
302
434
407
282
212
304
469
519
403
205
121
213
369
409
251
40
-62
23
146
161
27
-131
-168
-78
25
6
-120
-239
-225
-101
3
-5
-116
-198
-178
-77
23
36
-23
-81
-51
32
85
57
4
-13
24
105
152
134
113
136
192
225
226
193
196
238
264
243
170
127
127
139
131
69
-6
-40
0
22
-49
-136
-133
-71
-42
-46
-105
-121
-135
-72
-1
-36
-113
-108
-23
-8
-6
-84
-95
-93
-37
-3
-31
-105
-157
-118
-47
-31
-121
-177
-153
-96
-89
-136
-224
-208
-186
-154
-151
-198
-230
-241
-265
-269
-250
-261
-294
-346
-370
-297
-136
-32
-101
-274
-308
-114
180
327
220
40
-4
182
445
550
429
252
251
439
615
565
328
143
180
375
511
415
138
-70
-43
126
223
124
-79
-205
-180
-68
-20
-109
-259
-316
-236
-117
-76
-157
-276
-319
-241
-117
-39
-63
-130
-166
-111
-23
26
20
-15
-16
34
115
157
130
123
177
280
339
314
253
228
308
375
377
275
175
161
184
201
133
37
-31
-28
-9
-57
-139
-202
-183
-129
-81
-113
-207
-227
-156
-44
-72
-118
-73
-26
-51
-57
-18
-68
-91
-19
26
0
-86
-174
-127
-21
-61
-164
-194
-159
-78
-114
-238
-314
-263
-184
-164
-220
-319
-362
-326
-294
-347
-398
-414
-365
-235
-137
-144
-267
-355
-246
41
276
276
125
11
97
327
522
535
409
323
407
574
620
498
333
302
407
532
509
314
95
18
117
243
233
59
-124
-190
-140
-63
-67
-165
-261
-273
-209
-164
-193
-266
-313
-281
-188
-108
-103
-175
-243
-217
-105
11
32
-20
-86
-75
26
119
129
109
148
247
331
298
216
193
303
447
461
327
161
138
221
281
216
74
-14
2
53
-6
-120
-207
-195
-112
-82
-145
-262
-293
-229
-133
-89
-134
-167
-188
-172
-111
-62
-44
-99
-112
-86
-1
-23
-144
-202
-146
-21
-27
-124
-247
-262
-197
-144
-160
-233
-266
-246
-252
-288
-296
-282
-293
-365
-424
-419
-330
-225
-177
-205
-317
-358
-199
88
241
160
-1
-7
193
435
537
452
335
349
510
646
609
453
365
429
553
566
448
271
171
193
276
306
208
48
-73
-95
-48
3
-27
-139
-258
-271
-198
-147
-182
-277
-329
-292
-192
-138
-189
-279
-298
-202
-72
-27
-95
-181
-176
-71
75
124
66
48
112
224
261
259
262
321
387
388
344
292
307
333
329
265
202
169
136
89
11
-24
-20
-11
-64
-152
-203
-197
-139
-125
-161
-213
-217
-186
-165
-178
-192
-171
-138
-123
-134
-155
-150
-129
-107
-113
-121
-144
-182
-154
-101
-120
-199
-230
-217
-209
-241
-271
-279
-238
-257
-336
-409
-406
-371
-371
-388
-350
-204
-115
-260
-496
-427
17
414
324
-75
-265
1
443
670
546
298
226
394
614
659
538
430
447
516
525
463
383
297
238
276
360
337
150
-52
-111
-1
152
154
-60
-315
-355
-183
-18
-41
-209
-353
-361
-243
-132
-130
-217
-281
-241
-145
-91
-125
-187
-183
-89
48
94
70
37
48
123
229
360
396
356
264
250
342
463
500
382
253
218
280
307
250
124
39
52
86
54
-74
-148
-139
-72
-33
-88
-185
-244
-189
-95
-58
-91
-157
-197
-172
-91
-57
-79
-131
-157
-142
-107
-82
-118
-160
-157
-129
-119
-135
-192
-233
-237
-200
-172
-195
-271
-332
-342
-336
-357
-410
-428
-369
-235
-155
-244
-482
-517
-147
312
340
-43
-311
-118
337
605
572
360
207
244
452
670
715
583
404
354
432
545
581
468
271
191
313
415
295
68
-23
54
161
159
-5
-224
-289
-160
1
2
-166
-345
-412
-321
-137
-49
-153
-340
-414
-299
-122
-52
-140
-272
-273
-135
0
21
9
-13
26
77
207
309
329
260
198
283
408
510
403
244
197
308
414
349
194
68
80
154
167
72
-56
-91
-68
-16
-11
-70
-151
-183
-120
-52
-42
-101
-173
-180
-111
-30
-43
-124
-177
-159
-103
-70
-95
-171
-215
-178
-127
-118
-165
-222
-244
-232
-216
-218
-236
-284
-309
-327
-339
-378
-403
-391
-329
-214
-170
-297
-519
-412
41
388
177
-260
-295
113
519
584
433
253
192
294
547
773
751
487
273
310
534
700
646
400
183
232
423
464
266
95
91
149
156
96
-11
-135
-139
-41
17
-69
-225
-324
-297
-151
-35
-106
-308
-421
-313
-108
-27
-126
-298
-352
-240
-50
33
33
-44
-103
-79
105
330
363
238
100
186
374
522
441
278
232
311
387
332
245
163
160
154
143
80
-5
-46
-49
-20
-19
-69
-182
-218
-140
-47
-61
-156
-224
-204
-113
-55
-87
-167
-194
-168
-119
-87
-99
-155
-204
-191
-160
-126
-142
-187
-223
-254
-225
-218
-199
-240
-304
-340
-341
-331
-374
-359
-320
-213
-180
-298
-478
-371
75
372
136
-292
-269
170
531
538
386
257
195
263
534
805
774
434
185
317
632
769
619
369
213
268
439
485
340
188
131
108
119
150
109
-42
-129
-59
10
-57
-193
-258
-211
-115
-80
-168
-304
-325
-204
-88
-77
-175
-281
-297
-169
-19
79
38
-107
-181
-81
245
407
332
91
8
201
452
576
407
199
136
263
419
427
297
117
43
113
198
183
57
-71
-92
-25
17
-43
-146
-184
-132
-66
-79
-152
-217
-191
-108
-57
-99
-189
-228
-190
-93
-41
-96
-205
-260
-199
-95
-52
-147
-263
-294
-233
-156
-168
-228
-323
-358
-348
-324
-347
-386
-382
-282
-177
-255
-483
-525
-118
300
219
-232
-380
-33
384
513
420
290
142
121
378
773
856
492
122
181
545
781
690
416
202
194
364
502
457
271
109
41
99
228
227
30
-147
-100
25
9
-122
-209
-202
-147
-115
-141
-226
-296
-258
-145
-80
-147
-267
-310
-217
-44
22
-33
-49
-66
-26
35
232
358
278
130
68
247
422
481
336
178
182
255
337
343
267
150
54
72
151
169
100
-18
-66
-31
10
-8
-68
-74
-68
-76
-95
-93
-77
-72
-68
-86
-103
-110
-118
-114
-77
-55
-90
-154
-172
-142
-102
-78
-126
-210
-268
-227
-177
-165
-200
-297
-347
-357
-318
-342
-361
-366
-302
-199
-241
-446
-536
-143
316
243
-263
-416
1
438
507
387
293
170
118
368
817
909
477
54
188
621
806
651
391
216
179
327
513
497
274
56
-12
90
254
241
2
-190
-129
-6
-23
-133
-182
-193
-208
-192
-168
-205
-289
-282
-171
-107
-172
-302
-316
-204
-45
-29
-29
-53
-121
-105
37
349
377
184
-26
37
342
529
484
215
60
122
275
420
381
167
-29
-61
114
256
183
-21
-176
-116
12
66
-13
-126
-155
-134
-76
-54
-79
-122
-130
-99
-77
-88
-112
-130
-101
-48
-62
-120
-187
-172
-96
-42
-79
-199
-256
-225
-144
-131
-175
-257
-333
-357
-313
-308
-353
-395
-270
-111
-251
-589
-616
-16
455
183
-420
-457
60
424
477
437
335
64
-37
422
1018
967
330
-36
266
734
858
689
431
197
144
391
656
597
278
7
-14
182
380
307
-6
-179
-73
32
2
-73
-114
-196
-251
-171
-87
-163
-312
-293
-121
-65
-182
-325
-301
-146
-6
-29
-91
-86
-107
-32
87
302
290
107
18
114
370
458
354
173
105
188
285
333
307
143
7
9
121
209
112
-20
-113
-91
5
19
-34
-98
-114
-113
-98
-68
-82
-106
-101
-100
-113
-119
-104
-97
-102
-78
-90
-141
-169
-145
-100
-99
-137
-206
-241
-214
-184
-174
-221
-287
-334
-329
-302
-329
-411
-441
-389
-215
-161
-385
-639
-431
134
318
-58
-417
-239
176
404
457
420
230
1
141
683
1006
662
130
90
487
773
741
571
348
162
219
518
661
461
122
-23
105
313
345
133
-90
-117
-29
18
-8
-75
-171
-255
-205
-101
-101
-246
-322
-209
-83
-120
-240
-286
-201
-89
-20
-73
-62
-32
-33
26
124
323
253
117
98
235
418
418
311
190
177
254
318
311
254
98
17
62
142
161
29
-73
-107
-66
-13
-24
-86
-129
-132
-118
-92
-98
-119
-145
-122
-98
-109
-124
-132
-127
-95
-80
-117
-161
-167
-117
-90
-109
-145
-203
-206
-175
-163
-160
-234
-306
-327
-316
-283
-357
-439
-469
-343
-137
-209
-540
-690
-238
296
220
-285
-449
-105
257
387
435
377
74
-101
280
901
947
355
-39
205
627
742
638
475
232
79
285
635
630
259
-46
-11
213
342
245
13
-139
-111
-28
2
-38
-132
-258
-293
-182
-94
-204
-370
-329
-148
-112
-250
-340
-294
-185
-91
-59
-121
-93
-99
-34
84
209
279
125
85
168
301
419
374
253
146
144
284
346
301
175
2
10
100
156
122
-30
-115
-124
-52
20
-35
-129
-153
-144
-101
-74
-96
-121
-139
-123
-108
-109
-104
-109
-122
-89
-86
-120
-144
-136
-86
-93
-122
-168
-205
-169
-172
-177
-174
-219
-283
-328
-295
-286
-368
-427
-427
-308
-158
-273
-559
-586
-113
290
85
-352
-366
21
324
390
395
313
53
14
458
948
809
215
18
389
713
698
571
430
216
117
391
677
543
146
-63
79
272
296
167
-25
-127
-102
-32
13
-47
-180
-279
-262
-149
-114
-253
-361
-286
-145
-171
-302
-321
-256
-177
-115
-103
-185
-115
-48
9
64
116
220
132
134
219
277
329
330
268
226
203
240
294
257
211
66
0
86
118
87
-15
-113
-118
-79
-33
-38
-128
-164
-167
-143
-82
-92
-150
-175
-165
-119
-111
-125
-124
-156
-128
-108
-140
-140
-144
-152
-147
-139
-153
-195
-224
-214
-209
-200
-229
-307
-351
-338
-314
-383
-448
-446
-269
-148
-350
-654
-520
67
292
-81
-437
-246
131
300
367
428
263
-52
63
657
1006
615
74
125
527
702
640
579
409
140
151
535
729
430
48
-4
184
315
285
140
-22
-120
-82
9
36
-56
-210
-281
-220
-109
-134
-291
-339
-225
-150
-232
-317
-287
-237
-187
-127
-129
-226
-125
-15
48
67
37
149
152
198
263
230
242
286
267
278
265
209
212
200
209
149
66
59
56
50
6
-40
-75
-87
-78
-75
-105
-116
-150
-172
-116
-111
-133
-149
-173
-158
-127
-122
-122
-162
-167
-134
-148
-147
-146
-180
-196
-191
-181
-192
-237
-271
-272
-244
-259
-309
-350
-384
-413
-446
-433
-362
-213
-256
-517
-680
-374
186
240
-221
-499
-217
208
395
396
343
111
-87
221
807
964
443
-13
158
588
745
654
503
271
86
227
605
675
313
-42
-28
203
314
251
80
-93
-153
-80
25
24
-104
-255
-292
-209
-111
-173
-318
-315
-210
-176
-254
-315
-285
-223
-159
-130
-166
-242
-99
29
44
39
5
103
205
249
240
217
222
289
302
312
291
194
193
220
230
182
87
51
50
60
35
-32
-61
-67
-82
-73
-85
-111
-144
-160
-116
-106
-125
-138
-162
-152
-100
-105
-129
-155
-160
-134
-144
-124
-139
-183
-189
-180
-185
-194
-237
-264
-271
-255
-275
-338
-353
-369
-416
-466
-455
-350
-179
-304
-589
-632
-235
183
87
-276
-383
-150
151
366
425
289
-10
-47
374
792
754
338
89
212
498
705
672
411
133
104
348
563
485
245
14
-41
120
317
280
-15
-195
-113
-18
-25
-40
-100
-258
-329
-197
-69
-184
-344
-303
-203
-209
-260
-255
-267
-280
-166
-92
-180
-271
-58
79
-1
-26
37
146
172
253
275
178
131
277
370
313
227
149
177
191
219
188
79
-1
-17
53
56
-21
-90
-104
-112
-89
-76
-103
-149
-185
-140
-98
-112
-137
-164
-156
-113
-110
-119
-149
-156
-131
-114
-128
-159
-195
-192
-166
-158
-174
-250
-286
-286
-232
-238
-299
-366
-432
-468
-454
-405
-271
-156
-410
-725
-595
-14
274
-51
-401
-338
-76
152
426
539
226
-209
-44
624
911
584
212
198
290
431
727
815
393
-51
95
570
657
350
173
113
9
59
331
365
-39
-299
-98
95
-13
-119
-109
-215
-338
-213
-38
-182
-407
-330
-146
-178
-309
-301
-241
-267
-202
-110
-157
-302
-152
104
58
-34
-50
104
186
231
279
212
112
171
329
360
270
128
124
163
173
185
126
29
-71
-40
49
37
-69
-126
-126
-111
-99
-96
-103
-177
-191
-133
-97
-116
-163
-155
-115
-124
-133
-116
-140
-152
-147
-113
-117
-185
-199
-174
-163
-184
-228
-267
-286
-276
-255
-282
-353
-417
-464
-455
-406
-329
-182
-314
-626
-651
-180
244
52
-339
-346
-82
99
299
493
378
-52
-121
440
872
686
283
223
347
399
573
793
610
110
11
436
696
438
182
179
126
47
203
381
151
-218
-189
70
69
-108
-151
-152
-251
-271
-115
-99
-304
-367
-227
-144
-240
-297
-258
-242
-218
-134
-136
-202
-237
-16
137
17
-60
-25
184
268
275
243
140
126
274
417
378
211
79
140
238
271
206
86
-29
-72
52
138
53
-120
-175
-128
-60
-33
-64
-149
-231
-182
-83
-67
-133
-194
-186
-138
-118
-109
-132
-173
-192
-149
-100
-151
-219
-209
-159
-175
-218
-258
-269
-264
-272
-282
-299
-375
-439
-467
-422
-406
-320
-202
-404
-680
-558
-7
210
-146
-424
-238
28
136
291
436
252
-118
31
602
809
457
182
325
437
403
547
723
470
68
146
551
580
255
157
240
144
38
206
311
37
-223
-72
106
-32
-186
-142
-125
-252
-257
-120
-161
-332
-334
-195
-171
-269
-299
-255
-239
-213
-160
-163
-201
-184
43
52
-34
-43
81
263
240
205
167
170
249
363
361
260
116
131
271
280
201
76
29
25
63
118
50
-81
-131
-69
-24
-29
-93
-145
-164
-135
-73
-81
-141
-183
-159
-102
-95
-133
-148
-144
-133
-120
-120
-128
-182
-182
-139
-144
-185
-241
-242
-219
-243
-263
-271
-306
-347
-398
-394
-397
-450
-305
-127
-331
-668
-583
14
279
-99
-401
-235
54
183
324
477
247
-166
32
709
929
445
51
249
506
532
628
685
350
-59
153
731
729
200
-34
132
215
183
283
288
-77
-328
-62
230
81
-217
-253
-185
-230
-194
-68
-156
-378
-391
-186
-117
-241
-315
-274
-235
-201
-168
-175
-200
-166
61
52
-80
-90
91
321
282
161
97
125
286
473
426
211
9
99
369
420
250
2
-88
14
182
245
86
-158
-234
-87
90
97
-76
-223
-243
-111
26
1
-134
-241
-206
-88
-29
-84
-155
-193
-159
-97
-86
-117
-181
-190
-125
-128
-165
-222
-247
-194
-193
-214
-278
-338
-349
-324
-318
-367
-471
-446
-192
-173
-455
-641
-295
156
71
-255
-273
-45
82
206
418
430
26
-130
374
866
705
229
178
397
477
553
738
607
109
-22
471
799
474
96
97
176
142
248
395
161
-258
-236
131
208
-60
-217
-180
-207
-233
-92
-45
-265
-412
-265
-96
-160
-302
-294
-242
-200
-160
-149
-221
-168
-1
18
-1
-36
76
206
243
233
176
162
260
372
379
273
122
166
288
309
230
98
26
24
105
157
71
-87
-133
-64
12
14
-72
-155
-186
-130
-51
-47
-126
-208
-202
-117
-74
-101
-150
-184
-158
-115
-97
-98
-149
-179
-152
-106
-114
-188
-231
-198
-162
-188
-236
-288
-300
-308
-303
-333
-405
-458
-249
-86
-333
-670
-469
123
233
-158
-341
-117
47
144
395
547
168
-238
117
815
878
347
115
309
420
467
732
778
238
-148
243
794
656
178
65
155
106
180
436
341
-162
-349
37
280
59
-175
-169
-186
-268
-139
25
-144
-416
-346
-107
-106
-276
-306
-215
-202
-194
-139
-114
-141
-171
-39
98
90
45
72
165
221
241
272
268
219
237
289
325
289
207
175
186
203
187
141
93
51
31
51
57
16
-45
-69
-45
-37
-65
-87
-90
-98
-102
-106
-108
-116
-116
-106
-109
-117
-117
-123
-114
-107
-98
-124
-157
-150
-127
-143
-190
-193
-200
-199
-227
-229
-232
-261
-292
-300
-305
-346
-418
-349
-83
-119
-468
-607
-176
262
125
-219
-208
-13
81
266
527
458
-20
-129
433
870
668
274
220
323
373
571
807
557
22
-16
471
710
416
157
130
76
69
302
428
109
-268
-171
149
144
-38
-103
-145
-254
-217
-5
8
-258
-380
-220
-95
-156
-226
-224
-228
-229
-150
-102
-131
-53
-71
-17
40
75
181
190
210
213
211
271
336
310
299
240
218
267
263
261
202
130
87
113
144
106
34
-15
-10
-12
-10
-21
-46
-90
-110
-86
-64
-82
-122
-142
-123
-94
-110
-115
-114
-124
-122
-122
-97
-89
-132
-148
-123
-98
-117
-180
-182
-159
-160
-176
-200
-228
-251
-248
-226
-246
-334
-354
-367
-164
-36
-244
-514
-416
66
264
1
-232
-132
17
193
413
519
229
-145
96
660
808
462
199
226
321
458
715
716
255
-72
183
631
609
267
98
69
49
184
391
290
-100
-263
-14
186
80
-82
-152
-198
-202
-86
-3
-135
-322
-292
-145
-95
-186
-275
-264
-199
-108
-55
-97
-186
-144
16
155
130
42
28
95
227
311
272
154
105
176
304
327
222
111
84
161
228
213
122
22
6
73
129
93
-14
-85
-62
-8
14
-32
-102
-129
-100
-51
-56
-88
-127
-128
-92
-66
-73
-113
-138
-99
-72
-87
-113
-140
-130
-128
-111
-105
-145
-193
-179
-140
-144
-187
-217
-216
-210
-221
-231
-256
-286
-328
-239
-51
-118
-370
-415
-50
225
86
-140
-105
33
148
320
458
343
32
74
492
714
523
287
259
315
390
545
622
374
58
102
405
509
335
145
53
26
115
284
271
27
-181
-119
66
113
16
-107
-192
-190
-103
-18
-58
-202
-279
-222
-128
-117
-178
-221
-195
-139
-121
-113
-100
-78
23
37
41
47
83
183
218
205
171
155
198
266
270
248
158
112
164
228
220
111
40
40
86
110
90
27
-38
-49
9
81
45
-59
-107
-68
-25
-29
-82
-127
-154
-140
-104
-112
-141
-171
-166
-130
-103
-107
-141
-168
-141
-107
-112
-138
-180
-182
-170
-174
-167
-188
-218
-231
-217
-185
-197
-251
-263
-271
-214
-76
-96
-242
-312
-100
153
144
-2
-33
35
160
329
445
364
126
119
382
588
529
332
221
237
338
490
512
321
114
103
282
397
318
167
26
2
93
202
193
35
-114
-111
-7
67
32
-75
-148
-154
-98
-42
-50
-126
-192
-180
-108
-95
-102
-106
-113
-78
-68
-29
23
50
55
56
71
107
124
140
149
120
95
94
121
133
105
67
44
50
62
68
50
28
19
19
28
36
31
19
17
12
4
0
4
3
-7
-26
-36
-35
-40
-40
-38
-62
-91
-103
-86
-67
-87
-110
-129
-145
-139
-118
-109
-128
-172
-186
-177
-151
-147
-143
-154
-186
-191
-174
-123
-121
-144
-175
-193
-172
-138
-147
-139
-94
-106
-148
-137
-9
87
69
29
55
106
172
267
320
270
177
208
327
392
353
279
235
213
239
318
329
231
134
124
185
218
194
149
80
16
43
111
119
35
-46
-49
-14
0
-11
-33
-86
-115
-102
-58
-65
-105
-136
-126
-41
-60
-77
-92
-66
3
38
50
22
2
47
126
138
116
57
50
98
132
143
85
27
15
52
96
84
30
-12
-9
31
52
42
14
-14
-15
9
27
19
-11
-46
-28
-18
-22
-40
-49
-59
-68
-71
-67
-72
-89
-94
-99
-98
-108
-117
-114
-112
-121
-126
-126
-124
-125
-127
-126
-137
-137
-128
-119
-122
-139
-143
-131
-128
-124
-130
-137
-140
-133
-129
-125
-136
-148
-99
-66
-67
-97
-69
19
74
94
85
82
115
185
240
255
211
181
199
245
291
270
207
165
179
224
239
210
161
119
124
160
174
137
73
50
55
62
63
41
5
-34
-43
-26
-24
-54
-89
-102
-96
-92
-91
-95
-96
-49
-61
-64
-62
-32
25
43
49
30
23
59
128
147
125
61
49
98
152
156
86
28
9
50
96
86
29
-25
-31
14
47
38
-14
-57
-41
1
21
-4
-50
-77
-67
-35
-19
-46
-84
-99
-75
-49
-55
-79
-95
-102
-96
-69
-62
-91
-120
-112
-71
-63
-84
-99
-109
-99
-81
-77
-82
-102
-110
-94
-84
-90
-107
-108
-92
-82
-91
-104
-99
-89
-76
-72
-65
-78
-90
-78
-50
-40
-44
-36
-39
-41
-25
20
42
39
23
36
64
111
138
120
106
107
139
175
184
167
144
139
155
159
160
143
109
95
94
94
82
60
36
19
2
-4
-17
-33
-50
-67
-72
-73
-73
-71
-75
-56
-53
-66
-49
-13
31
15
4
15
36
74
108
100
67
54
77
125
121
89
51
43
65
86
87
50
11
2
23
46
37
3
-30
-31
-4
10
-13
-46
-65
-64
-53
-46
-60
-87
-99
-88
-66
-69
-88
-96
-84
-64
-54
-52
-58
-64
-54
-31
-25
-35
-46
-43
-30
-18
-22
-46
-61
-45
-27
-31
-52
-66
-63
-53
-49
-43
-58
-75
-68
-44
-35
-51
-56
-51
-30
-23
-26
-31
-41
-32
-11
-5
-21
-40
-35
-16
-9
-21
-27
-33
-13
5
11
7
7
27
56
69
72
59
52
73
91
92
72
46
40
50
61
53
32
4
-4
16
21
10
-4
-17
-17
-13
-1
-4
-26
-30
-8
10
10
1
9
25
34
51
52
49
49
55
68
68
50
41
47
53
50
44
32
27
20
23
28
15
7
1
4
9
-3
-14
-20
-25
-26
-29
-33
-45
-58
-55
-47
-52
-65
-72
-67
-61
-64
-58
-56
-59
-60
-54
-41
-38
-48
-43
-35
-32
-38
-30
-25
-13
-30
-37
-22
-32
-26
-33
-17
-26
-37
-30
-24
-18
-16
-19
-14
-23
-22
-4
-6
-5
-6
-8
-10
-8
-9
-7
-11
-19
-25
-22
-18
-19
-12
-26
-31
-25
-11
-19
-19
-22
-25
-21
-17
-8
-12
-25
-26
-19
-17
-18
-20
-23
-37
-36
-25
-20
-27
-41
-41
-42
-39
-35
-26
-27
-28
-25
-17
2
5
4
8
10
23
32
46
40
42
39
43
57
55
47
43
49
48
48
44
44
36
25
28
32
30
19
13
17
13
3
2
1
-7
-14
-12
-15
-18
-22
-25
-30
-32
-37
-40
-43
-47
-41
-43
-47
-44
-43
-49
-52
-49
-47
-48
-52
-49
-48
-51
-51
-36
-36
-50
-50
-44
-36
-35
-34
-29
-32
-41
-34
-11
-10
-24
-30
-22
-16
-14
-13
-13
-29
-24
3
6
-10
-19
-11
-1
4
2
4
-4
-10
5
19
10
-3
-2
12
10
6
15
14
7
3
13
14
4
-7
-5
3
-5
-11
-17
-17
-17
-24
-24
-25
-35
-40
-38
-35
-23
-28
-34
-34
-22
-11
-17
-14
-8
-2
5
14
10
5
10
11
17
16
7
0
-1
6
10
7
2
7
4
14
12
5
4
6
13
13
11
5
-2
6
8
6
3
-9
-11
-8
5
8
-4
-19
-15
1
6
-1
-8
-16
-16
-13
-6
-8
-20
-26
-25
-16
-19
-27
-32
-33
-34
-26
-29
-26
-32
-41
-36
-27
-22
-28
-26
-26
-21
-21
-22
-18
-12
-19
-22
-25
-20
-17
-22
-22
-22
-25
-26
-23
-16
-15
-21
-21
-22
-12
-7
-8
-17
-27
-21
-16
-6
-14
-22
-36
-35
-16
-12
-25
-30
-35
-38
-32
-23
-21
-33
-40
-30
-26
-29
-30
-33
-27
-29
-31
-26
-21
-20
-25
-20
-12
-12
-15
-4
8
6
4
4
10
17
19
9
2
-3
2
7
7
1
-8
-11
-6
5
14
8
-8
-12
-6
2
14
3
-14
-20
-15
8
12
2
-9
-11
5
15
21
14
5
6
20
31
27
17
6
7
13
20
18
5
1
1
4
8
1
-8
-13
-11
-8
-10
-9
-12
-14
-15
-13
-10
-11
-11
-13
-2
-7
-14
-11
-2
4
-3
-2
-7
-10
-3
1
1
-14
-19
-11
-7
-4
-7
-12
-15
-13
-8
1
-7
-15
-20
-17
-15
-17
-19
-18
-13
-17
-23
-27
-24
-22
-25
-25
-32
-34
-39
-36
-34
-35
-41
-41
-38
-33
-27
-26
-28
-27
-25
-16
-8
-11
-19
-22
-15
-7
0
-8
-19
-19
-11
-2
-6
-10
-18
-14
-8
-2
-6
-13
-22
-19
-9
-9
-11
-16
-15
-13
-7
-1
-6
-17
-11
-4
-3
-5
-9
-5
-3
2
6
10
12
4
8
14
18
16
15
17
17
18
17
20
17
17
17
15
4
6
21
20
15
9
3
9
10
14
12
11
8
9
16
20
15
12
12
15
18
10
9
10
9
14
14
11
17
14
10
11
14
15
18
13
9
12
12
10
6
-1
-7
-5
-5
-1
2
-4
-16
-10
1
4
-2
-7
-10
-18
-17
-6
-3
-6
-13
-20
-16
-2
1
-2
-13
-18
-14
-1
7
-1
-13
-15
-3
5
8
2
-5
-12
-9
0
5
-3
-16
-15
-9
-6
-9
-13
-13
-20
-21
-10
-3
-8
-18
-18
-11
-10
-13
-14
-11
-14
-16
-10
-7
-9
-14
-17
-15
-19
-14
-10
-12
-13
-11
-12
-15
-11
-8
-10
-10
-13
-11
-8
-6
-5
-6
-5
-11
-7
-1
1
-3
-7
-7
-3
0
5
2
-6
-3
2
15
11
6
7
10
10
13
13
12
4
2
13
17
14
12
13
8
7
11
23
12
5
9
16
17
14
14
12
12
9
14
13
7
1
8
15
10
3
3
0
2
4
6
-3
-9
-10
-5
-1
-1
5
4
3
5
10
11
11
12
20
21
14
9
11
15
14
9
4
5
2
3
6
5
1
-6
-5
-2
-2
0
-3
-4
-10
-5
4
5
0
-6
-6
2
3
6
4
4
5
0
8
9
8
-1
-4
3
4
-3
1
2
-1
-7
-5
3
-6
-9
-8
-3
-6
-15
-12
-16
-15
-17
-15
-10
-19
-20
-18
-17
-16
-19
-12
-12
-9
-5
-5
-1
-1
1
4
5
0
-3
6
7
0
-4
0
0
1
2
1
-7
-12
-9
-6
-12
-9
-15
-18
-16
-11
-12
-13
-8
-17
-16
-13
-8
-11
-15
-11
-4
-3
-9
-8
-9
-9
-2
1
1
-3
-3
-1
2
7
10
10
10
14
13
15
15
12
13
19
17
14
15
13
18
14
10
12
14
5
-1
2
2
-4
-7
-4
1
1
-8
-4
-1
1
4
5
8
8
6
11
13
14
13
8
15
17
19
17
15
12
6
13
19
21
18
15
13
13
13
7
7
0
-4
-3
2
2
-4
-5
-4
-2
-4
-9
-8
-5
-9
-5
-4
-5
-6
-7
-10
-4
-5
-9
-12
-8
-4
-1
-5
-8
-11
-9
-1
-4
-4
-11
-12
-7
-10
-7
-9
-12
-11
-17
-19
-16
-23
-26
-19
-15
-17
-26
-32
-31
-30
-32
-28
-26
-29
-32
-26
-26
-25
-33
-33
-26
-18
-18
-16
-17
-18
-16
-12
-5
-6
-10
-6
-5
-2
0
4
0
-6
-2
2
7
0
-6
-5
-11
-11
-14
-12
-14
-19
-16
-15
-9
-11
-8
-9
-5
4
0
1
2
6
7
4
7
7
11
15
17
17
12
16
17
19
19
19
22
15
19
21
23
20
14
16
21
20
19
17
12
8
11
17
9
3
3
9
12
13
12
8
5
9
14
16
15
6
12
14
17
19
18
18
16
18
23
30
21
18
20
21
20
22
18
10
4
3
7
5
0
-2
-3
-5
-2
-5
-4
-3
-4
0
-3
-5
-5
-2
-2
-6
-2
-4
0
-1
-4
-7
-7
-8
-4
-2
-3
-6
-7
-4
-5
-5
-7
-6
-7
-7
-9
-11
-14
-15
-18
-16
-14
-18
-20
-18
-18
-17
-25
-24
-24
-23
-20
-24
-24
-25
-16
-14
-12
-10
-8
-5
0
5
6
3
1
3
-1
-2
-3
-5
-7
-8
-6
-7
-11
-11
-12
-16
-14
-9
-8
-14
-18
-11
-10
-10
-14
-14
-12
-9
-9
-9
-8
-14
-11
-2
-1
-3
0
-1
4
6
4
8
8
6
8
14
20
18
14
14
15
17
16
13
18
14
13
11
9
11
9
7
10
7
4
5
6
8
2
-6
-4
0
1
3
-1
-5
-12
-9
-9
-5
-8
-7
-8
-5
-4
1
0
-6
-2
-4
3
1
2
3
5
11
14
11
7
10
11
9
11
4
6
7
0
4
3
5
9
7
7
-3
-9
-11
-12
-11
-13
-11
-21
-20
-15
-14
-12
-16
-15
-11
-7
-6
-8
-6
-14
-9
-3
-4
-3
-10
-13
-10
-2
-1
0
-9
-11
-10
-12
-4
-7
-16
-15
-10
-7
-9
-10
-10
-12
-15
-16
-17
-14
-15
-14
-9
-11
-13
-11
-10
-10
-9
-11
-10
-10
-11
-8
-5
-5
-10
-9
-6
-8
-9
-11
-10
-13
-14
-12
-13
-18
-20
-19
-20
-20
-24
-24
-25
-29
-28
-28
-24
-29
-32
-27
-26
-24
-26
-27
-21
-21
-18
-17
-17
-11
-11
-11
-8
-7
-2
-1
-3
-2
3
3
5
11
10
10
15
15
14
19
16
11
11
13
11
8
4
5
0
5
4
5
4
4
3
6
5
3
7
1
4
4
7
10
15
9
11
15
16
15
15
15
14
13
16
14
11
10
14
12
9
12
6
9
6
7
4
1
5
7
8
6
6
1
6
6
-1
2
-2
3
0
0
5
-1
0
2
-2
-1
5
6
6
4
8
8
1
4
5
3
2
5
-3
0
0
-4
-3
-4
-9
-11
-10
-7
-4
-11
-10
-16
-21
-22
-21
-21
-23
-28
-27
-30
-30
-31
-29
-32
-32
-31
-26
-28
-26
-27
-28
-25
-24
-19
-20
-17
-14
-21
-20
-15
-19
-16
-16
-18
-19
-20
-17
-13
-14
-13
-12
-12
-14
-17
-20
-17
-12
-14
-9
-7
-7
-4
-8
-4
0
-6
-6
-3
2
2
1
4
-1
0
5
8
3
4
3
7
11
10
14
8
8
4
8
12
9
4
4
5
3
7
8
6
2
5
7
8
7
7
10
9
11
15
16
11
14
17
19
20
20
21
19
22
20
25
24
22
23
24
29
30
26
23
26
32
29
31
31
31
27
24
26
25
22
19
22
14
15
15
14
15
14
12
14
11
9
9
9
7
6
6
3
6
7
5
4
8
5
4
3
3
5
5
5
4
7
6
2
2
1
-2
-1
-5
-4
-4
-7
-9
-9
-10
-11
-15
-13
-17
-20
-27
-27
-26
-24
-19
-23
-21
-20
-17
-15
-10
-11
-13
-16
-9
-9
-12
-11
-12
-10
-13
-9
-7
-7
-8
-15
-11
-13
-12
-14
-22
-22
-24
-21
-22
-22
-26
-23
-24
-27
-18
-20
-15
-22
-20
-18
-19
-13
-21
-18
-21
-18
-10
-13
-9
-9
-10
-8
-10
-5
-1
2
-3
1
5
4
4
6
4
2
5
5
3
6
2
-3
0
4
2
1
-5
-8
-6
-4
-1
-4
-7
-3
-4
-5
0
2
5
2
-1
4
3
7
5
6
8
8
10
8
10
10
15
12
7
7
3
6
6
9
6
-4
-5
-6
0
-1
-2
-1
-2
3
-5
0
1
-6
-8
-5
-3
-9
-9
-12
-11
-14
-14
-15
-19
-18
-15
-14
-16
-15
-15
-14
-11
-7
-5
-7
-8
-7
-8
-7
-2
-3
-3
-7
-3
-3
-9
-11
-4
-7
-16
-13
-10
-7
-10
-13
-10
-13
-12
-13
-11
-13
-17
-14
-17
-16
-20
-20
-19
-20
-19
-22
-24
-23
-25
-23
-19
-20
-23
-21
-20
-20
-18
-17
-20
-24
-25
-22
-19
-25
-24
-23
-21
-23
-23
-26
-24
-21
-24
-19
-23
-20
-22
-17
-10
-13
-12
-10
-8
-10
-9
-8
-6
-6
-7
-4
-2
-10
-9
-4
2
5
3
3
3
5
5
4
4
-1
0
2
1
-3
-2
-4
-5
-3
-1
-5
-10
-8
-11
-6
-7
-6
-5
-7
-8
-8
-4
-7
-7
-6
-9
-5
-5
-5
-5
-4
4
6
7
5
6
11
7
8
15
12
12
7
6
6
3
7
1
1
