1
5
3
6
1
1
4
0
4
3
0
-3
-1
2
2
-1
-3
3
5
6
6
1
1
0
-6
2
2
1
0
3
1
2
7
6
8
9
5
9
12
8
10
9
8
6
3
7
5
7
9
10
9
10
11
9
11
5
7
2
3
1
-1
0
-5
-3
-2
-5
-1
-5
-4
-3
-4
-1
-7
-5
-4
-5
-4
-4
-5
-3
-2
-1
0
0
4
0
0
-4
-4
-5
-2
-3
-7
-5
-10
-7
-3
-6
-1
0
3
5
6
4
0
1
-2
-1
0
3
6
7
5
3
6
9
9
6
9
11
13
13
14
13
13
12
15
10
9
13
7
8
8
5
5
0
0
1
0
2
7
6
4
9
12
10
8
9
7
2
3
1
1
0
0
-1
4
2
3
8
6
10
5
4
8
10
8
7
5
8
8
5
5
2
-1
-5
-3
-2
1
-5
-4
-3
-1
-3
-4
-3
-4
-1
-1
6
2
7
6
3
4
5
3
3
-1
-2
2
1
3
2
3
0
2
-1
2
5
2
-1
1
0
1
3
1
1
4
4
1
4
2
3
1
1
2
0
-2
0
-2
-8
-9
-6
-10
-12
-13
-6
-6
-3
-6
-3
-4
-5
2
0
4
0
3
-1
1
1
-3
-3
-3
-4
-9
-5
-4
-3
0
-1
0
-5
-2
3
3
3
-2
0
2
3
-2
-8
-10
-9
-7
-4
1
-4
0
0
-3
0
0
4
0
5
2
4
7
-1
1
0
-3
-1
3
1
0
0
0
0
4
5
7
8
10
8
7
9
10
8
8
14
11
14
16
20
17
15
16
14
20
21
20
20
24
18
12
16
16
14
10
7
6
6
9
5
3
3
0
5
4
6
8
8
8
7
7
9
5
4
5
7
6
5
2
1
3
6
9
7
6
6
7
8
6
7
4
6
6
4
7
6
6
2
1
4
3
-1
1
3
1
4
4
6
0
3
7
7
11
5
9
5
6
7
5
6
4
7
6
8
10
6
2
3
2
3
6
5
9
6
8
13
10
6
8
6
4
3
3
3
-6
-3
-5
-3
-3
-7
-4
-9
-6
-10
-7
-4
-4
0
-1
-5
-1
-3
-2
3
0
0
-1
2
3
5
3
5
2
6
9
11
8
9
10
9
8
4
6
7
6
7
6
8
3
4
6
5
6
5
6
6
10
8
11
11
11
14
15
11
16
19
14
17
20
16
17
17
15
16
15
13
15
14
14
13
14
18
17
15
14
19
18
16
19
17
17
19
18
17
14
16
16
15
17
13
15
14
13
16
8
5
-1
-1
-2
-1
-2
-5
-1
-1
1
5
8
5
5
5
9
9
8
13
12
9
9
11
10
13
12
16
18
15
15
13
15
12
11
11
10
10
12
5
7
8
6
5
1
3
1
-2
-4
1
-1
1
1
0
0
3
4
5
3
6
6
5
7
6
5
5
4
3
7
4
2
-1
-3
0
1
-3
-1
-1
2
3
2
2
9
4
-2
4
1
2
6
5
1
5
8
7
4
5
5
6
4
5
5
3
5
3
5
6
3
0
0
3
1
0
-2
-1
1
3
6
2
2
-4
-4
-4
-4
-3
-2
1
2
0
2
4
5
6
3
7
8
8
8
8
11
8
9
12
11
9
10
17
15
13
15
16
12
16
19
18
22
21
19
19
24
24
30
28
23
24
25
24
25
24
18
18
13
14
13
13
11
6
10
10
7
7
5
3
7
5
4
3
8
7
5
3
5
2
2
2
-3
-1
-3
0
-1
-2
-3
-2
-4
-2
-3
-2
2
2
3
3
9
8
11
10
11
12
10
14
13
15
11
14
12
11
13
12
10
8
10
5
4
1
3
2
5
4
6
4
7
4
0
5
3
10
8
6
8
9
6
4
3
0
3
3
3
3
6
1
-2
-2
-4
-3
-6
-6
-6
-2
-5
-7
-6
-4
-2
-4
-2
-3
-4
-4
-6
-2
-1
-2
0
-3
-2
-1
3
2
3
-3
3
8
0
4
5
8
8
6
3
1
3
1
0
-1
0
-1
-4
-2
-5
-4
-4
0
-4
-4
-4
-7
-3
-7
-6
-4
-4
-3
-1
-4
-1
-3
-2
4
-2
2
4
2
2
6
4
3
6
5
2
3
4
1
0
-4
-2
-6
-3
0
-1
-2
-8
-5
-7
-1
1
-2
-3
-7
-10
-6
-8
-10
-6
-11
-10
-15
-14
-9
-11
-11
-12
-10
-12
-11
-9
-8
-5
-6
-8
-7
-7
-7
-6
-10
-7
-11
-11
-8
-10
-10
-8
-7
-5
-8
-10
-6
-9
-4
-4
-1
0
-1
-2
2
2
-1
-1
-4
-3
-5
2
-2
-2
-1
-4
-4
-5
-7
-3
-6
-6
-5
-8
-4
-6
0
-2
-1
5
5
3
4
8
6
7
5
7
2
3
2
2
3
4
7
4
4
3
4
2
4
4
7
8
7
4
1
7
7
4
3
2
0
1
1
2
-1
1
1
-1
0
-1
-3
-2
-9
-9
-7
-5
-8
-7
-4
-5
-5
-6
-2
-2
0
1
0
7
7
1
1
2
3
3
0
-1
2
0
2
3
6
7
7
4
6
6
6
11
8
3
4
6
4
3
0
2
0
-2
-3
-1
-4
-5
-1
-1
2
0
2
3
-2
-1
1
3
-4
-5
-6
-4
-4
-7
-6
-9
-7
-11
-15
-11
-13
-12
-16
-17
-15
-15
-11
-15
-20
-16
-17
-17
-13
-8
-12
-12
-11
-8
-7
-9
-9
-12
-12
-14
-8
-8
-9
-7
-7
-10
-8
-9
-8
-12
-10
-7
-9
-8
-7
-7
-7
-6
-7
-11
-9
-10
-9
-9
-11
-13
-13
-9
-13
-10
-6
-5
-12
-8
-4
-4
-3
-2
0
3
1
3
4
4
5
5
5
5
0
5
5
4
7
4
9
2
4
8
8
5
6
9
6
6
6
6
5
6
4
4
-3
-5
2
-1
0
0
-4
-5
-2
-3
-3
-3
0
-1
-4
2
-3
-1
0
-1
2
1
4
9
7
4
4
6
7
9
6
6
9
11
11
11
12
13
15
14
15
11
11
19
12
15
15
11
13
10
11
9
11
6
8
8
10
12
10
9
8
6
9
7
3
6
2
1
1
0
-1
2
-8
-8
-3
-6
-7
-7
-9
-7
-3
-5
-10
-14
-13
-8
-7
-7
-4
-4
-2
-1
-1
-4
-1
1
-3
-1
-4
-2
-1
-2
1
5
7
-2
2
2
6
6
4
3
1
2
-1
-1
-1
-3
1
0
1
-3
-5
3
1
5
5
6
4
4
7
3
6
7
9
9
11
9
9
10
15
12
9
11
10
14
11
7
8
11
9
8
13
16
16
18
20
17
18
16
19
19
18
21
21
19
16
17
13
15
13
12
9
9
8
8
10
10
10
10
10
11
14
8
7
11
12
15
11
10
10
11
12
11
12
9
12
8
11
14
15
13
12
11
14
16
11
12
12
11
11
13
13
17
13
18
18
17
18
17
20
10
7
11
11
8
1
3
2
1
6
6
2
2
6
7
5
2
2
0
-1
1
3
3
1
-1
-4
-9
-8
-5
-10
-10
-14
-15
-17
-15
-13
-13
-14
-16
-13
-14
-14
-11
-14
-15
-16
-14
-15
-14
-11
-15
-19
-23
-21
-18
-20
-17
-16
-19
-15
-19
-16
-15
-18
-18
-15
-12
-16
-16
-20
-21
-16
-18
-16
-13
-13
-9
-12
-16
-16
-13
-14
-13
-6
-5
-8
-10
-5
-4
-3
-4
-2
2
6
3
2
6
7
4
1
2
8
10
8
7
8
4
6
10
8
10
6
5
5
2
-2
-1
-3
0
-4
-9
-2
-6
-8
-9
-8
-6
-5
-7
-10
-9
-10
-9
-6
-6
-8
-10
-10
-9
-12
-8
-7
-4
-4
-5
-1
1
4
4
5
3
-1
1
1
2
4
2
-2
-2
-3
-1
-2
2
7
3
0
0
-5
-3
-4
-3
-2
-1
-3
-6
-5
-4
-8
-6
-7
-11
-9
-10
-8
-7
-10
-10
-9
-12
-15
-11
-14
-15
-12
-15
-13
-14
-15
-17
-18
-18
-18
-18
-18
-18
-13
-12
-16
-16
-16
-16
-18
-18
-15
-14
-19
-16
-15
-18
-14
-19
-18
-11
-18
-15
-13
-16
-16
-20
-25
-24
-25
-23
-21
-24
-28
-27
-24
-23
-21
-19
-18
-21
-20
-17
-19
-22
-22
-19
-19
-18
-17
-16
-19
-15
-12
-17
-16
-16
-17
-14
-15
-13
-14
-11
-7
-11
-8
-7
-8
-5
-7
-5
-2
-4
-4
-3
-1
-1
-1
0
1
-1
0
0
-5
1
4
1
-1
-2
-1
-4
-1
-3
-1
-4
-6
-4
-6
0
-1
-1
2
-1
2
-3
-4
-3
-4
-2
-3
-4
-7
-9
-6
-5
-4
-2
-1
0
-2
3
3
0
5
6
4
5
4
6
8
5
-1
-5
-2
-4
-3
-1
3
2
-2
-4
-3
-4
-1
-1
-5
-4
-6
-7
-6
-8
-10
-9
-11
-14
-12
-15
-15
-17
-17
-14
-16
-20
-20
-24
-21
-22
-25
-24
-29
-32
-29
-27
-26
-23
-25
-26
-27
-21
-23
-28
-24
-24
-21
-19
-19
-20
-19
-17
-20
-16
-20
-25
-22
-21
-22
-24
-22
-21
-25
-22
-22
-21
-18
-22
-26
-26
-18
-26
-25
-23
-22
-22
-25
-24
-22
-18
-22
-24
-19
-21
-24
-19
-18
-20
-23
-24
-18
-14
-20
-16
-14
-18
-15
-13
-13
-10
-10
-12
-13
-10
-11
-13
-9
-10
-5
-1
-5
0
2
2
3
1
3
4
3
2
7
3
4
8
9
9
4
11
6
7
5
6
10
4
3
4
6
6
4
6
1
0
2
1
0
0
-4
-4
-2
-3
-2
-3
-1
0
5
4
4
8
7
5
8
11
5
4
5
7
6
5
0
1
4
1
2
-1
-1
-3
-4
-4
-2
-4
-3
-4
-9
-8
-9
-13
-14
-15
-11
-11
-13
-14
-13
-17
-13
-14
-19
-18
-19
-16
-17
-13
-17
-16
-17
-14
-14
-15
-15
-17
-16
-14
-13
-11
-10
-17
-15
-10
-13
-14
-18
-15
-11
-13
-14
-16
-18
-16
-17
-21
-17
-18
-20
-22
-21
-16
-22
-24
-29
-25
-22
-23
-23
-25
-30
-26
-24
-23
-22
-26
-23
-28
-26
-21
-24
-20
-18
-19
-21
-23
-16
-13
-13
-10
-13
-13
-14
-11
-9
-8
-8
-4
-4
-5
-5
-6
-5
-3
3
-1
-3
-1
3
6
2
4
4
5
2
-2
1
4
2
0
0
0
1
-1
0
2
7
2
7
1
2
0
0
3
2
2
3
1
-1
3
5
3
4
4
-2
3
0
-4
0
5
2
3
9
7
8
10
9
8
13
11
11
10
11
12
10
13
12
12
13
13
11
13
12
16
13
14
14
15
13
12
10
6
2
2
3
3
4
4
1
4
2
-1
6
9
9
6
7
6
6
8
7
11
6
4
4
3
9
9
5
4
5
8
7
7
6
8
7
4
4
5
3
1
-1
2
0
-4
-2
-3
-1
-8
-5
-5
-11
-13
-19
-16
-17
-18
-21
-17
-19
-21
-26
-25
-21
-24
-27
-26
-24
-23
-27
-29
-27
-27
-31
-29
-30
-29
-30
-32
-29
-31
-28
-32
-32
-29
-29
-28
-30
-27
-25
-21
-20
-20
-23
-20
-18
-17
-13
-15
-12
-15
-11
-4
1
3
0
0
-2
-2
3
-2
-7
-9
-5
-6
-4
-1
-2
-7
-7
-7
-6
-3
-2
-3
-6
-6
-1
3
0
3
4
2
12
12
12
11
11
18
19
26
31
31
33
35
41
40
44
46
46
47
47
49
50
51
50
54
54
50
50
54
52
47
45
47
48
43
46
43
38
35
33
36
36
33
23
24
20
19
16
13
17
14
9
8
11
3
1
-4
-2
-5
-12
-9
-17
-20
-22
-24
-32
-32
-35
-40
-40
-42
-44
-47
-51
-52
-54
-59
-58
-58
-62
-63
-59
-58
-60
-60
-61
-63
-61
-64
-68
-64
-62
-58
-59
-57
-57
-57
-50
-49
-46
-43
-44
-40
-41
-36
-33
-29
-28
-28
-32
-41
-44
-49
-54
-55
-59
-62
-58
-53
-41
-34
-24
-11
4
14
22
32
39
49
60
73
75
73
72
78
82
81
77
77
69
68
70
68
61
53
52
49
48
47
46
44
44
47
47
46
41
39
36
40
38
34
25
19
16
16
15
11
6
5
5
7
6
5
3
-1
3
1
7
8
6
14
14
16
15
16
19
23
18
17
21
20
24
26
27
23
27
27
29
33
30
34
33
34
35
35
37
34
35
37
36
31
29
34
30
27
25
18
11
11
11
3
-1
-1
-6
-6
-2
-7
-12
-16
-17
-21
-25
-24
-32
-32
-31
-35
-35
-39
-35
-42
-44
-42
-46
-48
-52
-50
-54
-50
-53
-54
-53
-55
-53
-51
-50
-49
-49
-48
-54
-67
-70
-74
-80
-87
-90
-83
-69
-51
-36
-23
-18
-25
-11
14
37
58
60
59
58
57
68
75
77
66
65
68
64
67
61
48
40
36
42
46
41
38
36
40
43
41
34
28
34
35
35
34
24
16
17
18
20
16
13
12
13
15
6
-1
-3
-3
0
7
0
-9
-9
-17
-19
-9
-9
-10
-1
-1
-4
-8
-6
-3
1
1
3
10
7
9
13
15
12
8
19
22
25
28
31
32
29
36
41
38
37
37
39
40
37
37
37
32
27
32
31
25
25
19
15
16
10
9
3
1
4
-10
-15
-17
-20
-30
-35
-45
-49
-53
-55
-53
-59
-62
-69
-72
-66
-62
-60
-56
-58
-60
-57
-63
-60
-62
-72
-77
-85
-84
-91
-96
-86
-74
-51
-28
-12
-6
-13
-6
20
52
74
91
83
72
75
89
101
95
89
85
84
94
90
77
63
52
52
55
58
52
48
49
46
44
40
33
32
34
39
45
31
15
6
0
0
-5
-9
-11
-11
-15
-8
-16
-30
-37
-39
-27
-26
-30
-35
-43
-49
-37
-30
-31
-37
-27
-21
-21
-22
-16
-14
-17
-12
-7
-4
-9
-3
6
8
6
13
17
19
22
22
24
20
24
29
31
30
31
33
33
38
37
39
35
32
34
32
32
30
25
17
23
20
15
10
8
-1
-7
-14
-19
-23
-30
-27
-31
-35
-46
-54
-54
-63
-66
-70
-73
-72
-73
-77
-83
-79
-75
-64
-62
-68
-62
-65
-68
-61
-55
-62
-80
-86
-83
-86
-88
-90
-88
-83
-67
-43
-17
0
-3
-3
17
45
73
96
100
91
91
105
120
122
119
111
103
107
121
110
96
78
70
74
73
75
66
55
57
63
56
47
34
35
38
44
34
15
-1
-4
-2
-1
-7
-15
-27
-31
-25
-28
-40
-58
-62
-58
-45
-49
-57
-65
-76
-76
-58
-53
-59
-56
-51
-48
-50
-42
-35
-38
-39
-28
-24
-24
-21
-14
-8
-7
-9
-3
0
6
15
18
15
6
14
18
21
26
24
27
27
30
28
27
22
19
19
18
13
9
4
-2
-5
-13
-21
-30
-32
-36
-40
-41
-50
-53
-56
-58
-59
-64
-70
-74
-78
-84
-86
-89
-94
-96
-98
-94
-95
-91
-89
-91
-90
-88
-83
-77
-79
-78
-84
-96
-100
-100
-102
-106
-102
-87
-68
-36
-1
9
-1
-4
16
60
98
120
117
98
102
118
138
146
130
117
122
133
141
137
106
89
81
90
98
95
82
78
81
82
82
64
52
49
66
74
63
39
19
13
17
21
9
-5
-16
-12
-2
-12
-32
-49
-48
-38
-33
-35
-43
-57
-71
-61
-46
-46
-55
-48
-37
-31
-31
-33
-30
-36
-25
-7
-2
-8
-15
-6
-4
8
14
8
7
11
25
28
23
21
25
30
35
40
40
36
40
40
43
40
28
25
23
29
21
10
1
-8
-11
-16
-28
-34
-38
-49
-54
-60
-69
-77
-82
-80
-87
-98
-99
-107
-108
-112
-114
-114
-123
-124
-117
-123
-124
-120
-118
-108
-103
-103
-112
-109
-113
-113
-109
-121
-135
-146
-134
-122
-112
-74
-38
-16
-17
-27
-17
17
69
111
122
108
95
111
138
154
148
128
115
123
150
161
139
111
92
87
103
110
98
84
76
89
96
84
65
54
59
72
79
62
31
14
16
18
11
-2
-21
-30
-18
-3
-10
-42
-62
-53
-41
-37
-42
-52
-71
-75
-61
-52
-61
-74
-65
-54
-51
-46
-42
-44
-43
-30
-16
-14
-12
-2
12
19
15
17
21
25
38
47
45
35
37
51
49
43
40
37
41
53
55
46
40
36
33
21
13
9
0
-3
-5
-13
-26
-38
-43
-41
-48
-64
-75
-81
-87
-86
-88
-101
-114
-112
-107
-113
-122
-128
-133
-140
-141
-137
-144
-149
-143
-132
-131
-132
-131
-130
-129
-139
-143
-151
-165
-172
-172
-157
-145
-130
-96
-54
-38
-47
-50
-29
21
76
114
105
88
86
104
128
139
136
114
99
123
148
142
120
90
75
77
94
93
83
69
67
83
84
65
43
41
47
63
68
47
18
8
17
17
7
-15
-25
-23
-11
4
-16
-52
-62
-45
-30
-40
-44
-53
-68
-68
-45
-40
-57
-63
-52
-38
-35
-24
-21
-27
-26
-9
5
2
0
13
23
30
34
33
32
27
40
48
47
43
44
48
44
47
47
45
45
54
57
58
48
42
42
33
30
24
20
11
-2
0
-17
-30
-30
-36
-47
-58
-71
-82
-86
-85
-90
-112
-120
-121
-123
-127
-131
-128
-133
-141
-132
-133
-143
-143
-138
-132
-129
-131
-142
-156
-170
-170
-180
-202
-215
-200
-171
-139
-91
-47
-51
-79
-71
-26
35
86
109
105
90
92
121
144
143
123
108
120
146
161
149
116
90
87
93
95
91
81
82
90
96
92
69
46
43
61
70
54
30
8
11
23
16
-9
-31
-47
-39
-17
-18
-45
-68
-70
-56
-54
-67
-76
-91
-100
-87
-71
-72
-89
-86
-67
-64
-59
-53
-49
-47
-31
0
4
-3
1
17
31
39
40
45
48
50
58
60
58
53
62
75
81
72
62
65
70
78
79
74
66
59
61
69
64
54
39
34
31
27
14
-1
-11
-18
-24
-35
-49
-61
-66
-64
-75
-89
-94
-97
-100
-106
-113
-121
-127
-130
-128
-129
-138
-144
-140
-136
-143
-157
-174
-186
-200
-254
-306
-326
-230
-108
-65
-80
-131
-135
-70
15
64
98
140
199
238
251
220
136
104
159
213
189
124
111
133
124
94
47
-10
-15
36
106
124
93
57
50
73
82
81
73
84
107
120
100
52
2
-28
-24
-6
-11
-36
-46
-49
-76
-118
-126
-109
-117
-123
-91
-55
-81
-124
-107
-72
-76
-78
-53
-24
-15
4
41
25
-10
7
65
82
81
80
76
63
58
63
34
14
35
57
38
21
32
50
52
66
75
54
50
85
121
111
79
71
66
48
49
40
4
-34
-35
-26
-53
-85
-92
-94
-117
-124
-115
-120
-123
-112
-94
-111
-125
-112
-109
-119
-121
-110
-123
-145
-147
-145
-144
-153
-144
-156
-210
-246
-245
-229
-233
-206
-96
64
179
166
75
62
160
254
256
239
270
305
287
218
118
4
-62
-22
68
88
12
-49
-25
37
45
0
-5
57
145
218
241
224
154
84
84
121
135
102
63
35
-1
-39
-98
-176
-234
-214
-124
-64
-74
-98
-90
-87
-99
-77
-21
12
10
19
52
35
-36
-86
-73
-37
-30
-31
-38
-48
-68
-70
-46
-26
-37
-38
7
67
118
141
151
150
146
145
134
126
119
112
125
137
113
47
-15
-21
-8
-6
-4
5
7
15
27
33
17
1
13
28
32
23
-5
-34
-64
-88
-107
-131
-154
-168
-165
-160
-156
-171
-178
-162
-147
-137
-136
-131
-99
-72
-80
-106
-131
-132
-138
-142
-137
-136
-150
-179
-218
-255
-269
-270
-252
-197
-49
177
314
260
131
133
250
290
232
227
325
392
309
169
55
-46
-121
-118
-24
44
15
-45
-17
69
98
49
29
105
211
297
335
314
219
119
82
98
86
46
10
-5
-32
-75
-140
-226
-274
-242
-136
-55
-38
-12
21
22
-9
8
73
89
46
44
105
114
14
-100
-119
-67
-66
-116
-130
-97
-71
-63
-57
-27
-5
1
40
102
142
171
203
235
237
201
162
140
113
68
63
97
96
57
-3
-36
-42
-45
-29
-2
28
59
84
82
63
51
36
23
20
30
15
-20
-53
-96
-135
-171
-205
-227
-214
-187
-166
-159
-153
-130
-109
-120
-130
-104
-58
-30
-46
-75
-98
-121
-155
-183
-180
-188
-204
-210
-223
-260
-281
-296
-296
-237
-50
223
375
300
182
213
315
280
153
154
308
390
284
126
24
-67
-211
-248
-117
10
-21
-87
10
170
185
60
18
128
256
323
351
362
290
150
43
26
11
-48
-95
-96
-72
-82
-149
-253
-304
-248
-137
-60
-24
50
121
123
67
73
128
94
19
29
128
140
-8
-141
-115
-58
-109
-194
-175
-82
-53
-83
-63
8
52
54
109
255
311
259
247
288
302
254
177
144
146
108
39
11
-8
-37
-50
-48
-37
-39
-35
22
96
134
130
122
113
124
125
85
39
10
-6
-32
-70
-134
-180
-209
-249
-271
-239
-189
-170
-150
-130
-86
-59
-78
-99
-56
-1
-5
-47
-84
-103
-125
-160
-194
-194
-207
-235
-227
-213
-228
-277
-305
-286
-194
-19
206
367
345
245
248
304
251
123
103
233
322
250
97
-18
-103
-219
-271
-176
-53
-28
-29
75
221
250
147
79
135
244
328
363
362
300
186
87
15
-54
-125
-156
-135
-107
-91
-111
-174
-244
-232
-126
-35
11
73
165
210
172
133
130
95
2
-34
23
49
-45
-146
-142
-105
-158
-261
-259
-162
-100
-84
-52
28
87
97
143
229
280
263
253
278
280
239
181
145
119
56
0
-7
9
-9
-22
-3
22
24
24
80
158
190
189
190
187
177
152
117
67
31
-6
-31
-65
-115
-167
-213
-249
-273
-246
-196
-164
-131
-91
-58
-49
-65
-77
-59
-31
-45
-71
-98
-122
-151
-196
-240
-252
-257
-263
-251
-243
-257
-290
-307
-294
-243
-97
161
380
396
286
265
315
274
130
55
157
293
270
148
54
-24
-151
-259
-221
-85
-20
-28
65
265
366
277
146
139
218
286
316
331
316
225
122
43
-50
-151
-215
-226
-195
-148
-129
-155
-201
-206
-136
-63
-33
11
104
178
169
141
135
108
4
-86
-74
-51
-106
-194
-179
-106
-128
-231
-261
-184
-112
-107
-75
21
114
143
176
257
304
280
240
267
295
253
184
148
131
74
-4
-30
-26
-26
-29
0
28
25
23
74
147
181
169
166
185
188
165
114
63
0
-51
-81
-109
-154
-204
-232
-251
-275
-281
-236
-189
-158
-113
-57
-21
-23
-56
-59
-33
-29
-78
-114
-124
-136
-166
-223
-250
-267
-262
-257
-257
-258
-271
-275
-264
-200
-32
229
431
414
314
323
392
332
133
44
160
288
242
108
37
-22
-146
-264
-228
-109
-64
-48
89
324
433
341
208
191
246
272
277
301
294
215
126
57
-35
-168
-276
-299
-253
-196
-165
-165
-166
-139
-77
-16
7
36
104
159
178
192
199
143
10
-88
-87
-94
-189
-268
-223
-122
-131
-230
-256
-176
-131
-140
-104
16
115
135
194
318
375
307
216
206
232
181
103
100
124
89
12
-25
-27
-40
-61
-41
36
80
89
133
197
236
211
164
155
154
139
105
65
23
-30
-75
-133
-186
-218
-237
-258
-269
-240
-201
-169
-165
-147
-78
-27
-38
-58
-56
-38
-55
-107
-145
-152
-160
-194
-227
-245
-264
-282
-287
-273
-276
-284
-291
-281
-228
-76
195
413
409
295
289
366
318
128
29
141
279
248
126
59
30
-92
-224
-219
-93
-27
-37
76
307
460
395
249
198
240
265
256
268
273
219
139
70
-4
-116
-232
-293
-273
-208
-150
-123
-132
-119
-57
7
25
32
92
143
145
159
194
167
28
-102
-106
-85
-168
-267
-239
-135
-112
-186
-212
-138
-99
-125
-100
7
101
98
105
232
368
364
297
279
283
235
137
79
78
59
10
3
33
22
-35
-66
-30
8
31
86
167
228
234
220
214
190
139
91
45
6
-31
-79
-128
-181
-232
-254
-286
-314
-301
-240
-181
-147
-117
-66
-14
-9
-45
-61
-35
-45
-93
-144
-165
-162
-209
-263
-298
-306
-340
-384
-368
-343
-326
-312
-234
-11
270
415
360
279
334
401
339
163
77
182
282
216
62
-21
-56
-143
-241
-241
-151
-92
-68
75
302
432
354
241
233
283
291
258
274
272
203
106
50
-1
-128
-276
-331
-263
-184
-189
-203
-185
-107
-34
-5
18
70
122
128
139
190
213
137
-10
-98
-80
-71
-169
-284
-262
-162
-131
-193
-234
-192
-123
-94
-72
8
92
120
166
267
342
325
277
260
275
262
165
85
65
52
18
-17
-30
-30
-24
-16
0
21
40
82
154
216
237
218
192
181
161
113
54
1
-47
-86
-121
-160
-181
-214
-246
-262
-242
-200
-175
-154
-114
-48
12
7
-22
-33
-33
-60
-117
-162
-183
-191
-221
-256
-281
-297
-325
-340
-325
-286
-262
-257
-226
-134
78
317
436
377
291
307
353
291
119
28
120
217
169
46
-30
-58
-135
-202
-172
-78
-38
-20
126
347
456
379
255
207
243
261
247
236
199
142
79
27
-50
-161
-273
-307
-264
-195
-135
-127
-132
-99
-29
25
33
42
77
113
140
165
174
102
-50
-141
-124
-106
-187
-270
-228
-138
-121
-191
-215
-157
-103
-90
-70
22
106
128
125
171
266
328
313
288
275
235
178
126
65
-2
-28
-7
29
31
-11
-32
-16
-2
10
52
127
178
195
204
228
226
160
74
19
6
-6
-54
-110
-138
-160
-211
-269
-296
-275
-232
-194
-143
-77
-23
-11
-38
-55
-47
-43
-69
-109
-136
-140
-158
-200
-237
-266
-296
-338
-362
-347
-315
-301
-289
-189
54
309
399
312
234
307
380
307
133
76
187
287
229
61
-44
-92
-152
-213
-194
-102
-56
-27
96
296
408
336
212
180
251
301
309
284
224
152
80
41
-27
-150
-265
-291
-220
-146
-141
-182
-190
-129
-52
1
32
67
100
107
130
184
214
125
-46
-139
-105
-79
-161
-263
-244
-151
-131
-201
-245
-211
-166
-132
-74
14
85
117
144
212
271
273
270
273
275
261
205
151
96
27
-32
-35
-18
-23
-25
-11
7
9
16
55
115
162
175
187
209
214
188
129
62
8
-33
-77
-105
-126
-150
-197
-257
-292
-281
-236
-210
-173
-109
-24
28
4
-36
-43
-52
-78
-118
-135
-137
-145
-174
-228
-260
-289
-344
-405
-394
-330
-304
-304
-243
-9
298
421
307
187
245
358
335
185
108
202
287
220
71
-31
-94
-188
-250
-179
-50
-7
-33
41
248
396
348
221
189
259
332
364
359
299
185
75
34
-3
-94
-221
-276
-225
-142
-117
-153
-190
-196
-131
-40
45
98
110
97
101
163
202
131
-29
-143
-118
-61
-119
-237
-261
-196
-171
-221
-262
-222
-156
-116
-65
45
154
189
179
199
246
255
216
170
150
140
132
110
59
-22
-96
-95
-52
-26
-37
-15
58
114
123
119
136
157
152
132
118
108
92
47
-6
-53
-93
-125
-164
-180
-159
-149
-187
-228
-221
-173
-138
-120
-92
-28
20
0
-48
-81
-105
-157
-215
-246
-234
-216
-240
-259
-259
-256
-291
-346
-359
-318
-269
-259
-231
-84
197
405
358
176
124
237
294
193
64
102
234
242
95
-41
-88
-141
-218
-205
-66
52
45
16
129
305
349
248
160
188
287
360
368
313
194
63
-13
-30
-58
-130
-198
-198
-141
-85
-92
-160
-202
-172
-66
53
137
168
140
94
103
166
160
29
-112
-125
-38
-23
-131
-220
-207
-169
-197
-234
-204
-128
-57
-24
40
142
203
195
175
200
241
244
216
175
138
112
97
71
1
-69
-81
-36
2
0
6
45
90
101
105
147
184
180
139
111
114
107
47
-24
-64
-69
-87
-134
-160
-152
-129
-162
-219
-211
-157
-104
-90
-71
-13
26
6
-65
-103
-104
-125
-183
-239
-241
-213
-202
-225
-255
-269
-287
-316
-322
-285
-257
-260
-236
-96
172
377
340
133
49
168
299
260
119
105
193
225
105
-48
-118
-169
-228
-204
-52
84
54
-43
5
179
290
245
160
159
246
346
387
340
188
10
-64
-39
-6
-56
-153
-211
-197
-152
-126
-167
-240
-248
-150
10
150
191
124
43
45
136
195
105
-55
-118
-51
-3
-72
-179
-216
-210
-216
-224
-180
-125
-127
-151
-101
26
160
234
223
227
269
297
274
235
188
132
141
176
143
39
-60
-92
-67
-48
-41
-8
25
55
99
155
217
219
156
108
127
168
161
104
30
-18
-41
-85
-140
-173
-193
-216
-229
-207
-161
-126
-129
-120
-57
16
25
-13
-46
-40
-33
-77
-155
-200
-196
-199
-211
-229
-241
-278
-339
-365
-333
-292
-281
-196
55
343
413
203
25
115
315
371
264
207
261
291
173
-1
-85
-122
-188
-212
-87
82
109
-23
-92
30
200
252
218
226
292
348
374
369
289
128
-19
-21
75
104
-2
-158
-228
-214
-174
-179
-222
-233
-191
-97
30
135
119
11
-52
42
206
230
94
-52
-69
-26
-46
-116
-163
-188
-219
-225
-163
-110
-125
-168
-141
-26
85
144
145
148
171
211
238
237
191
125
94
123
150
110
30
-20
-16
11
37
41
35
40
73
122
147
151
141
118
97
94
107
98
48
-6
-17
-9
-24
-67
-99
-117
-140
-155
-136
-97
-80
-93
-71
-14
13
-20
-71
-86
-73
-72
-113
-145
-150
-158
-168
-169
-164
-177
-211
-239
-236
-201
-176
-199
-219
-195
-79
140
323
312
111
-18
89
292
356
272
200
202
199
126
50
-2
-45
-95
-67
74
157
66
-78
-73
93
247
279
237
204
209
233
264
277
226
105
12
22
98
106
-17
-172
-230
-160
-76
-74
-155
-200
-159
-75
23
89
94
27
-25
35
132
125
12
-81
-71
-21
-21
-44
-67
-133
-220
-216
-96
0
-33
-101
-86
24
125
126
67
41
79
142
197
215
176
103
70
89
95
56
25
29
42
62
88
101
74
20
13
89
163
134
36
-13
21
65
62
24
-13
-39
-47
-40
-35
-52
-104
-162
-161
-100
-39
-43
-89
-115
-87
-45
-46
-96
-128
-116
-98
-99
-140
-175
-197
-192
-171
-142
-118
-145
-175
-180
-159
-150
-164
-197
-224
-201
-74
155
318
236
-11
-105
85
345
396
273
173
172
173
132
90
67
35
-17
17
128
149
16
-118
-71
119
261
255
171
106
91
137
221
268
223
99
8
33
123
137
22
-124
-169
-93
-21
-52
-150
-193
-150
-71
13
69
38
-70
-114
-27
102
98
-12
-77
-67
-41
-41
-30
-41
-117
-200
-143
16
82
-24
-141
-107
27
118
96
39
18
44
98
146
170
133
67
51
84
93
57
38
53
79
104
119
113
69
25
46
106
126
70
-8
-40
-15
26
31
-8
-51
-57
-42
-35
-66
-97
-116
-122
-105
-65
-34
-58
-116
-148
-111
-54
-59
-125
-180
-164
-118
-126
-181
-218
-209
-185
-176
-183
-184
-180
-176
-171
-175
-182
-203
-244
-266
-212
-14
226
272
30
-184
-59
270
436
324
160
124
155
154
142
171
176
75
-12
48
166
134
-31
-95
47
233
265
154
36
11
94
219
303
274
147
15
-3
92
187
175
50
-93
-130
-48
9
-42
-126
-129
-70
-5
16
-21
-109
-164
-78
81
132
18
-114
-140
-85
-18
28
45
-9
-122
-162
-79
21
6
-83
-108
-42
26
41
29
32
64
123
197
237
199
126
96
139
193
188
153
119
107
99
98
96
70
50
59
85
93
67
31
19
41
76
93
72
27
-7
-5
2
-11
-33
-68
-113
-138
-141
-113
-104
-136
-165
-153
-110
-98
-143
-180
-157
-99
-89
-130
-173
-185
-166
-166
-173
-178
-190
-196
-186
-176
-193
-245
-300
-312
-262
-133
65
190
74
-170
-198
109
425
436
229
91
102
151
195
243
261
158
1
-22
100
174
75
-60
-30
112
175
94
-16
-44
40
184
273
233
92
-30
-42
65
203
244
127
-76
-186
-113
26
50
-47
-137
-138
-103
-83
-75
-97
-144
-132
-16
59
-22
-174
-203
-97
11
37
16
-43
-127
-173
-94
81
158
62
-79
-91
-1
88
121
91
42
41
90
140
122
65
55
108
154
132
98
95
126
156
165
168
147
92
58
95
141
142
97
35
12
23
52
61
29
-4
-16
-14
-22
-38
-44
-55
-77
-97
-101
-79
-81
-111
-134
-108
-78
-104
-161
-168
-114
-76
-101
-154
-180
-154
-129
-132
-150
-172
-176
-166
-147
-120
-126
-162
-222
-260
-254
-223
-169
-53
101
148
-21
-221
-116
252
481
369
127
52
129
224
297
333
284
134
9
26
133
148
48
-7
46
87
43
11
42
55
53
124
198
135
-28
-81
64
228
225
72
-72
-114
-56
38
76
8
-117
-182
-151
-90
-44
-34
-94
-188
-187
-72
4
-89
-204
-164
-34
12
-56
-128
-131
-92
-40
34
94
60
-59
-104
-3
130
160
90
14
-13
32
116
162
129
48
19
67
136
145
112
95
102
111
114
126
119
89
84
122
139
103
43
24
54
98
116
75
-9
-65
-42
11
32
-7
-74
-108
-102
-84
-78
-78
-100
-147
-173
-137
-95
-102
-139
-144
-108
-93
-122
-155
-146
-123
-122
-125
-112
-112
-144
-183
-178
-141
-147
-192
-244
-237
-199
-173
-165
-136
-28
92
48
-129
-136
163
465
430
162
36
148
277
313
311
316
210
15
-50
97
253
192
26
-21
40
57
16
35
83
84
53
58
73
34
-1
39
127
135
47
-42
-49
9
55
58
5
-85
-144
-131
-91
-48
-33
-86
-205
-251
-145
-16
-39
-165
-215
-147
-78
-83
-91
-66
-33
-40
-50
-9
22
1
-22
33
106
110
59
19
29
70
118
146
129
68
17
52
135
163
108
48
47
87
110
96
88
86
105
123
124
110
82
70
72
80
78
47
9
-8
12
33
-2
-58
-95
-102
-97
-100
-107
-106
-125
-162
-182
-153
-102
-98
-142
-166
-143
-113
-111
-129
-122
-90
-92
-123
-138
-122
-110
-131
-131
-109
-106
-137
-177
-198
-194
-186
-181
-175
-131
-1
105
33
-126
-72
225
439
326
94
65
234
365
371
324
271
152
42
92
249
297
142
-10
1
72
71
41
68
92
53
21
41
68
41
24
84
138
99
12
-19
31
87
90
31
-70
-127
-108
-46
-11
-25
-70
-143
-213
-186
-53
4
-95
-212
-177
-60
-32
-79
-86
-46
-43
-76
-59
24
81
45
-1
27
69
58
45
88
129
119
87
98
110
91
87
131
155
101
19
28
109
158
137
93
94
110
100
94
107
114
86
50
55
92
110
79
28
10
19
6
-35
-71
-69
-66
-97
-145
-162
-139
-128
-161
-197
-177
-130
-136
-175
-172
-111
-74
-108
-144
-133
-94
-88
-123
-129
-96
-80
-90
-110
-118
-138
-160
-139
-92
-79
-116
-145
-149
-138
-116
-87
-17
77
81
-28
-64
140
396
391
184
94
210
343
355
310
282
231
123
82
177
267
177
5
-13
97
108
-5
-29
68
108
16
-53
6
87
80
45
67
91
38
-53
-52
43
106
41
-72
-130
-104
-49
-32
-54
-71
-95
-125
-123
-61
-5
-53
-132
-131
-61
-37
-55
-44
-9
-19
-72
-69
9
87
83
15
-10
41
97
116
136
146
122
78
84
137
157
133
100
83
85
100
106
102
90
73
63
67
88
107
119
111
102
90
88
83
69
62
58
45
1
-35
-46
-41
-45
-66
-108
-148
-164
-149
-133
-130
-140
-177
-191
-160
-115
-109
-137
-141
-122
-114
-123
-111
-84
-75
-104
-135
-137
-109
-90
-85
-72
-76
-105
-122
-88
-52
-55
-91
-109
-101
-97
-107
-120
-101
-25
78
96
-9
-84
65
326
380
188
40
130
289
321
261
230
214
137
74
123
214
188
53
-12
35
75
31
4
44
61
4
-56
-42
7
24
40
63
49
-18
-59
-24
40
61
23
-36
-78
-67
-35
-17
-34
-44
-39
-70
-110
-89
2
18
-82
-139
-53
46
22
-49
-37
51
62
7
2
63
102
56
10
35
88
100
102
125
126
76
53
109
167
148
96
83
95
103
110
130
137
110
61
55
95
126
108
56
30
32
39
24
13
18
20
-11
-45
-42
-19
-22
-55
-90
-97
-91
-117
-138
-127
-99
-107
-144
-166
-146
-108
-104
-132
-159
-153
-137
-118
-98
-83
-87
-99
-97
-88
-74
-58
-44
-44
-75
-93
-76
-50
-36
-59
-75
-56
-46
-73
-94
-90
-80
-90
-95
-38
53
74
-16
-73
69
280
285
103
33
163
277
242
153
134
151
120
72
80
109
78
-16
-35
24
47
-16
-66
-7
35
-18
-83
-63
17
58
27
-13
-23
-15
4
-2
-4
6
5
-19
-53
-54
-21
10
4
-16
-35
-59
-65
-9
62
36
-55
-81
-16
15
-29
-42
5
30
-16
-54
-20
33
35
-2
-23
4
51
71
74
87
91
80
70
86
113
115
113
100
59
34
54
88
78
16
-19
-2
18
28
22
14
3
-11
-15
-3
21
32
13
-15
-23
-18
-20
-32
-44
-45
-55
-91
-118
-114
-93
-77
-110
-151
-155
-120
-76
-85
-121
-121
-85
-66
-78
-82
-67
-58
-73
-79
-60
-41
-47
-78
-85
-73
-61
-71
-72
-61
-50
-39
-40
-42
-57
-49
-35
-48
-69
-72
-69
-78
-96
-84
-17
41
4
-98
-78
118
244
133
-29
16
187
240
156
99
114
117
80
71
108
129
88
19
7
30
6
-34
-8
47
27
-39
-48
3
34
30
32
37
25
21
38
48
47
54
56
28
-19
-28
9
37
39
18
-8
-47
-58
0
41
-13
-91
-86
-1
27
-19
-24
10
10
-30
-29
21
39
23
23
38
17
-19
7
71
91
40
-13
1
47
64
44
26
30
22
2
3
31
46
29
2
3
15
12
19
34
22
-9
-24
-14
3
17
7
-29
-44
-14
9
-22
-53
-39
-18
-42
-75
-75
-51
-45
-70
-90
-92
-75
-70
-78
-76
-72
-81
-89
-94
-77
-64
-69
-78
-79
-81
-93
-83
-58
-43
-56
-85
-81
-68
-56
-54
-54
-63
-77
-90
-78
-54
-55
-70
-91
-107
-115
-112
-104
-102
-105
-81
-27
1
-37
-59
18
135
134
29
4
108
185
150
105
116
135
103
85
101
99
79
80
90
65
17
4
50
96
65
-8
-25
36
78
52
20
29
48
33
2
-13
-11
13
41
27
-33
-66
-29
17
7
-24
-27
-22
-29
-28
-1
-3
-40
-61
-38
-24
-49
-72
-57
-40
-56
-72
-59
-44
-52
-47
-20
-8
-40
-59
-28
25
29
5
0
4
15
22
30
35
33
21
9
16
32
40
31
33
36
20
12
23
48
42
26
22
19
9
11
31
40
15
-14
-17
-4
7
2
-17
-36
-37
-22
-28
-54
-61
-47
-32
-32
-46
-62
-67
-56
-51
-63
-87
-87
-78
-79
-91
-89
-91
-108
-111
-97
-93
-111
-121
-107
-88
-87
-101
-106
-76
-54
-63
-80
-82
-49
-21
-28
-59
-61
-42
-38
-57
-69
-57
-49
-57
-64
-41
-6
8
5
5
21
36
61
91
111
112
93
91
121
145
138
115
103
92
85
87
104
103
81
66
59
49
35
49
69
57
32
20
21
18
18
23
23
17
1
-14
-14
-8
-3
-13
-22
-20
-12
-20
-29
-28
-18
-15
-39
-54
-55
-43
-45
-59
-71
-70
-60
-53
-58
-69
-70
-54
-49
-57
-57
-41
-19
-25
-26
-19
-1
17
24
24
20
20
24
39
51
50
39
29
36
45
41
31
40
53
26
-5
1
22
18
0
-8
-8
-10
-20
-25
-18
-11
-25
-49
-47
-33
-31
-47
-49
-46
-50
-75
-91
-71
-59
-80
-104
-111
-101
-105
-120
-124
-111
-108
-119
-123
-110
-97
-104
-106
-102
-80
-72
-71
-68
-55
-40
-38
-42
-36
-25
-22
-24
-29
-31
-26
-17
-14
-11
-21
-28
-37
-40
-36
-39
-53
-67
-68
-57
-44
-38
-27
-7
-4
-6
0
25
63
59
45
36
44
54
62
59
51
55
49
41
37
35
27
22
15
15
-5
-9
-6
-1
2
7
1
-7
-7
4
17
9
-9
-14
-6
-3
-1
-2
0
-7
-20
-17
0
-1
-13
-18
-8
-5
-26
-51
-43
-21
-4
-15
-34
-31
-25
-20
-21
-21
-19
-26
-28
-27
-33
-39
-21
-2
-11
-31
-35
-15
2
2
6
0
-9
-14
-1
13
4
-5
5
21
11
-4
-5
14
22
8
-4
0
7
-2
-16
-14
-4
-7
-19
-28
-20
-12
-16
-21
-26
-30
-43
-46
-43
-41
-33
-28
-36
-44
-45
-44
-36
-37
-53
-61
-55
-58
-69
-69
-61
-55
-58
-66
-68
-63
-57
-54
-58
-56
-55
-59
-58
-48
-45
-45
-45
-44
-46
-36
-36
-46
-61
-69
-53
-47
-64
-90
-106
-102
-98
-99
-110
-121
-115
-100
-87
-74
-58
-41
-28
-16
-5
8
30
45
54
49
57
66
66
60
64
72
59
45
48
54
53
39
32
39
39
27
24
30
34
32
28
36
45
44
37
35
26
22
24
24
27
22
22
11
-3
-10
-8
0
-9
-27
-32
-27
-38
-52
-55
-47
-46
-54
-61
-66
-63
-64
-64
-52
-44
-56
-62
-52
-35
-33
-41
-38
-28
-20
-28
-33
-24
-26
-34
-37
-18
-5
-5
-16
-20
6
23
18
10
17
30
31
29
37
49
43
32
32
42
45
35
25
24
32
29
16
17
14
4
5
4
1
-2
-10
-12
-17
-25
-31
-32
-33
-47
-51
-46
-48
-61
-73
-63
-61
-79
-88
-92
-87
-85
-90
-92
-96
-98
-96
-93
-98
-90
-88
-89
-94
-95
-84
-73
-71
-81
-83
-81
-68
-58
-54
-49
-47
-49
-41
-28
-28
-42
-52
-52
-43
-29
-26
-33
-33
-29
-19
-5
15
30
38
45
52
56
54
58
64
70
70
75
74
70
56
54
66
66
54
37
39
48
43
35
35
30
33
26
28
33
26
21
22
24
18
13
-2
-12
-10
-8
-13
-19
-27
-29
-29
-34
-47
-48
-38
-40
-43
-53
-53
-50
-47
-36
-36
-45
-49
-35
-19
-2
-6
-6
-3
2
5
11
14
20
32
28
25
28
34
42
47
47
37
28
33
38
42
41
36
35
34
34
35
37
32
30
31
30
31
17
13
13
8
5
-3
-6
-3
-13
-25
-26
-24
-24
-30
-35
-44
-53
-60
-54
-56
-67
-77
-81
-79
-89
-93
-87
-87
-98
-105
-100
-89
-90
-94
-94
-85
-86
-82
-78
-71
-63
-60
-56
-56
-54
-59
-55
-44
-33
-35
-31
-27
-25
-25
-27
-19
-13
-14
-25
-22
-18
-22
-34
-39
-35
-38
-40
-43
-42
-33
-33
-33
-34
-28
-11
2
10
8
8
13
24
28
38
43
45
38
23
32
50
58
47
23
16
21
25
24
24
18
8
0
1
10
11
8
11
16
12
0
3
19
22
11
0
1
-3
-4
4
14
12
3
-1
1
9
8
12
12
20
19
8
9
14
24
26
17
11
14
20
20
17
13
14
22
23
22
13
14
21
22
21
20
21
20
17
13
15
16
14
14
13
15
13
4
3
12
12
5
-6
-6
4
3
-5
-12
-8
-3
-13
-16
-10
-3
-2
-8
-6
-4
-4
-4
-6
-6
-16
-14
-12
-16
-22
-21
-15
-19
-32
-36
-28
-24
-34
-42
-40
-36
-40
-45
-48
-36
-36
-40
-41
-50
-49
-48
-51
-59
-59
-62
-56
-55
-57
-57
-56
-54
-61
-55
-52
-52
-53
-49
-47
-44
-49
-51
-50
-46
-40
-44
-59
-63
-52
-42
-41
-47
-46
-34
-26
-16
-6
11
22
28
30
36
50
62
66
65
65
63
66
70
76
77
69
66
65
66
64
62
63
69
62
51
61
60
65
66
61
57
53
46
43
42
34
27
24
21
17
5
1
12
15
0
-4
2
8
0
-8
-14
-10
-2
-8
-6
-7
-15
-19
-14
-14
-16
-22
-17
-7
-15
-11
-6
4
13
18
17
21
28
35
39
46
46
40
35
33
36
36
36
38
32
31
32
21
18
25
26
30
23
23
27
31
29
26
33
30
25
31
35
32
27
20
20
12
11
10
5
-4
-13
-17
-20
-18
-27
-36
-33
-34
-36
-38
-45
-44
-43
-43
-43
-45
-47
-51
-48
-43
-39
-48
-53
-46
-44
-41
-41
-41
-36
-32
-27
-24
-22
-20
-13
-14
-11
-8
-4
-3
-6
-8
-6
-6
-5
-3
0
3
-3
-2
2
6
12
13
4
3
9
15
14
14
14
21
23
29
29
28
30
28
36
32
37
42
39
41
43
47
46
38
35
39
48
47
40
35
32
38
42
32
25
29
33
37
34
30
32
34
38
37
37
38
39
39
37
38
36
33
33
31
28
20
16
18
22
19
17
22
23
27
31
32
24
27
30
37
43
33
33
40
40
43
39
40
37
38
35
34
38
35
32
22
21
24
14
10
10
11
14
7
1
3
4
4
-4
-6
-3
2
-2
-8
-8
-4
-2
-1
-4
-3
-1
-2
-3
-5
-2
-4
-5
-2
2
2
0
-5
-2
1
5
2
-5
-5
-3
0
-6
-11
-10
-9
-8
-12
-12
-6
-11
-13
-15
-10
-6
-9
-12
-20
-14
-10
-7
-6
-14
-16
-14
-13
-12
-17
-22
-19
-18
-14
-19
-16
-8
-7
-12
-15
-19
-22
-20
-24
-23
-31
-37
-40
-36
-39
-41
-34
-26
-26
-27
-29
-20
-3
-5
-8
-3
3
11
14
20
29
35
28
31
43
52
46
46
50
53
51
47
52
52
47
46
47
54
55
51
50
55
58
50
53
50
47
46
52
55
43
33
32
34
41
36
29
25
20
20
19
24
21
24
23
16
23
21
17
14
10
12
4
2
6
8
5
-1
-6
0
-2
-6
-7
-3
-2
-9
-11
-4
-2
-1
-4
-3
0
-1
0
4
11
11
12
16
18
17
17
16
20
16
19
17
27
26
19
19
24
24
22
21
17
18
13
11
10
16
16
10
2
2
3
4
0
-5
-7
-10
-12
-17
-21
-20
-28
-27
-24
-28
-28
-31
-29
-28
-28
-25
-25
-20
-14
-14
-16
-19
-20
-21
-17
-19
-22
-22
-24
-20
-17
-17
-15
-13
-16
-17
-14
-10
-11
-16
-15
-11
-4
-9
-21
-21
-11
1
5
3
3
3
6
12
14
17
18
23
25
27
27
28
33
40
37
41
44
47
45
41
45
48
49
45
42
46
50
48
45
47
46
43
42
40
45
45
38
37
35
35
35
34
34
34
36
31
27
31
28
27
23
24
24
24
21
17
17
17
16
17
16
16
11
10
16
12
12
12
17
18
18
17
20
25
27
31
30
28
29
26
30
27
23
22
21
21
23
18
12
9
1
0
-1
-4
-7
-10
-6
-10
-14
-15
-19
-15
-12
-16
-10
-10
-14
-17
-14
-11
-9
-11
-17
-14
-18
-23
-27
-25
-23
-22
-28
-31
-24
-20
-26
-28
-28
-17
-23
-27
-26
-21
-22
-25
-22
-18
-19
-24
-22
-22
-10
-8
-17
-13
-9
-10
-9
-3
2
1
-9
-8
-7
-9
-4
-5
-8
-12
-9
-8
-12
-7
-6
-6
-10
-9
-3
-1
1
0
3
4
3
3
9
13
14
9
5
4
6
13
13
8
10
11
11
12
19
18
20
21
23
25
23
30
33
32
34
32
37
36
38
43
44
41
41
44
42
42
38
37
35
32
34
38
37
33
29
33
31
29
32
24
23
28
30
25
24
20
16
10
16
15
11
13
8
9
7
3
7
9
2
2
2
-2
-5
-4
-4
-10
-12
-12
-14
-13
-11
-12
-14
-16
-16
-15
-13
-14
-12
-9
-9
-10
-9
-11
-11
-7
-10
-6
-1
-2
-7
-8
-1
1
3
2
2
1
5
11
11
9
1
5
7
7
8
6
5
3
2
5
9
6
1
-4
0
-1
-5
0
4
-2
-4
-8
-8
-8
-12
-12
-16
-14
-9
-9
-18
-20
-16
-13
-14
-16
-10
-12
-15
-15
-13
-15
-19
-16
-17
-12
-10
-8
-14
-16
-15
-13
-9
-12
-10
-10
-8
-1
2
2
0
-3
1
0
4
5
3
2
4
1
3
5
5
4
0
0
1
0
3
0
5
4
6
5
3
7
8
1
-1
7
6
6
8
8
11
7
1
8
5
8
13
7
5
6
7
8
6
3
0
-1
0
1
-1
-3
-3
-6
-6
1
-3
-4
0
-2
-4
-4
-8
-5
-1
3
7
2
3
6
10
12
13
11
11
13
14
12
12
7
10
6
-2
-2
-2
2
-1
-3
-6
-3
0
-5
-7
-5
-1
-5
-5
-1
-8
-8
-5
-5
-7
-9
-9
-8
-7
-9
-9
-11
-9
-13
-9
-11
-10
-10
-12
-11
-13
-16
-16
-16
-15
-17
-19
-20
-16
-17
-17
-21
-24
-26
-29
-24
-21
-24
-21
-15
-16
-17
-16
-9
-6
-7
-5
-4
-1
1
1
0
1
-2
-5
-1
-3
-1
-4
-4
-3
-5
-4
-4
2
6
5
8
8
7
7
5
11
9
8
5
5
7
3
4
2
4
2
-1
-1
4
5
1
-1
-2
1
5
3
0
-2
4
1
-3
2
0
-6
-7
-6
-4
-6
-6
-10
-6
-3
-6
3
1
8
3
4
10
4
8
13
8
6
4
5
7
5
5
4
8
7
3
4
4
10
6
1
12
15
11
6
6
8
10
15
12
14
18
21
22
21
18
18
24
20
20
16
15
17
15
17
18
22
15
5
9
12
14
15
15
10
6
6
7
14
6
1
0
-4
-2
-7
-6
-7
-5
-5
-11
-11
-13
-12
-11
-14
-14
-12
-11
-12
-18
-13
-11
-9
-9
-15
-9
-9
-4
-4
-7
-4
-9
-8
-8
-7
-6
-10
-5
-2
-5
-4
-7
-5
-4
-2
-2
-6
-6
-4
-4
-4
-3
-6
-1
-2
3
0
7
9
4
6
5
10
10
10
12
10
7
5
5
5
4
0
-1
5
-1
-2
-4
-2
-1
1
0
-3
-2
-6
-5
-3
-8
-9
-11
-11
-7
-9
-11
-11
-12
-11
-7
-10
-6
-3
-4
0
-6
0
8
4
1
1
5
0
6
3
2
6
7
4
2
5
6
8
7
6
11
12
6
9
10
10
6
5
10
11
12
9
9
13
12
15
14
15
14
17
18
17
24
20
21
22
21
25
23
22
20
13
14
14
12
15
14
13
10
9
9
16
14
7
11
10
8
10
5
6
3
5
-2
-5
-3
1
2
-4
-6
-9
-6
-10
-4
-3
-3
-3
-7
-7
-9
-11
-10
-12
-8
-9
-12
-14
-10
-5
-5
-6
-5
-8
-9
-9
-11
-8
-6
-9
-14
-10
-8
-6
-4
-10
-10
-6
-9
-9
-9
-10
-7
0
-5
-5
-5
-6
-4
-3
-5
-7
-8
-9
-5
-7
-7
-12
-11
-13
-9
-9
-14
-13
-11
-6
-9
-12
-8
-6
-6
-5
-4
-3
-1
-3
-6
-2
-2
-7
-3
-6
-7
-4
-4
-3
-7
-8
-7
-5
-2
-2
-8
-4
-3
-7
-3
2
4
4
-1
1
4
-2
-1
-2
-1
-1
0
2
5
3
6
5
2
3
8
8
3
3
-2
-4
0
1
-1
4
4
4
2
4
6
3
5
4
2
7
5
1
3
2
-2
0
1
-2
-4
-2
-4
-2
3
5
6
8
8
5
0
7
11
6
4
6
8
2
4
5
4
2
1
5
6
4
4
6
7
3
0
1
4
1
1
6
0
-2
-1
-1
-3
-1
1
-3
0
0
-1
-2
-3
-1
2
1
-3
1
0
-4
-5
-5
-2
-4
-5
-6
-6
-6
-12
-7
-6
-7
-7
-9
-9
-8
-7
-4
-9
-10
-10
-12
-11
-14
-9
-4
-6
-6
-7
-2
-2
1
-2
1
3
4
2
1
3
6
7
6
4
10
4
9
11
11
14
10
9
6
7
7
5
5
3
4
0
3
7
3
1
-2
3
3
1
-3
-1
2
3
1
2
2
6
6
0
3
1
-4
-3
1
-2
-6
-5
-8
-10
-4
-2
-2
-1
3
2
-1
-2
-4
0
-4
-2
-4
-7
-5
-6
-3
-5
-9
-7
-10
-5
-3
1
0
-5
-4
-2
1
-2
-1
0
-1
-1
-4
2
6
6
7
2
4
5
0
0
1
0
5
4
4
2
-1
3
2
2
5
2
5
2
-5
2
2
0
-3
-4
-3
-3
-3
-3
-3
-5
-6
-8
-10
-8
-13
-14
-16
-21
-20
-14
-14
-19
-15
-19
-22
-20
-16
-13
-12
-9
-12
-11
-12
-9
-13
-8
-8
-9
-5
-11
-11
-6
-6
-5
-2
-3
-3
-3
-1
-3
-1
1
0
-3
2
1
-2
2
-2
4
4
1
1
4
4
6
9
4
6
4
3
1
4
5
3
5
1
-3
-2
-4
-9
-8
-12
-11
-13
-14
-11
-8
-8
-11
-14
-15
-14
-15
-14
-13
-16
-14
-18
-20
-17
-17
-14
-15
-16
-14
-15
-10
-10
-13
-11
-10
-10
-8
-6
-7
-6
-4
-8
-3
-2
-2
-4
-8
-7
-6
-4
-6
0
1
1
8
5
4
6
9
6
9
10
7
7
7
8
6
6
11
11
12
14
12
12
9
11
6
4
3
7
15
8
12
10
13
13
11
11
12
12
15
11
12
14
12
7
6
11
6
6
2
8
5
4
8
5
2
3
5
5
4
6
1
-3
1
-1
5
0
6
4
4
6
5
5
-1
0
3
2
-3
3
2
-3
-4
-4
-4
-1
-2
-5
-1
-4
-8
-3
-3
-1
-8
-5
-6
-7
-6
-7
-6
-7
-6
-1
-2
-2
1
-4
-3
1
1
2
0
2
-3
-1
-2
0
1
3
3
5
7
2
6
5
6
8
5
5
8
1
3
6
0
7
5
1
2
0
3
2
2
1
0
2
-2
-1
-2
-2
-5
-5
-4
-1
-3
-4
-2
-7
-1
-5
-3
-7
-7
-3
-11
-16
-17
-10
-7
-9
-10
-8
-4
-4
-3
1
1
0
-3
3
6
9
10
13
12
14
19
19
16
17
18
18
22
20
23
18
23
23
22
22
24
24
22
22
22
22
22
18
17
19
18
14
14
14
10
14
12
13
9
12
11
8
7
7
9
8
7
4
6
5
4
4
5
5
0
5
4
4
2
-1
0
-2
-4
0
0
4
1
3
7
2
7
8
14
8
9
11
11
10
10
10
10
14
14
16
13
17
16
14
14
13
13
17
18
15
12
16
21
16
19
17
18
19
16
13
15
15
12
12
14
13
9
10
8
7
7
7
9
8
3
-1
5
2
0
4
1
0
0
0
-4
-5
-4
-4
-4
-7
-13
-10
-3
-3
-3
-8
-8
-13
-14
-10
-11
-8
-2
-3
-2
-4
-4
-8
-5
-4
-5
0
-3
1
7
8
8
10
14
11
9
8
8
9
9
7
6
5
7
7
9
7
12
17
13
13
13
17
19
18
23
26
23
23
25
24
24
25
23
22
24
25
23
19
21
21
21
22
23
16
20
21
19
22
15
20
18
16
17
18
17
18
12
8
7
8
7
5
10
0
0
2
6
8
8
7
6
8
8
10
14
15
13
16
16
18
16
18
19
16
18
17
17
21
14
15
13
13
12
11
14
13
20
17
15
15
11
8
12
16
11
6
9
6
4
7
10
11
6
7
1
4
4
8
1
-2
6
1
5
0
-1
-2
-6
-7
-8
-2
-4
-6
-10
-6
-6
-5
-3
-4
-4
-3
-2
3
7
5
0
1
8
5
1
7
7
9
5
6
10
9
8
7
7
5
8
8
8
12
11
7
9
10
9
10
13
8
8
6
8
8
13
13
9
16
12
11
12
12
14
14
11
14
14
10
9
9
6
8
6
6
7
8
7
7
10
8
8
6
10
10
14
11
10
10
13
11
11
15
14
18
19
21
23
24
18
26
24
25
29
23
24
22
19
19
19
18
11
12
14
11
8
6
6
6
10
9
9
9
6
5
5
6
8
7
6
5
8
12
12
15
14
16
11
17
19
15
15
12
17
15
11
16
17
17
21
16
13
17
17
16
16
14
13
15
15
14
10
11
9
8
8
8
6
6
5
7
8
8
3
-1
0
1
1
-1
6
4
-8
-12
-3
1
-2
-9
-10
-20
-11
-4
-1
-10
-15
-9
-3
-6
-14
-13
-17
-11
-7
-10
-15
-14
-11
-10
-10
-9
-7
-10
-5
-4
-6
-6
-3
1
-6
-6
-7
-10
-9
-8
-6
-8
-7
-5
-5
-7
-12
-9
1
4
-4
1
3
2
1
4
5
3
1
3
4
5
3
-1
5
3
7
10
6
6
10
12
14
11
15
13
14
15
14
11
15
20
17
18
24
22
22
18
15
19
15
19
17
17
15
14
16
18
22
17
18
18
16
23
19
20
24
19
25
19
21
17
19
19
22
25
23
22
21
21
21
24
27
26
21
24
25
24
24
24
24
22
21
17
22
18
20
22
19
19
16
17
17
17
15
15
16
18
18
10
10
14
13
15
12
8
8
14
12
7
0
4
3
-3
-3
1
3
-1
-4
-3
-4
-6
-6
-15
-10
-10
-11
-15
-12
-8
-8
-12
-16
-13
-9
-7
-9
-7
-8
-8
-10
-6
-7
-9
-6
-8
-3
-2
-3
-6
-6
-4
-4
-2
-4
-6
-6
-4
-3
-3
-3
-1
-4
-5
-3
-6
-2
-2
-5
-5
0
3
1
1
-4
-1
-2
1
0
-2
-3
-1
3
-1
1
3
3
5
7
9
4
10
10
7
10
4
9
8
10
8
8
11
6
8
8
8
12
11
10
12
13
15
16
16
13
17
16
17
17
23
22
17
23
19
18
18
17
19
22
23
21
19
15
15
11
15
18
14
20
19
18
20
18
23
19
17
21
19
19
16
20
18
15
19
15
11
10
9
6
9
1
5
5
3
7
1
1
1
4
-1
1
3
2
0
-6
-7
-7
-7
-9
-10
-10
-10
-7
-9
-7
-8
-8
-9
-8
-7
-6
-8
-11
-11
-14
-13
-10
-14
-14
-13
-17
-19
-17
-18
-18
-23
-20
-18
-17
-20
-23
-15
-18
-15
-13
-17
-18
-17
-18
-16
-13
-14
-11
-16
-18
-14
-16
-14
-12
-14
-13
-10
-16
-16
-14
-13
-16
-13
-7
-10
-5
-6
-7
-6
-5
-5
-4
-1
1
0
2
4
10
13
11
8
9
9
11
10
9
13
14
17
16
20
25
20
19
19
19
21
23
23
21
22
26
24
18
21
24
25
22
21
21
21
22
19
22
20
19
20
20
18
19
21
22
22
24
27
28
24
26
27
29
27
25
24
21
23
25
28
31
26
26
24
24
27
27
28
27
24
17
20
21
20
18
18
