-2
-4
-3
-6
-4
-5
-9
-7
-8
-9
-11
-10
-12
-7
-11
-10
-8
-7
-7
-8
-6
-6
-3
-4
-5
-4
-5
-5
-8
-3
-4
-4
2
0
0
-4
-4
-6
-4
-9
-10
-5
-4
-7
-5
-7
-7
-4
-8
-6
-9
-4
-9
-13
-11
-12
-12
-13
-12
-7
-6
-6
-6
-11
-9
-9
-7
-9
-8
-7
-12
-11
-11
-13
-12
-16
-17
-17
-16
-13
-18
-17
-16
-16
-11
-10
-12
-9
-9
-10
-9
-7
-8
-9
-11
-8
-7
-5
-3
-4
-4
-6
-2
-3
-4
-2
-4
-5
-3
-1
-2
-2
0
-7
-10
-4
-5
-7
-6
-9
-2
1
-3
-1
-3
-3
-1
-2
-3
-2
1
-2
-2
-5
-7
-5
-8
-6
-6
-2
-3
-7
-2
0
-2
0
-1
2
1
5
4
3
8
4
5
3
-1
3
2
0
-2
-4
-1
-6
-6
-7
-13
-4
-2
-4
0
-5
-3
-6
-8
-6
-8
-12
-8
-8
-7
-8
-15
-18
-18
-18
-21
-22
-19
-15
-12
-13
-11
-8
-9
-8
-12
-14
-9
-7
-6
-8
-10
-13
-12
-11
-8
-6
-8
-10
-15
-13
-16
-11
-12
-17
-14
-11
-8
-8
-13
-14
-10
-10
-12
-14
-18
-16
-20
-20
-17
-21
-24
-21
-23
-24
-25
-25
-24
-26
-24
-24
-23
-26
-25
-23
-20
-21
-22
-16
-18
-15
-15
-14
-13
-14
-10
-11
-11
-11
-12
-9
-8
-6
-8
-7
-4
-8
-5
-3
-7
-7
-7
-5
-7
-6
-4
-5
-4
-8
-1
-1
-3
-3
0
4
-1
2
-6
-5
-3
-6
-8
-9
-6
-5
-9
-12
-11
-12
-11
-7
-10
-11
-9
-10
-13
-8
-10
-12
-12
-11
-13
-13
-11
-11
-7
-7
-4
-6
-6
-5
-6
-10
-5
-6
-6
-5
-7
-6
-4
1
-4
0
1
-4
1
-4
-3
-5
-2
-5
-6
-5
-8
-7
-7
-10
-8
-11
-8
-7
-9
-9
-8
-13
-11
-6
-10
-6
-5
-7
-8
-4
-3
-2
-7
-6
-4
-3
-5
-7
-9
-6
-7
-7
-9
-10
-13
-15
-14
-15
-16
-12
-13
-14
-18
-15
-16
-14
-14
-19
-18
-17
-11
-16
-15
-14
-17
-18
-18
-20
-22
-15
-17
-18
-19
-15
-14
-12
-16
-17
-10
-11
-12
-10
-7
-8
-10
-7
-8
-8
-6
-11
-15
-10
-11
-12
-15
-12
-9
-16
-14
-10
-16
-8
-3
-6
-9
-12
-9
-8
-6
-7
-9
-4
-4
-4
-6
-7
-7
-5
-7
-7
-8
-5
-3
-6
-4
-2
-4
-3
1
-3
-1
-1
2
-1
-4
-1
2
1
-1
-2
-1
2
2
3
3
1
-7
-5
-3
-5
-8
-6
-4
-5
-2
-4
-1
-4
-5
-5
-4
-1
0
-3
-7
-4
-2
-4
-6
-4
-4
-3
-3
-7
-8
-5
-2
2
1
0
4
2
1
-1
-3
2
0
1
1
3
2
-1
2
-3
2
2
0
-1
0
3
-1
0
-2
-1
-4
-1
-4
-3
-5
-1
2
1
0
-2
1
1
-1
-5
-8
-7
-7
-10
-1
-4
-1
-4
-6
-12
-8
-8
-9
-8
-13
-11
-10
-6
-9
-5
-4
-3
-5
-6
-6
-7
-3
-2
-4
-2
-3
-1
1
-5
5
3
2
1
4
7
5
3
-1
2
-1
3
-1
0
2
0
-2
0
2
1
-1
-1
-1
-5
-1
-1
0
1
-2
-2
-1
2
-1
-2
0
-2
2
-1
-1
0
0
0
-3
3
2
-1
0
1
-1
0
2
-1
-3
-2
-2
1
3
5
1
1
1
-3
2
5
7
4
3
7
4
7
11
13
13
10
11
12
15
15
13
12
10
14
13
14
14
13
10
6
8
9
4
1
1
1
1
-1
3
1
0
-3
2
6
4
5
9
7
10
5
4
7
8
7
7
3
1
5
4
5
4
4
7
-1
-3
1
0
1
1
3
3
1
0
2
1
-1
-5
-8
-4
-8
-10
-7
-7
-7
-6
-3
-3
-3
-3
-1
-4
1
9
2
0
1
1
2
3
1
-2
-1
6
2
-2
-5
-3
-1
3
-1
-1
-2
-4
-1
-1
2
1
-1
-3
-3
-2
2
2
-2
-3
-5
-3
-2
-5
-6
-3
-7
-3
-5
-6
-6
-6
-1
-3
-5
-2
-2
0
-3
-7
-2
-2
-4
-4
-6
-6
-4
-7
-8
-8
-4
-5
-4
-2
-3
2
4
4
2
3
4
2
-2
0
2
-1
-2
-5
-3
-2
-6
-5
-4
-6
-4
-5
-6
-5
-4
-4
-5
-2
-4
-5
-6
-4
-7
-4
2
0
-2
2
2
4
3
3
7
5
6
6
5
6
11
5
9
12
9
8
10
10
10
16
10
7
11
10
9
9
9
8
3
4
9
9
6
4
5
7
6
8
5
5
7
6
5
4
7
3
1
4
1
0
0
-2
-1
-5
-3
-2
0
-1
-2
0
-1
-2
-3
-6
-8
-8
-9
-7
-5
-3
-2
-5
-2
-4
-5
-3
-6
-3
-4
1
4
7
7
9
8
7
7
6
3
4
3
4
6
4
3
-6
-7
-7
-8
-9
-6
-10
-6
-5
-7
-1
-1
-7
-12
-7
-6
-5
-5
-6
-3
-6
-13
-14
-10
-11
-11
-9
-6
-5
-5
-10
-5
-4
-4
-2
-8
0
-2
-4
-5
-5
0
0
0
-5
-3
-4
-5
-6
-2
-4
-7
-6
-4
-2
-4
2
-1
1
2
6
5
6
9
5
10
9
11
6
4
4
-1
2
0
0
2
0
3
0
1
1
0
-6
-6
-3
-9
-8
-12
-15
-14
-11
-12
-10
-10
-8
-6
-11
-11
-11
-10
-5
-6
-12
-7
-6
-1
-1
1
0
-3
-2
-2
-2
-3
-7
-3
-1
1
3
2
5
2
0
0
1
2
2
5
6
4
2
4
5
5
0
2
3
2
7
6
5
6
4
2
5
2
5
5
-1
3
3
4
1
-2
-2
-4
-5
-7
-6
-4
-3
-5
-6
-2
-2
-3
-8
-10
-7
-6
-3
-4
-5
-3
0
0
-1
-1
2
3
1
-2
1
2
0
4
2
7
6
12
12
10
12
8
13
11
11
12
8
11
14
11
9
10
1
2
3
4
3
-4
1
2
-3
-2
0
2
3
6
7
5
5
2
4
5
2
1
1
-2
3
6
6
9
3
9
11
9
13
9
14
8
10
13
9
11
9
10
13
11
8
5
9
4
1
4
4
2
2
0
0
4
1
4
3
4
3
4
1
4
4
3
2
2
6
7
4
7
8
8
7
8
6
10
4
6
8
5
8
11
11
9
11
10
10
11
8
12
10
7
8
9
8
5
5
9
11
11
7
9
9
7
14
13
11
13
12
13
13
12
15
10
14
10
9
10
7
7
9
7
9
14
9
14
16
14
14
15
16
17
16
18
14
11
10
13
15
12
15
16
15
18
16
15
15
20
19
21
24
20
19
19
17
19
20
19
20
15
15
13
11
8
10
8
11
12
12
14
11
11
11
13
10
11
12
16
17
17
14
10
9
8
12
14
10
10
10
9
8
6
10
11
9
12
14
13
14
16
19
22
23
22
21
23
20
14
15
14
16
15
12
10
11
11
11
10
9
7
4
5
8
10
6
10
9
3
5
6
8
7
3
6
4
3
0
4
2
3
0
-1
-1
-3
2
1
5
4
4
7
5
10
16
16
18
21
21
19
23
23
23
26
27
24
25
28
25
26
28
25
24
26
30
23
26
30
27
23
24
26
25
23
25
25
21
23
22
20
18
19
15
12
19
15
16
14
17
16
14
14
14
14
11
12
10
10
15
15
15
18
17
19
22
24
18
17
21
24
19
22
19
17
24
16
16
18
14
12
14
13
14
15
11
8
10
9
9
6
3
6
9
9
8
7
3
3
3
-1
1
3
3
5
-3
-7
0
-2
-4
-7
-2
-4
-12
-9
-7
-9
-9
-9
-7
-11
-11
-9
-11
-8
-8
-10
-7
-3
-7
-10
-7
-4
-5
-3
0
-1
1
-2
-3
-3
-2
-2
0
1
-1
6
1
2
1
-4
-4
-3
-3
-1
-1
1
-1
-5
-4
2
6
4
5
4
10
9
9
11
10
11
7
10
11
10
6
12
12
16
12
8
13
13
8
11
5
5
7
2
8
7
7
6
11
11
12
11
14
15
14
13
11
14
15
14
18
16
14
15
16
14
8
12
12
14
13
8
9
11
11
12
11
14
15
13
11
11
10
14
19
13
12
17
19
15
19
14
15
15
17
21
20
18
22
20
17
18
15
13
13
16
13
9
10
13
8
4
5
4
-1
0
-3
-1
-4
-1
-2
-5
1
3
6
2
7
5
1
2
4
4
-3
2
4
4
3
2
4
1
2
-3
-3
-8
-6
-1
-2
0
1
-3
-5
-5
-1
-8
-6
-6
-5
-4
-8
-9
-12
-13
-11
-10
-9
-4
-7
-4
2
-3
-1
-7
-2
-2
-6
-7
-8
-2
-6
-12
-13
-8
-4
-4
-5
-5
-2
-3
-9
-4
-4
-4
-2
-2
-2
-1
2
1
-5
-5
-4
-1
-5
-5
-5
-5
-3
-2
-5
0
2
2
10
9
5
7
6
3
4
6
3
5
9
7
4
5
3
4
5
7
7
4
6
0
2
5
2
-1
-1
4
7
3
5
4
3
3
2
9
10
10
10
11
13
16
17
15
15
15
11
11
7
7
10
7
9
11
13
6
10
9
8
7
8
5
6
4
0
-3
-2
-5
-4
3
1
2
-3
-6
-5
0
-2
-2
-8
-5
-4
-8
-9
-10
-12
-15
-10
-10
-11
-8
-16
-13
-8
-12
-14
-15
-15
-15
-12
-5
-2
-10
-11
-7
-4
-4
-5
-6
-10
-12
-6
-8
-10
-7
-8
-9
-11
-8
-9
-13
-8
-10
-14
-14
-17
-19
-21
-19
-10
-17
-14
-12
-13
-7
-13
-11
-9
-13
-11
-13
-9
-11
-16
-19
-21
-17
-18
-16
-21
-24
-19
-17
-20
-20
-22
-22
-22
-12
-14
-11
-10
-10
-13
-11
-11
-16
-14
-20
-21
-23
-20
-22
-28
-25
-24
-27
-28
-24
-21
-25
-22
-19
-18
-12
-9
-11
-10
-1
0
-5
-1
0
-3
-8
-4
-7
-9
-9
-10
-13
-13
-14
-16
-18
-17
-13
-14
-8
-11
-10
-10
-3
-1
-3
-1
-5
-4
1
5
2
1
0
3
7
9
2
-2
-3
-3
3
1
-3
-6
-6
-3
-7
-5
-2
-7
-10
-1
2
-1
0
3
1
3
10
4
0
1
2
2
0
-3
-6
-7
-2
-3
-8
-7
-11
-14
-13
-14
-18
-14
-9
-10
-8
-11
-8
-9
-8
-6
-9
-8
-9
-12
-12
-12
-14
-16
-10
-15
-14
-6
-13
-6
-16
-16
-15
-22
-18
-20
-23
-27
-30
-33
-29
-31
-34
-26
-29
-31
-34
-32
-30
-28
-24
-26
-30
-36
-37
-32
-32
-35
-36
-29
-31
-28
-20
-18
-14
-14
-19
-20
-18
-17
-21
-20
-27
-32
-31
-28
-28
-22
-24
-31
-28
-23
-16
-14
-7
-11
-10
-2
5
6
3
-1
-3
1
6
9
6
-1
-3
3
11
16
14
11
12
16
13
23
23
15
13
11
13
12
10
9
6
5
12
9
10
6
6
11
15
17
15
17
17
17
17
19
14
16
20
22
17
18
13
10
12
12
11
8
7
0
-1
0
-4
-7
-10
-17
-15
-20
-23
-28
-31
-30
-26
-22
-28
-28
-31
-31
-27
-29
-32
-28
-26
-25
-25
-30
-32
-36
-38
-48
-57
-54
-57
-59
-55
-48
-54
-62
-59
-49
-41
-43
-52
-55
-60
-46
-25
-15
-16
-25
-21
-6
12
23
18
13
17
24
38
36
33
25
14
15
21
10
4
-1
-16
-17
-11
-15
-24
-27
-19
-20
-13
-8
-17
-16
-6
3
3
4
3
2
8
16
18
14
9
8
5
9
9
3
-3
-5
-9
-7
-9
-21
-18
-17
-17
-21
-24
-20
-20
-25
-24
-24
-31
-31
-26
-26
-27
-30
-30
-30
-29
-26
-22
-27
-29
-30
-30
-23
-21
-20
-22
-24
-20
-20
-18
-18
-24
-27
-28
-32
-31
-32
-36
-42
-42
-45
-51
-48
-49
-52
-53
-51
-47
-45
-52
-55
-59
-58
-61
-73
-83
-74
-55
-42
-36
-32
-21
-10
13
47
74
63
54
73
91
105
116
113
84
68
73
74
68
48
31
8
-1
3
-3
-14
-23
-25
-36
-31
-26
-28
-30
-25
-20
-10
-4
-3
8
13
21
22
27
20
17
25
26
27
16
6
0
-5
-1
-5
-15
-28
-37
-43
-46
-50
-54
-68
-75
-73
-66
-5
32
-22
-81
-42
45
78
73
38
-22
-17
60
105
80
33
-26
-45
2
65
34
-30
-56
-53
-31
0
2
-42
-72
-57
-29
-16
-21
-53
-71
-42
-12
-27
-41
-44
-55
-43
-7
-21
-62
-79
-67
-59
-53
-66
-110
-130
-119
-114
-123
-126
-146
-182
-177
-159
-175
-196
-194
-176
-148
-87
-40
-41
-79
-62
45
145
154
105
100
127
149
204
244
185
93
82
127
129
106
73
3
-50
-24
14
-11
-54
-74
-88
-81
-41
-21
-57
-79
-50
-7
11
13
18
21
29
56
96
91
57
46
76
100
85
71
58
32
18
35
45
8
-23
-44
-58
-49
-37
-61
-91
-99
-100
-96
-76
-33
-30
-81
-102
-33
35
52
45
33
21
56
113
134
109
80
67
64
91
108
74
34
21
24
19
13
-1
-21
-37
-31
-23
-38
-53
-59
-45
-30
-33
-44
-47
-44
-38
-16
-4
-21
-41
-39
-27
-15
-20
-30
-40
-50
-67
-76
-69
-65
-94
-138
-145
-137
-144
-147
-147
-164
-186
-194
-212
-220
-219
-198
-153
-95
-51
-73
-108
-57
91
185
162
117
122
159
212
279
306
228
127
116
175
202
171
101
16
-32
-6
29
7
-51
-102
-115
-96
-62
-56
-86
-116
-92
-45
-24
-30
-29
-12
4
37
74
70
30
38
92
113
103
87
72
48
36
64
74
37
-27
-51
-33
2
31
-11
-83
-96
-36
11
17
2
-45
-61
-13
54
64
38
13
-1
28
86
98
59
44
55
57
77
91
70
33
39
61
57
48
26
12
19
31
18
-5
-19
-26
-23
-5
-8
-39
-59
-55
-48
-38
-35
-62
-82
-77
-89
-114
-108
-102
-131
-160
-169
-172
-163
-168
-199
-243
-269
-268
-250
-166
-11
35
-136
-271
-64
252
284
150
112
145
132
225
436
444
199
29
107
243
274
210
92
-25
-78
-20
65
50
-67
-160
-150
-99
-56
-60
-104
-133
-95
-49
-51
-52
-20
-5
2
62
100
35
-14
62
152
135
82
80
79
37
32
106
130
24
-90
-72
0
-1
-13
6
-50
-142
-114
-3
37
6
-33
-85
-83
1
64
48
15
-1
-10
19
82
101
66
46
49
61
86
97
75
60
70
56
28
29
23
-3
3
13
-26
-74
-71
-45
-44
-45
-54
-88
-110
-86
-46
-39
-62
-105
-117
-109
-119
-137
-141
-137
-150
-177
-182
-184
-198
-222
-240
-240
-249
-278
-210
6
110
-107
-274
-28
304
294
156
193
236
160
233
475
509
266
83
147
299
330
237
134
49
-18
2
110
126
-30
-146
-112
-48
-35
-49
-93
-137
-102
-57
-56
-58
-31
-39
-36
40
79
19
-23
45
117
110
77
80
77
31
9
92
150
38
-110
-68
51
51
11
-3
-65
-119
-51
48
38
-25
-71
-93
-46
38
46
-21
-45
-21
15
48
53
24
17
45
65
72
86
60
26
58
101
73
16
0
4
9
22
14
-43
-81
-82
-65
-47
-46
-95
-141
-127
-91
-93
-105
-115
-148
-168
-161
-145
-152
-168
-184
-207
-212
-210
-207
-229
-267
-297
-290
-260
-205
-65
35
-94
-254
-94
252
331
165
125
210
225
265
424
496
323
119
145
323
407
295
151
93
53
27
97
156
36
-142
-151
-50
-30
-75
-110
-129
-124
-99
-74
-60
-54
-54
-47
11
57
16
-23
29
112
118
80
68
82
73
48
88
169
116
-49
-74
61
99
56
46
-2
-108
-80
71
112
38
-43
-80
-55
38
93
57
-5
-31
-11
57
126
101
42
50
66
78
126
143
84
56
105
112
68
53
55
37
38
38
-5
-46
-44
-42
-47
-49
-81
-130
-145
-116
-102
-113
-140
-174
-188
-163
-165
-186
-185
-182
-218
-231
-217
-215
-236
-261
-281
-298
-300
-304
-225
-19
74
-145
-328
-76
306
330
149
132
204
197
268
490
565
342
92
136
382
468
311
152
86
23
9
131
186
6
-195
-183
-71
-41
-90
-144
-167
-160
-138
-120
-83
-74
-102
-79
-7
16
-39
-49
18
81
91
74
58
69
72
54
107
188
109
-59
-53
103
162
95
25
-34
-71
-23
76
116
31
-94
-121
-29
72
63
2
-49
-56
-11
69
91
41
17
28
44
85
128
107
52
80
135
123
76
61
85
94
86
53
18
-5
-32
-31
2
-9
-97
-157
-128
-94
-109
-131
-147
-182
-213
-196
-176
-179
-195
-219
-234
-231
-225
-216
-230
-268
-315
-310
-288
-205
-6
108
-117
-351
-100
367
419
163
98
212
250
305
511
600
382
102
124
403
538
351
136
94
77
21
97
206
62
-199
-226
-63
-11
-102
-178
-180
-161
-155
-159
-125
-101
-141
-132
-28
11
-83
-114
-10
88
91
52
45
62
70
53
106
218
155
-60
-95
103
194
71
-16
11
-6
-71
-20
83
56
-63
-108
-66
-30
-15
-5
-15
-46
-63
-37
-2
11
34
38
0
-4
43
84
83
80
93
81
47
47
87
108
77
23
8
12
-4
-20
-14
-27
-78
-123
-129
-105
-118
-141
-147
-166
-201
-208
-194
-201
-220
-210
-217
-260
-278
-245
-251
-309
-342
-328
-319
-273
-70
103
-65
-350
-191
313
486
241
96
227
321
348
501
657
508
193
140
411
621
463
198
127
132
85
114
226
143
-129
-231
-78
23
-64
-178
-195
-160
-157
-160
-134
-105
-136
-141
-53
14
-48
-106
-27
102
131
82
59
90
124
105
129
246
245
34
-75
105
261
150
-6
0
29
-27
-8
84
60
-78
-135
-58
1
-19
-51
-57
-61
-58
-37
-21
-20
-17
9
18
11
20
59
80
80
104
121
74
33
73
140
120
32
-20
-19
-14
-30
-45
-66
-118
-176
-184
-153
-155
-210
-238
-222
-227
-258
-269
-258
-251
-233
-241
-275
-299
-277
-261
-292
-317
-330
-343
-288
-59
133
-44
-362
-225
302
505
249
72
194
305
334
497
659
503
166
97
402
639
469
169
88
132
95
106
224
152
-135
-256
-85
54
-44
-191
-203
-157
-153
-169
-133
-105
-155
-175
-72
9
-47
-118
-46
85
129
88
61
89
140
132
133
235
267
94
-47
108
276
174
24
44
45
-40
-6
124
113
-61
-160
-91
19
44
-28
-84
-84
-68
-23
48
54
-22
-28
46
89
91
112
117
88
121
194
186
106
91
140
157
129
74
30
20
13
-15
-22
-38
-123
-192
-166
-133
-175
-226
-239
-252
-252
-254
-273
-278
-250
-257
-308
-294
-231
-231
-313
-347
-325
-304
-329
-292
-43
148
-82
-418
-204
372
511
199
55
203
293
327
514
648
461
122
70
394
645
462
134
39
76
76
146
258
106
-202
-283
-98
22
-50
-181
-248
-233
-198
-173
-144
-138
-188
-201
-111
-54
-100
-125
-50
17
43
43
17
37
98
91
81
195
219
23
-79
126
274
116
-43
9
57
-18
-26
77
83
-53
-150
-84
22
39
-24
-69
-58
-45
-18
22
36
11
10
23
37
84
137
121
72
108
167
140
92
122
165
142
75
55
65
46
-16
-43
2
-25
-142
-189
-130
-121
-194
-211
-198
-246
-302
-269
-214
-216
-248
-268
-276
-274
-221
-175
-206
-297
-345
-316
-256
-257
-203
23
114
-178
-404
-38
494
481
129
48
229
340
421
584
642
398
96
161
548
718
434
81
27
157
233
256
228
41
-174
-194
-26
91
4
-199
-287
-205
-117
-118
-150
-151
-175
-186
-133
-80
-89
-106
-75
-16
36
23
-15
9
91
107
95
130
108
1
6
173
214
39
-75
-5
44
-19
-49
2
-38
-131
-97
7
7
-75
-80
5
51
41
3
-1
49
95
114
104
73
53
67
137
183
143
69
31
74
137
139
85
14
-6
-3
-11
11
11
-59
-149
-173
-130
-123
-181
-206
-205
-232
-283
-274
-205
-200
-281
-315
-267
-246
-261
-231
-191
-266
-370
-325
-235
-265
-368
-354
-135
87
-10
-322
-311
162
488
336
102
128
275
379
523
661
580
301
141
351
696
672
287
63
170
280
248
242
218
1
-206
-118
111
121
-115
-291
-234
-114
-121
-167
-142
-158
-244
-224
-94
-49
-131
-164
-87
-4
9
-28
-12
78
104
35
55
175
161
27
57
212
199
27
-11
107
140
31
-33
1
-3
-89
-81
82
110
-39
-132
-39
106
158
117
14
-28
77
171
175
155
119
53
41
162
250
163
26
-12
61
163
143
36
-38
-33
-18
-9
39
-4
-157
-211
-115
-65
-130
-202
-217
-222
-222
-222
-238
-267
-283
-268
-244
-267
-306
-276
-222
-242
-299
-298
-288
-357
-397
-351
-282
-116
52
-89
-428
-340
253
562
283
-28
58
291
428
566
688
557
209
81
437
844
703
222
41
198
295
281
318
231
-65
-236
-71
161
110
-158
-316
-229
-126
-163
-204
-170
-203
-300
-249
-113
-109
-207
-196
-89
-20
-37
-82
-41
58
68
3
71
191
123
-10
88
269
220
63
54
159
156
63
53
103
53
-24
90
203
93
-59
-4
138
169
139
80
12
36
149
208
144
53
8
41
150
196
115
26
5
25
93
167
136
1
-75
-15
58
79
31
-62
-123
-126
-94
-68
-63
-116
-222
-253
-189
-163
-209
-250
-241
-236
-259
-279
-260
-195
-187
-268
-307
-279
-301
-367
-351
-310
-302
-155
38
-109
-421
-271
294
517
205
-57
82
361
500
555
596
498
244
186
534
856
634
156
50
267
381
325
273
165
-64
-208
-66
170
116
-203
-391
-279
-140
-164
-201
-206
-292
-380
-301
-149
-126
-207
-240
-202
-122
-79
-70
-32
25
-18
-71
50
199
125
-19
66
236
194
38
61
202
189
52
23
127
112
32
117
193
88
-32
31
169
188
127
35
-11
69
171
169
74
20
22
54
129
150
70
-1
-11
40
125
150
64
-57
-50
50
93
60
-5
-80
-101
-63
-18
-27
-74
-138
-212
-187
-121
-128
-200
-236
-214
-196
-205
-240
-218
-157
-191
-292
-265
-161
-210
-323
-320
-299
-356
-361
-129
115
-9
-394
-424
143
591
379
-13
36
319
448
543
712
659
316
147
429
826
794
380
105
201
375
390
355
281
40
-171
-79
148
146
-97
-279
-284
-194
-126
-164
-246
-296
-310
-280
-206
-163
-212
-261
-215
-137
-90
-97
-107
-64
-13
-11
8
90
112
32
39
181
215
99
69
175
203
106
67
126
149
160
180
134
70
74
150
191
162
98
23
28
100
155
135
27
-59
-38
64
110
44
-10
-38
-73
-29
79
114
4
-107
-73
35
79
27
-38
-55
-66
-79
-36
5
-49
-181
-206
-124
-84
-129
-192
-231
-238
-198
-183
-207
-245
-249
-239
-251
-240
-250
-278
-316
-340
-343
-319
-316
-289
-116
10
-177
-377
-110
361
416
127
27
236
411
499
597
630
477
283
345
648
798
560
244
212
359
414
380
299
135
-25
-39
73
131
35
-168
-289
-226
-124
-137
-213
-271
-311
-292
-214
-177
-217
-228
-201
-187
-159
-98
-66
-68
-47
-47
-35
70
160
86
7
104
205
163
116
182
224
142
72
146
240
188
51
27
133
179
131
82
85
105
106
116
105
112
120
92
82
121
140
75
41
92
116
62
16
28
62
69
33
-6
0
2
-26
-33
2
-19
-92
-103
-64
-65
-117
-135
-131
-151
-174
-182
-203
-219
-224
-222
-244
-272
-261
-239
-253
-286
-265
-211
-223
-303
-317
-279
-276
-327
-334
-290
-189
-37
-23
-222
-286
54
400
319
55
68
294
438
489
547
541
358
210
371
691
698
330
94
213
378
353
278
212
49
-105
-47
132
145
-67
-266
-249
-133
-113
-158
-183
-229
-317
-316
-198
-135
-201
-267
-246
-175
-128
-137
-122
-51
-27
-99
-96
58
133
22
-10
138
186
71
43
205
289
166
45
110
218
188
111
117
191
161
54
67
194
258
166
57
49
116
175
171
130
86
42
17
69
168
160
4
-97
-20
101
122
48
-30
-58
-45
1
66
66
-27
-127
-109
-3
45
-4
-95
-155
-173
-101
-44
-98
-199
-243
-213
-193
-181
-178
-225
-281
-278
-200
-159
-198
-261
-264
-237
-253
-300
-313
-284
-240
-109
20
-89
-342
-254
230
467
195
-97
32
336
486
509
478
371
211
224
493
733
584
182
22
226
429
414
274
89
-71
-77
87
187
74
-132
-266
-231
-122
-66
-127
-232
-300
-303
-256
-194
-174
-218
-253
-259
-217
-170
-142
-124
-101
-106
-141
-87
31
55
-17
6
107
107
39
75
198
206
93
42
115
178
159
110
91
152
177
101
67
139
211
149
40
28
101
154
122
55
16
-2
-7
31
90
64
-89
-172
-46
109
86
-65
-139
-99
-30
37
64
9
-95
-148
-64
48
54
-37
-139
-171
-116
-45
-32
-114
-208
-221
-189
-167
-152
-140
-184
-253
-259
-185
-130
-138
-173
-191
-214
-237
-209
-182
-192
-241
-243
-94
44
-54
-261
-173
213
372
135
-57
84
327
432
412
358
289
247
290
419
523
431
201
82
191
352
348
193
23
-62
9
124
100
-25
-126
-158
-180
-159
-80
-94
-218
-319
-286
-189
-160
-205
-243
-245
-234
-217
-169
-117
-114
-131
-140
-125
-47
43
33
-47
-26
98
112
36
74
171
142
39
57
170
178
99
48
49
125
186
132
37
44
128
136
85
57
49
58
72
52
7
-12
-3
2
-4
-9
-62
-103
-57
4
-2
-62
-90
-84
-66
-13
21
-32
-117
-122
-54
-17
-34
-61
-103
-147
-140
-70
-33
-115
-197
-191
-138
-137
-154
-131
-122
-189
-247
-181
-84
-91
-184
-205
-140
-120
-156
-179
-173
-188
-226
-225
-168
-47
1
-135
-271
-126
206
295
48
-107
54
281
355
299
250
199
156
225
370
428
285
103
107
227
270
216
160
78
-32
-11
140
161
-29
-164
-88
17
-37
-129
-121
-79
-109
-168
-158
-101
-104
-148
-146
-93
-64
-105
-141
-90
-6
-14
-89
-86
1
36
-9
-15
40
48
2
5
73
95
34
-5
37
87
87
56
45
66
84
83
74
79
89
68
42
56
86
51
-12
-4
51
34
-20
-26
-30
-40
-28
-8
-33
-63
-58
-55
-51
-25
-13
-51
-93
-74
-37
-26
-23
-61
-106
-94
-36
-16
-50
-73
-76
-84
-76
-40
-34
-64
-96
-110
-89
-44
-40
-80
-109
-98
-79
-82
-68
-57
-81
-118
-114
-78
-58
-73
-121
-151
-143
-123
-117
-143
-160
-132
-108
-96
-99
-117
-119
-63
12
27
-39
-71
-11
83
110
64
18
11
54
102
113
81
43
36
60
74
80
76
58
27
26
61
82
55
7
13
51
64
46
47
46
20
26
76
88
27
-19
18
70
50
2
-4
6
-11
-24
5
29
-14
-84
-66
16
25
-41
-71
-38
-20
-45
-59
-31
-23
-59
-80
-50
-9
-14
-47
-50
-30
-13
-8
1
0
-17
-24
0
32
31
9
6
15
20
32
48
50
27
22
42
68
63
49
36
44
71
76
68
52
39
23
42
69
51
6
-18
3
13
-3
-16
-23
-34
-47
-53
-51
-61
-67
-72
-77
-86
-103
-101
-82
-75
-92
-115
-108
-89
-88
-98
-107
-101
-111
-128
-131
-109
-94
-124
-152
-135
-106
-122
-143
-143
-143
-154
-158
-141
-132
-139
-141
-122
-97
-91
-100
-78
-33
-22
-35
-11
28
33
23
48
85
79
57
63
90
95
79
82
98
96
64
55
91
114
95
60
58
73
87
103
91
55
37
58
71
64
60
44
23
7
18
39
45
10
-41
-40
-6
0
-38
-52
-38
-55
-91
-78
-41
-46
-88
-102
-82
-65
-71
-76
-51
-37
-55
-69
-47
5
14
-6
-7
8
10
25
60
74
51
26
53
85
89
72
75
85
76
56
74
101
96
62
48
57
65
70
76
66
28
15
29
51
54
40
6
-19
-10
20
34
5
-39
-51
-31
-21
-35
-53
-54
-70
-82
-78
-66
-67
-83
-87
-85
-92
-97
-79
-70
-81
-94
-80
-67
-82
-91
-71
-54
-71
-100
-92
-57
-43
-55
-74
-68
-51
-51
-53
-55
-33
-22
-53
-84
-62
-12
-4
-39
-54
-30
-13
-15
-1
28
27
-3
4
44
62
55
39
46
44
33
47
69
64
34
7
25
47
34
12
4
4
-13
-10
1
-2
-32
-38
-16
-7
-18
-31
-16
-14
-15
-12
1
11
-6
-19
7
31
19
-10
0
25
28
5
-4
9
17
5
-10
5
30
21
-14
-19
6
19
1
-14
1
12
-2
-6
10
26
18
4
7
20
25
12
10
27
35
13
7
20
38
38
23
12
19
28
21
4
-5
8
6
-9
-16
-8
-1
-2
-2
-9
-25
-27
-7
11
4
-12
-22
-18
7
26
11
-17
-18
-5
5
4
2
0
-16
-19
-6
11
0
-27
-19
-5
-5
-18
-18
-8
-13
-13
-5
4
-3
-17
-7
15
0
-22
-13
7
6
-11
-20
-13
-8
-16
-14
-5
-16
-37
-40
-22
-13
-21
-42
-51
-41
-26
-21
-26
-41
-48
-40
-19
-6
-17
-23
-25
-16
-10
-1
7
7
-6
-13
-3
8
15
11
7
0
-5
-3
1
5
4
-8
-13
-6
-5
2
7
0
-8
-6
9
16
8
2
4
22
23
9
14
26
35
19
4
16
30
32
10
-9
-1
15
14
0
-20
-28
-17
-17
-22
-27
-37
-34
-27
-28
-31
-34
-30
-25
-25
-16
-13
-12
-14
-14
-13
-2
5
0
1
7
13
9
1
17
21
10
3
8
19
10
-1
7
21
16
-3
-3
10
13
4
2
4
4
0
-2
5
4
2
1
8
4
-3
3
13
18
17
2
-9
3
28
36
8
-13
-5
20
21
5
11
18
8
-10
1
21
15
-12
-21
-3
15
10
4
4
-5
-11
-7
15
12
-3
-19
-17
-7
-13
-8
-4
-10
-21
-26
-19
-5
-2
-11
-13
-7
-12
-17
-10
-2
-9
-12
-7
-4
2
10
1
-10
-1
6
11
3
2
3
-8
-18
-15
-5
-2
-16
-28
-33
-23
-25
-33
-35
-39
-44
-43
-38
-36
-45
-44
-38
-41
-42
-32
-21
-26
-38
-37
-19
-8
-12
-18
-19
-7
4
11
15
18
10
4
15
14
17
20
15
3
-5
9
16
9
0
-5
-8
-16
-9
-3
-7
-18
-28
-25
-15
-18
-30
-23
-17
-20
-22
-17
-17
-19
-22
-12
-12
-19
-19
-11
-3
-7
-11
-1
7
4
-4
-2
8
13
6
-3
0
0
5
5
1
-6
-7
-7
-6
-6
-10
-14
-25
-24
-13
-11
-20
-26
-26
-22
-11
-6
-11
-24
-11
9
11
-2
-4
7
18
18
12
11
13
13
16
11
15
12
16
17
11
3
-1
3
1
0
0
-3
-13
-16
-5
6
-5
-17
-21
-14
-11
-14
-12
-15
-24
-33
-23
-17
-25
-33
-31
-29
-29
-20
-15
-18
-26
-23
-11
0
1
-3
0
-3
-1
7
14
17
6
0
4
13
15
9
0
-2
0
6
6
-2
-8
-9
-16
-13
-4
-14
-26
-29
-17
-10
-18
-22
-20
-12
-15
-11
-7
-12
-11
-12
-9
-11
-10
1
-2
-10
-9
-10
-1
-6
-14
-16
-24
-22
-22
-23
-25
-23
-26
-34
-31
-27
-30
-24
-26
-27
-24
-26
-23
-22
-11
-11
-22
-30
-16
-1
-10
-13
-20
-20
-14
-6
3
7
-3
-11
-3
11
17
5
-9
-19
-9
-2
-2
-12
-23
-30
-31
-22
-12
-18
-32
-43
-38
-27
-19
-21
-29
-34
-36
-29
-18
-11
-17
-28
-26
-22
-12
-10
-16
-20
-23
-18
-18
-14
-15
-15
-10
-12
-11
-2
8
6
-12
-12
6
10
-8
-10
-5
-2
-6
-6
-5
-13
-6
-3
-1
-9
-19
-18
-3
4
-7
-22
-26
-16
0
0
-9
-19
-21
-16
-12
-5
-7
-17
-29
-23
-6
-3
-14
-21
-20
-6
-7
-10
-8
-7
-12
-15
-14
-7
-10
-16
-23
-14
-12
-24
-27
-29
-22
-23
-22
-25
-27
-25
-21
-16
-13
-14
-15
-19
-14
-8
-7
-5
-8
-12
-8
3
5
1
-4
-1
0
3
3
6
8
5
-2
-5
4
4
-8
-19
-23
-20
-15
-24
-34
-38
-34
-29
-33
-36
-29
-24
-26
-28
-26
-22
-15
-12
-9
-8
-10
-5
7
6
-1
-10
-4
13
10
2
1
12
14
14
11
16
12
9
10
17
15
11
2
1
5
3
4
-1
-3
-9
-1
2
2
-4
-7
-5
-7
-3
-4
-1
-2
1
-3
-8
-6
-7
-2
-4
-6
-1
-1
-7
-5
2
1
-5
-6
6
8
-2
-9
-2
7
-1
-11
-12
-7
-9
-17
-12
-15
-17
-17
-23
-14
-8
-14
-22
-22
-10
-10
-20
-19
-12
-10
-16
-20
-19
-5
-4
-12
-12
-6
-3
-19
-16
-1
4
-8
-20
-7
3
1
-3
-6
-4
-7
-10
-11
-5
-3
-19
-20
-22
-13
-12
-19
-26
-29
-25
-21
-19
-27
-32
-35
-35
-28
-25
-26
-38
-47
-35
-20
-15
-22
-35
-38
-28
-15
-16
-23
-27
-26
-20
-15
-9
-14
-22
-23
-19
-12
-13
-16
-15
-13
-14
-13
-10
-14
-12
-9
-12
-18
-17
-6
-8
-13
-12
-8
-14
-16
-10
-10
-20
-26
-26
-20
-14
-23
-26
-26
-23
-18
-14
-18
-25
-23
-18
-13
-12
-22
-30
-24
-15
-22
-28
-32
-32
-32
-27
-25
-31
-29
-34
-32
-31
-20
-20
-29
-34
-27
-19
-23
-24
-22
-17
-23
-27
-17
-8
-12
-27
-32
-29
-19
-19
-22
-20
-17
-24
-28
-17
-6
-10
-25
-21
-12
-16
-14
-10
-10
-14
-19
-16
-10
-3
-10
-11
-7
-7
-5
-8
-8
-3
-5
-9
-8
-3
0
-5
-9
-9
-9
-7
-7
-10
-18
-24
-23
-17
-12
-19
-28
-33
-32
-21
-24
-29
-35
-37
-31
-29
-25
-29
-24
-27
-34
-28
-19
-16
-23
-28
-28
-15
-13
-18
-17
-17
-9
-11
-14
-7
-6
0
-7
-8
4
6
5
-4
-5
4
3
1
1
5
0
-1
4
2
-1
-7
-12
-11
-6
-11
-19
-21
-22
-19
-20
-25
-28
-28
-35
-40
-35
-35
-38
-42
-45
-38
-36
-42
-45
-38
-35
-34
-38
-35
-28
-29
-33
-38
-34
-29
-33
-38
-37
-34
-38
-40
-39
-40
-35
-38
-35
-33
-36
-35
-32
-28
-27
-31
-33
-30
-27
-21
-13
-10
-17
-13
-11
-4
-3
-4
-7
0
0
3
7
7
5
-3
3
4
6
-1
-3
-9
-3
-6
-16
-21
-23
-24
-18
-22
-23
-23
-28
-27
-24
-19
-29
-32
-31
-21
-18
-20
-26
-28
-23
-18
-18
-17
-14
-15
-14
-13
-3
-2
-8
-7
-6
-4
-4
0
7
3
-3
0
4
4
1
1
6
6
3
5
3
7
0
-4
0
6
-2
0
-3
-9
-14
-16
-13
-10
-14
-25
-19
-13
-11
-11
-17
-18
-19
-26
-24
-16
-17
-24
-33
-35
-25
-24
-31
-36
-34
-41
-46
-46
-38
-34
-47
-58
-54
-48
-51
-50
-49
-52
-55
-55
-50
-41
-45
-51
-51
-44
-39
-36
-37
-40
-39
-37
-33
-28
-25
-28
-31
-31
-25
-22
-19
-20
-23
-20
-18
-9
-9
-14
-17
-17
-9
-8
-8
-15
-16
-19
-18
-14
-15
-26
-35
-37
-30
-26
-32
-33
-35
-32
-35
-33
-30
-27
-32
-32
-28
-23
-20
-21
-26
-21
-16
-18
-17
-14
-12
-14
-19
-15
-10
-8
-7
-5
-7
-2
-1
-4
-2
-1
7
-2
-8
-4
1
5
-3
-6
-6
-14
-19
-10
-5
-1
-3
-9
-4
1
6
3
4
5
5
11
15
14
10
6
11
13
13
9
4
10
2
-2
2
5
-3
-12
-15
-14
-16
-20
-25
-26
-28
-31
-34
-28
-28
-34
-40
-41
-36
-34
-28
-36
-33
-28
-25
-22
-15
-14
-15
-17
-20
-7
-10
-6
-6
-8
-6
-8
-5
-2
2
-3
-5
-2
0
3
4
3
-3
0
2
-2
-4
-10
-14
-20
-24
-22
-19
-25
-28
-35
-39
-36
-38
-39
-36
-33
-41
-39
-35
-27
-25
-29
-35
-31
-22
-24
-22
-20
-18
-20
-20
-13
-8
-11
-10
-11
-13
-14
-13
-10
-8
-9
-14
-21
-21
-15
-9
-16
-24
-20
-10
-12
-11
-13
-12
-10
-14
-12
-3
-1
-4
-3
0
9
10
10
10
8
6
10
17
14
16
17
14
15
16
13
12
9
6
5
7
4
6
5
-4
-4
-9
-9
-5
-4
-5
-15
-18
-19
-9
-10
-16
-20
-19
-14
-9
-9
-11
-12
-11
-7
-13
-5
-4
-10
-15
-5
5
10
3
5
12
11
11
15
15
16
18
15
24
17
21
23
22
20
14
13
19
20
17
12
15
16
10
8
6
11
7
2
3
5
5
1
-3
-2
2
-1
-4
0
1
-2
-5
0
2
0
0
-1
-5
-5
-5
-4
-3
-4
-6
-6
-3
-5
-5
-11
-11
-10
-13
-18
-16
-12
-15
-19
-20
-16
-20
-19
-10
-11
-16
-21
-23
-20
-20
-17
-21
-18
-21
-21
-20
-17
-17
-15
-15
-12
-7
-1
-2
3
7
5
6
6
11
8
9
3
6
11
7
11
13
11
9
7
12
17
12
10
10
11
8
9
15
12
10
8
11
8
8
4
1
5
3
0
-1
0
-2
1
2
-1
1
5
2
-2
-1
1
0
0
4
2
-1
1
3
9
14
6
2
7
12
14
18
20
63
121
39
-73
-46
46
73
14
-44
-49
11
65
35
-30
-39
46
90
72
18
-19
-8
48
72
81
101
47
-12
-10
40
65
42
26
62
76
11
-86
-78
20
61
27
-43
-110
-105
-59
-33
-58
-42
-21
-41
-59
-43
-33
-23
7
12
13
-13
-10
-34
-53
-16
12
27
-5
-35
-32
-13
-30
-3
3
13
9
20
16
20
39
52
51
57
43
20
11
31
5
-45
-34
24
2
-62
-28
-9
15
16
-1
-22
18
35
8
-30
-11
33
27
-37
-50
-47
-26
-32
-51
-36
-6
-50
-56
-32
-42
-35
-11
28
-33
-24
19
2
-25
-43
8
-1
12
-5
-27
-28
-19
-9
-3
35
-7
-15
-10
6
9
10
12
15
41
8
-20
14
29
7
-7
13
30
22
-3
-7
15
39
47
40
-11
7
27
24
18
24
30
14
9
10
26
38
43
13
-1
32
37
13
11
15
30
51
35
2
-20
7
33
24
24
23
-15
-28
7
38
11
-10
-10
11
1
-8
8
18
4
-20
10
35
4
-8
5
-4
-2
46
52
6
-1
26
25
5
42
42
7
12
39
34
14
6
12
19
22
28
14
-31
-32
5
27
0
-23
8
0
-23
-14
18
0
-23
-16
-3
-16
-24
-4
-10
-24
-24
-4
0
-24
-44
-21
-4
0
-16
-16
-23
-43
-33
2
7
-27
-39
-31
-17
-24
-22
-13
-19
-20
-23
-29
-16
-13
-26
-33
-5
23
-1
-32
-37
-6
11
-3
-3
3
-4
-16
-13
-4
2
2
2
3
-8
-7
14
15
-13
-18
14
23
7
-11
-25
-18
0
17
17
2
-9
-16
-16
-8
-3
-3
6
1
-12
-23
-19
-1
1
-9
-12
5
7
-8
-28
-23
-4
7
13
-1
-15
-11
6
6
2
9
13
5
-4
4
9
9
8
4
12
17
21
12
4
14
32
34
24
15
22
33
26
15
31
44
34
27
32
27
17
24
34
30
21
21
24
9
9
20
17
5
10
19
10
-4
-7
-4
2
0
-4
-2
-3
-15
-15
-15
-15
-12
-7
-4
-2
-10
-19
-14
-3
7
-6
-17
-20
-9
-6
-15
-19
-11
-5
-20
-17
-15
-22
-17
-5
-8
-10
-4
-7
-14
-14
-12
-2
-5
-11
-8
-1
-8
-15
-14
-4
-3
-6
-4
-9
-13
-11
3
-5
-9
-8
-1
-7
-20
-16
-14
-12
-15
-16
-19
-19
-15
-23
-32
-28
-25
-30
-31
-25
-20
-19
-26
-32
-22
-19
-17
-22
-27
-27
-20
-18
-17
-15
-6
-3
-12
-19
-10
-1
-5
-1
-7
3
10
6
2
6
4
8
6
10
11
11
8
3
6
12
22
26
16
2
3
16
15
11
6
10
5
-2
4
9
10
9
12
2
3
-1
-5
-4
0
1
-7
-13
-10
-15
-15
-4
-6
-10
-9
-10
-8
-3
-10
-4
1
2
0
-7
-5
-1
-1
-10
-7
3
5
-10
-13
-8
-2
3
-2
2
0
-4
-3
1
14
20
11
10
5
6
10
9
5
3
12
11
4
2
0
5
7
1
-1
7
3
-12
-16
1
-1
-9
-16
-12
-6
-19
-19
-10
-4
-14
-24
-26
-22
-22
-16
-22
-23
-19
-23
-21
-22
-13
-24
-20
-11
-18
-17
-22
-23
-24
-20
-23
-20
-19
-26
-27
-22
-25
-30
-18
-17
-21
-24
-24
-24
-29
-26
-20
-23
-20
-20
-23
-19
-10
-8
-16
-19
-20
-13
-13
-14
-16
-18
-19
-18
-18
-18
-22
-28
-19
-10
-8
-19
-20
-15
-9
-6
-6
-7
-12
-15
-13
-16
-14
-12
-11
-17
-21
-9
-11
-5
-4
-2
-4
-12
-13
-6
1
-9
-13
-8
0
-1
-2
-2
4
6
5
9
4
6
7
4
6
7
13
16
16
9
13
15
21
20
14
17
17
16
11
13
17
19
18
12
19
22
12
5
7
19
13
6
7
9
19
19
12
12
18
15
6
6
12
5
0
11
15
4
4
13
6
2
7
8
5
5
3
5
6
2
6
4
5
4
4
7
3
-2
0
7
-2
-1
-3
-3
-5
-7
-6
-8
-5
-6
-4
-10
-10
-10
-13
-13
-17
-14
-16
-17
-19
-21
-15
-20
-27
-24
-20
-23
-26
-27
-27
-23
-29
-32
-32
-31
-36
-42
-45
-35
-29
-34
-32
-35
-31
-23
-25
-26
-21
-22
-24
-26
-25
-15
-15
-18
-20
-16
-16
-16
-15
-12
-7
-11
-12
-11
-8
-6
-8
-7
-9
-10
-10
-9
-7
-12
-11
-10
-6
-8
-15
-17
-10
-6
-10
-9
-10
-3
-2
-7
-8
-10
-10
-7
-3
-5
-5
-1
3
-2
3
9
6
-3
1
9
9
5
2
5
9
4
2
5
6
6
7
11
14
9
16
15
10
13
13
16
18
11
11
16
20
19
12
13
18
17
11
10
18
20
14
11
16
25
17
9
13
12
9
4
2
8
0
-5
-4
-7
-3
2
-1
-2
-1
3
0
-7
-5
-1
4
6
3
-1
0
1
-3
-7
-4
2
2
-6
-8
-2
-1
-1
-1
1
6
6
-2
-3
1
3
6
3
-1
-3
2
-1
-3
-2
-7
-6
-9
-15
-13
-13
-14
-23
-18
-14
-18
-23
-21
-20
-16
-12
-11
-15
-17
-8
-4
-6
-12
-5
-5
-4
-2
-9
-10
-5
-4
-9
-11
-11
-8
-6
-10
-10
-5
-2
-11
-8
-3
-5
-5
-3
1
3
3
4
2
0
3
7
7
10
11
6
10
11
14
16
17
11
13
12
9
12
10
14
17
15
11
9
5
8
2
6
0
7
2
-1
-1
-2
8
5
9
11
13
14
11
8
13
16
18
16
8
14
15
15
14
9
11
10
10
5
8
5
5
12
8
12
13
14
8
9
14
16
17
20
22
22
23
23
25
22
22
25
23
14
18
11
11
14
9
6
3
4
2
5
5
2
1
1
0
1
-2
-6
-4
-3
-2
-3
-8
-7
-7
-7
-6
-1
-1
-4
0
0
2
0
7
11
7
5
1
5
6
-2
-4
-2
-2
-8
-11
-8
-8
-10
-9
-10
-11
-11
-15
-17
-17
-14
-12
-10
-10
-9
-6
-6
-2
-4
-4
-2
2
0
3
0
-2
-3
-8
-1
-2
-1
-3
0
1
-1
-3
0
2
0
-2
-6
-1
5
0
-5
-5
-3
4
-2
-4
-2
0
1
2
7
5
-1
0
2
1
5
11
9
12
15
17
21
20
20
24
28
30
22
25
27
27
26
25
25
24
23
19
24
23
23
23
24
26
26
25
25
26
22
24
18
24
25
22
19
19
21
22
23
22
22
18
21
17
20
18
17
20
14
19
19
23
22
18
20
18
23
20
19
16
15
15
15
19
16
13
15
15
14
11
12
18
17
15
12
12
11
10
8
9
7
8
7
5
11
1
3
4
8
9
7
7
9
8
8
14
11
14
11
10
9
2
6
3
3
3
0
-2
-1
5
3
2
1
-3
-1
2
-2
-4
-4
-4
-5
-4
-9
-11
-10
-7
-5
-9
-7
-6
-6
-8
-5
-3
1
3
3
7
8
8
7
8
12
17
11
10
12
10
12
15
14
16
18
17
14
15
17
20
18
16
17
16
18
18
23
29
19
19
18
19
17
16
15
20
18
19
17
8
18
19
23
22
19
26
27
32
32
35
37
37
34
38
35
35
33
33
34
33
33
26
23
26
24
24
22
27
23
20
20
24
30
21
19
18
17
19
22
20
23
26
20
17
17
17
17
19
16
10
13
16
20
19
18
13
16
16
13
15
9
9
8
9
3
-1
3
6
9
6
0
6
8
2
7
4
6
6
8
7
8
13
13
11
14
19
23
20
15
14
10
9
12
11
12
9
9
11
10
11
5
5
5
0
1
2
-2
-4
-4
-3
3
-2
-8
-9
-4
0
-6
-3
0
3
1
0
2
4
6
3
4
4
3
1
0
5
3
4
5
4
2
0
1
5
4
9
9
10
8
6
10
8
12
12
9
10
10
11
13
16
16
18
23
18
15
13
16
15
15
18
17
17
12
14
13
13
13
13
14
14
15
16
20
20
17
20
19
17
14
16
16
15
16
17
13
14
15
14
17
15
16
17
24
24
20
25
23
22
21
19
21
23
22
19
19
21
22
19
17
17
19
23
17
19
18
19
18
18
21
19
16
14
15
17
15
15
16
15
13
10
15
12
10
6
7
4
2
3
3
7
5
4
1
3
4
1
-2
3
4
1
-2
-2
3
10
4
1
6
7
10
1
1
8
4
3
2
-1
1
3
4
-1
4
9
5
3
1
2
3
1
-3
-8
-6
-7
-8
-9
-8
-2
2
2
-1
-5
-3
0
-3
-1
-1
-3
0
3
-5
-7
-3
-3
-6
-5
-2
-4
-5
-5
-3
-2
-2
-1
0
0
-5
-4
-4
-2
1
-1
-3
-5
1
6
5
4
4
8
9
11
13
13
13
14
12
14
16
16
18
16
9
12
15
14
18
14
15
12
9
13
13
14
6
6
9
6
4
8
4
6
8
4
2
0
7
6
6
4
3
6
3
2
10
13
10
9
9
10
12
13
13
10
5
4
7
9
10
13
4
4
2
5
2
0
5
3
8
6
9
11
9
12
12
14
13
10
5
3
8
5
7
5
7
3
2
5
4
6
9
9
8
7
5
6
4
7
5
2
3
0
1
-2
-3
-2
-7
-4
-3
-5
-4
-4
-1
-3
-4
-1
-1
-2
-6
-4
0
0
-2
-7
-4
0
3
4
1
-1
-1
-2
-2
-2
3
3
3
3
2
-2
3
1
-4
-1
-4
-1
-2
-1
-5
-3
0
-1
-4
-6
-4
-4
-3
-9
-3
-1
-4
-2
0
-1
-5
-7
-1
-1
-1
-2
-3
-3
-2
4
6
5
6
5
8
9
11
12
13
13
13
9
6
9
16
15
15
17
14
10
9
9
11
12
13
11
7
6
10
11
13
16
9
11
10
9
5
7
5
2
2
-2
-1
0
0
2
-5
-5
-9
-9
-6
-12
-9
-10
-7
-9
-9
-6
-6
-7
-5
-8
-10
-5
-10
-6
-5
-6
-5
-4
-8
-8
-3
-9
-6
-8
-8
-1
-5
-4
-1
-2
-2
-3
-6
-6
-7
-7
-8
-7
-8
-6
-6
-8
-9
-3
-1
-3
-7
-5
-6
-10
-2
-3
-4
-9
-9
-4
0
-5
-2
-1
0
2
-1
-1
-1
2
2
3
1
0
0
1
5
5
0
4
4
5
3
6
6
2
5
0
2
3
2
3
4
4
4
5
5
1
-2
4
2
0
-2
1
3
3
1
0
2
1
5
0
4
8
8
9
12
15
13
12
14
13
17
19
15
15
17
22
19
20
20
13
18
18
22
19
19
18
21
20
15
16
14
18
15
13
12
6
8
8
4
7
6
8
4
6
7
5
3
5
2
3
2
7
1
-1
0
-2
2
0
-4
-3
-8
-10
-6
-7
-3
-2
-3
-5
-3
-2
-2
-2
4
3
3
4
3
5
-1
-1
4
3
-1
-1
1
0
0
1
-2
-1
3
1
-5
-4
1
4
1
-4
0
-1
-1
0
-4
-1
-1
0
1
4
1
-2
-2
0
-2
-1
-2
-2
-1
-2
-1
-3
-3
-2
3
-1
0
1
1
0
1
-5
-6
-6
-9
-6
-10
-6
-5
-1
-4
-3
-4
-5
-2
-4
-2
1
5
6
4
4
2
2
5
7
5
6
7
7
11
7
5
6
5
6
0
1
0
-2
-2
-2
0
-1
-4
-1
-1
-1
1
1
-3
1
3
0
0
-4
0
1
-4
-1
-2
-2
-4
-1
-2
1
-1
0
-1
-4
-1
5
0
-1
-3
-3
0
0
-1
0
2
-1
4
5
5
2
2
5
3
-1
4
5
3
2
6
5
2
0
0
-3
-3
1
-4
-8
-8
-6
-9
-14
-10
-15
-14
-11
-9
-4
-7
-10
-12
-11
-8
-6
-8
-7
-5
-2
-7
-5
-11
-5
-2
-3
2
-4
1
4
-3
-2
-3
-3
-1
0
4
1
0
-3
-3
-3
2
-3
1
2
0
4
5
3
5
3
-3
-1
-2
2
-5
-1
0
-2
-1
-3
-2
-2
-6
-2
-5
-7
-1
-5
-6
-4
-4
-2
-4
-5
-4
-4
-2
-1
-3
3
1
0
2
3
4
6
1
2
-4
1
7
5
5
1
5
6
4
3
4
2
7
7
3
5
6
3
-1
-4
-2
3
-3
-1
-3
0
-1
1
1
-3
1
-1
1
-2
-3
-2
2
1
0
0
-1
-2
3
5
2
1
0
1
1
1
3
2
5
4
3
2
3
-1
0
-2
-2
2
1
1
-2
0
1
0
4
2
4
5
6
6
2
6
9
6
3
5
3
0
0
3
-2
0
-1
-2
1
4
2
2
6
0
6
4
0
3
2
-1
4
-1
0
-2
-5
-1
-7
-4
-6
-7
-3
-1
-3
-1
0
-3
-3
-2
-1
0
-1
-1
-4
0
0
4
7
2
2
3
2
8
6
1
4
0
5
2
2
4
8
5
4
4
4
6
5
8
3
1
0
1
-4
-6
-4
-6
-9
-3
1
-2
-1
-6
-5
-7
-3
-4
-1
-5
-8
-7
-8
-10
-5
-2
-5
-4
-6
-3
-3
-3
-5
-5
-7
-4
0
-2
-1
3
2
3
5
8
9
6
9
8
9
11
7
7
12
11
12
12
13
14
15
17
14
14
15
16
17
15
13
11
11
10
11
9
11
9
8
10
9
12
11
14
10
7
12
12
10
8
8
7
14
14
14
15
14
14
15
15
11
12
14
10
11
9
6
4
12
9
10
9
9
7
9
8
8
8
2
5
6
5
0
-6
0
-2
1
2
-2
3
3
1
3
3
4
3
1
2
1
-1
-7
-2
-7
-10
-11
-8
-9
-8
-8
-9
-9
-7
-4
-3
-5
-5
-6
-6
-6
-7
-10
-15
-7
-10
-9
-7
-7
0
-6
-9
-10
-8
-6
-4
-7
-6
-6
-4
-1
-3
0
-2
-3
-5
-5
0
3
2
3
1
-3
0
1
2
-2
0
0
-5
-1
3
-2
-5
-5
1
-2
-5
-7
-5
-5
-8
-9
-7
-11
