-23
-18
-21
-18
-18
-18
-17
-15
-15
-14
-13
-12
-13
-12
-11
-13
-9
-11
-14
-12
-12
-14
-14
-14
-12
-13
-17
-13
-16
-13
-18
-21
-15
-16
-16
-16
-17
-20
-12
-17
-17
-17
-20
-17
-20
-17
-15
-14
-17
-13
-12
-15
-16
-11
-14
-15
-13
-7
-8
-7
-6
-5
-7
-9
-5
-8
-9
-10
-6
-3
-3
-7
-3
-1
-5
-3
-6
-10
-7
-5
-6
-10
-10
-10
-11
-8
-13
-15
-7
-9
-7
-9
-9
-5
-10
-6
-8
-7
-7
-11
-9
-13
-11
-14
-12
-18
-16
-15
-21
-17
-17
-16
-13
-13
-14
-12
-16
-16
-17
-14
-15
-20
-16
-15
-18
-19
-14
-17
-17
-16
-18
-14
-17
-12
-12
-12
-11
-13
-15
-12
-14
-16
-14
-14
-14
-13
-10
-15
-13
-12
-14
-8
-11
-11
-11
-9
-4
-8
-9
-9
-7
-5
-10
-10
-10
-8
-9
-11
-8
-11
-9
-8
-9
-10
-13
-12
-14
-15
-14
-11
-10
-13
-15
-15
-13
-11
-14
-12
-10
-10
-5
-13
-11
-10
-9
-6
-8
-12
-12
-10
-6
-7
-9
-10
-10
-9
-6
-9
-8
-4
-6
-5
-5
-6
-4
2
3
-4
-2
-4
-3
-1
1
4
3
6
1
-1
-1
-4
-4
-2
-2
-1
-2
-2
-6
-2
-4
-1
-1
1
0
-4
-3
-2
2
-1
1
2
5
0
-3
0
0
-2
-2
-3
-6
-7
-5
-6
-9
-11
-9
-10
-8
-11
-13
-12
-10
-11
-16
-16
-16
-15
-13
-9
-11
-11
-6
-10
-13
-8
-15
-13
-9
-7
-7
-12
-9
-11
-11
-13
-11
-11
-13
-15
-12
-12
-13
-10
-11
-11
-11
-13
-15
-12
-11
-11
-11
-15
-16
-18
-20
-19
-18
-21
-17
-19
-16
-17
-15
-13
-7
-9
-10
-7
-5
-6
-12
-12
-15
-14
-12
-15
-16
-15
-16
-18
-14
-10
-14
-16
-14
-10
-12
-18
-14
-16
-18
-17
-16
-9
-9
-9
-5
-11
-9
-7
-7
-5
-10
-5
-3
-6
-4
-5
-3
-2
-2
-3
-8
-4
-10
-6
-7
-9
-12
-15
-8
-12
-9
-7
-7
-4
-3
-1
-3
-7
-3
-8
-5
-1
-1
0
-3
-2
2
-1
-4
2
-2
-6
-7
-10
-11
-10
-11
-10
-6
-4
-6
-8
-6
-5
-3
1
0
3
5
5
5
2
3
0
-1
1
-5
-4
1
-3
0
-3
-4
-1
-3
3
-2
-2
-4
-5
1
-1
-4
-6
-2
-3
-3
-3
-4
-4
-8
-4
-2
-3
-3
-5
-3
-5
-9
-9
-9
-9
-4
-7
-5
0
-3
-4
-4
-4
-1
-2
-2
-6
-4
-1
0
-2
-3
-6
-9
-4
-5
-7
-8
-9
-10
-11
-8
-9
-12
-14
-10
-13
-14
-13
-13
-8
-8
-8
-12
-12
-9
-6
-6
-11
-9
-10
-10
-9
-7
-5
-9
-6
-6
-11
-10
-8
-4
-1
3
-2
1
0
-2
-3
-7
-1
-7
-4
-9
-4
-6
-7
-5
-5
1
-2
0
5
4
-3
4
4
3
3
4
6
7
6
6
10
9
9
4
9
6
7
11
6
6
6
7
5
4
5
7
6
1
6
6
8
4
4
8
0
6
5
7
12
8
6
6
5
4
6
5
6
4
12
9
10
10
12
11
4
13
10
9
9
8
11
6
7
6
4
3
2
0
1
1
-4
-6
-6
0
-4
-3
-5
-4
1
-1
-2
-5
-1
0
3
5
0
4
6
2
5
8
8
6
3
3
2
4
2
-1
1
-1
-1
4
1
1
2
3
-2
-5
-1
-3
-1
-3
0
-3
-3
-4
-5
-2
-6
-3
-4
-1
1
-1
-1
-5
-6
-4
-6
-5
-1
-5
-7
-7
-10
-10
-11
-13
-11
-7
-11
-14
-10
-11
-9
-4
-6
-1
-2
-1
1
-4
-2
0
3
1
2
2
1
1
5
3
2
4
-1
0
0
3
4
2
5
6
7
1
5
4
4
4
3
5
7
7
9
11
14
10
8
12
10
11
15
13
7
12
10
9
10
8
6
6
9
10
12
11
8
9
11
11
10
13
13
10
7
7
8
9
4
4
5
5
3
3
4
6
11
12
10
10
11
9
8
9
8
10
5
10
12
13
13
12
16
11
7
7
7
5
2
6
3
1
2
0
-4
-1
2
-1
0
5
3
4
5
4
3
3
7
3
3
2
2
5
4
4
6
2
4
0
1
-2
-4
-4
-4
-5
-8
-7
-8
-7
-4
-1
0
-2
0
1
0
-3
-3
-4
-9
-8
-7
-9
-6
-7
-6
-2
-4
-3
1
1
0
-1
2
1
1
4
2
3
0
5
2
2
6
4
3
6
7
6
11
6
10
8
9
5
5
9
9
9
4
5
6
0
4
8
10
12
10
11
12
9
9
8
11
11
8
11
12
7
6
6
5
2
0
0
0
3
1
-3
-1
2
5
6
6
8
5
5
2
6
3
3
7
5
6
10
8
4
6
8
10
9
11
10
13
8
8
10
5
6
7
3
8
8
5
7
7
8
6
6
7
4
5
5
4
4
3
6
5
3
3
4
3
2
0
-2
0
-1
2
-5
-5
-5
-6
-10
-12
-11
-10
-8
-9
-7
-5
-6
-2
-2
-3
-6
-3
-2
-8
-2
-6
-5
-10
-10
-10
-9
-9
-10
-7
-6
-8
-7
-8
-10
-10
-11
-7
-9
-8
-8
-8
-4
-3
-4
-1
1
-4
-4
-3
-7
-7
-2
-7
-2
0
0
-4
-4
0
-3
0
1
-1
-4
-5
-2
2
2
2
4
3
4
6
3
11
4
4
5
5
7
4
7
6
6
12
11
14
13
13
15
17
16
14
22
21
19
17
18
18
17
17
20
16
14
19
13
18
21
19
16
16
15
16
14
14
11
9
9
8
11
5
6
7
6
4
4
4
6
4
6
6
8
4
2
4
6
2
3
4
0
0
0
0
-4
-6
-3
-3
-3
-4
-3
-4
-6
-7
-10
-7
-3
-11
-9
-6
-4
-9
-12
-8
-12
-11
-11
-14
-17
-14
-12
-13
-15
-18
-15
-22
-23
-27
-25
-23
-29
-22
-23
-24
-21
-16
-14
-18
-10
-12
-12
-9
-12
-9
-12
-16
-10
-12
-15
-18
-14
-15
-18
-11
-9
-8
-8
-7
-5
-4
-6
-6
-7
-5
-5
-5
1
1
5
3
4
9
9
13
10
13
12
10
9
10
11
14
13
17
17
15
19
20
20
20
23
21
22
22
21
19
25
19
18
19
17
18
15
14
16
15
17
17
17
15
12
10
12
12
12
7
11
13
10
12
7
10
11
10
0
2
-1
-4
-4
-6
-10
-9
-6
-13
-13
-14
-10
-9
-15
-11
-13
-19
-15
-18
-17
-18
-18
-21
-12
-20
-11
-11
-15
-8
-9
-8
-12
-16
-7
-4
-21
-15
-7
-20
-19
-9
-21
-14
-9
-20
-21
-14
-11
-19
-25
-21
-18
-25
-32
-18
-20
-30
-23
-17
-22
-23
-13
-20
-26
-20
-11
-21
-22
-13
-18
-22
-23
-12
-15
-16
-15
-8
-8
-14
-10
-1
4
3
6
16
21
23
24
37
41
45
55
56
63
67
71
77
76
75
81
77
78
78
75
71
69
68
63
57
52
50
42
40
35
26
16
13
16
10
8
4
1
-1
-4
-1
-6
-5
5
-3
-6
5
11
0
-1
13
14
5
-5
-2
3
-4
-5
-5
-25
-5
-10
-28
-32
-15
-24
-30
-29
-30
-20
-35
-31
-32
-29
-31
-33
-25
-29
-32
-29
-21
-19
-26
-17
-22
-20
-14
-11
-9
-9
-8
1
-8
-6
2
-4
-4
-13
-14
3
-7
-34
-28
-22
-21
-21
-36
-30
-13
-24
-32
-21
-28
-27
-20
-27
-41
-29
-26
-40
-44
-31
-18
-15
-19
-10
-1
10
14
24
35
45
51
53
70
79
83
77
81
87
88
85
80
77
78
76
73
69
67
60
51
46
44
38
32
23
17
15
8
3
0
-6
-8
-9
-16
-16
-13
-12
-14
-19
-14
-6
-11
-10
-11
-7
-1
-2
5
11
14
12
17
25
32
30
28
31
32
38
38
30
27
28
31
26
19
18
19
18
11
11
21
13
1
6
11
15
4
-1
6
8
4
5
2
19
6
-15
5
31
-18
-18
0
-7
-13
-5
-17
-30
-10
-11
-20
-53
-19
-6
-33
-67
-3
-16
-52
-44
-18
-34
-31
-48
-39
-20
-31
-44
-44
-24
-22
-32
-44
-45
-24
-15
-41
-60
-32
-13
-37
-51
-42
-13
-21
-44
-37
-20
-11
-28
-33
-20
-5
-17
-37
-36
-18
-11
-28
-24
2
12
4
3
13
40
45
38
38
59
67
71
63
71
83
84
80
83
82
77
79
69
66
69
68
60
48
47
42
40
29
23
27
25
19
16
14
9
3
0
0
5
7
-1
-10
1
11
0
1
6
15
10
2
11
20
12
13
16
12
31
21
12
16
25
24
18
22
25
26
15
22
13
19
18
11
6
11
7
8
4
13
1
9
14
7
-9
4
19
0
-16
-12
14
-19
-30
-19
5
-39
-49
-23
-1
-60
-34
-16
-36
-54
-46
-40
-45
-59
-40
-44
-70
-43
-28
-56
-65
-49
-23
-35
-64
-73
-44
-8
-57
-95
-42
-4
-54
-90
-48
-21
-32
-70
-56
-37
-25
-55
-48
-45
-30
-23
-52
-54
-19
-10
-41
-64
-34
-9
-34
-54
-24
10
-4
-28
-13
25
35
21
21
45
56
65
52
64
71
72
73
70
77
78
72
62
59
63
67
61
48
45
46
48
35
22
20
17
13
11
10
7
4
-3
-5
8
8
6
1
-1
-5
3
10
-3
1
12
3
-2
7
11
-4
-4
19
15
-12
2
29
18
2
6
38
21
10
1
24
22
6
-6
18
15
6
12
-4
20
6
-13
8
25
-22
-5
17
-4
-13
-8
9
11
-30
-22
13
-14
-26
-10
-47
-14
0
-66
-31
-12
-42
-43
-50
-40
-13
-47
-74
-38
-13
-54
-97
-35
-11
-56
-72
-60
-29
-8
-63
-98
-20
8
-64
-92
-21
-19
-58
-49
-54
-47
-35
-38
-47
-61
-45
-23
-19
-66
-56
-12
-19
-58
-49
-17
-25
-36
-45
-28
-16
-9
-4
5
-8
8
35
39
42
49
60
62
72
87
92
78
80
94
107
99
82
92
96
82
73
81
82
67
52
47
51
47
35
28
27
24
27
33
19
12
15
18
12
19
12
10
19
10
-6
20
37
6
-4
21
42
4
-10
27
31
6
1
39
35
4
11
30
23
25
27
25
27
31
17
18
30
22
16
19
30
13
19
4
12
28
6
-13
22
21
-10
-4
-24
11
9
-32
-58
15
2
-54
-70
14
-30
-63
-57
-5
-42
-87
-67
-18
-44
-120
-55
-23
-62
-109
-42
-59
-68
-51
-68
-79
-30
-42
-79
-77
-15
-53
-72
-75
-26
-43
-77
-63
-36
-46
-62
-44
-63
-66
-25
-56
-92
-40
-9
-85
-64
-23
-34
-53
-41
-47
-49
-35
-42
-63
-30
1
-13
-31
-24
6
25
1
7
48
52
45
55
69
73
80
71
66
85
89
62
56
59
70
59
54
48
49
44
36
36
31
33
32
20
23
27
35
16
9
17
23
19
26
12
8
18
22
5
14
19
19
21
1
4
33
30
-3
17
30
29
27
8
10
33
31
11
18
30
48
13
11
32
27
26
29
17
-6
41
39
-9
-10
45
27
-14
17
24
-42
10
46
-34
-30
43
0
-37
-12
6
-2
-56
-18
19
-48
-70
7
-7
-75
-37
-17
-45
-57
-32
-44
-58
-30
-40
-64
-60
-21
-42
-65
-53
-4
-51
-72
-23
-11
-69
-48
-16
-48
-59
-41
-34
-48
-32
-58
-40
-25
-31
-63
-42
-20
-45
-60
-33
-37
-55
-30
-36
-57
-43
-31
-40
-34
-3
12
-20
-16
24
47
16
23
58
65
63
65
87
95
79
69
82
95
93
76
73
78
82
65
70
71
56
49
46
46
39
43
36
33
25
43
41
16
29
37
12
12
41
18
9
9
18
25
11
9
11
37
12
0
25
35
11
-2
32
20
8
12
32
2
15
27
27
20
24
33
15
33
25
29
34
12
14
25
32
26
-20
1
58
16
-36
-3
40
5
-16
-6
-30
15
24
-52
-88
31
32
-89
-86
17
-5
-91
-72
-25
-49
-74
-69
-63
-56
-61
-69
-85
-65
-41
-61
-107
-55
-40
-73
-75
-67
-54
-59
-72
-56
-59
-71
-61
-57
-66
-70
-51
-63
-51
-58
-82
-51
-26
-76
-90
-36
-28
-65
-77
-43
-46
-59
-61
-59
-64
-58
-52
-59
-42
-11
-26
-33
-9
17
21
20
29
37
53
55
75
74
66
66
85
87
82
74
72
73
64
67
62
58
47
43
36
33
26
34
26
9
13
44
13
-1
40
17
-7
27
38
10
11
11
8
22
26
3
15
13
24
12
3
7
19
9
2
-4
17
28
20
-4
20
36
45
11
0
51
59
-7
5
80
48
-14
21
69
56
11
-6
49
42
23
-5
1
24
55
14
-43
31
83
-19
-58
43
47
-40
-43
-7
33
-47
-57
0
-7
-59
-18
-43
-56
-11
-38
-86
-42
-19
-46
-81
-50
-34
-62
-48
-31
-76
-72
13
-30
-94
-50
16
-35
-87
-45
1
-30
-76
-49
-7
-42
-73
-47
-26
-44
-64
-47
-41
-38
-53
-76
-39
-23
-57
-74
-43
-38
-45
-37
-16
-4
-15
-16
7
35
45
28
29
55
84
77
59
67
96
80
65
89
99
74
57
66
68
57
60
60
43
34
34
45
50
9
0
46
34
-10
27
36
-8
1
28
19
-2
17
18
-16
3
32
11
-28
10
49
-25
-45
37
45
-54
-28
32
5
-25
8
-1
-16
13
10
-6
-4
17
16
7
14
8
17
38
-1
-1
19
21
11
-9
-7
20
9
7
-28
-19
21
20
-61
-24
36
4
-51
-38
2
7
-50
-57
-8
-19
-63
-33
-32
-77
-22
-27
-91
-74
-11
-35
-101
-100
-15
-31
-102
-99
-53
-32
-62
-103
-81
-26
-42
-82
-89
-40
-28
-45
-76
-75
-33
-40
-77
-78
-61
-45
-34
-75
-83
-16
-24
-105
-59
-21
-54
-85
-66
-64
-58
-57
-31
-20
-37
-31
-5
20
16
28
41
46
47
68
86
87
78
81
88
100
91
86
88
72
59
60
84
73
38
33
40
46
44
17
21
52
23
-2
51
44
-6
9
13
8
29
33
10
-8
-5
26
36
17
4
4
28
29
-7
12
33
19
0
26
50
29
11
31
36
34
34
32
25
56
32
-6
55
69
34
19
23
52
60
1
-30
68
77
-37
-48
85
79
-54
-52
45
90
-17
-63
-22
118
-20
-116
14
63
-53
-62
-23
-4
-4
-63
-81
2
-43
-50
-35
-81
-59
15
-69
-91
-15
23
-99
-82
14
-3
-99
-55
-27
-28
-29
-61
-44
-38
-41
-33
-47
-48
-20
-52
-53
-23
-45
-81
-19
-40
-61
-50
-34
-68
-34
-47
-60
-76
-28
-42
-67
-15
45
-19
-44
16
76
42
11
64
111
61
53
117
120
69
86
103
110
105
91
72
82
76
57
63
74
45
29
25
21
30
31
1
3
6
6
26
6
-19
-25
12
12
-11
-26
5
13
-11
-50
7
53
5
-53
-14
48
22
-13
-16
18
34
9
8
12
35
29
9
-27
52
71
7
-42
13
72
26
-53
12
52
7
-10
-9
5
9
11
-4
-34
5
44
-30
-52
12
-24
4
1
-73
-29
6
-38
-36
-21
-98
-22
16
-83
-161
13
16
-153
-141
7
-29
-93
-105
-104
-21
-7
-145
-97
10
-76
-110
-42
-74
-66
-35
-68
-98
-66
-3
-62
-138
-65
29
-52
-135
-72
15
-53
-144
-43
-2
-77
-95
-69
-54
-32
-90
-114
-47
-41
-58
-14
17
-28
-41
21
83
64
47
98
118
85
112
162
157
123
131
159
166
151
139
115
112
115
97
102
110
64
12
35
49
31
9
8
5
-12
-26
-15
-12
-34
-42
-31
-18
-11
-14
-29
-34
-29
-23
11
26
-8
-16
3
8
9
35
34
17
26
28
43
58
31
42
62
55
63
68
65
45
32
29
64
63
19
20
25
24
14
-4
-3
19
4
-39
2
6
1
-47
-17
-2
-26
-34
-35
-38
-55
-19
-34
-93
-33
-44
-77
-88
-54
-54
-93
-92
-47
-75
-120
-70
-66
-116
-84
-47
-74
-94
-86
-67
-48
-101
-104
-53
-72
-128
-76
-81
-81
-97
-75
-76
-85
-77
-82
-94
-111
-78
-98
-109
-95
-74
-111
-124
-105
-101
-102
-64
13
13
-67
-59
43
118
64
51
146
170
114
105
209
236
160
145
204
250
199
138
143
168
145
110
140
145
72
16
26
60
34
-4
-14
-24
-48
-50
-40
-68
-80
-80
-88
-78
-68
-77
-89
-96
-81
-40
-25
-36
-32
-26
-33
-16
33
56
29
14
50
66
64
80
92
82
98
96
98
116
103
69
67
102
92
51
42
39
19
9
18
11
-20
-33
-41
-37
-40
-22
-20
-55
-62
-14
0
-51
-71
-41
-17
-41
-70
-60
-33
-74
-114
-82
-81
-89
-104
-153
-131
-105
-141
-156
-144
-117
-109
-138
-144
-86
-84
-160
-141
-60
-60
-120
-148
-99
-93
-135
-116
-113
-111
-104
-143
-171
-94
-91
-163
-178
-104
-81
-162
-197
-144
-113
-120
-55
31
-9
-86
-36
105
150
95
113
193
209
171
193
283
300
217
190
274
322
245
170
202
234
174
145
179
156
60
10
49
66
27
-13
-35
-74
-85
-67
-78
-95
-110
-116
-115
-114
-91
-82
-110
-130
-89
-33
-37
-44
-42
-38
-39
4
67
69
43
53
73
81
116
151
147
128
147
175
167
165
159
143
147
160
140
108
91
58
34
49
42
6
-32
-55
-68
-79
-78
-73
-85
-122
-117
-105
-119
-121
-94
-96
-106
-93
-73
-39
-98
-128
-49
-55
-90
-43
-70
-116
-72
-71
-100
-64
-81
-120
-96
-107
-134
-94
-122
-182
-140
-101
-134
-202
-208
-146
-140
-209
-213
-151
-174
-236
-244
-182
-173
-212
-240
-218
-204
-215
-239
-166
-21
39
-57
-134
-11
170
199
114
171
283
259
186
261
397
392
278
237
334
385
274
181
226
264
182
127
164
132
20
-34
5
42
4
-51
-100
-138
-131
-97
-98
-129
-142
-147
-165
-165
-117
-92
-130
-153
-103
-45
-43
-51
-51
-38
-32
8
78
90
53
45
84
122
157
192
180
158
155
185
211
223
226
200
175
181
192
182
150
106
89
99
94
54
20
-7
-26
-34
-33
-19
-50
-93
-109
-106
-93
-71
-77
-106
-114
-100
-94
-99
-84
-99
-111
-93
-65
-120
-119
-51
-93
-143
-67
-30
-96
-90
-79
-81
-74
-58
-78
-97
-104
-112
-144
-138
-117
-153
-195
-175
-160
-190
-208
-213
-212
-221
-235
-230
-253
-269
-265
-248
-107
35
-46
-204
-126
139
238
127
152
309
297
196
277
475
508
357
276
380
465
396
291
312
358
264
185
245
245
94
10
50
82
45
-3
-65
-144
-163
-103
-87
-135
-162
-179
-219
-217
-143
-91
-140
-190
-154
-96
-78
-49
-19
-48
-72
-5
84
89
69
91
106
100
150
227
227
176
165
193
231
266
265
228
202
205
214
215
216
173
122
107
113
91
61
41
-3
-29
-16
-10
-37
-63
-78
-99
-92
-62
-58
-95
-108
-99
-101
-100
-76
-76
-104
-106
-82
-72
-75
-88
-101
-98
-92
-90
-94
-107
-125
-126
-122
-118
-127
-139
-146
-141
-154
-151
-133
-175
-211
-187
-160
-200
-232
-228
-224
-237
-246
-252
-265
-273
-283
-252
-105
38
-32
-217
-150
151
290
167
120
271
330
227
248
453
560
407
247
320
466
433
304
282
323
267
177
193
200
107
12
18
34
6
-19
-73
-169
-192
-110
-72
-152
-220
-212
-211
-232
-188
-100
-120
-205
-208
-143
-91
-55
-26
-56
-105
-59
46
64
36
69
96
72
104
195
217
168
151
184
217
241
254
226
203
217
217
207
206
187
141
120
130
114
89
57
17
-21
-5
19
-4
-38
-61
-76
-88
-58
-26
-54
-81
-92
-95
-95
-71
-58
-86
-104
-98
-93
-105
-107
-112
-117
-119
-113
-122
-122
-125
-132
-130
-131
-130
-137
-139
-147
-172
-178
-161
-173
-196
-209
-216
-222
-237
-237
-211
-207
-222
-244
-262
-258
-246
-240
-161
13
63
-119
-230
12
332
324
157
200
349
323
237
372
597
568
312
228
388
497
403
293
321
323
212
164
199
180
83
21
22
14
-14
-36
-119
-203
-146
-56
-109
-211
-218
-189
-220
-220
-119
-77
-168
-237
-186
-99
-50
-15
-23
-93
-108
-7
79
62
68
106
82
51
131
234
230
161
149
180
219
245
237
213
213
230
221
208
205
180
141
137
150
138
97
39
-12
-10
37
46
-2
-43
-72
-103
-92
-33
-18
-62
-104
-121
-120
-98
-59
-63
-98
-112
-111
-113
-120
-116
-107
-121
-137
-143
-147
-143
-152
-151
-152
-149
-148
-158
-168
-172
-175
-172
-177
-203
-211
-227
-239
-241
-242
-240
-249
-254
-267
-280
-292
-286
-286
-258
-95
51
-21
-246
-194
173
370
215
112
260
344
244
253
506
664
458
203
271
475
488
348
306
346
266
147
164
228
166
53
8
0
-16
-22
-62
-173
-202
-116
-80
-181
-235
-194
-207
-256
-200
-84
-103
-230
-247
-164
-94
-45
-12
-60
-135
-94
28
70
55
92
97
23
30
172
261
198
124
129
176
217
242
235
222
206
182
180
204
219
176
134
132
132
119
83
33
4
20
47
32
-7
-40
-75
-96
-54
0
-15
-70
-109
-125
-112
-67
-26
-46
-104
-125
-118
-109
-91
-77
-86
-122
-147
-143
-129
-119
-132
-147
-164
-163
-163
-153
-156
-176
-181
-163
-168
-186
-197
-196
-202
-210
-216
-221
-222
-226
-252
-283
-278
-246
-258
-233
-74
45
-89
-275
-103
256
335
125
100
295
338
212
285
557
619
352
172
327
516
458
320
333
359
234
133
194
257
173
70
27
13
-6
0
-38
-129
-132
-66
-93
-199
-201
-141
-175
-241
-166
-77
-142
-247
-222
-128
-89
-61
-33
-85
-137
-80
24
48
51
91
72
-6
29
179
252
195
133
130
167
212
245
246
237
211
173
181
230
248
195
145
131
136
128
112
77
33
41
50
36
16
-14
-50
-76
-32
7
-11
-63
-99
-112
-84
-32
-13
-47
-98
-121
-107
-83
-58
-55
-97
-143
-152
-138
-117
-108
-124
-159
-178
-171
-159
-154
-171
-170
-178
-183
-186
-195
-195
-206
-206
-207
-212
-226
-226
-243
-252
-268
-265
-254
-257
-286
-214
-40
16
-146
-245
-5
279
249
73
156
338
303
193
350
606
547
262
190
402
520
401
312
359
335
173
125
237
294
175
44
2
-4
4
9
-35
-99
-111
-97
-153
-203
-150
-105
-186
-249
-158
-88
-178
-248
-172
-87
-94
-93
-50
-80
-135
-75
20
43
45
58
29
-31
26
158
193
232
180
84
69
201
309
304
256
211
141
144
263
293
259
221
134
62
95
175
171
72
33
42
12
16
23
-10
-29
-36
-39
-34
-36
-63
-96
-90
-30
-16
-56
-86
-113
-110
-63
-29
-35
-81
-127
-157
-141
-87
-39
-90
-153
-176
-160
-139
-130
-138
-155
-178
-203
-209
-197
-188
-176
-215
-239
-247
-251
-237
-236
-234
-249
-276
-290
-281
-281
-246
-83
36
-67
-260
-134
217
311
136
126
322
349
198
261
576
660
377
190
346
536
469
342
397
425
247
114
219
342
260
88
33
40
26
12
-10
-60
-94
-100
-144
-199
-168
-104
-173
-272
-211
-108
-164
-263
-212
-111
-121
-143
-65
-55
-129
-133
-12
45
26
49
63
-7
-9
105
190
144
163
205
145
92
172
310
319
242
174
168
199
251
264
247
219
137
81
107
168
157
82
42
21
2
9
20
-10
-24
-26
-37
-40
-27
-35
-76
-79
-24
1
-41
-74
-77
-87
-76
-49
-27
-54
-117
-149
-130
-100
-81
-90
-127
-174
-188
-180
-147
-132
-145
-185
-222
-240
-222
-204
-195
-208
-246
-267
-275
-259
-239
-242
-257
-280
-305
-304
-288
-142
38
-4
-232
-229
95
319
195
85
247
351
213
186
467
681
472
175
255
510
518
351
349
433
314
105
157
348
321
109
6
44
47
5
-4
-26
-86
-130
-156
-186
-167
-119
-157
-272
-274
-147
-134
-243
-248
-145
-126
-193
-143
-47
-83
-163
-93
17
24
8
41
34
-13
31
147
159
161
202
166
99
150
271
316
261
201
190
179
223
262
244
228
163
77
81
154
162
91
26
23
13
-6
17
1
-30
-38
-43
-37
-15
-22
-68
-89
-47
2
-29
-60
-65
-92
-103
-73
-27
-38
-101
-155
-158
-132
-93
-87
-117
-164
-205
-213
-183
-144
-139
-182
-234
-269
-256
-222
-190
-209
-254
-272
-269
-272
-255
-226
-220
-258
-294
-284
-247
-227
-107
31
1
-174
-166
138
340
204
105
268
373
256
216
467
639
440
199
293
504
480
319
329
416
301
109
154
308
273
75
0
46
27
-30
-44
-62
-101
-140
-162
-196
-177
-135
-175
-277
-265
-155
-143
-241
-227
-138
-143
-188
-122
-26
-72
-147
-78
20
19
20
72
65
8
54
161
208
184
146
138
157
204
243
253
229
190
158
194
234
218
187
158
121
99
115
123
91
37
22
22
22
25
3
-38
-49
-23
-2
-4
-15
-43
-79
-78
-31
-4
-19
-47
-77
-95
-87
-49
-31
-67
-120
-137
-126
-122
-122
-124
-133
-169
-191
-184
-172
-176
-181
-184
-199
-224
-238
-230
-222
-226
-236
-241
-250
-242
-237
-257
-271
-269
-249
-263
-288
-270
-113
26
-32
-202
-120
176
281
128
129
346
379
188
220
526
638
393
224
374
516
398
288
393
454
260
75
178
311
209
45
33
60
-20
-82
-55
-44
-106
-163
-187
-204
-179
-142
-198
-285
-244
-160
-179
-244
-185
-116
-167
-204
-86
-6
-76
-125
-32
26
-2
30
113
95
16
44
130
153
136
157
243
200
130
146
251
297
235
182
196
182
156
188
200
172
113
59
63
67
69
54
20
12
4
-33
-32
-6
-4
-18
-40
-23
-19
-53
-69
-53
-31
-31
-54
-80
-92
-112
-108
-77
-71
-101
-143
-168
-173
-159
-132
-109
-160
-219
-243
-221
-187
-170
-170
-213
-262
-286
-262
-227
-220
-242
-297
-308
-286
-256
-253
-266
-281
-296
-313
-256
-63
71
-26
-212
-105
203
304
189
223
384
348
193
295
594
655
415
274
389
473
381
342
442
418
184
79
195
251
131
31
40
-15
-118
-105
-35
-96
-208
-214
-177
-209
-233
-184
-194
-274
-279
-187
-147
-164
-153
-121
-139
-136
-47
4
-29
-45
11
36
24
81
150
112
62
112
207
199
157
160
180
175
170
191
224
200
145
109
126
162
145
116
98
57
30
39
56
47
18
-6
-14
-7
11
14
-13
-18
0
3
9
17
12
-19
-28
-5
8
-3
-20
-50
-79
-90
-75
-67
-89
-126
-154
-174
-168
-168
-168
-176
-210
-244
-254
-226
-215
-217
-232
-242
-263
-270
-245
-227
-232
-248
-275
-272
-250
-229
-249
-250
-253
-269
-291
-237
-27
116
2
-180
-64
221
288
185
285
456
346
173
307
590
600
391
349
444
401
268
313
458
374
130
95
211
144
-9
25
89
-46
-198
-116
-28
-165
-269
-175
-126
-234
-268
-154
-134
-249
-269
-131
-91
-146
-129
-47
-44
-78
-19
48
39
33
67
73
82
136
153
116
123
180
183
142
166
193
159
125
144
171
172
141
107
100
101
82
70
94
92
24
1
35
37
1
9
39
19
-7
19
39
25
26
44
57
70
60
41
33
31
18
6
18
13
-32
-70
-89
-100
-105
-118
-140
-167
-187
-203
-227
-216
-207
-219
-235
-243
-238
-234
-225
-224
-232
-243
-246
-247
-233
-225
-242
-258
-259
-242
-232
-248
-252
-263
-271
-276
-136
81
99
-94
-108
149
278
174
233
497
491
222
213
509
616
409
326
492
499
242
147
371
430
152
-4
167
197
-63
-162
12
17
-210
-257
-99
-101
-266
-296
-190
-197
-263
-222
-142
-152
-207
-188
-128
-103
-64
-16
-1
5
45
36
22
89
161
112
55
129
185
109
69
152
159
65
24
99
82
104
147
65
38
61
83
62
96
130
51
-22
70
87
7
70
62
2
16
55
67
35
58
56
23
59
101
56
43
79
33
0
37
31
-23
-48
-37
-59
-94
-106
-115
-170
-170
-167
-202
-192
-183
-231
-237
-222
-204
-210
-217
-212
-236
-240
-213
-213
-227
-227
-242
-260
-243
-247
-249
-250
-252
-278
-281
-256
-245
-259
-242
-91
65
67
-30
-6
155
216
248
381
436
387
352
329
431
550
431
356
456
415
218
216
306
259
130
49
62
71
-47
-124
-78
-124
-257
-219
-128
-164
-234
-256
-250
-240
-226
-173
-119
-130
-146
-120
-104
-82
-17
42
46
58
79
64
66
110
136
128
107
118
133
118
111
128
115
80
72
76
74
56
53
21
4
19
25
14
23
13
-29
-8
13
1
-2
8
18
11
16
54
72
62
69
78
74
86
91
92
82
81
71
55
53
37
-1
-18
-18
-48
-75
-94
-124
-167
-182
-170
-167
-191
-216
-223
-239
-235
-212
-200
-200
-202
-213
-206
-186
-175
-173
-185
-194
-199
-198
-192
-187
-204
-206
-205
-229
-246
-237
-232
-256
-255
-142
7
73
19
-26
29
124
212
328
393
338
260
292
410
434
387
371
368
318
267
280
282
218
138
100
93
51
6
0
-4
-83
-174
-179
-147
-148
-137
-119
-161
-234
-238
-168
-124
-114
-99
-101
-136
-131
-63
-9
-1
10
38
30
8
35
85
92
77
82
79
69
83
120
125
92
71
57
50
66
79
71
43
18
21
39
50
36
7
2
17
22
29
36
28
-3
-4
33
60
61
57
50
29
31
51
65
64
62
67
47
31
24
11
1
-6
-2
-24
-59
-76
-75
-95
-132
-127
-147
-183
-170
-154
-177
-188
-189
-182
-182
-189
-185
-168
-157
-161
-174
-179
-175
-152
-142
-152
-145
-150
-139
-141
-148
-126
-137
-164
-171
-171
-173
-163
-112
-4
61
48
19
15
45
103
189
260
274
241
212
221
256
277
283
267
238
223
219
211
190
154
107
84
83
82
80
50
1
-30
-43
-50
-56
-58
-51
-60
-70
-62
-62
-96
-113
-86
-61
-43
-35
-39
-48
-61
-46
-5
11
-1
-20
-28
-17
7
29
24
-3
-22
-18
18
52
70
62
28
-10
-17
20
61
81
71
44
18
10
22
49
75
74
51
38
34
35
56
67
73
69
56
62
71
65
84
97
90
69
33
34
53
56
60
40
6
-30
-30
-12
0
6
-13
-56
-80
-75
-72
-47
-48
-70
-91
-102
-112
-125
-110
-100
-105
-113
-103
-112
-149
-143
-133
-119
-107
-111
-108
-115
-119
-118
-106
-98
-110
-114
-110
-106
-107
-114
-106
-105
-127
-133
-126
-132
-138
-121
-92
-45
-14
-3
-20
-23
5
56
108
146
161
156
151
162
191
208
221
209
196
196
199
205
189
155
124
99
88
85
76
52
11
-27
-42
-35
-42
-56
-66
-78
-81
-84
-83
-79
-91
-102
-106
-75
-59
-68
-67
-65
-61
-52
-47
-44
-40
-46
-53
-26
12
28
17
1
-4
-5
9
38
61
62
51
47
51
50
57
77
89
88
88
85
70
66
79
88
92
87
75
66
61
73
79
83
66
41
54
54
44
39
40
38
1
-18
-15
2
-5
-34
-45
-55
-76
-75
-52
-85
-120
-105
-102
-122
-120
-110
-140
-145
-152
-149
-133
-115
-123
-155
-138
-128
-122
-140
-140
-140
-136
-124
-113
-121
-143
-106
-98
-125
-133
-128
-125
-117
-103
-112
-130
-128
-127
-134
-132
-119
-98
-81
-27
16
36
45
57
73
87
130
192
232
239
238
225
220
228
240
243
229
206
171
156
152
136
104
62
25
-3
-17
-34
-51
-74
-100
-107
-113
-127
-131
-139
-140
-129
-113
-100
-98
-96
-92
-88
-80
-61
-40
-21
-11
-1
7
4
2
6
13
24
46
53
56
56
56
69
69
82
94
90
88
92
118
126
129
128
118
105
98
106
113
113
105
98
90
76
69
63
56
40
36
41
44
29
4
-11
-24
-26
-25
-41
-46
-54
-74
-99
-101
-94
-115
-119
-113
-120
-141
-149
-130
-141
-154
-150
-171
-157
-137
-130
-141
-154
-170
-170
-136
-137
-158
-165
-160
-147
-146
-170
-173
-164
-169
-163
-152
-146
-152
-162
-161
-148
-148
-143
-143
-155
-158
-154
-158
-136
-51
48
120
150
145
137
159
206
264
308
322
311
299
321
336
324
295
243
184
145
136
131
114
75
23
-29
-90
-126
-145
-155
-166
-179
-184
-193
-207
-211
-195
-177
-173
-174
-160
-139
-104
-60
-22
-2
-2
2
18
39
79
118
123
105
92
86
90
102
112
109
92
83
83
91
99
100
85
61
43
41
46
55
73
73
65
60
50
52
59
59
59
66
75
73
73
74
71
69
62
63
66
54
35
28
17
0
-24
-45
-61
-78
-90
-106
-117
-134
-153
-168
-176
-186
-204
-217
-221
-215
-200
-193
-188
-192
-203
-203
-190
-176
-165
-156
-152
-155
-160
-160
-169
-168
-165
-161
-164
-174
-172
-162
-159
-168
-177
-187
-203
-211
-206
-195
-173
-126
-38
75
153
183
199
224
273
318
349
363
354
357
386
413
410
377
322
254
198
149
110
66
24
-10
-48
-96
-153
-197
-220
-233
-238
-246
-270
-278
-270
-232
-191
-171
-156
-146
-124
-83
-37
3
22
34
59
101
140
165
184
181
171
161
153
149
142
136
133
116
93
78
66
55
47
32
3
-24
-38
-32
-16
0
6
9
18
29
41
63
81
89
95
101
117
134
149
150
157
157
143
127
106
95
72
56
30
-1
-36
-64
-83
-107
-128
-157
-179
-197
-210
-220
-234
-243
-246
-241
-240
-234
-232
-224
-213
-196
-174
-149
-136
-133
-126
-115
-103
-105
-112
-114
-115
-128
-141
-156
-165
-170
-173
-170
-174
-192
-225
-240
-246
-245
-242
-207
-111
5
103
162
212
262
316
368
394
392
374
369
398
437
454
431
386
345
287
219
148
76
8
-40
-77
-113
-159
-195
-205
-211
-233
-265
-297
-318
-302
-263
-217
-200
-185
-142
-89
-35
3
25
34
49
74
108
148
179
212
234
235
221
202
178
161
137
109
68
40
30
31
39
33
2
-37
-59
-73
-68
-65
-53
-40
-22
17
50
75
102
131
157
172
175
173
179
195
212
221
225
218
200
182
154
114
80
44
5
-28
-65
-101
-127
-144
-153
-161
-181
-204
-220
-231
-235
-238
-242
-234
-222
-207
-190
-183
-172
-151
-133
-121
-126
-129
-116
-102
-87
-76
-72
-85
-101
-108
-112
-124
-143
-160
-172
-180
-194
-214
-234
-254
-262
-264
-267
-240
-154
-25
80
147
208
285
372
428
451
437
408
401
427
449
447
429
398
379
333
260
175
92
11
-65
-131
-194
-240
-252
-245
-244
-263
-281
-286
-286
-281
-265
-245
-223
-178
-108
-47
5
46
99
143
172
188
194
204
216
240
252
246
232
222
210
188
146
95
41
2
-20
-38
-60
-68
-66
-65
-70
-79
-76
-69
-51
-36
-18
12
47
89
139
177
205
224
244
256
253
247
237
232
228
212
188
169
140
113
75
28
-24
-77
-112
-144
-169
-198
-217
-224
-216
-207
-209
-210
-210
-208
-206
-200
-197
-194
-186
-159
-130
-103
-85
-73
-59
-71
-78
-84
-90
-98
-105
-122
-135
-133
-143
-148
-163
-180
-189
-194
-202
-225
-245
-262
-262
-265
-262
-226
-153
-43
60
142
222
307
405
456
465
452
431
433
428
418
391
365
362
344
299
237
164
90
12
-80
-169
-228
-273
-291
-304
-310
-310
-291
-261
-246
-242
-243
-225
-180
-144
-106
-57
-3
62
125
178
212
240
259
261
244
231
232
225
213
186
161
128
102
78
40
-5
-46
-75
-99
-109
-112
-112
-102
-93
-85
-78
-51
-12
20
44
68
102
145
187
216
238
261
270
280
284
271
253
227
196
166
132
101
73
37
-6
-54
-92
-121
-149
-186
-220
-235
-236
-233
-226
-218
-209
-186
-167
-151
-141
-139
-137
-128
-111
-97
-75
-60
-56
-53
-53
-61
-63
-67
-91
-122
-146
-159
-171
-183
-190
-197
-199
-198
-204
-206
-203
-209
-219
-235
-247
-255
-256
-227
-132
-9
95
173
254
358
451
495
506
503
486
461
424
389
359
343
334
310
260
204
157
99
13
-88
-176
-242
-287
-332
-348
-344
-322
-289
-260
-234
-210
-172
-130
-109
-102
-72
-24
27
71
121
175
223
257
279
286
290
293
283
247
195
160
135
100
63
25
-2
-26
-45
-67
-87
-101
-103
-109
-115
-109
-91
-69
-43
-17
11
53
99
140
176
206
243
271
284
289
277
269
261
241
216
193
166
136
102
64
25
-16
-61
-107
-155
-193
-216
-228
-248
-256
-247
-232
-211
-188
-168
-147
-141
-142
-138
-137
-126
-114
-96
-82
-65
-49
-38
-33
-33
-36
-47
-66
-95
-125
-144
-160
-171
-187
-196
-195
-187
-176
-175
-179
-186
-190
-209
-229
-247
-254
-251
-235
-178
-76
36
123
208
314
410
465
476
477
472
449
404
367
339
319
295
260
227
190
163
131
58
-34
-120
-183
-245
-310
-348
-359
-350
-333
-299
-264
-222
-179
-134
-97
-76
-44
-5
24
44
77
134
180
207
234
264
292
307
306
290
257
223
185
126
68
24
-3
-24
-47
-56
-54
-49
-49
-57
-63
-59
-60
-62
-49
-41
-26
4
33
75
121
171
212
242
260
270
267
255
232
199
173
150
128
105
83
62
41
8
-30
-69
-105
-147
-188
-219
-242
-258
-257
-245
-224
-199
-175
-152
-136
-120
-115
-105
-104
-104
-102
-96
-82
-74
-59
-43
-29
-21
-18
-23
-37
-58
-91
-122
-147
-166
-179
-187
-183
-176
-174
-171
-164
-161
-164
-179
-200
-222
-239
-250
-255
-222
-121
-12
64
138
258
378
440
453
474
490
469
408
350
318
286
255
224
200
182
164
138
86
13
-43
-89
-169
-258
-315
-341
-355
-366
-350
-297
-237
-186
-136
-89
-48
-1
39
47
58
81
109
127
143
180
224
257
277
298
305
292
264
222
171
112
64
13
-33
-64
-74
-74
-72
-62
-51
-41
-30
-37
-46
-39
-34
-35
-26
-6
23
64
114
157
197
228
250
252
237
228
202
175
137
101
72
43
25
4
-15
-35
-60
-86
-112
-138
-158
-188
-215
-232
-233
-230
-218
-204
-176
-153
-129
-111
-95
-82
-70
-60
-58
-54
-56
-59
-58
-58
-53
-46
-48
-52
-61
-77
-98
-125
-146
-169
-195
-203
-214
-224
-220
-224
-211
-209
-212
-215
-210
-210
-209
-163
-82
-7
44
121
238
341
396
431
475
505
485
433
393
371
322
254
201
165
138
111
82
43
-4
-35
-74
-145
-209
-255
-284
-317
-346
-342
-305
-274
-243
-183
-119
-62
-11
39
73
92
124
146
153
162
187
203
214
222
246
261
256
246
226
189
141
94
49
8
-31
-66
-90
-106
-96
-83
-75
-63
-47
-26
-10
-8
-5
6
19
30
49
72
98
125
151
172
189
208
211
196
169
153
126
92
58
24
-6
-38
-68
-86
-95
-105
-120
-139
-146
-155
-166
-171
-178
-175
-168
-164
-152
-133
-111
-88
-66
-44
-26
-17
-13
-11
-23
-30
-40
-54
-62
-75
-87
-103
-110
-122
-128
-137
-157
-169
-181
-188
-203
-213
-226
-229
-224
-231
-233
-235
-225
-213
-194
-121
-31
32
85
168
283
361
384
414
466
472
440
398
375
347
292
239
200
179
147
106
69
30
-15
-46
-94
-157
-206
-231
-259
-304
-319
-296
-268
-253
-222
-163
-102
-62
-19
28
67
95
120
137
142
158
182
183
180
198
217
217
199
198
199
173
130
89
54
18
-19
-49
-74
-81
-86
-92
-89
-77
-60
-36
-26
-16
-3
10
22
29
43
66
88
104
113
132
151
161
160
162
169
154
131
98
74
46
16
-22
-57
-74
-95
-125
-141
-139
-140
-144
-151
-150
-150
-145
-142
-143
-138
-125
-112
-104
-96
-76
-59
-51
-47
-47
-44
-44
-51
-65
-75
-96
-108
-123
-139
-149
-155
-161
-170
-173
-168
-162
-164
-169
-174
-174
-187
-200
-209
-209
-210
-195
-134
-55
2
58
155
259
328
363
410
457
457
418
376
353
313
250
200
169
145
117
92
71
48
29
4
-38
-89
-131
-164
-210
-254
-277
-274
-270
-260
-232
-176
-123
-78
-30
20
67
99
127
141
142
146
149
140
137
147
161
165
157
165
170
152
135
113
93
61
24
-14
-38
-51
-67
-83
-84
-83
-69
-49
-35
-14
4
23
37
41
58
70
70
67
75
82
88
94
100
113
123
124
114
108
101
82
53
19
-15
-44
-69
-92
-113
-124
-130
-135
-139
-131
-115
-106
-106
-102
-97
-96
-107
-109
-111
-112
-111
-109
-102
-91
-82
-81
-77
-76
-74
-81
-96
-114
-131
-145
-161
-181
-188
-189
-194
-195
-194
-187
-176
-166
-171
-176
-174
-174
-179
-157
-95
-39
-6
53
146
245
299
335
391
431
431
399
383
362
316
252
199
162
132
99
63
42
25
13
-10
-42
-71
-96
-120
-160
-196
-209
-216
-232
-241
-217
-176
-138
-104
-52
6
52
87
120
149
165
173
169
160
158
155
150
132
120
124
124
109
96
95
90
69
48
32
22
9
-18
-42
-54
-55
-59
-68
-64
-45
-29
-7
10
32
59
79
86
89
101
102
98
97
94
100
99
97
97
94
91
84
72
53
39
16
-17
-46
-77
-104
-128
-149
-157
-154
-152
-148
-139
-128
-112
-104
-98
-94
-94
-98
-105
-107
-106
-110
-106
-105
-103
-92
-86
-88
-88
-90
-99
-113
-127
-143
-156
-165
-180
-192
-195
-193
-190
-191
-189
-181
-171
-168
-153
-107
-47
-5
31
101
188
246
276
328
381
404
380
363
357
340
284
231
203
170
128
90
60
38
20
-4
-34
-64
-83
-106
-133
-170
-188
-194
-209
-226
-218
-184
-159
-137
-102
-53
-6
29
61
99
129
147
159
163
171
174
168
156
138
133
133
114
98
92
89
79
65
59
52
45
30
12
5
-4
-17
-29
-37
-37
-34
-31
-23
-6
11
35
54
65
78
95
101
103
105
102
100
92
86
81
77
64
57
47
41
32
14
0
-20
-39
-61
-84
-102
-116
-126
-138
-145
-137
-130
-126
-117
-110
-99
-99
-100
-102
-98
-95
-104
-111
-108
-105
-112
-113
-113
-114
-119
-119
-125
-126
-128
-134
-141
-148
-155
-159
-167
-180
-189
-194
-196
-197
-172
-115
-66
-24
36
120
204
258
302
355
402
402
381
366
359
319
259
217
187
153
107
77
63
47
27
11
-12
-31
-49
-72
-106
-137
-160
-182
-204
-220
-208
-189
-177
-161
-128
-79
-38
-4
41
80
107
124
139
144
151
152
139
124
117
113
106
95
82
83
75
66
64
68
64
54
42
31
23
11
-6
-16
-26
-32
-39
-41
-32
-18
0
8
25
44
61
73
86
99
106
109
102
92
85
80
71
55
46
42
30
21
10
2
-13
-25
-45
-62
-75
-90
-108
-114
-120
-130
-127
-128
-124
-119
-112
-106
-102
-93
-87
-88
-89
-90
-92
-98
-105
-109
-118
-125
-135
-144
-149
-143
-145
-150
-148
-150
-149
-146
-153
-162
-165
-170
-171
-166
-130
-85
-51
-13
51
132
196
243
295
350
378
373
360
357
333
284
231
194
160
114
71
48
37
19
6
-13
-23
-31
-44
-59
-89
-115
-136
-160
-188
-193
-184
-183
-178
-164
-127
-91
-58
-19
25
61
81
103
120
132
140
133
124
116
113
105
95
82
78
78
66
65
68
76
74
69
64
58
46
36
23
17
2
-15
-33
-48
-46
-41
-36
-29
-9
3
25
40
60
77
87
92
86
80
68
60
45
29
23
10
-1
-13
-18
-24
-33
-36
-51
-57
-64
-79
-86
-95
-101
-112
-116
-122
-122
-124
-123
-121
-120
-116
-114
-112
-111
-111
-108
-115
-125
-131
-139
-145
-157
-162
-159
-157
-157
-154
-140
-130
-123
-123
-121
-119
-121
-125
-117
-83
-52
-24
6
68
135
176
220
277
328
347
348
351
345
313
265
225
188
140
88
43
20
3
-13
-28
-38
-43
-45
-46
-57
-71
-77
-102
-126
-144
-153
-154
-163
-166
-155
-125
-103
-77
-41
0
32
58
88
108
126
133
133
131
128
118
107
90
80
76
68
59
62
73
71
73
75
77
76
66
59
49
35
15
-4
-22
-37
-43
-51
-56
-50
-37
-16
2
16
38
45
54
62
64
56
49
37
23
11
-5
-23
-31
-38
-46
-50
-59
-60
-64
-66
-69
-77
-81
-85
-89
-96
-105
-111
-116
-121
-129
-126
-127
-129
-127
-130
-124
-123
-123
-122
-128
-131
-131
-141
-146
-144
-151
-154
-156
-148
-142
-145
-137
-134
-127
-130
-117
-90
-51
-23
5
59
111
152
177
222
271
303
301
292
289
273
238
210
175
131
80
30
10
-3
-25
-45
-60
-68
-61
-57
-53
-53
-55
-56
-64
-75
-71
-63
-70
-83
-83
-74
-59
-41
-20
8
24
37
57
78
97
99
97
91
78
77
65
46
35
28
13
-1
0
8
19
26
32
40
52
58
66
71
72
65
52
49
51
46
44
35
22
25
29
40
42
53
56
57
58
57
57
45
32
7
-13
-32
-49
-63
-76
-89
-105
-106
-103
-99
-97
-93
-87
-89
-79
-77
-74
-76
-79
-84
-96
-100
-101
-107
-115
-121
-124
-125
-124
-122
-123
-124
-123
-125
-126
-121
-119
-120
-126
-131
-122
-122
-115
-116
-118
-111
-114
-110
-93
-63
-33
-7
34
86
137
169
204
254
295
305
295
290
281
260
216
178
145
94
44
7
-11
-26
-41
-62
-71
-72
-69
-58
-55
-50
-51
-54
-60
-59
-47
-42
-51
-55
-49
-37
-17
-3
15
36
41
54
70
87
100
98
85
71
67
55
40
29
20
9
2
0
10
25
35
40
44
55
67
77
84
87
86
75
72
76
80
78
71
65
62
63
64
68
69
66
62
60
59
55
47
31
15
-3
-16
-32
-49
-60
-76
-85
-90
-93
-90
-85
-80
-79
-72
-66
-61
-57
-54
-61
-65
-68
-77
-79
-87
-101
-109
-109
-112
-118
-116
-119
-120
-115
-111
-104
-102
-95
-88
-87
-78
-76
-74
-77
-82
-83
-85
-91
-93
-81
-55
-32
-9
26
74
119
148
183
230
267
281
272
264
259
234
200
163
122
81
34
7
-12
-19
-34
-50
-48
-47
-40
-30
-25
-25
-23
-25
-31
-24
-17
-11
-13
-15
-11
-6
10
22
33
42
48
50
57
67
76
69
61
54
49
43
41
33
25
20
12
11
19
28
30
29
36
45
49
59
57
60
61
61
61
68
72
68
75
76
80
82
88
84
78
75
63
50
41
38
32
15
-1
-5
-16
-26
-34
-45
-53
-61
-69
-73
-78
-82
-85
-86
-83
-80
-82
-79
-76
-76
-76
-77
-80
-81
-80
-81
-87
-93
-95
-103
-104
-105
-103
-99
-94
-93
-90
-80
-68
-61
-57
-49
-44
-40
-42
-41
-40
-45
-48
-41
-25
-6
17
43
74
102
135
166
198
228
235
233
227
211
194
166
132
94
52
20
-3
-18
-25
-35
-43
-43
-38
-27
-13
-4
-1
-1
-3
-1
-2
1
0
-8
-8
-4
9
17
28
35
36
42
44
50
57
54
48
47
39
37
37
31
29
22
17
11
13
16
13
12
6
11
22
29
27
36
50
54
59
72
80
88
93
92
99
98
95
93
86
76
72
58
49
42
29
20
6
-2
-10
-17
-29
-35
-44
-53
-60
-72
-77
-85
-92
-98
-101
-102
-104
-108
-104
-99
-95
-84
-78
-75
-73
-66
-64
-70
-70
-68
-74
-75
-78
-80
-84
-89
-84
-77
-76
-66
-55
-50
-42
-37
-37
-34
-33
-36
-37
-35
-33
-28
-18
8
31
53
80
104
134
159
178
193
195
193
180
168
151
122
95
69
43
19
-1
-15
-19
-27
-34
-37
-29
-22
-16
-10
-2
5
4
6
9
11
14
9
8
4
10
15
19
23
32
41
46
56
62
63
67
70
69
61
56
45
34
18
0
-11
-25
-33
-44
-47
-50
-47
-40
-29
-11
3
12
31
46
56
69
73
74
77
73
72
69
55
47
37
31
25
13
10
7
-1
-8
-14
-24
-31
-43
-55
-63
-76
-83
-87
-99
-106
-108
-107
-111
-113
-108
-104
-99
-97
-89
-82
-80
-75
-71
-69
-70
-68
-65
-61
-62
-63
-64
-59
-57
-55
-50
-44
-38
-32
-21
-21
-13
-13
-12
-10
-9
-12
-14
-15
-19
-15
-9
3
15
30
51
73
95
118
135
152
156
156
152
140
132
113
88
67
47
28
14
-1
-8
-11
-14
-11
-8
-4
5
14
14
18
20
19
22
23
21
23
28
31
35
39
42
44
54
53
54
51
46
37
23
13
2
-12
-25
-38
-46
-59
-65
-63
-66
-61
-60
-48
-35
-22
-9
4
15
23
29
33
41
43
45
44
40
38
35
28
22
17
7
0
-6
-15
-19
-22
-26
-27
-26
-31
-37
-37
-45
-51
-57
-64
-68
-73
-68
-74
-77
-82
-86
-80
-82
-77
-76
-75
-75
-72
-71
-72
-72
-75
-75
-70
-69
-66
-62
-57
-52
-48
-41
-37
-35
-30
-26
-20
-20
-21
-11
-8
-5
-2
2
1
4
12
16
24
31
38
44
54
63
75
83
90
100
110
115
118
122
114
107
104
95
91
82
73
67
65
53
50
52
47
40
40
40
40
38
40
39
39
42
38
37
35
28
24
18
12
8
1
-2
-11
-17
-19
-24
-27
-28
-32
-35
-38
-41
-42
-42
-43
-42
-44
-41
-44
-41
-37
-36
-31
-29
-25
-18
-13
-6
2
1
2
4
5
3
0
0
-1
-7
-5
-8
-10
-6
-9
-11
-11
-11
-9
-12
-14
-13
-13
-18
-18
-16
-19
-21
-23
-29
-37
-39
-42
-44
-47
-52
-56
-51
-48
-48
-38
-37
-30
-19
-14
-3
15
16
20
20
19
22
19
18
3
1
-3
-9
-9
-8
-8
-4
0
11
21
34
38
41
48
48
47
47
48
37
35
35
33
33
29
26
30
30
36
39
39
42
41
36
36
39
39
33
32
34
35
35
32
30
30
35
28
31
30
28
27
24
28
27
25
15
12
15
4
0
-7
-11
-13
-22
-25
-20
-21
-22
-15
-8
-7
-5
0
2
-1
2
3
1
-7
-7
-4
-5
-5
-9
-6
-4
2
0
1
-1
-3
-3
-3
-4
-1
-3
-4
-2
-4
2
7
9
10
11
9
15
17
17
20
15
13
11
9
6
1
-2
-6
-13
-22
-27
-35
-36
-40
-42
-42
-41
-36
-31
-27
-24
-13
-12
-10
-5
-2
1
-4
-8
-10
-6
-8
-7
-2
3
1
5
8
7
14
13
19
13
11
11
10
6
7
11
3
10
13
13
21
23
22
26
24
25
23
18
22
17
23
24
28
29
34
38
38
43
43
41
41
43
42
43
38
34
33
33
33
31
35
36
36
34
31
25
23
20
14
4
-1
3
0
-3
-2
1
0
3
5
10
12
15
16
17
18
16
21
18
21
20
19
16
16
17
13
12
14
11
12
13
12
13
15
18
14
16
13
15
12
13
15
18
24
21
27
29
31
32
30
33
38
31
30
22
18
13
4
1
-5
-6
-10
-15
-18
-22
-25
-28
-32
-27
-23
-22
-25
-19
-20
-17
-12
-10
-7
-9
-8
-4
-2
1
4
1
7
10
16
20
20
21
26
28
22
25
21
18
17
14
12
7
6
6
9
13
11
13
17
14
20
24
22
22
22
23
27
33
32
32
36
35
32
36
37
33
31
31
25
23
18
18
20
19
18
15
13
15
14
11
10
6
6
8
5
6
3
1
1
2
1
2
6
8
12
13
12
19
22
28
28
26
29
28
29
24
23
21
18
16
12
11
12
12
13
15
18
14
16
16
17
17
15
16
18
20
28
30
32
40
42
47
47
48
45
38
35
26
25
23
13
6
4
2
-1
-2
0
-1
-3
-7
-8
-3
-4
-7
-9
-5
-7
-3
-2
-3
-3
0
-4
2
4
10
8
8
9
10
13
9
11
10
5
8
9
8
10
9
8
7
3
7
7
6
11
9
12
16
18
21
24
21
25
25
25
24
24
26
27
27
31
31
26
28
27
30
30
31
36
32
33
31
30
30
23
24
15
13
12
8
8
6
5
5
7
6
4
6
4
3
1
0
5
2
-1
-7
-3
0
1
3
0
5
4
6
8
11
15
15
10
12
17
21
21
22
23
25
25
22
27
24
27
28
27
27
28
30
30
34
36
42
46
45
46
45
42
42
36
32
31
22
22
17
9
9
6
4
0
0
4
-1
-4
-1
-2
0
0
-5
-6
-7
-5
-3
-1
-2
-1
-6
-4
-8
-7
-9
-8
-5
-1
1
4
1
-1
0
-1
0
-1
-1
-3
-3
-3
-5
0
-1
0
7
9
11
14
18
17
18
23
25
24
26
24
26
28
29
28
25
22
20
16
17
12
6
10
6
3
9
7
7
10
12
11
12
12
11
9
5
4
4
-2
-3
-1
-6
-5
-7
-9
-9
-7
-9
-8
-8
-9
-8
-6
-7
-3
-2
0
2
2
6
4
9
10
13
9
11
12
10
6
7
7
8
8
8
11
9
13
13
12
12
13
13
13
17
20
22
21
21
23
23
22
19
20
20
15
15
14
10
8
4
0
-6
-8
-5
-6
-9
-10
-11
-14
-12
-13
-16
-18
-17
-13
-13
-15
-13
-11
-9
-8
-13
-8
-8
-10
-7
-7
-7
-3
-7
-8
-8
-11
-12
-14
-11
-5
-13
-10
-1
2
6
10
11
11
14
18
21
22
20
20
22
20
20
25
24
22
21
20
19
14
14
14
12
13
12
11
12
13
9
6
7
5
2
4
2
1
-2
-3
-4
-5
-4
-8
-5
-5
-13
-7
-7
-6
-10
-10
-14
-16
-9
-15
-11
-12
-14
-13
-14
-11
-9
-12
-15
-5
-6
-6
-2
-5
-5
-4
-4
-4
-3
1
4
3
7
6
7
4
5
5
4
8
9
14
15
12
13
14
13
16
5
5
4
2
0
-4
-6
-8
-12
-14
-15
-16
-13
-14
-14
-17
-17
-19
-24
-22
-24
-25
-31
-32
-28
-26
-27
-27
-28
-27
-27
-28
-26
-24
-25
-26
-26
-23
-22
-23
-17
-18
-20
-10
-11
-13
-14
-9
-4
-3
2
2
4
7
9
10
9
12
9
5
7
8
12
13
12
13
6
10
10
11
3
10
10
10
14
10
10
6
7
4
1
3
-4
0
-1
-4
-2
-1
-1
1
-2
-2
-1
-3
-3
-7
-7
-10
-9
-9
-14
-12
-11
-14
-13
-10
-9
-8
-10
-6
-3
-5
-7
-5
-2
-6
-8
-3
-3
1
0
0
-3
2
-1
0
4
-3
1
3
3
6
1
6
10
6
7
8
10
10
12
12
8
9
7
9
10
8
6
3
1
0
1
-3
-6
-8
-10
-17
-13
-14
-20
-21
-24
-27
-29
-30
-30
-27
-25
-28
-30
-30
-28
-27
-28
-26
-26
-24
-26
-25
-21
-20
-18
-19
-16
-12
-14
-16
-11
-13
-9
-9
-8
-9
-9
-13
-13
-9
-10
-2
-5
-6
-4
-5
-4
-7
-6
-6
-7
-6
-4
2
1
-2
1
2
1
0
1
2
0
1
-8
-5
-6
-11
-12
-10
-10
-12
-13
-12
-11
-15
-15
-19
-20
-20
-20
-17
-19
-18
-21
-19
-23
-24
-23
-19
-18
-21
-18
-19
-16
-17
-17
-18
-17
-17
-13
-8
-10
-4
-4
-3
-6
-4
-1
-4
-4
-1
0
-1
-1
-1
1
6
1
2
6
9
9
8
9
9
12
9
9
10
4
6
5
1
-1
-5
-5
-5
-7
-11
-15
-14
-18
-17
-17
-16
-20
-21
-24
-22
-18
-30
-29
-22
-25
-27
-27
-27
-26
-28
-25
-25
-20
-21
-17
-16
-18
-17
-16
-17
-14
-16
-18
-12
-14
-8
-6
-9
-7
-7
-6
1
1
3
2
6
3
3
6
2
4
4
3
3
2
0
5
0
-4
-9
-5
-10
-10
-7
-9
-3
-6
-2
-4
-3
-8
-9
-12
-10
-8
-9
-11
-12
-14
-14
-10
-11
-13
-13
-12
-14
-9
-7
-14
-9
-12
-12
-13
-14
-16
-13
-9
-9
-8
-6
-3
-2
2
1
7
7
7
5
6
9
7
3
6
7
6
9
10
7
9
13
14
15
14
17
18
17
16
15
17
17
16
15
10
13
12
9
10
4
4
5
1
0
-5
-6
-3
-7
-9
-10
-17
-17
-18
-22
-21
-19
-26
-25
-20
-21
-22
-19
-18
-19
-20
-17
-22
-21
-17
-18
-20
-19
-14
-14
-15
-14
-14
-16
-14
-9
-8
-7
-4
-7
-1
-2
-2
-3
-2
1
0
5
0
3
2
4
2
3
-1
-2
-4
-5
-4
-4
-7
-10
-7
-9
-7
-8
-10
-9
-12
-13
-15
-17
-17
-17
-23
-25
-19
-17
-12
-13
-15
-10
-14
-12
-11
-15
-11
-9
-12
-17
-11
-10
-5
-10
-10
-10
-11
-7
-11
-7
-4
-3
-3
-3
-1
0
-3
-2
-4
-6
1
-5
-2
-2
-2
-2
-2
2
-3
3
9
7
11
10
12
15
17
15
12
16
12
6
10
12
9
6
9
6
2
7
10
10
12
8
4
6
2
-5
-5
-4
-8
-6
-8
-12
-3
-5
-3
2
2
2
-1
-4
-1
-3
-3
-3
-2
0
-2
0
0
3
2
2
2
1
-3
-3
3
-4
-4
-1
5
2
5
9
9
13
14
11
17
15
15
19
20
18
17
20
15
16
14
16
15
15
14
12
13
9
10
9
7
3
1
2
1
-3
-4
-3
0
-4
-2
1
-2
0
4
4
3
4
3
2
4
5
1
5
8
3
7
6
4
3
1
1
3
3
5
3
6
7
6
6
9
8
2
7
7
5
5
4
2
7
6
5
6
7
5
9
12
13
13
16
14
10
8
9
5
4
6
4
1
-2
1
0
-2
-3
-5
-5
-5
0
0
-1
-9
-10
-9
-10
-5
-3
-7
-5
-5
-2
-4
-5
0
-6
-5
-5
-6
-8
-10
-9
-10
-9
-11
-8
-7
-10
-10
-11
-11
-8
-8
-9
-7
-5
-3
3
4
4
1
5
2
5
4
-2
1
-1
4
4
2
3
6
5
5
5
4
6
2
6
6
3
4
5
3
1
3
1
4
2
-1
-3
-5
-2
-2
3
-1
-2
0
-1
2
3
3
2
3
4
2
4
2
3
4
-1
3
4
5
5
4
5
5
9
10
9
10
12
10
7
5
4
7
8
6
9
9
6
6
7
3
6
6
7
9
6
7
3
4
0
0
-1
0
-1
-2
-3
-1
-2
-1
-3
-3
-6
-7
-9
-13
-7
-10
-8
-11
-11
-6
-9
-11
-12
-7
-10
-11
-8
-8
-8
-8
-8
-8
-3
-8
-4
-2
-2
1
1
0
1
2
6
0
-1
0
2
5
5
1
2
5
8
10
9
10
10
9
8
14
11
14
20
17
18
18
17
19
16
16
15
12
13
12
9
13
9
13
11
10
9
5
12
10
8
7
6
7
5
3
9
10
6
9
13
9
10
10
9
10
8
10
9
10
7
11
10
11
