12
9
14
11
6
9
7
5
9
13
9
10
10
8
8
7
11
11
10
11
9
12
11
10
11
3
7
8
8
10
9
11
15
13
18
17
14
15
12
12
16
14
12
11
7
7
7
8
6
5
7
4
9
5
5
5
6
6
10
11
11
8
8
12
14
19
11
12
10
16
17
16
15
16
16
15
17
14
14
12
14
14
14
16
17
15
18
16
18
17
17
18
17
18
14
14
20
24
23
28
27
23
23
25
20
22
21
22
21
21
21
21
20
22
23
24
23
20
21
24
20
20
24
22
28
21
21
24
24
26
27
26
24
26
26
29
27
28
33
31
28
26
26
27
29
28
31
28
24
25
23
22
22
26
27
24
21
22
21
22
23
23
24
22
18
20
21
23
16
18
22
17
15
14
16
13
17
15
12
11
12
7
12
16
13
12
11
13
11
12
13
13
8
9
13
11
13
14
9
12
12
13
13
10
14
11
13
12
16
14
10
12
11
11
7
12
11
8
12
9
14
11
6
12
10
7
8
8
10
10
10
6
5
10
13
12
8
10
11
8
13
16
13
13
15
16
13
11
10
10
12
11
17
17
18
15
18
16
15
17
11
14
11
12
10
8
11
10
14
17
15
9
16
16
16
17
21
17
13
20
18
18
23
21
20
20
20
22
25
24
25
23
19
22
20
20
18
14
19
22
25
23
23
24
21
27
26
26
25
25
29
21
25
24
25
28
28
28
27
26
24
23
22
20
16
17
14
14
14
14
13
13
13
7
10
13
10
13
11
12
12
10
12
11
16
11
7
7
6
9
9
9
10
8
6
8
10
10
12
10
9
7
5
6
2
2
7
5
8
8
5
6
5
3
4
6
6
7
4
3
6
5
4
5
3
3
-1
0
2
-4
-7
-9
-4
-5
-5
-10
-4
-4
-4
-2
-4
-1
0
1
-1
2
-4
-4
-3
-3
0
-2
0
-4
-4
1
1
-2
-1
0
3
1
1
2
1
4
0
7
8
10
10
10
9
9
11
12
12
13
11
11
10
10
13
10
14
8
13
11
11
13
14
16
13
13
12
13
13
9
8
11
10
12
12
12
11
13
14
15
13
16
16
16
17
12
12
14
11
7
5
7
12
11
11
16
12
12
16
15
16
17
17
13
14
14
14
13
10
13
11
10
8
12
11
14
16
10
14
11
10
8
11
11
10
12
11
11
10
8
6
10
13
7
12
13
9
7
9
7
6
5
1
-2
-6
-12
-10
-9
-13
-11
-13
-8
-7
-5
-5
-7
-9
-9
-7
-5
-6
-13
-15
-14
-13
-14
-11
-10
-14
-15
-15
-12
-9
-11
-10
-11
-9
-8
-8
-9
-4
-6
-6
-3
-9
-7
-7
-8
-6
-13
-10
-5
-9
-9
-8
-5
-4
-9
-9
-5
-8
-7
-5
-1
0
-1
-7
-5
-1
-1
-1
-7
-5
-1
-4
-4
-3
1
1
-6
-3
-2
0
-2
-2
-1
-2
3
0
3
4
6
7
9
13
10
9
5
4
6
9
8
12
8
6
8
10
7
4
9
7
10
9
8
11
13
11
14
12
12
12
14
16
17
16
18
18
21
21
18
21
22
17
16
19
13
14
13
11
10
4
4
6
8
10
8
7
6
3
8
10
6
8
7
7
7
7
8
4
2
2
4
1
0
1
2
1
-3
0
1
-2
-4
-1
-3
-7
-8
-7
-5
-9
-14
-9
-14
-10
-6
-7
-9
-12
-6
-9
-10
-9
-12
-6
-7
-6
-2
-1
0
-1
-3
-5
-4
-5
-5
-6
-5
-7
-1
1
-2
-2
-3
-2
-2
-2
-7
-9
-5
-9
-8
-8
-9
-5
-1
-6
-1
-3
0
-4
-6
-2
-4
-5
-8
-4
-1
-4
-3
1
-1
-1
-1
0
0
2
1
-1
3
5
4
2
5
7
5
7
6
-4
-2
-5
-4
1
-1
4
4
5
1
1
1
1
2
0
3
4
5
4
8
6
3
7
9
12
11
9
13
16
17
18
15
17
14
13
16
17
17
18
16
16
20
19
14
16
17
15
15
16
17
17
17
16
15
16
13
10
11
8
7
9
6
8
9
10
8
7
5
6
5
9
10
2
3
5
7
6
5
3
5
5
8
3
2
-1
-2
4
3
1
2
0
-2
0
-3
-4
-8
-9
-7
-7
-3
-6
-8
-12
-9
-7
-10
-5
-7
-2
-5
-7
-9
-7
-5
-4
-6
-8
-13
-15
-8
-8
-7
-8
-5
-3
-5
7
2
8
-1
12
62
18
-103
-29
69
-33
-71
9
-20
-57
-2
-6
-41
-5
19
37
66
-59
-81
45
30
-40
-8
-4
-40
5
23
-27
-14
21
-5
-13
16
7
-4
6
13
10
10
5
12
15
4
13
13
3
1
10
4
4
-4
10
16
-14
-8
13
-5
-6
7
0
-2
-1
9
7
8
5
18
23
17
19
73
195
-26
-152
118
153
-34
-7
52
-32
-12
49
-29
-131
-11
84
-39
-53
21
-11
-20
34
34
18
23
40
52
18
10
42
24
16
38
22
18
19
7
16
26
2
4
13
6
32
75
48
-63
-39
77
16
-41
15
14
19
-11
-89
-86
48
29
-90
-50
-23
-34
-26
-8
-51
-26
36
-23
-49
20
21
-15
13
28
0
8
30
35
12
-7
16
31
-1
-2
18
-2
-18
-1
5
-15
-17
-3
-10
-7
12
0
58
62
-55
-61
10
-34
-33
-18
-56
-98
-90
-44
-58
-78
-29
-6
-42
-27
-6
-32
-28
6
22
-7
-13
21
16
-19
-5
16
-15
-17
0
-6
-26
-21
-20
-35
-33
-16
-35
-28
-12
-30
-12
1
-38
-14
22
38
27
-9
-6
-23
-35
-8
4
-15
-37
-34
-49
-56
-36
-39
-41
-31
-5
-39
-57
-48
-52
-18
0
-24
-37
11
-17
-45
4
3
1
-8
-12
20
-23
-43
-20
-17
-18
-44
-44
-29
-42
-28
-22
-32
-24
-19
-1
1
-11
-17
-2
-9
0
16
-12
-16
31
17
-28
9
-6
-10
10
-10
-2
-5
-20
-39
-26
-32
-34
-30
-54
-52
-21
-20
-50
-24
-35
-44
-20
-31
-18
-23
-25
-15
-27
-53
-53
-15
-25
-45
-39
-23
-37
-55
-37
-29
-21
-18
-33
-23
-26
-20
-14
-10
-27
-22
3
-19
-24
-23
-10
-37
-24
9
-12
-16
2
-12
-13
-6
-16
-3
27
-8
-9
7
-19
-20
9
-1
-32
0
6
-3
4
-9
-25
-10
-5
1
11
-17
-21
11
-26
-44
10
22
-37
-15
13
-23
-11
20
6
3
-13
-1
29
5
-23
7
37
-2
-20
1
-9
-31
9
36
9
-45
-19
9
-23
-39
-28
-16
-24
-16
8
-16
-42
-11
31
27
7
2
20
7
-10
17
26
-23
-7
32
2
-12
-13
-3
20
17
4
12
10
-11
-3
30
13
-7
2
-16
-23
-11
-17
-27
-3
20
-1
4
-5
-24
-16
-5
3
33
32
5
27
21
-3
-7
17
22
18
40
23
-21
-36
-21
-21
-19
-24
-26
-25
-52
-60
-59
-49
-47
-32
9
10
-31
-39
-25
-25
-8
20
21
1
-27
-16
11
-7
-34
-26
5
-6
-36
-43
-60
-81
-48
-9
-24
-46
-61
-62
-44
-53
-43
-19
-4
-2
8
9
-26
-21
-4
13
13
-15
-27
-38
-38
-32
-39
-36
-33
-31
-32
-29
-32
-40
-15
-6
-13
-10
7
9
-2
12
15
7
19
46
34
9
44
44
56
71
64
55
49
46
35
52
31
8
11
21
27
10
10
1
4
20
19
14
3
0
-15
-11
-13
-27
-37
-37
-28
-23
-30
-57
-27
2
-22
11
31
-7
-12
34
46
12
3
0
9
19
-17
-39
-36
-45
-49
-6
-21
-64
-69
-54
-19
-30
-32
-45
-35
-32
-48
-51
-82
-75
-82
-76
-74
-69
-79
-103
-79
-79
-77
-81
-68
-49
-59
-77
-73
-47
-53
-55
-47
-43
-50
-57
-41
-27
-8
16
12
-13
-11
10
-8
-23
-42
-49
-29
-38
-59
-105
-117
-70
-32
-9
-35
-56
-16
-7
-11
3
-5
-9
36
88
76
56
77
93
135
191
200
168
160
189
215
233
221
197
194
222
235
216
186
156
150
170
168
126
96
79
59
61
59
49
32
14
17
16
17
0
-20
-18
4
13
12
-9
-35
-36
-32
-34
-47
-58
-69
-72
-78
-107
-123
-110
-108
-109
-107
-119
-127
-121
-137
-127
-95
-95
-103
-97
-94
-112
-103
-73
-63
-78
-73
-66
-62
-69
-86
-78
-77
-89
-81
-79
-87
-100
-109
-119
-107
-74
-84
-120
-120
-75
-86
-111
-109
-106
-88
-70
-81
-97
-105
-133
-140
-153
-130
-102
-131
-193
-231
-188
-186
-182
-76
-7
36
69
43
55
176
323
364
354
341
377
417
421
374
294
313
362
369
317
195
120
90
86
85
34
-11
-11
-30
-53
-56
-59
-42
5
69
120
143
136
113
114
162
229
266
266
234
193
190
173
148
118
90
107
108
77
11
-85
-133
-113
-68
-76
-113
-156
-185
-183
-168
-167
-178
-171
-157
-114
-117
-158
-169
-175
-157
-109
-66
-66
-113
-157
-135
-62
-50
-117
-122
-72
-29
-28
-88
-140
-89
-50
-79
-71
-71
-66
-77
-135
-140
-107
-97
-132
-167
-135
-73
-82
-181
-189
-134
-107
-74
-101
-117
-109
-105
-101
-98
-116
-111
-75
-96
-92
-79
-95
-62
-11
41
84
77
81
110
145
217
244
246
252
243
280
316
304
275
235
226
249
253
226
156
101
112
121
120
86
13
0
17
41
33
-16
-25
-10
28
59
43
27
14
41
74
69
49
51
60
82
90
78
50
35
56
69
45
41
13
-47
-36
-2
-5
-22
-81
-101
-64
-29
-32
-79
-80
-54
-55
-55
-47
-34
-26
-54
-69
-21
5
-31
-52
-54
-22
23
3
-53
-80
-49
2
24
-19
-64
-56
-25
-2
-13
-34
-43
-34
-21
-16
-13
-28
-28
-25
-29
-19
-19
-23
-17
-17
-10
-2
-10
-19
-6
2
-1
0
-11
-13
-14
-15
-12
-18
-19
-19
-31
-37
-31
-32
-42
-45
-45
-57
-56
-64
-76
-74
-87
-89
-73
-51
-33
-37
-52
-57
-28
14
41
41
36
46
70
108
120
98
75
80
120
144
131
97
57
51
76
107
97
57
40
52
68
77
62
20
7
32
71
92
71
32
25
48
72
91
70
45
46
68
93
86
63
45
51
73
83
84
46
12
12
43
73
43
16
-1
4
38
30
-8
-34
-31
13
27
5
-42
-50
-35
-29
-2
-26
-39
-43
-46
-33
-30
-25
-43
-63
-52
-9
-14
-54
-82
-92
-26
-23
-56
-75
-84
-22
-53
-60
-29
-76
-49
-35
-10
-46
-82
-32
-32
-25
-66
-75
-43
-61
-77
-123
-131
-130
-110
-114
-170
-193
-189
-152
-161
-198
-212
-186
-191
-204
-224
-265
-204
-60
62
31
-82
-139
-45
154
271
228
96
86
226
364
352
203
107
163
336
425
325
132
15
72
185
222
117
-24
-55
13
82
41
-73
-144
-97
7
49
14
-42
-96
-67
-3
34
40
36
42
40
63
90
127
127
125
156
195
241
230
173
109
100
163
204
187
107
27
0
27
48
-2
-60
-95
-64
18
10
-109
-175
-122
-48
38
-5
-69
-96
-56
-19
1
-20
-61
-35
-20
38
2
-51
-53
-37
-31
-28
-30
-2
-12
-82
-127
-83
-44
-55
-80
-153
-101
-76
-99
-89
-146
-170
-154
-98
-93
-156
-184
-201
-172
-150
-138
-156
-202
-198
-155
-154
-172
-198
-250
-246
-233
-207
-130
-9
91
31
-89
-122
63
317
429
351
169
173
342
515
481
285
174
269
482
544
358
75
-31
85
259
279
102
-99
-151
-44
41
-8
-144
-226
-165
-26
29
-42
-163
-210
-139
-6
62
26
-35
-53
-12
40
76
67
53
87
153
237
266
207
123
95
186
316
368
263
101
18
70
160
152
53
-66
-83
-19
30
-10
-166
-217
-159
-15
62
13
-104
-240
-154
33
72
-48
-152
-118
34
69
-24
-138
-188
-75
62
78
-57
-175
-158
-65
6
-50
-150
-148
-82
-48
-39
-128
-248
-192
-84
-12
-79
-156
-214
-154
-95
-121
-116
-174
-167
-147
-111
-161
-198
-206
-230
-242
-265
-260
-214
-100
23
43
-84
-176
-87
155
347
361
221
135
236
411
503
410
269
253
404
555
517
307
97
83
222
337
292
108
-56
-70
23
72
4
-122
-184
-125
-28
-10
-99
-200
-219
-142
-29
18
-16
-81
-92
-71
-18
29
40
30
31
64
89
93
80
111
178
265
293
255
189
171
218
260
243
180
134
107
85
39
-18
-67
-85
-64
-77
-72
-98
-133
-147
-165
-77
-25
-49
-76
-57
-21
-18
-69
-46
-14
7
20
-35
-48
-70
-77
-96
-52
-31
-88
-86
-141
-123
-84
-116
-155
-103
-94
-108
-94
-127
-166
-201
-149
-150
-107
-141
-188
-220
-224
-196
-211
-233
-275
-283
-298
-344
-353
-232
-55
-4
-159
-314
-240
44
289
313
145
37
158
404
554
453
267
225
418
628
625
395
164
138
294
441
402
206
14
-17
76
138
68
-74
-159
-138
-51
-32
-113
-220
-272
-224
-128
-58
-67
-142
-207
-196
-106
1
29
-10
-51
-21
64
112
97
73
130
272
389
377
253
153
196
357
457
403
243
129
129
168
140
13
-81
-96
-38
-23
-98
-216
-292
-259
-183
-53
-21
-136
-208
-139
-35
10
-48
-126
-22
74
55
-27
-91
-71
-29
-4
-27
-73
-83
-78
-139
-177
-141
-129
-141
-163
-187
-165
-188
-253
-250
-237
-258
-260
-224
-251
-296
-320
-329
-323
-340
-370
-426
-450
-344
-104
43
-103
-396
-427
-56
393
503
265
8
68
408
668
630
400
310
484
747
792
546
255
196
372
560
560
342
80
-46
8
118
140
35
-108
-189
-174
-125
-115
-198
-312
-322
-209
-78
-42
-155
-326
-349
-194
22
116
31
-99
-126
-7
130
157
87
98
275
470
486
283
121
190
460
652
573
305
109
157
273
280
131
-30
-62
-2
10
-123
-294
-360
-284
-156
-100
-168
-284
-337
-273
-109
-5
-35
-82
-44
22
26
2
21
41
31
12
21
30
-42
-148
-209
-150
-43
-63
-189
-294
-291
-249
-229
-288
-331
-309
-268
-247
-321
-414
-434
-341
-274
-307
-415
-510
-454
-218
27
27
-243
-446
-261
223
556
452
131
19
272
642
804
653
439
423
617
804
752
527
351
372
516
591
496
254
10
-74
33
175
171
-22
-266
-372
-284
-136
-106
-233
-382
-380
-243
-118
-142
-281
-361
-277
-79
68
31
-127
-201
-102
101
221
189
61
65
243
419
425
257
173
273
508
611
463
214
95
205
342
344
177
-10
-74
-40
0
-66
-177
-236
-219
-163
-136
-192
-295
-324
-236
-98
-15
-45
-129
-191
-130
10
87
74
-9
-62
-15
58
36
-59
-130
-106
-43
-63
-137
-213
-250
-253
-233
-243
-287
-343
-400
-395
-346
-306
-350
-421
-457
-433
-415
-447
-480
-348
-31
152
-91
-516
-471
146
710
659
214
-19
202
592
786
730
594
553
625
704
691
570
468
455
500
536
521
369
77
-137
-55
215
309
74
-278
-457
-359
-133
-32
-145
-347
-413
-319
-202
-179
-223
-251
-226
-120
-4
16
-76
-158
-101
97
261
279
126
60
182
415
523
394
271
259
407
508
473
315
195
219
261
267
166
19
-71
-79
-15
-14
-96
-216
-291
-247
-147
-90
-160
-262
-281
-194
-84
-49
-86
-149
-125
-43
-3
-25
-68
-75
-48
-5
1
-50
-98
-123
-130
-123
-105
-113
-192
-281
-326
-311
-287
-277
-309
-385
-435
-447
-428
-427
-473
-548
-606
-526
-230
59
-46
-547
-765
-211
607
772
220
-216
-41
449
765
809
713
560
448
495
683
806
708
496
388
463
585
542
261
-52
-44
277
463
195
-262
-456
-304
-35
92
-35
-324
-538
-479
-236
-56
-66
-224
-384
-367
-164
7
4
-130
-151
3
170
160
36
-42
170
482
595
410
123
106
316
613
678
485
213
76
155
279
345
231
21
-113
-107
-25
-52
-169
-248
-235
-136
-92
-187
-328
-338
-179
-8
36
-87
-234
-258
-94
93
126
19
-120
-159
-78
35
65
-5
-100
-135
-118
-102
-103
-157
-218
-217
-194
-200
-274
-372
-434
-405
-322
-289
-392
-568
-685
-675
-535
-285
-45
-109
-535
-852
-440
412
765
276
-272
-170
345
703
767
743
624
412
360
636
933
854
520
350
476
617
546
304
102
116
316
402
165
-200
-326
-166
30
106
-1
-276
-530
-491
-175
62
-16
-292
-482
-417
-174
24
5
-160
-236
-144
18
87
45
-13
66
349
450
329
98
133
412
629
654
397
159
108
280
451
417
238
-52
-193
-109
43
63
-120
-287
-335
-270
-177
-181
-261
-290
-216
-127
-120
-152
-193
-166
-49
63
50
-73
-145
-93
31
120
66
-83
-177
-132
-26
22
-35
-153
-238
-225
-173
-171
-212
-271
-322
-374
-380
-370
-382
-451
-545
-607
-597
-411
-126
-91
-484
-875
-547
301
695
211
-381
-279
252
604
699
728
574
241
170
622
1104
969
435
211
435
674
631
439
278
198
225
287
233
28
-122
-94
6
71
-5
-246
-439
-347
-51
68
-123
-381
-453
-320
-104
42
-25
-249
-387
-246
11
154
56
-112
-167
92
384
342
156
42
277
495
542
409
199
201
328
475
437
252
43
-70
44
192
149
-103
-304
-284
-145
-61
-134
-303
-395
-304
-149
-85
-151
-244
-268
-170
-20
18
-75
-164
-123
-15
39
15
-83
-139
-81
-2
29
-35
-151
-217
-182
-49
-54
-187
-304
-315
-242
-217
-251
-365
-458
-474
-476
-485
-485
-325
-132
-230
-639
-808
-219
492
445
-188
-449
-57
360
514
634
686
407
35
200
833
1113
706
252
285
551
616
540
496
385
200
181
308
292
110
-7
17
65
54
-62
-239
-282
-118
12
-87
-285
-365
-306
-188
-47
-16
-180
-380
-354
-84
101
57
-146
-228
-134
152
368
231
45
-46
226
490
521
390
169
182
335
458
435
269
104
43
115
201
115
-90
-174
-136
-58
-76
-183
-286
-312
-188
-90
-126
-231
-297
-240
-94
13
-34
-182
-230
-119
15
60
-3
-116
-166
-91
-8
31
-33
-118
-161
-149
-70
-95
-178
-227
-231
-236
-238
-273
-319
-384
-423
-443
-479
-460
-342
-153
-199
-556
-781
-328
397
453
-151
-518
-173
316
498
564
577
313
-35
133
789
1118
695
158
152
482
630
584
545
375
116
100
335
418
219
26
4
43
43
9
-97
-181
-112
-31
-99
-256
-303
-239
-173
-105
-88
-211
-378
-345
-94
84
-12
-217
-306
-154
80
314
303
35
-153
-47
413
661
525
170
-60
129
451
621
477
116
-117
-50
194
337
177
-114
-256
-222
-59
7
-99
-241
-290
-202
-144
-170
-207
-222
-161
-86
-94
-181
-224
-154
-28
22
-35
-154
-211
-133
-12
51
-17
-158
-235
-186
-66
2
-113
-244
-296
-242
-181
-205
-279
-367
-404
-416
-424
-418
-388
-290
-212
-347
-592
-539
-23
352
105
-347
-321
82
362
432
474
412
121
19
424
920
862
355
108
313
550
612
612
502
220
35
215
481
439
211
52
7
29
86
106
28
-71
-86
-95
-157
-168
-140
-132
-162
-165
-174
-269
-302
-188
-38
-52
-207
-287
-209
-47
73
219
127
-104
-168
76
538
580
288
-3
-29
289
556
567
314
-15
-127
73
331
382
108
-237
-298
-127
84
73
-108
-290
-329
-214
-96
-62
-137
-229
-243
-180
-129
-128
-143
-132
-82
-100
-145
-164
-129
-46
-9
-52
-142
-189
-175
-89
-14
-53
-174
-279
-258
-181
-153
-202
-304
-386
-420
-407
-400
-396
-394
-275
-228
-436
-650
-449
132
337
-67
-439
-250
180
392
435
464
309
-9
63
613
986
690
164
94
388
603
639
602
389
91
52
355
579
412
111
-41
-17
94
183
152
-17
-146
-149
-116
-94
-82
-123
-211
-256
-203
-178
-246
-266
-170
-103
-182
-284
-255
-154
-48
1
79
59
-115
-127
92
445
498
218
-16
12
280
538
531
259
-50
-124
126
400
382
52
-290
-303
-52
171
114
-147
-368
-363
-151
21
-17
-190
-322
-300
-153
-36
-50
-144
-213
-185
-120
-81
-61
-80
-119
-126
-93
-80
-121
-147
-113
-73
-103
-193
-247
-234
-202
-196
-232
-306
-385
-437
-433
-428
-422
-391
-233
-258
-568
-746
-365
259
304
-220
-536
-226
220
437
485
420
144
-127
151
799
1024
542
39
87
451
672
698
567
250
1
126
501
607
332
21
-75
26
183
246
125
-86
-181
-132
-73
-43
-64
-162
-255
-265
-178
-178
-267
-257
-158
-128
-224
-305
-266
-144
-35
-11
-66
9
-80
-89
123
310
394
180
39
82
250
461
484
242
12
-8
154
355
320
87
-170
-202
-1
138
109
-99
-279
-283
-124
19
-27
-181
-274
-265
-167
-33
-42
-157
-226
-201
-104
-48
-41
-93
-171
-161
-79
-75
-107
-121
-127
-116
-149
-197
-199
-203
-204
-213
-255
-294
-352
-366
-337
-379
-471
-479
-391
-195
-238
-518
-632
-300
187
202
-183
-378
-155
186
423
476
362
105
-14
323
789
865
472
112
185
499
706
680
464
193
100
273
506
499
274
51
-39
73
248
249
40
-146
-123
-65
-64
-59
-87
-209
-281
-220
-141
-207
-296
-230
-154
-189
-265
-271
-233
-161
-76
-47
-156
-63
-2
-22
79
166
274
163
86
160
251
346
376
232
93
122
180
253
230
143
-15
-114
-15
84
81
-61
-164
-193
-141
-71
-51
-102
-181
-211
-192
-106
-80
-120
-142
-161
-138
-110
-108
-108
-121
-122
-112
-139
-132
-98
-161
-177
-166
-172
-172
-226
-257
-279
-288
-274
-288
-322
-383
-483
-522
-417
-350
-268
-245
-453
-666
-520
60
313
-61
-447
-333
56
346
472
418
137
-100
137
639
851
586
200
126
309
563
725
607
257
26
180
462
491
325
175
11
-59
116
298
171
-124
-172
-54
-87
-143
-83
-92
-245
-311
-190
-145
-272
-280
-159
-159
-283
-290
-192
-175
-163
-74
-80
-178
-16
57
46
62
131
262
155
154
225
247
295
326
241
147
144
195
264
194
84
-30
-34
50
71
26
-90
-178
-184
-79
1
-53
-188
-240
-203
-131
-46
-78
-156
-218
-216
-127
-60
-74
-149
-215
-175
-106
-104
-136
-188
-225
-178
-164
-201
-238
-279
-268
-269
-251
-289
-383
-434
-411
-410
-403
-406
-340
-228
-403
-617
-483
44
252
-126
-424
-231
92
253
408
448
180
-143
112
705
836
482
184
232
342
455
691
709
283
-62
154
539
520
247
171
103
-71
25
318
285
-105
-262
-74
-23
-140
-92
-37
-230
-387
-243
-64
-192
-325
-201
-147
-276
-329
-185
-130
-200
-168
-90
-177
-95
41
34
47
29
194
220
158
188
205
278
309
222
179
180
154
195
203
138
24
-47
27
60
33
-42
-125
-153
-108
-55
-51
-119
-185
-172
-133
-71
-80
-146
-169
-175
-126
-60
-71
-138
-177
-145
-101
-111
-122
-122
-195
-216
-154
-121
-184
-258
-288
-266
-241
-245
-279
-379
-418
-427
-391
-359
-291
-141
-298
-614
-587
-14
358
22
-408
-290
61
196
345
498
327
-123
-65
578
897
554
179
239
355
351
538
748
468
-19
28
455
539
264
172
188
-13
-101
186
339
8
-280
-155
-17
-132
-152
-48
-157
-383
-338
-120
-142
-307
-262
-161
-253
-344
-234
-126
-172
-201
-147
-127
-24
-28
-56
24
83
218
185
116
106
164
325
382
217
87
110
198
302
265
127
-41
-71
71
153
111
-56
-185
-165
-50
27
-26
-152
-234
-202
-120
-45
-94
-196
-215
-182
-134
-97
-108
-174
-219
-174
-108
-135
-169
-185
-206
-193
-175
-173
-213
-262
-277
-243
-225
-269
-323
-340
-335
-362
-387
-385
-362
-204
-156
-409
-619
-320
238
229
-231
-370
-46
200
274
397
406
68
-120
347
871
718
185
91
390
511
501
605
541
135
-16
391
703
403
27
94
199
88
104
261
134
-197
-202
59
43
-175
-177
-78
-180
-313
-209
-91
-212
-298
-190
-160
-307
-333
-148
-80
-180
-237
-205
-209
-34
123
32
-112
-119
152
320
261
138
82
160
313
368
307
172
55
152
302
290
101
-50
-1
83
100
41
-70
-160
-138
-35
6
-99
-211
-208
-152
-87
-86
-171
-226
-210
-143
-95
-135
-197
-215
-166
-114
-160
-199
-182
-189
-184
-169
-191
-250
-286
-241
-217
-256
-324
-341
-313
-306
-358
-412
-408
-387
-292
-167
-271
-533
-512
-43
260
-6
-352
-269
67
247
330
381
203
-97
48
605
821
423
52
183
451
499
500
533
332
14
118
544
575
167
-31
126
174
81
130
194
-24
-239
-111
72
-40
-221
-173
-107
-226
-298
-191
-145
-241
-264
-187
-248
-357
-271
-88
-99
-243
-304
-245
-154
52
124
-41
-177
-112
216
397
292
88
12
158
383
463
349
138
6
147
355
366
153
-44
-38
52
129
122
1
-157
-174
-57
20
-43
-145
-189
-186
-118
-79
-115
-173
-203
-189
-136
-128
-161
-182
-172
-154
-189
-191
-165
-175
-180
-172
-197
-246
-254
-212
-195
-245
-299
-324
-300
-286
-319
-371
-417
-414
-311
-135
-228
-522
-560
-134
222
32
-290
-273
-15
158
294
408
246
-85
-10
519
796
491
114
159
375
458
544
604
357
-19
71
524
618
229
9
107
125
79
195
261
-19
-279
-120
112
-7
-214
-170
-119
-254
-313
-155
-117
-296
-336
-191
-203
-361
-322
-146
-142
-274
-292
-227
-196
-167
38
112
-144
-230
16
356
379
165
72
92
214
452
538
318
34
21
312
476
328
91
-61
-36
100
237
177
-79
-246
-147
42
81
-46
-190
-228
-183
-84
-24
-103
-223
-241
-151
-78
-124
-177
-167
-162
-149
-131
-131
-147
-163
-151
-112
-147
-204
-192
-171
-148
-201
-234
-239
-258
-253
-255
-305
-376
-399
-314
-113
-145
-436
-571
-240
208
133
-224
-306
-68
137
276
414
317
-43
-99
415
810
591
171
135
343
447
550
641
422
36
54
476
633
304
58
130
142
83
194
281
36
-237
-111
101
-6
-191
-153
-103
-238
-302
-167
-147
-320
-338
-183
-206
-394
-388
-190
-163
-275
-293
-249
-267
-219
-86
89
5
-231
-129
129
335
305
163
98
101
267
515
501
222
42
114
345
413
281
101
-55
-29
119
224
111
-127
-219
-119
-6
5
-75
-197
-235
-211
-104
-58
-172
-263
-229
-167
-154
-166
-159
-179
-225
-169
-105
-127
-156
-173
-134
-128
-174
-160
-151
-162
-196
-213
-194
-220
-273
-256
-249
-309
-372
-393
-353
-232
-136
-296
-559
-463
9
209
-65
-312
-187
42
160
333
418
149
-124
131
666
750
369
155
276
410
490
625
605
259
22
284
625
502
181
131
179
113
141
288
213
-99
-184
19
80
-80
-146
-98
-167
-282
-226
-114
-205
-318
-259
-199
-294
-351
-244
-168
-218
-259
-254
-220
-133
-39
-6
-87
-101
38
173
229
179
138
181
265
353
373
307
228
224
305
351
277
182
139
124
124
119
86
3
-60
-39
-9
-50
-108
-137
-137
-128
-127
-147
-186
-207
-180
-144
-152
-181
-203
-177
-151
-151
-135
-141
-164
-164
-122
-110
-144
-171
-146
-133
-153
-185
-201
-200
-194
-198
-230
-275
-299
-279
-279
-311
-367
-413
-321
-112
-173
-470
-539
-137
204
23
-251
-200
-8
93
274
453
277
-87
21
554
763
437
168
260
377
402
561
651
324
-20
170
573
539
190
84
147
91
96
276
255
-94
-244
-24
113
-45
-156
-119
-172
-282
-226
-99
-161
-314
-291
-190
-229
-313
-265
-170
-186
-238
-207
-190
-188
-126
22
14
-41
-2
66
205
230
288
297
225
233
334
442
428
300
216
253
276
312
285
181
73
6
87
149
100
-25
-113
-108
-65
-29
-42
-102
-193
-197
-136
-93
-105
-155
-186
-183
-157
-117
-99
-128
-144
-144
-120
-104
-97
-73
-103
-137
-123
-112
-114
-137
-149
-156
-195
-208
-195
-199
-221
-248
-261
-259
-297
-314
-307
-330
-188
-121
-298
-479
-292
133
157
-148
-230
-37
93
210
372
367
57
-75
329
689
561
246
189
292
349
480
613
424
54
51
377
509
308
120
89
44
51
213
251
3
-205
-109
42
-15
-109
-114
-169
-254
-226
-129
-143
-262
-283
-223
-218
-249
-244
-193
-175
-210
-197
-113
-90
-61
-14
21
50
80
167
210
197
206
270
299
283
276
285
275
247
250
246
209
155
135
153
133
81
42
35
20
6
1
-21
-53
-81
-58
-45
-76
-102
-97
-87
-105
-103
-84
-96
-115
-96
-63
-71
-106
-100
-61
-60
-83
-86
-82
-98
-110
-86
-71
-112
-164
-152
-126
-135
-154
-169
-177
-190
-185
-161
-176
-221
-247
-228
-218
-128
-41
-154
-324
-239
101
221
29
-105
-18
116
254
396
389
165
36
277
565
553
339
210
221
313
461
527
350
107
98
278
391
318
170
55
19
102
210
183
20
-101
-88
-14
11
-24
-97
-180
-209
-167
-116
-131
-186
-221
-199
-166
-181
-187
-163
-112
-110
-137
-146
-121
-50
37
119
16
-54
4
167
315
250
138
49
118
302
396
284
96
19
133
295
289
154
-17
-45
64
167
167
14
-115
-105
9
84
28
-103
-170
-129
-46
-13
-80
-156
-180
-146
-80
-62
-111
-166
-162
-119
-63
-75
-102
-114
-106
-80
-80
-70
-81
-110
-106
-86
-98
-110
-115
-95
-84
-121
-130
-115
-94
-89
-104
-120
-134
-136
-104
-91
-71
-44
-78
-110
-72
51
122
76
31
60
121
212
284
277
193
153
245
359
363
294
233
221
261
316
345
283
187
168
225
268
241
172
124
102
109
129
110
55
-14
-36
-9
-8
-49
-89
-110
-113
-119
-112
-111
-131
-140
-123
-110
-109
-109
-71
-41
-31
-25
-22
25
76
114
103
76
92
148
201
199
143
105
144
191
202
166
115
89
104
145
142
99
39
16
43
68
49
-9
-59
-64
-38
-29
-55
-101
-130
-133
-108
-89
-100
-152
-173
-144
-115
-110
-120
-126
-130
-126
-102
-82
-96
-113
-116
-99
-83
-87
-103
-97
-89
-95
-91
-95
-89
-86
-83
-78
-91
-92
-89
-76
-62
-73
-96
-97
-75
-63
-83
-105
-71
-41
-53
-78
-66
-2
38
55
49
41
57
127
204
199
152
139
189
238
258
242
194
169
199
253
255
205
154
148
164
184
186
129
68
58
91
99
61
16
-13
-19
-9
-2
-9
-41
-76
-67
-40
-35
-47
-63
-57
-31
-20
-15
3
9
22
40
73
86
74
107
149
145
125
129
150
170
164
154
143
121
128
145
142
99
61
60
75
69
38
7
-15
24
47
28
-34
-74
-66
-42
-36
-74
-119
-145
-127
-127
-112
-108
-125
-125
-113
-69
-56
-59
-56
-49
-22
-7
-23
-42
-27
-21
-22
-37
-46
-50
-59
-55
-48
-53
-72
-66
-54
-52
-70
-80
-71
-62
-64
-75
-91
-98
-87
-71
-70
-111
-136
-124
-71
-37
-67
-94
-82
-43
-6
32
27
5
8
61
115
121
100
82
91
119
155
158
129
91
94
115
133
124
91
63
43
65
76
68
29
0
2
12
17
2
1
-8
-18
-11
7
15
12
13
22
23
23
42
106
99
50
53
102
164
152
118
92
92
137
184
163
96
54
83
137
132
83
25
7
40
67
59
0
-46
-37
3
8
-21
-59
-76
-58
-31
-19
-48
-85
-84
-46
-14
-28
-55
-48
-37
-17
-7
-15
-29
-32
-15
6
1
-11
-6
-9
-11
-7
-2
-8
-22
-29
-18
-21
-25
-23
-24
-36
-48
-31
-40
-46
-41
-39
-47
-50
-39
-29
-31
-32
-27
-27
-33
-22
-6
-20
-37
-37
-24
-34
-49
-47
-41
-48
-54
-51
-58
-64
-55
-29
-20
-41
-42
-20
0
14
19
21
20
19
45
66
64
45
42
65
71
67
65
58
51
59
73
76
62
51
61
63
54
51
53
46
34
33
43
39
23
32
43
42
34
28
44
56
49
48
39
30
36
51
49
17
0
9
24
27
10
-8
-22
-28
-15
-4
-19
-44
-49
-37
-29
-32
-42
-56
-63
-51
-39
-38
-50
-59
-54
-45
-28
-28
-28
-33
-25
-11
-10
-2
4
-7
-12
-4
-3
-9
-7
-1
-12
-31
-18
-4
-10
-21
-22
-29
-35
-20
-5
-20
-37
-31
-17
-9
-9
-9
-26
-29
-16
3
-4
-32
-39
-23
-12
-20
-32
-43
-42
-35
-27
-32
-43
-49
-49
-40
-39
-57
-71
-60
-52
-65
-74
-68
-65
-61
-52
-48
-52
-51
-27
-2
1
0
4
22
37
48
51
60
59
59
70
86
88
74
70
68
77
74
73
76
66
57
50
55
63
57
42
33
34
42
46
48
33
14
14
27
39
34
13
3
6
15
19
18
2
-13
-22
-5
4
-9
-28
-41
-33
-31
-25
-33
-46
-57
-57
-47
-46
-52
-62
-58
-59
-59
-59
-58
-56
-52
-55
-59
-59
-56
-56
-55
-54
-60
-54
-51
-51
-53
-53
-49
-48
-44
-33
-35
-47
-46
-32
-26
-32
-34
-32
-24
-17
-17
-18
-25
-22
-24
-19
-12
-21
-27
-26
-25
-33
-36
-27
-28
-45
-46
-35
-35
-39
-40
-39
-46
-54
-45
-39
-39
-42
-39
-38
-37
-36
-26
-21
-24
-28
-29
-20
-6
-3
-11
-8
-10
-7
1
16
3
-13
-10
-2
11
6
3
3
2
8
19
30
20
12
20
37
41
38
37
37
42
44
57
58
47
37
48
68
65
57
49
48
51
52
56
48
32
21
32
42
29
14
16
11
-2
-4
4
5
-11
-16
-6
-2
-13
-22
-15
-7
-17
-23
-23
-23
-25
-22
-27
-42
-53
-44
-35
-40
-51
-57
-61
-68
-64
-58
-62
-76
-75
-65
-62
-64
-63
-62
-65
-64
-50
-45
-53
-50
-46
-49
-49
-48
-41
-41
-45
-40
-30
-28
-23
-18
-24
-25
-19
-18
-19
-21
-25
-23
-24
-21
-21
-20
-18
-17
-17
-20
-12
-5
-11
-17
-21
-22
-13
-12
-10
-19
-36
-32
-23
-15
-17
-29
-30
-27
-29
-22
-17
-22
-38
-31
-25
-25
-24
-22
-25
-31
-21
-14
-4
-7
-5
-6
-8
2
10
18
16
15
12
19
33
45
39
26
29
35
47
51
42
34
29
31
41
52
42
23
18
26
35
35
31
20
16
29
46
45
28
20
25
33
35
32
20
10
10
18
24
17
9
3
5
7
3
-5
-8
-9
-13
-11
-11
-11
-19
-20
-15
-16
-13
-19
-23
-19
-19
-20
-18
-17
-23
-27
-22
-20
-24
-29
-20
-17
-21
-24
-27
-22
-19
-21
-22
-29
-32
-30
-17
-20
-34
-35
-31
-24
-19
-25
-29
-37
-41
-37
-32
-32
-38
-46
-43
-41
-46
-44
-44
-42
-44
-43
-42
-44
-40
-37
-38
-44
-41
-31
-23
-23
-30
-28
-31
-28
-16
-14
-20
-23
-19
-15
-7
-9
-13
-14
-13
-3
-6
-5
-12
-14
-8
-4
-4
-2
-5
-9
-2
4
10
4
-3
3
13
16
14
8
6
14
15
22
23
23
18
24
37
36
35
36
33
31
35
34
31
30
30
35
27
24
23
25
22
16
14
12
15
21
17
12
5
8
14
22
12
8
9
11
13
13
15
12
7
9
11
8
8
6
9
2
5
8
12
11
4
3
-1
5
7
8
9
1
-4
-5
5
3
-4
-11
-10
-13
-21
-16
-14
-23
-22
-22
-25
-22
-23
-20
-16
-19
-25
-22
-15
-13
-22
-23
-19
-20
-26
-19
-12
-13
-22
-20
-6
-5
-12
-3
-12
-7
-19
3
-3
-10
-17
-13
14
-32
-1
-26
-5
-27
-10
-20
-40
-20
-33
-24
-36
-29
-43
-37
-27
-26
-30
-23
-24
-19
-21
-8
-10
-16
-10
-6
5
-4
-2
-1
7
12
10
11
7
6
5
12
11
7
-5
-7
3
4
1
1
-4
-4
-9
4
3
-2
-7
-15
-6
5
5
4
-3
-8
1
5
2
0
-3
-2
4
6
10
9
14
15
14
13
18
14
11
14
14
14
9
11
10
9
1
5
6
1
4
3
-3
0
-6
-10
-8
-8
-8
-8
-8
-10
-8
-4
0
0
-8
-6
0
6
7
4
0
0
7
12
7
7
6
10
14
16
17
11
10
13
16
12
10
3
2
-1
2
2
2
-8
-14
-14
-12
-14
-19
-20
-23
-21
-17
-15
-16
-20
-17
-10
-7
-11
-10
-9
-5
-5
-6
-3
0
-3
-5
-4
-10
-10
-5
-3
-10
-14
-16
-13
-16
-21
-18
-22
-19
-23
-22
-19
-21
-29
-27
-23
-24
-29
-27
-20
-22
-25
-26
-23
-27
-30
-21
-19
-22
-24
-20
-14
-15
-19
-16
-12
-8
-4
-7
-7
-4
-2
-2
-3
-2
-6
-5
-3
-3
-1
-3
0
-10
-6
0
-4
-6
-12
-3
-1
1
-4
-4
-4
-10
-7
-4
-3
-10
-8
-6
4
1
-3
-2
-4
-2
8
13
6
5
8
8
12
16
15
18
19
16
14
23
20
13
14
14
12
11
9
5
2
2
3
1
3
-4
-2
-1
1
4
3
5
5
5
7
12
9
9
11
11
11
13
16
16
16
17
19
19
19
26
22
19
20
24
29
26
23
19
21
16
14
13
8
-1
-3
-1
-1
-4
-6
-12
-14
-15
-9
-8
-13
-9
-15
-16
-16
-9
-8
-8
-12
-14
-7
-9
-9
-10
-11
-10
-4
1
3
-2
-2
0
-4
-2
-4
0
-4
-3
-11
-14
-13
-12
-10
-16
-14
-18
-13
-11
-16
-15
-19
-18
-7
-2
0
-6
-8
-1
4
10
10
9
8
10
17
19
22
15
17
20
18
21
22
23
20
23
23
22
23
21
16
12
13
9
14
12
5
9
4
-2
6
10
10
9
11
11
11
11
12
12
10
11
17
20
25
23
20
24
24
24
23
26
23
21
22
22
15
10
8
0
-3
-2
3
2
1
-1
-3
-6
-8
-7
-9
-4
-11
-13
-11
-6
-3
-3
0
0
3
2
5
3
4
4
2
9
9
2
1
4
3
3
1
6
5
7
9
12
18
15
11
11
15
15
14
18
14
11
10
10
11
10
3
3
4
1
0
1
-2
-8
-8
-3
1
-2
0
-3
-2
-1
6
9
5
-1
2
5
4
3
2
4
-1
-1
2
2
-5
-3
1
0
-2
5
6
3
1
-2
1
1
0
-3
-2
-5
-10
-3
-3
-1
1
2
7
13
17
15
16
14
18
22
21
23
25
23
28
31
34
32
29
32
32
35
35
29
29
32
29
27
25
24
21
19
17
15
13
4
4
9
10
3
2
-3
-4
-2
0
2
-4
-3
-3
-1
2
0
1
-3
-5
-5
-3
1
7
4
2
3
4
13
13
11
10
13
13
12
8
11
14
10
9
16
19
12
12
14
12
17
17
17
19
10
13
20
22
18
20
16
21
22
16
22
20
19
13
20
16
12
11
10
10
9
6
5
4
5
5
4
5
4
3
3
6
2
3
4
6
6
4
3
1
4
8
10
6
4
3
7
14
13
13
18
15
18
18
19
26
19
18
17
18
18
24
22
22
22
23
22
20
19
15
9
7
4
6
7
6
2
3
1
-2
2
-1
-5
-4
-4
-5
-6
-3
-4
-2
-4
-3
-3
-2
2
-4
-5
-5
1
-6
4
-3
-9
-5
-8
-7
-4
-2
-6
-7
-7
0
-5
-2
-4
-3
-2
1
2
3
9
8
7
6
10
7
12
14
12
14
13
15
15
14
10
12
15
9
4
8
14
11
6
6
8
3
-1
1
0
-4
-3
-8
-10
-9
-13
-8
-12
-13
-9
-16
-11
-7
-6
-7
-12
-10
-11
-1
-5
-1
1
-2
1
2
5
5
6
11
13
16
20
20
18
22
18
16
22
23
23
18
15
18
17
23
21
22
22
17
18
24
22
23
17
18
22
18
23
22
19
18
17
15
12
11
9
10
9
10
9
4
1
6
7
8
3
1
7
1
3
-3
-1
0
0
-3
-2
0
-3
-6
-9
-5
-6
-6
-10
-8
-8
-9
-7
-10
-8
-9
-4
-3
-6
-5
1
6
5
9
11
11
9
14
17
15
17
16
15
12
17
16
15
15
20
22
21
18
19
16
16
17
12
16
11
9
8
8
5
2
6
-2
1
3
0
1
-1
4
-1
0
-1
2
4
1
-2
-1
-2
-2
1
-5
-5
0
-4
-5
-4
-1
0
-1
-2
2
5
6
1
5
4
5
6
6
4
3
9
8
12
12
8
3
3
10
7
6
3
6
7
11
8
9
8
4
6
5
3
6
7
3
1
3
10
6
4
4
5
6
7
11
13
7
8
11
14
11
4
7
6
7
8
8
8
7
2
1
2
1
-1
-1
-2
-2
-1
-4
-2
-1
-2
2
8
5
5
5
9
7
5
9
12
12
15
14
13
15
17
15
18
19
15
11
11
12
8
7
8
7
2
5
1
-1
4
4
-1
-2
-2
0
3
3
7
11
8
9
11
13
13
13
15
13
11
14
17
18
18
17
18
16
17
13
17
16
17
18
15
14
13
12
11
14
9
9
12
10
9
11
6
9
12
11
8
12
13
13
11
13
14
12
16
14
15
13
13
17
13
9
10
10
14
8
9
8
2
5
3
1
0
3
-3
-2
4
-1
-7
-3
-3
-2
-8
-8
-1
0
1
-2
3
7
4
1
3
6
3
6
9
4
3
-1
-1
3
-1
-3
-8
-6
-13
-14
-14
-12
-15
-15
-11
-9
-10
-11
-8
-10
-7
-13
-10
-11
-10
-12
-17
-15
-19
-15
-12
-12
-13
-15
-12
-10
-5
-5
1
4
4
5
11
15
17
24
28
28
28
30
32
33
34
38
38
28
26
27
26
27
28
22
21
20
20
13
12
15
8
4
4
5
0
-1
-3
-3
-6
-6
-4
-4
-3
-6
-4
-7
-7
-8
-9
-8
-10
-10
-6
-6
-6
4
10
10
15
20
17
21
20
25
21
19
21
20
21
14
12
10
10
11
16
22
22
22
26
31
29
31
30
28
25
24
25
15
12
10
10
13
11
13
6
7
4
1
1
-2
-4
-9
-6
0
-1
3
3
6
3
7
10
13
12
10
3
0
-2
-10
-13
-18
-21
-22
-18
-17
-12
-4
-2
-1
3
14
17
18
19
18
20
19
20
21
16
16
15
18
18
17
17
21
20
20
20
17
17
17
18
19
17
18
18
11
13
14
13
12
9
11
15
14
15
17
21
24
23
24
25
25
27
29
31
33
23
26
25
23
23
19
19
22
18
