-7
-3
-7
-4
-2
-3
0
5
4
6
4
6
5
11
7
5
7
3
10
9
13
12
6
11
13
13
14
15
13
13
15
17
14
18
15
19
21
21
23
21
20
17
15
18
12
13
15
15
15
14
16
16
16
13
16
17
15
14
12
12
14
15
14
14
13
14
14
15
14
15
15
10
5
1
-1
-1
-1
1
-2
-5
0
1
1
-2
-3
-7
-11
-9
-11
-12
-11
-14
-10
-8
-11
-10
-8
-10
-10
-12
-10
-13
-14
-13
-15
-14
-16
-9
-6
-4
-4
-4
-6
-9
-6
-9
-8
-13
-9
-7
-7
-7
-4
-3
-6
-2
-2
-2
-5
-2
-5
-4
-4
-6
-9
-5
-6
-6
-6
-5
-7
-13
-6
-8
-9
-6
-7
-7
-12
-11
-12
-15
-16
-17
-16
-16
-17
-15
-17
-18
-18
-17
-19
-23
-18
-20
-23
-23
-23
-24
-21
-20
-21
-18
-19
-15
-13
-11
-13
-15
-7
-10
-10
-13
-13
-15
-17
-16
-19
-12
-13
-14
-14
-11
-12
-14
-10
-9
-11
-5
-1
-6
-5
-4
-7
-2
-2
-1
-4
-7
-7
-9
-12
-12
-9
-9
-6
-4
-9
-4
-5
-2
-3
-4
-4
-1
-5
-4
-4
-6
-11
-10
-9
-6
-4
-10
-8
-3
-2
-1
-1
-2
2
-2
-2
-1
-5
-2
-3
0
0
-2
0
-1
0
0
-2
0
1
-5
-2
0
1
1
4
2
-2
3
2
-3
0
0
-2
0
0
1
-1
2
4
5
6
4
3
3
2
1
-2
-3
1
-4
-9
-13
-6
2
1
1
1
2
-3
-6
0
-1
-3
-6
-7
-4
-3
1
2
2
4
7
10
11
11
11
9
8
10
6
7
9
10
10
7
7
3
3
3
2
1
3
5
1
1
9
9
6
8
5
6
6
11
11
9
15
9
12
9
7
6
7
6
7
6
4
3
3
3
1
7
8
5
6
5
4
4
9
6
7
9
7
11
11
11
13
13
11
8
10
10
9
14
18
15
14
14
14
15
15
15
14
14
15
14
13
14
15
16
16
17
12
14
12
12
13
10
12
13
14
12
12
8
11
11
13
12
12
15
14
12
9
9
4
6
4
4
7
5
2
1
-2
-4
-6
-6
-4
-8
-8
-6
-2
-1
-6
-8
-10
-9
-7
-10
-8
-6
-11
-13
-10
-7
-12
-8
-13
-12
-10
-12
-14
-16
-18
-23
-18
-18
-16
-17
-18
-21
-19
-17
-14
-15
-14
-8
-12
-12
-12
-13
-11
-14
-15
-14
-15
-11
-10
-9
-9
-10
-9
-11
-8
-7
-9
-8
-6
-10
-10
-5
-7
-5
-3
-4
-3
-5
-4
-4
-5
-5
-4
-2
-5
-6
-6
-9
-8
-7
-10
-5
-7
-4
-2
-2
-2
-1
0
-1
2
0
0
-1
0
2
2
1
-3
-3
-9
-12
-5
-3
1
2
4
10
6
11
12
10
14
14
19
19
18
20
17
19
18
16
16
16
17
13
13
10
13
15
16
18
18
18
18
16
14
16
15
10
6
15
10
11
13
9
11
10
9
12
13
15
15
14
14
15
15
17
11
13
17
13
11
10
13
8
7
6
11
7
3
6
6
11
9
12
12
11
16
12
11
10
9
11
9
7
8
8
8
6
5
8
10
7
6
5
8
9
9
11
9
13
14
13
10
8
3
5
9
10
8
11
8
6
7
4
4
6
7
1
2
0
0
1
0
0
-2
1
4
3
-3
2
3
-1
1
-1
1
-4
-5
-7
-7
-10
-7
-8
-10
-6
-12
-8
-5
-6
-8
-13
-14
-13
-10
-12
-11
-4
-4
-3
-2
-3
-3
-4
1
0
-3
-4
-2
-4
1
-2
-7
-8
-1
-2
-4
-2
-4
1
-2
0
0
-2
-2
1
2
0
3
4
4
7
3
3
7
5
7
4
7
4
9
9
6
7
4
5
5
8
6
6
4
5
8
6
13
9
6
9
6
11
9
6
10
7
11
9
5
2
4
5
2
1
-1
-2
-4
-2
0
-4
0
-3
-5
-3
-6
-3
-8
-5
-7
-4
-2
-4
-7
-11
-7
-13
-12
-9
-8
-5
-4
-6
-6
-6
-3
-5
-5
0
-4
-1
-4
-4
-3
-3
-1
-2
-5
-4
-3
-3
-4
-3
-4
-10
-7
-4
-6
-11
-7
-6
-3
2
4
6
3
7
10
12
10
5
10
11
11
11
8
8
5
8
5
2
5
7
3
7
8
6
5
9
11
9
8
6
5
5
3
4
8
5
8
6
8
7
9
12
11
11
13
13
7
10
12
13
11
15
12
11
15
9
10
10
14
12
20
19
14
19
18
17
17
22
18
18
21
23
25
26
26
25
23
26
27
22
22
26
24
26
28
26
26
30
28
27
32
36
30
31
32
30
28
24
20
21
21
20
19
19
15
19
19
15
19
19
21
20
24
24
26
28
28
26
24
24
24
27
24
23
25
23
28
24
20
20
20
21
17
17
16
15
13
9
11
10
10
8
1
5
-3
-1
-1
-2
-2
-2
2
-1
-2
0
2
0
3
-1
-4
-4
0
1
-3
-6
-2
-3
-3
-2
2
2
5
4
5
5
5
5
-2
3
-1
-5
-7
-6
-3
-6
-7
-10
-12
-8
-10
-10
-7
-11
-10
-7
-7
-6
-6
-4
-8
-7
-7
-5
-4
-8
-10
-11
-9
-6
-12
-15
-14
-12
-7
-7
-11
-7
-9
-12
-8
-11
-10
-12
-11
-10
-6
-7
-10
-7
-5
1
3
6
5
8
2
3
0
-2
2
4
2
5
7
4
4
4
5
6
10
7
7
6
10
6
7
11
8
9
3
3
6
8
9
4
5
10
10
10
10
8
9
11
14
12
10
18
21
21
21
24
23
23
22
22
25
25
22
23
22
17
16
17
22
19
19
16
15
19
16
18
18
17
17
18
14
14
16
13
14
11
13
14
13
14
10
13
9
7
7
6
2
5
5
4
5
-1
0
2
1
3
4
5
8
8
7
7
11
10
11
9
11
10
9
11
12
7
7
7
8
11
10
4
8
4
3
6
3
9
8
13
11
14
11
9
9
8
9
7
10
11
11
13
6
4
8
7
7
6
10
10
7
10
8
13
16
14
16
19
22
23
24
23
24
23
23
23
23
22
25
27
23
22
18
22
22
17
20
20
19
21
22
21
24
24
21
24
23
26
24
18
20
17
22
23
20
19
23
21
18
20
22
21
19
16
19
16
17
19
21
17
18
18
14
21
21
25
26
27
29
27
26
29
25
29
24
23
26
25
28
31
29
33
32
34
40
39
42
45
50
57
71
91
103
107
102
75
34
-9
-46
-79
-91
-90
-19
34
43
35
21
15
-1
-10
-40
-21
57
117
156
153
130
105
116
126
118
89
38
39
29
11
-18
-51
-63
-46
-22
-25
-47
-81
-91
-114
-121
-117
-115
-95
-84
-49
-34
-48
-61
-73
-58
-51
-67
-78
-75
-43
-18
1
-7
-32
-36
-33
-25
-46
-62
-68
-65
-42
-20
-14
-23
-25
-22
-12
-2
-27
-45
-37
-14
17
19
20
29
43
66
75
60
47
50
56
66
77
82
96
128
151
151
151
145
142
128
113
104
100
118
128
128
115
106
98
83
62
38
26
30
28
23
14
18
25
26
21
21
17
8
3
-2
-2
-13
-8
-8
-5
-3
-3
-8
-23
-35
-55
-67
-68
-63
-65
-60
-50
-43
-45
-47
-51
-60
-67
-76
-84
-90
-83
-84
-87
-98
-110
-105
-119
-132
-147
-152
-142
-146
-152
-158
-157
-149
-152
-160
-171
-175
-180
-166
-110
-18
66
106
166
270
374
417
399
405
434
450
424
410
437
452
428
398
391
386
330
237
154
97
39
-27
-87
-132
-150
-164
-166
-172
-187
-190
-199
-216
-228
-219
-187
-163
-138
-91
-26
38
76
101
141
175
182
191
210
228
238
235
265
304
326
318
300
298
289
248
194
141
97
57
15
-21
-49
-66
-88
-108
-123
-129
-141
-167
-179
-176
-151
-130
-116
-93
-54
-12
12
25
44
66
72
65
56
57
49
23
3
-7
-24
-51
-85
-114
-142
-172
-206
-238
-256
-283
-310
-334
-344
-346
-352
-354
-352
-336
-320
-305
-288
-269
-243
-239
-246
-253
-240
-218
-160
-37
60
119
191
335
498
538
519
546
606
596
511
494
533
533
444
387
441
468
392
279
247
226
136
-2
-97
-121
-180
-263
-296
-266
-235
-245
-244
-218
-185
-163
-160
-155
-153
-129
-96
-78
-43
18
99
151
176
224
294
316
274
247
256
253
197
159
183
221
221
201
221
265
267
208
152
131
100
31
-53
-91
-88
-93
-100
-85
-45
-7
-2
-2
12
25
14
-18
-37
-31
-17
-19
-13
1
33
61
60
53
53
40
-7
-67
-94
-109
-144
-179
-201
-187
-170
-171
-189
-187
-187
-211
-243
-281
-306
-342
-381
-415
-421
-402
-394
-389
-379
-369
-368
-377
-390
-352
-246
-147
-102
-53
97
303
419
456
525
650
718
675
635
668
685
588
480
481
528
494
392
350
369
342
242
135
79
10
-112
-224
-281
-301
-332
-367
-369
-334
-283
-232
-201
-190
-157
-119
-107
-122
-113
-67
-36
-24
12
111
197
226
245
302
361
365
327
301
288
264
229
203
202
218
211
198
218
251
241
192
155
117
76
18
-45
-91
-123
-129
-132
-123
-90
-61
-36
-18
10
29
35
26
4
3
3
-7
-30
-34
-21
-14
-20
-28
-26
-27
-52
-85
-106
-124
-151
-193
-226
-247
-260
-282
-300
-311
-327
-333
-353
-372
-382
-394
-404
-421
-429
-436
-455
-463
-477
-476
-421
-311
-215
-163
-91
72
258
344
383
465
589
637
589
586
636
632
532
454
488
515
464
368
361
390
342
246
169
140
54
-59
-154
-208
-251
-323
-379
-401
-382
-351
-329
-320
-301
-244
-194
-175
-178
-147
-105
-109
-118
-82
-10
24
26
64
142
207
224
235
264
282
273
242
238
238
224
191
171
192
206
197
177
182
194
177
142
109
89
56
8
-28
-49
-53
-70
-77
-64
-39
-13
-5
12
37
60
73
68
60
54
47
19
-5
-20
-38
-56
-80
-87
-88
-83
-92
-102
-104
-113
-129
-160
-191
-225
-256
-292
-332
-361
-381
-406
-416
-425
-407
-394
-401
-406
-409
-406
-417
-379
-292
-220
-197
-152
4
167
257
310
424
575
629
625
661
723
715
606
551
578
571
476
387
397
406
357
277
264
260
188
94
22
0
-71
-165
-236
-272
-296
-332
-354
-361
-341
-315
-277
-247
-211
-156
-122
-108
-88
-42
3
-3
-15
11
61
84
74
102
147
172
168
190
225
238
229
212
221
238
232
199
175
194
193
164
141
137
126
92
66
48
39
11
-25
-38
-39
-49
-73
-82
-78
-68
-62
-52
-42
-29
-10
-5
1
-4
-9
-15
-40
-64
-81
-92
-119
-145
-157
-155
-157
-167
-164
-165
-173
-190
-206
-226
-246
-281
-321
-353
-377
-396
-417
-421
-416
-412
-419
-425
-421
-422
-403
-335
-264
-220
-181
-85
60
155
217
313
443
525
539
576
658
694
637
586
602
614
544
451
442
448
390
303
272
291
242
145
93
89
39
-60
-131
-162
-195
-271
-323
-326
-326
-336
-344
-317
-278
-241
-216
-186
-145
-109
-68
-54
-47
-16
7
21
20
46
78
92
91
114
152
159
156
162
187
222
231
234
247
268
279
260
253
254
243
209
173
166
136
89
41
12
-3
-34
-65
-74
-60
-66
-70
-61
-40
-30
-37
-31
-23
-19
-32
-55
-57
-70
-93
-109
-114
-115
-125
-127
-129
-115
-106
-112
-115
-114
-116
-140
-160
-190
-215
-249
-295
-325
-357
-380
-408
-418
-413
-420
-432
-444
-433
-423
-396
-328
-277
-243
-193
-84
32
108
190
297
421
486
524
594
676
683
627
623
650
626
535
472
472
433
343
282
290
274
190
123
112
113
41
-46
-85
-108
-173
-247
-278
-290
-322
-362
-359
-323
-302
-299
-277
-234
-198
-168
-138
-115
-82
-55
-32
-10
16
46
59
65
88
122
134
129
135
150
166
175
209
232
253
281
293
328
335
339
329
300
297
262
226
178
135
97
52
13
-23
-42
-75
-91
-96
-85
-82
-99
-86
-73
-58
-68
-71
-60
-77
-91
-110
-109
-119
-136
-148
-142
-118
-121
-107
-91
-70
-67
-75
-71
-86
-107
-142
-179
-206
-249
-289
-326
-349
-371
-383
-388
-401
-413
-425
-421
-419
-396
-339
-283
-250
-212
-115
1
79
141
237
356
422
450
510
592
612
559
540
571
561
478
407
411
395
327
258
262
267
193
123
107
112
50
-42
-77
-93
-142
-214
-252
-257
-279
-328
-342
-313
-302
-310
-306
-269
-239
-210
-180
-146
-103
-79
-47
-16
13
44
59
70
92
123
137
144
156
166
169
176
195
230
243
258
281
308
336
350
361
364
357
337
309
275
226
169
107
49
-8
-63
-110
-151
-175
-188
-190
-190
-174
-152
-140
-121
-107
-91
-90
-97
-96
-95
-95
-111
-110
-96
-88
-78
-69
-50
-44
-48
-44
-41
-46
-64
-81
-103
-130
-163
-199
-234
-271
-306
-339
-364
-373
-396
-426
-441
-441
-436
-420
-366
-295
-232
-184
-109
15
103
167
243
339
411
429
469
532
572
542
510
529
537
493
421
412
407
349
276
260
270
206
130
107
110
63
-25
-62
-70
-115
-196
-233
-226
-254
-315
-340
-310
-304
-321
-323
-289
-251
-241
-208
-161
-120
-99
-76
-31
9
39
53
69
100
121
132
135
146
160
154
147
166
201
214
230
260
294
326
339
345
354
338
323
296
262
222
162
103
43
-5
-60
-113
-150
-175
-184
-186
-192
-184
-166
-153
-136
-117
-93
-79
-78
-66
-61
-60
-64
-66
-62
-67
-71
-76
-71
-69
-73
-68
-69
-68
-78
-81
-92
-117
-134
-163
-188
-229
-265
-296
-321
-340
-357
-374
-394
-407
-411
-411
-399
-345
-287
-233
-196
-111
1
71
129
209
319
386
406
448
523
547
508
481
506
510
443
384
389
382
320
256
257
267
202
131
131
136
79
-5
-18
-24
-84
-165
-191
-184
-231
-308
-323
-295
-304
-327
-323
-270
-238
-228
-187
-128
-83
-63
-35
16
51
61
72
91
108
113
118
128
143
152
140
148
173
199
199
217
253
270
288
301
324
323
303
285
269
244
191
132
86
33
-35
-95
-139
-176
-211
-239
-239
-230
-221
-203
-181
-148
-125
-100
-83
-69
-53
-51
-59
-63
-65
-80
-95
-105
-105
-106
-114
-114
-108
-105
-100
-106
-104
-110
-129
-144
-168
-188
-224
-260
-288
-318
-342
-366
-391
-420
-443
-448
-451
-441
-383
-324
-274
-224
-147
-27
50
110
197
295
366
386
437
506
533
506
484
516
515
456
398
405
390
326
272
281
278
205
144
142
147
89
18
-4
-12
-77
-160
-176
-178
-232
-296
-306
-279
-292
-316
-303
-250
-227
-224
-180
-121
-82
-65
-32
21
58
68
80
99
118
123
121
131
146
149
139
152
182
210
227
243
285
310
330
342
356
362
335
324
297
261
207
142
94
31
-31
-87
-129
-166
-198
-210
-205
-195
-183
-167
-140
-105
-84
-59
-45
-37
-35
-47
-54
-67
-83
-102
-115
-126
-131
-135
-130
-123
-115
-109
-100
-87
-83
-90
-105
-127
-150
-186
-223
-257
-297
-334
-366
-390
-417
-443
-468
-475
-468
-462
-417
-344
-293
-250
-180
-62
24
78
160
266
347
372
416
494
532
509
481
508
526
466
401
396
393
331
250
243
261
196
115
100
119
78
-13
-44
-37
-89
-179
-221
-211
-241
-319
-350
-321
-312
-342
-335
-279
-244
-240
-204
-130
-86
-71
-49
3
45
47
61
84
107
109
106
123
143
147
135
145
182
216
212
232
271
295
306
311
342
336
306
276
254
223
158
99
45
-5
-69
-124
-162
-188
-215
-231
-218
-201
-180
-163
-138
-102
-77
-62
-53
-41
-47
-63
-72
-86
-97
-115
-123
-123
-127
-119
-111
-102
-87
-81
-72
-63
-69
-83
-107
-132
-165
-203
-247
-293
-326
-365
-392
-415
-435
-454
-472
-468
-463
-442
-377
-310
-256
-207
-119
3
76
134
230
332
398
425
480
555
571
531
511
541
533
461
405
409
388
305
244
253
248
157
83
87
83
14
-68
-80
-88
-158
-239
-242
-235
-288
-357
-349
-311
-326
-348
-311
-251
-234
-231
-178
-104
-67
-60
-28
36
61
63
77
111
128
112
113
132
140
140
133
152
195
223
226
255
299
314
317
329
347
328
292
267
242
201
135
74
22
-28
-89
-132
-156
-176
-194
-201
-181
-162
-152
-134
-98
-66
-49
-37
-25
-24
-32
-44
-53
-60
-79
-92
-102
-100
-94
-98
-95
-83
-76
-75
-82
-83
-89
-112
-142
-165
-201
-244
-284
-326
-348
-379
-398
-410
-429
-442
-448
-443
-433
-380
-306
-248
-199
-139
-23
72
127
203
309
394
421
459
537
591
572
526
533
553
499
417
393
392
323
226
207
227
179
79
60
83
51
-40
-74
-65
-103
-191
-232
-216
-239
-312
-345
-312
-299
-325
-325
-273
-231
-227
-197
-130
-75
-62
-50
6
50
54
64
86
109
102
97
109
128
141
138
153
192
220
231
248
285
311
299
303
317
301
262
220
194
160
90
30
-17
-56
-109
-154
-170
-186
-199
-207
-192
-162
-146
-130
-100
-76
-57
-42
-38
-21
-21
-36
-42
-45
-49
-63
-76
-81
-80
-82
-87
-85
-82
-87
-101
-111
-125
-151
-177
-210
-234
-271
-311
-343
-369
-384
-399
-412
-430
-440
-442
-438
-429
-392
-328
-264
-217
-168
-64
39
107
183
288
392
434
465
545
607
603
560
557
578
529
442
407
404
346
249
213
233
196
111
72
91
74
-8
-47
-39
-67
-150
-210
-196
-212
-282
-328
-310
-291
-318
-330
-288
-246
-238
-217
-155
-94
-65
-51
-2
49
72
86
101
127
131
120
123
141
155
146
147
183
222
230
253
292
329
334
331
355
350
319
278
235
203
143
72
12
-33
-86
-149
-178
-191
-208
-222
-213
-176
-146
-128
-98
-65
-34
-15
-12
-2
1
-12
-34
-40
-45
-66
-87
-97
-97
-95
-98
-102
-96
-91
-101
-114
-120
-132
-165
-204
-230
-267
-313
-355
-383
-411
-425
-438
-458
-464
-463
-459
-445
-406
-331
-271
-220
-162
-46
59
122
203
309
412
454
486
555
612
602
558
555
569
523
442
402
402
352
259
226
248
208
124
87
101
80
-2
-48
-48
-86
-166
-213
-207
-226
-296
-335
-313
-302
-325
-328
-288
-243
-238
-212
-146
-91
-68
-51
-5
42
65
75
95
117
123
122
134
147
160
162
167
199
233
245
259
285
311
314
310
313
304
274
227
196
157
103
41
-12
-46
-90
-129
-154
-162
-168
-174
-162
-136
-115
-99
-76
-55
-31
-14
-16
-11
-8
-16
-31
-50
-60
-74
-84
-96
-97
-98
-103
-110
-118
-124
-139
-157
-179
-197
-229
-261
-289
-318
-350
-381
-403
-416
-421
-425
-431
-442
-446
-446
-447
-430
-370
-312
-265
-224
-137
-10
66
123
227
348
423
449
507
587
596
558
537
567
550
457
391
384
355
268
204
212
199
116
63
79
90
21
-53
-53
-63
-130
-193
-206
-210
-277
-341
-334
-311
-329
-354
-324
-275
-251
-231
-174
-110
-70
-46
2
55
86
103
115
132
148
149
141
144
149
155
153
173
212
230
245
277
311
328
321
325
322
304
266
219
179
122
59
4
-40
-75
-123
-153
-163
-166
-162
-150
-128
-102
-74
-51
-26
-6
8
10
8
8
-5
-14
-35
-48
-55
-66
-76
-82
-78
-82
-85
-86
-88
-95
-113
-134
-145
-174
-212
-244
-281
-316
-353
-377
-395
-408
-409
-417
-430
-427
-424
-414
-397
-336
-276
-236
-189
-96
16
87
146
248
372
431
444
508
587
602
563
552
583
553
458
401
408
379
271
208
210
189
111
54
70
61
-24
-93
-84
-92
-163
-233
-244
-252
-307
-356
-343
-322
-343
-360
-322
-267
-241
-219
-172
-110
-70
-37
3
56
82
97
112
124
139
135
131
134
152
160
166
189
221
244
264
279
307
312
306
302
284
257
214
168
123
77
20
-31
-72
-109
-141
-167
-174
-177
-171
-153
-139
-111
-87
-65
-48
-37
-17
-11
-11
-14
-21
-34
-42
-56
-64
-67
-74
-77
-73
-73
-77
-88
-91
-105
-126
-147
-171
-196
-236
-268
-293
-322
-350
-369
-379
-381
-387
-391
-398
-399
-396
-396
-365
-310
-259
-222
-174
-64
41
104
185
301
419
466
491
566
635
634
597
587
601
543
448
413
410
347
245
198
208
180
99
74
89
61
-19
-54
-42
-73
-152
-209
-209
-228
-287
-325
-302
-294
-318
-319
-273
-226
-206
-171
-110
-57
-22
7
52
95
110
121
135
150
154
151
140
149
163
174
187
212
243
263
278
306
323
327
319
309
296
254
213
169
120
62
5
-41
-81
-117
-143
-150
-161
-163
-146
-126
-107
-86
-64
-44
-39
-25
-13
-5
-12
-24
-23
-33
-34
-49
-47
-47
-48
-46
-45
-41
-50
-60
-65
-76
-105
-131
-159
-194
-228
-260
-290
-315
-342
-359
-360
-366
-360
-351
-357
-361
-364
-361
-361
-329
-278
-243
-206
-147
-43
53
106
192
314
415
453
493
575
630
607
567
570
561
489
399
374
354
273
176
157
165
114
51
38
52
15
-44
-65
-55
-95
-172
-211
-213
-243
-293
-312
-305
-306
-323
-309
-262
-215
-196
-157
-97
-40
-7
30
73
112
129
140
152
167
170
155
151
164
176
180
194
224
253
275
299
315
329
321
314
301
273
228
179
124
72
18
-40
-82
-119
-147
-168
-175
-173
-164
-146
-129
-107
-86
-67
-50
-46
-31
-28
-30
-28
-36
-38
-46
-54
-54
-55
-50
-46
-45
-39
-38
-44
-53
-64
-85
-110
-139
-176
-210
-239
-272
-304
-329
-345
-350
-357
-351
-335
-321
-320
-324
-323
-324
-325
-317
-273
-236
-209
-164
-76
19
80
157
274
383
434
473
557
623
621
584
577
590
523
428
388
370
307
209
173
177
147
81
60
75
60
5
-25
-18
-45
-110
-157
-170
-195
-250
-287
-291
-286
-303
-304
-266
-222
-193
-154
-96
-36
11
50
93
132
153
165
171
179
179
169
161
163
185
190
198
233
263
286
299
325
342
341
329
309
284
240
188
132
76
18
-36
-87
-123
-147
-165
-170
-167
-154
-138
-116
-91
-68
-44
-25
-17
-4
-1
-2
-9
-20
-22
-33
-45
-44
-42
-39
-41
-37
-32
-28
-30
-37
-52
-72
-92
-124
-164
-196
-232
-264
-295
-320
-338
-351
-354
-346
-337
-324
-315
-305
-301
-306
-302
-311
-298
-263
-233
-203
-165
-87
-8
54
129
239
337
392
432
499
564
560
536
531
518
456
386
345
307
241
162
127
117
84
38
28
29
7
-27
-41
-40
-72
-126
-160
-176
-211
-254
-278
-285
-299
-310
-293
-262
-224
-198
-147
-93
-40
3
41
90
120
127
135
153
157
145
138
134
133
145
159
174
199
223
243
269
294
307
309
303
286
256
216
167
113
53
-5
-55
-94
-134
-166
-180
-183
-178
-163
-143
-116
-91
-69
-36
-15
-4
5
8
6
-4
-18
-33
-43
-61
-72
-73
-68
-63
-63
-58
-48
-50
-57
-62
-79
-102
-128
-156
-183
-219
-253
-281
-307
-325
-335
-340
-330
-323
-312
-291
-274
-262
-262
-260
-253
-260
-240
-206
-177
-158
-122
-51
14
75
152
251
334
380
433
503
538
537
526
518
497
441
379
341
295
230
165
134
119
85
51
38
33
17
-5
-19
-25
-50
-84
-118
-149
-174
-206
-238
-259
-269
-270
-262
-242
-207
-171
-135
-90
-37
9
46
81
116
141
149
153
159
156
139
130
137
145
153
159
184
216
233
255
277
290
292
291
276
254
215
168
112
56
10
-42
-84
-122
-155
-166
-168
-156
-135
-115
-90
-63
-28
3
21
28
35
31
26
13
1
-11
-33
-50
-55
-54
-48
-49
-45
-31
-25
-21
-17
-18
-30
-50
-74
-100
-129
-166
-199
-232
-257
-278
-293
-300
-300
-292
-277
-258
-238
-223
-215
-219
-216
-222
-222
-200
-181
-163
-147
-101
-39
19
75
156
241
302
346
407
465
486
479
479
478
442
390
345
311
263
200
154
132
106
70
50
42
34
18
5
2
-14
-41
-75
-103
-123
-153
-188
-208
-221
-230
-241
-231
-205
-183
-156
-122
-78
-32
8
37
76
104
113
121
128
129
122
112
110
119
126
134
155
174
195
217
239
259
266
262
250
235
203
161
113
62
11
-45
-92
-128
-156
-180
-179
-174
-161
-139
-114
-83
-50
-16
-1
9
20
23
17
3
-6
-21
-34
-46
-56
-58
-58
-48
-44
-33
-20
-17
-6
-2
-10
-28
-47
-73
-97
-127
-162
-194
-225
-253
-272
-279
-284
-277
-270
-254
-236
-209
-189
-181
-182
-184
-184
-199
-192
-173
-163
-154
-132
-79
-27
17
79
159
233
284
340
406
446
456
453
456
444
404
358
328
287
228
176
143
123
97
67
56
55
48
28
20
17
0
-29
-58
-76
-97
-127
-157
-174
-186
-201
-209
-196
-177
-156
-135
-99
-51
-15
18
49
81
106
113
125
132
131
133
133
145
153
160
170
187
204
220
230
244
249
244
229
207
180
143
102
54
10
-26
-67
-104
-122
-143
-145
-143
-135
-115
-102
-75
-52
-36
-15
-3
9
14
16
13
-3
-4
-13
-21
-31
-28
-25
-25
-18
-11
-6
3
7
2
-2
-9
-30
-54
-83
-109
-140
-173
-200
-221
-241
-249
-250
-249
-234
-225
-209
-195
-176
-166
-167
-173
-177
-183
-197
-199
-193
-175
-172
-146
-96
-48
5
67
143
214
271
325
385
423
439
441
439
426
393
353
312
272
231
179
146
125
100
77
61
58
51
40
31
26
10
-9
-35
-60
-78
-106
-135
-152
-169
-182
-188
-183
-167
-150
-128
-99
-60
-24
7
38
72
93
107
116
127
132
130
136
140
142
149
154
161
174
184
193
202
200
193
184
161
134
106
72
35
-2
-37
-69
-102
-121
-137
-143
-145
-138
-132
-115
-98
-81
-62
-44
-27
-17
-4
-8
-3
-6
-8
-12
-19
-22
-27
-25
-30
-27
-21
-21
-21
-18
-18
-27
-37
-55
-80
-100
-124
-151
-172
-195
-215
-226
-240
-247
-245
-236
-226
-212
-198
-181
-170
-158
-152
-145
-152
-152
-156
-167
-168
-162
-142
-129
-105
-66
-27
25
75
135
191
240
285
319
343
355
356
345
331
300
268
230
192
158
130
96
73
61
50
42
40
43
46
47
39
39
22
3
-15
-34
-59
-81
-104
-119
-127
-128
-122
-115
-90
-70
-43
-10
19
44
70
90
106
117
117
125
122
125
119
121
123
126
135
141
142
148
155
153
151
144
131
112
100
76
50
23
-4
-25
-47
-70
-86
-93
-99
-98
-90
-77
-63
-45
-31
-12
6
16
30
34
37
35
34
29
26
16
8
4
-2
-7
-12
-14
-12
-13
-21
-26
-30
-39
-47
-64
-77
-97
-118
-132
-145
-161
-169
-183
-188
-186
-181
-178
-171
-153
-145
-137
-124
-111
-103
-100
-93
-90
-87
-86
-93
-90
-97
-94
-82
-72
-52
-33
-12
18
51
84
115
140
167
187
199
212
217
215
203
194
172
159
146
130
114
104
96
87
83
78
74
72
66
58
53
46
30
15
-1
-16
-33
-51
-63
-73
-78
-82
-81
-75
-68
-55
-43
-26
-13
1
21
35
53
67
77
87
100
102
98
105
103
102
95
94
91
85
77
70
61
48
40
31
25
10
-7
-19
-29
-43
-55
-63
-67
-71
-71
-70
-63
-56
-46
-40
-27
-15
-2
1
15
14
17
20
17
18
16
18
11
11
3
-3
-2
-9
-14
-19
-26
-31
-41
-45
-50
-59
-74
-83
-97
-104
-114
-123
-133
-138
-134
-137
-132
-129
-115
-100
-88
-73
-62
-46
-34
-26
-19
-14
-11
-12
-16
-15
-19
-21
-24
-28
-30
-31
-32
-25
-21
-13
-8
0
16
27
42
58
71
79
94
98
99
105
107
106
106
104
95
95
91
85
87
82
76
74
71
64
57
51
46
37
24
16
5
-7
-19
-24
-32
-36
-38
-35
-30
-30
-17
-13
-7
4
14
21
26
26
28
27
29
30
23
24
15
11
8
6
6
0
2
1
-5
-8
-7
-4
-7
-9
-8
-11
-9
-13
-24
-24
-29
-29
-30
-31
-32
-33
-33
-26
-24
-17
-6
-5
7
11
15
18
19
13
10
5
-2
-1
-5
-12
-22
-31
-37
-40
-47
-48
-51
-53
-54
-52
-51
-52
-56
-57
-50
-47
-45
-42
-38
-34
-32
-28
-27
-20
-16
-11
-5
1
8
17
21
17
25
28
29
34
31
28
29
25
20
19
14
10
6
7
10
13
23
29
32
34
39
44
45
45
41
45
42
41
40
37
39
40
35
34
37
38
41
43
43
44
49
53
49
46
46
39
30
27
22
17
11
6
4
-3
1
-5
-6
-6
-3
-4
-7
-7
-6
-11
-12
-16
-24
-28
-31
-36
-34
-34
-35
-32
-28
-21
-21
-16
-10
-9
-10
-9
-7
-14
-17
-17
-22
-27
-29
-30
-29
-30
-30
-26
-24
-24
-20
-15
-11
-9
-7
-7
-10
-18
-21
-28
-37
-37
-46
-51
-50
-45
-45
-40
-30
-28
-15
-10
-6
1
7
8
7
8
6
9
6
3
2
2
-3
0
-2
-5
0
3
9
12
16
23
25
30
32
32
31
27
22
17
19
12
7
6
2
3
8
10
17
21
20
26
30
31
27
25
24
19
13
8
2
-2
1
6
6
11
14
23
30
35
39
46
51
53
58
52
50
48
44
35
33
28
25
19
22
25
17
20
19
20
21
20
15
16
14
12
5
2
-3
-11
-10
-12
-12
-15
-12
-10
-11
-10
-4
-4
2
2
6
3
3
1
-3
-4
-10
-9
-16
-16
-13
-17
-18
-13
-10
-6
-3
0
-3
-1
-6
-10
-18
-21
-28
-37
-42
-50
-54
-57
-60
-64
-58
-55
-56
-46
-35
-29
-24
-18
-15
-14
-14
-20
-22
-23
-31
-32
-40
-44
-41
-37
-35
-32
-27
-21
-16
-5
-1
5
11
7
7
2
3
1
0
-7
-9
-19
-17
-13
-13
-10
-7
-3
-1
1
6
9
9
3
-1
-7
-11
-16
-22
-24
-29
-25
-26
-27
-23
-12
-6
5
13
18
27
31
31
31
29
28
19
16
16
8
3
5
4
6
12
10
14
18
23
25
26
29
27
21
15
11
6
3
0
-5
-7
-10
-11
-8
-10
-6
-3
2
1
9
9
7
5
5
3
0
1
-2
0
-7
-2
0
4
6
10
10
18
21
20
22
21
20
16
12
6
0
-4
-6
-11
-6
-12
-15
-14
-11
-9
-8
-3
-1
0
2
-1
-3
0
-2
-6
-4
-7
-12
-9
-17
-14
-10
-10
-9
-11
-1
0
4
11
9
8
8
7
0
0
-4
-9
-11
-13
-17
-23
-23
-26
-26
-29
-23
-23
-22
-21
-26
-25
-28
-36
-36
-41
-49
-51
-54
-52
-53
-50
-45
-41
-33
-24
-17
-11
-5
0
6
3
4
5
1
-7
-6
-3
-7
-13
-12
-10
-9
-5
-3
-1
2
4
8
12
14
12
11
5
-1
0
-12
-14
-15
-17
-22
-19
-18
-19
-15
-16
-10
-6
-3
-7
-4
-1
-2
-5
-2
1
-2
0
2
5
3
7
12
11
14
17
21
15
17
18
16
15
13
13
9
10
5
1
4
6
4
2
9
7
4
9
16
11
9
10
7
4
2
-1
-3
-5
-7
-5
-5
-1
0
2
13
13
16
23
26
27
23
25
22
19
19
17
12
7
4
0
0
-3
-6
-6
-14
-14
-18
-21
-22
-21
-29
-31
-32
-39
-44
-47
-47
-49
-56
-56
-52
-58
-54
-48
-45
-45
-40
-37
-38
-35
-31
-24
-28
-31
-31
-31
-32
-26
-23
-28
-23
-23
-19
-20
-20
-15
-10
-12
-14
-10
-13
-14
-20
-26
-32
-35
-37
-43
-48
-47
-45
-50
-49
-49
-43
-42
-39
-37
-33
-28
-25
-24
-24
-23
-21
-21
-19
-18
-15
-12
-13
-8
3
2
9
10
12
21
19
25
24
26
27
29
26
24
18
16
18
14
18
18
17
14
17
17
11
14
10
10
9
6
4
5
3
5
1
3
2
0
6
6
13
16
20
24
22
26
21
23
31
29
28
28
26
27
25
23
20
9
12
7
4
7
7
9
-1
-1
0
0
-3
-8
-14
-18
-20
-19
-25
-23
-20
-20
-18
-19
-17
-17
-16
-16
-12
-12
-6
-6
-3
-4
-8
-6
-7
-6
-9
-7
-9
-11
-10
-11
-12
-10
-6
-7
-11
-10
-14
-17
-18
-22
-25
-27
-30
-39
-40
-42
-42
-45
-52
-51
-51
-50
-51
-52
-52
-47
-46
-45
-49
-48
-46
-45
-43
-42
-43
-43
-44
-40
-33
-32
-29
-25
-25
-24
-21
-21
-16
-15
-12
-14
-14
-10
-10
-11
-13
-15
-10
-10
-13
-9
-10
-6
-9
-7
-8
-9
-7
-12
-16
-11
-8
-16
-14
-11
-14
-13
-10
-3
-4
0
3
2
5
6
9
10
11
10
2
2
1
0
-4
-3
-2
-7
-5
-3
-4
-8
-8
-9
-5
1
-4
0
-9
-8
-6
-8
-11
-17
-16
-19
-20
-22
-21
-18
-20
-20
-16
-17
-14
-8
-11
-8
-5
-7
-6
-6
-5
-4
-6
-6
-2
1
6
5
9
14
12
13
16
15
11
6
1
1
-2
-3
-10
-17
-24
-23
-26
-31
-29
-30
-34
-30
-25
-28
-29
-23
-24
-24
-25
-25
-28
-28
-26
-29
-23
-22
-23
-21
-17
-14
-14
-12
-4
-3
2
-2
-1
5
-4
-7
-7
-12
-12
-11
-12
-13
-15
-17
-22
-19
-16
-14
-11
-9
-11
-16
-15
-18
-18
-23
-21
-26
-25
-23
-20
-21
-20
-15
-13
-9
-10
-3
-4
-3
0
3
5
3
2
-1
-3
-4
-8
-8
-9
-10
-8
-10
-12
-9
-10
-11
-11
-12
-11
-7
-11
-12
-12
-13
-13
-16
-17
-18
-20
-19
-21
-27
-18
-17
-19
-13
-13
-9
-13
-13
-7
-12
-12
-4
-7
-13
-12
-10
-4
-4
-4
0
4
7
7
10
9
8
9
9
5
4
0
-5
-6
-8
-11
-13
-8
-11
-14
-16
-13
-17
-18
-13
-13
-16
-12
-12
-18
-15
-13
-16
-14
-13
-14
-15
-14
-12
-13
-12
-5
-5
-1
6
4
6
6
5
3
6
6
4
3
0
-4
-3
0
-4
-2
-3
-5
4
3
3
4
8
8
9
9
10
8
2
2
-1
0
-1
-2
2
-1
1
5
4
5
3
2
3
1
4
3
3
5
-5
-6
-4
-12
-15
-20
-20
-20
-22
-17
-22
-17
-21
-23
-19
-19
-17
-18
-20
-23
-20
-21
-25
-27
-24
-25
-25
-28
-23
-23
-17
-16
-16
-11
-12
-13
-10
-7
-10
-8
-8
-9
-14
-11
-9
-12
-13
-8
-7
-8
-6
-9
-14
-7
-5
-3
-2
-5
-3
-4
-8
-11
-13
-16
-16
-14
-22
-18
-14
-13
-10
-7
-5
-6
2
5
7
7
1
2
4
2
1
4
4
4
6
2
3
3
4
3
5
10
15
13
11
11
7
9
5
0
1
3
-1
-3
2
8
10
9
12
12
13
11
10
13
13
11
7
6
9
11
16
14
14
18
26
28
30
37
37
36
42
40
39
37
31
31
25
20
21
20
17
16
18
21
16
10
12
11
5
7
4
2
-5
-8
-9
-16
-20
-21
-22
-25
-26
-25
-24
-26
-21
-14
-14
-11
-11
-8
-8
-6
-3
-9
-6
-6
-10
-11
-13
-10
-8
-11
-14
-9
-7
-10
-9
-1
2
5
1
7
4
1
-2
-6
-5
-11
-11
-12
-8
-8
-8
-6
-5
-6
-5
-6
-5
-2
1
1
0
2
-4
-4
-1
-5
-8
-11
-6
-10
-13
-10
-4
-5
0
6
6
10
12
6
9
10
5
4
3
0
-3
-4
-4
-2
-3
-4
-4
1
2
2
2
7
2
9
10
11
12
12
15
10
15
19
23
22
25
29
30
31
37
35
35
39
31
28
26
21
19
15
11
9
7
-2
-1
-3
1
3
-4
-2
-4
1
1
-5
-7
0
-5
-11
-15
-15
-16
-17
-22
-20
-19
-23
-19
-17
-11
-13
-9
-11
-4
-2
-4
2
0
1
1
3
2
0
0
2
4
0
0
4
7
3
4
1
8
12
7
2
2
1
0
-2
-6
-1
-6
-8
-5
-4
-7
-4
-1
2
3
4
4
3
-1
2
0
-3
-6
-7
-4
-6
-6
-6
-8
-10
-6
-5
-3
-3
-5
-3
0
-2
-2
1
-5
-3
-1
-6
-9
-11
-9
-12
-11
-9
-8
-5
-7
-3
-3
-3
-6
-7
-4
-5
-1
-3
-2
0
5
8
9
9
8
11
12
18
22
22
26
24
28
28
30
28
24
23
21
21
17
18
18
18
13
11
13
9
12
12
13
8
4
7
3
-1
-3
-3
-9
-9
-11
-15
-22
-23
-24
-23
-18
-18
-15
-11
-12
-7
-7
-8
-3
-5
-1
1
1
-1
1
-2
5
2
9
5
11
19
13
14
14
16
18
13
11
9
8
10
7
8
8
7
7
9
8
11
13
17
19
17
16
15
11
11
13
10
3
5
4
4
5
1
1
2
1
2
2
-2
-6
-4
-4
-3
-6
-8
-8
-7
-8
-11
-11
-16
-15
-15
-15
-14
-18
-17
-12
-12
-17
-18
-15
-12
-15
-16
-16
-17
-20
-20
-16
-15
-18
-13
-6
-5
-4
-6
1
3
4
6
6
4
6
10
11
14
10
8
5
7
7
5
6
4
2
2
4
-2
-4
-2
-6
-9
-6
-11
-13
-17
-20
-20
-24
-33
-36
-39
-35
-30
-27
-28
-27
-21
-20
-17
-19
-16
-12
-16
-14
-16
-17
-20
-18
-15
-10
-9
-8
-4
-3
-3
2
8
7
8
11
13
10
9
9
8
10
8
8
8
8
8
10
13
12
14
7
12
14
12
11
4
7
4
2
3
1
3
0
2
0
1
4
1
-3
-7
-1
-6
-4
-2
-3
0
-6
-7
-8
-11
-14
-14
-14
-15
-10
-10
-9
-14
-16
-13
-16
-9
-9
-6
-4
-5
-7
-3
-2
-1
-1
-1
1
-1
3
6
12
11
11
15
17
18
22
19
19
22
19
22
19
20
18
15
15
10
13
9
5
4
6
5
2
1
-2
0
-2
-2
-11
-11
-13
-17
-17
-15
-18
-22
-23
-25
-22
-27
-22
-25
-24
-23
-22
-24
-20
-15
-15
-15
-13
-15
-14
-10
-10
-14
-11
-12
-15
-16
-15
-13
-11
-12
-14
-10
-10
-12
-15
-13
-9
-13
-14
-10
-13
-15
-12
-10
-14
-13
-17
-14
-8
-11
-13
-15
-13
-16
-15
-13
-14
-20
-16
-17
-21
-19
-20
-20
-16
-19
-19
-18
-21
-22
-18
-26
-33
-31
-32
-31
-30
-35
-33
-31
-31
-28
-31
-25
-28
-24
-22
-21
-22
-25
-21
-18
-16
-16
-14
-16
-16
-11
-16
-12
-5
0
-5
1
2
0
4
1
3
1
5
3
3
0
1
0
-3
-3
-1
-6
-12
-14
-17
-14
-16
-18
-18
-19
-22
-23
-26
-22
-21
-27
-25
-30
-27
-25
-29
-27
-28
-30
-33
-29
-33
-31
-29
-28
-26
-24
-19
-20
-18
-16
-15
-16
-15
-13
-15
-11
-13
-11
-7
-12
-14
-18
-17
-13
-16
-15
-15
-23
-15
-16
-21
-21
-22
-17
-20
-17
-20
-24
-21
-26
-21
-21
-20
-20
-19
-15
-20
-19
-18
-19
-20
-20
-23
-20
-26
-28
-28
-31
-31
-28
-27
-26
-26
-30
-30
-25
-25
-26
-22
-25
-24
-24
-20
-22
-19
-23
-24
-22
-25
-18
-19
-15
-19
-14
-16
-15
-11
-13
-10
-11
-5
-7
-5
-1
-5
-5
-9
-10
-9
-7
-7
-7
-1
-7
-3
-1
1
3
1
3
0
-6
-11
-9
-10
-11
-13
-12
-13
-10
-12
-15
-17
-13
-12
-9
-11
-17
-21
-15
-16
-19
-18
-18
-22
-20
-18
-20
-20
-16
-16
-19
-17
-19
-14
-15
-18
-15
-15
-15
-11
-15
-14
-16
-11
-16
-16
-17
-13
-7
-11
-7
-6
-8
-5
-5
-3
-4
-9
-5
-4
-1
-2
-5
-5
-8
-7
-5
-9
-5
-5
-7
-2
-3
0
-2
-4
-1
-4
-2
-5
-3
-2
-8
-9
-12
-15
-16
-17
-19
-19
-18
-18
-15
-17
-19
-19
-20
-18
-19
-24
-24
-19
-18
-20
-22
-21
-18
-20
-18
-14
-16
-11
-15
-17
-17
-14
-15
-10
-7
-11
-12
-15
-20
-17
-12
-12
-8
-12
-11
-9
-9
-6
-5
-5
-8
-7
-5
-8
-3
-5
-12
-12
-12
-10
-17
-19
-17
-18
-16
-20
-18
-14
-17
-18
-13
-17
-18
-15
-18
-15
-17
-15
-16
-17
-15
-13
-10
-7
-6
-9
-8
-8
-9
-8
-7
-7
-7
-8
0
-2
-5
-4
-2
-2
0
-1
-2
-5
2
0
1
-2
-4
-2
-2
1
-2
1
2
2
5
5
7
12
12
14
15
15
17
18
19
17
17
19
18
12
14
17
16
18
16
18
17
17
16
17
12
14
14
10
13
12
14
14
19
17
11
10
10
7
11
11
6
7
7
5
5
6
0
3
3
5
0
3
2
-2
3
-2
-5
-4
-6
-4
-10
-9
-1
-13
-13
-14
-16
-13
-11
-9
-12
-6
-7
-10
-12
-10
-13
-15
-14
-18
-19
-19
-19
-21
-22
-18
-19
-15
-19
-15
-16
-18
-22
-17
-19
-18
-16
-18
-19
-21
-17
-17
-18
-15
-16
-13
-12
-9
-6
-5
-2
-5
-5
-3
-1
-2
-2
-8
-8
-6
-8
-13
-9
-10
-9
-5
-7
-2
-6
-7
-3
-6
-7
-7
-4
-6
-3
-2
-3
-1
0
0
-1
1
2
2
3
6
5
10
9
8
10
12
8
11
10
8
10
7
8
10
8
5
6
7
5
6
4
2
-2
-3
-3
-1
-3
-4
-3
-10
-9
-3
-4
-9
-2
-5
-3
0
1
1
1
5
4
8
7
7
2
-3
1
-1
-4
-2
0
0
1
2
0
1
0
-2
-3
-4
0
1
-2
-6
-6
-5
-3
-2
-5
-4
-1
-3
-5
-2
-8
-7
-5
-7
-9
-14
-15
-13
-11
-15
-13
-13
-11
-7
-2
-5
-2
-6
-4
-4
-4
-3
-9
-7
-4
-5
-5
2
2
-2
-1
-5
-3
-1
-6
-2
0
2
1
0
-1
0
1
-4
-1
3
1
2
3
3
1
3
5
3
2
4
6
2
4
3
1
1
3
-2
-5
0
-2
-9
-6
-6
-5
-6
-6
-5
-2
0
2
-1
0
-2
-3
-3
-5
-4
-7
-6
-2
-7
-8
-3
-2
-2
-3
-2
2
3
6
9
6
7
13
13
16
16
15
15
13
11
12
15
11
17
18
20
22
22
23
25
23
19
25
23
19
22
25
26
24
24
25
23
20
19
16
17
15
13
11
11
12
15
11
9
10
10
14
9
9
12
15
11
11
11
11
18
17
14
15
11
13
13
12
10
12
9
8
12
10
14
15
16
12
