-16
-16
-17
-16
-12
-13
-14
-13
-15
-14
-12
-13
-13
-5
-7
-6
-4
-4
-1
-5
-4
-4
-5
-3
-5
-13
-9
-17
-21
-21
-18
-15
-18
-16
-10
-11
-14
-10
-8
-10
-12
-5
-9
-17
-8
-9
-8
-9
-9
-10
-11
-7
-10
-6
-4
-3
-8
-13
-10
-10
-5
-4
-3
-6
-2
0
-1
-5
-2
-5
-1
-7
-6
-5
-13
-8
-13
-8
-14
-12
-14
-12
-8
-6
-4
-2
3
-4
-1
-6
-10
-8
-9
-12
-11
-7
-3
-2
-4
-7
-8
-5
-8
-15
-7
-8
-8
-2
-4
-6
-5
1
-1
0
1
7
5
-2
7
10
1
4
8
6
3
7
4
-4
-1
0
-6
1
-2
-4
-3
-3
-5
-11
-8
-5
-10
-10
-4
1
-2
-5
3
2
2
0
-1
-3
3
2
-2
-7
-4
-4
-9
-2
-3
-4
0
4
1
4
6
5
2
0
0
-2
-3
-5
-3
-9
-7
-7
-9
-2
-5
-6
-3
-1
-2
0
-1
-6
0
0
0
1
-1
1
3
-1
-6
-8
-10
-10
-10
-8
-12
-11
-8
-6
-15
-10
-6
-14
-14
-8
-13
-20
-11
-11
-10
-12
-8
-8
-14
-8
-4
-8
-7
-4
-4
-4
-1
-1
-5
-7
0
-3
-10
-6
-10
-10
-6
-5
2
-2
-1
1
-2
-1
2
-2
-2
4
1
-4
-2
5
0
-3
-1
-3
-3
-1
-4
0
1
-1
-3
-10
-1
-4
-4
-8
-9
-4
-10
-13
-6
-12
-14
-5
-3
-8
-3
1
-2
-1
-4
-1
-1
-1
0
0
-5
-3
-4
-7
-8
-10
-7
-10
-9
-15
-17
-7
-10
-11
-10
-7
-12
-8
-7
-15
-8
-4
-5
-7
-7
-14
-9
-5
-8
-7
-10
-6
-9
0
-6
-7
-5
-6
-9
-9
-11
-12
-9
-10
-8
-5
-5
-10
-7
-6
-2
-3
-8
-7
-5
-4
-7
-6
-6
-3
-6
-2
-6
-3
-4
-10
-4
-3
-8
-7
0
-5
-5
-5
-7
-3
-5
-4
-4
-3
-3
-5
-3
-8
-10
-10
-17
-18
-13
-15
-15
-15
-16
-18
-13
-9
-11
-10
-8
-4
-3
-2
-7
-3
-4
-9
-3
-4
-4
-7
-6
-4
0
-1
-3
0
-2
-4
-6
-8
-11
-6
-9
-9
-5
-6
-3
-5
-2
2
2
4
-3
0
2
0
4
0
1
7
-1
-2
-3
-7
-3
-6
-3
-6
-5
-5
-5
-9
-8
-3
-13
-10
-6
-6
-12
-11
-6
-8
-3
-9
-3
-2
0
2
1
3
3
5
6
9
4
-1
-1
5
-1
-2
-3
-1
-1
-2
-4
-1
1
2
-1
2
2
4
-1
2
3
-5
-3
-4
-4
-3
-3
-10
-12
-11
-9
-7
-12
-9
-5
-8
-9
-9
-5
-6
-9
-1
-2
-2
1
-1
1
3
-2
-4
3
8
1
4
4
6
10
6
12
13
5
6
6
-1
2
1
-1
1
-6
1
-2
-14
-6
-4
0
-5
-5
2
5
0
2
3
-1
1
1
0
1
4
-4
-1
2
1
4
0
-6
1
4
0
-2
-7
-1
0
2
3
-5
4
5
4
19
10
6
5
5
4
4
10
2
-3
7
-3
-5
2
-2
-1
-1
6
0
3
7
7
7
6
0
4
7
6
7
7
7
13
15
14
14
12
13
18
14
8
8
9
14
12
7
7
12
10
10
23
20
12
10
16
13
4
7
3
4
0
2
6
-4
7
0
4
-3
1
0
2
10
8
13
1
8
8
4
7
7
8
5
6
10
4
6
5
8
3
6
6
8
2
-2
6
-2
3
-4
-1
-4
-6
-3
0
-4
2
0
-5
0
-4
2
-1
4
5
10
9
13
8
10
12
7
12
9
4
-4
3
2
-2
3
4
6
2
6
7
7
13
8
9
4
4
8
3
7
1
4
2
3
2
2
2
-2
2
4
-1
6
7
4
3
1
3
4
0
8
7
5
12
12
19
11
1
10
7
10
6
10
11
3
1
3
-1
-9
-4
-7
-5
-10
-3
2
-2
1
6
9
12
8
13
15
13
14
11
13
14
2
9
7
7
7
3
9
4
15
8
9
17
14
18
21
19
16
18
16
15
13
11
6
9
0
3
5
6
5
6
12
8
16
11
7
16
17
9
15
15
12
12
14
12
14
11
12
10
5
9
3
11
12
12
17
14
8
13
13
12
10
7
7
7
6
5
6
8
4
7
14
6
9
9
13
9
10
4
0
2
5
1
-3
-2
3
-1
-1
4
6
-2
-1
12
8
9
14
14
8
10
5
7
3
-3
5
-1
-2
4
-8
-3
5
-9
-9
-1
1
5
4
7
8
6
11
5
8
14
12
14
9
10
13
3
6
8
11
3
4
12
11
7
10
11
7
6
4
14
17
12
17
18
19
15
14
9
7
8
9
9
12
4
11
11
9
13
9
8
16
4
6
4
6
12
10
15
9
3
6
14
11
13
19
17
19
21
18
25
23
26
19
23
18
15
20
8
24
16
9
17
17
13
16
18
16
12
17
18
13
17
11
16
16
14
19
18
17
14
13
7
12
18
15
16
16
19
19
13
13
14
13
10
13
7
11
10
4
7
0
3
6
3
2
3
-3
3
-3
4
6
3
8
6
15
6
7
16
13
14
16
14
15
13
16
15
10
8
12
16
12
11
17
18
14
17
14
12
14
17
14
22
17
17
17
21
20
14
16
17
25
22
23
30
27
21
28
21
27
18
15
19
17
15
9
13
15
10
21
18
16
26
22
20
20
22
24
21
23
27
26
30
20
24
25
20
18
18
21
22
21
23
21
24
18
17
23
16
16
22
29
25
24
32
25
25
25
26
27
17
19
12
11
11
10
9
15
15
14
13
20
23
11
24
25
23
24
25
29
32
38
33
31
37
32
34
27
30
26
25
29
26
26
26
22
28
26
31
30
33
35
36
44
38
37
33
33
27
34
22
29
19
18
17
18
17
13
9
15
19
9
19
15
16
21
19
22
24
18
20
20
20
19
25
20
14
13
13
4
13
11
7
11
10
14
10
12
7
11
8
6
13
8
6
4
14
13
16
21
21
24
22
25
21
25
28
22
19
18
28
21
21
32
32
35
35
34
33
35
21
19
22
15
13
8
4
11
9
11
11
8
17
17
13
17
26
28
26
27
25
31
32
26
30
34
34
42
36
32
41
33
28
20
18
26
20
17
20
16
15
22
27
28
27
27
31
29
34
30
47
43
39
32
28
34
26
31
23
21
22
23
20
16
14
16
17
25
20
22
24
32
36
34
34
32
46
38
37
34
33
38
33
28
30
29
26
31
17
25
25
23
36
20
35
30
25
43
35
29
31
27
37
35
34
28
31
35
24
17
18
15
13
20
19
23
18
15
12
22
17
12
20
22
22
24
10
14
21
18
20
15
17
21
24
20
12
12
11
16
11
14
7
8
14
10
16
11
20
20
17
16
26
27
26
31
25
22
28
26
18
20
21
20
22
14
16
13
11
17
17
11
8
5
13
3
7
6
3
9
5
13
14
8
13
14
10
7
17
10
7
16
11
16
21
15
24
31
37
31
36
40
33
33
27
32
31
15
23
19
11
10
9
12
4
9
11
12
21
20
19
18
20
16
12
16
14
14
16
21
10
12
10
19
18
17
15
7
23
11
9
16
8
19
21
16
26
30
29
33
40
26
34
25
26
29
8
24
8
8
14
14
20
15
24
21
19
23
22
27
21
15
22
25
22
25
14
15
19
20
23
11
18
11
19
19
12
9
12
4
7
6
8
15
10
13
14
11
14
15
8
19
10
11
16
22
9
15
11
20
9
8
3
-5
-2
-5
6
7
0
9
8
4
14
8
11
3
9
6
2
2
-1
-5
-2
2
6
5
4
19
12
14
8
14
5
13
7
8
4
15
2
3
8
-1
8
10
17
4
14
9
16
17
13
22
13
7
13
9
13
0
3
-1
2
-4
1
2
0
2
-2
9
1
18
18
20
23
19
29
20
7
15
15
3
10
10
7
10
3
9
7
2
2
-9
3
-14
1
-2
-4
2
8
7
10
13
17
13
4
24
15
24
14
19
27
26
25
19
22
27
18
15
20
17
11
6
6
9
9
-2
8
0
5
2
6
13
3
10
17
17
21
22
15
16
13
10
15
11
12
6
4
-6
-8
0
-12
0
7
-3
-4
5
4
10
13
4
13
14
18
11
10
9
5
4
1
-8
-12
-5
-8
-12
-14
-4
3
-7
-2
4
12
6
11
14
8
17
8
12
3
11
-6
3
0
-7
-6
-7
-17
-23
-2
-16
-19
-8
0
-11
-2
-1
4
-5
-1
-1
4
13
13
11
31
13
16
14
13
-1
-14
-6
-1
-11
-17
-14
-12
-8
-18
-4
-4
-13
5
3
-1
3
25
28
16
35
34
15
17
14
16
13
7
3
-3
-4
-8
-11
-14
-12
-16
-27
-21
-28
-13
-14
-17
-3
11
14
13
16
5
4
11
7
4
-1
-3
-11
-24
-19
-23
-19
-14
-12
-8
-4
-7
3
-4
-1
16
13
10
11
9
12
13
5
8
5
1
1
0
-2
-2
-1
-4
-12
2
-6
-14
-2
-5
-9
-7
-2
-5
-3
-5
-5
-15
-4
-6
-10
-4
-10
-9
-2
-1
-3
0
-5
-3
7
0
-1
0
6
-2
2
12
-14
-13
-12
-18
-19
-20
-24
-27
-25
-15
-17
-10
-15
-17
-11
-3
-1
-5
-13
-6
-2
-2
4
-1
4
-4
-1
-3
-6
-10
-15
-7
-18
-23
-18
-24
-19
-13
-11
-21
-18
-11
-8
-6
-24
-16
-24
-21
-10
-17
-14
-14
-4
-5
-8
-2
-18
-17
-14
-19
-15
-23
-16
-3
-6
-8
-7
-1
-14
-3
-19
-18
-12
-24
-27
-29
-19
-7
-7
10
16
10
7
3
-2
4
-3
-7
-9
-5
-4
-8
-5
-36
-24
-1
-13
-22
-10
-8
-16
-19
-12
-19
-18
-13
-19
-15
-2
2
-7
5
3
-6
-2
0
4
-4
-6
3
-7
7
6
5
17
10
23
25
27
19
14
23
9
7
8
7
9
5
-10
-17
-9
-13
-21
-25
-17
-12
-17
-2
-2
3
10
17
13
14
8
4
3
5
6
1
1
-4
-8
-15
-12
-12
-17
-17
-9
-6
-5
-9
-5
5
-2
-4
0
-4
-9
-18
-17
-22
-19
-18
-17
-16
-7
-1
5
11
18
22
16
11
11
10
2
-1
-6
-7
-8
-15
-20
-25
-22
-28
-26
-18
-20
-11
-16
-12
-13
-13
-11
-18
-22
-24
-26
-24
-27
-31
-27
-24
-21
-25
-14
-12
-12
-10
-13
-11
1
5
3
2
3
-2
-2
-12
-30
-38
-41
-40
-47
-42
-32
-29
-23
-15
-13
-5
-1
2
2
6
0
-2
2
3
1
-7
-11
-16
-18
-24
-25
-22
-26
-31
-30
-23
-18
-14
-7
4
14
16
15
17
19
12
2
-3
-8
-10
-19
-20
-19
-24
-25
-29
-34
-30
-37
-31
-28
-25
-19
-16
-15
-10
-8
-4
4
4
7
7
17
18
24
28
30
37
33
35
30
27
24
13
3
-1
-5
-4
-8
-8
-7
-10
-12
-23
-22
-33
-36
-45
-56
-46
-46
-50
-43
-32
-26
-19
-7
2
11
26
26
30
36
40
48
46
35
28
26
20
7
-2
-11
-15
-25
-30
-43
-47
-37
-47
-46
-40
-41
-41
-34
-27
-25
-21
-16
-16
-20
-16
-16
-19
-22
-23
-19
-14
-19
-15
-12
-19
-23
-31
-35
-47
-52
-55
-56
-54
-44
-31
-20
-10
-8
-4
-7
0
-7
-8
-14
-20
-16
-13
-7
-7
-3
-6
-3
-11
-6
-12
-21
-21
-34
-43
-56
-67
-70
-77
-78
-72
-65
-50
-39
-29
-15
-4
4
18
23
31
31
35
38
38
37
40
44
42
46
41
37
34
29
26
23
15
20
16
10
10
9
8
12
10
13
19
18
21
29
32
40
35
33
36
32
31
31
26
21
18
12
5
-3
-2
-14
-14
-20
-21
-25
-30
-36
-46
-49
-54
-60
-58
-58
-62
-57
-54
-45
-36
-28
-21
-16
-10
-11
-4
-2
-8
-7
-23
-36
-46
-54
-64
-81
-100
-108
-118
-127
-134
-136
-127
-127
-115
-106
-94
-79
-72
-69
-68
-72
-75
-78
-90
-99
-106
-123
-139
-163
-176
-176
-147
-82
-9
66
143
227
315
388
430
438
425
379
314
235
141
58
-23
-93
-157
-189
-193
-198
-190
-192
-192
-181
-173
-167
-162
-144
-116
-76
-28
38
115
193
264
316
351
371
370
334
272
195
117
28
-53
-118
-164
-182
-187
-179
-149
-112
-77
-46
-24
-3
9
20
34
44
61
74
97
125
144
164
166
154
134
103
55
3
-49
-91
-125
-146
-154
-147
-132
-106
-82
-62
-41
-31
-28
-38
-48
-60
-63
-72
-73
-64
-55
-38
-24
-12
-10
-10
-17
-31
-50
-66
-80
-88
-95
-103
-99
-100
-98
-100
-110
-115
-127
-139
-146
-150
-145
-132
-123
-122
-115
-108
-104
-115
-136
-166
-191
-221
-228
-171
-54
76
172
269
397
524
602
608
570
504
405
273
118
-11
-108
-179
-248
-287
-280
-239
-198
-190
-193
-188
-171
-160
-165
-155
-102
-34
41
125
227
341
435
478
481
458
414
331
206
73
-46
-151
-244
-308
-337
-330
-300
-267
-239
-208
-169
-137
-121
-111
-99
-54
2
60
133
222
314
389
437
459
449
401
322
216
98
-10
-106
-186
-242
-268
-261
-235
-200
-157
-117
-80
-51
-31
-12
5
17
37
64
94
126
142
139
117
84
36
-23
-94
-160
-216
-258
-276
-277
-245
-206
-155
-104
-49
-1
28
43
31
16
-14
-44
-74
-95
-111
-117
-114
-111
-95
-85
-75
-87
-104
-120
-143
-158
-191
-210
-235
-261
-269
-266
-258
-251
-187
-23
175
298
375
477
611
682
666
590
495
389
257
93
-54
-140
-193
-261
-332
-348
-313
-270
-264
-288
-283
-246
-191
-149
-92
13
140
242
324
418
512
572
556
481
390
298
186
40
-99
-201
-275
-334
-381
-398
-366
-329
-299
-276
-237
-174
-123
-68
-15
44
127
207
272
335
406
465
486
469
425
366
283
174
49
-67
-160
-239
-304
-346
-345
-319
-284
-235
-173
-101
-24
37
89
137
183
212
221
228
214
193
154
90
20
-49
-114
-182
-246
-281
-294
-299
-283
-255
-207
-146
-90
-45
-7
29
43
48
37
16
-27
-71
-114
-147
-172
-191
-197
-190
-178
-161
-129
-112
-97
-95
-108
-118
-142
-156
-192
-223
-245
-255
-247
-254
-232
-96
128
312
392
435
556
650
639
543
414
310
187
37
-116
-198
-210
-226
-303
-349
-330
-280
-258
-284
-290
-256
-167
-81
1
129
285
402
463
489
510
512
443
312
164
55
-25
-131
-224
-283
-294
-307
-341
-364
-349
-313
-288
-272
-227
-143
-48
58
156
250
324
379
400
387
351
302
236
165
112
76
54
29
2
-24
-41
-72
-116
-168
-192
-204
-209
-176
-123
-43
30
102
151
191
209
201
169
122
94
54
34
14
-10
-31
-69
-107
-161
-211
-249
-291
-315
-308
-265
-195
-119
-52
-4
48
84
77
51
12
-30
-70
-103
-118
-127
-111
-103
-96
-92
-101
-101
-122
-142
-172
-191
-195
-189
-181
-175
-163
-163
-171
-191
-201
-212
-225
-241
-234
-112
131
371
482
521
632
744
728
580
383
221
68
-112
-289
-360
-331
-285
-320
-349
-311
-250
-209
-239
-262
-221
-124
-29
68
217
408
531
566
547
518
478
373
194
9
-110
-183
-257
-332
-354
-336
-318
-337
-366
-355
-289
-223
-168
-87
30
156
263
354
411
446
422
355
272
185
125
62
-4
-21
-6
10
-6
-28
-53
-73
-94
-150
-190
-173
-121
-76
-20
51
129
183
200
186
155
138
96
37
7
5
14
1
-24
-49
-88
-143
-208
-278
-302
-291
-275
-241
-176
-84
3
58
84
84
85
69
28
-9
-27
-37
-45
-56
-49
-50
-70
-101
-151
-187
-212
-244
-271
-268
-246
-200
-165
-147
-137
-138
-134
-150
-173
-188
-189
-186
-189
-183
-87
182
468
570
492
511
623
620
458
240
103
8
-103
-256
-331
-270
-208
-286
-399
-426
-370
-311
-297
-275
-172
11
170
273
406
570
636
573
450
349
294
219
94
-39
-100
-106
-156
-249
-311
-345
-387
-456
-509
-478
-348
-194
-60
87
261
386
438
451
447
401
310
204
115
74
58
23
-37
-32
-48
-76
-108
-130
-110
-108
-39
-22
35
116
165
180
150
156
119
77
21
-8
-24
9
30
20
47
67
77
28
-23
-71
-123
-161
-206
-235
-207
-158
-123
-109
-80
-44
-23
-16
-21
-35
-29
-6
-8
12
35
41
19
-34
-71
-117
-167
-207
-263
-280
-270
-265
-245
-220
-157
-122
-100
-76
-59
-39
-35
-48
-71
-83
-99
-124
-173
-202
-234
-262
-135
151
412
481
436
514
631
594
391
170
80
15
-107
-228
-215
-107
-67
-179
-296
-305
-272
-260
-286
-241
-98
62
179
270
417
562
562
443
311
248
237
172
63
-26
-52
-75
-176
-288
-350
-381
-433
-499
-511
-398
-212
-48
93
241
368
398
371
355
341
299
208
127
95
104
88
29
-60
-126
-138
-150
-142
-115
-40
55
112
149
168
189
166
108
49
22
26
24
7
6
42
52
25
-14
-32
-11
-16
-36
-45
-28
-10
-35
-74
-101
-113
-124
-145
-161
-149
-106
-70
-49
-32
-14
-5
-6
-2
9
23
33
20
0
-17
-55
-127
-217
-276
-307
-328
-330
-288
-200
-113
-81
-47
15
55
55
4
-60
-100
-123
-175
-222
-230
-205
-206
-199
-27
265
468
440
366
462
569
505
305
170
174
155
27
-104
-105
-43
-108
-313
-433
-409
-357
-343
-315
-198
-10
128
184
251
392
488
460
370
317
338
352
296
185
97
26
-92
-266
-396
-436
-460
-490
-505
-434
-278
-122
-16
81
208
292
283
265
309
362
365
304
244
222
181
84
-43
-142
-212
-272
-275
-195
-79
36
110
152
188
224
234
190
140
136
140
132
115
91
56
15
-54
-145
-169
-133
-86
-66
-34
9
32
30
-11
-46
-61
-77
-111
-118
-86
-41
-14
-12
-11
-16
-19
-37
-50
-47
-41
-44
-65
-80
-93
-107
-137
-187
-224
-222
-211
-209
-188
-140
-84
-70
-73
-52
-22
-6
-33
-69
-77
-85
-102
-131
-175
-187
-212
-267
-313
-257
36
380
516
440
433
591
636
439
206
145
182
118
-50
-112
-21
-8
-198
-432
-474
-398
-382
-392
-302
-80
110
160
177
280
421
460
376
326
347
385
367
277
174
76
-53
-248
-408
-459
-438
-442
-468
-426
-304
-159
-82
-28
80
202
238
218
273
405
457
391
298
255
230
110
-61
-159
-155
-125
-157
-181
-121
-34
5
-3
11
80
123
118
106
132
183
183
124
73
68
83
43
-31
-51
-30
-5
-32
-67
-55
-25
-36
-73
-79
-41
-22
-78
-133
-147
-132
-140
-165
-159
-91
-35
-31
-51
-35
-9
-39
-102
-138
-106
-68
-63
-86
-89
-68
-72
-111
-167
-177
-166
-174
-190
-186
-131
-84
-93
-107
-103
-99
-126
-190
-233
-232
-220
-250
-304
-243
62
433
561
429
373
533
611
431
207
192
291
225
19
-73
3
-12
-265
-515
-501
-360
-329
-371
-291
-70
80
66
38
148
327
394
360
370
440
465
384
246
149
81
-42
-224
-358
-358
-319
-350
-417
-425
-361
-286
-247
-170
0
158
199
174
240
374
404
304
205
213
237
161
33
-29
-33
-94
-183
-184
-102
-23
-11
-24
18
105
126
71
53
88
127
126
107
102
104
92
35
-17
-25
-2
-5
-24
-23
3
11
-28
-100
-134
-132
-145
-184
-200
-191
-177
-183
-185
-154
-115
-94
-101
-83
-30
18
13
-15
-24
-33
-47
-76
-96
-100
-112
-138
-180
-201
-220
-241
-246
-247
-222
-183
-141
-107
-101
-104
-134
-185
-232
-255
-267
-258
-243
-132
218
560
583
360
289
475
552
397
228
263
372
270
33
-53
17
-77
-380
-584
-482
-323
-317
-369
-294
-118
-50
-105
-78
116
297
358
374
466
555
533
411
288
241
184
54
-97
-189
-213
-272
-388
-474
-481
-447
-427
-386
-247
-43
84
74
47
129
236
276
261
280
360
385
306
230
209
169
67
-41
-60
-10
1
-37
-78
-63
-37
-89
-113
-83
-34
3
5
28
64
76
77
73
101
139
143
157
170
151
105
32
-37
-108
-165
-202
-222
-208
-203
-232
-264
-270
-257
-228
-201
-151
-84
-13
41
60
87
111
77
31
-7
-17
-26
-70
-126
-170
-207
-262
-326
-354
-335
-296
-268
-232
-186
-145
-134
-162
-162
-144
-128
-113
-100
-76
-68
-26
179
460
551
371
215
321
470
416
262
219
267
185
-22
-117
-47
-52
-271
-477
-430
-265
-225
-267
-226
-92
-42
-92
-64
105
269
288
251
310
405
426
364
281
241
189
78
-32
-91
-127
-196
-314
-388
-387
-365
-352
-346
-271
-143
-59
-50
-59
13
112
154
171
226
319
368
322
274
274
255
179
80
61
77
47
-15
-44
-27
-40
-101
-154
-151
-119
-108
-109
-59
1
31
50
94
154
183
177
179
195
189
143
64
-2
-42
-101
-173
-214
-225
-233
-267
-310
-309
-262
-210
-187
-157
-96
-27
3
10
30
51
37
2
-18
-4
19
-21
-85
-114
-134
-179
-241
-277
-278
-274
-267
-253
-225
-195
-203
-232
-237
-226
-221
-209
-183
-145
-46
243
569
601
358
223
384
539
478
375
412
460
268
-33
-99
15
-21
-301
-481
-376
-240
-288
-400
-353
-224
-206
-269
-167
89
251
239
198
278
378
405
384
387
428
397
270
143
77
27
-96
-260
-351
-345
-330
-372
-419
-384
-297
-268
-287
-249
-107
28
47
32
115
268
337
304
318
423
476
396
279
253
258
157
12
-31
4
-13
-112
-192
-196
-192
-241
-275
-221
-124
-75
-45
12
107
183
193
195
225
262
256
197
138
101
41
-32
-115
-156
-178
-231
-302
-332
-312
-287
-278
-283
-245
-177
-116
-73
-22
33
59
67
73
96
110
88
51
13
-39
-114
-183
-211
-228
-248
-272
-294
-269
-261
-272
-280
-286
-261
-264
-249
-211
-197
-150
74
445
598
390
191
330
570
580
459
457
542
404
72
-63
70
119
-146
-410
-385
-249
-274
-405
-416
-314
-306
-389
-332
-78
138
157
120
175
293
361
386
419
488
497
402
294
253
237
120
-56
-186
-219
-224
-285
-352
-349
-319
-338
-402
-396
-275
-143
-93
-104
-52
78
183
208
246
353
446
436
393
406
437
370
240
174
197
175
49
-66
-119
-162
-240
-320
-326
-282
-270
-261
-206
-103
-27
-2
25
94
173
220
233
231
235
201
142
80
33
-11
-94
-188
-238
-235
-235
-271
-312
-324
-309
-277
-237
-158
-109
-97
-100
-65
13
67
72
30
-12
-39
-76
-103
-115
-124
-147
-200
-219
-201
-195
-236
-288
-312
-306
-290
-283
-266
-174
106
399
423
204
107
309
506
500
485
574
616
403
123
110
241
188
-90
-257
-186
-148
-269
-375
-330
-272
-357
-447
-337
-121
-21
-49
-57
58
183
249
303
353
412
407
351
332
350
346
227
50
-58
-65
-78
-148
-229
-243
-262
-335
-402
-387
-274
-202
-236
-270
-200
-70
-8
-14
56
199
293
279
268
358
471
457
367
341
354
320
213
138
109
43
-66
-173
-210
-214
-266
-308
-303
-252
-192
-154
-113
-64
-12
47
78
119
178
213
208
180
157
137
94
13
-56
-87
-94
-128
-188
-230
-258
-266
-270
-268
-232
-184
-161
-147
-107
-47
-3
-11
-41
-50
-48
-48
-76
-99
-101
-129
-143
-161
-177
-193
-229
-258
-271
-248
-202
-185
-183
-173
-110
120
343
346
186
160
345
466
439
413
453
445
262
78
129
255
185
-49
-190
-168
-173
-262
-309
-262
-212
-269
-330
-247
-95
-36
-59
-49
46
149
202
241
282
328
298
223
228
284
297
208
83
27
6
-52
-129
-167
-151
-165
-217
-252
-240
-181
-153
-191
-212
-160
-79
-38
-27
42
135
183
192
214
284
329
301
285
317
338
297
214
150
105
42
-13
-47
-60
-97
-158
-190
-192
-187
-190
-178
-134
-85
-55
-33
-9
21
41
52
83
112
122
78
17
-10
-21
-33
-54
-80
-105
-136
-166
-176
-153
-126
-143
-176
-180
-149
-110
-94
-102
-92
-60
-66
-101
-118
-112
-116
-135
-155
-140
-110
-126
-185
-223
-235
-240
-237
-222
-189
-171
-95
133
339
293
97
111
359
483
430
404
464
442
241
105
202
330
212
-42
-138
-90
-123
-229
-259
-208
-193
-288
-340
-258
-147
-143
-189
-153
-27
92
153
175
187
227
237
221
261
336
347
248
131
87
91
64
-3
-61
-77
-105
-168
-221
-215
-160
-153
-218
-265
-221
-140
-127
-141
-66
45
93
94
138
223
259
231
238
311
365
318
242
227
223
175
111
80
62
-11
-104
-142
-132
-129
-170
-206
-197
-161
-128
-106
-92
-57
-27
-15
-4
33
79
80
31
-3
7
20
4
-43
-75
-83
-79
-87
-90
-67
-69
-112
-157
-150
-108
-83
-106
-130
-123
-111
-133
-186
-190
-200
-227
-226
-205
-155
-140
-159
-184
-208
-205
-214
-200
-168
-156
-153
-61
175
346
274
126
193
398
473
395
389
456
410
216
118
241
321
168
-65
-126
-79
-126
-231
-263
-199
-218
-323
-353
-252
-143
-145
-180
-140
-47
41
98
133
180
218
222
207
249
324
335
261
176
137
122
75
11
-17
-24
-53
-122
-184
-191
-164
-167
-232
-266
-213
-152
-154
-168
-117
-34
6
5
62
181
249
237
236
308
366
340
307
303
290
260
198
155
127
63
-24
-85
-104
-121
-164
-199
-210
-189
-154
-144
-135
-112
-80
-51
-19
27
63
68
42
13
16
32
25
-2
-23
-36
-46
-43
-35
-38
-59
-96
-108
-88
-72
-81
-108
-122
-125
-127
-146
-175
-185
-185
-208
-199
-170
-144
-147
-171
-173
-204
-205
-202
-198
-181
-176
-180
-68
178
314
206
75
184
385
442
386
407
493
436
249
190
326
368
192
-4
-25
7
-67
-175
-199
-172
-232
-341
-350
-256
-198
-218
-242
-205
-120
-40
23
63
114
156
165
186
239
314
328
268
213
198
196
158
108
92
75
34
-33
-107
-123
-110
-143
-218
-244
-203
-159
-168
-169
-118
-54
-32
-41
5
85
121
126
170
246
280
258
242
259
274
257
215
192
173
130
89
66
38
-1
-65
-113
-119
-99
-89
-108
-127
-121
-102
-86
-64
-24
1
-28
-68
-69
-30
-9
-35
-54
-56
-52
-48
-31
-3
-3
-36
-72
-61
-20
-6
-31
-63
-68
-66
-78
-98
-111
-123
-153
-185
-182
-146
-134
-164
-191
-199
-188
-188
-194
-199
-196
-186
-205
-225
-139
85
256
211
75
139
344
413
360
373
479
486
342
269
370
437
295
86
44
93
43
-76
-145
-156
-208
-307
-324
-250
-181
-208
-279
-300
-248
-162
-76
-15
33
86
116
128
167
249
290
254
206
198
216
222
189
152
139
111
51
-14
-46
-49
-79
-154
-206
-185
-149
-166
-186
-169
-140
-124
-111
-77
-14
20
27
54
107
145
153
163
193
211
223
228
225
210
183
160
144
118
74
35
29
17
-4
-25
-51
-81
-104
-102
-85
-60
-58
-91
-118
-128
-132
-117
-86
-73
-80
-99
-97
-71
-45
-41
-51
-44
-30
-23
-25
-8
-7
-22
-39
-44
-40
-45
-70
-103
-126
-132
-116
-116
-136
-146
-153
-159
-184
-205
-210
-192
-197
-236
-246
-231
-241
-249
-105
125
218
133
96
226
329
318
308
412
510
446
344
369
449
401
248
153
161
149
70
-12
-64
-109
-179
-230
-229
-198
-199
-248
-304
-318
-245
-139
-74
-56
-25
27
39
43
97
178
213
195
182
207
245
243
204
179
175
150
98
56
65
64
-14
-112
-127
-72
-61
-115
-134
-102
-84
-113
-127
-73
-22
-30
-46
8
81
97
77
90
125
152
169
181
202
201
176
146
140
153
154
138
103
79
65
47
20
-1
-5
-21
-55
-95
-117
-123
-143
-175
-193
-176
-158
-159
-167
-165
-158
-135
-112
-88
-55
-21
5
6
17
22
20
13
12
21
14
-7
-26
-49
-79
-101
-112
-123
-141
-164
-187
-205
-225
-249
-274
-282
-289
-291
-284
-253
-126
30
101
66
82
219
320
326
340
423
495
465
407
438
491
449
312
242
248
223
144
62
11
-42
-118
-187
-207
-195
-198
-242
-290
-297
-255
-191
-152
-135
-88
-38
-14
-4
46
105
133
139
161
210
252
254
218
206
218
210
171
127
122
121
66
-13
-28
-9
-18
-73
-93
-70
-67
-94
-124
-111
-80
-72
-63
-25
10
18
25
43
74
112
135
149
161
177
183
190
194
183
182
173
158
151
153
142
93
47
14
2
-20
-49
-76
-102
-131
-164
-186
-182
-166
-177
-189
-186
-166
-154
-143
-133
-108
-67
-49
-30
-13
1
-1
-15
-9
7
14
5
-14
-27
-43
-67
-79
-93
-116
-130
-143
-147
-157
-186
-196
-201
-213
-220
-229
-221
-224
-174
-33
83
85
53
114
217
249
255
305
371
381
329
327
386
395
323
240
217
209
157
97
49
5
-46
-103
-129
-121
-123
-157
-203
-222
-212
-176
-139
-111
-88
-50
-35
-25
8
46
69
78
97
134
148
162
171
172
168
159
146
132
138
145
119
66
48
59
71
34
1
12
17
-3
-34
-28
-8
-24
-48
-45
-18
10
3
6
30
43
55
65
84
118
135
140
125
127
142
142
147
155
164
150
100
51
41
44
32
-6
-37
-56
-89
-123
-154
-154
-148
-168
-193
-187
-155
-139
-146
-158
-151
-128
-106
-92
-74
-47
-28
-42
-47
-34
-24
-24
-35
-45
-61
-69
-85
-97
-111
-121
-133
-149
-163
-179
-200
-224
-243
-252
-246
-244
-192
-57
43
35
10
85
186
207
199
245
320
327
280
291
358
369
294
219
216
210
151
80
36
14
-28
-74
-93
-89
-100
-143
-195
-219
-199
-167
-144
-135
-116
-79
-71
-72
-48
-13
6
2
21
65
92
110
108
103
121
124
112
92
96
118
104
56
43
58
46
3
-15
4
13
-11
-37
-31
-12
-17
-36
-26
1
13
7
16
35
47
51
56
76
112
134
133
132
131
139
142
140
148
156
142
104
78
75
67
39
6
-22
-41
-62
-92
-112
-126
-134
-151
-162
-146
-130
-131
-145
-154
-145
-127
-113
-99
-73
-53
-59
-69
-60
-47
-43
-45
-45
-45
-43
-62
-76
-86
-105
-116
-124
-129
-143
-164
-169
-175
-193
-202
-207
-201
-192
-125
-13
60
61
66
140
199
193
199
247
283
269
250
284
328
301
229
186
182
149
91
43
14
-12
-53
-81
-88
-87
-103
-149
-188
-186
-172
-157
-147
-124
-95
-77
-71
-63
-33
-16
-29
-33
-8
31
51
58
70
85
96
87
71
65
70
69
46
38
42
43
27
7
3
12
8
-8
-15
-16
-14
-24
-24
-6
5
5
-4
2
11
18
20
37
47
61
77
82
90
96
101
98
100
107
109
109
89
68
65
56
38
12
-15
-36
-53
-80
-99
-101
-101
-106
-116
-119
-112
-106
-115
-126
-127
-113
-100
-88
-75
-62
-71
-82
-79
-75
-64
-70
-70
-72
-76
-82
-93
-102
-110
-118
-132
-137
-136
-138
-152
-156
-163
-174
-184
-169
-83
20
60
38
74
170
205
194
203
250
268
239
229
285
328
290
214
182
198
161
101
54
28
3
-30
-58
-60
-44
-69
-125
-161
-151
-132
-135
-143
-130
-103
-86
-79
-58
-16
-3
-24
-35
-9
31
50
51
58
76
92
85
62
55
68
56
26
9
18
36
20
-6
-1
26
20
-12
-25
-13
-7
-25
-27
-2
21
6
-8
2
19
12
-11
-16
3
33
47
52
63
77
74
71
79
92
94
78
62
63
68
59
37
17
-4
-33
-59
-71
-81
-94
-110
-118
-124
-121
-119
-130
-139
-147
-142
-133
-123
-117
-118
-112
-110
-99
-88
-81
-83
-80
-73
-67
-75
-79
-80
-84
-91
-100
-97
-94
-108
-132
-148
-154
-155
-172
-193
-167
-84
1
20
11
67
158
184
165
189
239
249
220
225
283
316
276
223
212
218
185
124
79
51
17
-23
-44
-38
-34
-61
-113
-137
-122
-115
-132
-149
-139
-114
-97
-77
-49
-18
-11
-35
-35
-3
23
34
28
32
63
88
87
69
70
76
59
19
10
26
22
-1
-9
20
51
40
13
11
20
9
-12
-16
0
3
-12
-8
8
17
3
-18
-21
-6
7
13
24
36
45
52
61
80
92
82
67
59
64
58
43
27
12
-2
-25
-43
-57
-77
-99
-122
-135
-137
-144
-154
-151
-140
-136
-136
-144
-149
-149
-145
-137
-130
-118
-111
-114
-109
-104
-91
-92
-97
-102
-99
-96
-106
-106
-103
-102
-113
-121
-118
-114
-124
-146
-153
-157
-161
-127
-53
8
13
26
86
148
156
160
181
195
191
190
221
247
255
232
215
218
213
173
119
80
44
16
-7
-16
-21
-32
-62
-94
-97
-90
-110
-130
-136
-125
-111
-93
-71
-43
-18
-16
-11
4
23
29
27
25
43
70
78
78
76
87
86
65
47
46
49
28
9
23
56
70
56
43
50
55
34
11
1
-7
-16
-20
-10
5
13
14
6
9
23
30
16
11
25
48
65
67
78
90
90
72
59
59
47
20
0
-7
-8
-11
-28
-52
-70
-77
-93
-109
-117
-130
-141
-143
-147
-148
-146
-151
-163
-162
-140
-131
-135
-139
-146
-147
-138
-124
-110
-102
-105
-111
-102
-91
-93
-99
-107
-112
-104
-98
-92
-94
-104
-115
-120
-127
-139
-118
-58
-18
-11
3
61
124
138
144
165
178
172
163
179
203
207
192
178
183
183
160
122
80
47
21
-5
-28
-39
-48
-67
-86
-89
-83
-98
-116
-134
-132
-123
-120
-109
-88
-61
-49
-33
-12
4
13
7
3
8
24
41
47
58
69
76
74
68
63
60
54
52
60
75
91
91
90
94
92
76
57
43
32
24
13
12
15
15
12
18
36
44
41
36
34
45
54
60
72
83
96
95
100
106
103
88
65
47
32
15
-11
-32
-41
-44
-59
-78
-87
-96
-104
-122
-132
-138
-139
-148
-155
-149
-137
-131
-132
-135
-130
-122
-124
-116
-109
-104
-106
-104
-102
-86
-87
-93
-96
-100
-89
-88
-89
-87
-81
-73
-82
-92
-90
-91
-95
-90
-57
-10
8
20
63
114
138
141
144
156
162
157
166
171
177
168
146
146
150
137
108
75
50
25
5
-11
-34
-48
-72
-90
-89
-84
-87
-110
-122
-125
-122
-112
-109
-99
-74
-68
-56
-37
-23
-16
-15
-10
8
28
40
44
42
54
61
67
71
79
90
84
81
89
106
108
95
88
89
85
70
54
48
35
23
7
8
9
7
11
13
21
31
39
41
43
54
62
66
70
76
86
89
82
81
79
71
51
42
36
19
7
-4
-18
-36
-38
-50
-55
-57
-70
-76
-86
-92
-98
-97
-102
-104
-101
-104
-104
-108
-105
-102
-103
-109
-113
-111
-104
-101
-101
-96
-83
-76
-80
-69
-47
-42
-39
-41
-34
-22
-20
-20
-27
-34
-36
-36
-36
-17
11
25
32
49
78
98
108
121
127
134
136
133
141
145
145
127
119
125
125
112
89
72
56
33
14
0
-19
-38
-53
-65
-70
-72
-80
-81
-80
-78
-75
-65
-57
-56
-54
-52
-43
-36
-29
-22
-10
2
7
22
33
39
47
57
70
67
76
83
85
88
90
89
86
82
75
67
56
45
36
32
27
27
24
24
24
27
32
39
41
46
50
50
54
59
60
58
57
57
58
54
48
46
41
32
26
19
15
5
-2
-7
-13
-21
-25
-26
-33
-34
-32
-28
-31
-40
-46
-61
-64
-70
-75
-79
-84
-86
-88
-83
-79
-78
-77
-72
-67
-73
-69
-59
-55
-53
-47
-37
-26
-15
-5
6
14
27
32
40
46
43
42
28
28
23
21
20
7
10
24
31
36
43
58
73
82
90
101
112
116
110
113
116
110
107
102
98
97
89
85
73
60
59
44
28
7
-8
-21
-27
-31
-34
-36
-36
-44
-46
-40
-45
-46
-47
-40
-34
-29
-27
-28
-22
-17
-10
5
14
22
28
35
44
49
62
68
69
68
72
78
84
85
87
91
83
83
79
68
64
54
46
33
24
23
22
14
8
0
-2
-7
-18
-15
-18
-20
-21
-31
-31
-26
-22
-27
-23
-20
-14
-11
-11
-9
-14
-8
-11
-12
-13
-16
-24
-31
-27
-29
-29
-32
-36
-39
-40
-42
-41
-45
-55
-66
-69
-68
-65
-60
-57
-49
-38
-33
-26
-14
-8
1
10
18
30
41
45
43
46
52
57
57
53
52
49
52
50
41
34
26
23
28
32
28
26
25
27
28
30
35
34
37
39
44
47
50
56
62
66
69
66
65
63
63
57
53
59
54
53
58
54
50
44
43
47
41
37
37
35
34
29
25
19
16
14
11
4
4
1
-2
0
0
7
15
17
25
29
35
35
37
44
48
52
53
56
55
56
57
56
50
48
44
35
26
19
8
-1
-8
-17
-20
-27
-35
-37
-39
-45
-47
-46
-45
-41
-37
-31
-24
-22
-21
-17
-15
-6
-2
-6
-6
-3
-2
-2
1
-4
2
3
-2
-11
-18
-22
-30
-36
-39
-44
-43
-37
-36
-37
-32
-25
-21
-17
-7
2
1
1
7
16
23
24
28
32
34
39
43
51
54
57
55
58
58
56
56
54
52
45
43
42
38
41
38
37
33
30
36
31
32
34
30
32
36
39
43
37
35
32
31
33
31
34
36
37
37
40
41
45
43
41
46
49
51
45
43
48
45
43
43
41
41
38
31
29
36
37
37
44
47
51
55
59
65
71
71
72
74
73
74
62
63
66
60
57
55
54
47
41
38
23
14
10
4
1
-4
-3
-7
-13
-12
-15
-18
-23
-23
-21
-26
-23
-26
-27
-18
-14
-13
-11
-7
-9
-18
-19
-18
-17
-19
-24
-26
-22
-17
-22
-28
-29
-29
-29
-29
-31
-22
-26
-27
-23
-19
-15
-17
-14
-11
-9
-8
-6
-2
-2
-5
-3
-4
3
5
10
10
15
16
16
20
23
32
30
35
33
28
34
36
32
35
36
34
31
27
25
23
23
21
22
21
20
22
19
19
13
15
18
15
18
18
12
14
12
14
15
15
20
23
25
24
23
22
28
28
24
26
25
33
36
38
35
40
40
41
44
44
45
44
51
54
56
65
70
68
71
70
72
68
63
67
68
65
65
65
62
61
59
54
48
38
29
27
18
14
7
3
1
0
-2
0
4
6
3
4
0
0
3
6
7
7
5
3
5
5
9
9
5
4
3
3
4
-2
-9
-10
-16
-22
-24
-16
-15
-14
-8
-9
-7
-4
1
-9
-17
-18
-17
-20
-19
-18
-18
-17
-13
-6
1
3
5
3
3
4
9
11
7
7
5
2
0
3
5
3
-1
1
1
-4
-10
-11
-12
-15
-19
-21
-18
-18
-18
-16
-16
-14
-10
-8
-4
-5
0
0
-2
3
7
12
14
19
21
25
25
28
28
26
28
23
22
25
24
26
24
29
31
31
36
43
46
48
48
47
50
50
50
51
50
50
47
43
48
51
57
55
54
50
48
47
45
43
42
39
32
30
30
24
19
15
12
10
7
5
1
0
0
-1
-3
0
6
11
10
16
18
17
21
20
21
19
16
13
10
8
2
1
-2
-4
-12
-13
-13
-13
-13
-11
-14
-12
-9
-4
0
-5
0
-4
3
9
10
15
14
18
15
19
22
20
22
16
19
17
10
15
10
5
2
0
-7
-8
-10
-15
-14
-12
-9
-7
-12
-13
-16
-15
-20
-21
-19
-22
-23
-22
-28
-31
-31
-33
-38
-37
-38
-40
-33
-34
-30
-26
-30
-30
-25
-19
-15
-12
-15
-11
-14
-13
-9
-1
3
4
9
15
17
16
15
18
16
21
25
23
29
25
30
26
33
36
36
36
38
42
37
39
37
35
34
28
20
12
10
4
-6
-6
-7
-8
-10
-8
-12
-10
-8
-12
-12
-15
-15
-17
-17
-14
-12
-11
-5
-3
-1
2
6
9
10
9
9
10
7
9
10
14
14
14
16
17
20
17
21
24
29
25
24
28
23
25
20
21
22
22
18
15
13
9
11
10
10
16
16
19
20
19
21
21
24
31
35
32
27
25
30
28
9
1
19
19
-8
-8
9
0
-24
-8
0
-15
-16
-5
-12
-20
-8
-1
-10
-16
0
3
-8
-7
2
-2
-7
4
4
-4
-4
5
-2
-11
-2
5
-4
-3
3
5
3
2
9
7
5
8
13
9
12
13
13
15
12
14
15
21
15
10
17
13
8
11
16
9
8
18
11
6
8
18
14
11
15
9
2
0
2
-5
-9
-8
-17
-22
-23
-23
-21
-27
-29
-29
-27
-26
-23
-23
-21
-16
-15
-15
-11
-8
-9
-7
-9
-1
-4
-3
-4
-5
-6
-8
-7
-6
-4
-2
3
1
6
6
9
6
8
14
17
21
17
22
28
25
28
35
29
33
31
30
29
25
28
25
27
24
23
17
20
24
24
28
26
30
31
32
31
30
27
29
27
19
17
14
8
1
2
-7
-14
-9
-12
-14
-20
-17
-18
-14
-10
-6
0
1
6
11
16
17
26
26
20
23
22
25
23
23
22
25
22
27
25
23
26
31
32
29
30
35
41
41
44
44
49
46
48
51
51
46
48
43
43
38
31
25
14
16
6
4
1
-5
-8
-7
-16
-23
-19
-19
-20
-19
-23
-20
-19
-22
-17
-13
-17
-15
-13
-19
-24
-24
-26
-28
-27
-30
-25
-24
-21
-21
-21
-17
-14
-15
-10
-9
-6
-3
0
0
5
9
8
9
11
12
14
11
10
8
6
11
7
9
10
8
9
7
6
10
10
13
14
13
18
21
20
24
22
19
17
15
8
16
17
10
11
12
12
9
7
13
15
13
10
10
12
15
10
11
14
17
16
13
19
19
19
17
11
8
10
8
6
5
6
5
9
7
10
14
14
14
19
26
26
26
27
35
33
38
41
36
31
32
36
36
34
33
40
36
35
39
42
44
43
44
43
45
45
42
42
39
33
35
30
28
26
15
9
3
1
-12
-16
-17
-25
-29
-30
-28
-28
-27
-30
-28
-25
-19
-17
-12
-14
-11
-7
-7
-7
-5
-9
-10
-6
-14
-12
-13
-16
-16
-20
-15
-19
-18
-14
-16
-16
-15
-9
-5
0
3
3
6
7
10
9
10
10
8
5
1
-3
-7
-8
-9
-12
-14
-8
-8
-7
-13
-11
-13
-16
-7
-5
-2
-3
-5
-2
0
-1
-2
-9
-9
-9
-13
-15
-16
-18
-21
-18
-19
-14
-13
-6
-3
0
0
0
6
10
17
15
20
25
27
25
28
29
24
28
22
19
16
15
18
18
14
16
24
22
25
27
23
30
33
36
38
40
44
46
41
47
44
38
39
32
31
28
19
16
11
5
5
-4
-6
-5
-8
-9
-11
-10
-6
-9
-10
-6
-8
-3
-9
-10
-7
-4
-4
-6
-3
-5
-4
-10
-7
-8
-6
-4
-5
-5
-4
0
-1
-1
1
-1
1
7
11
15
14
14
17
11
9
11
9
6
5
3
4
-1
-4
-6
-5
-1
-2
-5
-3
-6
-4
-4
-4
-3
-1
-2
-1
2
-5
-7
-10
-15
-14
-16
-21
-23
-22
-24
-31
-32
-31
-28
-30
-28
-31
-28
-25
-26
-25
-24
-18
-19
-13
-8
-7
-9
-11
-14
-10
-12
-14
-11
-9
-13
-11
-9
-13
-11
-14
-14
-16
-11
-12
-13
-14
-13
-7
-7
-2
2
5
5
8
13
14
12
12
14
11
11
12
11
9
12
15
16
13
12
9
14
9
11
14
12
13
9
7
0
-7
-9
-10
-9
-13
-16
-10
-14
-21
-20
-26
-30
-28
-30
-31
-26
-27
-28
-22
-23
-22
-20
-13
-11
-13
-9
-6
-2
-9
-7
-1
4
3
3
8
7
5
6
3
7
13
11
9
11
11
12
14
13
15
10
11
8
3
3
0
-4
-7
-8
-6
-4
-6
-7
-12
-16
-18
-16
-18
-22
-23
-19
-18
-21
-19
-19
-25
-21
-20
-24
-19
-16
-14
-18
-14
-13
-12
-13
-16
-13
-13
-10
-13
-10
-8
-7
-10
-13
-14
-13
-10
-11
-6
-3
-6
-5
-6
-6
-9
-8
-4
-1
4
5
6
7
0
1
2
-1
-2
-3
1
-2
-7
-6
-5
-6
-2
-6
-7
-6
-2
-3
-1
1
-7
-4
-1
-2
-1
-4
-7
-13
-15
-15
-23
-22
-21
-20
-20
-17
-18
-23
-24
-22
-22
-23
-27
-31
-26
-26
-24
-22
-21
-20
-14
-15
-18
-18
-15
-15
-15
-13
-16
-14
-8
-11
-13
-5
-7
-5
-2
-2
3
5
6
8
7
11
15
16
22
19
20
21
14
16
13
8
4
4
3
2
-4
-5
-6
-14
-8
-15
-17
-11
-12
-11
-7
-5
0
0
5
7
7
10
8
9
6
3
-4
-2
-6
-12
-13
-17
-18
-20
-23
-25
-22
-19
-15
-9
-6
-1
0
6
7
12
16
16
15
12
13
10
2
-1
6
3
5
0
-5
-5
-11
-5
-3
-1
2
10
18
20
20
25
26
25
26
24
23
14
11
-1
-4
-5
-11
-11
-16
-15
-21
-20
-20
-17
-14
-12
-11
-13
-5
-6
-1
3
5
7
7
-3
-1
0
-10
-13
-11
-18
-21
-17
-22
-23
-25
-27
-28
-29
-26
-25
-26
-18
-15
-12
-10
-3
6
4
8
6
10
4
4
4
-1
1
-3
-3
-6
-5
-7
-7
-9
-4
1
4
5
3
9
5
5
4
8
8
8
6
2
2
-2
-1
-6
-6
-7
-7
-5
-4
-8
-10
-16
-15
-14
-14
-9
-3
-3
-1
3
1
2
3
-2
0
-2
0
-1
-1
0
1
-4
-1
-3
-10
-8
-7
-8
-8
-6
-4
1
2
9
12
14
16
19
19
18
26
27
27
28
24
22
24
21
23
21
21
19
11
11
8
7
3
6
11
6
13
14
11
10
7
4
1
1
-6
-6
-9
-13
-17
-18
-17
-18
-21
-20
-17
-18
-16
-16
-14
-12
-7
-8
-6
-2
2
1
3
8
4
3
4
7
5
0
1
0
-5
-3
-3
-4
-6
-12
-13
-11
-9
-5
-1
4
8
11
11
9
7
3
3
0
4
3
1
-4
-7
-7
-13
-18
-18
-19
-19
-22
-15
-18
-21
-17
-17
-20
-19
-19
-20
-18
-17
-15
-14
-11
-5
-8
-3
-6
-7
-4
-7
-5
-13
-13
-14
-19
-11
-10
-9
-8
-12
-1
1
1
7
6
6
6
4
3
1
-1
0
-3
-4
-5
-7
-12
-12
-10
-13
-5
-3
1
6
4
5
7
14
14
16
18
17
19
15
19
16
12
16
10
12
10
7
4
-2
-4
-11
-12
-14
-19
-19
-16
-11
-4
-3
4
5
8
7
4
-1
-5
-8
-10
-10
-8
-8
-8
-12
-9
-6
-7
-4
-3
-1
5
6
7
7
4
9
7
7
12
11
9
12
13
16
14
13
11
10
8
4
-2
-5
-7
-16
-16
-13
-14
-8
-12
-7
-2
-1
4
1
-1
-1
1
0
-4
-3
-9
-11
-13
-16
-19
-21
-22
-19
-15
-17
-14
-12
-13
-9
-9
-9
-13
-12
-8
-5
-3
-1
1
-3
-1
-5
-3
7
4
6
-1
-1
-1
-4
-11
-13
-8
-13
-11
-8
-7
0
4
6
11
8
6
7
5
1
3
-1
-2
-5
-6
-9
-14
-13
-14
-15
-13
-10
-10
-7
-11
-13
-11
-11
-13
-14
-13
-6
-3
-4
0
-5
-3
-6
-6
-8
-8
-5
-8
-9
-15
-17
-17
-14
-13
-16
-17
-11
-7
-3
-1
-5
1
-2
-1
-4
-5
-2
-3
-4
-7
-8
-5
-7
-8
-7
-10
-7
-4
0
1
1
2
5
5
1
0
3
2
1
3
3
3
3
9
7
5
8
7
5
2
7
0
-4
-1
1
2
4
10
11
14
16
22
22
20
25
19
14
14
10
15
15
12
6
10
6
3
8
6
9
7
10
11
7
10
12
5
4
3
4
5
5
2
7
8
3
7
1
0
-1
2
1
0
0
3
-1
-6
-1
-3
3
4
9
12
14
12
9
5
-2
-3
-5
-5
-5
-6
-6
-4
-5
-7
-8
-7
-5
-6
-4
-4
-5
-6
-2
-5
-10
-8
-12
-19
-18
-14
-12
-7
-10
-12
-13
-12
-13
-12
-13
-13
-8
-11
-10
-9
-16
-12
-11
-12
-11
-9
-5
-2
1
3
5
-1
-4
0
1
-2
-5
1
4
0
7
5
1
4
11
12
19
19
21
22
21
21
21
14
11
9
7
4
2
9
3
6
4
14
13
9
9
8
9
14
10
7
11
6
11
17
16
19
21
24
27
29
22
21
22
16
17
11
8
7
6
7
7
9
10
14
14
12
21
23
23
22
19
19
18
13
18
15
16
18
16
16
17
18
18
20
23
25
19
25
23
28
26
27
25
19
22
20
25
22
20
20
18
13
11
9
4
-1
-3
-6
-9
-11
-10
-9
-11
-5
-4
1
5
7
7
15
13
12
13
15
12
8
2
-2
1
-7
-5
-4
-4
-5
-3
-3
-2
-2
-4
-1
1
4
4
4
9
6
5
1
1
10
11
12
12
10
5
8
4
3
6
3
1
4
5
8
10
6
9
6
10
10
10
17
16
11
14
17
12
12
11
14
9
14
16
12
18
17
15
18
17
16
18
15
19
21
19
19
18
23
25
24
27
26
31
29
32
29
21
19
14
13
10
5
8
6
9
13
14
12
11
15
24
23
20
31
34
34
31
32
35
37
40
39
42
43
33
35
32
29
31
33
32
31
31
32
30
37
35
43
46
42
43
47
49
44
46
42
38
34
31
23
20
14
10
9
9
6
10
8
11
11
17
19
17
24
26
30
27
28
26
20
20
21
17
20
20
17
16
16
13
17
19
21
24
25
23
23
23
26
29
25
27
33
33
32
35
37
31
32
29
27
21
19
17
13
13
13
10
13
16
13
19
19
15
20
26
28
28
