-8
-6
-6
-10
-10
-10
-10
-3
-3
-3
-5
-6
-9
-10
-6
-7
-11
-7
-6
-4
-6
-7
-8
-5
-5
-2
1
-3
-2
-4
-5
-10
-9
-6
-9
-14
-12
-6
-5
-3
-2
3
-4
-4
-2
-2
-7
-1
-1
1
0
2
3
3
9
5
5
1
3
4
-1
-2
-3
-7
-8
-9
-6
-8
-9
-9
-10
-11
-14
-9
-10
-7
-9
-6
-4
-9
-8
-9
-9
-6
-7
-9
-8
-11
-7
-7
-6
-4
-8
-10
-8
-6
-8
-7
-9
-9
-6
-7
-12
-11
-9
-8
-12
-15
-13
-17
-10
-7
-11
-14
-10
-5
-6
-10
-9
-3
-4
-4
-5
-5
-6
-5
0
-4
1
4
-1
0
-4
-3
-1
-6
-13
-12
-11
-9
-8
-10
-12
-8
-2
-7
-6
2
-3
-6
-7
-5
-9
-17
-10
-10
-13
-8
-6
-3
-4
-3
-2
0
4
6
6
8
3
1
6
4
8
8
4
5
2
7
7
6
6
3
2
4
3
4
8
3
1
8
2
5
10
9
10
12
9
7
10
7
6
11
7
2
7
5
1
3
6
0
-4
4
-1
-3
0
-2
-1
-3
3
3
4
4
2
2
4
1
-1
-4
4
-2
3
8
2
6
7
5
-4
5
5
3
2
3
8
6
6
10
7
0
3
0
-3
-2
-2
-9
-4
-3
-6
-6
-9
-1
-12
-8
-4
-10
-8
-4
-2
-6
1
-1
-7
3
-1
-5
0
-6
-12
-6
-6
-7
-1
2
0
-2
0
-3
-1
-1
-2
0
-4
2
11
-7
-3
1
-6
-6
-5
-8
-3
-4
-4
-3
-9
-1
-2
4
4
7
4
4
16
8
5
2
11
2
-3
-5
-5
-6
-13
-11
-4
-9
-6
-4
-7
-4
-8
-2
-9
-7
-9
-7
-4
-6
-5
-7
-5
1
1
2
4
2
2
8
1
2
-5
-4
0
-4
0
-5
-4
-4
-1
1
-8
0
-2
-10
-1
-3
-1
-1
-5
-6
-5
-8
-11
-13
-1
-4
-13
-4
-4
-7
-10
-5
-3
4
2
1
1
3
0
-11
-3
-2
-13
-9
-2
-11
-10
0
0
-5
-4
4
0
-7
0
1
-6
-5
-2
-1
-3
0
-2
-3
2
6
-2
-5
-2
3
-2
2
-3
-8
-2
-8
-10
-6
-7
-16
-3
-8
-7
-5
-9
-7
-11
-7
-9
-18
-12
-11
-4
-8
-10
-12
-12
-18
-19
-8
-17
-18
-10
-17
-13
-10
-11
-12
-7
-18
-15
-16
-15
-13
-18
-13
-10
-12
-5
-4
-8
-8
-4
-1
-9
-9
-2
-12
-11
-14
-6
-3
-17
1
-5
1
-11
-2
0
-11
-5
4
1
-3
6
4
5
2
0
8
9
6
6
7
7
14
9
2
-3
-2
7
-3
-6
-2
1
-5
-2
-1
-3
1
4
-6
1
10
-2
8
4
2
5
6
7
2
8
4
7
2
7
16
20
9
9
12
3
16
16
1
8
12
3
13
7
-5
11
1
-1
3
2
-1
6
4
2
8
5
10
10
13
9
13
12
8
10
15
20
11
18
29
14
8
6
13
8
10
3
7
10
-2
10
15
1
-4
16
0
8
13
10
9
-1
8
11
7
5
16
6
-5
12
3
-1
7
-6
10
4
-1
-6
-6
-1
-5
-8
-16
-6
-1
-13
-2
-4
3
-5
-7
-20
-14
8
-4
-7
-14
4
-3
-3
6
2
9
-10
2
3
1
5
-4
-8
-5
-3
-11
-1
-6
4
-5
-5
-9
-7
2
-15
-7
2
5
-3
-6
1
-2
9
13
2
1
7
20
6
7
9
3
15
6
6
19
11
6
8
10
17
4
-1
10
11
-3
1
7
3
10
10
13
-6
7
12
2
5
-6
-5
-1
0
5
11
10
-2
18
3
-11
15
1
-1
-13
-3
7
-10
9
19
6
14
12
6
1
2
9
-4
-2
22
1
-6
14
-3
1
20
-2
9
6
7
12
-5
13
-3
-3
9
-10
10
-10
-5
8
-17
33
-2
2
29
10
17
16
2
8
0
12
7
2
12
15
16
0
1
14
4
-5
8
1
-5
-4
-7
-1
-3
-3
-10
-6
7
0
5
4
4
-6
-1
-8
-4
-9
2
16
-15
4
10
1
-10
-5
5
-19
-19
-17
1
4
-16
5
7
-14
5
1
-2
13
2
6
-9
6
11
4
15
5
4
13
-12
14
10
-14
-6
10
4
-7
20
3
-2
9
-4
-17
10
6
-14
1
10
0
-3
-2
5
5
8
29
2
1
25
-1
18
0
-2
18
14
23
14
19
14
7
36
8
0
15
5
18
1
15
14
11
26
-5
1
12
-7
1
-13
-11
-11
-6
11
-2
-11
6
10
0
4
6
-1
-1
-1
11
-1
10
-1
-7
5
6
-6
-3
2
-12
4
2
-5
-5
-6
-3
-10
-13
4
-3
-17
0
3
-11
0
-24
-7
3
1
7
-8
11
3
-1
14
-15
-3
-1
-5
3
-18
-4
-6
-11
-2
5
-5
0
-12
2
-11
1
-5
-18
-7
-19
-10
-6
-11
-11
4
-14
-15
4
-12
-27
-10
-18
-29
-21
-9
-12
-8
-7
-13
-6
-12
-23
-11
-8
-15
-6
-12
-6
-8
-8
-4
-8
-3
-7
-15
-18
-3
-13
-4
-12
-12
7
-2
-7
2
-8
-3
-2
-10
-6
9
8
13
6
-12
0
2
-9
0
-1
-16
10
5
14
9
7
23
6
-1
1
-3
15
-1
-3
3
-1
11
7
11
12
9
4
11
9
17
11
6
30
29
12
37
27
31
19
6
42
12
36
28
8
27
15
19
8
12
35
9
19
45
7
21
21
7
22
3
14
19
10
22
16
27
17
11
12
19
5
20
30
2
41
13
4
44
6
11
21
13
15
16
23
18
16
23
11
23
15
8
18
11
7
19
10
-3
15
12
8
4
12
20
12
2
8
4
-3
12
4
5
22
5
3
19
13
-7
-19
9
2
-14
-11
7
4
-8
8
-7
-1
11
10
3
-1
1
10
3
2
9
-4
-3
-1
-13
5
-5
-12
1
-3
-1
-7
-4
1
2
2
7
0
0
-3
5
-10
-4
4
-4
12
-9
2
16
-5
2
-1
10
9
-9
13
3
-1
13
-8
2
16
-3
4
5
2
8
-2
2
9
12
20
10
14
21
14
13
20
12
17
16
13
12
22
10
16
16
9
33
10
26
23
14
16
16
12
20
18
13
24
15
9
18
7
21
3
9
32
14
22
10
18
20
13
16
15
12
9
10
5
-1
7
4
3
8
-1
3
4
10
-1
6
6
4
31
2
13
11
6
30
20
9
22
5
13
12
-4
15
7
5
14
3
-3
19
3
8
14
8
9
14
-4
4
8
0
2
19
6
-2
15
9
6
-7
-5
-7
7
1
-14
18
-2
0
6
-9
10
-13
3
12
8
19
-4
13
20
-3
11
11
-1
0
14
-6
9
31
-5
5
9
-5
12
8
3
4
17
8
8
-3
1
12
2
9
0
14
8
0
14
19
-1
26
6
-8
19
6
10
0
10
25
9
12
29
24
19
8
12
31
10
24
25
21
28
9
28
35
5
21
25
28
28
10
29
34
15
33
32
11
33
33
24
19
31
39
26
14
50
14
14
31
24
24
13
27
22
14
17
25
20
25
26
15
32
22
23
27
15
36
6
17
18
21
13
19
31
1
22
16
9
16
13
19
18
11
19
9
23
17
4
27
30
20
31
20
26
27
16
18
16
15
12
20
26
11
16
7
10
17
14
16
19
0
4
21
11
26
17
5
9
22
11
1
13
13
4
-2
27
11
10
21
14
28
-3
20
23
0
18
8
12
18
17
17
0
16
14
4
3
18
15
4
6
8
7
14
20
10
9
16
29
12
3
18
16
16
18
9
21
11
21
18
15
16
10
7
6
19
8
16
22
11
28
5
11
22
7
21
6
12
29
18
23
13
15
22
11
29
8
9
29
5
12
27
23
34
13
14
26
22
29
13
27
38
18
21
25
16
19
24
17
14
28
25
22
27
33
27
26
42
46
20
21
30
33
22
28
38
16
28
21
17
23
8
26
23
5
14
17
19
16
21
22
16
32
25
25
8
14
55
14
6
36
12
23
10
8
27
4
16
24
13
10
18
1
11
8
-4
-5
5
17
-4
8
24
-1
13
25
-4
12
5
9
14
10
17
17
16
19
18
8
20
7
4
18
5
20
22
-1
8
11
15
-2
3
19
16
-18
10
17
-10
17
5
-9
19
-3
-2
13
3
5
-6
13
0
-2
9
22
2
7
15
3
7
-8
16
0
8
1
-4
12
1
-3
16
5
3
16
0
23
4
8
23
6
14
31
10
6
20
-3
16
10
15
33
-8
13
18
6
20
9
18
20
4
20
34
-4
23
23
0
16
21
12
10
6
6
19
7
11
11
21
17
20
38
8
33
12
7
30
13
21
10
22
25
14
17
11
14
12
17
15
16
0
-2
8
-1
20
5
12
27
9
17
7
31
13
2
28
25
1
10
19
16
20
6
8
3
5
2
-11
1
6
-17
14
4
0
-6
-4
-5
-6
6
-14
9
5
-13
6
0
-10
17
-4
2
15
8
8
6
4
10
7
-10
11
4
-5
-2
4
3
0
3
1
13
-7
15
12
-4
20
-3
-8
7
5
-5
0
-3
7
-4
3
15
-15
16
-19
-9
20
-4
10
-6
-1
6
-7
1
8
-10
14
-6
2
1
-1
19
-13
-4
3
-6
7
4
-12
29
7
-1
10
3
15
6
9
6
4
21
-4
13
7
9
19
15
25
9
15
3
6
15
-8
2
3
6
18
2
3
-21
-11
0
-20
5
-5
-13
6
-2
-1
-5
12
13
0
-7
2
3
0
4
-5
17
12
2
-11
-1
-2
5
-7
5
-7
1
3
2
-1
-12
10
-9
-8
6
-15
-11
4
-17
6
-1
-25
4
-13
-12
-12
-36
12
-28
-20
-3
-25
1
-16
-20
5
-35
-3
-2
-22
7
-26
-10
-2
-27
-3
-3
-22
5
-21
4
-2
-20
-9
-18
5
5
0
-9
-17
0
-6
-17
1
-16
-11
-5
-6
1
-9
3
-16
-9
6
-14
-6
8
-19
16
-5
-16
3
-8
-11
-16
-30
-14
-19
-32
-14
-29
-6
-9
-24
-23
-9
2
0
-18
-13
-16
-15
2
-26
-17
-5
-16
-12
-21
3
0
-29
-6
-4
-18
-27
-5
-12
-13
-5
-19
-2
-37
23
45
-17
-9
-12
2
-39
-40
-20
-37
-32
-23
-19
-27
-23
-12
-15
-11
-8
-7
-7
-2
-2
2
-17
-9
8
-12
-7
-11
-12
-12
7
2
-12
3
-5
-8
6
4
-8
-2
-6
-1
2
-17
-17
-1
-8
-8
-15
-11
-28
-13
-20
-28
-17
0
-24
-24
16
-13
-4
-27
-3
-6
-34
-17
-22
-24
-6
-4
-13
-12
-17
9
-15
-10
-7
-29
-8
-28
-2
-12
-35
9
-29
-22
4
-34
-2
-24
-31
-18
-21
4
-55
-30
15
-47
-25
-28
-4
-1
-35
0
-4
-27
4
-12
-27
-17
-7
-7
-47
-13
-9
-45
-15
-3
-24
-3
-22
-11
-1
-22
9
-29
-16
15
-28
-15
2
-30
-1
-23
-9
6
-31
-3
-19
-2
-21
-30
21
-43
-18
-19
-27
-16
-33
-2
-28
-42
-7
-6
-12
-4
-21
-22
-2
-37
0
-8
-30
0
-21
-2
-27
-26
8
-25
-9
-13
-12
-24
-22
2
-22
-19
-18
1
-22
-16
1
-21
-4
-22
-15
-5
-24
4
-13
-25
-22
-8
-28
-10
-16
-21
-3
-17
4
11
-5
21
132
-1
-67
12
8
-37
-36
-36
-27
-24
-18
-18
-45
-8
-11
-21
-28
11
-17
-15
12
-22
3
-4
-3
-8
1
-3
-16
-5
-19
0
-13
-6
-1
-5
3
-16
-12
-1
-34
-26
1
-28
-7
-32
4
-32
-13
-6
-11
-22
-43
-15
-10
-3
-43
-10
-15
-9
-4
-21
-4
-20
-34
-16
-30
-13
-19
-13
-30
-21
-4
-21
-7
-40
-9
-16
-30
-15
-35
-12
-18
-19
-30
-15
-21
-19
-25
-25
-31
-24
-36
-43
-8
-29
-33
-17
-20
-23
-18
-36
-9
-25
-8
-33
-31
-21
-24
-13
-16
-29
-31
-1
-29
-11
-34
-7
-10
-46
82
53
-49
-23
20
-25
-46
-43
-48
-35
-33
-33
-43
-36
-32
-42
-36
-43
-48
-30
-38
-20
-44
-13
-17
-39
-25
-1
-1
-20
-10
-26
9
-24
-26
6
-58
-18
-33
-30
-23
-24
-27
-36
-28
-32
0
8
74
-4
-21
-6
-10
106
-9
-87
-30
-11
-32
-54
-37
-37
-65
-30
-37
-53
-43
-38
-1
-40
-23
-7
-24
-26
-1
-6
6
4
16
8
-2
19
-3
-7
8
7
-39
-12
0
4
59
29
3
-14
9
-12
-36
-22
-24
-47
-24
-14
-26
-32
-39
-50
-34
-30
-38
-49
-20
-21
-41
-29
-32
-13
-30
3
7
-45
-11
-9
-26
-22
-14
-2
-23
-4
-1
8
-9
-13
1
-13
-30
-14
-5
-11
-21
-17
70
-11
-55
-16
-18
-33
-26
-34
-19
-33
-11
-23
-32
-7
-31
-31
-17
-30
-17
-32
-2
-17
-38
-10
-22
-18
-5
3
-7
-6
-17
-20
-42
-17
-45
-38
-52
-48
-35
-30
-10
-23
-19
-13
4
-10
0
14
-5
3
2
-6
-13
4
-6
-21
-33
-21
-19
-18
-31
-51
-18
-34
-46
-59
-40
-26
-33
-31
-29
-34
-13
-19
-37
-40
-22
-21
-15
41
2
-6
19
16
3
-29
-4
-2
-13
-10
36
16
-26
-46
-23
-30
-46
-53
-64
-53
-68
-70
-44
-44
-39
-30
-25
-25
-14
-14
-35
-17
-29
-17
2
10
2
-1
16
11
-14
9
-2
-20
-10
-11
-8
-20
0
-23
-44
-24
-30
-33
-36
-56
-34
-42
-34
-18
-20
-3
3
-1
-8
-8
4
-11
-26
-24
-36
-34
-44
-33
-34
-36
-32
-27
-22
-18
-14
-18
-23
-27
-33
-30
-41
-32
-21
-30
-26
-23
-27
-20
-20
-32
-39
-35
-34
-35
-33
-23
-25
-28
-10
-17
-20
-14
-11
-12
-5
-2
-7
-8
-7
1
-9
-19
-6
-14
-25
-28
-27
-21
-35
-39
-24
-27
-45
-41
-16
-23
-17
-22
-28
-14
-10
-6
-5
2
-7
-15
0
2
-12
-25
-27
-5
-18
-21
-13
-24
-36
-44
-39
-45
-57
-39
-35
-34
-28
-28
-31
-34
-36
-29
-32
-33
-12
-13
-19
-7
-3
3
0
2
16
9
22
20
6
-1
1
-7
-6
-6
-8
-17
-19
-17
-27
-28
-26
-28
-37
-37
-32
-31
-30
-29
-23
-21
-14
-21
-19
-15
-15
-7
-4
-10
-27
-24
-10
-16
-21
-26
-36
-32
-37
-38
-39
-29
-22
-23
-30
-25
-13
-7
-3
-8
-5
-11
-12
-17
-26
-19
-21
-25
-34
-36
-23
-20
-6
1
4
25
32
39
42
45
50
39
41
37
39
46
43
52
54
58
59
54
62
53
42
40
30
25
23
25
23
19
24
24
17
20
12
0
2
-2
-13
-18
-21
-24
-37
-31
-29
-49
-46
-36
-39
-42
-44
-42
-49
-65
-57
-70
-82
-91
-86
-80
-82
-71
-60
-56
-53
-51
-44
-56
-63
-56
-66
-76
-84
-83
-87
-94
-99
-96
-100
-104
-104
-102
-96
-96
-96
-95
-92
-102
-105
-107
-112
-118
-119
-114
-109
-106
-104
-92
-90
-91
-98
-113
-111
-122
-110
-82
-35
38
99
169
232
306
371
402
417
390
363
308
232
160
82
13
-60
-112
-148
-169
-158
-166
-157
-154
-146
-127
-125
-121
-124
-111
-96
-87
-53
-7
49
108
161
223
262
298
307
300
265
221
171
100
45
-14
-45
-69
-88
-82
-62
-34
-13
3
16
25
23
9
1
-9
-16
-8
-4
14
40
61
89
105
112
109
92
67
22
-23
-56
-93
-119
-136
-143
-138
-133
-129
-121
-113
-108
-115
-121
-129
-131
-129
-127
-115
-100
-80
-59
-35
-5
7
11
17
8
-12
-31
-59
-94
-128
-163
-183
-199
-208
-223
-233
-240
-247
-250
-257
-268
-265
-263
-261
-247
-223
-190
-135
-61
39
158
271
380
479
559
618
640
621
565
481
376
260
130
16
-81
-168
-236
-290
-314
-315
-310
-302
-300
-291
-269
-250
-219
-177
-131
-56
19
97
198
294
379
435
469
476
460
418
344
251
144
40
-62
-154
-230
-280
-301
-314
-311
-309
-292
-270
-244
-225
-204
-165
-110
-47
23
113
202
301
380
443
484
485
483
433
354
259
159
60
-44
-126
-189
-232
-258
-272
-269
-255
-233
-218
-191
-159
-128
-81
-41
6
55
102
145
185
206
205
201
175
129
61
-7
-70
-138
-192
-239
-266
-268
-260
-236
-212
-174
-147
-112
-103
-85
-73
-70
-66
-81
-77
-76
-75
-83
-101
-116
-124
-140
-175
-200
-222
-240
-254
-268
-263
-238
-207
-155
-84
30
156
283
383
470
554
598
620
587
521
424
311
180
36
-77
-163
-241
-296
-333
-343
-324
-304
-273
-256
-227
-179
-137
-89
-33
44
128
207
284
354
417
461
471
444
394
318
224
114
-3
-121
-220
-301
-366
-394
-397
-373
-336
-295
-252
-201
-157
-98
-56
-12
46
118
204
271
350
422
475
502
487
447
373
278
173
38
-73
-169
-245
-295
-328
-326
-301
-256
-213
-170
-120
-68
-14
26
71
109
152
195
222
238
244
232
196
136
63
-9
-88
-162
-225
-276
-303
-300
-279
-245
-211
-162
-117
-90
-74
-63
-59
-62
-62
-66
-68
-58
-52
-42
-43
-55
-76
-110
-151
-194
-239
-279
-298
-308
-292
-255
-211
-168
-119
-65
-23
16
43
104
214
330
409
452
513
582
610
585
502
393
267
116
-50
-204
-304
-370
-419
-444
-434
-374
-281
-188
-118
-64
11
86
143
191
251
310
364
393
402
417
422
393
315
201
89
-25
-146
-265
-369
-440
-477
-473
-457
-406
-318
-210
-113
-38
31
103
178
231
251
262
295
341
380
396
389
379
351
291
205
90
-13
-116
-213
-297
-350
-344
-308
-263
-203
-130
-45
41
101
134
164
197
218
223
223
226
226
212
173
117
63
0
-79
-165
-243
-295
-316
-317
-316
-291
-247
-188
-135
-91
-51
-24
5
16
14
18
23
26
14
-7
-29
-52
-76
-101
-132
-153
-174
-179
-184
-186
-187
-179
-171
-168
-161
-157
-142
-133
-122
-107
-105
-108
-103
-105
-100
-68
45
221
350
429
494
581
634
596
491
348
207
46
-126
-259
-321
-333
-338
-335
-317
-266
-182
-121
-88
-80
-60
-8
57
132
207
309
397
452
458
443
415
334
226
78
-77
-195
-276
-337
-374
-385
-363
-328
-284
-234
-168
-94
-27
28
68
121
191
266
320
342
352
355
340
302
241
176
104
26
-53
-123
-165
-194
-201
-211
-204
-177
-128
-62
-6
50
103
163
214
243
255
253
240
206
147
98
54
4
-50
-97
-146
-180
-205
-227
-242
-246
-229
-207
-179
-142
-95
-41
9
48
76
92
91
76
52
8
-33
-74
-104
-124
-137
-136
-133
-129
-121
-132
-147
-167
-198
-220
-232
-220
-189
-155
-113
-80
-41
-21
-20
-32
-71
-117
-168
-204
-243
-254
-224
-96
150
376
506
575
643
691
613
437
239
64
-95
-260
-370
-392
-336
-286
-269
-251
-225
-185
-157
-139
-142
-117
-39
80
219
346
473
567
594
537
424
309
177
29
-131
-274
-351
-370
-348
-337
-319
-290
-270
-261
-253
-213
-127
-18
90
179
277
385
473
502
455
358
275
192
92
8
-47
-63
-79
-102
-113
-119
-112
-123
-162
-176
-164
-108
-30
61
152
230
316
362
360
311
240
159
50
-45
-118
-137
-119
-117
-108
-106
-102
-102
-117
-144
-167
-165
-134
-97
-50
16
82
115
119
99
58
28
-24
-85
-140
-183
-200
-195
-198
-190
-180
-178
-185
-199
-202
-193
-180
-169
-154
-133
-100
-71
-56
-75
-96
-118
-138
-163
-198
-221
-236
-238
-239
-224
-142
32
267
453
549
599
640
657
569
393
215
57
-81
-222
-307
-301
-252
-229
-263
-281
-262
-234
-196
-157
-100
-15
104
249
397
520
592
602
535
405
248
108
-1
-114
-225
-309
-354
-355
-344
-347
-363
-369
-355
-327
-259
-147
17
189
320
403
439
467
457
386
256
119
4
-77
-107
-115
-95
-65
-71
-117
-160
-178
-171
-169
-152
-106
-18
100
216
314
360
358
316
249
179
106
47
4
-34
-66
-70
-51
-29
-29
-59
-101
-132
-133
-113
-81
-38
9
47
72
73
62
40
-8
-67
-111
-134
-130
-99
-68
-55
-52
-67
-102
-139
-175
-203
-210
-196
-154
-97
-43
1
16
14
-11
-52
-102
-150
-192
-217
-213
-202
-186
-161
-144
-137
-163
-213
-268
-304
-309
-255
-66
281
600
743
762
782
791
662
396
146
4
-92
-217
-308
-259
-151
-160
-288
-389
-410
-414
-414
-347
-181
44
230
397
581
716
721
613
455
292
146
27
-51
-78
-90
-129
-211
-300
-363
-426
-493
-552
-540
-422
-235
-36
168
366
510
538
464
376
312
252
170
75
36
58
55
4
-42
-71
-138
-255
-345
-336
-244
-134
-34
75
191
291
328
324
318
291
243
191
168
162
148
105
31
-40
-111
-176
-216
-227
-208
-181
-148
-102
-40
13
49
37
15
5
-2
-4
-8
-3
-2
-18
-52
-79
-104
-123
-163
-201
-215
-209
-187
-165
-148
-119
-91
-85
-86
-84
-82
-88
-97
-103
-99
-85
-76
-78
-92
-106
-120
-141
-156
-164
-178
-216
-263
-289
-299
-308
-267
-61
292
610
718
690
703
730
619
357
164
120
91
-44
-171
-137
-40
-97
-321
-490
-494
-438
-422
-358
-140
118
269
329
425
556
582
474
341
279
255
213
153
112
69
-27
-196
-363
-441
-438
-421
-423
-389
-266
-103
16
92
185
284
306
257
242
308
373
363
266
178
112
8
-113
-183
-169
-150
-193
-236
-199
-90
-12
-3
13
70
138
179
216
287
351
348
279
207
178
147
79
-5
-77
-107
-132
-152
-179
-187
-183
-187
-189
-161
-85
-28
-16
-29
-36
-37
-47
-57
-38
-5
18
17
3
-10
-40
-107
-186
-234
-234
-218
-188
-148
-95
-52
-52
-95
-134
-151
-157
-149
-138
-99
-49
-40
-67
-113
-159
-203
-250
-283
-292
-275
-264
-278
-297
-298
-281
-193
39
382
660
727
674
659
661
551
352
232
243
239
96
-75
-98
-89
-252
-538
-689
-621
-497
-417
-306
-77
142
213
199
264
412
489
450
412
444
482
445
329
207
90
-55
-232
-373
-394
-348
-333
-379
-424
-394
-322
-258
-179
-39
134
245
283
334
432
486
428
312
232
208
176
112
50
37
21
-84
-217
-255
-198
-148
-136
-105
-21
69
112
113
147
225
271
277
302
348
364
299
178
60
-37
-97
-157
-197
-189
-169
-168
-200
-232
-233
-215
-212
-196
-122
-19
64
107
134
156
130
68
14
-14
-18
-33
-65
-90
-106
-143
-196
-238
-249
-229
-211
-203
-200
-190
-180
-197
-207
-185
-137
-95
-78
-86
-104
-118
-116
-108
-90
-84
-104
-139
-170
-195
-229
-155
138
487
571
387
283
404
487
309
112
178
376
329
18
-137
-30
-19
-313
-573
-458
-182
-127
-240
-190
27
101
-64
-126
114
388
433
336
335
407
386
235
104
88
101
18
-118
-171
-137
-146
-301
-487
-516
-392
-285
-249
-155
47
162
93
0
84
260
333
274
244
330
387
290
115
72
160
136
-30
-108
-12
62
-40
-183
-212
-141
-93
-120
-84
92
244
245
200
230
289
281
187
104
103
140
120
38
-5
-13
-59
-155
-231
-231
-183
-188
-236
-231
-163
-110
-106
-98
-30
47
63
39
32
64
63
7
-42
-50
-43
-80
-127
-147
-142
-150
-201
-256
-270
-255
-235
-225
-205
-152
-132
-136
-167
-148
-90
-70
-73
-87
-71
-57
-87
-142
-201
-187
14
346
514
377
210
307
509
461
241
205
375
415
157
-69
-4
75
-148
-456
-413
-122
-65
-300
-424
-252
-81
-152
-207
6
301
357
232
223
346
374
258
180
241
340
302
139
-10
-84
-128
-225
-346
-367
-280
-242
-307
-340
-237
-121
-145
-208
-115
106
259
250
202
241
294
250
167
190
320
375
274
158
165
176
58
-100
-127
-55
-60
-135
-163
-98
-26
-29
-40
31
133
150
106
86
96
118
141
156
174
189
159
76
-21
-80
-112
-143
-180
-201
-177
-164
-183
-196
-170
-129
-110
-94
-46
2
16
-4
-29
-19
-3
-7
-10
-1
-2
-38
-85
-131
-155
-171
-171
-163
-168
-185
-220
-247
-269
-265
-237
-208
-189
-183
-172
-155
-135
-126
-147
-125
100
448
563
359
203
391
649
591
346
310
459
406
87
-96
43
108
-186
-501
-411
-137
-163
-448
-526
-291
-125
-206
-212
30
241
178
64
179
412
484
368
302
358
386
294
161
77
35
-30
-148
-240
-232
-206
-284
-423
-437
-293
-186
-231
-294
-225
-87
-15
-20
28
154
252
243
192
230
351
372
289
278
356
384
273
160
123
106
12
-113
-124
-52
-67
-161
-201
-165
-124
-133
-132
-91
-25
35
80
140
176
156
119
93
90
121
132
104
35
-38
-87
-133
-168
-196
-211
-212
-213
-220
-211
-208
-215
-222
-220
-208
-150
-90
-49
-29
-33
-24
-11
-6
-39
-54
-50
-57
-91
-133
-182
-219
-238
-257
-260
-236
-235
-290
-333
-290
-223
-178
-167
-23
308
508
334
94
257
630
706
481
363
508
570
288
27
143
303
64
-325
-341
-84
-58
-349
-524
-358
-172
-252
-357
-180
41
15
-99
0
264
392
304
232
310
404
380
302
274
257
198
76
-43
-57
-30
-107
-260
-304
-224
-178
-255
-374
-378
-279
-218
-208
-173
-89
-16
2
22
113
226
253
193
223
375
477
457
387
340
306
243
183
176
184
104
-49
-132
-138
-174
-240
-275
-261
-229
-197
-147
-72
-37
-67
-82
-14
77
122
139
142
148
150
118
74
32
3
-42
-88
-111
-108
-139
-210
-281
-287
-251
-266
-289
-264
-199
-152
-147
-162
-134
-92
-98
-118
-79
-21
-30
-85
-119
-132
-113
-123
-162
-177
-175
-218
-279
-276
-231
-217
-223
-211
-42
254
362
153
-2
211
535
582
393
340
471
476
241
119
296
361
58
-248
-188
26
-28
-307
-403
-247
-185
-330
-364
-174
-61
-151
-207
-48
169
190
80
70
184
285
308
317
312
271
185
88
42
72
81
-7
-95
-101
-57
-83
-206
-316
-321
-269
-226
-196
-170
-165
-163
-144
-122
-26
153
184
89
96
251
399
462
443
389
365
353
330
329
350
238
83
32
21
-11
-72
-155
-224
-238
-219
-183
-148
-162
-220
-201
-80
12
57
61
35
49
82
97
94
96
66
23
13
20
16
-38
-135
-227
-218
-199
-229
-240
-246
-257
-245
-213
-207
-205
-221
-254
-251
-173
-96
-76
-96
-133
-131
-104
-103
-98
-68
-78
-136
-167
-158
-131
-126
-170
-198
-28
264
321
88
-51
170
473
479
292
272
434
416
164
110
333
394
83
-219
-133
85
-9
-286
-326
-155
-137
-316
-339
-147
-69
-190
-244
-72
124
118
8
19
136
225
251
256
262
238
162
69
49
120
140
44
-58
-59
-13
-48
-169
-248
-228
-189
-174
-173
-166
-161
-142
-143
-111
-10
70
50
-5
55
224
332
304
248
272
320
314
309
338
327
254
160
137
165
127
23
-58
-85
-108
-135
-137
-134
-162
-190
-175
-118
-55
-53
-81
-78
-52
-11
8
10
11
30
41
41
65
78
43
-33
-69
-51
-36
-48
-100
-128
-122
-142
-166
-184
-191
-211
-246
-270
-260
-232
-211
-205
-218
-181
-148
-131
-118
-115
-115
-138
-132
-99
-72
-91
-131
-148
-5
252
354
196
-4
116
400
475
348
287
406
423
218
112
278
390
172
-124
-109
94
61
-178
-299
-198
-151
-282
-326
-189
-105
-195
-280
-172
12
72
14
-23
33
127
197
230
238
240
220
149
99
149
215
174
49
1
50
53
-46
-174
-225
-178
-145
-173
-216
-209
-163
-162
-218
-186
-53
10
-55
-73
63
188
204
182
224
313
330
277
289
352
353
267
208
218
216
168
77
7
-16
-41
-66
-83
-117
-166
-200
-202
-182
-145
-119
-127
-158
-161
-130
-87
-51
-27
-3
25
43
50
48
38
43
45
32
17
5
-7
-45
-79
-87
-95
-109
-147
-217
-259
-265
-263
-259
-260
-241
-227
-225
-248
-224
-162
-130
-162
-175
-137
-89
-68
-92
-92
-27
155
316
296
144
118
311
473
432
350
414
484
366
186
219
389
359
107
-45
53
113
-51
-228
-215
-137
-189
-294
-267
-164
-178
-287
-311
-187
-56
-12
-36
-44
15
99
158
177
215
272
266
187
155
242
305
241
128
117
158
118
-25
-127
-104
-46
-83
-188
-226
-177
-169
-267
-319
-198
-64
-97
-177
-123
24
85
60
79
194
278
247
207
287
387
371
306
286
316
313
237
151
117
115
80
10
-44
-85
-122
-170
-213
-204
-153
-151
-216
-271
-257
-209
-182
-170
-130
-58
-26
-43
-51
-5
48
58
26
8
30
30
-9
-42
-41
-36
-66
-115
-146
-164
-191
-234
-268
-249
-220
-219
-238
-257
-234
-199
-186
-180
-154
-125
-115
-130
-141
-127
-113
-125
-116
42
266
312
146
40
179
367
387
339
404
496
408
217
217
399
456
283
125
153
191
62
-108
-132
-69
-89
-199
-242
-190
-180
-259
-337
-306
-175
-85
-99
-140
-122
-56
-16
7
90
218
265
184
117
170
243
252
208
201
219
181
101
52
65
76
19
-83
-112
-64
-58
-169
-258
-194
-101
-94
-122
-108
-72
-67
-88
-44
74
162
139
112
161
233
280
283
290
312
319
276
240
239
225
179
111
79
74
58
-20
-115
-135
-124
-151
-203
-231
-223
-233
-280
-274
-194
-121
-129
-170
-147
-79
-42
-45
-44
-15
12
1
-24
-13
6
-15
-64
-102
-104
-92
-114
-158
-168
-158
-172
-206
-218
-212
-195
-186
-188
-170
-155
-148
-170
-192
-189
-168
-141
-137
-50
132
224
114
8
103
274
321
288
334
445
438
296
246
369
437
343
217
212
240
163
37
-34
-32
-67
-143
-177
-154
-140
-194
-295
-359
-313
-210
-155
-174
-184
-129
-97
-102
-72
45
162
150
85
110
197
235
205
174
204
254
243
180
145
160
135
33
-40
-8
53
10
-101
-138
-91
-82
-129
-147
-93
-41
-50
-79
-49
22
52
31
41
119
203
247
239
216
227
235
220
200
211
231
212
147
92
80
68
18
-47
-61
-55
-94
-160
-198
-201
-195
-202
-211
-194
-160
-160
-185
-187
-153
-111
-99
-108
-94
-62
-52
-74
-82
-60
-46
-62
-90
-89
-75
-86
-126
-153
-156
-155
-175
-193
-197
-176
-171
-198
-214
-203
-185
-204
-218
-211
-202
-169
-54
92
133
60
36
128
225
238
250
340
414
365
279
305
380
365
265
215
233
225
165
101
56
-5
-82
-137
-137
-113
-117
-169
-262
-329
-315
-246
-211
-213
-195
-153
-147
-163
-127
-46
12
3
5
70
149
171
144
129
155
189
183
162
178
209
164
59
18
61
83
16
-36
-21
7
-27
-78
-78
-42
-30
-65
-68
-15
39
31
12
26
59
110
127
133
147
177
175
142
130
154
180
163
132
128
143
109
47
13
24
24
-12
-52
-66
-74
-106
-146
-162
-140
-133
-146
-164
-161
-149
-159
-183
-185
-153
-127
-124
-122
-107
-91
-89
-101
-100
-79
-69
-87
-92
-79
-81
-98
-124
-140
-135
-129
-139
-155
-154
-158
-182
-194
-193
-186
-186
-125
-7
79
66
39
94
169
177
169
245
347
364
305
297
345
346
263
193
201
219
194
153
122
70
5
-72
-118
-112
-95
-96
-143
-209
-243
-226
-217
-236
-230
-184
-147
-151
-136
-90
-54
-53
-61
-21
39
83
98
102
119
148
152
135
135
168
171
116
74
89
118
82
26
20
32
16
-20
-22
7
17
-16
-52
-34
2
12
6
13
38
62
64
53
62
89
103
92
80
95
111
101
79
81
110
108
69
47
55
65
36
0
-14
-20
-40
-72
-83
-70
-64
-89
-122
-124
-104
-111
-138
-156
-144
-124
-137
-148
-139
-130
-139
-157
-153
-132
-113
-116
-122
-109
-102
-102
-113
-123
-114
-106
-104
-118
-116
-95
-93
-117
-145
-147
-135
-150
-143
-52
70
109
71
69
132
168
149
168
243
299
286
252
279
315
283
211
179
184
191
166
132
103
78
26
-40
-83
-86
-68
-81
-130
-167
-157
-153
-188
-216
-192
-153
-147
-157
-135
-83
-56
-68
-75
-50
5
39
50
75
113
136
113
93
115
147
127
83
73
101
112
81
53
56
58
33
19
36
53
37
9
-2
18
32
19
4
3
8
18
30
44
57
57
38
20
21
37
53
53
50
63
62
42
26
16
24
18
10
8
10
-1
-26
-48
-55
-53
-68
-80
-91
-92
-99
-126
-143
-155
-152
-167
-182
-188
-181
-178
-191
-201
-191
-167
-165
-172
-169
-146
-131
-133
-132
-123
-110
-94
-95
-91
-73
-64
-85
-117
-124
-120
-130
-123
-43
59
88
57
72
131
152
135
146
209
251
239
231
269
296
263
214
192
191
179
144
119
94
70
36
-7
-37
-37
-41
-78
-137
-166
-148
-142
-163
-178
-155
-143
-165
-172
-140
-97
-87
-95
-94
-72
-37
-16
-4
26
67
83
66
59
90
119
104
69
74
107
109
91
87
93
96
72
51
46
53
43
24
27
45
52
46
25
3
6
16
26
27
40
48
40
21
13
28
34
31
30
36
38
24
13
12
14
13
-3
-6
0
-9
-21
-32
-35
-39
-48
-57
-65
-61
-64
-80
-100
-118
-130
-139
-152
-161
-160
-168
-188
-196
-183
-180
-188
-202
-204
-183
-165
-162
-149
-145
-140
-131
-124
-114
-96
-83
-90
-100
-102
-92
-96
-106
-104
-54
21
53
40
61
121
156
141
147
190
227
222
208
238
282
289
253
226
216
203
162
123
98
80
61
26
1
-11
-18
-49
-105
-141
-136
-126
-140
-159
-152
-132
-131
-134
-122
-93
-81
-91
-90
-76
-41
-16
-10
-1
26
56
62
62
82
97
82
49
47
74
102
96
89
108
121
106
84
87
92
84
71
67
73
75
59
45
34
42
46
24
11
6
6
-4
-15
-8
8
9
-7
-13
-6
-4
-18
-18
-12
-5
-9
-17
-6
-10
-10
-13
-21
-24
-29
-31
-42
-49
-42
-46
-65
-82
-88
-92
-110
-134
-148
-158
-166
-180
-188
-193
-197
-211
-215
-200
-185
-180
-179
-170
-159
-142
-128
-112
-90
-74
-64
-56
-49
-32
-35
-55
-69
-75
-73
-75
-45
6
33
31
34
76
121
130
132
147
170
189
192
216
237
245
223
200
187
178
162
126
86
52
45
24
-4
-23
-35
-57
-87
-112
-123
-126
-135
-153
-161
-143
-129
-116
-109
-96
-91
-87
-83
-77
-62
-50
-41
-31
4
35
54
56
58
63
53
47
60
83
100
103
111
131
147
145
134
130
122
117
106
95
91
87
76
63
59
53
46
28
4
-9
-22
-31
-43
-52
-51
-54
-53
-39
-26
-23
-34
-50
-49
-35
-31
-26
-18
-8
-3
1
3
4
13
12
0
-8
-3
0
-17
-41
-62
-68
-81
-101
-117
-129
-144
-167
-194
-199
-187
-193
-204
-206
-199
-185
-177
-167
-157
-142
-131
-123
-107
-92
-75
-68
-74
-65
-52
-49
-59
-73
-75
-88
-88
-65
-24
5
18
37
68
105
117
127
136
155
161
172
188
206
214
201
180
167
165
151
122
83
51
28
5
-25
-40
-53
-67
-82
-96
-102
-111
-125
-136
-148
-138
-129
-118
-105
-96
-84
-73
-67
-59
-41
-30
-34
-37
-25
-6
5
12
31
48
53
60
70
90
98
95
104
124
141
143
141
138
137
132
117
105
93
76
63
54
47
46
28
2
-11
-19
-23
-35
-47
-53
-67
-74
-77
-78
-70
-68
-66
-55
-43
-29
-21
-17
-12
-1
15
21
23
26
27
25
10
-3
-13
-28
-46
-66
-79
-89
-107
-129
-144
-155
-160
-170
-172
-178
-179
-176
-175
-168
-164
-154
-142
-129
-111
-92
-85
-80
-75
-74
-71
-58
-51
-47
-37
-40
-47
-57
-62
-59
-60
-47
-26
-2
11
27
52
80
104
119
135
148
153
150
150
143
147
140
135
134
125
116
95
65
37
17
-2
-22
-39
-51
-56
-72
-86
-89
-83
-91
-105
-103
-98
-86
-90
-87
-82
-73
-69
-71
-60
-45
-35
-31
-29
-21
-8
-1
-3
6
36
57
72
87
106
125
138
144
155
157
157
145
141
138
133
122
102
88
73
58
38
16
-1
-18
-35
-51
-59
-63
-67
-70
-77
-76
-72
-70
-69
-61
-58
-43
-30
-22
-9
-4
7
11
21
26
32
33
26
19
13
8
4
-9
-22
-26
-40
-59
-77
-96
-103
-115
-123
-129
-130
-129
-133
-135
-129
-114
-107
-99
-95
-82
-74
-74
-72
-63
-51
-43
-40
-35
-19
-9
-10
-16
-11
-1
8
3
2
3
7
5
-2
1
16
44
58
63
74
91
102
107
106
113
118
117
114
110
111
105
92
78
77
84
77
61
45
34
25
6
-10
-24
-25
-25
-27
-34
-35
-31
-35
-38
-43
-37
-41
-51
-48
-42
-33
-29
-29
-28
-15
-5
3
15
28
44
55
62
73
83
86
98
101
105
111
110
112
100
91
84
78
67
57
44
33
20
0
-9
-17
-26
-36
-43
-48
-57
-57
-61
-59
-56
-50
-40
-29
-24
-22
-12
-6
5
10
12
14
12
8
6
5
-2
-10
-11
-14
-26
-39
-40
-51
-64
-74
-84
-88
-94
-98
-104
-103
-103
-103
-98
-92
-84
-72
-69
-61
-55
-47
-48
-49
-41
-33
-18
-15
-12
-15
-8
5
7
7
18
27
32
32
31
33
31
34
34
35
39
33
22
14
15
12
15
8
1
8
8
10
8
15
27
31
35
45
56
60
60
63
66
69
75
82
85
86
82
80
75
70
62
54
47
43
40
34
22
15
5
6
7
2
3
5
6
4
5
15
21
24
33
42
49
59
60
64
65
64
61
62
70
69
59
52
53
43
26
18
11
2
-8
-14
-15
-21
-29
-43
-50
-49
-48
-44
-47
-47
-43
-43
-39
-37
-33
-27
-26
-22
-19
-18
-12
-17
-16
-17
-19
-26
-30
-30
-29
-31
-35
-37
-42
-45
-46
-44
-45
-42
-40
-41
-43
-41
-34
-30
-26
-22
-22
-19
-25
-30
-24
-26
-17
-12
-13
-10
-11
-9
-9
-5
6
11
14
16
14
15
17
25
24
28
32
30
27
28
32
34
33
33
44
51
55
51
54
55
55
56
64
67
66
66
60
59
58
61
60
60
52
46
47
43
45
45
36
36
33
31
33
24
22
14
17
17
17
24
28
38
38
44
48
45
51
58
65
73
76
78
81
79
76
70
74
70
65
60
52
46
36
23
13
3
-5
-12
-20
-25
-31
-36
-36
-37
-42
-45
-44
-37
-36
-36
-34
-27
-20
-17
-12
-5
8
7
4
5
4
5
0
-3
-10
-11
-22
-32
-38
-38
-45
-53
-52
-52
-49
-53
-45
-41
-38
-36
-35
-31
-29
-23
-19
-13
-11
-10
-8
-7
-9
-8
-7
-1
-6
-5
-5
-3
-1
-3
3
6
-1
0
9
10
13
12
16
9
6
8
9
13
6
7
8
7
8
8
15
15
12
12
15
18
19
22
26
29
30
30
29
32
36
34
31
35
34
34
32
32
34
31
31
29
26
28
25
30
27
31
34
34
35
33
40
37
37
39
40
43
39
40
42
49
52
44
42
44
41
39
39
39
35
38
31
31
28
23
18
7
1
-7
-10
-13
-18
-22
-26
-26
-29
-32
-35
-34
-32
-30
-29
-21
-10
-11
-9
-1
2
-2
3
5
10
8
12
13
15
13
5
-1
-4
-6
-9
-10
-12
-15
-14
-14
-15
-15
-15
-14
-18
-10
-11
-10
-12
-11
-7
-6
-9
-17
-10
-1
-1
-6
-9
-9
-6
-7
-7
-5
1
-5
-6
0
8
7
4
-1
0
6
1
-7
-8
-6
-10
-11
-16
-12
-13
-16
-20
-26
-21
-25
-25
-28
-23
-16
-16
-12
-6
-6
-2
-2
3
7
12
8
6
6
7
11
8
12
18
21
16
10
17
25
22
20
24
24
29
25
22
26
29
28
28
31
38
33
28
25
24
25
23
26
25
29
29
22
18
15
14
15
6
8
5
0
-4
-13
-16
-14
-17
-22
-26
-32
-30
-35
-32
-28
-21
-20
-15
-12
-13
-8
-6
-4
2
8
10
11
6
10
10
7
8
9
13
15
11
8
15
10
14
16
14
17
10
9
10
17
18
12
8
2
4
4
0
3
7
0
-4
-3
-3
-4
-4
1
0
-2
-4
-5
-4
-1
-2
-3
-3
4
3
-1
4
-5
-3
-4
-6
-9
-10
-8
-14
-18
-14
-20
-24
-26
-31
-26
-22
-24
-25
-22
-21
-18
-15
-12
-4
0
-1
-6
-3
7
9
10
9
7
11
12
15
17
17
18
17
18
22
22
23
25
22
20
20
19
20
23
21
16
13
10
12
5
5
1
1
4
1
-3
-6
-9
-14
-15
-15
-13
-20
-24
-21
-23
-23
-21
-21
-21
-27
-28
-28
-30
-28
-23
-20
-19
-23
-20
-18
-14
-12
-11
-5
-10
-6
0
-2
2
7
9
10
19
23
25
27
32
31
29
30
31
34
26
24
26
24
19
16
16
15
10
8
10
8
1
-3
-10
-8
-13
-12
-8
-6
-11
-8
-5
0
0
1
3
4
3
5
6
6
6
6
6
7
8
7
5
5
1
-6
-3
1
-6
-8
-3
-4
-3
-6
-1
1
-3
0
0
0
-1
1
2
4
6
5
5
6
12
14
15
16
12
20
22
20
20
23
25
24
22
28
28
25
28
30
35
36
32
32
34
28
24
26
19
25
19
15
11
5
0
-5
-11
-11
-15
-15
-18
-25
-26
-21
-23
-25
-22
-25
-24
-31
-24
-20
-24
-19
-19
-19
-19
-18
-18
-18
-19
-22
-25
-26
-24
-18
-15
-12
-17
-11
-10
-13
-9
-7
-8
-1
0
-3
4
7
7
11
5
5
6
6
6
3
1
-1
1
-1
1
-6
-3
-5
-5
-7
-9
-9
-14
-12
-13
-7
-4
-5
-7
-3
2
-1
2
10
9
9
10
12
12
15
20
16
9
10
7
5
6
3
5
0
2
0
-5
-2
-4
-2
0
-2
4
3
-2
5
1
4
0
5
5
3
6
9
12
11
16
17
17
19
26
24
29
33
42
42
40
41
43
43
44
46
46
48
43
39
39
38
39
35
33
25
22
21
12
15
12
4
2
-5
-9
-7
-8
-13
-15
-16
-17
-16
-17
-15
-15
-13
-13
-7
-6
-6
-1
-4
-2
-4
-5
-4
-1
-3
2
4
5
7
4
11
5
6
7
7
8
10
12
8
9
11
13
10
16
13
12
11
11
10
6
9
3
-2
0
-2
-4
-2
-10
-11
-12
-14
-16
-17
-16
-19
-18
-17
-16
-16
-19
-21
-15
-10
-9
-11
-8
-11
-6
0
-2
-2
-1
-2
-7
-1
2
0
-1
-6
1
3
0
2
1
1
-2
-2
0
4
7
2
2
-2
-5
-6
-7
-11
-9
-4
-2
-2
3
3
3
4
9
16
19
19
20
24
26
30
32
40
40
40
39
38
40
39
39
32
32
31
21
19
17
16
13
8
10
10
10
6
1
-1
-6
-5
-10
-13
-6
-10
-15
-12
-15
-8
-10
-6
-5
2
7
9
8
9
14
13
13
16
18
16
16
16
14
14
24
21
24
26
26
29
29
28
26
28
25
26
28
25
26
27
25
24
19
16
18
17
16
12
11
8
5
2
-1
1
-3
-2
-3
-5
-1
-5
-10
-8
-9
-3
-4
-7
-3
-6
-9
-11
-12
-11
-12
-14
-15
-14
-16
-14
-13
-13
-12
-8
-4
-5
-7
-7
-6
-11
-8
-4
-4
-3
-1
1
2
1
2
4
3
9
6
9
13
17
17
13
10
12
13
11
15
16
18
14
18
21
21
25
24
21
30
31
29
28
29
27
24
26
24
24
17
16
13
11
8
9
5
5
2
-2
1
1
-3
-2
-3
-6
-5
-7
-3
-4
-5
-4
-1
-3
2
5
1
5
5
10
10
13
16
13
14
13
21
19
19
19
25
25
24
26
24
27
28
30
27
30
31
30
35
33
35
34
31
30
29
28
24
22
21
19
16
13
9
8
6
-1
4
4
0
-1
-2
3
4
1
0
3
-2
1
2
-2
3
1
-3
-1
1
2
3
3
0
0
3
3
3
6
4
7
10
8
10
10
12
19
19
20
20
15
19
17
13
15
12
9
8
6
5
3
4
3
0
3
0
3
-1
2
2
-7
-9
-16
-6
-7
-3
2
3
7
1
2
8
9
9
9
8
2
-2
3
1
0
1
-6
-5
-11
-10
-6
-11
-6
-9
-10
-8
-6
-7
-9
-7
-8
-7
-8
-7
-3
2
0
-2
4
0
-2
-2
0
3
4
3
8
7
7
10
10
14
18
17
15
15
21
21
18
21
25
23
22
21
26
24
22
22
20
20
15
19
19
17
15
14
13
10
10
7
4
4
0
1
2
6
7
7
6
8
10
8
6
8
3
1
-1
6
10
8
7
11
12
12
11
13
14
17
22
23
25
24
30
31
29
34
30
30
32
28
30
31
25
30
27
28
30
28
29
26
28
25
25
24
25
26
17
19
19
19
23
21
19
23
21
16
18
19
16
15
13
14
11
11
8
4
6
0
-1
-3
-7
-11
-7
-6
-9
-5
-5
-6
-8
-6
-2
-7
-6
-5
-5
-6
-4
-5
-2
-7
-7
-7
-12
-9
-10
-12
-11
-9
-6
-7
-10
-7
-1
-2
1
2
6
6
6
5
11
13
17
18
22
25
22
26
23
27
28
25
25
19
17
20
14
10
3
1
2
-2
-6
-5
-7
-9
-8
-5
-7
-8
-9
-11
-11
-10
-10
-10
-7
-6
-2
2
3
8
6
3
3
0
0
0
-2
-4
-5
-7
-4
-8
-7
-3
-2
-1
-4
-2
3
9
14
16
16
16
17
19
25
26
24
28
25
30
32
28
24
23
25
25
24
21
19
16
18
15
13
18
12
9
11
5
5
6
10
8
9
10
12
7
8
7
6
9
7
6
6
9
6
8
7
5
5
1
6
5
5
5
6
6
5
-1
-3
0
-5
-1
-3
0
3
1
1
1
4
1
1
3
3
-1
0
2
7
5
3
6
9
9
11
11
8
7
5
2
2
5
1
3
3
3
1
0
3
4
1
-3
1
-5
-1
1
-2
-3
-2
-2
3
2
0
1
0
2
3
3
6
4
4
4
4
7
4
5
0
-1
0
0
0
2
3
1
4
9
2
5
12
7
5
11
14
10
16
15
15
16
14
19
20
23
29
25
26
24
23
21
23
24
20
20
19
19
19
20
18
14
22
15
15
17
15
12
9
10
7
6
5
5
5
6
6
4
1
-2
2
1
-3
2
-3
-1
-6
-3
-3
-5
-3
-7
-5
-1
3
0
7
10
11
11
12
15
12
16
17
17
14
16
13
10
14
9
14
10
13
11
11
9
4
9
9
10
13
8
11
9
7
1
2
8
5
2
5
-1
-3
-2
-3
0
-5
-4
-6
-9
-7
-8
-12
-15
-10
-7
-8
-7
-7
-9
-10
-5
-5
-8
-8
-5
-7
-3
-2
1
-1
-1
1
0
-2
-1
-2
-6
-5
-8
-4
-3
-3
-2
2
2
3
6
7
4
3
6
11
9
10
11
8
8
6
8
10
9
10
10
12
8
7
6
3
5
0
0
-1
1
-1
-2
3
-4
-4
-5
-4
0
0
1
0
4
3
0
4
4
5
2
1
3
2
0
-2
0
1
-2
0
-5
1
4
3
3
2
6
3
6
7
7
8
9
9
11
20
20
16
16
16
18
16
15
18
18
15
14
15
10
13
8
12
13
11
15
9
7
6
6
5
7
5
8
10
9
10
10
14
14
15
15
12
14
13
9
14
14
14
15
13
15
15
17
15
15
18
16
12
20
20
18
16
15
13
5
4
2
6
2
-1
1
2
3
-1
2
1
0
2
2
1
1
3
9
10
5
3
5
8
3
5
3
2
4
4
8
3
4
6
8
10
8
10
11
10
10
14
15
16
14
14
13
11
12
13
12
13
11
11
10
5
7
4
8
9
4
3
3
-1
-5
-8
-11
-11
-12
-7
-8
-11
-6
-8
-9
-9
-5
-3
-3
0
0
4
8
9
9
6
3
1
4
3
1
4
-2
2
2
3
4
3
7
11
4
8
12
13
12
11
13
11
9
6
4
1
1
2
0
-9
-9
-10
-13
-10
-10
-8
-7
-5
-7
-2
-2
0
-1
-3
2
5
1
1
7
12
7
6
11
14
8
8
13
9
11
9
13
11
11
12
11
7
7
5
4
7
5
3
5
7
8
9
9
9
7
10
7
4
3
6
6
5
6
7
6
5
5
5
3
3
4
2
6
2
1
1
3
1
2
-2
-1
-2
-2
3
3
3
2
7
2
-1
2
5
5
3
9
9
4
2
5
5
7
9
4
3
2
3
0
-1
0
-1
1
-1
2
-1
0
2
-1
-1
0
4
-2
-1
2
3
3
5
4
2
1
2
0
1
0
-1
3
0
0
-2
3
2
2
5
7
6
6
8
8
11
11
11
11
11
8
7
6
5
6
4
8
4
5
5
8
10
9
9
11
12
9
9
10
7
9
7
5
5
10
9
2
4
0
3
-1
-4
-1
-2
-2
-5
-5
-7
-3
-3
-1
-2
3
3
3
2
1
0
0
4
2
2
-1
1
2
7
3
2
2
4
3
5
7
2
5
7
6
5
8
6
9
4
6
9
5
5
1
-1
3
1
1
1
0
-2
-1
-5
0
-1
-4
-1
-4
-1
-7
-8
-9
-11
-15
-11
-11
-13
-8
-10
-6
-8
-10
-10
-10
-10
-19
-15
-13
-15
-11
-10
-7
-8
-8
-6
-10
-6
-10
-8
-7
-4
-2
-8
-6
0
-3
1
2
-5
-2
-1
-1
0
-2
1
3
-1
3
6
1
3
4
8
4
3
5
5
2
-1
0
1
2
3
5
3
5
7
5
9
9
9
10
10
8
6
8
3
6
3
0
0
