6
6
4
2
2
3
1
0
1
-4
0
3
0
-2
-1
-3
-7
-2
-2
-3
-5
-7
-5
-6
-4
-4
-2
1
-1
0
4
-3
-2
-1
3
6
5
4
4
2
7
2
1
8
0
2
0
-3
-5
-3
-3
-2
-4
-2
-1
-2
2
1
2
-3
-4
-1
-1
1
1
3
4
6
6
10
10
10
12
10
10
12
14
10
8
11
7
12
10
7
9
8
15
11
17
15
11
10
13
14
14
14
13
16
14
17
18
12
13
13
12
16
18
16
15
14
16
16
16
14
11
10
9
7
3
3
7
5
6
4
6
8
6
5
1
5
6
4
3
4
7
6
11
9
10
9
10
8
7
10
8
8
9
13
11
12
11
7
13
9
7
12
7
3
5
9
9
4
1
1
6
4
3
8
3
5
7
8
6
3
5
5
5
4
4
5
6
8
7
5
3
4
5
3
1
2
-5
-4
-5
-7
-2
-2
0
2
0
-3
-1
-3
3
2
0
-2
-4
-4
-3
-2
-3
-2
0
1
3
4
4
7
7
6
10
7
11
9
4
8
1
-1
-4
0
-1
4
6
5
1
1
6
1
0
1
4
5
5
6
8
6
10
10
8
14
7
6
7
9
6
3
3
7
6
6
1
5
5
6
10
5
3
7
6
2
6
8
6
2
7
6
9
13
9
10
13
10
9
13
11
12
13
11
14
8
10
6
7
9
6
11
5
10
13
11
11
11
7
8
8
10
9
4
9
5
6
8
5
6
6
5
3
3
9
6
7
7
8
6
8
7
4
10
8
4
4
6
3
2
2
1
5
2
0
-1
0
-2
0
5
6
4
2
4
4
3
-1
-2
0
-2
-4
-1
0
-4
2
-3
-1
0
-1
-4
-7
-3
0
1
-1
5
4
4
2
3
2
-1
-2
-3
-4
-1
1
-4
-3
-4
-6
-4
-7
-3
-1
-4
-3
4
1
0
2
3
3
1
1
3
3
6
7
4
6
3
6
9
9
5
0
0
-6
-6
-2
0
1
5
7
4
0
3
7
2
4
4
1
5
7
9
7
8
9
11
11
9
7
9
11
9
10
9
8
3
7
5
4
4
0
1
0
4
1
3
8
7
8
7
6
7
7
4
4
7
4
3
6
2
7
7
9
6
4
8
5
2
2
6
6
6
3
5
3
0
4
2
2
6
-2
2
1
-2
2
-6
-2
-3
0
2
6
5
-1
2
-1
2
3
4
8
5
0
-2
2
-3
-1
-2
-7
-9
-10
-9
-9
-11
-5
-4
-6
-9
-8
0
0
-1
-3
-5
1
0
-6
-1
3
5
4
6
3
7
4
-2
2
2
-1
-2
-6
-3
-3
-4
-4
1
2
-3
-4
-6
-3
-7
-9
-8
-10
-11
-12
-10
-9
-10
-11
-9
-6
-2
-1
-2
-9
-4
-4
-9
-4
-4
-8
-9
-5
-6
-8
-5
-5
-5
-8
-9
-9
-5
-7
-6
-5
-9
-8
-8
-9
-5
-1
-4
-3
0
0
0
-3
0
0
-2
-4
-2
-4
-6
-2
-5
-7
-6
-1
-2
-7
-5
2
-2
-4
-3
-9
-8
-5
-10
-9
-8
-6
-9
-8
-8
-7
-3
-2
-3
0
-4
-5
-2
-2
-5
-7
-6
-8
-11
-10
-8
-10
-2
-6
-9
-9
-9
-13
-11
-14
-14
-15
-19
-21
-20
-20
-21
-22
-19
-19
-16
-17
-22
-18
-17
-16
-17
-17
-20
-21
-20
-22
-16
-21
-15
-16
-16
-13
-16
-19
-17
-16
-16
-14
-19
-19
-16
-15
-17
-18
-17
-12
-14
-18
-26
-21
-21
-20
-17
-20
-18
-17
-15
-18
-20
-19
-19
-19
-19
-16
-17
-18
-23
-18
-19
-21
-21
-21
-19
-21
-15
-17
-18
-14
-13
-15
-17
-11
-13
-14
-20
-20
-14
-13
-11
-15
-15
-16
-13
-10
-9
-9
-10
-10
-6
-4
1
-1
-6
-4
-3
-2
-3
0
0
-1
0
0
-1
-7
-5
-3
1
0
-5
-2
-4
0
-1
-1
2
0
-3
-2
2
4
0
0
0
-2
1
-2
0
1
-2
-3
1
3
-1
1
-1
-1
-2
-5
-5
-3
-7
-11
-12
-11
-14
-18
-15
-17
-15
-16
-17
-15
-11
-12
-14
-13
-11
-13
-15
-10
-11
-13
-12
-11
-12
-13
-15
-12
-12
-15
-14
-7
-7
-11
-9
-9
-8
-8
-5
-5
-4
-6
-7
-7
-5
-6
-8
-6
-9
-12
-9
-8
-8
-7
-7
-6
-7
-8
-11
-11
-11
-12
-14
-15
-19
-23
-24
-24
-25
-25
-24
-22
-20
-26
-27
-24
-21
-19
-21
-16
-19
-17
-19
-17
-15
-18
-15
-17
-12
-12
-13
-12
-11
-10
-14
-12
-13
-12
-9
-7
-6
-8
-7
-10
-10
-16
-10
-9
-9
-5
-8
-4
-6
-4
-3
-2
2
2
1
0
-2
-3
-1
-2
-3
-7
-7
-8
-8
-4
-4
-5
-7
-1
-2
-4
-7
-2
-2
-3
-1
3
0
-1
4
2
4
2
2
3
-1
0
1
3
1
3
8
2
5
3
-1
-1
-1
-1
-3
4
1
0
1
-1
-1
-2
-2
-4
-3
-2
-2
0
-1
-2
-1
-2
-5
-7
-3
-3
0
1
3
1
-3
0
6
4
4
-1
0
5
-2
-2
-2
-1
-2
-4
-2
-2
-1
-1
-2
-3
-2
-8
-10
-11
-7
-8
-15
-10
-11
-17
-16
-12
-14
-12
-16
-16
-15
-17
-19
-15
-15
-22
-25
-24
-20
-20
-21
-21
-22
-20
-17
-23
-18
-11
-19
-17
-9
-15
-16
-17
-13
-17
-15
-12
-8
-3
-10
-8
-8
-8
-6
-13
-8
-6
-9
-5
-9
-6
-5
-8
-7
-3
-3
-1
-2
-1
0
0
2
8
5
2
5
9
7
4
7
5
4
6
6
7
9
3
4
10
8
5
6
6
3
6
3
0
8
8
6
5
10
8
7
6
12
9
11
4
2
12
8
-2
4
7
4
2
-3
1
3
7
3
4
9
7
4
-2
2
8
-3
-7
-3
-6
-7
-8
-9
-4
-3
-1
-3
-4
-5
-4
-6
-10
-10
-5
-12
-14
-13
-17
-15
-15
-13
-8
-12
-12
-16
-17
-14
-15
-18
-21
-16
-15
-19
-19
-14
-18
-21
-12
-18
-13
-18
-16
-10
-13
-16
-16
-9
-13
-19
-18
-16
-23
-14
-16
-19
-22
-18
-17
-17
-19
-16
-15
-18
-18
-21
-16
-15
-13
-15
-6
-13
-11
-8
-8
-9
-7
-6
-9
-2
-4
-6
-4
-4
-2
-7
-6
-9
-8
-1
2
0
1
0
2
5
2
5
6
10
0
-1
2
3
3
1
-1
10
9
-2
5
11
9
2
5
8
6
6
-2
3
5
6
1
-2
4
-1
-5
1
7
4
-6
-2
1
-7
-2
-5
-7
-4
-6
-5
-2
-10
-9
-8
-7
-11
-15
-12
-13
-10
-17
-12
-11
-15
-12
-9
-19
-15
-8
-11
-22
-13
-12
-11
-13
-22
-15
-14
-19
-29
-21
-20
-21
-29
-28
-27
-21
-28
-33
-26
-26
-21
-27
-20
-16
-19
-27
-25
-18
-18
-20
-28
-18
-15
-24
-29
-23
-15
-18
-22
-17
-14
-14
-15
-15
-13
-11
-9
-14
-10
-4
-6
-11
-2
2
3
4
9
16
13
15
21
26
26
20
19
24
25
26
24
28
33
27
25
27
30
31
25
26
27
26
23
19
25
21
12
10
17
13
7
10
12
2
0
8
-5
-3
5
2
-8
-4
-9
-10
-7
-12
-12
-14
-14
-19
-20
-31
-14
-17
-13
-25
-20
-24
-24
-23
-30
-27
-34
-31
-38
-38
-50
-37
-45
-40
-47
-39
-52
-40
-47
-45
-48
-43
-37
-47
-38
-41
-36
-45
-32
-40
-34
-40
-37
-32
-38
-30
-33
-32
-37
-29
-31
-33
-32
-29
-32
-41
-35
-35
-33
-38
-32
-29
-30
-36
-27
-29
-36
-36
-32
-32
-30
-23
-16
-15
-11
-2
-5
9
17
24
30
40
50
55
59
68
77
74
83
85
84
86
86
89
84
84
82
85
81
74
73
66
57
53
45
36
26
27
21
19
10
10
8
4
5
3
3
5
-4
-11
-9
-6
-7
-12
1
-17
-15
-10
-20
-26
-22
-28
-27
-37
-46
-45
-44
-63
-62
-52
-71
-66
-73
-67
-72
-68
-76
-66
-65
-79
-76
-61
-72
-75
-61
-64
-70
-54
-60
-61
-61
-54
-49
-55
-63
-51
-44
-54
-53
-54
-50
-53
-40
-60
-57
-41
-48
-58
-44
-47
-49
-49
-49
-47
-47
-56
-52
-48
-52
-60
-56
-52
-55
-46
-31
-19
-27
-18
-4
9
13
31
43
48
51
64
64
71
74
82
84
85
91
95
81
84
85
80
78
76
70
62
57
43
42
33
31
21
19
14
4
-1
-7
-12
-17
-17
-13
-19
-19
-19
-24
-28
-27
-30
-29
-26
-29
-30
-27
-21
-18
-16
-9
-1
1
0
5
0
5
9
10
12
18
16
11
10
11
11
6
13
12
4
-2
-3
-4
-8
-9
-9
-3
-9
-6
-8
-9
-4
-13
-15
-2
-7
-33
-9
-7
-35
-25
-12
-39
-35
-27
-31
-43
-58
-35
-53
-53
-63
-51
-58
-69
-69
-62
-60
-84
-63
-70
-79
-76
-79
-80
-82
-84
-92
-86
-72
-91
-100
-80
-82
-96
-88
-74
-84
-87
-85
-80
-80
-82
-85
-81
-82
-94
-91
-85
-82
-80
-70
-60
-49
-47
-36
-23
-7
1
11
28
40
42
49
66
67
69
81
88
94
90
96
92
90
95
91
91
86
84
80
73
66
55
56
50
42
35
32
25
10
7
10
-1
-4
-2
-6
-14
-17
-12
-9
-16
-14
-6
-8
-1
-1
-5
1
5
6
13
24
25
20
30
31
23
31
39
28
32
34
26
20
21
21
13
12
19
23
7
12
19
15
2
10
15
15
3
-8
9
6
-15
-10
2
-8
-26
-14
-30
-32
-16
-45
-39
-27
-42
-51
-38
-52
-61
-51
-57
-61
-60
-80
-57
-66
-90
-73
-68
-85
-85
-69
-98
-78
-92
-96
-89
-90
-97
-96
-98
-103
-101
-111
-99
-92
-100
-107
-97
-100
-110
-97
-76
-52
-57
-57
-36
-15
-14
3
31
47
45
60
84
86
82
94
106
101
112
121
120
109
109
113
115
109
112
109
100
97
88
82
79
67
61
62
52
40
30
27
10
0
4
2
-10
-17
-14
-22
-32
-28
-21
-25
-27
-29
-29
-28
-18
-19
-19
-12
-3
-6
3
15
4
7
26
27
24
36
37
32
31
34
35
34
33
40
34
33
36
25
11
22
40
27
16
21
32
7
9
14
31
1
8
18
16
-14
-10
20
-21
-26
-1
3
-57
-29
-9
-51
-57
-26
-45
-62
-32
-54
-74
-70
-58
-70
-88
-85
-48
-93
-108
-64
-62
-122
-84
-59
-102
-112
-80
-96
-99
-105
-91
-99
-90
-110
-89
-95
-104
-99
-98
-106
-110
-101
-93
-64
-52
-63
-55
-20
-12
-16
14
51
35
44
83
96
78
90
113
107
106
127
133
120
115
118
120
120
122
117
118
103
96
89
93
78
66
64
63
51
41
32
20
-2
-2
4
-4
-17
-12
-27
-35
-29
-18
-28
-32
-22
-24
-28
-22
-13
-17
-6
-6
10
7
10
12
13
16
24
35
34
32
36
25
23
39
22
32
28
37
25
28
30
31
29
19
26
32
30
19
17
26
17
1
34
14
-5
10
24
-22
-11
21
-21
-43
-7
-10
-58
-36
-43
-31
-47
-55
-78
-9
-56
-110
-58
-45
-87
-91
-62
-89
-89
-87
-106
-93
-84
-114
-113
-85
-104
-123
-111
-113
-112
-110
-119
-119
-105
-122
-123
-102
-110
-124
-118
-107
-94
-77
-59
-62
-57
-36
-19
-21
4
41
35
35
65
85
73
84
102
109
106
126
133
125
115
123
119
115
122
125
114
107
101
95
88
82
67
66
62
48
38
34
17
-1
0
3
-3
-17
-11
-20
-37
-35
-19
-29
-32
-32
-27
-32
-19
-24
-28
-18
-16
-20
-4
-2
-4
0
2
8
20
16
25
13
12
17
19
18
26
23
15
20
17
22
16
12
24
17
20
20
18
5
5
26
3
-2
-1
28
-2
-26
3
15
-45
-26
9
-55
-36
-17
-57
-74
-30
-56
-95
-27
-87
-79
-67
-78
-100
-74
-89
-96
-72
-117
-99
-83
-92
-114
-98
-74
-111
-121
-91
-98
-125
-126
-89
-112
-122
-111
-106
-114
-105
-110
-124
-113
-111
-103
-85
-62
-63
-63
-36
-23
-17
6
38
40
34
69
85
81
83
111
110
111
126
147
127
119
124
128
121
127
124
112
108
99
87
88
84
69
64
59
46
33
31
21
4
-6
9
4
-15
-9
-18
-24
-14
-13
-24
-2
-14
-21
-18
-2
-7
-13
-10
4
3
-8
9
5
6
8
7
7
30
11
1
14
35
11
17
26
35
21
3
33
31
6
4
41
34
-5
28
22
23
-2
4
28
-8
-6
4
9
-9
-26
1
-11
-50
-3
-1
-64
-54
11
-45
-84
-39
-19
-53
-85
-70
-39
-54
-109
-73
-45
-74
-100
-76
-55
-90
-103
-78
-69
-77
-113
-83
-80
-102
-105
-106
-94
-96
-112
-127
-93
-87
-148
-117
-91
-131
-142
-72
-52
-95
-71
-27
-26
-32
4
43
33
33
64
96
94
86
115
128
112
129
154
143
128
142
144
139
143
150
137
126
120
111
105
102
86
69
69
62
40
42
35
20
9
17
21
10
4
12
-18
2
24
-9
-7
4
-6
-17
-6
-1
0
-14
0
14
-1
13
11
4
22
16
9
27
45
9
16
26
40
26
6
43
49
15
28
46
15
17
37
26
12
38
25
9
18
11
23
12
-26
30
-13
-33
-22
5
-44
-32
-19
-40
-54
-44
-42
-51
-107
-38
-46
-88
-94
-47
-70
-109
-65
-84
-91
-68
-96
-118
-65
-73
-111
-120
-58
-65
-142
-118
-50
-74
-170
-97
-59
-108
-128
-92
-86
-113
-109
-107
-98
-113
-95
-128
-91
-61
-57
-69
-54
-24
-18
-9
16
49
48
49
78
103
86
101
128
123
114
143
155
129
123
137
133
124
126
141
106
97
93
92
81
66
61
61
48
42
36
37
22
12
14
17
18
15
-1
-15
14
3
-18
-8
22
-6
-26
8
7
-16
2
24
-13
-8
34
6
-3
7
18
11
22
2
38
28
-8
56
28
7
48
34
19
30
34
4
42
31
4
36
32
18
0
27
13
11
-10
12
-12
8
-16
-26
-11
-13
-29
-36
-46
-33
-15
-89
-87
4
-55
-130
-36
-46
-99
-67
-69
-88
-51
-109
-78
-69
-90
-109
-77
-101
-119
-94
-104
-131
-110
-114
-109
-120
-115
-123
-110
-100
-130
-137
-123
-90
-145
-144
-102
-109
-156
-94
-36
-87
-116
-27
2
-48
-21
59
40
16
52
99
92
77
100
123
112
117
143
133
123
119
121
122
126
113
117
101
95
76
93
85
64
64
64
59
52
45
34
44
30
15
41
30
33
10
37
0
29
35
4
18
6
18
10
-15
3
53
-7
-30
47
29
-14
2
31
30
-4
28
46
21
13
40
48
18
39
50
36
37
33
27
29
57
-2
-1
87
25
-15
3
81
-30
-2
33
-42
35
-17
-30
-46
48
-37
-45
-30
-19
-16
-45
-68
-81
14
-64
-120
-57
-5
-90
-111
-37
-54
-64
-68
-108
-47
-35
-152
-103
16
-150
-138
-52
-61
-180
-102
-60
-123
-140
-96
-83
-124
-117
-112
-93
-101
-115
-113
-106
-120
-122
-97
-77
-80
-41
-83
-40
-15
-19
-10
50
34
26
68
109
79
67
116
132
107
109
153
136
95
109
130
116
100
102
113
81
72
81
88
52
58
54
59
59
42
53
34
42
44
37
23
55
54
-13
13
64
10
-8
38
28
-14
12
22
1
0
33
-12
19
29
29
10
20
50
41
36
44
78
27
13
78
57
11
18
104
17
-8
65
39
26
7
56
38
50
-41
67
43
6
9
25
36
-12
34
-11
-26
-8
45
-76
-37
42
-68
-57
-31
-12
-46
-118
3
-13
-98
-119
46
-59
-144
-62
20
-99
-118
-34
-54
-75
-115
-90
-4
-123
-144
-46
-45
-147
-109
-65
-69
-117
-127
-52
-86
-140
-81
-84
-95
-111
-118
-105
-86
-75
-66
-29
-45
-37
-11
7
15
40
33
52
80
91
87
106
113
90
114
136
138
109
118
122
106
101
126
119
95
86
83
84
75
64
56
44
83
32
29
78
39
-2
41
52
49
12
1
59
57
-44
19
70
28
-33
13
45
13
-30
24
62
-5
2
53
56
1
27
50
42
41
38
78
14
73
33
34
63
46
41
61
25
31
57
10
37
48
9
27
50
16
-37
61
11
-29
63
-26
4
-2
-2
-58
7
-10
-74
-15
-47
-30
-61
-29
-66
-49
-33
-35
-100
-31
-31
-94
-119
-10
-80
-110
-61
-51
-115
-63
-67
-90
-119
-55
-87
-102
-92
-130
-45
-94
-146
-91
-48
-154
-117
-103
-65
-130
-133
-76
-76
-137
-117
-2
-19
-130
-40
52
-10
-67
53
127
-3
3
140
123
35
91
151
113
68
145
149
97
76
154
96
67
117
130
52
77
94
68
53
81
56
41
42
44
75
5
38
39
46
-22
47
55
-26
-8
54
10
-69
51
44
-51
-43
76
0
-37
9
60
7
-17
25
86
2
-27
94
68
-19
25
101
19
18
28
58
59
4
29
70
16
-16
69
16
-2
39
29
8
-2
23
13
20
-17
4
3
39
-68
-32
64
-67
-60
-34
7
-120
-44
0
-105
-80
-20
-78
-62
-58
-119
-19
-42
-169
-71
-29
-62
-194
-48
-21
-127
-121
-70
-70
-112
-94
-115
-95
-86
-137
-132
-51
-155
-111
-90
-110
-114
-103
-118
-92
-134
-119
-102
-53
-103
-41
-27
-72
-43
26
21
-26
93
80
19
72
141
95
75
124
141
121
122
131
151
108
114
125
123
121
120
69
101
97
42
85
78
37
53
38
44
28
29
19
11
47
0
52
-23
29
37
-22
17
25
23
-6
28
-14
8
14
0
33
31
-10
58
54
-30
41
127
-20
18
132
40
1
47
75
33
41
16
78
69
0
-5
57
87
0
-30
52
81
-65
-34
77
-21
-75
41
19
-47
-25
-38
-15
-43
-45
-80
1
-87
-121
-62
-18
-129
-126
30
-87
-162
-22
-34
-158
-83
23
-167
-114
27
-124
-197
-34
-25
-206
-146
-21
-85
-242
-112
-14
-158
-209
-47
-49
-214
-156
-35
-121
-159
-142
-103
-108
-161
-148
-27
-35
-112
-85
12
29
-32
21
101
94
35
80
152
153
92
118
169
174
108
155
183
132
106
143
144
138
93
108
116
63
29
112
87
6
55
56
24
15
18
39
43
-49
47
82
-58
28
63
-60
3
55
4
2
19
-5
34
-34
14
73
2
14
28
42
42
23
35
63
78
18
61
81
62
24
57
84
54
37
57
23
78
21
-8
96
28
-30
39
7
-17
23
-65
31
-34
-77
-23
3
-93
-81
34
-96
-63
-37
-52
-65
-92
-87
-9
-101
-107
-12
-102
-199
43
-92
-158
-107
-46
-99
-168
-72
-74
-118
-162
-70
-94
-182
-103
-84
-200
-148
-89
-145
-201
-95
-139
-186
-104
-107
-170
-165
-109
-152
-145
-28
-26
-103
-112
14
-5
-17
58
99
85
24
118
162
124
120
181
192
138
155
214
164
134
134
172
146
163
103
108
110
56
63
92
79
16
14
22
7
4
16
5
-12
2
20
10
26
-8
-5
27
7
-1
68
28
-27
-17
66
48
12
16
91
46
-5
69
100
53
57
73
82
98
33
86
91
62
25
88
74
18
45
12
77
-2
31
114
10
-66
88
52
-103
38
93
-76
-86
1
57
-111
-87
75
-24
-163
37
14
-135
-68
-19
-66
-50
-148
-81
-96
-128
-163
-42
-122
-148
-75
-150
-67
-78
-182
-89
-41
-172
-137
-110
-52
-230
-154
-90
-93
-256
-176
-31
-247
-242
-115
-137
-259
-192
-155
-133
-82
-83
-132
-67
-2
10
20
121
120
91
76
185
228
166
170
254
208
170
216
256
180
158
182
210
155
152
149
115
68
78
105
70
40
1
-2
-3
-18
-22
9
-48
-28
-81
-34
4
-35
-56
-37
2
-32
-3
46
14
1
-4
41
60
39
72
82
45
78
114
80
125
115
86
100
138
106
100
87
117
89
45
102
114
20
33
98
34
15
29
6
38
10
-52
36
39
-22
-78
51
33
-90
-56
35
7
-130
-59
9
-55
-123
-92
5
-92
-141
-113
-35
-96
-209
-98
-50
-139
-226
-127
-29
-229
-228
-115
-73
-290
-234
-25
-192
-287
-159
-71
-244
-272
-139
-161
-230
-311
-213
-194
-283
-215
-71
-8
-177
-173
-8
75
53
57
199
168
103
163
292
326
227
269
322
308
265
292
327
256
242
253
279
233
174
141
124
140
123
105
83
-10
-34
-30
-3
-28
-37
-84
-114
-119
-106
-80
-101
-106
-103
-115
-85
-65
-58
-41
-48
-39
19
24
38
57
58
78
119
160
149
158
169
162
183
205
226
191
161
174
165
153
127
121
97
62
34
47
13
2
-18
-55
-21
-68
-82
-59
-95
-47
-33
-97
-82
18
-97
-112
-29
-22
-63
-124
-63
5
-164
-130
29
-72
-178
-92
-91
-164
-88
-115
-128
-79
-180
-219
-69
-122
-237
-168
-80
-212
-288
-149
-166
-292
-241
-158
-218
-325
-277
-285
-344
-271
-113
-16
-153
-260
-149
47
105
85
201
230
111
136
305
439
382
315
340
406
341
342
420
402
313
293
341
335
232
161
188
187
145
148
109
20
-60
-65
6
16
-35
-98
-156
-185
-146
-99
-106
-121
-165
-208
-173
-121
-81
-82
-87
-99
-90
-48
-1
24
23
44
92
109
125
163
164
200
229
253
264
245
221
217
232
251
257
210
153
129
94
87
118
100
22
-23
-45
-75
-92
-92
-74
-115
-156
-189
-199
-169
-162
-138
-147
-130
-165
-157
-120
-113
-94
-82
-108
-65
-37
-107
-129
-63
-48
-50
-62
-120
-162
-119
-116
-174
-114
-111
-241
-291
-197
-173
-240
-259
-263
-275
-289
-338
-345
-351
-350
-280
-108
-61
-240
-310
-114
113
122
131
197
199
109
175
427
537
417
337
372
414
392
427
483
454
338
298
349
357
270
209
228
218
175
122
68
3
-48
-14
21
-6
-90
-187
-215
-176
-130
-120
-128
-190
-257
-265
-187
-107
-91
-107
-139
-167
-147
-65
7
23
22
37
49
79
142
200
233
248
259
268
273
272
286
313
319
299
259
228
202
182
169
183
149
76
6
-17
-37
-53
-59
-74
-115
-178
-223
-221
-194
-189
-208
-200
-224
-240
-236
-233
-147
-148
-189
-165
-139
-162
-174
-129
-47
-47
-171
-139
-52
-137
-154
-69
-78
-179
-174
-136
-228
-233
-182
-200
-267
-253
-271
-360
-363
-364
-385
-295
-122
-79
-271
-378
-172
96
120
78
149
169
77
127
402
537
432
311
338
427
439
439
480
501
408
312
359
407
349
249
254
289
226
120
76
58
16
10
29
29
-91
-205
-194
-128
-107
-127
-164
-217
-278
-276
-181
-112
-122
-158
-188
-204
-180
-96
-14
0
-16
-13
0
33
93
185
242
236
218
216
237
276
326
363
347
290
249
239
253
266
275
243
162
103
77
65
64
42
4
-52
-102
-143
-163
-167
-169
-189
-217
-239
-262
-272
-261
-227
-204
-207
-226
-229
-218
-194
-163
-142
-132
-133
-165
-158
-107
-111
-127
-99
-97
-173
-182
-120
-136
-178
-198
-203
-226
-272
-254
-282
-352
-377
-355
-263
-83
-83
-335
-373
-62
161
82
40
144
164
71
185
481
537
337
253
369
478
452
432
483
459
350
307
395
413
311
226
250
279
203
107
84
80
39
22
22
-16
-121
-194
-155
-89
-106
-156
-203
-248
-261
-226
-153
-125
-146
-188
-208
-192
-139
-61
-25
-26
-29
-7
12
51
129
204
229
223
218
234
272
310
362
374
336
290
274
295
307
296
277
221
150
109
105
108
80
26
-29
-65
-96
-116
-134
-148
-178
-214
-236
-243
-251
-271
-264
-250
-256
-270
-272
-252
-225
-210
-193
-188
-183
-193
-193
-164
-143
-138
-148
-156
-181
-200
-171
-187
-212
-220
-220
-282
-308
-266
-262
-321
-369
-366
-273
-47
-8
-240
-353
-45
233
150
45
220
281
117
174
507
629
382
256
399
546
471
415
464
489
358
276
382
442
305
163
198
262
196
72
43
43
5
-34
-23
-26
-130
-232
-206
-107
-122
-201
-244
-242
-253
-243
-183
-156
-185
-206
-206
-193
-141
-72
-50
-75
-52
0
27
53
123
181
195
209
229
265
286
313
362
384
353
315
305
315
322
322
302
243
177
145
136
132
108
48
-10
-50
-66
-82
-104
-127
-161
-207
-230
-221
-232
-245
-264
-260
-249
-261
-262
-243
-226
-221
-228
-201
-191
-190
-186
-178
-168
-182
-181
-162
-181
-196
-201
-210
-229
-241
-249
-261
-271
-279
-309
-350
-375
-374
-224
-6
-32
-302
-342
15
263
145
90
271
289
114
232
584
657
407
290
464
561
475
444
532
524
371
298
395
430
300
197
228
263
170
56
33
44
6
-39
-41
-69
-166
-250
-204
-132
-152
-221
-270
-283
-279
-247
-199
-181
-188
-211
-239
-217
-149
-79
-64
-68
-54
-22
-2
52
138
181
188
200
220
246
288
332
367
369
342
315
312
322
325
323
299
243
184
153
142
129
103
58
0
-36
-65
-96
-117
-135
-158
-201
-238
-238
-236
-253
-271
-269
-257
-270
-275
-244
-217
-221
-234
-219
-195
-178
-184
-181
-172
-178
-194
-190
-184
-188
-210
-236
-239
-236
-250
-292
-293
-282
-278
-349
-390
-388
-324
-116
14
-180
-375
-172
184
214
53
171
339
207
130
414
677
537
291
378
573
539
433
482
566
454
298
340
463
392
218
189
258
233
91
32
61
36
-46
-69
-54
-115
-233
-244
-160
-152
-221
-274
-280
-290
-286
-241
-206
-223
-233
-251
-257
-198
-126
-95
-106
-100
-61
-32
4
83
148
163
163
195
241
270
306
344
354
339
321
319
323
322
322
303
260
215
174
146
133
108
61
2
-33
-49
-80
-122
-148
-162
-195
-230
-244
-236
-253
-279
-283
-263
-264
-276
-260
-235
-219
-226
-234
-202
-185
-191
-191
-189
-180
-185
-188
-192
-210
-225
-228
-236
-254
-273
-303
-321
-325
-308
-309
-379
-428
-418
-295
-61
-15
-278
-401
-97
232
169
63
238
325
137
157
528
717
476
281
439
593
497
430
547
605
425
279
392
488
354
203
247
313
205
46
38
84
27
-46
-34
-46
-161
-269
-221
-128
-154
-225
-271
-297
-300
-280
-221
-183
-191
-222
-264
-256
-166
-91
-78
-81
-59
-46
-38
22
122
183
179
191
224
249
274
318
375
391
361
323
318
333
342
335
311
269
210
160
137
134
113
64
5
-31
-55
-101
-136
-146
-163
-210
-245
-252
-255
-283
-295
-273
-268
-275
-286
-272
-247
-239
-231
-208
-202
-204
-201
-193
-161
-170
-190
-195
-180
-196
-230
-230
-238
-246
-262
-291
-312
-325
-341
-333
-351
-379
-404
-422
-240
9
-80
-353
-285
107
258
71
112
381
306
80
257
668
674
356
330
541
549
393
455
655
575
292
233
406
426
261
214
284
217
15
-31
75
71
-50
-104
-92
-146
-259
-262
-175
-181
-254
-287
-288
-288
-298
-275
-227
-201
-186
-206
-242
-208
-135
-76
-48
-17
4
-27
-32
81
207
243
242
244
258
261
302
407
455
412
342
307
331
360
363
350
309
231
152
123
147
147
95
24
-41
-75
-101
-126
-128
-133
-181
-238
-269
-262
-258
-268
-260
-251
-264
-285
-279
-261
-222
-211
-198
-187
-202
-220
-212
-172
-152
-170
-190
-189
-203
-208
-220
-213
-224
-259
-265
-274
-316
-329
-318
-302
-328
-393
-395
-368
-195
12
-77
-301
-208
119
222
90
204
421
278
100
329
682
644
403
414
559
491
384
514
678
536
261
244
390
385
248
238
262
133
-31
-21
76
27
-104
-138
-128
-189
-270
-269
-207
-247
-303
-288
-272
-296
-324
-299
-235
-194
-163
-156
-203
-201
-129
-47
23
54
41
4
-1
99
245
299
297
266
243
271
355
457
491
418
352
320
324
381
392
367
295
198
142
139
152
142
78
4
-59
-87
-101
-116
-136
-158
-190
-231
-244
-248
-252
-258
-249
-230
-224
-240
-251
-239
-218
-189
-174
-170
-188
-208
-201
-170
-139
-145
-168
-195
-222
-223
-210
-209
-218
-257
-288
-297
-312
-311
-302
-307
-339
-400
-428
-387
-156
57
-91
-327
-200
147
213
100
271
471
266
87
377
731
661
430
461
573
486
392
544
705
535
262
253
405
366
208
212
238
96
-65
-39
33
-54
-185
-189
-163
-216
-302
-318
-289
-309
-332
-293
-276
-312
-354
-325
-253
-182
-124
-119
-173
-181
-111
-20
59
112
117
59
12
109
293
351
339
307
288
292
334
437
505
442
354
308
317
356
351
325
273
190
121
100
109
91
21
-47
-69
-86
-124
-160
-173
-182
-195
-213
-211
-211
-240
-261
-247
-201
-180
-203
-212
-213
-216
-205
-173
-133
-157
-199
-229
-220
-188
-178
-182
-200
-236
-271
-261
-251
-236
-261
-303
-324
-341
-352
-326
-307
-341
-405
-447
-414
-263
8
29
-220
-281
23
250
199
242
480
431
179
270
642
786
592
494
575
571
445
482
673
663
383
229
327
377
223
144
199
136
-40
-111
-58
-87
-213
-248
-211
-231
-314
-370
-358
-345
-356
-319
-277
-279
-314
-315
-268
-192
-98
-36
-59
-113
-82
3
83
157
222
196
113
120
280
374
386
384
369
339
315
379
467
444
378
329
296
292
270
255
230
169
94
65
57
24
-36
-75
-79
-88
-111
-134
-173
-193
-183
-181
-165
-143
-152
-203
-231
-183
-124
-118
-117
-131
-170
-191
-170
-114
-97
-139
-198
-215
-205
-204
-201
-196
-212
-266
-312
-291
-273
-296
-312
-334
-340
-363
-381
-358
-367
-406
-436
-445
-341
-67
74
-123
-279
-41
249
241
222
465
550
289
239
570
821
702
542
595
623
493
451
601
693
470
227
249
341
227
75
109
116
-57
-195
-144
-133
-255
-333
-299
-277
-328
-392
-383
-372
-383
-362
-295
-241
-249
-281
-262
-195
-92
13
30
-12
-13
46
112
172
263
292
225
162
262
384
393
384
377
367
325
312
389
396
332
278
224
230
221
163
127
108
55
4
-7
-6
-56
-125
-141
-107
-100
-114
-137
-163
-163
-165
-144
-89
-75
-120
-164
-152
-102
-84
-88
-89
-102
-139
-160
-147
-132
-138
-181
-223
-230
-230
-255
-263
-267
-298
-308
-309
-296
-312
-362
-369
-381
-385
-373
-372
-381
-417
-468
-469
-423
-216
68
45
-197
-183
127
307
273
395
623
513
287
419
745
824
673
606
647
593
462
473
606
583
338
174
249
260
69
-36
14
-34
-198
-248
-207
-274
-407
-422
-352
-333
-375
-411
-406
-404
-396
-342
-246
-181
-207
-228
-175
-91
11
95
107
84
95
155
211
268
330
318
235
244
376
399
372
369
334
311
286
317
358
279
211
155
124
167
142
70
38
-3
-58
-77
-35
-18
-92
-151
-139
-109
-103
-82
-82
-107
-114
-125
-91
-40
-37
-74
-98
-82
-72
-81
-78
-78
-112
-143
-161
-152
-166
-195
-220
-230
-228
-244
-280
-288
-305
-332
-319
-313
-332
-365
-387
-385
-372
-357
-340
-366
-395
-402
-415
-388
-346
-273
-50
115
-12
-141
47
333
365
325
515
612
466
425
583
746
757
627
563
566
544
477
425
443
390
230
114
129
95
-17
-119
-165
-187
-239
-292
-332
-369
-381
-405
-427
-386
-346
-340
-365
-359
-298
-250
-198
-142
-101
-60
-38
10
97
147
152
163
202
247
267
283
294
281
259
290
355
341
324
282
217
238
263
263
242
172
134
91
66
99
85
41
-2
-52
-65
-43
-36
-58
-82
-99
-94
-68
-49
-45
-67
-76
-66
-54
-24
0
-30
-65
-78
-63
-53
-58
-60
-82
-132
-174
-181
-179
-169
-180
-221
-261
-277
-291
-292
-281
-268
-268
-307
-334
-323
-320
-302
-281
-291
-298
-313
-326
-295
-285
-297
-292
-294
-294
-171
28
129
97
18
50
216
363
443
468
444
463
487
509
548
567
572
530
463
392
352
368
351
263
155
95
90
72
16
-83
-173
-214
-209
-187
-203
-247
-299
-329
-325
-309
-283
-232
-213
-227
-248
-237
-164
-97
-56
-39
-20
11
58
98
117
114
112
146
195
232
233
200
171
154
186
244
286
289
222
163
163
180
232
239
192
162
95
72
81
61
47
10
-21
-38
-75
-102
-112
-123
-111
-94
-72
-75
-89
-90
-100
-63
-58
-34
-1
-6
-29
-93
-76
-62
-44
-48
-67
-95
-102
-117
-181
-121
-147
-157
-144
-194
-134
-135
-141
-130
-159
-175
-141
-103
-95
-82
-118
-194
-185
-110
-61
-49
-104
-135
-137
-105
-74
-77
-85
-108
-106
-96
-62
7
63
77
38
9
25
87
148
172
168
130
130
140
165
181
181
159
124
121
135
148
137
109
67
48
48
55
62
45
19
-16
-26
-9
6
8
-12
-17
-6
6
15
16
17
40
39
21
39
50
39
23
20
36
37
41
40
18
-13
-20
-7
23
34
27
18
-8
-15
-14
13
40
42
32
26
20
16
18
42
57
36
22
26
34
33
46
49
44
37
38
46
62
57
70
73
43
46
68
66
70
70
44
30
24
41
39
12
-23
-20
-21
-45
-23
-20
-66
-67
-67
-77
-54
-90
-63
-64
-83
-83
-100
-55
-71
-63
-60
-97
-93
-80
-73
-73
-96
-105
-94
-83
-95
-116
-115
-114
-113
-124
-161
-165
-165
-166
-144
-157
-175
-198
-209
-213
-205
-188
-148
-92
-67
-43
-42
-43
-23
17
68
79
130
148
153
178
194
215
208
207
189
189
221
245
239
200
165
137
127
119
126
125
110
83
74
76
58
67
71
38
-6
-33
-25
-7
9
21
2
-5
-24
-35
-31
-40
-66
-22
13
7
8
-22
-16
-19
-14
-21
-15
-14
-30
0
38
61
61
51
47
50
49
68
74
76
81
100
114
101
80
80
100
77
54
62
78
55
32
45
69
61
8
-9
50
24
-52
6
37
-19
-46
-19
-12
-32
-6
-26
-3
-56
-56
-56
-66
-22
-57
-83
-93
-22
-109
-96
-85
-123
-127
-120
-89
-141
-160
-152
-144
-165
-190
-144
-194
-233
-216
-229
-221
-209
-188
-236
-208
-220
-221
-205
-235
-210
-230
-200
-191
-173
-172
-142
-29
28
57
31
35
65
119
176
234
247
233
232
256
285
303
298
266
239
228
236
240
238
197
152
115
97
82
76
47
24
7
-6
-30
-53
-57
-52
-63
-91
-109
-112
-98
-74
-56
-64
-79
-95
-97
-83
-69
-43
-14
6
-5
-1
17
34
45
56
65
78
95
110
125
131
135
142
150
155
153
145
136
129
122
116
117
106
98
88
80
64
61
62
55
52
36
27
38
27
14
19
25
10
-22
-10
-21
-34
-26
-24
-36
-46
-55
-93
-113
-134
-108
-110
-106
-123
-198
-188
-194
-184
-183
-204
-220
-219
-230
-266
-242
-224
-241
-238
-237
-258
-267
-243
-234
-249
-232
-232
-232
-228
-218
-200
-211
-237
-239
-234
-227
-217
-143
-19
103
185
221
238
234
263
325
383
398
392
411
447
486
497
474
421
353
295
254
225
181
145
116
99
66
12
-36
-94
-138
-172
-200
-214
-224
-219
-196
-177
-176
-177
-184
-176
-144
-107
-80
-62
-31
15
71
115
136
143
140
135
148
157
166
173
174
184
185
180
175
165
148
122
102
86
77
76
86
93
74
52
31
23
24
24
32
34
40
43
58
72
76
79
72
71
71
66
76
79
83
79
62
38
10
-12
-36
-62
-92
-123
-147
-163
-184
-196
-209
-235
-256
-284
-307
-312
-310
-294
-270
-263
-259
-254
-248
-243
-240
-235
-232
-220
-216
-227
-235
-237
-230
-222
-222
-218
-222
-235
-260
-275
-274
-254
-184
-49
85
176
241
300
349
392
432
443
434
420
441
477
513
526
513
488
428
356
266
176
94
28
-12
-43
-82
-120
-136
-150
-186
-220
-263
-311
-341
-334
-301
-270
-231
-180
-122
-82
-42
-15
3
21
42
68
96
130
164
214
261
281
274
244
214
180
150
121
101
84
66
72
80
84
75
53
23
-13
-44
-66
-67
-54
-27
3
19
41
61
85
104
110
102
88
85
90
105
131
154
169
166
150
119
90
50
11
-35
-82
-113
-148
-166
-176
-192
-212
-243
-277
-298
-316
-339
-354
-351
-328
-296
-266
-236
-202
-179
-164
-152
-139
-146
-163
-172
-179
-179
-178
-182
-183
-193
-200
-212
-231
-258
-292
-317
-339
-335
-266
-130
17
140
243
337
406
447
471
476
464
456
471
485
488
490
500
508
492
429
338
238
130
29
-54
-126
-180
-206
-216
-218
-229
-229
-236
-243
-266
-285
-303
-309
-269
-212
-148
-91
-20
45
102
142
171
187
185
180
185
197
205
224
234
242
237
218
185
142
88
34
-14
-45
-63
-68
-71
-67
-59
-49
-43
-39
-36
-45
-53
-47
-17
9
42
87
130
171
194
211
221
219
203
176
157
143
128
117
105
88
63
42
9
-32
-89
-146
-198
-250
-294
-316
-326
-325
-313
-311
-306
-306
-304
-300
-293
-288
-277
-254
-224
-188
-156
-136
-120
-105
-98
-93
-100
-125
-154
-181
-213
-239
-258
-273
-278
-293
-320
-349
-379
-391
-351
-254
-126
-10
94
215
335
436
498
543
568
558
538
510
487
467
464
475
465
426
365
305
237
144
43
-66
-165
-246
-315
-354
-365
-345
-314
-290
-276
-266
-249
-232
-215
-205
-190
-159
-120
-60
13
95
176
240
283
292
282
288
282
261
230
193
159
130
112
98
89
72
50
14
-28
-63
-93
-114
-128
-139
-144
-131
-104
-71
-31
4
35
60
75
88
106
135
160
175
184
192
203
210
219
218
203
179
135
96
55
11
-35
-77
-114
-159
-200
-229
-254
-270
-283
-289
-299
-316
-320
-321
-314
-295
-277
-255
-232
-196
-170
-141
-105
-83
-69
-74
-87
-102
-115
-127
-141
-158
-179
-206
-234
-257
-279
-292
-304
-317
-332
-351
-369
-370
-333
-246
-134
-10
116
241
352
443
511
562
600
600
568
520
468
434
406
387
364
333
297
248
183
102
27
-58
-144
-239
-323
-377
-409
-398
-369
-331
-294
-253
-208
-164
-127
-97
-65
-50
-47
-23
28
93
148
200
243
279
308
323
334
323
283
230
165
103
49
9
-12
-30
-43
-52
-55
-49
-53
-69
-90
-115
-136
-143
-141
-122
-98
-61
-13
39
93
145
187
214
219
216
210
199
179
160
148
140
138
133
129
105
74
36
-13
-67
-127
-176
-224
-268
-290
-295
-281
-261
-247
-231
-223
-221
-208
-199
-195
-196
-191
-189
-171
-145
-108
-81
-67
-50
-39
-39
-55
-87
-127
-162
-212
-250
-290
-316
-324
-340
-338
-334
-339
-351
-359
-366
-333
-268
-182
-71
48
180
289
397
496
566
623
646
628
586
522
466
420
370
332
284
241
191
136
89
40
-19
-90
-174
-266
-338
-392
-419
-430
-424
-386
-345
-288
-219
-147
-77
-19
24
46
63
82
102
124
153
177
213
258
294
328
353
350
323
274
207
137
62
-6
-73
-119
-149
-160
-153
-136
-118
-103
-92
-90
-90
-92
-91
-86
-78
-55
-29
11
68
132
196
237
270
281
278
264
238
214
180
146
108
84
64
48
36
15
-18
-52
-91
-128
-170
-202
-237
-267
-282
-295
-282
-258
-232
-208
-184
-168
-150
-137
-118
-101
-94
-94
-103
-103
-111
-117
-111
-100
-101
-114
-137
-151
-177
-203
-231
-265
-294
-331
-357
-387
-404
-409
-411
-367
-289
-198
-83
44
179
300
396
488
551
598
615
588
559
510
463
414
372
338
297
267
226
175
128
73
1
-73
-155
-239
-305
-362
-391
-408
-405
-379
-338
-282
-218
-148
-78
-25
14
46
69
93
113
133
151
169
192
224
254
290
323
326
307
273
220
159
90
17
-55
-115
-161
-186
-182
-178
-157
-136
-116
-85
-66
-47
-30
-22
-18
-19
-9
12
45
88
131
174
205
230
250
259
251
232
204
164
117
82
45
15
-6
-32
-54
-77
-98
-118
-129
-149
-167
-188
-212
-231
-241
-239
-234
-223
-209
-187
-165
-140
-115
-86
-65
-54
-53
-62
-70
-74
-85
-101
-116
-138
-157
-180
-192
-205
-229
-249
-270
-282
-294
-313
-322
-336
-358
-367
-340
-281
-194
-84
33
158
274
391
491
563
625
635
621
577
508
451
388
328
279
231
197
157
124
99
63
16
-43
-114
-189
-261
-313
-354
-388
-399
-386
-350
-292
-221
-142
-57
9
64
98
126
145
150
158
149
144
142
154
186
215
237
250
246
234
212
177
140
83
15
-50
-107
-151
-168
-163
-148
-124
-96
-65
-30
13
36
46
49
38
32
33
42
49
64
84
100
127
153
172
182
184
180
157
132
95
57
20
-24
-63
-93
-117
-130
-140
-144
-136
-140
-140
-141
-153
-162
-173
-181
-190
-191
-189
-178
-154
-125
-100
-80
-59
-50
-44
-49
-70
-89
-122
-162
-198
-230
-245
-268
-283
-284
-275
-264
-261
-257
-253
-254
-267
-270
-250
-216
-159
-75
26
135
243
354
457
543
614
637
631
587
525
460
381
307
237
163
112
72
46
34
22
10
-19
-63
-113
-162
-216
-267
-317
-346
-357
-354
-309
-247
-168
-87
-15
53
107
152
180
196
198
182
154
129
116
114
131
146
161
173
177
178
170
153
123
83
36
-23
-65
-98
-119
-119
-112
-92
-66
-29
7
39
67
88
95
92
87
77
70
65
61
57
59
65
82
104
119
134
135
131
113
92
63
27
-16
-59
-97
-134
-155
-168
-171
-164
-152
-148
-131
-114
-103
-102
-111
-117
-128
-141
-146
-147
-144
-144
-140
-126
-114
-105
-102
-106
-123
-144
-161
-190
-222
-254
-279
-303
-323
-330
-330
-325
-317
-299
-256
-196
-124
-37
53
149
235
323
408
464
516
546
552
547
519
479
425
370
313
247
187
132
84
43
5
-27
-61
-98
-131
-163
-198
-232
-261
-274
-283
-285
-268
-239
-195
-141
-82
-20
39
85
128
162
182
192
193
185
176
164
155
151
154
149
143
140
137
128
113
91
65
28
-12
-36
-61
-75
-84
-89
-86
-68
-38
-12
17
45
62
67
70
77
83
76
76
80
79
85
88
96
105
111
119
118
111
99
76
55
23
-7
-35
-63
-94
-118
-134
-142
-136
-134
-130
-124
-123
-122
-114
-116
-119
-126
-138
-143
-143
-140
-137
-132
-128
-129
-127
-126
-130
-132
-145
-159
-172
-188
-206
-214
-221
-227
-230
-227
-227
-230
-208
-173
-130
-54
28
112
198
278
370
437
498
539
547
549
526
483
431
370
317
247
185
131
80
48
13
-19
-40
-62
-82
-109
-136
-158
-193
-215
-235
-245
-243
-232
-200
-160
-111
-58
-1
55
103
151
186
205
214
217
204
186
174
156
137
127
115
108
101
100
101
98
97
84
66
50
33
9
-15
-34
-54
-65
-64
-59
-44
-22
-2
26
48
67
86
92
99
95
93
86
84
74
73
71
74
77
75
78
71
61
48
28
5
-20
-44
-69
-96
-120
-137
-140
-146
-144
-141
-141
-136
-137
-134
-127
-123
-119
-122
-128
-132
-138
-134
-136
-142
-147
-151
-153
-148
-154
-147
-145
-153
-148
-153
-153
-155
-158
-157
-169
-174
-163
-141
-104
-51
17
100
183
261
342
409
470
506
514
508
478
422
360
291
223
154
90
45
-3
-25
-42
-58
-66
-73
-86
-98
-115
-131
-154
-176
-190
-208
-207
-193
-174
-142
-103
-48
-1
54
107
151
191
213
220
218
203
185
169
144
120
96
81
68
60
63
69
78
84
83
83
79
64
41
27
-1
-25
-45
-56
-65
-60
-52
-34
-1
32
55
73
94
101
108
109
97
80
63
51
36
25
21
19
26
27
26
20
14
-6
-22
-40
-64
-90
-116
-138
-155
-164
-160
-158
-154
-146
-134
-118
-111
-98
-99
-96
-92
-101
-108
-116
-133
-138
-143
-147
-145
-149
-147
-140
-132
-128
-131
-138
-138
-150
-158
-172
-182
-178
-169
-139
-90
-29
39
116
201
285
348
412
457
484
489
468
427
374
319
256
190
129
80
31
1
-23
-35
-43
-50
-64
-78
-89
-104
-122
-141
-161
-181
-187
-192
-186
-165
-138
-101
-55
-11
34
78
120
156
174
191
191
189
180
162
142
118
97
84
73
67
63
71
71
76
86
85
84
80
64
40
18
-10
-32
-55
-72
-77
-74
-66
-45
-19
11
41
70
96
103
101
97
84
70
46
25
9
-11
-20
-20
-18
-10
-3
-7
-8
-18
-37
-52
-76
-100
-123
-139
-156
-165
-159
-156
-143
-127
-111
-90
-78
-69
-66
-65
-71
-84
-91
-101
-110
-118
-124
-126
-130
-128
-123
-125
-120
-119
-119
-118
-127
-129
-137
-144
-148
-153
-143
-125
-98
-55
-3
53
117
182
244
303
346
370
383
378
356
319
276
222
173
121
69
31
0
-21
-36
-46
-48
-54
-61
-70
-79
-86
-96
-107
-124
-140
-144
-144
-140
-125
-105
-82
-56
-24
14
46
71
101
115
128
134
125
122
115
103
96
86
79
72
71
75
86
91
92
100
91
85
79
57
38
14
-11
-33
-57
-67
-73
-73
-69
-65
-40
-21
-1
20
31
40
40
35
25
16
5
-11
-21
-29
-37
-36
-33
-24
-18
-16
-19
-22
-26
-34
-48
-66
-82
-97
-109
-116
-118
-122
-116
-106
-95
-88
-76
-68
-65
-67
-65
-71
-80
-82
-94
-102
-106
-112
-116
-111
-118
-111
-109
-105
-100
-97
-86
-84
-74
-73
-77
-74
-72
-59
-46
-34
-4
24
59
95
136
179
209
236
256
258
256
240
218
189
152
117
79
45
22
-4
-20
-33
-39
-31
-27
-30
-30
-28
-27
-30
-44
-56
-70
-81
-90
-90
-84
-72
-56
-42
-19
2
25
44
63
75
81
88
93
94
95
96
96
94
88
92
94
93
92
92
88
80
76
62
44
30
14
-5
-21
-36
-46
-57
-61
-61
-63
-53
-48
-39
-32
-26
-21
-18
-18
-22
-26
-21
-23
-24
-27
-31
-29
-26
-25
-24
-22
-18
-21
-26
-28
-36
-42
-51
-55
-65
-71
-71
-76
-78
-78
-82
-81
-80
-79
-73
-73
-74
-71
-72
-75
-74
-76
-79
-82
-82
-84
-87
-80
-78
-74
-64
-51
-40
-29
-22
-15
-20
-21
-18
-20
-22
-23
-21
-14
4
23
47
74
95
117
136
153
160
165
156
148
130
105
76
51
35
11
-4
-14
-10
-14
-8
-6
-8
-6
-6
-4
-5
-10
-19
-27
-31
-33
-42
-40
-40
-37
-29
-21
-9
6
19
27
41
51
64
76
85
95
95
99
100
94
90
85
76
66
54
42
36
28
23
14
6
-3
-14
-19
-24
-28
-35
-42
-48
-49
-58
-60
-64
-68
-67
-69
-61
-62
-56
-48
-41
-34
-18
-13
-4
4
0
4
7
4
-3
-5
-10
-14
-14
-24
-29
-35
-44
-48
-53
-53
-60
-62
-53
-57
-57
-56
-59
-57
-54
-55
-55
-62
-63
-58
-57
-56
-56
-49
-40
-34
-26
-15
-12
-2
7
9
10
7
6
1
-7
-18
-27
-32
-39
-39
-41
-39
-37
-31
-24
-18
-9
2
11
21
34
42
50
53
59
57
61
66
67
72
77
73
73
72
73
73
69
67
60
60
55
46
41
38
25
18
11
4
-3
-10
-10
-12
-13
-7
1
4
19
33
42
55
66
73
79
77
75
70
67
59
50
46
40
32
27
18
14
11
6
2
-9
-12
-24
-30
-34
-43
-50
-55
-57
-58
-63
-63
-54
-54
-49
-39
-32
-19
-6
1
12
19
22
30
32
29
29
18
13
11
6
2
-4
-8
-12
-18
-25
-29
-36
-37
-41
-46
-48
-52
-49
-45
-48
-45
-37
-32
-31
-32
-28
-27
-31
-27
-28
-25
-16
-13
-12
-5
8
7
7
9
4
9
9
1
-5
-17
-24
-36
-43
-46
-55
-60
-66
-74
-73
-64
-62
-57
-49
-38
-25
-23
-12
2
12
19
29
39
44
55
58
64
71
78
79
87
88
89
89
95
95
91
91
83
82
71
64
48
35
27
15
6
-1
-6
-6
-8
-4
4
7
15
16
14
15
10
5
-3
-8
-15
-15
-17
-17
-19
-19
-19
-15
-9
-7
-6
-9
-6
-16
-23
-27
-27
-39
-48
-44
-50
-51
-56
-55
-52
-41
-40
-32
-23
-20
-8
3
11
14
17
15
14
8
6
1
0
-6
-11
-15
-18
-15
-18
-19
-17
-16
-10
-8
-6
0
2
6
2
1
-2
-10
-9
-9
-16
-15
-14
-13
-8
-2
1
0
5
4
11
5
-1
-4
-11
-14
-21
-25
-31
-36
-35
-34
-38
-38
-39
-35
-38
-35
-31
-35
-34
-28
-23
-26
-23
-16
-14
-7
1
3
4
15
26
35
39
42
44
43
48
49
53
48
49
52
49
54
51
55
55
52
44
43
40
37
36
31
23
19
23
22
18
21
17
12
12
5
8
3
0
-5
-10
-9
-14
-15
-18
-20
-22
-25
-20
-17
-15
-13
-12
-12
-10
-11
-13
-12
-15
-14
-18
-21
-15
-13
-11
-13
-3
1
0
7
9
14
14
18
19
19
19
12
13
11
6
3
2
3
-2
-8
-7
-2
-5
0
6
8
8
9
10
11
14
14
15
14
15
14
14
12
11
13
11
14
16
15
9
6
6
6
-1
-7
-9
-16
-25
-23
-27
-29
-34
-34
-32
-35
-33
-30
-25
-27
-26
-23
-20
-23
-19
-18
-15
-15
-13
-6
-7
-3
5
5
5
7
7
8
5
4
6
11
15
15
19
20
22
26
30
27
32
28
29
22
19
16
16
15
11
9
10
11
9
12
13
18
18
18
14
14
11
7
4
2
-2
-3
-12
-15
-16
-13
-9
-9
-4
-7
-3
-4
-6
-7
-6
-6
-6
-6
-8
-7
-13
-9
-8
-5
-3
4
0
2
3
4
3
0
-4
-10
-5
-9
-7
-8
-9
-8
-7
-5
-2
3
3
7
15
16
15
19
17
20
23
23
20
21
24
19
21
20
17
14
8
3
-1
-5
-5
-7
-13
-11
-10
-8
-6
-4
-6
-11
-15
-11
-17
-26
-28
-29
-33
-31
-32
-35
-30
-19
-15
-13
-7
-3
-4
-5
0
1
4
4
1
-1
-3
-2
-1
-2
-1
-2
1
3
3
7
10
14
17
23
27
31
29
27
32
33
27
22
24
19
12
10
6
5
-1
1
3
-1
6
8
7
2
6
8
7
5
6
6
-1
-4
-4
-3
-6
-5
-4
-2
-3
0
2
-2
-1
-2
-3
-1
4
5
10
14
16
14
21
21
13
12
13
9
6
8
3
3
0
6
6
4
6
5
11
9
14
11
7
10
10
7
13
16
12
13
18
24
24
30
33
30
32
31
33
29
20
19
15
15
14
10
8
7
9
9
8
9
7
0
-3
-6
-7
-6
-13
-19
-24
-24
-24
-23
-20
-23
-24
-19
-16
-14
-8
-9
-10
-5
-6
0
2
4
3
3
4
7
10
7
12
13
14
15
17
23
24
31
39
35
34
35
33
29
28
23
21
15
4
8
8
3
6
-1
-2
0
-1
-1
-4
-3
-3
5
5
6
3
2
9
10
12
5
3
4
-1
-2
-2
0
-3
-3
-8
-5
-3
-4
1
3
4
3
1
-2
2
2
1
1
2
8
11
10
12
11
12
10
14
11
5
8
5
2
-2
-2
0
1
2
3
7
12
15
14
15
18
23
23
22
27
27
35
40
37
40
37
32
24
22
16
9
-1
-8
-15
-17
-17
-24
-27
-24
-18
-16
-15
-13
-13
-18
-19
-18
-26
-26
-29
-26
-28
-28
-22
-18
-16
-16
-4
-2
4
6
1
2
-1
2
0
3
3
7
5
1
5
7
14
11
13
17
19
20
23
28
25
29
27
29
30
33
33
29
30
25
21
20
19
16
14
12
11
6
5
3
5
0
-3
-5
-5
-5
-3
-5
-5
-5
-7
-6
-9
-12
-10
-13
-12
-9
-6
-3
-7
-1
2
-3
-4
-2
-1
4
5
7
7
8
10
11
14
10
11
5
3
8
6
7
6
5
5
7
8
12
15
14
14
14
15
17
24
21
22
26
24
28
27
24
19
18
17
19
12
8
7
4
-1
-4
-3
-8
-12
-18
-20
-19
-13
-14
-16
-20
-19
-17
-14
-14
-17
-16
-19
-14
-12
-10
-5
-6
-6
-2
-1
2
4
3
3
1
4
3
4
5
5
6
6
5
10
13
13
13
15
15
20
18
18
21
21
27
27
25
30
32
31
31
29
29
27
25
19
14
16
13
17
19
13
15
13
12
15
12
12
12
6
4
5
0
-3
-3
-4
-2
-10
-8
-11
-8
-9
-8
-6
-3
-2
-2
0
3
5
7
7
9
11
9
7
11
13
11
13
13
13
9
6
8
8
4
8
7
9
9
11
14
19
18
14
18
17
18
23
24
21
22
24
20
15
14
10
2
0
-6
-9
-10
-15
-19
-21
-22
-20
-21
-18
-23
-25
-25
-31
-32
-35
-32
-31
-30
-25
-24
-21
-23
-20
-16
-10
-9
-7
-8
-8
-10
-8
-7
-13
-15
-18
-15
-16
-12
-12
-5
-1
-1
8
12
12
11
13
17
14
14
10
6
11
8
8
8
8
9
8
10
13
16
14
14
14
13
15
12
12
12
12
13
12
13
5
5
3
0
-1
-3
-1
-3
-4
-5
-7
-5
-10
-13
-6
-3
-3
0
4
10
8
10
12
9
15
15
13
15
9
13
10
14
17
15
15
14
13
16
22
21
25
21
25
27
25
26
28
29
30
29
33
37
33
31
33
28
24
26
28
24
17
17
18
19
15
8
7
3
3
1
-4
-4
-8
-7
-9
-8
-12
-11
-16
-14
-16
-20
-19
-18
-14
-13
-5
-7
-3
-1
0
0
6
2
2
5
2
1
-3
-4
-4
0
1
3
2
3
2
5
10
9
10
16
18
19
20
18
16
14
11
18
14
14
15
19
17
20
21
20
22
24
25
23
23
20
16
13
11
3
0
-1
-1
-1
-1
-6
-7
-5
-2
1
1
-3
-1
-2
0
3
4
3
6
8
11
17
19
20
22
25
24
27
29
26
26
25
26
28
29
31
28
31
30
34
36
34
37
36
37
39
36
40
43
39
38
42
37
35
37
39
35
34
39
38
39
28
24
31
28
29
24
22
16
12
9
9
6
3
2
1
4
0
-3
0
-3
-2
-1
-2
3
0
1
-2
1
7
6
3
5
3
1
-1
1
-2
-1
5
4
4
7
9
8
10
8
8
9
10
10
9
7
8
12
12
11
6
9
10
8
9
8
11
10
9
10
11
9
12
10
15
12
12
13
11
7
3
6
1
3
2
1
-2
-4
1
-2
1
3
3
3
1
5
3
-1
-3
-4
-3
-1
0
0
2
6
10
10
15
16
18
19
20
21
17
17
19
22
19
19
23
23
21
23
27
28
27
30
36
35
37
36
33
39
38
38
41
41
43
45
45
45
41
38
35
37
34
29
29
28
22
20
21
11
10
8
5
4
7
5
-2
0
-1
-3
-1
-5
0
2
4
8
5
7
10
11
6
7
8
7
6
11
10
9
15
17
9
13
16
16
15
17
13
15
17
18
19
17
17
18
22
25
22
17
18
14
14
16
17
14
13
15
13
17
13
18
18
18
14
11
11
11
10
5
4
0
-1
0
-3
-2
-2
0
-4
-2
-3
-4
0
-5
-3
-5
-7
-4
-1
-5
-8
-9
-3
3
3
10
14
20
21
19
23
21
19
18
14
15
20
20
18
17
17
20
22
19
21
19
26
24
27
26
28
33
34
32
32
32
30
31
26
29
25
24
21
19
17
15
11
10
9
5
7
3
-2
3
0
-6
-5
-5
-2
-5
-6
-1
-2
-1
-1
4
1
0
2
-1
3
8
5
8
6
6
7
9
6
5
1
0
5
0
1
1
2
5
4
9
12
10
8
8
7
5
4
5
7
9
5
2
2
1
7
6
6
8
10
8
8
9
11
8
10
10
2
-1
-1
-4
-2
0
-5
-5
-3
-13
-15
-10
-9
-10
-10
-12
-10
-10
-11
-8
-12
-11
-14
-8
-9
-6
-6
-7
-4
-4
2
-2
4
6
5
3
4
4
3
1
-2
-3
0
1
-2
0
2
4
4
7
8
8
12
12
11
10
8
11
12
10
14
12
14
14
15
13
9
14
11
12
9
7
5
9
4
4
2
-4
0
-6
-5
-9
-7
-12
-10
-12
-11
-10
-9
-7
-10
-2
-7
-3
-7
-7
-7
-7
-1
-6
-1
1
2
2
2
-1
-1
1
0
2
-1
1
-2
4
1
-1
0
2
4
8
3
2
9
5
12
8
3
6
9
4
4
5
4
6
7
5
7
7
10
11
12
11
13
16
8
8
3
4
-1
0
1
1
-1
-6
-2
0
0
-2
-5
-1
-6
-2
-6
-8
-8
-9
-4
-4
-5
-8
-2
4
3
9
13
12
12
12
17
14
15
14
12
12
10
11
11
8
11
15
12
7
10
13
15
14
14
16
12
15
12
13
18
17
16
16
16
14
15
16
9
12
7
5
5
4
5
1
-3
-2
-2
-3
-1
-5
-3
-3
-5
-6
0
-3
-1
-4
-8
-7
-2
-7
-5
-5
-7
-4
-1
3
2
-1
-2
1
-2
1
0
2
2
1
-2
-3
-2
-3
-5
-6
-1
-11
-8
-4
-3
-2
-2
3
3
2
1
-1
4
6
6
5
6
10
11
9
11
10
12
18
15
10
10
9
11
6
5
8
3
3
5
3
1
5
4
7
4
4
3
1
4
5
2
2
2
-3
-3
-3
2
4
-1
4
5
7
6
7
8
8
4
8
1
4
4
2
5
1
2
6
13
11
15
15
18
19
20
17
12
10
12
12
11
10
11
11
8
9
13
13
11
11
11
7
6
8
4
3
3
1
-1
1
4
0
0
2
0
3
3
5
5
0
-2
-5
-2
-4
-10
-7
-7
-9
-8
-9
-8
-5
-11
-12
-15
-12
-14
-13
-9
-8
-11
-7
-3
-7
-9
-9
-5
-7
-8
-4
-3
-6
-8
-8
-12
-8
-5
-4
-2
1
5
4
2
4
7
4
9
8
8
6
4
7
0
0
-2
1
1
-2
-3
-6
-2
-5
-7
-5
-4
-3
-5
-8
-9
-5
-1
-4
-3
-2
-1
-4
2
3
7
5
6
9
7
9
8
11
12
13
8
9
8
11
8
12
13
12
18
16
14
17
17
22
20
21
20
20
17
14
19
17
22
22
24
22
18
19
17
17
21
18
15
11
12
12
6
9
13
7
8
8
7
10
9
8
8
6
10
8
6
9
8
9
