-4
7
7
26
15
10
17
-11
1
6
11
31
3
11
-8
-15
-1
-36
-28
20
23
-7
0
4
-4
-2
-21
-13
10
3
17
13
3
-11
-3
-9
-18
14
-15
-18
3
-4
-12
-20
-6
-6
-13
10
-9
-30
-17
-3
-1
-15
-21
-8
-29
-8
22
-23
8
5
-17
12
3
-13
-1
-18
-37
-7
18
11
-2
-21
10
11
-36
2
-15
-21
-3
1
23
-20
3
-20
-10
-4
-23
-4
-1
-2
-9
4
-9
-12
-11
-10
-10
-9
12
11
-9
-10
10
21
4
0
1
12
13
2
9
8
11
13
8
-2
17
6
-4
-3
5
3
4
7
15
2
20
43
29
11
11
27
6
21
22
28
14
6
23
8
-1
19
3
-18
26
18
8
29
-5
4
10
1
13
2
6
3
5
24
2
-2
13
-3
-4
18
19
18
-10
23
6
-10
7
-4
14
10
11
-1
11
23
-22
-22
7
2
2
4
-3
8
-21
15
-6
10
32
5
17
16
29
10
9
-11
1
4
-2
-6
-16
23
-38
-7
2
-21
10
-3
0
-9
-7
-17
-14
-12
-23
-5
-4
-3
-10
-12
6
-7
-42
-4
-4
-21
23
2
-11
9
-3
-16
-20
-2
-3
-19
18
6
-3
-2
9
1
-20
17
-6
4
16
5
19
-3
-17
4
3
17
23
2
15
5
23
-15
-12
6
-18
31
-8
-6
17
4
9
-11
2
19
3
12
-7
0
10
-21
19
21
1
2
23
9
5
19
-2
12
23
24
13
22
21
28
41
31
45
7
14
18
0
16
40
9
13
46
10
25
21
25
6
22
25
19
13
14
24
19
23
2
5
-14
-8
0
-2
-2
2
12
23
14
1
10
0
13
20
19
21
11
14
-4
10
5
-7
26
-8
24
10
-8
17
9
3
28
13
23
15
7
30
15
26
0
27
18
15
0
-2
4
-9
17
-4
19
16
25
25
5
16
-13
10
-4
-5
10
-6
-13
6
-6
-12
3
-30
0
-1
-14
-4
-7
-3
-13
6
-3
-7
6
2
8
-2
10
-5
-16
1
6
17
5
12
13
20
-8
16
11
-21
9
8
-2
-2
3
13
-26
11
-2
-3
-2
2
8
-12
-9
2
22
-19
26
13
8
28
18
32
-27
11
7
-28
-3
17
4
-17
36
36
30
-7
14
22
-15
13
19
3
12
39
18
27
27
16
1
28
24
3
29
25
39
35
41
39
5
19
27
0
22
25
23
9
23
27
-3
25
15
10
37
13
-10
37
20
2
26
41
14
25
37
8
26
21
9
14
11
-3
7
34
17
35
17
19
25
6
28
-6
46
15
14
34
16
12
17
1
47
39
27
25
7
28
10
25
20
32
30
12
18
30
32
-14
32
21
8
-1
18
30
-16
29
18
2
32
33
-3
3
33
15
10
22
15
11
5
-2
11
4
14
19
5
8
18
15
34
2
6
22
28
33
-16
-7
23
4
-1
20
8
14
9
-1
11
20
16
13
15
30
2
21
15
24
-4
10
10
1
-6
-11
18
2
22
4
36
20
5
19
-7
22
14
15
23
9
8
17
10
46
10
7
31
17
28
9
25
30
32
18
16
47
23
24
44
25
7
32
22
25
12
34
33
12
38
33
26
35
41
17
37
38
16
41
27
26
16
9
16
23
17
21
39
20
10
10
34
5
-2
31
14
44
15
28
24
-2
21
41
15
29
30
20
16
9
32
-13
5
22
19
1
31
26
18
21
19
26
14
18
13
20
33
31
10
17
30
11
22
29
37
29
23
48
41
33
29
25
27
17
11
24
21
19
22
36
14
11
48
5
15
9
12
6
2
28
9
-14
20
32
4
0
32
12
-3
29
2
-10
8
15
-1
14
24
13
18
32
-4
15
6
6
18
-4
13
5
7
3
19
2
14
19
14
6
5
9
9
15
10
6
-10
17
7
-9
1
49
56
18
-2
28
39
14
-6
13
6
-8
14
15
3
-3
21
17
16
32
6
-1
32
32
17
29
42
17
34
41
36
13
24
35
34
31
37
46
26
38
45
35
15
41
58
35
47
52
18
23
37
67
17
30
53
35
17
22
30
21
24
36
37
27
21
17
21
5
2
-1
15
41
24
52
45
37
50
19
39
23
5
14
-1
8
21
22
9
3
21
34
12
32
27
21
41
37
17
19
26
4
23
40
14
15
16
16
19
14
34
21
19
26
30
20
14
12
9
7
25
18
30
46
42
37
39
23
11
26
2
-16
12
22
-5
-7
4
5
-4
-5
-2
-6
-18
9
12
-14
-20
-1
2
11
13
1
-4
11
36
-5
3
37
8
-1
20
13
26
19
19
18
33
16
8
-6
-21
-2
9
19
1
-19
3
72
41
13
9
20
-8
-14
-13
-12
-12
-11
13
0
17
15
4
13
16
25
43
21
36
27
48
34
35
33
-25
-12
24
18
5
43
52
30
44
42
23
28
20
28
27
7
29
40
22
47
18
11
25
29
4
6
30
6
18
23
21
17
-8
3
23
34
24
24
40
28
29
49
26
17
25
38
44
32
22
46
38
13
41
20
22
33
14
11
23
42
17
33
22
37
40
18
28
5
24
3
15
40
25
37
54
31
17
27
41
29
5
9
4
13
27
11
10
27
15
3
17
25
23
9
21
33
45
12
40
25
13
9
29
42
12
34
-20
36
32
10
-6
-5
16
10
36
32
31
40
39
40
39
13
9
16
-1
-6
10
20
15
12
11
8
8
11
20
19
24
13
20
13
13
24
10
16
17
23
27
43
28
19
38
47
29
31
1
-1
21
-3
-16
11
8
-16
-13
-1
10
6
-2
9
16
16
33
50
40
42
51
41
34
46
35
13
12
30
23
24
28
11
8
11
10
1
15
14
25
35
33
50
60
56
62
71
46
38
28
39
29
18
28
33
40
51
43
25
51
52
34
29
5
1
-6
-4
17
-7
18
36
50
56
65
71
42
46
49
45
19
16
20
30
19
16
34
48
50
47
48
59
38
20
29
38
39
46
52
32
40
40
39
26
24
16
15
17
17
23
27
43
24
24
43
38
39
25
51
63
51
39
34
27
32
37
26
33
31
41
48
63
45
22
24
30
11
-5
-7
-14
-8
2
-11
-22
9
34
16
16
25
30
22
26
25
5
-2
11
20
0
4
23
16
12
22
25
31
26
24
8
-8
-9
-15
-19
-23
-28
-20
0
13
3
13
18
21
35
30
37
42
43
38
30
33
24
27
12
-6
4
7
-12
-17
-18
-9
-3
4
6
9
21
27
35
41
30
19
34
23
20
31
34
22
27
40
37
31
34
28
17
11
-4
-5
-3
-16
-28
-22
-10
-4
-5
11
11
1
7
6
2
9
16
29
42
53
51
40
46
50
32
32
27
15
13
4
0
-16
-28
-20
-24
-29
-23
-16
-9
7
12
21
31
33
41
46
52
47
53
54
54
55
56
57
46
47
30
31
32
32
36
34
50
56
61
69
83
100
104
109
113
125
113
97
96
79
75
63
53
50
49
38
28
27
26
20
13
11
6
0
-4
-5
-12
-9
-13
-11
-13
-4
-3
-10
-9
-7
-11
-20
-23
-30
-32
-38
-36
-37
-36
-34
-31
-29
-37
-33
-31
-37
-45
-49
-56
-60
-70
-81
-76
-86
-97
-100
-99
-96
-100
-101
-96
-91
-90
-77
-71
-62
-50
-47
-43
-35
-30
-36
-50
-67
-86
-109
-123
-139
-140
-115
-60
-3
63
147
229
315
378
425
445
432
402
343
262
181
97
16
-64
-119
-151
-165
-162
-156
-137
-115
-99
-82
-71
-57
-50
-55
-42
-25
9
48
91
146
194
250
290
307
312
295
262
206
145
83
25
-17
-53
-71
-70
-54
-31
-3
30
57
74
82
84
74
62
43
26
26
27
40
55
64
79
95
98
88
66
42
12
-27
-53
-84
-98
-102
-102
-98
-93
-77
-57
-53
-47
-48
-56
-64
-68
-73
-69
-67
-65
-53
-43
-28
-24
-22
-26
-36
-54
-74
-102
-126
-139
-160
-176
-186
-186
-185
-187
-202
-209
-227
-248
-268
-297
-288
-253
-173
-64
56
186
328
478
607
694
745
734
675
573
431
287
133
-16
-154
-259
-325
-347
-345
-329
-291
-254
-215
-179
-161
-141
-118
-98
-75
-32
35
109
200
298
386
463
520
549
534
489
410
291
158
25
-108
-220
-307
-359
-385
-371
-335
-290
-239
-186
-138
-112
-86
-66
-35
-6
47
123
207
301
383
467
533
574
575
528
446
338
205
59
-79
-195
-281
-347
-367
-356
-313
-251
-186
-115
-59
-5
35
61
78
84
91
95
98
95
95
85
66
30
-4
-47
-97
-143
-191
-222
-245
-248
-241
-216
-181
-143
-100
-67
-42
-30
-34
-46
-68
-97
-118
-154
-182
-211
-228
-253
-277
-292
-314
-315
-279
-189
-56
79
208
345
494
634
724
768
754
691
587
444
278
120
-25
-163
-278
-352
-374
-365
-342
-323
-289
-247
-215
-188
-160
-119
-68
-11
56
141
251
366
458
522
566
585
561
488
380
245
89
-75
-231
-360
-443
-475
-483
-468
-410
-330
-257
-187
-124
-83
-46
-23
-2
32
73
132
190
280
367
448
509
544
543
487
412
295
159
20
-119
-229
-313
-357
-358
-341
-286
-210
-146
-65
-18
19
56
72
87
91
105
123
136
149
149
141
118
74
13
-63
-143
-221
-291
-330
-339
-329
-287
-228
-158
-81
-14
33
60
77
65
29
-12
-56
-112
-162
-193
-225
-244
-243
-247
-233
-227
-237
-262
-275
-285
-316
-299
-207
-26
156
293
440
635
792
871
865
792
679
506
298
75
-104
-237
-354
-455
-493
-462
-396
-334
-284
-243
-201
-151
-130
-99
-32
58
142
228
326
450
572
636
638
598
535
419
258
86
-84
-234
-372
-483
-533
-529
-478
-417
-348
-252
-169
-104
-49
0
39
70
101
145
200
262
320
357
381
372
343
305
231
132
28
-54
-133
-175
-187
-178
-150
-90
-21
46
105
138
158
148
133
106
74
57
41
33
36
46
53
45
30
2
-39
-79
-126
-165
-197
-212
-212
-200
-165
-124
-83
-46
-17
6
19
16
-9
-38
-67
-93
-112
-133
-157
-177
-191
-207
-225
-233
-229
-229
-235
-232
-213
-192
-179
-186
-191
-185
-174
-169
-150
-41
165
352
458
524
647
752
740
642
517
385
216
13
-169
-277
-314
-358
-421
-417
-358
-281
-228
-206
-176
-125
-73
-28
36
153
299
398
469
528
588
615
559
438
291
149
-3
-166
-300
-379
-425
-454
-463
-434
-360
-264
-201
-153
-86
-18
24
74
148
220
278
315
347
378
394
377
327
257
172
77
-15
-82
-132
-164
-177
-175
-148
-100
-43
-3
27
76
119
155
185
197
215
215
192
158
122
96
55
-2
-42
-65
-75
-81
-83
-82
-77
-73
-78
-94
-103
-102
-111
-117
-111
-77
-42
-17
7
19
24
4
-35
-87
-128
-155
-181
-194
-181
-154
-116
-98
-99
-93
-100
-120
-164
-201
-216
-211
-194
-183
-174
-137
-108
-109
-130
-76
132
346
434
428
510
652
676
558
428
337
210
0
-208
-300
-295
-302
-384
-432
-370
-266
-217
-205
-170
-99
-17
42
106
233
405
514
514
483
474
452
361
189
19
-89
-182
-285
-358
-360
-319
-313
-338
-338
-284
-205
-158
-123
-44
63
146
217
314
417
457
421
356
295
230
126
14
-61
-114
-158
-194
-198
-168
-126
-93
-90
-77
-20
53
104
145
201
260
311
318
298
274
236
163
50
-31
-66
-79
-92
-98
-72
-31
-3
-12
-43
-62
-85
-132
-174
-181
-155
-119
-77
-31
11
46
47
15
-19
-52
-74
-107
-121
-102
-68
-22
13
42
63
54
1
-71
-132
-181
-225
-263
-290
-289
-273
-257
-234
-233
-248
-289
-325
-346
-342
-197
115
434
602
667
808
977
940
736
518
341
138
-145
-368
-412
-349
-349
-454
-493
-419
-355
-358
-380
-341
-236
-110
15
181
411
625
726
705
640
580
493
337
148
-3
-91
-173
-264
-317
-309
-320
-401
-491
-529
-478
-388
-297
-160
40
249
384
468
561
609
542
382
229
129
57
-27
-85
-86
-68
-97
-156
-198
-214
-227
-255
-266
-223
-103
51
174
285
386
452
450
389
305
228
158
58
-36
-62
-33
-20
-35
-55
-71
-104
-157
-219
-247
-231
-203
-169
-118
-35
36
55
46
18
-12
-44
-86
-100
-75
-34
-2
29
57
61
30
-22
-64
-110
-152
-191
-236
-233
-216
-201
-202
-221
-234
-275
-326
-355
-356
-318
-305
-299
-243
-166
-118
-42
191
543
740
696
662
752
802
635
356
201
126
-41
-302
-453
-391
-315
-415
-572
-585
-469
-381
-352
-269
-94
108
252
374
536
710
790
723
584
474
406
306
152
14
-67
-149
-296
-441
-481
-479
-517
-600
-611
-488
-306
-137
8
185
362
434
410
405
445
446
355
233
184
174
119
12
-67
-109
-200
-344
-445
-424
-329
-232
-155
-38
123
280
365
375
384
382
340
270
205
186
184
128
22
-75
-122
-168
-236
-283
-278
-240
-202
-165
-101
-28
18
18
6
9
21
18
7
8
31
46
34
1
-31
-47
-80
-131
-166
-175
-164
-150
-131
-108
-84
-79
-112
-164
-197
-212
-242
-273
-273
-247
-223
-207
-187
-150
-120
-143
-185
-209
-228
-242
-163
139
513
675
615
592
691
682
434
177
99
90
-66
-290
-324
-190
-145
-333
-530
-548
-460
-422
-376
-199
53
242
324
408
541
643
599
446
317
272
256
203
139
105
73
-57
-274
-437
-477
-479
-526
-568
-486
-315
-144
-15
120
280
348
300
241
288
388
405
332
263
248
203
59
-103
-157
-181
-291
-422
-427
-286
-137
-73
-34
45
146
207
217
254
330
375
341
290
276
270
200
62
-69
-149
-176
-206
-220
-185
-128
-108
-144
-168
-143
-111
-117
-133
-95
-20
46
68
82
108
100
47
-31
-65
-60
-70
-112
-129
-112
-95
-123
-157
-162
-155
-135
-134
-144
-137
-151
-182
-216
-227
-222
-222
-210
-195
-166
-127
-127
-173
-225
-258
-281
-304
-240
37
422
643
591
517
612
671
478
221
164
224
143
-98
-212
-119
-86
-296
-555
-602
-507
-469
-446
-273
-3
166
165
176
311
460
487
414
394
442
464
412
332
252
143
-38
-268
-426
-463
-448
-468
-497
-455
-377
-318
-275
-169
0
136
186
217
337
492
546
475
375
306
232
92
-51
-89
-37
-50
-192
-283
-241
-192
-221
-241
-162
-54
39
123
201
311
387
341
279
270
278
251
191
146
94
25
-58
-155
-211
-225
-251
-291
-285
-228
-164
-136
-107
-68
-27
-2
0
35
117
155
137
108
86
58
4
-56
-87
-102
-113
-151
-190
-187
-187
-225
-274
-286
-276
-265
-248
-217
-157
-113
-121
-149
-151
-132
-141
-175
-187
-187
-184
-189
-202
-144
98
452
610
493
398
508
598
457
244
229
322
240
-23
-177
-122
-130
-368
-579
-542
-417
-418
-425
-256
5
103
29
44
231
409
447
459
521
566
506
393
329
276
174
-3
-169
-243
-283
-349
-447
-514
-523
-518
-520
-463
-295
-72
91
155
209
303
373
389
375
378
402
386
296
197
157
153
92
-89
-214
-213
-205
-214
-191
-101
-62
-81
-49
-3
80
158
177
221
285
302
269
238
205
144
62
18
-19
-34
-29
-83
-130
-178
-227
-268
-271
-218
-142
-67
-14
4
39
91
95
67
52
43
30
16
14
4
-31
-103
-207
-280
-293
-282
-275
-260
-232
-214
-218
-221
-197
-147
-136
-137
-123
-63
-6
11
-15
-76
-134
-183
-214
-245
-210
40
439
610
405
215
344
502
354
136
198
385
331
45
-84
36
-5
-341
-552
-395
-203
-276
-383
-241
-18
-9
-148
-91
159
303
294
336
475
500
361
239
243
274
229
106
-8
-61
-131
-276
-429
-498
-491
-498
-505
-415
-226
-57
-14
-26
9
78
151
214
276
342
400
400
312
196
159
178
128
11
-24
-3
-42
-131
-163
-148
-194
-233
-208
-121
-14
39
68
130
170
148
126
173
218
210
198
186
158
109
30
-59
-120
-158
-203
-221
-216
-199
-170
-150
-154
-166
-145
-111
-102
-83
-42
-12
3
2
-3
2
-6
-52
-115
-131
-127
-141
-143
-149
-143
-145
-167
-172
-172
-171
-198
-231
-224
-233
-235
-224
-242
-255
-242
-204
-191
-194
22
440
641
421
205
387
645
546
335
394
578
462
66
-80
81
24
-379
-605
-378
-173
-354
-557
-428
-193
-206
-331
-147
223
327
209
245
469
547
398
309
385
467
409
279
203
141
-17
-236
-381
-379
-330
-369
-432
-418
-321
-268
-309
-307
-212
-97
5
114
246
346
379
367
307
258
292
381
379
250
179
177
108
5
-36
-60
-131
-189
-195
-155
-115
-151
-186
-131
-47
-10
42
120
142
124
126
170
194
188
163
115
95
58
3
-44
-108
-174
-191
-173
-177
-201
-207
-218
-241
-234
-216
-173
-109
-82
-75
-45
-7
13
-28
-70
-66
-43
-14
-12
-12
-29
-96
-118
-128
-148
-179
-233
-242
-253
-241
-231
-255
-288
-345
-345
-293
-209
9
346
510
355
218
388
654
657
509
508
606
523
239
125
231
126
-259
-490
-349
-207
-367
-543
-486
-352
-398
-469
-273
32
99
15
114
338
449
399
396
479
522
482
414
392
337
185
-1
-141
-178
-186
-270
-390
-434
-394
-377
-413
-399
-326
-262
-207
-111
22
139
210
247
245
261
315
373
319
352
548
491
310
222
243
251
132
40
-60
-101
-98
-256
-241
-125
-202
-268
-277
-180
-117
-123
-58
-13
102
168
142
219
241
168
139
148
134
93
50
-3
-59
-83
-110
-186
-230
-298
-379
-339
-286
-255
-219
-234
-223
-180
-142
-86
-58
-29
-40
-47
18
21
-3
-21
-78
-93
-119
-170
-195
-214
-216
-275
-341
-358
-397
-392
-324
-87
298
375
96
-5
300
622
590
477
580
661
455
158
201
469
339
-127
-300
-115
-61
-329
-526
-431
-351
-499
-582
-334
-20
-62
-213
-74
183
300
273
290
402
451
434
457
524
517
350
146
20
-8
15
-72
-208
-256
-262
-318
-373
-359
-338
-361
-343
-256
-164
-90
-17
75
99
102
205
385
492
389
309
352
419
450
448
418
299
171
121
92
60
-5
-125
-207
-255
-253
-190
-184
-242
-281
-218
-103
-44
6
56
78
102
131
199
248
203
121
102
122
123
90
44
-6
-86
-156
-190
-212
-227
-277
-317
-297
-256
-206
-194
-202
-176
-140
-104
-77
-56
-51
-71
-79
-44
-46
-77
-114
-151
-159
-175
-192
-199
-209
-228
-244
-196
64
344
314
26
-46
328
624
551
419
484
545
315
72
222
476
302
-145
-261
-18
-18
-320
-469
-336
-271
-446
-499
-232
-56
-184
-305
-112
178
236
172
200
278
300
298
367
481
458
293
110
25
55
40
-79
-189
-202
-182
-242
-308
-286
-290
-347
-347
-264
-179
-160
-119
-46
-6
58
214
328
273
181
210
311
362
399
426
397
288
160
131
171
142
26
-43
-47
-81
-139
-156
-173
-211
-231
-220
-162
-125
-134
-121
-59
16
73
102
79
35
31
61
95
126
130
85
22
-13
-36
-71
-114
-143
-158
-193
-218
-217
-213
-216
-228
-219
-209
-213
-199
-168
-127
-77
-56
-62
-95
-110
-84
-71
-57
-64
-53
-63
-100
-116
-117
-135
-169
-88
156
312
183
-8
83
365
459
361
356
428
348
131
104
308
367
110
-112
-61
5
-144
-312
-286
-207
-262
-342
-254
-107
-125
-236
-195
-24
105
126
103
119
164
222
279
326
358
308
175
74
68
118
80
-41
-111
-105
-108
-162
-192
-209
-246
-270
-241
-184
-148
-138
-142
-147
-72
102
201
147
81
119
206
274
331
378
365
265
164
161
223
202
86
14
9
-15
-64
-103
-136
-186
-241
-234
-173
-126
-144
-182
-162
-111
-61
-23
-23
-43
-48
-15
29
64
88
67
41
2
-20
4
-3
-33
-65
-90
-120
-152
-183
-189
-187
-185
-193
-214
-202
-194
-175
-159
-164
-167
-169
-184
-193
-174
-156
-150
-176
-189
-211
-227
-207
-17
286
336
75
-46
231
557
540
391
450
555
424
189
273
541
445
55
-94
100
141
-147
-362
-290
-211
-358
-470
-320
-188
-328
-499
-396
-123
19
-10
-13
82
168
204
268
387
463
403
278
250
332
373
240
72
57
93
33
-96
-159
-197
-284
-343
-314
-273
-310
-387
-399
-354
-260
-127
-43
-27
-4
63
141
215
299
375
410
390
380
421
435
350
255
255
259
187
81
7
-56
-144
-218
-217
-181
-215
-304
-335
-281
-231
-199
-176
-154
-140
-143
-119
-61
10
54
73
105
133
126
92
62
72
80
48
9
-21
-67
-137
-182
-174
-148
-173
-228
-264
-258
-246
-248
-233
-223
-230
-240
-215
-180
-156
-141
-133
-139
-143
-155
-162
-172
-128
122
362
295
35
39
360
545
440
365
470
511
296
151
363
550
329
-17
-28
152
83
-178
-267
-180
-199
-367
-402
-232
-182
-345
-432
-286
-78
-2
-40
-31
42
115
154
207
330
407
364
268
263
372
386
244
140
164
194
113
13
-33
-101
-194
-239
-216
-182
-215
-272
-317
-321
-236
-118
-71
-78
-54
3
66
148
268
358
370
344
366
431
438
361
318
327
310
244
192
142
45
-63
-120
-107
-89
-132
-210
-253
-272
-273
-242
-203
-177
-168
-145
-109
-67
-18
26
65
92
108
117
107
78
58
56
62
59
29
-27
-86
-123
-134
-155
-171
-185
-202
-218
-256
-265
-239
-230
-230
-225
-193
-166
-177
-168
-165
-175
-180
-176
-165
-174
-102
141
297
166
-33
72
369
459
354
353
473
446
241
210
453
538
285
54
112
212
71
-137
-155
-97
-165
-310
-306
-201
-234
-392
-451
-325
-158
-108
-155
-152
-60
32
60
101
229
320
277
188
234
376
383
259
200
267
300
209
94
45
-8
-75
-130
-128
-94
-119
-217
-313
-322
-218
-135
-150
-171
-119
-35
-2
54
161
231
214
195
249
357
383
324
289
310
317
283
253
221
140
54
20
28
44
-1
-91
-159
-183
-173
-164
-162
-162
-171
-170
-164
-114
-65
-55
-66
-55
-1
34
33
27
33
37
34
44
58
33
-15
-39
-36
-35
-68
-93
-106
-134
-158
-169
-155
-160
-179
-178
-175
-159
-149
-147
-155
-170
-166
-146
-130
-135
-133
-65
97
196
161
83
138
299
363
337
352
430
417
306
276
391
424
279
130
118
153
62
-56
-82
-74
-149
-265
-265
-185
-189
-272
-308
-261
-195
-172
-162
-106
-45
-12
-2
39
116
167
147
130
176
259
259
198
187
207
202
160
149
143
98
32
-16
-39
-52
-77
-112
-151
-152
-121
-123
-151
-137
-99
-67
-41
-3
49
68
64
81
147
208
210
195
207
218
210
195
196
202
164
114
86
77
58
9
-43
-79
-107
-111
-122
-143
-155
-160
-151
-145
-126
-113
-104
-101
-99
-79
-39
-19
-26
-26
-19
-3
-1
-26
-42
-43
-42
-52
-67
-74
-85
-102
-120
-121
-101
-113
-129
-119
-102
-91
-100
-98
-90
-86
-108
-127
-125
-122
-117
-86
21
128
131
48
57
185
278
277
267
329
359
295
250
309
369
298
161
114
165
154
72
5
-16
-57
-141
-173
-139
-118
-180
-257
-254
-189
-139
-134
-142
-117
-72
-52
-38
11
66
62
27
52
139
194
165
118
121
153
162
156
151
142
106
54
21
21
31
-2
-71
-88
-38
-11
-30
-54
-62
-59
-60
-38
17
66
54
7
14
72
99
90
93
111
127
120
109
109
105
77
39
49
81
77
40
-12
-46
-55
-63
-67
-71
-67
-82
-106
-126
-132
-120
-120
-127
-117
-83
-71
-95
-105
-105
-98
-105
-116
-102
-82
-71
-91
-89
-88
-101
-120
-124
-107
-87
-75
-85
-82
-83
-91
-91
-78
-81
-103
-109
-124
-141
-143
-49
104
169
89
16
115
228
225
215
307
384
342
265
292
378
334
200
147
219
228
144
71
41
-10
-85
-116
-83
-50
-86
-169
-212
-187
-134
-98
-109
-121
-82
-40
-40
-30
28
50
15
11
75
155
153
112
97
115
123
135
157
158
132
94
69
56
84
86
35
-4
-2
24
18
6
8
8
-15
-48
-29
30
41
3
-1
43
65
50
46
64
77
68
69
94
116
92
58
55
69
75
54
30
14
6
-18
-48
-52
-46
-56
-82
-83
-68
-72
-109
-131
-114
-96
-104
-112
-102
-110
-135
-149
-132
-119
-130
-147
-138
-112
-103
-114
-118
-117
-118
-118
-97
-74
-64
-68
-72
-74
-70
-61
-80
-109
-120
-100
-82
-81
-35
67
114
61
35
126
217
203
174
237
311
294
244
268
318
262
153
126
180
181
106
48
24
-12
-67
-93
-80
-71
-101
-144
-156
-139
-111
-108
-124
-124
-85
-51
-40
-22
17
26
3
6
48
100
102
79
76
101
126
137
132
125
118
98
76
69
92
85
42
21
41
67
59
44
40
49
42
29
35
70
75
42
29
54
74
60
49
53
75
72
53
48
58
61
41
48
70
81
62
23
3
14
20
9
0
0
-16
-34
-55
-56
-47
-66
-91
-100
-83
-86
-105
-115
-116
-127
-144
-148
-133
-123
-131
-144
-127
-107
-111
-128
-126
-105
-104
-117
-112
-85
-68
-82
-96
-83
-70
-86
-122
-137
-119
-114
-92
9
116
122
65
94
193
221
186
198
267
297
260
254
314
315
210
127
143
165
123
68
34
5
-51
-98
-102
-98
-110
-155
-187
-180
-148
-123
-131
-154
-139
-86
-60
-53
-25
9
-1
-22
11
66
90
75
59
81
117
134
130
111
86
82
82
70
77
101
80
13
1
53
84
59
25
26
39
33
24
33
56
44
22
41
72
65
30
16
35
54
67
71
72
64
36
34
61
89
90
72
43
26
26
25
11
4
8
-2
-15
-27
-26
-32
-51
-65
-68
-57
-60
-80
-94
-91
-95
-116
-140
-139
-132
-133
-136
-119
-98
-99
-116
-126
-117
-109
-113
-120
-107
-87
-78
-85
-87
-82
-105
-125
-135
-135
-132
-108
-18
83
98
62
100
193
224
188
204
269
289
249
252
311
324
248
171
169
182
143
77
50
22
-25
-59
-70
-74
-93
-121
-162
-178
-159
-138
-144
-166
-155
-114
-92
-98
-71
-39
-34
-53
-21
34
59
41
33
58
87
111
110
101
90
88
88
87
88
94
84
36
17
54
82
58
26
19
14
4
4
9
11
-6
-26
-17
18
16
-16
-26
-21
-14
-6
17
30
27
13
7
24
44
54
50
47
43
40
40
29
14
10
10
3
-6
-10
-25
-48
-60
-66
-64
-77
-101
-115
-115
-112
-123
-138
-144
-139
-143
-144
-140
-130
-123
-125
-122
-111
-99
-103
-108
-100
-86
-68
-58
-57
-58
-68
-84
-98
-99
-104
-120
-106
-25
65
75
43
79
166
199
172
188
240
253
214
197
264
304
255
195
186
203
171
106
67
51
22
-23
-50
-45
-41
-80
-134
-160
-149
-145
-164
-189
-168
-120
-104
-110
-86
-41
-40
-64
-51
2
25
24
28
63
92
105
104
109
110
105
90
64
67
80
71
41
44
88
103
65
37
34
34
20
14
18
27
7
-22
-8
22
10
-24
-40
-36
-34
-30
-22
-17
-14
-12
-12
-4
12
17
8
3
12
18
17
8
-3
0
10
2
-3
-9
-30
-55
-59
-62
-67
-86
-105
-114
-122
-127
-137
-152
-163
-178
-183
-180
-178
-179
-176
-170
-181
-180
-162
-151
-144
-135
-120
-106
-90
-87
-81
-77
-86
-96
-89
-84
-107
-84
-13
57
64
53
97
178
191
161
179
221
227
189
193
244
262
216
175
184
187
141
83
51
27
-8
-39
-51
-54
-63
-93
-118
-130
-129
-138
-158
-173
-154
-124
-103
-89
-63
-37
-42
-51
-30
-2
9
6
15
40
64
84
89
91
90
87
73
61
64
64
63
49
56
93
97
76
63
62
51
28
10
8
8
-5
-16
-6
8
-1
-23
-37
-40
-46
-51
-46
-41
-36
-29
-23
-6
17
21
9
1
7
9
6
-4
-3
6
6
4
-4
-6
-16
-31
-38
-44
-56
-73
-89
-95
-101
-103
-110
-118
-130
-156
-165
-170
-171
-178
-182
-181
-189
-188
-178
-167
-154
-151
-153
-146
-135
-116
-107
-98
-95
-85
-80
-94
-103
-76
-9
31
28
40
102
153
147
143
173
203
186
155
176
209
203
160
147
163
149
104
68
48
14
-24
-50
-63
-71
-83
-114
-137
-131
-124
-134
-154
-159
-139
-132
-134
-118
-86
-62
-66
-56
-23
7
0
0
17
31
46
50
69
74
74
74
76
77
76
79
73
57
63
71
70
70
75
76
62
48
31
23
6
-14
-25
-15
-13
-31
-42
-42
-40
-45
-48
-46
-48
-54
-51
-38
-19
-6
-2
-5
3
6
7
7
3
8
7
7
2
-2
-8
-16
-17
-24
-33
-42
-62
-80
-89
-99
-100
-107
-123
-138
-149
-145
-144
-154
-165
-169
-181
-189
-181
-165
-157
-155
-141
-124
-111
-106
-92
-76
-69
-66
-60
-54
-72
-76
-37
23
45
40
71
131
156
145
156
179
181
158
155
172
178
154
139
142
140
126
101
77
52
23
-6
-25
-48
-68
-93
-118
-126
-119
-106
-121
-144
-140
-125
-124
-131
-118
-99
-98
-100
-69
-28
-15
-19
-9
12
28
35
43
47
52
59
62
71
82
94
94
80
78
86
92
82
76
74
72
54
40
37
33
10
-11
-9
-5
-17
-39
-46
-38
-37
-45
-47
-48
-48
-50
-46
-30
-20
-17
-21
-17
-8
2
1
5
9
11
10
10
4
-1
0
-3
-3
-12
-18
-30
-47
-55
-63
-69
-75
-86
-98
-116
-126
-129
-138
-143
-149
-155
-157
-153
-144
-141
-138
-136
-124
-112
-104
-92
-74
-68
-74
-71
-62
-59
-68
-65
-36
7
23
19
45
99
134
139
151
171
174
165
163
174
180
159
139
134
136
131
112
97
80
54
32
9
-23
-49
-80
-105
-108
-97
-91
-96
-108
-109
-99
-96
-94
-93
-89
-87
-83
-60
-36
-26
-26
-15
0
15
25
32
35
31
32
52
68
77
82
84
86
99
112
110
105
91
81
68
63
50
34
21
0
-2
-5
-12
-31
-49
-48
-47
-60
-70
-71
-74
-80
-75
-55
-38
-40
-36
-28
-14
-3
10
12
16
14
17
15
13
19
20
18
14
11
9
-6
-22
-33
-44
-52
-68
-76
-83
-89
-102
-105
-99
-104
-112
-120
-120
-118
-115
-115
-110
-106
-104
-99
-90
-83
-72
-58
-45
-48
-53
-51
-57
-59
-53
-27
3
13
21
56
103
127
145
167
185
188
185
188
185
180
160
148
146
149
141
130
114
106
97
76
51
14
-21
-46
-68
-81
-81
-79
-87
-96
-85
-71
-64
-69
-71
-71
-70
-68
-60
-48
-39
-26
-8
11
26
48
58
54
57
74
92
97
98
102
102
104
118
123
126
120
114
112
105
89
67
49
35
19
6
-1
-12
-28
-35
-34
-26
-31
-43
-52
-55
-54
-50
-46
-45
-38
-26
-18
-3
16
33
39
44
56
52
45
38
35
37
35
29
28
18
3
-3
-16
-25
-40
-54
-62
-73
-84
-85
-88
-95
-106
-105
-101
-102
-102
-102
-91
-84
-85
-84
-74
-61
-53
-42
-29
-26
-24
-24
-17
-14
-18
-20
-29
-19
-8
3
12
28
51
80
104
116
135
155
155
147
149
147
141
122
110
104
100
95
93
94
89
68
58
44
26
9
-17
-35
-45
-45
-49
-49
-45
-40
-33
-28
-27
-22
-19
-24
-16
-11
-10
-8
-9
1
13
33
50
64
77
84
102
105
103
99
96
99
90
85
85
81
73
67
67
67
64
53
33
13
-1
-11
-22
-35
-35
-35
-36
-34
-30
-20
-15
-20
-16
-10
-4
-5
-4
4
16
19
16
26
37
37
32
32
37
35
25
13
12
8
-6
-15
-20
-25
-35
-46
-51
-62
-66
-69
-78
-78
-90
-94
-92
-96
-92
-84
-77
-77
-74
-63
-57
-48
-37
-27
-18
-18
-12
-5
-5
-12
-15
-15
-13
-16
-20
-16
-12
-10
-7
3
20
28
47
66
78
99
106
113
115
112
110
106
104
97
94
97
90
90
86
81
68
60
50
35
23
11
0
-12
-18
-21
-21
-20
-23
-19
-13
-2
-1
-1
8
12
3
7
9
12
24
26
42
61
73
82
92
99
101
96
91
86
82
70
60
57
48
44
40
40
37
27
24
16
10
-2
-4
-13
-19
-21
-24
-18
-21
-18
-16
-5
0
0
7
14
21
19
21
26
34
31
20
26
35
35
31
25
23
21
15
8
7
-7
-18
-28
-32
-38
-47
-54
-56
-53
-60
-62
-65
-62
-63
-61
-56
-57
-57
-51
-45
-43
-38
-36
-30
-24
-14
-6
-11
-7
-9
-9
-10
-15
-19
-18
-23
-34
-41
-42
-41
-37
-32
-17
-2
17
32
40
54
62
71
73
77
81
90
86
78
88
93
91
85
79
76
71
64
53
40
29
17
4
-2
-10
-15
-17
-17
-19
-12
-13
-9
-1
-5
0
-7
-10
-6
-9
-1
2
11
20
29
36
38
42
42
39
37
35
34
30
21
17
11
7
6
6
0
-5
-9
-9
-14
-19
-22
-27
-29
-38
-40
-39
-35
-34
-29
-24
-21
-9
0
4
10
13
19
21
18
18
22
19
8
13
12
14
8
4
1
-1
-11
-18
-25
-30
-34
-42
-45
-51
-55
-61
-57
-55
-53
-47
-45
-37
-31
-24
-22
-15
-10
-2
2
13
15
16
20
24
18
16
22
15
13
6
4
-2
-12
-18
-18
-23
-33
-29
-25
-23
-12
-3
6
16
30
36
46
50
61
69
80
87
85
85
90
88
86
86
86
83
79
70
68
61
55
51
42
37
30
24
21
20
17
18
14
7
7
9
14
12
10
15
24
29
26
33
30
29
25
25
23
22
26
26
21
19
17
15
15
11
6
5
-1
-4
-6
-9
-10
-17
-21
-21
-18
-22
-27
-25
-23
-29
-27
-25
-22
-18
-21
-10
-4
3
-1
6
12
11
9
4
10
8
1
-5
-3
-11
-17
-15
-21
-28
-30
-34
-34
-32
-38
-40
-42
-38
-33
-36
-29
-23
-19
-16
-13
-8
-7
-3
5
4
6
14
13
14
15
11
8
5
9
4
3
-2
-8
-12
-18
-13
-12
-10
-7
0
6
16
24
34
43
45
56
60
62
66
65
68
65
65
63
64
63
57
58
55
55
50
42
40
39
30
24
21
20
22
18
21
25
20
23
20
17
17
16
12
10
12
16
14
11
12
13
7
2
3
1
-5
-8
-13
-15
-19
-22
-25
-28
-30
-31
-33
-44
-43
-42
-50
-50
-49
-48
-48
-43
-39
-37
-32
-32
-33
-30
-27
-26
-21
-18
-13
-6
-3
0
1
3
5
7
6
7
-5
-6
-12
-18
-19
-23
-24
-29
-26
-28
-22
-26
-26
-23
-27
-20
-20
-25
-27
-27
-21
-12
-12
-9
-2
2
1
-1
5
7
5
9
9
2
1
-7
-12
-12
-20
-19
-25
-27
-32
-34
-32
-32
-29
-26
-27
-23
-21
-13
-13
-14
-9
-9
0
5
4
12
19
24
26
31
39
40
38
42
46
48
48
49
53
51
51
52
52
51
54
53
55
59
55
55
51
48
45
40
36
35
32
29
20
23
21
17
13
9
8
4
-2
-5
-8
-11
-17
-20
-17
-17
-16
-17
-23
-23
-23
-26
-30
-36
-42
-47
-42
-41
-42
-38
-33
-33
-34
-34
-35
-28
-28
-29
-20
-16
-19
-15
-18
-14
-13
-9
-7
-7
-2
-7
-3
-5
-6
-10
-13
-18
-19
-16
-14
-19
-17
-17
-23
-23
-20
-17
-16
-12
-9
-1
-1
2
4
2
2
8
4
5
6
3
-2
-2
-6
-8
-9
-8
-11
-16
-13
-15
-20
-21
-22
-28
-33
-30
-34
-36
-29
-30
-28
-29
-24
-27
-29
-20
-22
-17
-10
-8
-6
-2
5
4
7
6
9
15
15
15
18
17
16
19
20
25
23
26
29
27
30
28
29
28
28
30
26
22
21
19
15
10
11
6
2
4
1
2
-7
-12
-11
-15
-21
-22
-21
-21
-24
-27
-24
-24
-25
-29
-24
-25
-21
-23
-26
-24
-27
-24
-23
-20
-18
-12
-10
-8
-10
-9
-4
-9
-5
-5
-6
-5
-12
-11
-8
-7
-4
-4
-3
-1
-5
-6
-9
-13
-11
-15
-18
-19
-14
-21
-23
-22
-16
-15
-20
-18
-10
-4
-2
4
5
4
5
8
6
12
8
2
0
-4
-4
-11
-15
-18
-22
-26
-31
-34
-30
-32
-35
-37
-36
-36
-37
-40
-38
-35
-33
-32
-34
-31
-29
-30
-28
-21
-19
-22
-26
-22
-14
-16
-16
-15
-9
-11
-9
-11
-9
-5
-6
1
2
7
9
10
11
12
13
10
11
15
8
10
10
12
11
7
4
5
6
5
0
-5
-5
-10
-7
-11
-10
-16
-23
-28
-29
-31
-34
-30
-37
-34
-30
-25
-30
-34
-31
-34
-31
-31
-28
-26
-26
-24
-22
-22
-18
-18
-15
-9
-10
-8
-7
-8
-10
-5
-2
0
-3
0
-1
-4
-4
-5
-7
-10
-6
-4
-2
-1
-5
-4
-1
4
8
5
2
4
4
7
10
13
19
16
12
18
20
19
19
16
13
11
10
8
3
-1
-4
-7
-9
-8
-13
-14
-15
-21
-23
-22
-23
-27
-31
-33
-32
-26
-30
-25
-27
-25
-26
-25
-22
-21
-21
-27
-25
-24
-18
-18
-22
-23
-18
-11
-11
-7
-4
-1
3
2
4
12
10
6
9
13
16
13
16
19
21
18
15
16
18
16
9
4
1
3
2
-6
-4
-3
-12
-13
-11
-11
-16
-24
-28
-30
-30
-27
-31
-32
-27
-25
-26
-24
-24
-20
-21
-19
-20
-22
-19
-22
-20
-20
-19
-20
-21
-16
-19
-15
-12
-12
-11
-10
-8
-10
-13
-9
-4
1
0
-2
2
1
2
-1
-1
2
-1
-5
-8
-7
-7
-6
-8
-4
-4
-6
1
0
-2
-7
-6
-6
-7
-5
-5
-2
-4
-4
-4
-9
-9
-10
-10
-7
-14
-14
-10
-14
-15
-16
-14
-11
-14
-15
-14
-19
-16
-11
-8
-6
-11
-10
-11
-9
-9
-7
-4
-6
-6
-7
-10
-6
-8
-11
-11
-10
-10
-10
-7
-11
-1
-2
0
4
4
6
7
11
11
12
13
11
13
11
11
10
8
4
2
1
-2
-8
-7
-9
-6
-9
-11
-9
-11
-8
-8
-11
-17
-16
-13
-15
-12
-13
-15
-17
-16
-16
-19
-16
-20
-18
-17
-13
-16
-12
-13
-14
-13
-12
-10
-8
-7
-10
-11
-10
-5
-10
-6
0
-1
-1
-1
2
7
8
4
3
4
5
3
0
-2
-2
-3
2
3
5
4
3
9
12
7
4
8
0
-1
3
4
3
-4
0
-7
-8
-7
-11
-9
-15
-14
-19
-19
-20
-24
-25
-26
-24
-28
-29
-27
-28
-26
-23
-25
-27
-31
-28
-23
-22
-24
-26
-28
-32
-23
-27
-26
-25
-27
-21
-24
-25
-21
-22
-17
-18
-11
-12
-6
-4
-4
-2
-2
2
5
7
14
9
7
13
16
17
17
19
19
20
17
17
21
16
12
11
7
10
6
2
2
1
3
0
1
0
-3
-1
-4
-5
-5
-7
-6
-8
-5
-9
-8
-8
-10
-13
-17
-12
-18
-12
-7
-7
-7
-10
-9
-8
-9
-11
-11
-6
-6
-5
-4
-4
0
3
7
9
11
13
9
9
9
9
9
9
10
11
11
14
13
13
13
13
8
11
13
6
9
5
5
4
4
-3
-3
-2
-3
-4
-6
-8
-9
-9
-9
-13
-16
-13
-15
-20
-21
-24
-24
-23
-22
-23
-23
-25
-31
-27
-28
-26
-23
-26
-25
-24
-27
-24
-18
-19
-17
-17
-18
-18
-19
-19
-21
-21
-18
-14
-17
-17
-17
-15
-14
-16
-18
-12
-10
-17
-9
-6
-8
-9
-7
-5
-6
-5
-2
-2
-1
-6
-7
-3
-3
-4
-6
-10
-11
-6
-8
-6
-4
-1
-7
-6
-7
-8
-7
-7
-2
-6
-2
-4
-3
-4
-2
1
2
-2
-2
-2
-6
-3
-1
2
0
1
1
3
3
5
5
6
5
5
8
11
13
12
11
13
14
13
12
16
14
11
12
16
21
25
20
16
22
23
21
18
25
24
19
24
24
19
11
12
14
11
8
11
6
5
2
-1
-3
-1
-2
-7
-4
-7
-10
-9
-7
-16
-13
-9
-15
-20
-10
-12
-12
-12
-13
-13
-19
-21
-19
-22
-14
-9
-11
-9
-10
-10
-13
-13
-13
-14
-9
-13
-11
-8
-7
-4
-4
-3
-10
-8
-8
-10
-10
-13
-14
-12
-16
-12
-10
-13
-8
-8
-12
-11
-12
-14
-16
-17
-20
-19
-17
-22
-23
-21
-21
-21
-18
-20
-19
-17
-25
-23
-20
-16
-16
-17
-17
-19
-13
-11
-12
-15
-17
-14
-13
-9
-15
-16
-14
-11
-9
-10
-8
-4
-5
-4
1
2
7
6
4
3
8
9
13
16
12
11
12
17
18
20
20
19
17
19
18
15
17
16
17
21
22
23
19
15
9
9
6
3
5
5
6
1
-3
-3
-3
-4
-5
-5
-5
-5
-7
-14
-13
-10
-14
-13
-12
-14
-13
-11
-12
-8
-6
-8
-4
-2
-2
-2
-3
-1
-4
-2
-3
2
2
2
6
1
3
7
7
8
6
2
2
1
0
-1
-4
-1
3
-1
-2
-4
-6
-6
-2
-1
-3
-2
-2
-8
-6
-6
-3
-8
-10
-13
-16
-15
-18
-20
-21
-19
-27
-27
-24
-23
-19
-21
-19
-23
-29
-27
-27
-26
-29
-27
-22
-27
-22
-21
-24
-23
-23
-23
-20
-20
-23
-21
-21
-21
-19
-19
-17
-17
-16
-13
-13
-12
-8
-8
-10
-8
-6
-5
-6
-2
-2
-3
-1
1
5
4
3
6
9
10
12
11
3
8
14
14
13
12
13
6
6
0
3
4
1
-1
-4
-8
-11
-10
-12
-12
-14
-13
-13
-11
-9
-12
-12
-8
-6
-4
-7
-8
-4
-3
-5
-4
-1
-1
-4
-2
-2
-2
1
0
0
0
3
1
6
4
10
10
7
4
7
9
13
14
9
11
9
11
8
13
16
13
13
11
21
17
12
14
13
11
15
12
13
14
10
2
5
7
7
10
3
2
3
1
-2
-1
-1
-5
-5
-4
-7
-8
-13
-16
-16
-16
-17
-13
-9
-12
-8
-7
-6
-12
-12
-6
-8
2
-3
0
4
2
6
5
5
1
4
4
9
4
5
4
2
5
4
5
5
5
2
4
8
10
13
8
12
15
15
12
12
11
8
4
5
2
6
5
2
-2
-4
-5
-6
-9
-12
-12
-14
-10
-15
-14
-15
-14
-6
-9
-14
-11
-11
-13
-10
-10
-10
-8
-11
-9
-4
-4
-9
-8
-8
-7
-9
-6
-7
-11
-10
-9
-10
-10
-7
-6
-7
4
-2
-6
-7
-8
0
-4
-4
0
-1
3
2
1
4
3
4
4
5
2
3
6
9
6
1
4
4
6
6
4
4
6
8
9
6
6
7
9
10
7
10
9
11
13
12
10
9
5
4
6
6
6
6
7
5
6
8
8
3
2
2
6
7
4
4
2
1
1
-1
-5
-4
-7
-5
-2
-7
-5
-5
-6
-3
-4
-9
-7
-7
-6
-6
-2
-4
-7
-3
-4
1
1
0
4
2
-4
2
0
2
-3
-2
-1
-4
-7
-7
-7
-10
-5
-11
-12
-6
-5
-4
-6
-7
-8
-6
-6
-7
-11
-14
-15
-20
-19
-19
-15
-13
-16
-17
-17
-20
-16
-17
-15
-13
-20
-19
-19
-16
-14
-18
-19
-16
-13
-10
-11
-11
-15
-14
-11
-9
-10
-10
-7
-6
-10
-13
-11
-15
-15
-9
-12
-10
-10
-8
-8
-6
-3
-5
-1
-4
-1
-5
-6
-5
-1
-4
-2
-1
-3
-6
-5
-3
-5
-5
-5
-7
-9
-8
-7
-2
-3
-3
-2
-5
-4
-1
-2
-3
2
2
-3
6
7
6
5
13
12
15
16
14
16
16
19
16
11
8
15
14
13
14
16
15
14
20
19
20
22
21
21
21
20
20
23
19
17
17
16
13
14
15
14
13
10
11
7
7
4
6
5
2
5
0
2
0
3
1
-2
-2
-4
-3
-6
-8
-5
-3
-6
-5
-7
-8
-9
-7
-9
-6
-8
-7
-8
-9
-7
-8
-6
-4
-3
-7
-5
-5
-7
-4
-8
-6
-8
-4
-5
-6
-6
-6
-9
-8
-9
-12
-12
-16
-17
-9
-11
-8
-7
-8
-7
-7
-3
-7
-1
-9
-14
-11
-8
-8
-9
-9
-9
-10
-12
-8
-9
-12
-15
-13
-16
-15
-13
-11
-12
-13
-8
-7
-13
-11
-12
-12
-14
-13
-9
-10
-8
-8
-9
-10
-11
-6
-6
-7
-6
-5
-3
-1
2
0
-2
3
4
8
7
9
9
6
11
13
13
9
9
6
7
8
8
7
12
15
13
10
7
11
7
7
7
8
6
5
4
4
1
-2
-7
-8
-7
-6
-6
-3
-4
-4
-5
-6
-1
-5
-8
-6
-3
-4
-9
-8
-6
-6
-9
-7
-7
-6
-4
-6
-10
-8
-9
-9
-8
-8
-7
-9
-8
-10
-5
-10
-5
-2
-2
0
-1
-2
-2
-1
3
2
0
1
0
-3
-4
-4
-6
-8
-10
-8
-8
-9
-9
-11
-10
-10
-12
-14
-18
-15
-13
-14
-12
-14
-12
-15
-15
-20
-17
-16
-21
-17
-19
-18
-18
-18
-20
-18
-17
-17
-22
-15
-17
-19
-12
-14
-12
-13
-11
-14
-11
-9
-16
-12
-15
-15
-13
-15
-14
-13
-13
-9
-13
-16
-13
-12
-11
-11
-5
-7
-10
-7
-9
-5
-13
-8
-4
-5
-7
-10
-6
-10
-7
-7
-7
-9
-7
-9
-6
-6
-6
-6
-8
-7
-8
-5
-6
-4
-8
-8
-8
-9
-8
-8
-10
-9
-11
-11
-15
-12
-11
-9
-13
-16
-18
-19
-16
-18
-20
-24
-23
-25
-23
-22
-20
-16
-17
-17
-13
-15
-16
-10
-9
-7
-4
-6
-6
-4
-1
-5
-5
-3
-8
-9
-8
-8
-4
-8
-11
-7
-6
-7
-9
-6
-3
-2
-6
-5
-3
-7
-11
-9
-11
-14
-15
-17
-15
-12
-16
-17
-17
-16
-19
-16
-15
-17
-15
-12
-15
-10
-11
-10
-11
-7
-6
-7
-7
-10
-8
-9
-6
-14
-13
-8
-8
-13
-12
-9
-6
-6
-9
-9
-9
-7
-7
-3
-1
-8
-6
-2
-1
-2
-4
-4
-5
-4
-1
-2
-2
-3
-4
-7
-4
-4
-9
-8
-8
-4
-4
-4
-8
-6
-3
-4
-9
-14
-4
-8
-11
-12
-9
-5
-10
-8
-10
-11
-14
-11
-10
-11
-10
-10
-12
-10
-6
-11
-9
-9
-12
-10
-13
-5
-12
-14
-16
-18
-13
-14
-15
-12
-7
-10
-8
-10
-8
-8
-9
-11
-9
-5
-9
-4
2
-3
-5
-5
-4
-1
1
-1
-4
2
-3
-2
-4
-2
0
-2
-1
1
-5
-2
-1
-5
-1
-3
-3
-2
-4
-7
-6
-5
-5
-2
-1
-2
-4
-3
-4
-4
-4
-5
-4
-6
-6
-8
-6
-1
-5
-8
-8
-8
-4
-5
-8
-7
-3
-3
-5
-9
-7
-3
-3
-6
-6
-7
-1
-5
-7
-3
-5
-7
-8
-11
-10
-8
-12
-11
-10
-9
-11
-9
-10
-13
-8
-13
-12
-12
-13
-9
-11
-10
-9
-9
-7
-4
-12
-13
-15
-14
-13
-13
-11
-12
-10
-10
-14
-13
-10
-10
-12
-11
-12
-14
-15
-18
-18
-15
-12
-17
-16
-13
-9
-10
-14
-10
-12
-16
-18
-19
-17
-20
-25
-19
-17
-19
-21
-24
-27
-28
-22
-20
-21
-20
-19
-23
-20
-23
-19
-20
-16
-17
-16
-16
-16
-13
-17
-10
-8
-9
-14
-9
-10
-8
-7
-9
-7
-7
-12
-11
-8
-11
-12
-9
-4
-9
-5
-3
0
1
-3
-2
1
1
-2
2
1
3
3
1
3
3
4
2
2
-1
1
-2
1
0
3
1
0
-3
-1
-2
-7
-3
-7
-3
-4
-3
-2
-1
-5
-6
-6
-7
-5
-7
-5
-7
-2
-1
-1
7
0
4
4
5
6
5
6
4
7
5
9
9
9
11
7
6
6
5
2
0
2
7
2
2
5
4
1
-1
-4
0
-5
-4
-6
-6
-3
-10
-4
-7
-3
0
-8
-1
-1
-4
-5
-8
-6
-6
-7
-8
-5
-1
-5
-9
-8
-2
2
0
6
7
7
6
5
5
5
4
7
4
5
9
7
6
6
4
-1
3
7
5
0
7
0
-2
-2
-6
-2
-2
-3
-6
-1
-2
0
-4
1
0
-1
-1
-1
-2
-5
1
1
4
3
6
0
-1
1
-3
-4
-2
-1
1
4
2
0
3
5
1
1
1
3
1
4
5
6
3
-1
4
2
4
2
3
8
11
6
10
2
4
11
10
8
11
15
12
8
9
12
11
11
11
6
9
12
12
12
11
12
11
9
13
13
9
11
6
7
9
7
7
8
8
6
12
12
10
11
13
18
9
10
13
11
14
11
15
12
13
10
8
12
12
12
14
18
16
16
17
23
21
21
22
23
24
23
23
23
22
24
27
24
22
23
23
21
21
23
21
20
22
22
24
19
23
17
22
26
19
26
25
26
22
22
23
23
24
27
24
23
22
22
23
22
25
23
22
21
21
21
12
13
13
15
14
16
18
17
21
25
22
17
23
17
19
15
12
9
9
7
9
9
11
13
8
6
8
6
8
14
11
13
13
17
18
16
16
15
14
19
19
19
20
18
20
21
24
16
19
19
16
16
19
21
20
19
17
17
13
14
9
12
13
9
13
10
6
8
8
8
10
9
11
9
10
10
9
7
7
5
5
6
9
11
9
10
9
10
10
18
16
13
14
15
15
14
13
16
21
14
16
18
17
18
15
15
9
11
17
17
16
16
14
14
16
13
21
21
18
19
21
20
20
15
12
9
17
14
14
13
12
16
17
20
20
17
16
16
15
17
19
23
21
22
25
28
25
22
24
22
20
15
16
16
17
13
14
16
13
14
19
18
18
18
14
14
9
11
13
15
12
15
19
17
18
15
15
16
16
19
15
12
8
10
12
12
13
8
14
14
11
6
8
6
4
3
4
5
4
5
3
4
5
7
8
10
11
8
8
11
6
9
6
9
7
7
8
9
13
9
10
6
6
8
6
1
2
4
3
4
11
8
7
8
5
4
5
6
6
8
5
9
8
7
8
4
8
8
4
5
-1
2
1
1
-3
-1
3
-1
5
4
3
5
6
8
4
6
8
8
8
7
10
8
10
13
9
11
13
14
15
15
15
12
14
10
12
7
10
12
9
11
10
15
13
14
10
13
13
19
17
13
17
12
14
15
14
10
11
12
11
13
15
14
17
17
13
14
10
10
10
12
14
13
15
16
15
13
