14
16
17
13
12
10
12
10
13
14
9
10
11
7
11
9
6
8
5
9
10
6
4
7
8
6
7
8
8
7
6
4
6
12
7
8
11
10
11
10
6
8
8
10
8
8
16
10
11
11
12
12
13
11
7
11
11
8
8
9
9
9
11
7
7
5
4
6
2
4
7
4
6
2
4
3
-1
5
1
-1
0
-4
-4
3
7
3
7
3
7
8
7
13
12
12
12
15
14
16
12
14
14
13
19
21
17
21
16
16
18
16
20
22
23
19
19
17
19
13
12
18
12
9
11
15
16
12
12
11
10
10
15
8
8
11
11
10
9
11
12
9
6
8
8
7
8
6
5
5
8
7
2
6
4
0
2
1
7
4
6
9
9
10
12
11
12
15
11
16
17
16
17
18
17
17
14
12
17
16
9
7
7
6
5
3
4
5
2
2
-2
2
3
2
4
3
4
6
6
4
5
2
4
3
3
3
6
6
3
8
8
12
11
9
10
11
8
13
14
5
7
6
11
7
11
10
7
5
-5
2
-1
1
0
5
7
10
12
7
7
10
12
7
6
8
10
9
8
6
3
6
8
8
7
4
9
12
6
9
7
1
3
1
5
-2
2
-3
-1
4
3
2
3
4
3
6
7
11
6
9
10
7
14
14
14
17
16
14
17
15
17
16
16
19
15
14
14
19
14
15
20
17
18
19
21
18
13
13
11
12
11
6
13
10
10
8
8
6
3
3
4
3
2
7
7
7
7
11
7
-1
6
7
6
3
7
7
0
1
-1
2
0
0
2
3
4
2
5
5
4
-2
-2
2
0
-5
-7
-10
-9
-8
-8
-6
-7
-6
-7
-10
-11
-8
-9
-10
-8
-10
-8
-9
-8
-6
-10
-12
-9
-7
-8
-10
-9
-10
-8
-5
-6
-7
-5
-4
-2
-2
-1
-1
-1
2
-4
6
1
-2
1
0
0
0
1
0
-3
1
5
1
0
2
2
0
-7
-8
-7
-7
-5
-3
-3
2
-6
-2
-2
-1
-2
1
2
2
4
-1
1
2
3
-1
-1
1
-1
0
3
2
0
-2
-4
1
-4
3
0
-4
0
-1
4
0
2
0
0
-1
-2
-1
0
0
-3
-4
1
7
7
1
1
-1
-2
3
-3
-1
-3
-6
-7
-1
0
-6
-7
-10
-9
-11
-7
-5
-6
-7
-7
-4
-6
-4
-5
-3
-1
-3
-4
-13
-8
-11
-9
-5
-8
-4
-8
-6
-8
-8
-5
-5
-2
-3
-4
1
0
0
0
-3
1
-2
-4
-7
-5
-4
-12
-4
-2
-5
-2
-2
-2
-7
-5
-8
-5
-6
-11
-12
-15
-14
-16
-15
-18
-15
-10
-15
-15
-16
-10
-9
-11
-10
-11
-12
-14
-16
-14
-16
-12
-10
-14
-8
-12
-9
-8
-8
-4
-7
-7
-5
-8
-7
-4
-1
0
0
2
0
2
4
5
5
5
3
-2
4
4
4
5
0
2
1
2
2
0
0
-4
2
-3
-2
-8
-6
-8
-12
-10
-7
-8
-7
-2
-5
-5
-3
-6
-7
-5
-7
-6
-4
-3
-4
-2
-3
2
2
0
-3
-1
1
0
2
1
0
2
1
4
1
2
3
1
4
3
5
6
7
2
9
10
5
8
9
8
6
6
4
10
6
7
6
2
5
4
4
4
4
1
4
3
-2
6
5
1
5
3
-2
2
1
2
1
-1
1
2
-1
-1
3
2
2
-1
2
1
-1
1
3
2
2
4
4
8
5
2
2
-2
-1
-7
-7
-8
-8
-9
-10
-11
-7
-9
-11
-12
-13
-10
-15
-12
-8
-5
-5
-8
-10
-9
-8
-9
-6
-6
-11
-11
-11
-3
-5
-5
-7
-9
-5
-5
-4
-6
-4
-4
-2
-3
-1
3
2
4
6
3
6
7
5
11
11
10
8
7
1
-3
0
-1
0
2
-1
1
3
7
6
6
7
6
6
7
4
6
9
2
2
4
-1
3
1
3
9
7
2
0
-2
-1
-4
-2
0
-2
-1
3
3
8
9
10
10
10
13
11
8
6
10
9
12
11
8
13
12
9
11
12
16
14
15
17
15
19
14
10
14
14
14
14
12
14
14
12
10
12
11
15
11
7
8
7
11
7
5
4
7
4
5
6
7
6
2
6
2
5
0
1
-3
-2
1
-4
-10
-9
-7
-15
-5
-8
-13
-13
-12
-12
-12
-12
-11
-9
-11
-9
-8
-10
-7
-11
-9
-11
-11
-9
-12
-14
-9
-10
-13
-6
-12
-8
-11
-10
-11
-15
-12
-9
-13
-12
-9
-12
-5
-7
-7
-8
-5
0
-2
-1
-4
-6
0
-5
-2
-3
-5
-4
-1
-4
-5
-6
-8
-3
-6
-6
-8
-7
-6
-3
-4
-9
-7
-10
-9
-6
-11
-10
-10
-5
-5
-7
-5
-2
-2
-4
-1
-4
2
1
2
2
1
2
0
6
2
-2
3
5
2
-1
1
-1
3
2
0
4
5
6
1
3
4
4
0
4
2
5
2
4
-1
-5
-4
-7
-6
-5
5
0
2
-2
-6
-1
-5
-5
-5
-2
-3
-2
-1
-4
-2
0
1
-4
-4
-2
-8
-7
-7
-4
-5
-5
-10
-2
-4
-7
1
1
-1
-2
-2
-5
-3
-6
-5
-7
-10
-10
-10
-9
-9
-11
-16
-15
-13
-11
-17
-14
-13
-16
-17
-16
-21
-20
-15
-19
-18
-16
-17
-19
-23
-22
-24
-21
-21
-22
-20
-20
-22
-24
-21
-22
-21
-19
-17
-15
-16
-21
-16
-14
-16
-19
-18
-14
-16
-14
-16
-18
-17
-12
-13
-16
-17
-15
-16
-12
-11
-10
-10
-9
-6
-9
-4
-4
-5
-8
-6
-9
-8
-7
-6
-10
-10
-6
-5
-3
1
1
3
5
6
3
4
0
0
1
2
0
-1
-2
-6
-7
-8
-5
-9
-5
-8
-9
-11
-10
-8
-7
-8
-8
-9
-7
-6
-3
-5
-7
-3
-3
-3
-4
-4
-7
-3
-3
-5
-2
-5
-4
-1
-4
-1
0
-2
-2
-3
-2
-1
-5
-4
-3
-4
-3
-2
-1
3
4
-1
-2
-5
-4
0
1
4
0
2
-1
-1
-1
-1
-5
-1
-1
0
0
-4
2
1
2
3
0
0
3
-1
-3
-7
-5
-6
-14
-12
-9
-8
-11
-15
-18
-16
-16
-11
-11
-10
-3
-7
-8
-8
-4
-4
-8
-8
-7
-7
-8
-9
-8
-10
-9
-11
-9
-14
-14
-13
-11
-9
-13
-6
-9
-7
-5
-8
-7
-10
-11
-12
-14
-11
-10
-11
-9
-10
-10
-8
-9
-10
-4
-8
-4
-5
-7
-7
-11
-8
-13
-12
-7
-9
-12
-11
-10
-9
-11
-7
-10
-10
-9
-13
-11
-8
-10
-13
-14
-15
-19
-15
-12
-9
-7
-9
-7
-5
-3
-1
1
0
0
0
-8
-1
2
1
5
5
5
4
6
6
8
10
6
6
7
7
3
7
8
10
9
11
12
10
15
11
5
8
6
1
5
5
1
5
1
6
2
1
5
1
0
4
3
-5
-1
-1
0
-1
3
3
7
6
6
8
6
5
7
8
7
8
8
8
12
12
12
17
12
13
17
16
15
14
10
12
13
14
14
10
8
9
10
12
8
11
6
7
4
7
8
6
8
4
0
1
8
3
1
7
8
6
7
6
4
4
7
3
8
7
6
3
1
0
2
5
4
2
4
-1
-1
-2
-2
-2
2
-1
0
2
-1
-1
3
2
2
-1
-1
0
-1
4
2
3
6
7
7
3
2
5
-1
1
3
4
8
3
5
5
6
4
5
4
7
4
-2
4
7
5
6
6
0
0
-2
1
-1
2
0
0
3
5
4
6
5
7
8
6
8
7
9
12
9
10
10
10
7
10
11
8
9
11
9
3
4
3
4
0
2
2
-1
-4
0
5
3
10
8
10
9
9
10
9
9
10
11
8
13
9
6
14
12
13
13
14
12
8
10
11
9
7
6
10
12
12
14
15
15
13
15
13
13
15
14
18
14
10
11
10
8
8
8
10
10
10
9
10
10
7
9
6
3
4
7
2
5
9
5
6
6
8
4
4
2
2
5
3
1
2
1
1
-1
4
4
4
5
3
4
9
6
7
12
10
11
9
3
5
9
7
14
6
6
6
8
6
7
9
4
4
4
7
7
6
4
4
1
1
3
3
7
4
8
9
11
6
11
10
7
10
12
15
14
15
12
12
9
6
9
9
6
8
5
8
10
6
8
4
3
5
3
1
-2
-4
-5
-2
0
-4
-3
-5
-2
-1
-5
1
-1
-2
0
0
0
0
-5
-2
0
0
-1
-2
1
4
3
3
3
7
10
5
3
2
3
7
10
7
5
7
7
5
8
12
11
8
11
10
7
11
10
9
12
12
13
11
11
10
9
8
11
7
12
15
14
16
11
13
10
7
9
6
7
3
5
8
12
10
5
5
8
4
5
5
4
9
6
10
9
10
9
11
9
10
7
3
8
7
2
-2
-3
-2
-3
2
4
3
5
7
7
6
2
1
3
9
7
3
6
9
14
12
14
10
7
10
7
10
10
10
13
13
15
15
10
12
11
7
13
11
8
5
1
-1
4
3
5
2
-2
2
-2
3
4
5
5
6
4
0
1
-2
3
-1
1
6
5
4
1
4
3
0
0
0
3
1
4
4
1
2
2
6
7
9
5
3
-1
2
3
-4
0
7
2
-2
2
0
2
4
4
3
1
4
6
3
4
6
7
6
7
10
9
6
9
13
13
10
9
11
11
9
11
13
9
12
9
9
6
10
7
9
6
4
7
8
5
3
5
2
4
4
5
-2
-3
-2
-2
0
1
-1
-4
-2
-1
-1
1
1
-1
2
3
-5
-1
-4
-1
4
5
7
5
7
4
7
6
10
4
8
8
8
6
11
12
8
13
12
11
14
12
9
10
9
9
7
8
9
12
14
10
9
10
8
11
8
12
10
6
9
12
7
5
5
3
1
0
0
-1
0
3
4
0
1
-2
-5
-6
-8
-4
-6
-7
-11
-10
-9
-15
-9
-7
-9
-10
-10
-10
-8
-11
-11
-14
-10
-12
-12
-12
-11
-8
-9
-9
-6
-3
-3
1
2
5
7
9
7
5
9
14
14
10
13
6
5
10
10
8
6
2
2
6
3
6
0
4
5
6
14
14
17
13
15
15
16
19
16
18
14
13
15
12
10
4
4
4
0
3
-1
-6
-6
-4
-3
-7
-7
-6
-7
-9
-10
-9
-13
-17
-16
-19
-22
-23
-21
-22
-23
-29
-33
-30
-34
-37
-34
-30
-36
-33
-39
-35
-31
-31
-25
-18
-10
-6
-4
-2
5
9
17
20
26
27
28
32
31
31
29
29
21
21
22
19
14
12
12
12
7
5
11
10
15
18
17
19
18
21
22
21
20
17
17
12
10
10
3
0
-4
-7
-11
-10
-11
-12
-14
-15
-16
-16
-15
-14
-12
-10
-6
-6
-2
-4
-1
0
2
2
5
7
4
5
2
7
5
0
1
-2
1
-4
-4
-1
2
-3
-4
-2
-4
-3
0
-3
2
1
2
4
2
3
4
3
-2
7
5
5
7
7
9
1
-2
0
1
2
0
0
2
-2
-1
-2
0
-4
-2
-4
0
1
-3
0
3
3
1
0
-5
2
2
3
3
-1
5
1
-1
3
0
0
2
1
-1
-2
5
4
3
-2
2
6
9
11
17
10
14
15
10
13
10
10
10
12
12
12
5
9
7
5
0
6
6
0
8
7
7
3
-2
4
4
1
4
1
5
7
6
8
3
4
7
6
6
9
8
6
2
6
7
4
6
6
6
1
6
5
3
6
5
4
4
8
1
4
3
5
5
5
6
5
9
6
12
9
8
10
6
11
5
9
9
11
8
7
10
8
12
8
5
8
6
2
3
2
6
6
9
7
-1
7
4
3
6
3
7
3
6
2
-1
4
4
7
5
4
2
1
-2
-1
-1
-4
-4
-8
-2
-1
-6
-4
1
5
7
-1
-2
8
8
14
11
2
-2
1
6
3
0
-6
-7
-7
-7
-10
-8
-12
-15
-14
-12
-11
-13
-11
-11
-11
-6
0
-7
-11
-12
-3
3
3
-4
-15
-15
-4
-1
-4
-8
-14
-8
-8
-8
-5
-8
-7
-9
-10
-5
-6
-13
-10
-7
-7
-6
-9
-11
-10
-11
-5
-4
-6
-8
-10
-9
-7
-10
-8
-9
-16
-15
-9
-7
-11
-6
0
1
-1
3
4
9
12
8
9
12
13
13
14
15
13
15
18
20
24
26
28
34
41
44
39
40
39
46
45
46
46
37
36
31
33
34
28
27
24
23
22
19
19
13
12
12
14
14
13
15
19
20
21
25
18
17
12
13
14
15
11
0
0
-1
-3
-7
-9
-15
-20
-18
-16
-12
-15
-16
-14
-13
-11
-15
-14
-10
-20
-18
-15
-12
-16
-28
-37
-36
-35
-33
-43
-50
-49
-49
-43
-47
-49
-52
-52
-47
-35
-29
-24
-22
-23
-8
2
11
21
28
30
34
44
48
50
54
58
50
48
52
44
37
34
31
22
21
17
11
15
14
17
16
14
18
17
21
27
30
33
35
31
33
35
36
37
34
24
23
20
20
13
11
8
-3
-5
-10
-10
-17
-18
-19
-21
-23
-23
-17
-13
-14
-11
-9
-3
13
22
6
-5
7
17
29
19
10
1
2
11
11
4
-3
-10
-12
-1
2
-7
-10
-10
-7
2
3
-2
-7
-3
8
16
10
4
-4
-5
5
7
5
-4
-17
-16
-11
-11
-14
-19
-21
-20
-19
-19
-26
-29
-23
-23
-31
-31
-32
-32
-31
-33
-31
-35
-45
-52
-46
-38
-40
-50
-49
-39
-16
-1
-12
-16
-2
13
29
41
49
42
41
53
66
69
64
56
43
46
51
49
36
25
16
23
27
21
14
8
4
11
18
22
14
10
12
25
30
25
25
24
34
39
43
43
38
32
33
38
36
36
22
9
10
13
22
26
9
-16
-22
-4
8
10
-4
-20
-18
-5
6
9
1
-9
-18
-7
8
7
-7
-8
-8
-3
7
1
-6
-9
-13
-7
-2
-1
-17
-22
-16
-12
-15
-23
-35
-42
-32
-32
-28
-33
-34
-47
-56
-47
-44
-43
-46
-56
-65
-62
-55
-51
-57
-70
-78
-84
-88
-89
-111
-108
-76
-49
-57
-57
-39
-18
13
48
69
69
76
90
108
132
142
123
95
88
83
73
65
44
18
0
-10
-17
-26
-37
-47
-43
-30
-35
-34
-29
-24
-14
8
24
21
19
28
42
50
69
66
48
46
48
47
50
52
37
18
8
6
4
-8
-17
-26
-34
-34
-27
-7
6
-4
-27
-14
13
37
47
41
25
24
41
69
82
74
40
30
49
69
69
47
20
9
17
10
3
-10
-37
-49
-39
-25
-43
-62
-66
-60
-42
-35
-43
-57
-56
-41
-21
-10
-16
-30
-35
-23
-12
-9
-20
-34
-55
-56
-58
-58
-67
-88
-103
-109
-102
-113
-137
-164
-178
-186
-203
-209
-175
-103
-32
-27
-88
-97
17
148
193
172
156
140
152
222
285
270
181
113
98
110
121
86
16
-54
-69
-56
-67
-96
-117
-131
-126
-91
-66
-85
-117
-92
-30
15
23
22
11
8
64
132
133
94
72
64
77
110
129
96
39
3
-2
6
13
2
-48
-96
-96
-77
-80
-99
-105
-111
-122
-105
-78
-77
-81
-72
-42
-27
-1
68
101
61
55
114
162
211
226
177
114
135
171
180
160
108
36
4
13
22
-11
-57
-104
-121
-99
-92
-105
-115
-117
-98
-55
-29
-45
-58
-31
-4
26
43
28
-10
-21
6
34
42
3
-46
-70
-50
-32
-55
-90
-110
-129
-138
-135
-140
-155
-172
-194
-212
-220
-229
-243
-227
-160
-92
-57
-62
-84
-57
72
209
239
204
184
198
232
299
352
313
209
137
145
173
156
91
17
-47
-68
-55
-63
-111
-147
-150
-139
-116
-104
-129
-156
-124
-43
4
5
-11
-17
10
65
128
140
92
56
71
118
141
136
98
37
2
17
31
16
-17
-72
-110
-113
-92
-93
-129
-153
-156
-147
-126
-111
-54
6
0
-37
2
93
166
188
163
124
144
197
214
200
167
110
59
62
78
56
-4
-53
-82
-74
-67
-87
-117
-124
-116
-99
-78
-78
-102
-100
-58
-22
-19
-38
-63
-69
-52
-30
-27
-72
-131
-155
-131
-105
-120
-171
-214
-238
-243
-251
-262
-287
-315
-309
-212
-37
20
-135
-238
-39
237
285
200
184
205
193
263
429
453
270
102
129
240
261
192
91
-24
-64
-2
45
-16
-108
-144
-136
-87
-36
-67
-153
-176
-79
13
11
-25
-43
-45
2
109
172
102
5
16
111
161
152
137
86
7
-1
73
121
52
-60
-106
-79
-53
-59
-90
-129
-156
-159
-139
-121
-130
-150
-172
-110
50
87
-17
-52
62
184
258
246
171
129
187
242
275
261
162
59
54
108
129
57
-49
-105
-84
-40
-48
-92
-141
-170
-131
-64
-61
-98
-135
-127
-90
-44
-37
-88
-126
-103
-66
-41
-71
-137
-167
-160
-122
-126
-164
-196
-198
-201
-229
-254
-256
-281
-310
-300
-186
11
55
-164
-278
-5
329
334
183
186
229
215
287
479
525
303
99
174
321
316
208
114
31
-24
13
58
-7
-112
-170
-147
-86
-51
-106
-213
-230
-121
-14
-19
-82
-116
-112
-56
70
157
77
-55
-33
106
166
139
134
115
29
-3
97
188
119
-26
-45
4
9
-7
-22
-62
-115
-121
-97
-102
-105
-47
0
-30
-47
11
59
82
134
166
148
140
156
194
208
191
164
139
119
107
109
95
51
6
-9
-17
-25
-22
-51
-87
-89
-82
-74
-96
-109
-98
-95
-106
-121
-115
-98
-120
-135
-121
-121
-155
-182
-192
-179
-172
-179
-193
-217
-223
-232
-248
-261
-273
-286
-307
-235
-13
124
-42
-255
-110
249
399
301
242
259
237
260
452
605
452
190
146
281
358
314
183
39
-38
-8
37
5
-90
-178
-195
-154
-100
-108
-211
-283
-207
-81
-51
-105
-140
-130
-81
7
101
104
8
-40
49
175
202
166
149
117
56
78
185
208
77
-26
-21
15
6
-29
-53
-96
-149
-162
-135
-129
-158
-161
-79
-5
-39
-98
-51
80
182
213
169
117
149
251
317
314
249
176
142
165
231
225
105
-20
-29
12
2
-31
-70
-143
-194
-150
-93
-120
-201
-213
-167
-158
-171
-165
-166
-190
-182
-145
-141
-211
-238
-196
-151
-154
-189
-193
-184
-205
-237
-229
-228
-260
-299
-190
75
191
-59
-301
-52
403
480
272
220
290
269
287
518
660
424
98
107
332
418
295
125
-4
-60
-13
57
28
-100
-221
-222
-127
-49
-90
-208
-266
-181
-43
5
-64
-130
-109
-41
62
150
131
6
-43
82
229
238
167
123
83
35
90
221
195
-1
-100
-29
29
-12
-64
-89
-153
-211
-194
-124
-137
-119
-34
-36
-98
-81
15
103
172
197
149
105
143
238
318
297
206
142
139
171
207
191
130
36
-17
-7
28
9
-64
-127
-137
-151
-153
-150
-178
-201
-197
-174
-186
-232
-231
-195
-167
-154
-166
-223
-286
-258
-151
-101
-159
-218
-237
-242
-250
-230
-217
-263
-342
-266
19
189
-48
-331
-126
336
467
276
188
261
266
289
506
667
466
117
86
356
504
373
148
-1
-28
13
97
107
-43
-237
-265
-125
-19
-65
-197
-275
-233
-94
-10
-43
-132
-164
-93
33
129
105
-10
-50
69
213
231
171
138
97
47
118
272
250
20
-95
7
106
58
-34
-80
-130
-176
-147
-93
-104
-79
-88
-174
-161
-4
78
34
21
102
146
143
153
210
250
226
196
203
201
191
171
158
177
141
40
-18
10
30
-20
-64
-106
-168
-199
-193
-151
-145
-201
-260
-271
-241
-191
-191
-209
-234
-245
-238
-229
-217
-208
-224
-227
-224
-236
-245
-279
-298
-290
-271
-286
-203
46
158
-113
-320
-10
455
490
220
169
328
350
338
527
664
434
94
129
415
508
303
71
-4
1
-1
62
79
-73
-280
-265
-90
-33
-131
-229
-242
-178
-88
-33
-59
-123
-131
-32
84
131
73
-17
-14
109
222
201
141
118
82
43
118
238
184
-41
-132
-5
82
-3
-98
-117
-167
-242
-176
-83
-81
-79
-124
-189
-149
15
118
96
60
76
111
161
223
279
255
191
189
231
233
224
189
156
138
102
61
39
19
-10
-39
-46
-95
-166
-184
-181
-158
-150
-200
-267
-285
-253
-201
-186
-196
-240
-285
-275
-232
-185
-177
-217
-226
-231
-239
-243
-245
-255
-278
-327
-272
-9
228
40
-358
-232
336
604
339
107
222
367
351
464
681
609
203
20
310
622
509
163
-17
29
60
64
127
84
-184
-344
-175
38
-40
-246
-280
-197
-118
-80
-69
-107
-167
-123
38
146
92
-35
-53
85
221
237
167
122
118
81
94
234
304
100
-151
-97
124
115
-85
-151
-112
-193
-279
-182
2
17
-148
-257
-186
-3
113
110
43
10
49
112
177
255
245
147
96
156
241
242
162
125
133
113
57
41
48
20
-27
-36
-67
-121
-192
-213
-162
-134
-196
-293
-333
-297
-243
-214
-214
-275
-334
-325
-246
-174
-171
-205
-249
-273
-235
-193
-206
-274
-324
-323
-300
-123
148
140
-254
-404
52
562
479
118
67
262
354
403
572
637
347
26
151
536
637
312
6
10
101
100
139
167
-24
-288
-238
26
64
-169
-304
-215
-106
-103
-110
-118
-181
-207
-68
98
91
-67
-147
-26
157
221
165
95
71
68
95
191
304
217
-51
-143
71
226
77
-107
-104
-102
-177
-163
-3
77
-76
-264
-241
-24
151
122
-27
-61
55
166
174
187
207
168
123
171
264
269
162
115
176
218
146
50
32
59
54
24
-25
-76
-155
-212
-166
-86
-138
-291
-383
-329
-242
-213
-245
-303
-366
-379
-296
-196
-195
-263
-282
-256
-239
-236
-241
-262
-323
-359
-345
-165
139
187
-217
-468
-47
553
565
160
29
233
351
376
545
676
436
39
30
431
677
401
7
-45
80
68
58
152
79
-237
-329
-64
105
-92
-321
-262
-88
-79
-139
-146
-155
-192
-122
63
114
-67
-200
-88
130
215
150
75
50
49
63
146
278
258
4
-176
-14
216
144
-81
-131
-88
-164
-215
-97
-45
-96
-120
-144
-178
-115
2
52
52
65
38
-12
53
208
300
213
108
93
133
212
281
239
160
90
49
78
172
169
26
-96
-76
-34
-59
-125
-163
-154
-192
-271
-279
-256
-266
-287
-268
-260
-308
-357
-321
-238
-180
-184
-255
-301
-267
-178
-163
-242
-317
-353
-372
-265
49
272
-8
-478
-347
339
712
400
16
95
326
382
481
702
644
199
-58
272
717
642
179
-82
20
152
172
184
115
-139
-302
-139
88
38
-201
-315
-230
-108
-69
-96
-177
-247
-191
-31
49
-40
-153
-142
-32
83
150
124
38
-16
18
126
243
260
82
-117
-49
186
223
31
-98
-79
-89
-148
-67
5
-71
-119
-134
-144
-97
-9
19
5
39
34
-33
0
144
248
169
56
54
108
153
225
241
156
50
33
107
190
164
50
-28
-21
-21
-45
-46
-68
-125
-191
-241
-236
-223
-237
-249
-252
-282
-352
-375
-308
-234
-223
-255
-300
-327
-305
-186
-113
-231
-374
-368
-294
-284
-315
-149
152
117
-324
-477
65
641
525
91
26
265
387
440
641
735
409
37
136
595
791
425
-4
6
224
239
145
160
91
-173
-262
-33
150
-22
-320
-331
-129
-42
-125
-226
-229
-186
-153
-89
-33
-75
-171
-156
23
179
128
-41
-51
120
210
145
134
186
102
-36
69
274
205
-67
-119
19
33
-44
-61
-57
-36
-29
-70
-97
-29
49
49
27
24
3
3
61
176
190
88
8
17
111
237
221
68
11
75
101
90
127
135
16
-104
-82
23
58
-61
-175
-180
-176
-205
-206
-192
-213
-295
-342
-300
-254
-268
-302
-319
-297
-280
-289
-298
-266
-223
-291
-371
-360
-350
-384
-373
-164
107
42
-361
-480
51
619
520
65
-36
254
465
525
645
690
397
91
223
669
816
439
31
34
234
289
231
179
18
-220
-221
25
124
-92
-340
-341
-189
-117
-144
-231
-306
-292
-191
-94
-95
-176
-220
-166
-18
85
43
-38
-26
74
131
123
163
182
54
-22
142
308
177
-57
-45
109
86
15
93
100
-60
-135
-15
122
129
5
-112
-66
92
132
32
-9
57
81
25
55
164
139
51
72
151
174
124
60
73
145
156
50
-14
21
26
-22
-39
-42
-93
-190
-204
-141
-149
-237
-286
-270
-251
-281
-307
-304
-315
-315
-277
-252
-300
-326
-256
-228
-313
-365
-337
-343
-412
-387
-107
154
-32
-474
-449
202
652
398
-23
17
321
457
529
692
682
317
55
306
812
860
342
-53
89
364
343
221
177
12
-249
-218
85
181
-128
-446
-390
-162
-87
-204
-323
-332
-299
-260
-188
-123
-177
-283
-252
-56
72
-4
-120
-83
52
88
72
135
160
32
-23
162
293
151
-23
40
137
83
14
44
17
-97
-127
-38
19
-37
-107
-97
-1
58
15
-22
32
106
111
112
139
137
109
147
223
213
153
114
108
112
139
146
88
-5
-40
-18
-5
-26
-72
-115
-167
-185
-174
-166
-186
-229
-262
-274
-281
-288
-303
-288
-256
-273
-340
-360
-272
-211
-253
-306
-298
-308
-348
-377
-369
-370
-318
-83
88
-139
-494
-301
367
669
306
-76
63
417
573
637
743
627
240
101
515
973
810
227
-44
160
363
365
319
204
-107
-336
-147
180
148
-208
-452
-378
-226
-154
-165
-254
-375
-409
-291
-144
-137
-235
-266
-204
-93
-26
-19
-52
-46
4
37
95
181
148
-15
-19
201
319
146
-31
22
130
99
44
73
48
-33
12
90
97
48
-17
-20
68
151
80
-25
-5
99
131
62
12
29
68
99
110
55
28
45
35
58
124
101
-46
-115
-14
106
54
-73
-146
-138
-128
-136
-99
-113
-227
-329
-292
-198
-191
-275
-321
-296
-264
-260
-285
-282
-250
-243
-280
-316
-284
-272
-338
-410
-422
-379
-229
-9
23
-286
-495
-114
471
548
125
-102
153
477
580
608
647
494
201
236
683
925
560
77
67
332
421
341
274
111
-171
-223
61
246
9
-358
-422
-241
-119
-146
-224
-329
-433
-389
-188
-80
-197
-344
-327
-186
-78
-48
-59
-102
-118
-78
29
144
152
33
-40
73
216
189
82
107
188
146
97
150
203
159
105
109
119
105
86
74
87
88
37
-12
-14
26
39
7
-18
-45
-50
-14
20
19
-1
-16
-34
-28
27
62
16
-48
-49
-7
15
-33
-75
-69
-87
-139
-152
-105
-109
-214
-259
-198
-157
-212
-280
-274
-234
-229
-249
-277
-286
-289
-287
-273
-278
-330
-386
-418
-425
-392
-283
-87
-25
-271
-514
-253
337
548
200
-130
26
395
582
618
633
503
236
214
592
928
731
230
48
275
468
445
337
184
-62
-200
5
253
142
-233
-420
-287
-135
-133
-206
-293
-387
-416
-292
-138
-160
-320
-392
-266
-104
-85
-152
-148
-74
-39
-55
17
147
123
-19
2
217
289
117
30
163
261
155
54
132
194
170
124
75
75
105
133
128
120
87
16
6
99
188
123
-24
-67
29
113
114
51
-25
-43
-20
17
76
105
13
-106
-96
28
89
27
-64
-117
-107
-87
-59
-38
-88
-179
-229
-181
-118
-126
-203
-273
-283
-245
-204
-220
-285
-315
-280
-263
-278
-268
-258
-308
-358
-355
-341
-358
-368
-241
-24
-18
-293
-415
-36
449
441
60
-80
186
478
560
554
515
384
248
313
616
787
527
103
38
317
489
380
176
18
-92
-77
77
167
5
-266
-371
-246
-81
-91
-256
-374
-343
-261
-222
-220
-250
-282
-284
-227
-153
-123
-142
-158
-124
-72
-17
35
53
-12
-41
74
207
166
50
79
172
143
91
155
204
95
32
193
292
175
27
52
194
249
180
70
53
101
126
131
123
46
-63
-50
86
139
-3
-120
-87
-19
14
21
-5
-86
-145
-107
-3
40
-24
-131
-161
-86
-30
-43
-97
-127
-136
-133
-112
-112
-157
-193
-162
-146
-206
-274
-243
-175
-181
-263
-292
-240
-223
-263
-268
-224
-267
-367
-388
-309
-218
-103
-9
-118
-339
-263
189
471
261
-61
-5
323
526
524
461
401
281
237
441
703
622
231
17
196
434
406
239
97
-38
-116
-7
161
112
-158
-350
-292
-126
-63
-140
-285
-393
-374
-235
-151
-210
-320
-335
-260
-207
-187
-172
-138
-124
-151
-164
-73
51
61
-36
-56
70
144
90
92
198
203
70
33
175
263
168
74
132
172
110
88
166
219
165
65
23
88
180
178
70
-14
-15
32
73
90
53
-52
-119
-70
22
65
28
-74
-151
-103
19
58
-10
-77
-92
-79
-48
-1
19
-48
-140
-156
-88
-27
-76
-181
-202
-150
-148
-216
-243
-197
-180
-233
-256
-225
-193
-211
-233
-173
-130
-184
-267
-242
-158
-160
-249
-259
-92
76
0
-234
-226
123
391
266
-13
-8
269
440
393
328
351
332
254
286
464
526
308
73
125
336
351
183
66
52
27
22
83
100
-40
-200
-175
-49
-28
-137
-216
-221
-202
-191
-170
-146
-186
-248
-239
-165
-114
-126
-140
-121
-112
-119
-87
14
78
4
-89
-30
128
180
86
53
116
136
91
117
220
202
74
21
86
196
252
151
27
26
129
195
161
93
26
1
50
136
118
4
-71
-33
34
54
13
-76
-106
-51
14
1
-50
-74
-63
-38
-21
-27
-57
-65
-76
-71
-52
-49
-82
-126
-99
-57
-76
-127
-132
-96
-102
-131
-121
-101
-128
-142
-111
-82
-107
-138
-122
-83
-53
-67
-95
-134
-136
-98
-94
-146
-206
-194
-91
26
-13
-193
-223
35
261
161
-75
-87
133
313
306
185
104
137
235
308
301
247
174
130
161
230
238
186
126
67
40
92
151
102
-5
-38
4
16
-15
-37
-50
-65
-83
-92
-107
-93
-59
-58
-104
-120
-80
-44
-40
-40
-36
-59
-65
-13
49
21
-37
-24
49
68
26
19
58
60
19
14
60
82
60
57
58
46
49
95
126
108
57
27
59
137
162
96
13
15
81
113
88
42
8
-8
17
42
35
12
-4
-18
-20
-6
3
18
16
-18
-63
-52
12
36
-1
-31
-33
-34
-18
29
58
13
-63
-60
4
39
17
-22
-54
-73
-46
-4
3
-57
-106
-99
-77
-58
-64
-103
-137
-121
-84
-78
-110
-120
-109
-117
-137
-145
-142
-141
-148
-138
-108
-92
-132
-153
-80
5
0
-63
-65
-3
51
71
74
55
32
53
102
126
97
72
78
91
116
116
96
80
88
115
116
90
87
113
121
97
86
121
137
100
71
95
120
104
71
67
78
65
39
40
55
47
9
-18
4
26
8
-23
-32
-24
-22
-40
-44
-30
-22
-38
-71
-76
-35
-8
-33
-68
-48
-17
-24
-42
-27
4
-8
-35
-34
4
32
18
-9
-8
19
23
21
36
65
57
26
41
88
106
80
80
99
106
93
98
127
123
84
59
79
108
97
53
31
36
37
30
19
9
-7
-29
-34
-25
-29
-37
-53
-76
-74
-58
-53
-69
-84
-80
-83
-93
-86
-71
-72
-101
-117
-88
-70
-92
-119
-113
-96
-114
-132
-123
-104
-107
-126
-134
-138
-143
-138
-123
-125
-135
-139
-122
-94
-81
-78
-83
-57
-33
-30
-19
26
61
42
12
27
78
101
82
65
64
65
63
76
106
104
52
27
65
104
81
46
50
68
56
35
58
82
65
20
18
51
71
45
12
17
25
15
-3
10
16
-17
-42
-28
-15
-30
-48
-44
-45
-65
-69
-55
-50
-65
-69
-50
-40
-44
-35
-18
-19
-23
2
37
41
10
9
43
69
62
41
42
49
54
50
51
46
34
30
35
56
47
17
11
29
44
43
33
26
23
23
31
41
35
24
12
14
21
8
9
22
13
-23
-29
0
8
-28
-60
-41
-22
-51
-83
-67
-42
-65
-93
-84
-59
-69
-91
-76
-54
-54
-77
-77
-60
-50
-45
-52
-57
-64
-58
-33
-18
-33
-63
-75
-47
-20
-17
-36
-47
-43
-34
-26
-8
3
-23
-40
-31
-11
-1
1
-4
-17
-21
-7
13
15
1
-3
6
11
6
-2
8
21
8
-13
-11
-2
-6
-27
-15
-9
-37
-52
-40
-20
-26
-41
-38
-23
-35
-53
-28
12
11
-26
-39
-3
32
27
9
8
7
-2
4
31
40
16
-16
-17
6
21
10
-4
-14
-18
-12
-2
-2
-1
6
2
-16
-14
16
32
13
-3
12
20
23
29
32
31
27
18
23
35
35
18
6
5
16
19
8
-11
-26
-16
-10
-9
-23
-34
-37
-37
-20
-14
-17
-32
-43
-32
-7
-2
-22
-26
-8
-4
-24
-28
-2
6
-15
-27
-13
-7
-19
-21
-17
-16
-27
-41
-33
-19
-22
-28
-31
-27
-23
-28
-25
-18
-13
-16
-16
-12
-12
-13
-2
6
-8
-15
-12
-7
-5
-1
1
-12
-27
-25
-11
-6
-11
-26
-37
-41
-30
-14
-19
-37
-45
-40
-39
-26
-13
-8
-24
-41
-30
-16
-13
-13
-3
-11
-26
-24
-14
-4
-6
-6
-13
-30
-33
-28
-14
-15
-33
-54
-61
-42
-19
-22
-36
-47
-44
-28
-9
-2
-8
-15
-14
-14
0
16
19
2
-16
-1
18
18
-1
-5
-6
-10
-22
-26
-10
-6
-20
-51
-57
-36
-27
-48
-61
-52
-46
-49
-44
-35
-37
-46
-43
-20
-6
-7
-10
-7
2
5
7
10
10
2
-4
4
16
16
8
5
12
14
9
3
1
9
2
1
-7
-8
-5
-4
-9
-12
-10
-17
-18
-15
-10
-12
-18
-21
-18
-13
-10
-11
-12
-12
-5
1
-5
-8
-1
12
9
-4
-11
0
5
3
3
4
-6
-4
2
10
8
-5
-7
1
8
-7
-10
-1
6
-8
-27
-19
-4
-5
-19
-31
-27
-21
-29
-36
-25
-16
-23
-35
-35
-15
-3
-13
-30
-24
-4
1
-9
-15
-8
-1
-1
2
10
0
-11
-3
13
17
3
-11
-11
-3
-2
-10
-22
-28
-31
-38
-46
-45
-42
-52
-63
-63
-59
-59
-59
-56
-57
-63
-63
-56
-41
-35
-44
-50
-49
-32
-21
-21
-21
-25
-27
-26
-14
6
8
-11
-26
-22
-3
9
1
-11
-17
-14
-8
-18
-16
-8
-9
-20
-26
-29
-21
-29
-31
-21
-32
-45
-44
-28
-22
-34
-40
-28
-18
-17
-23
-26
-23
-12
-13
-15
-17
-11
-12
-16
-6
1
3
-5
-12
-10
-1
6
10
0
-2
3
7
9
18
18
-1
-15
-5
11
15
6
-9
-11
-12
-5
-4
-1
-11
-20
-19
-18
3
4
0
-8
-9
10
15
16
21
25
21
13
15
22
20
14
14
9
-2
-4
4
8
5
-9
-18
-12
3
0
-16
-27
-24
-22
-24
-19
-16
-34
-46
-35
-18
-11
-22
-35
-37
-26
-12
-15
-26
-38
-36
-25
-12
-16
-28
-26
-23
-13
-14
-14
-8
-12
-12
-12
3
4
-12
-15
-8
-2
-6
-14
-10
-4
-9
-18
-19
-11
-12
-20
-20
-21
-23
-22
-23
-25
-27
-22
-15
-19
-24
-29
-29
-26
-24
-15
-22
-26
-27
-14
-6
-15
-26
-23
-18
-18
-23
-19
-6
-16
-36
-37
-12
-7
-20
-35
-27
-23
-28
-38
-34
-25
-27
-38
-47
-37
-14
-13
-39
-42
-27
-11
-10
-14
-15
-9
-2
-1
4
11
16
3
-6
11
24
27
7
-2
1
5
8
1
-2
-8
-16
-18
-9
-8
-5
-8
-9
-15
-9
-7
0
9
-7
-19
-17
1
11
5
-7
-4
4
9
11
9
6
-2
1
7
13
10
5
1
1
8
8
13
10
8
4
-2
-1
5
2
-5
-14
-15
-9
-12
-11
-11
-10
-15
-19
-20
-8
2
-8
-23
-21
-9
4
-3
-12
-10
-2
4
-8
-4
-7
-2
-10
-9
0
-1
-11
-16
-1
6
-9
-25
-16
-7
-14
-19
-23
-19
-18
-13
-18
-22
-24
-24
-18
-15
-14
-28
-35
-24
-15
-28
-39
-34
-25
-23
-32
-31
-17
-11
-19
-19
-6
-1
-3
-7
-2
2
-5
-1
9
18
8
-5
4
15
10
-2
-6
3
4
-9
-19
-23
-23
-34
-41
-33
-29
-31
-41
-55
-48
-27
-18
-38
-53
-38
-17
-16
-25
-25
-16
-11
-12
-7
5
7
-7
-7
5
25
30
11
4
14
31
34
31
28
22
17
16
33
43
30
12
7
20
31
24
15
8
10
3
10
18
11
0
-8
5
12
5
-3
0
1
1
7
4
3
2
-6
2
12
9
0
-3
4
12
15
14
11
8
12
15
15
13
9
12
10
6
10
14
2
-1
-8
4
6
-7
-14
-8
0
-8
-12
-12
-9
-15
-16
-5
-4
-7
-6
-1
5
4
6
5
8
15
16
8
11
17
11
9
6
6
11
7
-7
-9
-1
-2
-4
-5
-6
-14
-17
-12
-8
-11
-18
-24
-20
-12
-10
-17
-22
-26
-27
-22
-19
-19
-25
-26
-28
-27
-20
-18
-16
-20
-26
-21
-19
-19
-13
-9
-17
-25
-15
-7
-7
-17
-19
-11
-8
-13
-13
-9
0
-4
-14
-10
-3
-2
-11
-4
-1
0
-5
-5
4
12
3
-7
0
6
11
12
4
8
8
-9
-6
6
15
3
-13
-7
11
15
0
-10
-4
0
-8
-10
-1
0
-14
-29
-23
-7
-7
-14
-16
-11
-10
-18
-13
-4
-1
-18
-21
-10
-3
-2
-11
-4
-6
-3
-2
-2
-1
-3
0
5
13
11
5
5
9
13
11
8
2
5
7
-3
-2
-1
0
3
-5
-7
-3
0
6
1
-1
8
8
7
4
9
18
18
7
5
11
11
13
6
3
5
8
10
7
3
-6
-14
-10
-4
-4
-8
-14
-18
-16
-20
-14
-11
-15
-20
-20
-18
-20
-13
-18
-21
-23
-20
-14
-17
-12
-12
-19
-13
-12
-4
1
-3
-7
-4
4
10
13
13
13
8
11
18
21
22
20
16
15
25
28
20
21
20
15
16
24
26
17
8
14
18
11
10
9
0
-1
-3
-4
1
3
-9
-18
-9
-3
-2
-8
-10
-4
-5
-4
3
7
1
-3
3
7
10
12
9
4
10
9
5
4
11
9
4
-7
-5
3
4
-2
-7
-5
-8
-8
-5
-1
-2
-2
-7
-2
4
7
6
6
9
13
14
15
22
23
19
21
23
32
32
31
25
15
14
23
28
21
16
7
7
14
15
9
-1
-4
3
0
-1
-3
-5
-12
-12
-5
0
-3
-11
-8
-5
-3
-7
-15
-12
-11
-8
-6
-4
-10
-9
-6
1
-1
-6
-5
0
9
9
9
8
14
24
20
17
19
21
28
28
26
21
17
9
11
21
20
10
5
8
11
14
14
11
11
9
7
6
7
2
2
-2
5
5
5
1
-3
1
-2
3
0
4
0
-5
-8
-5
-3
-3
-5
-10
-11
-9
-7
-3
-5
-15
-21
-15
-5
-9
-15
-15
-10
-9
-7
-6
-6
-8
-3
5
5
4
6
5
11
15
14
8
8
3
11
17
20
10
1
3
10
15
7
7
2
4
1
-2
5
2
-7
-13
-8
0
-6
-9
-8
-9
-8
-14
-11
-5
-8
-10
-16
-12
-8
-10
-13
-17
-15
-12
-5
-2
-3
-8
-2
1
7
4
6
6
12
9
5
11
10
13
5
9
9
10
9
11
14
10
4
0
6
10
10
3
3
7
8
8
7
13
17
21
25
25
23
35
35
32
30
33
37
34
36
39
45
35
29
34
38
34
30
30
28
25
21
19
16
9
4
6
8
7
-5
-12
-10
-7
-8
-10
-16
-15
-13
-9
-9
-14
-12
-11
-8
-9
-7
0
6
7
8
16
17
22
23
28
28
30
35
37
39
37
36
35
38
44
41
36
36
39
32
32
26
26
29
21
16
18
17
10
11
8
3
-3
-12
-8
3
-1
-12
-11
-5
-5
-9
-7
-9
-11
-10
-10
-8
-10
-6
-1
-3
-4
-4
-5
-4
1
5
-1
-8
-3
0
3
-1
1
-5
-1
-3
-7
1
-3
-5
-6
-5
-4
-3
-4
-2
1
-2
-3
1
4
12
9
13
17
21
24
21
24
23
20
23
24
25
22
14
19
23
17
16
21
11
7
10
9
13
8
1
-4
-2
1
-4
-5
-6
-4
-5
-9
-6
-7
-4
-9
-8
0
-1
1
-5
-3
2
2
3
-1
5
1
3
4
12
9
7
11
4
12
15
18
14
12
11
14
16
15
12
11
13
13
11
19
18
14
12
17
22
17
12
7
10
14
18
15
18
11
9
7
11
20
13
8
8
11
15
18
16
11
11
8
5
10
11
14
9
-1
4
11
11
8
3
6
5
4
4
8
8
0
-3
-1
2
-2
2
-1
-5
-2
1
1
-2
0
4
8
11
12
12
19
19
18
22
26
22
20
20
19
16
18
15
16
16
9
9
12
8
11
13
10
13
11
13
11
6
12
8
0
3
2
4
1
0
-1
-1
-3
-6
-6
1
0
-8
-8
-6
5
1
-4
-2
-3
-4
1
5
8
6
4
6
7
10
10
6
2
3
6
7
4
3
2
4
1
2
5
2
-1
-1
5
7
4
1
1
2
4
4
3
6
8
7
5
11
12
11
14
17
20
14
10
16
17
21
19
15
17
16
20
21
20
23
23
17
15
16
18
10
5
9
8
9
4
3
8
-1
3
3
5
5
-1
-2
0
3
-1
6
8
9
6
5
14
15
14
13
12
9
17
18
22
19
15
15
17
21
24
24
20
20
18
23
19
22
26
24
19
16
21
23
18
16
16
23
19
13
13
16
14
13
10
11
11
4
6
5
6
11
9
5
5
4
2
0
8
8
2
-1
0
5
5
5
-1
-6
-4
-5
-2
-6
-6
-6
-9
-5
-4
0
-2
-2
0
0
-1
3
4
12
10
10
13
12
11
13
11
11
14
12
18
22
19
16
17
17
21
25
23
23
24
20
12
13
11
14
16
16
13
10
14
9
9
9
8
6
13
13
10
12
9
9
9
13
13
10
8
13
11
14
13
8
9
13
14
9
15
15
11
12
17
20
17
16
20
25
25
25
31
30
35
32
32
38
40
43
40
39
43
49
73
90
47
-2
19
67
60
24
7
22
50
49
26
11
24
46
42
25
22
32
40
34
26
28
31
39
34
24
22
34
51
69
135
178
107
51
80
88
3
-49
-9
-3
-51
-75
-75
-64
-9
54
36
-28
-11
19
-1
-32
-7
58
21
-21
-11
23
0
28
68
26
-30
-3
40
8
-20
-10
-6
-12
-5
-17
-67
-83
-13
12
-58
-75
-13
5
-24
4
31
6
1
42
54
28
41
70
55
28
54
97
73
32
49
59
44
41
52
19
-2
39
57
20
11
33
30
9
21
51
34
1
28
53
20
13
54
45
6
24
49
28
-6
15
32
36
50
35
20
21
47
67
61
59
48
41
50
55
54
49
50
49
49
56
69
50
28
43
79
65
23
27
49
33
4
30
54
25
4
24
34
23
28
35
26
25
42
36
10
14
34
38
46
56
41
13
15
47
51
28
29
38
34
24
26
42
28
30
45
38
18
6
10
12
12
33
38
21
16
21
23
23
42
46
33
26
35
36
27
39
47
43
32
44
55
29
30
58
65
54
42
41
49
44
43
50
52
38
20
31
40
40
35
26
33
31
20
18
11
12
11
11
11
10
5
-5
3
16
16
9
5
10
17
15
14
18
14
14
18
20
18
13
14
22
21
24
29
24
12
11
25
23
21
19
25
22
22
31
28
19
16
20
18
14
10
15
16
19
28
22
10
13
14
25
30
28
23
14
14
22
23
20
17
18
22
16
15
17
16
16
17
12
5
4
8
7
-1
1
15
9
-2
2
4
11
18
11
5
3
9
13
15
20
17
13
15
22
23
20
21
26
29
30
27
31
37
35
37
33
36
37
37
35
33
32
29
33
32
35
31
26
30
34
30
23
23
20
16
6
12
12
14
14
8
3
5
8
3
3
9
12
11
9
14
18
14
18
21
19
15
13
5
4
11
10
11
11
12
13
6
2
14
22
10
9
12
12
12
13
11
11
17
21
16
-3
2
13
9
3
7
12
10
8
13
3
3
8
8
5
4
6
1
1
3
7
4
3
5
1
-1
4
12
7
4
5
11
8
0
1
2
-4
-1
5
1
0
-1
4
5
9
8
4
0
10
14
3
-1
5
8
3
-2
3
7
10
7
8
14
16
14
10
7
5
7
3
-2
5
15
15
10
11
15
24
23
19
19
15
12
11
17
20
13
11
13
18
15
9
13
14
9
8
14
18
19
13
10
14
18
24
20
14
19
22
21
16
18
19
13
15
12
11
13
7
12
13
16
20
12
10
17
14
11
9
9
11
4
11
13
18
15
14
20
16
13
9
9
5
7
12
10
4
5
12
8
9
13
12
5
-1
-1
1
-2
-4
-6
-3
-7
-9
1
-4
-1
-2
-2
-2
0
-3
-10
-12
-12
-5
-10
-12
-11
-16
-12
-3
-4
-14
-15
-9
-10
-12
-12
-8
-11
-14
-8
-5
-7
-7
0
-3
-9
-5
-1
-9
-9
-1
-3
-8
-8
-7
-8
-9
-4
0
5
4
-7
-5
-2
-3
-6
-16
-14
-9
-6
-10
-10
-5
-4
-13
-15
-7
-7
-11
-15
-13
-8
-11
-13
-13
-15
-17
-18
-19
-14
-12
-16
-15
-15
-14
-17
-21
-17
-13
-12
-13
-10
-4
-6
-1
5
4
4
5
5
5
7
17
12
12
12
14
13
12
15
15
18
12
14
16
18
17
9
7
6
7
0
2
-1
-5
-2
3
2
1
1
-1
-1
-7
-1
0
-6
-6
0
0
-1
-3
-1
-4
-8
-7
-5
-4
0
4
4
2
5
7
4
1
1
-1
-6
-3
0
0
-2
6
12
9
4
8
5
4
1
0
0
-2
1
-3
-3
-10
-2
-4
-15
-15
-19
-11
-6
-6
-6
-9
-7
-6
-1
-7
-9
-4
-10
-12
-11
-7
-12
-11
0
-2
-5
-4
0
2
-1
-1
-2
-13
-10
-4
-1
-8
-7
-2
-2
-7
-9
-8
-4
-7
-8
-9
-6
1
-4
-7
-6
1
3
2
1
1
5
8
3
-4
-4
7
1
0
1
0
-1
-5
-6
0
2
-4
-1
2
3
1
-1
-2
-5
-4
-5
-3
-5
-3
-1
-5
-3
4
4
3
8
6
4
5
9
11
9
6
4
4
1
7
5
3
3
7
10
9
13
21
21
13
20
22
20
20
21
22
20
13
16
16
13
16
15
10
15
16
15
13
16
18
6
2
6
5
0
-1
-4
0
-3
-6
-3
-4
-4
-4
-1
-3
-2
1
0
0
2
8
8
4
6
4
6
4
6
8
6
0
-3
6
5
0
0
-1
-1
-3
-3
2
0
-2
2
3
6
5
1
5
8
10
5
3
3
3
7
5
3
3
0
-2
0
-3
-5
-4
-9
-13
-11
-10
-10
-7
-7
-4
-4
0
2
-1
1
1
-3
-8
-4
-6
-9
-8
-8
-2
-2
-6
-6
-6
-7
-2
-5
-11
-8
-9
-5
-3
-4
-7
-4
-1
-2
0
-2
-2
2
3
-1
0
1
1
3
4
4
4
4
3
4
5
6
2
2
5
8
9
11
14
9
10
14
15
17
15
13
19
18
19
17
19
22
18
16
15
20
22
25
20
24
24
20
22
19
26
28
24
25
23
25
22
23
19
20
22
18
17
14
12
11
8
8
6
7
11
4
7
10
10
8
12
8
9
12
12
11
9
10
4
4
6
4
4
5
5
3
4
6
6
4
4
5
6
6
4
5
7
5
1
1
-2
1
1
-1
4
2
1
-4
-7
-4
-6
-1
-6
-10
-9
-9
-1
2
-1
-9
-1
4
0
-3
2
0
-2
-3
-1
4
-5
-3
-3
-1
0
-4
3
0
-6
-2
2
1
3
2
1
-2
-1
-6
-9
-7
-5
-5
-9
-9
-7
-1
-3
-4
-1
-5
-5
-5
-1
-5
-3
-2
-2
0
2
2
3
3
3
6
3
3
5
1
1
-4
-2
2
0
-1
-3
2
5
3
-1
4
1
0
-4
-6
-4
-3
-2
-1
8
6
8
15
15
12
10
19
19
20
21
19
20
19
20
16
14
15
16
13
13
10
13
15
16
19
16
13
17
15
11
8
11
9
8
7
7
6
-3
2
3
2
0
2
4
4
3
8
7
4
5
11
4
6
16
10
11
14
15
11
11
10
15
12
8
11
11
9
8
9
7
2
2
4
-4
-3
0
-5
-4
-8
-7
-7
-5
-7
-11
-11
-9
-4
-11
-9
-12
-13
-11
-10
-7
-11
-13
-17
-17
-17
-16
-14
-9
-13
-12
-11
-10
-10
-9
-9
-10
-12
-9
-14
-14
-7
-7
-6
-7
-9
-11
-10
-11
-12
-11
-6
-8
-7
-3
3
0
1
6
3
6
5
9
5
7
6
7
4
4
10
4
10
6
4
10
5
9
10
7
9
11
10
10
11
13
7
4
4
5
7
2
7
9
14
14
13
17
13
14
17
19
24
23
19
13
15
15
14
18
21
24
21
19
23
26
19
21
23
19
18
18
19
20
18
