-11
-20
-17
-14
-12
-9
-14
-9
-11
-10
-7
-9
-10
-6
-5
-7
-3
-6
-7
-1
-3
1
3
4
0
4
6
6
5
4
6
6
9
9
9
9
10
6
8
9
10
11
10
12
6
5
6
4
4
3
4
1
5
4
7
8
9
-1
-2
3
-3
4
0
-2
-2
-2
-6
-5
-8
-6
-8
-11
-7
-9
-9
-7
-5
-2
-4
-6
-3
-7
-8
-5
-2
-6
-8
-6
-3
-1
0
-1
-4
-3
-2
1
-2
-1
-3
-6
-4
-7
-5
-7
-8
-7
-11
-13
-14
-13
-14
-12
-9
-8
-11
-10
-13
-13
-8
-7
-3
-5
-5
-2
-2
0
1
2
-1
-2
-2
0
-1
-2
-2
3
1
0
4
4
1
2
-1
-3
-2
-1
-3
-3
-3
-4
-3
0
1
5
8
3
1
-2
-3
-1
-3
-4
-4
-4
-3
-7
-5
-9
-7
-5
-5
-1
-5
-5
-6
-8
-8
-3
-8
-6
-3
-7
-1
0
4
4
7
7
4
7
10
8
9
9
11
9
9
9
5
4
4
4
0
2
4
5
2
3
2
2
0
3
5
-3
1
6
5
4
5
7
4
3
4
1
1
5
0
-3
-2
-6
-5
-1
-6
-6
-5
-4
-3
-4
0
0
2
4
4
3
-1
-1
2
3
1
-1
4
5
4
-1
0
-2
0
-2
-3
0
-2
-6
-7
-7
-4
-9
-8
-4
-10
-6
-6
-5
-10
-10
-8
-12
-9
-9
-5
-10
-11
-10
-6
-8
-11
-6
-3
-8
-10
-6
-7
-9
-3
-3
-5
-4
-2
-3
-9
-4
-3
-3
-9
-11
-6
-9
-12
-8
-4
-8
-10
-4
-4
-7
-5
4
3
4
7
8
8
5
7
7
8
7
6
5
2
7
10
7
5
11
5
0
5
5
4
1
6
0
-3
0
-2
-2
-3
0
0
0
4
-2
-5
-7
-3
-4
-4
-6
2
-4
-7
-2
-4
-1
1
3
1
-3
-2
0
-1
0
1
5
3
2
1
5
7
2
7
7
8
8
9
16
7
4
15
10
7
10
10
3
5
7
7
8
15
19
10
6
13
6
3
13
13
11
12
15
11
-5
9
15
3
6
16
14
2
8
14
8
3
14
18
9
2
14
16
8
9
15
9
6
17
15
13
8
14
18
10
7
15
13
0
6
17
4
0
9
8
0
2
14
11
-1
7
13
9
2
9
14
10
6
11
6
3
3
6
9
2
6
6
3
6
6
2
3
0
0
-4
2
5
-1
-4
-4
-1
-8
2
-4
-7
6
4
-7
-5
10
-1
-5
9
7
-2
2
5
0
5
2
2
-3
-1
1
2
7
4
1
6
1
4
5
9
9
6
4
7
13
5
10
14
8
4
9
7
3
-2
7
6
-2
-2
8
7
-3
7
14
1
0
7
10
2
-5
11
11
-7
2
14
2
5
10
5
4
10
10
7
22
17
4
17
19
9
2
20
24
-3
15
34
14
11
25
33
8
9
32
23
3
12
32
13
-2
14
31
11
-5
23
30
-9
-5
35
15
-14
15
28
-2
-6
23
19
-1
5
26
13
-1
13
17
3
-4
11
7
-8
2
5
-10
-7
12
0
-6
9
11
6
4
19
2
-3
12
9
-5
4
10
8
-9
9
18
-9
-12
16
3
-22
-6
20
-7
-30
3
15
-25
-26
15
-5
-20
-4
10
-18
-19
8
3
-25
-1
7
-15
-6
7
-9
-12
2
0
-14
-1
-1
-7
-8
3
-9
0
6
-8
2
0
5
-3
-2
3
3
-2
1
9
-2
0
4
4
8
0
2
4
5
4
4
4
13
9
5
1
9
15
4
-2
13
23
-7
4
22
7
-9
11
15
-3
-13
12
15
-15
-7
10
-7
-7
3
8
-7
0
12
-4
-4
15
9
1
5
19
2
3
13
10
2
1
19
0
7
21
10
5
9
12
-1
-2
13
7
-10
6
18
-6
0
12
10
-8
4
12
-7
-12
6
9
-8
-9
7
13
-10
-16
16
7
-24
1
13
-7
-12
1
4
-3
-12
0
7
-5
-8
-7
8
-3
-12
5
14
-19
3
13
-1
-9
14
-4
-3
8
6
-2
-10
12
0
-7
-3
7
0
-10
1
1
1
-8
1
-6
0
-6
-15
5
1
-21
-8
5
-17
-16
-3
-6
-17
-8
1
-12
-7
-14
-12
-9
-10
-19
-8
-12
-19
-10
-7
-19
-13
13
-17
-15
4
4
-19
-2
1
-3
-11
12
-4
-7
0
-10
-11
1
0
-10
1
-1
0
-15
8
4
-12
10
16
0
-14
21
17
-20
10
29
-16
-7
20
15
-29
2
33
0
-21
23
24
-18
0
26
14
-22
11
19
5
-11
8
11
5
-8
7
10
-11
7
16
3
5
17
8
8
20
12
14
13
9
22
11
4
28
16
-7
29
28
-5
6
32
5
-10
31
25
-5
6
35
5
-11
35
17
-6
6
33
-12
-7
25
10
-18
16
26
-11
-7
28
5
-9
16
26
-3
-6
35
8
-14
21
14
-1
1
10
3
-8
-9
8
2
-9
-6
2
-5
-17
-11
15
-9
-15
23
3
-17
-11
22
-25
-17
-2
-8
-13
-16
-4
0
-18
-7
-9
-9
-5
-11
-10
-13
-3
-16
-16
-4
0
-27
-2
4
-8
-1
-6
-7
2
-15
-15
-7
-12
-21
-16
-5
-11
-22
-6
5
-30
-1
11
-10
-13
22
-3
-14
12
15
-23
-4
20
0
-18
5
13
-16
-10
14
-17
-11
7
-4
-19
9
4
-8
9
6
8
-2
12
12
9
13
15
3
4
16
5
5
33
10
-1
35
21
-9
40
22
7
14
21
13
7
-1
22
7
-4
6
22
2
2
8
5
13
1
1
24
-4
0
22
16
-8
9
22
14
8
-2
36
-4
-5
22
3
-3
13
6
-7
10
6
-14
19
5
-16
2
11
-7
-11
11
15
-15
1
20
-2
-13
17
12
-10
12
10
1
-2
17
-1
0
9
3
-1
12
-9
6
6
-6
-6
-4
4
-7
-2
20
-2
-21
18
9
-33
1
13
-25
-19
21
-24
-24
19
-4
-31
-16
19
-21
-24
10
4
-18
-1
8
0
-15
18
1
-4
-14
11
-1
-24
3
17
-17
-3
8
14
-9
3
3
15
-3
-15
39
15
-6
6
41
3
-15
24
25
-7
8
43
3
-4
29
29
-7
15
23
19
1
21
29
11
10
19
29
-9
7
20
9
-6
3
22
-7
12
0
19
-3
-6
7
6
1
7
6
4
-2
15
14
5
1
25
-4
-9
37
-2
-3
21
15
6
15
12
21
7
17
14
16
4
20
16
-2
30
4
7
15
-2
-1
12
-2
-7
20
-13
-4
2
3
-21
-2
3
-3
-20
15
1
-6
-19
11
3
-23
10
-7
-8
1
-14
-5
2
-8
-9
-9
7
-18
-25
9
2
-14
-7
2
-18
-21
-2
-3
-25
-2
-1
-15
-21
6
-6
-32
2
13
-39
-23
17
-23
-45
-3
-1
-36
-28
-1
0
-46
-17
8
-26
-37
4
-11
-22
-26
-11
-17
-44
-14
-20
-33
-41
-11
-3
-42
-27
6
-21
-31
-9
8
-7
-29
15
12
-13
-3
23
-1
-11
-5
19
5
-8
15
11
-4
-3
17
-7
10
10
3
9
7
9
-10
8
7
-5
0
11
-14
7
1
-10
4
10
-18
11
18
-7
18
-5
17
3
-1
-5
14
-7
3
0
-6
9
0
-6
18
8
-12
12
14
-7
-1
8
2
4
5
2
8
-1
10
9
-6
23
-6
-9
21
-5
-8
8
3
-8
10
3
-14
19
20
-11
6
34
-8
-17
15
15
-34
-12
28
-7
-31
28
13
-25
7
20
-1
-18
7
21
-25
-13
28
-4
-38
18
11
-37
-6
20
-8
-27
18
17
-15
-23
15
10
-40
-2
20
-24
-29
6
-10
-26
-20
15
-7
-26
20
-8
-25
4
9
-33
-12
9
-28
-20
5
-10
-26
-9
-9
-11
-24
-3
-3
-17
-7
2
-12
-16
7
-11
-13
-12
-2
-9
-6
-20
12
-4
-14
5
3
0
-7
16
0
-7
-8
14
-21
-3
8
-16
-9
9
-15
-16
3
7
-22
-7
24
-14
-26
18
23
-39
-4
31
-13
-29
25
8
-27
3
25
-4
-20
12
17
-26
-12
35
-10
-34
15
15
-22
-12
25
0
-14
-2
18
-3
-11
16
9
-11
-4
6
13
-8
-1
18
15
-23
19
20
-31
3
16
-5
-41
30
-1
-43
4
25
-32
-44
26
-1
-38
3
29
-30
-11
18
-2
-11
-4
22
1
-20
23
2
-10
7
-6
-5
1
-13
3
-1
-14
-12
17
-6
-30
4
17
-32
-3
21
-11
-23
9
13
-30
-13
21
-20
-39
34
-13
-34
7
18
-49
-16
30
-18
-43
13
21
-56
-16
22
-22
-56
23
4
-58
11
9
-41
-23
16
-24
-48
0
-6
-52
-16
-9
-21
-39
-13
-13
-17
-35
-12
-13
-27
-23
-21
-27
0
-20
-46
24
-6
-50
14
0
-31
-1
7
-21
-23
12
-19
-40
24
-16
-45
3
9
-25
-34
33
-20
-18
18
9
-6
15
-7
7
8
-2
23
-1
-23
35
3
-37
28
16
-21
-19
39
1
-30
25
20
-6
-4
20
9
-1
13
13
20
-1
4
30
12
-8
15
28
-9
-15
62
-14
-18
28
11
-18
19
25
4
-18
31
1
-11
-5
18
0
-21
25
18
-29
-11
27
-24
-28
13
12
-45
-8
19
-18
-12
3
19
-18
7
16
-3
-15
8
1
-2
-19
34
-28
-30
28
-19
-31
4
-8
-14
-26
-5
-16
-44
8
-25
-48
8
-10
-35
-24
1
-33
-17
-7
-30
-3
-20
-32
-23
-22
-44
-23
-39
-16
-38
-45
2
-46
-42
-10
-52
-36
-15
-58
-50
-6
-55
-61
-6
-23
-67
-18
43
-78
-48
36
-43
-57
6
-4
-61
-16
18
-55
-48
23
-42
-81
13
20
-98
-14
31
-60
-56
53
-8
-100
46
35
-81
-26
58
-31
-76
51
3
-71
-3
9
-56
-13
7
-28
-20
-9
-33
18
-28
-10
-11
1
-21
-17
14
-20
-23
8
-4
-45
23
7
-23
-10
39
-7
-40
21
54
-31
-45
109
-29
-64
52
27
-54
-8
57
-21
-72
19
31
-47
-61
49
0
-89
7
34
-43
-49
27
0
-57
-18
34
-60
-56
30
-33
-62
13
-27
-51
9
-34
-59
2
-25
-33
26
-26
-22
16
-25
-19
1
22
-40
-18
17
-23
-62
-6
9
-78
-33
16
-47
-52
-1
-33
-33
-14
-17
-26
-2
-17
-27
-9
6
-40
-30
24
-21
-72
4
8
-95
-43
11
-42
-97
-5
-20
-75
-43
7
-56
-69
12
-22
-64
-32
2
-26
-59
-17
13
-53
-53
18
-50
-79
11
-42
-61
-44
-29
-40
-76
2
-32
-63
13
-7
-60
-26
5
-23
-41
21
3
-60
13
13
-26
-34
-10
-1
-40
-41
13
-24
-38
-31
-7
-36
-61
-19
-3
-56
-27
33
-20
-33
17
31
-35
13
48
-42
-24
20
-20
-42
-33
-11
-21
-69
-44
40
-81
-77
28
-21
-52
-8
12
-53
-4
4
-38
14
1
-18
-12
21
-49
-28
-14
-10
-28
7
-19
-18
14
-17
-50
31
-4
-7
-32
40
-16
-52
-30
-2
8
-66
14
11
-73
-16
7
-56
-3
-2
-11
-21
9
17
-51
-13
34
-16
-46
3
40
-89
-30
20
-7
-89
15
10
-62
-26
47
-57
-37
69
7
-53
44
15
-86
-27
3
-53
-55
2
-57
-48
-19
-39
-61
13
-13
-27
22
-19
2
19
-44
11
52
-55
0
13
-9
-36
1
4
-2
-41
-19
66
-70
-33
59
-29
-52
25
25
-68
-53
43
-42
-69
28
15
-77
-51
37
-33
-35
-24
13
-17
-45
-29
27
-38
-39
20
3
-19
-24
16
0
-29
17
16
-55
-7
21
-22
-27
28
-20
-31
-8
14
-21
-48
15
-4
-15
-7
3
-6
-21
-11
14
-16
5
-13
37
-5
-20
61
-23
-11
20
23
4
-11
32
-3
-13
3
25
10
-16
11
42
-3
-17
51
14
-42
47
32
-26
11
60
-21
-18
33
24
-25
-22
32
-16
-50
8
45
-39
-45
48
20
-59
-11
32
-19
-54
28
23
-42
-22
-9
-6
-37
-22
23
-2
-37
-17
40
-14
-50
21
47
-42
-24
77
1
-63
24
36
-38
-26
26
17
-39
-22
42
-1
-40
26
18
-12
-8
6
11
-18
-15
37
-15
-21
22
-22
-69
6
-22
-45
-34
3
-28
-59
2
4
-28
-32
21
0
-32
0
8
-22
-45
-16
26
-50
-67
23
-4
-92
-27
19
-41
-89
19
25
-83
-49
25
-33
-55
-23
13
-27
-94
-6
9
-87
-53
6
-33
-74
-24
-13
-47
-53
-8
1
-49
-22
6
-26
-39
4
-11
-14
0
-13
-16
-13
-8
-9
-18
4
5
-7
-2
11
13
0
3
40
20
10
38
53
34
18
58
69
49
51
88
75
43
71
75
58
49
68
79
37
43
63
43
20
46
52
20
23
34
23
14
21
25
29
18
5
37
23
-11
6
15
5
-35
-15
8
-39
-53
-31
-20
-75
-59
-54
-63
-71
-77
-69
-74
-80
-92
-79
-51
-91
-104
-75
-92
-90
-109
-90
-97
-110
-121
-102
-102
-158
-145
-100
-141
-184
-166
-176
-240
-254
-194
-117
-31
19
-31
-70
20
82
124
201
238
231
228
269
292
276
234
212
220
245
227
162
102
41
-25
-9
48
15
-61
-118
-134
-140
-112
-108
-125
-138
-128
-102
-73
-62
-104
-107
-65
-21
29
44
38
14
6
60
143
187
168
160
151
169
192
211
185
170
173
151
129
111
57
-7
-28
-17
-18
-41
-93
-155
-167
-154
-130
-115
-104
-118
-144
-112
-76
-80
-72
-43
-43
-36
-6
-16
-53
-61
-17
-16
-37
-18
-38
-101
-103
-85
-103
-119
-148
-160
-185
-224
-256
-268
-312
-372
-369
-378
-401
-300
-113
-52
-168
-205
-74
55
124
212
299
314
280
319
400
428
395
339
339
378
366
289
193
110
57
55
91
98
7
-139
-211
-176
-118
-114
-160
-191
-192
-179
-148
-124
-132
-140
-139
-86
23
67
-5
-44
-7
68
133
186
213
135
29
61
192
212
148
130
142
111
78
121
145
67
-17
42
101
39
-40
-76
-108
-100
-41
-31
-88
-120
-154
-149
-81
-16
-31
-79
-67
-29
9
22
16
8
30
41
29
38
16
-42
-63
-24
-5
-53
-116
-161
-181
-180
-176
-170
-202
-251
-274
-265
-241
-291
-360
-384
-422
-479
-444
-274
-97
-92
-175
-188
-71
30
116
261
351
335
310
367
428
437
421
386
389
413
372
280
191
109
53
65
94
64
-46
-195
-254
-195
-115
-122
-193
-232
-237
-230
-206
-133
-96
-116
-131
-57
38
23
-23
7
65
121
189
252
225
110
54
124
227
239
198
138
88
57
45
100
132
60
-8
-3
22
-15
-67
-70
-55
-39
-37
-50
-83
-119
-129
-76
13
40
-5
-56
-54
-30
26
80
100
78
61
41
24
27
38
25
10
24
-1
-82
-150
-163
-154
-151
-163
-175
-230
-309
-333
-285
-260
-313
-350
-385
-453
-515
-519
-401
-179
-14
-85
-267
-214
29
181
243
350
424
363
296
393
560
571
444
390
465
474
342
199
162
124
52
60
98
3
-226
-364
-272
-94
-69
-225
-328
-312
-295
-285
-166
-31
-80
-195
-155
-12
42
6
-2
86
177
196
208
235
194
68
85
297
394
235
35
32
92
56
50
133
130
-71
-200
-77
58
-23
-147
-99
-16
-69
-134
-90
-46
-79
-77
7
85
47
-69
-82
41
137
127
105
97
71
30
48
122
129
50
-23
-12
20
-29
-114
-128
-105
-129
-183
-196
-201
-258
-303
-270
-212
-227
-303
-327
-315
-325
-351
-342
-350
-403
-444
-292
10
104
-109
-255
-52
235
332
363
428
409
316
342
541
674
591
398
339
423
428
286
173
147
87
5
14
49
-72
-299
-394
-248
-76
-126
-302
-367
-313
-272
-223
-98
-17
-117
-232
-142
69
135
51
30
121
172
150
206
299
231
80
122
316
327
129
17
87
120
42
27
89
4
-193
-189
8
67
-100
-206
-142
-78
-84
-67
17
26
-68
-90
41
151
103
38
79
159
166
113
106
126
107
87
106
136
72
-47
-75
0
36
-43
-137
-156
-162
-185
-172
-140
-157
-241
-294
-264
-188
-170
-234
-263
-244
-239
-254
-223
-207
-273
-336
-341
-309
-297
-198
35
117
-97
-253
-35
286
355
314
374
383
261
258
491
668
554
315
251
338
326
216
189
204
97
-52
-59
-11
-108
-301
-305
-123
-48
-183
-345
-340
-252
-214
-161
-9
19
-170
-286
-118
118
152
79
70
101
65
47
196
347
233
24
89
297
247
56
69
211
135
-42
23
170
32
-211
-119
127
78
-157
-174
-19
-24
-105
-33
99
52
-120
-106
99
196
76
-22
38
99
60
71
169
178
50
-28
33
109
72
-3
-5
16
-32
-103
-97
-63
-99
-149
-144
-133
-178
-229
-219
-183
-178
-203
-214
-219
-233
-225
-188
-146
-170
-241
-272
-242
-250
-301
-317
-275
-122
50
27
-215
-273
15
258
272
249
273
189
84
213
506
617
404
151
132
261
284
245
290
270
35
-154
-17
160
36
-173
-130
5
-43
-187
-200
-102
-85
-165
-130
33
-12
-242
-250
12
139
8
-57
15
24
-69
13
257
300
50
-109
69
257
189
99
203
217
1
-87
134
273
91
-77
24
123
3
-72
57
114
-18
-96
3
65
-15
-72
-2
89
64
-28
-60
-6
27
18
38
84
39
-60
-63
35
97
65
12
-21
-32
-28
-4
32
33
-36
-110
-121
-63
-30
-56
-78
-95
-140
-170
-133
-91
-107
-156
-173
-174
-187
-212
-204
-184
-227
-292
-320
-326
-343
-324
-195
-59
-103
-262
-249
-59
72
106
184
227
130
69
209
395
430
352
277
243
233
259
321
342
231
79
42
124
173
127
57
26
-14
-66
-59
-4
16
-41
-108
-108
-71
-76
-97
-59
-19
-76
-135
-81
4
-24
-74
0
82
11
-85
-7
116
76
-9
53
143
77
-38
3
131
98
-32
-16
52
2
-77
-24
54
-8
-106
-80
-22
-20
-43
-3
35
-26
-85
-34
61
74
37
32
41
20
19
80
138
103
29
23
65
98
101
84
82
55
6
11
76
92
24
-29
-22
-15
-37
-36
-1
-16
-97
-139
-94
-68
-107
-125
-107
-116
-153
-154
-123
-111
-142
-164
-136
-130
-181
-222
-201
-176
-209
-269
-253
-168
-114
-146
-180
-124
-68
-77
-42
82
133
67
59
162
221
186
210
289
275
208
204
255
274
248
221
209
196
167
156
163
179
158
97
68
86
87
54
42
48
9
-48
-40
3
-5
-65
-89
-80
-85
-107
-113
-84
-82
-129
-158
-123
-100
-134
-144
-109
-104
-144
-145
-91
-75
-110
-104
-58
-40
-55
-41
8
19
-4
4
62
93
82
85
108
110
106
117
141
137
120
114
122
120
100
94
94
75
51
39
42
42
27
13
-6
-12
-25
-34
-19
-13
-32
-59
-58
-43
-40
-47
-48
-35
-38
-68
-76
-62
-39
-34
-40
-60
-89
-105
-104
-97
-94
-101
-116
-141
-158
-163
-150
-131
-131
-137
-150
-153
-156
-152
-133
-101
-98
-113
-101
-67
-32
-4
20
54
60
54
88
136
165
168
167
165
164
166
170
190
187
147
118
115
111
86
82
81
68
53
29
15
16
28
32
19
12
15
4
-8
7
15
19
15
2
-6
12
27
3
-19
-4
9
-8
-25
-8
13
-9
-43
-39
-6
-11
-41
-40
-8
-10
-49
-60
-21
-6
-36
-47
-2
19
-26
-40
2
40
30
3
19
59
50
30
55
83
72
53
65
89
71
36
42
78
83
45
24
38
26
-7
-3
25
14
-49
-74
-37
-16
-52
-76
-60
-65
-98
-96
-50
-37
-64
-90
-67
-42
-47
-49
-36
-15
-18
-34
-20
20
24
8
4
18
28
14
11
20
22
17
2
-2
-5
-14
-19
-21
-32
-37
-50
-71
-75
-82
-96
-113
-113
-102
-96
-93
-96
-95
-93
-79
-57
-30
-17
-17
-17
-8
10
45
65
58
51
57
61
59
72
90
89
70
56
63
69
63
61
57
58
55
46
35
42
51
47
53
57
51
36
38
54
64
64
48
47
51
50
37
35
39
27
2
-1
14
-8
-45
-40
-27
-35
-55
-53
-39
-59
-78
-62
-27
-26
-51
-63
-38
-20
-35
-32
-7
-5
-23
-18
-4
-1
1
7
19
22
11
19
33
39
33
35
46
36
28
43
56
43
25
23
31
21
3
4
11
8
-10
-24
-21
-12
-15
-14
-9
-15
-24
-28
-14
-1
-1
-2
-6
-10
-13
-12
-6
0
-7
-18
-29
-25
-21
-27
-30
-27
-32
-49
-48
-46
-49
-54
-61
-55
-53
-52
-58
-66
-65
-65
-63
-63
-60
-61
-61
-56
-55
-50
-33
-18
-15
-4
3
5
17
32
47
50
52
62
73
81
85
91
100
92
75
70
82
87
83
81
68
53
33
29
43
39
17
-1
-3
2
-7
-14
-13
-8
-12
-27
-18
0
0
-9
-13
3
13
11
12
24
32
23
18
37
45
39
42
43
43
32
15
23
35
30
18
11
12
3
-5
-5
9
10
9
-1
-4
0
11
24
18
23
27
27
29
39
52
54
51
48
51
56
55
54
48
41
35
25
23
28
24
13
2
-2
5
-5
-16
-13
-12
-17
-33
-36
-26
-34
-47
-36
-25
-27
-48
-43
-28
-27
-29
-15
-8
-14
-19
-14
0
3
4
7
19
22
14
8
8
17
17
15
18
12
6
4
11
14
6
-1
-7
-8
-5
-11
-19
-15
-13
-19
-18
-4
1
-7
-6
-2
8
8
5
12
18
19
19
22
26
29
25
20
14
21
25
20
24
23
22
19
17
28
28
8
0
-1
4
6
0
-2
-17
-27
-23
-11
-4
-4
-9
-21
-28
-22
-5
8
1
-15
-17
-12
2
15
16
6
-1
-3
9
24
29
22
12
9
11
18
24
27
13
10
4
-3
8
16
19
8
-2
-4
3
8
8
18
28
18
9
11
29
35
23
27
33
27
19
21
38
43
25
18
20
22
22
26
34
28
19
16
19
17
15
12
15
14
0
-10
-8
-11
-19
-15
-12
-16
-29
-34
-34
-32
-22
-15
-17
-19
-24
-28
-19
-15
-8
-7
-10
-10
-9
-8
-4
6
13
16
14
12
16
18
25
25
26
20
15
21
17
10
5
8
6
4
-1
4
2
-7
-8
-13
-8
-5
-7
-16
-20
-17
-13
-20
-21
-23
-25
-21
-17
-12
-15
-15
-17
-10
0
10
9
5
10
10
20
26
23
23
20
18
18
24
24
29
25
21
16
23
32
22
20
18
18
10
1
18
32
24
15
16
15
12
23
38
37
33
26
21
27
32
47
52
45
38
33
33
35
40
37
38
31
19
17
21
18
18
21
17
7
0
5
6
3
0
0
5
2
-5
-5
2
18
15
8
10
8
14
18
25
32
29
21
18
28
26
26
25
26
23
8
9
14
20
14
2
2
7
-1
-9
-4
3
8
1
2
6
1
1
8
21
23
18
19
19
26
30
33
32
36
35
38
39
45
47
30
25
32
38
42
34
25
20
12
16
27
30
17
-3
-9
-7
-8
-1
4
-5
-16
-25
-25
-16
-3
-9
-15
-14
-8
-6
-1
8
12
21
19
26
27
27
32
41
45
49
45
30
30
34
31
34
35
26
12
2
2
5
5
-5
-9
-10
-18
-24
-16
-7
-14
-19
-19
-12
-8
-6
1
13
15
22
27
34
33
35
44
51
55
53
50
48
43
48
54
45
39
32
33
33
19
18
16
7
5
7
7
5
-1
-8
-6
5
11
14
12
14
18
14
22
34
39
40
42
41
41
41
46
50
48
48
44
38
37
32
30
32
30
27
16
9
8
9
3
5
19
14
-5
-6
-3
-1
2
10
15
11
1
4
15
19
20
16
13
10
11
17
24
28
22
18
18
18
17
25
27
24
16
15
21
20
26
28
29
25
22
23
26
26
25
23
27
28
23
29
28
27
25
21
23
13
13
10
20
19
10
7
3
4
5
0
-2
0
0
-8
-10
5
3
-7
-7
1
1
-5
6
17
13
-9
-2
21
28
14
6
18
24
18
18
29
31
25
22
36
49
45
36
38
41
37
39
46
40
28
15
29
40
31
25
23
16
11
16
23
19
5
5
9
14
9
1
7
6
7
12
17
21
8
0
13
28
24
17
17
21
19
18
25
19
19
19
24
23
20
18
14
14
18
21
20
18
14
12
17
27
22
11
19
22
21
21
29
34
33
23
26
29
28
27
27
29
20
16
11
18
10
3
7
12
-2
-12
-9
-2
-5
-8
-11
-14
-11
-14
-9
-4
-1
-5
0
8
7
8
13
18
22
26
28
31
30
27
28
29
33
32
30
29
23
18
16
19
19
14
12
6
3
2
1
-2
-2
4
-5
-16
-13
-18
-16
-15
-12
-15
-18
-20
-22
-19
-9
-1
-8
-11
-16
-15
-3
2
-5
-6
-13
-11
-4
0
-2
-1
-9
-17
-7
3
-5
-12
-16
-14
-7
-9
-10
-2
-1
-4
-6
5
14
13
17
17
20
26
26
32
35
38
38
39
44
42
41
36
44
44
28
20
18
24
11
7
17
10
-2
-13
-10
-6
-5
-18
-21
-20
-23
-25
-22
-11
-18
-22
-22
-16
-9
-3
-4
-5
-1
5
7
9
15
20
25
24
32
32
34
36
40
43
38
36
37
38
36
34
33
31
21
11
8
6
4
5
7
4
-6
-11
-12
-5
-1
-1
-2
-7
-7
-4
6
11
14
6
2
0
1
10
9
11
4
3
3
3
5
0
5
1
-2
-7
-8
-8
-12
-7
-4
-8
-12
-12
-9
-6
-3
-1
1
4
-7
-1
10
13
17
21
20
12
10
17
22
31
30
20
14
14
9
9
12
12
13
-1
-10
-9
-11
-5
-12
-11
-15
-26
-34
-30
-21
-19
-21
-20
-16
-13
-12
-9
-1
2
8
11
13
18
16
16
21
22
30
29
28
26
26
30
27
25
18
12
7
7
10
7
1
-4
-5
0
-2
1
-2
-16
-14
-7
-3
1
0
0
2
-2
7
6
7
3
7
9
6
12
11
11
6
5
9
4
3
2
1
3
3
-3
2
3
2
-2
-4
3
4
2
-5
1
4
1
4
3
4
-4
-10
-8
-8
-9
-8
-4
-6
-11
-8
-7
-3
-1
-6
-4
0
-2
-2
-1
0
2
-1
-3
0
1
-2
-6
-7
-4
-3
-13
-22
-18
-19
-18
-17
-18
-9
-9
-18
-13
-5
-2
-3
1
9
15
13
11
21
21
17
23
19
27
26
18
13
20
14
9
13
7
5
-5
-4
-4
-8
-14
-13
-9
-8
-13
-9
-8
-8
-6
-7
-2
-6
-6
-7
-7
-11
-10
-13
-14
-18
-19
-16
-18
-19
-28
-27
-25
-27
-29
-27
-24
-26
-22
-20
-20
-10
-16
-15
-9
-9
-16
-20
-13
-9
-7
-8
-6
-9
-6
-8
-3
0
3
-4
-2
-5
-7
-9
-5
-1
-4
-3
0
1
-4
-9
-14
-13
-11
-11
-12
-14
-19
-18
-17
-14
-13
-6
-10
-8
-3
-6
0
8
8
10
10
9
8
11
15
16
23
25
23
16
15
17
13
13
9
10
7
3
3
0
-4
-5
-6
-8
-16
-15
-15
-15
-10
-15
-17
-16
-15
-9
-6
-2
-5
-8
-9
-11
0
-3
-3
-5
-8
-8
-7
0
6
8
1
6
3
4
11
2
5
7
1
8
6
7
3
-5
-7
-10
-5
-7
-9
-18
-20
-15
-12
-14
-16
-8
-12
-12
-12
-7
-2
-6
-7
-1
2
3
0
-1
-1
-5
-9
-7
-10
-13
-16
-21
-21
-22
-22
-22
-24
-25
-26
-30
-24
-20
-19
-16
-14
-9
-7
-10
-4
4
7
13
15
11
12
15
17
20
20
21
16
12
9
9
10
5
4
2
-4
-8
-11
-13
-20
-19
-24
-21
-24
-30
-35
-30
-32
-37
-42
-37
-37
-37
-33
-30
-29
-25
-24
-18
-14
8
27
11
-9
-20
-30
-57
-47
-25
-20
-10
17
24
17
7
3
-13
-9
-2
14
46
54
39
21
1
-29
-54
-63
-59
-56
-36
-23
-19
-2
17
11
3
8
5
-15
-2
5
-17
-32
-22
-27
-46
-39
-35
-41
-40
-32
-36
-44
-29
-39
-42
-31
-16
-18
-18
-18
-14
-24
-40
-23
-29
-30
-22
-5
-9
-8
28
35
19
19
19
-14
-25
-16
-20
-45
-23
-2
-26
-35
-13
-12
-28
-17
12
0
-2
34
14
5
31
33
7
10
19
7
-21
-2
5
-40
-46
-7
-29
-70
-43
-17
-56
-62
1
-12
-45
-13
15
-14
-24
26
3
-34
-25
-8
-32
-47
-26
-28
-51
-39
-29
-50
-51
6
-37
-51
39
-33
-51
21
2
-46
0
-1
-23
-26
-21
22
-48
-27
23
-6
-69
5
21
-30
-35
25
-9
-49
-29
2
-42
-39
-9
-24
-6
-56
-24
-17
-26
-47
-10
24
-43
-18
34
-44
-3
20
-43
-6
-25
-10
-32
-36
46
-25
-68
38
26
-81
-49
93
-38
-52
48
-3
-69
-14
50
-56
-32
10
-14
-63
-6
18
-47
-57
30
-24
-50
-6
-17
-35
-44
-13
-16
3
-56
-37
30
-37
-73
33
27
-79
5
-6
27
-81
-11
19
-40
-8
-1
-4
23
-39
-22
13
15
-48
13
3
2
-17
-33
61
-20
-63
15
46
-59
-21
94
-28
-56
47
42
-61
-13
50
-14
-47
63
17
-52
-1
18
-31
-48
61
-65
-40
50
-54
-61
20
-15
-37
-30
-32
-12
-38
-97
17
-26
-101
-1
-2
-73
-31
-15
-19
-43
-27
21
-19
-41
-3
24
-54
-5
45
-1
-21
3
21
-13
9
3
-12
10
14
-37
37
0
-51
-19
40
-28
-43
26
-29
-57
36
-82
20
-4
-52
17
-27
14
-74
-6
49
-23
-65
50
30
-86
-6
78
-74
-20
46
-15
-28
47
-26
-44
40
-54
-26
-12
45
-91
-19
48
-33
-95
22
24
-30
-69
24
40
-92
-46
43
21
-83
7
67
-43
-49
52
35
-91
62
7
-16
15
30
-10
-3
20
-11
40
-13
-16
49
-29
-30
45
-54
-3
9
-60
27
-44
-20
-22
-31
-2
-50
-21
-20
19
-81
12
18
-30
-54
41
-17
-43
49
-43
26
5
-1
-26
5
51
-51
-13
38
14
-40
14
8
38
-90
51
46
-70
41
16
-23
-5
36
-10
-15
20
27
-42
-30
77
-73
3
34
-39
21
-31
7
-26
8
9
-13
46
18
-49
46
56
-50
-6
90
16
-115
57
107
-160
-35
162
-69
-157
148
3
-118
-35
88
-9
-102
4
92
-99
-53
25
6
-69
-20
5
-6
-4
-65
21
45
-86
-19
101
-21
-74
70
82
-107
-23
155
-53
-74
79
78
-112
8
100
-47
-25
68
0
-43
35
26
-39
26
40
-43
27
1
-14
-25
52
-35
-48
64
-8
-101
55
39
-86
3
92
-69
-37
43
10
-82
10
47
-62
-33
47
-17
-51
-32
45
-38
-35
-20
54
-54
-32
-3
54
-81
-29
56
0
-49
-16
35
-8
-63
-7
60
-52
-46
55
-37
-36
13
-25
-41
36
-22
-23
-7
-8
12
-32
-33
15
18
-84
-16
21
-24
-103
58
-1
-72
-25
58
-32
-60
42
21
-97
23
14
-14
-62
24
48
-93
-21
53
-24
-75
20
36
-71
-24
0
54
-107
-17
56
-43
-83
56
-8
-72
20
24
-60
-11
18
-31
-51
48
-29
-52
41
9
-58
31
50
-65
-8
75
-39
-75
83
33
-85
20
82
-52
-58
90
28
-91
61
35
-54
-7
33
-5
-14
2
11
7
2
-27
10
56
-61
-2
81
-49
-34
58
21
-94
49
57
-96
21
63
-73
-25
22
-13
-28
-40
-7
22
-68
-29
33
-64
-5
-30
-14
-14
-34
-50
34
-48
-59
69
-41
-65
52
6
-67
-4
52
-32
-30
22
55
-70
14
7
26
-61
38
39
-59
31
34
-59
39
38
-87
27
67
-77
20
46
-76
12
6
-48
16
-15
13
-34
-1
16
-35
11
-3
5
-43
43
-23
-75
97
-50
-73
76
-5
-63
15
0
-28
8
-37
-14
29
-4
-93
35
21
-69
-56
71
-32
-89
21
58
-99
-30
48
-13
-75
44
18
-27
-65
80
4
-115
70
47
-106
11
67
-30
-59
36
62
-93
27
43
-18
-1
-12
74
-51
-17
58
16
-67
24
72
-73
-16
35
10
-59
0
51
-22
-40
14
7
-25
-37
4
17
-72
-1
5
-11
-37
-59
101
-113
-26
49
-10
-101
25
42
-81
-2
13
-25
-29
-3
-17
-28
-20
-11
-16
-42
41
-35
-57
35
25
-85
-7
81
-47
-11
14
58
-59
-1
51
-3
-4
9
45
-4
-5
37
20
-6
-6
47
-7
-23
-16
79
-72
-10
110
-63
-13
61
-34
-6
4
-9
-7
4
-15
7
-20
-1
-33
20
-40
-6
3
-40
0
-18
-20
-18
-5
-14
27
-79
34
-5
-30
-21
13
29
-58
13
26
-51
-1
47
-57
-23
67
-18
-79
34
53
-73
-29
99
-33
-34
4
64
-29
-50
70
48
-89
57
59
-57
-3
90
-37
-40
61
16
-67
20
60
-60
6
19
-9
-17
-28
47
-47
-27
34
-13
-22
-12
13
4
-62
29
12
-50
-6
-16
42
-91
0
49
-34
-42
8
9
11
-61
19
34
-20
-55
63
23
-75
40
29
-45
10
49
2
-52
66
6
-66
32
34
-35
1
26
-22
7
-3
-20
22
-13
7
-27
10
1
-10
-26
6
38
-51
7
34
-42
-24
7
-39
13
-31
-27
6
-3
-42
-23
45
-63
-3
35
-47
-17
27
-18
-66
48
9
-68
20
31
-46
-30
52
-13
-35
21
12
-30
-26
37
-2
-15
-7
76
-51
-51
114
-80
-21
49
-29
-31
50
-40
-31
53
-44
-34
34
-17
-16
-11
-33
21
-49
-25
10
-7
-87
45
6
-123
49
21
-90
-36
70
-47
-89
42
47
-127
14
56
-65
-31
33
3
-39
-15
32
-31
16
-3
-43
43
-3
-68
17
47
-63
-35
45
-4
-48
-19
69
-41
-72
83
8
-102
57
41
-86
10
80
-46
-31
67
-10
-19
-21
55
-49
-40
59
-22
-67
63
-21
-54
36
-2
-18
-4
24
-33
-6
20
8
-61
19
19
-32
-49
58
-22
-79
30
3
-60
28
-22
-55
31
10
-76
10
73
-62
-35
42
20
-30
-32
13
70
-82
-21
101
-45
-52
62
14
-46
24
8
-34
18
-10
-19
-29
27
-14
-55
12
38
-32
-48
25
25
-51
4
-12
23
7
-74
31
10
-33
-39
-10
2
-8
-44
-26
34
-13
-71
21
32
-46
-26
45
-19
-6
-10
-21
27
-14
-59
77
-45
-36
35
-35
-8
10
-16
-17
5
-50
59
-67
-14
61
-56
-57
47
-16
-61
-5
4
11
-90
7
45
-77
-28
38
-43
-56
26
-1
-34
-34
35
-7
-56
-22
56
-40
-45
17
31
-25
-35
36
4
-20
-7
31
0
-14
-12
14
27
-54
17
31
-28
-19
35
-23
2
-9
-2
0
-22
45
-27
-1
23
2
-15
23
14
-35
26
30
-11
-19
45
-2
-18
19
20
24
-43
41
21
-29
8
14
19
-16
2
30
-33
15
1
-15
24
-3
-26
29
-5
-16
-14
0
-7
-19
-6
6
-9
-24
10
-2
-13
-25
3
-2
9
-32
-11
39
-25
-51
45
11
-65
-22
62
-46
-59
45
7
-43
-21
22
19
-32
-52
108
-47
-72
69
21
-60
-11
73
-37
-43
26
1
-25
-4
-1
-38
30
-34
-22
15
14
-37
-49
27
15
-80
23
-5
-27
-13
-6
-29
51
-37
-39
44
10
-55
-13
33
-14
-36
-31
73
-40
-76
60
24
-62
-16
68
-20
-52
43
53
-85
21
64
-50
-39
67
2
-54
34
1
-5
-25
29
-8
7
-13
-25
31
4
-17
-17
57
-8
-39
46
19
-51
30
13
2
-6
3
2
8
-5
44
11
-34
73
-3
-31
16
33
0
-86
91
30
-132
77
32
-94
10
82
-20
-47
64
18
-45
25
14
0
-16
31
-22
16
-10
-36
12
25
-26
-37
59
7
-89
51
25
-58
16
22
-8
-28
32
-12
-9
32
-38
14
7
-41
65
-41
-47
71
-50
-41
47
8
-7
-48
45
-4
-53
10
41
-46
9
-9
0
-5
1
-29
31
-40
-22
1
15
-45
-12
40
-65
27
-23
-6
6
-47
-7
45
-86
0
51
-50
-50
45
21
-82
-5
55
-61
-25
12
38
-41
-16
36
-9
-13
3
9
-27
33
-23
-23
51
-33
-11
-3
28
-16
-15
22
7
-7
7
-8
52
-1
-46
67
17
-19
-15
77
-26
-13
39
-23
9
18
-52
8
30
-7
-40
-3
68
-35
-39
61
31
-38
15
36
13
-5
13
14
6
18
-11
23
0
36
10
-26
58
44
-23
27
38
53
-2
-17
81
20
-31
22
51
15
-39
39
50
-23
17
74
-20
25
54
14
-1
16
95
-62
-24
95
-6
-72
94
11
-42
33
14
-26
44
-17
-3
37
-10
-14
39
-1
-42
73
6
-45
42
28
-45
-29
67
8
-88
94
15
-82
58
30
-62
-1
69
-16
-68
52
45
-64
-17
72
8
-41
16
46
-14
-37
10
30
-19
-2
-19
47
-20
-50
51
-9
-11
14
-2
9
-13
2
-24
-12
20
-40
13
24
-42
-6
5
3
-4
-26
51
-21
-30
19
18
-62
31
27
-2
-12
25
13
-11
4
28
0
30
-9
-2
36
-16
-1
8
30
-18
-12
56
-21
7
12
12
33
-14
37
22
10
17
-1
34
-12
-16
12
12
-32
7
6
-12
16
-16
15
15
5
10
19
15
17
-2
19
8
-2
33
-25
27
16
-13
11
20
21
10
10
36
12
5
34
35
11
2
63
37
-13
26
91
-14
-8
106
31
-23
40
69
1
1
44
58
-10
12
61
17
6
21
44
47
-2
28
69
17
-18
63
54
-7
37
70
16
-19
53
26
-17
10
46
-24
-13
15
19
-35
9
34
-27
42
-3
7
16
-15
18
12
-6
10
47
-52
36
23
-20
-7
49
-53
13
31
-50
-3
41
-42
-10
50
-3
-16
41
18
-9
26
18
19
-27
41
24
-17
8
44
-35
16
21
-17
-1
-7
-2
2
-14
-4
0
12
-10
-1
28
-4
-9
42
0
13
22
19
29
16
3
12
30
-15
0
57
-31
-6
57
-12
-7
34
22
-7
-7
49
-1
-29
50
8
-42
44
40
-24
4
83
-25
1
80
-6
3
44
36
11
6
46
12
-10
45
32
24
7
38
26
15
21
32
28
32
13
43
60
1
33
63
44
-8
42
66
-15
-13
97
-3
-47
85
45
-27
29
89
11
-3
80
66
-5
40
72
40
-11
48
65
-19
22
43
12
-10
38
20
20
-1
58
17
-6
63
21
-9
37
46
0
19
20
8
16
29
15
36
25
6
39
19
8
44
9
17
37
8
14
14
22
2
-3
21
12
-18
28
20
-37
17
27
-20
-7
19
-5
-17
-31
25
-11
-24
-9
35
0
-39
35
41
-43
-19
57
8
-48
18
63
-43
-22
49
20
-24
0
45
14
-40
28
39
-4
-25
33
37
-22
-1
51
16
-33
29
28
11
0
18
28
-3
-13
37
22
1
3
35
32
-1
14
38
15
-4
17
41
8
-1
41
32
-15
33
25
29
30
12
26
20
7
36
0
35
19
2
45
6
41
10
30
50
7
33
48
17
12
57
50
11
22
68
46
-2
37
63
20
5
56
61
11
6
77
44
4
40
61
25
2
76
65
-7
58
59
40
25
46
63
1
21
59
25
2
42
39
18
10
59
35
-9
22
50
15
-13
53
46
-9
18
80
5
-17
61
26
-6
20
39
13
-31
18
22
-8
12
13
26
-10
-8
28
-18
-16
33
-11
4
8
17
-12
-4
22
-3
-4
12
9
-15
-3
2
-8
-26
11
6
-18
5
2
7
-19
-6
7
-14
-11
4
-14
-12
-8
-8
7
-6
-9
16
5
-4
-7
13
12
-27
0
8
0
-25
6
15
-6
-28
36
35
-27
12
47
12
-7
21
26
12
-13
24
31
-8
-16
41
12
-35
36
25
1
15
8
38
0
-2
32
24
-22
39
43
-10
5
50
10
2
53
21
6
37
45
-9
16
48
12
10
40
14
17
32
4
24
24
9
38
12
23
55
5
46
58
30
50
54
25
60
28
13
63
43
20
25
62
9
5
44
23
0
22
32
2
26
25
32
-4
45
41
-3
35
44
7
9
23
52
1
-14
53
17
-16
3
32
-18
-5
19
1
-2
20
-16
18
5
-23
-8
19
-17
-25
17
13
-9
-5
39
4
1
25
9
3
4
8
10
-18
10
3
-18
1
-8
7
-20
-20
4
-1
-3
-16
15
12
-34
-18
31
-26
-25
3
19
-13
-27
22
18
-36
3
33
-28
-15
16
-3
-29
-10
3
-21
-28
-2
-13
-15
-27
0
-14
-26
-15
-6
9
-39
-20
16
-22
-22
10
5
-17
-3
21
5
-19
15
12
1
-4
17
10
-12
9
13
-8
-7
25
-3
-11
10
26
-15
-16
32
12
-29
21
31
-14
-3
26
20
5
-2
33
30
-15
17
39
12
-5
34
28
-9
4
37
19
-21
15
49
-7
-11
46
11
-14
21
42
12
-4
46
45
-8
20
50
-1
8
30
17
-1
-4
16
16
-17
-4
5
-12
-10
-9
10
-2
0
-8
-11
-2
-3
-3
1
1
24
-2
-16
29
18
-20
2
50
-8
-19
40
25
-33
8
38
-20
-7
23
-6
-16
-3
-8
-9
-11
-9
4
-8
-17
5
6
-30
-4
9
-9
-20
2
14
-7
-25
-1
5
-12
-32
11
-9
-24
-23
-24
-14
-40
-17
-25
-31
-16
-13
-31
-19
-10
-7
-28
-5
-3
-18
-12
-14
-2
-14
-20
-15
-8
-27
-5
2
-21
-19
0
-10
-23
1
2
-8
-11
0
3
-8
-16
28
-8
-14
26
14
-11
-5
20
0
-32
13
21
-20
-9
14
10
-16
-3
22
6
-6
7
20
8
-12
8
13
-2
-5
21
9
0
-5
17
6
-13
12
19
-7
4
14
-5
2
13
5
-12
15
19
-6
15
21
-1
11
24
14
16
21
17
18
12
13
34
18
10
32
29
-2
21
42
14
-4
32
13
-2
5
10
7
-4
-8
12
-1
-14
10
5
-5
-7
6
10
-5
7
9
22
-1
3
16
-2
-6
15
20
-10
-10
18
-2
-26
8
16
-14
-13
18
-8
-19
-21
1
-11
-16
-10
-3
-7
-20
-20
8
-15
-16
7
-3
-10
-6
-3
-18
-18
-4
-14
-10
-7
-15
-8
-32
-20
-5
-24
-17
-16
-15
-23
-25
-16
-14
-22
-22
-9
-21
-20
-25
-23
-28
-19
-6
-12
-12
-9
-1
-18
-16
-5
-2
-20
5
14
-15
-12
1
-3
-14
0
0
-9
4
-6
17
4
-9
11
7
-8
9
-2
-3
-4
-12
-13
0
5
-13
3
7
-14
-15
7
-4
-14
8
-5
6
0
-12
16
9
-6
8
27
6
-16
2
18
1
-8
14
25
0
-8
1
25
0
-10
27
22
-7
1
26
3
-18
16
19
2
11
17
14
-9
-5
31
-1
-5
34
24
-12
10
34
-4
-6
16
22
-4
9
10
8
11
-11
1
18
7
-12
3
9
-3
-17
-3
14
-1
-14
5
15
-3
-20
-2
5
-17
-23
14
16
-20
-3
18
-8
-6
14
3
-5
-3
-4
-17
-21
-12
-13
-25
-17
-2
-5
-35
-3
7
-32
-15
4
-14
-16
-7
-6
-16
-28
-6
-9
-18
-2
-13
-14
-9
-18
-20
-9
-8
-19
-20
-16
-25
-18
-22
-26
-11
-13
-26
-5
-4
-31
-3
1
-17
-7
-2
-8
-15
-13
-18
-7
-14
-22
-8
-5
-33
-18
-1
-23
-26
-3
-15
-22
-12
-11
-11
-1
-9
1
16
-7
-2
28
14
-13
15
32
3
2
27
22
3
8
15
10
4
13
21
3
0
7
11
2
0
5
14
6
0
7
14
7
0
24
26
-4
4
33
11
-4
26
31
2
2
29
10
-5
19
12
7
11
5
14
22
8
4
29
26
4
30
27
10
8
16
27
4
6
23
7
2
11
17
16
8
18
20
11
1
14
15
4
3
17
21
9
3
16
13
0
3
22
2
-6
15
-14
-15
0
-2
-14
-2
14
-14
-16
12
-10
-18
8
9
-13
4
13
-5
-7
-1
-8
-1
-3
-8
1
-9
-22
-18
-11
-25
-8
8
-15
-12
11
-5
-14
-3
9
2
-2
2
9
5
-18
-8
15
1
-12
7
15
-9
-14
5
9
-1
3
8
13
-3
-8
6
10
-13
-1
21
9
-2
12
11
-9
-1
14
10
-1
8
10
-6
3
13
1
3
5
10
10
3
-1
-1
2
-7
-7
16
6
-12
-2
11
-12
-18
1
3
-6
3
18
3
-13
-1
11
-1
-1
20
20
11
15
14
22
22
18
30
36
20
13
27
27
8
18
35
21
14
20
22
10
10
18
28
30
21
27
28
19
9
23
30
11
15
36
12
-7
5
19
-7
-7
24
22
1
-5
10
0
-20
0
19
-5
-16
10
3
-20
-7
12
7
-4
8
6
-6
-1
7
1
-11
3
14
-1
3
16
3
6
14
9
14
17
19
9
10
14
6
-3
8
8
-1
8
7
-6
-5
4
3
2
-10
0
13
-1
-7
6
11
-5
3
15
5
-8
1
8
0
-3
10
7
-4
4
5
4
0
8
10
-2
-1
9
12
6
5
5
8
2
5
8
9
11
9
9
12
6
8
15
17
21
21
15
13
15
15
11
11
25
15
4
16
20
6
14
21
15
16
11
14
19
24
17
15
6
14
17
8
10
10
2
-2
5
17
20
20
30
32
26
18
40
37
33
37
41
34
22
23
29
27
14
20
27
11
4
19
12
2
5
19
10
11
18
19
12
7
13
15
14
15
19
15
8
1
2
6
7
11
9
10
5
-6
-1
4
-8
-4
-2
-4
-7
-5
-5
-16
-10
-6
-9
-2
-5
-9
-6
-3
-5
-7
-3
-1
-7
-9
-4
-7
-7
-5
-9
-2
-2
2
-2
-1
4
-6
-2
0
4
2
-1
5
5
-9
-4
0
-7
-5
1
2
-8
-7
-2
-6
-9
-7
-5
-9
-9
-6
-1
-7
-7
3
-2
-7
-3
5
-5
-11
-1
2
1
-3
6
-3
-5
0
1
2
4
8
8
3
2
4
-1
2
0
2
1
4
-1
0
6
2
2
1
3
8
12
11
11
13
14
8
15
18
12
14
18
12
4
10
9
4
2
2
4
3
4
7
4
3
4
5
6
2
3
5
5
5
6
7
9
8
5
11
4
3
2
4
10
6
7
7
6
10
2
8
14
4
5
7
6
2
-1
0
-5
2
2
-3
-6
-2
-4
-5
-2
-1
1
1
-2
-1
-1
-4
2
2
1
0
2
12
5
-2
6
5
-1
3
9
3
0
1
1
-6
-7
-3
-4
-4
-6
-4
-9
-17
-11
-3
-9
-9
1
-1
-5
-5
-4
-11
-13
-5
-9
-13
-14
-14
-17
-23
-19
-19
-18
-23
-18
-23
-25
-17
-23
-25
-23
-17
-20
-16
-11
-18
-15
-14
-18
-14
-12
-9
-11
-8
-10
-9
-6
-4
-3
-6
-3
-5
-2
1
-1
-4
-1
-1
-8
-2
0
-3
-2
0
1
2
7
8
3
1
7
7
3
5
3
3
0
1
-1
0
2
2
3
6
0
2
6
6
-2
5
5
7
7
8
6
5
10
6
5
10
8
3
10
2
2
-1
2
4
4
4
10
4
3
10
5
-3
6
8
3
3
8
-1
1
2
-1
-10
-8
13
5
-15
-15
3
3
-11
-11
-8
-9
-5
-13
-15
-8
-6
-13
-13
-2
-1
-7
-4
-4
-3
-7
-3
4
3
2
3
-1
-3
-5
-5
0
-5
-3
-12
-16
-5
-10
-12
-1
-12
-11
-11
-16
-9
-12
-9
-5
-10
-10
-7
-4
-11
-14
-4
0
-9
-15
-11
1
3
-8
-9
-1
-1
-15
-7
-3
-3
-12
-16
-10
-8
-12
-18
-13
-8
-13
-14
-13
-10
-10
-12
-15
-12
-10
-16
-14
-16
-7
-6
-9
-6
-6
-3
-4
-2
-1
2
-3
-5
0
2
-2
-2
6
-2
-1
9
5
3
2
5
5
-2
0
6
8
7
5
12
8
4
7
8
10
9
9
4
6
6
2
7
7
6
2
6
7
6
1
6
6
0
4
12
9
2
5
6
2
-2
3
3
-2
0
5
4
2
1
9
12
6
7
8
10
8
9
3
5
6
5
5
1
3
6
4
4
10
4
3
5
5
1
1
2
-2
0
-3
-3
-1
-3
-1
-2
3
1
-4
-1
-2
-2
-4
-7
-5
-6
-10
-9
-10
-10
-10
-12
-10
-13
-7
-7
-8
-8
-8
-6
-4
-8
-7
-11
-11
-10
-9
-12
-12
-5
-15
-12
-7
-9
-12
-11
-13
-14
-13
-11
-14
-8
-10
-13
-13
-6
1
-5
-5
-4
-3
-8
-5
-3
-3
-1
0
2
3
1
1
0
5
5
3
5
5
0
2
8
3
4
10
9
11
9
11
14
13
17
14
16
16
14
17
14
16
20
17
16
21
16
14
18
20
21
17
12
16
13
9
14
19
15
10
15
17
11
9
14
17
10
15
17
14
10
9
10
9
10
12
14
10
11
11
9
8
7
9
12
10
10
15
6
8
8
9
6
4
9
7
1
6
7
7
12
12
9
9
14
12
9
8
15
7
5
6
10
4
6
12
9
6
12
7
5
6
11
8
4
5
8
9
8
9
7
8
6
5
7
3
-2
2
2
1
3
1
-2
-6
0
5
-3
1
3
5
1
0
-4
0
1
-2
-3
-6
-5
-5
-4
-4
-1
-8
-9
-8
-9
-9
-7
-5
-8
-6
-3
-6
-5
-2
-2
-2
3
3
5
7
4
11
12
7
9
11
4
2
6
3
3
4
6
5
10
11
10
6
5
12
8
7
9
11
12
14
12
9
10
10
9
8
12
9
8
5
3
6
3
1
-3
-2
-3
-3
-5
-1
2
-2
1
7
6
6
8
8
14
8
6
11
11
11
12
12
12
8
12
11
14
18
18
15
15
21
18
19
18
19
14
11
11
10
12
11
10
7
4
5
9
6
7
6
9
4
4
6
4
6
3
5
4
3
5
4
7
4
7
7
10
5
5
9
6
4
4
3
3
5
3
4
9
6
4
4
-3
0
3
1
3
6
9
9
15
18
12
12
14
17
16
13
11
11
10
12
8
12
11
8
8
10
10
4
9
8
10
8
12
10
9
12
12
14
13
14
14
13
14
8
2
8
9
8
4
0
1
4
3
6
5
11
6
7
8
10
9
10
13
8
8
14
9
9
11
5
5
7
7
1
2
6
3
0
6
7
4
8
11
9
7
10
13
11
15
11
14
17
13
13
14
12
10
9
15
10
4
8
11
9
7
12
9
9
17
18
18
19
21
22
19
24
26
25
23
24
27
26
20
15
16
12
16
14
13
15
13
15
17
15
14
16
11
11
16
19
21
23
23
19
17
18
19
21
17
16
13
10
8
9
10
9
7
10
12
13
14
15
11
15
16
15
15
14
18
16
14
16
16
11
9
14
17
14
11
12
16
18
19
23
20
24
23
20
26
27
29
31
29
29
28
31
30
27
21
15
21
20
18
19
18
14
16
15
18
17
15
17
18
21
14
16
21
18
14
19
19
15
16
15
18
14
11
13
7
6
9
9
11
8
8
11
5
5
7
9
9
9
15
14
12
11
16
14
15
20
20
19
16
14
12
11
12
12
8
3
-1
7
6
7
11
10
12
9
10
11
11
9
13
13
13
17
20
17
17
18
19
20
14
15
23
20
21
18
17
16
15
22
24
21
25
19
18
24
22
24
20
14
15
11
14
9
9
12
11
11
6
9
8
8
8
10
11
5
12
17
15
14
17
16
14
12
13
14
13
13
9
14
10
7
9
9
13
20
16
13
17
18
15
17
22
19
20
21
21
21
19
21
22
22
19
23
22
18
19
18
16
12
14
17
17
15
12
10
10
11
12
9
11
9
10
16
14
14
16
13
15
14
12
11
11
14
11
10
8
8
12
8
11
14
10
13
15
15
16
13
15
16
16
12
17
11
8
14
7
10
11
6
6
2
1
2
0
3
3
2
1
7
3
2
0
4
3
0
2
-1
2
0
-5
-1
0
-3
0
-1
-1
-3
-2
0
-5
-4
-2
-3
-4
-4
-2
1
-2
-2
3
-3
0
-1
3
5
5
5
6
7
5
-1
1
5
5
6
2
1
5
1
2
2
3
0
-3
-3
-3
-1
-2
-6
-10
-6
-6
-8
-7
-7
-5
-8
-7
-7
-4
-3
-6
-4
-7
-7
-2
1
0
0
-1
0
-2
0
2
2
-2
1
2
-1
-2
-3
2
1
3
5
5
9
2
5
3
4
6
-2
2
5
9
7
7
6
7
7
2
5
4
5
7
1
7
5
5
6
5
11
7
5
9
6
2
0
3
-1
4
4
3
1
4
8
1
1
3
4
5
11
11
12
10
9
11
8
4
3
0
1
1
-2
-5
-5
-6
-12
-6
-10
-12
-15
-12
-8
-12
-8
-5
-9
-6
-2
-3
-4
-2
-3
-6
-1
-3
-1
-5
-8
-12
-14
-14
-13
-14
-12
-8
-13
-10
-11
-13
-9
-5
-2
-6
-5
0
0
-3
-2
-3
-4
-5
-5
-9
-12
-8
-9
-15
-12
-8
-6
-7
-9
-7
-4
-1
-1
-3
-2
-6
-4
-5
-6
-3
-4
-7
-9
-9
-10
-9
-13
-13
-15
-19
-22
-13
-9
-8
-4
-4
0
4
6
4
5
0
9
13
12
11
12
17
11
12
11
5
4
2
3
1
3
2
7
9
7
8
10
10
8
12
9
10
8
6
11
9
12
11
9
8
8
5
5
3
2
1
0
1
-5
-1
4
4
2
2
5
6
7
8
8
8
7
3
6
4
0
3
2
1
2
0
-5
0
0
-1
1
7
3
4
4
10
9
7
16
12
10
4
9
5
1
6
3
4
-2
-3
-4
-2
0
-1
-4
-5
-5
-5
1
3
7
3
0
0
-2
0
-2
2
-4
-11
-8
-9
-8
-10
-9
-7
-12
-12
-14
-14
-14
-14
-18
-14
-16
-15
-15
-13
-12
-11
-13
-12
-14
-18
-16
-17
-16
-14
-16
-16
-12
-12
-8
-9
-11
-9
-11
-7
-9
-10
-10
-8
-5
-4
-9
-6
-5
-8
-9
-9
-10
-8
-4
-2
-2
-2
0
-1
-3
0
-1
0
3
3
3
3
4
-1
2
3
1
2
-5
0
4
-3
-4
-1
0
-1
-2
-2
2
-4
-1
2
-3
-3
-1
-1
-6
-3
0
-5
-4
-2
-6
-5
-6
-8
-6
-5
-2
1
3
2
3
4
1
2
1
1
6
7
11
5
6
4
4
3
2
-2
0
4
2
1
2
4
7
5
6
8
9
8
8
15
13
11
13
12
8
13
13
4
6
3
6
1
2
1
-2
2
-1
3
0
1
2
-1
2
-3
-3
-1
-4
0
-1
-3
-5
-6
-1
-5
-6
-8
-9
-8
-11
-8
-9
-10
-8
-5
-3
-3
-3
-2
-4
-5
-3
-5
-8
-12
-11
-6
-10
-11
-9
-9
-9
-9
-9
-11
-9
-8
-10
-4
-4
-4
-1
-2
-3
-1
-9
-10
-6
-9
-4
-5
-3
2
-8
-8
-8
-5
-1
-2
-2
-3
4
1
3
0
2
-3
-1
3
0
-1
-4
-4
-4
-3
-1
1
6
8
4
7
2
4
5
4
7
5
12
12
8
8
11
5
4
6
5
1
4
6
3
5
5
4
6
9
14
16
12
10
17
15
17
13
15
13
11
9
8
8
8
4
3
4
4
4
5
13
11
12
10
9
9
12
9
10
13
14
13
11
8
9
12
12
11
7
12
6
7
9
9
9
5
2
2
4
4
1
2
1
1
2
1
6
9
6
0
4
1
3
2
0
-2
-2
-1
-12
-6
-7
-10
-7
-13
-11
-13
-14
-15
-12
-10
-13
-9
-12
-9
-13
-12
-11
-16
-10
-10
-11
-8
-12
-14
-14
-11
-18
-14
-14
-21
-21
-20
-21
-17
-15
-14
-12
-14
-10
-8
-6
-4
-7
-7
-6
-8
-10
-7
-10
-10
-10
-10
-16
-14
-12
-16
-15
-11
-10
-10
-8
-8
-3
-6
-8
-5
-9
-5
-5
-2
-8
-4
-2
-4
0
-2
1
-3
-2
-1
0
3
5
10
8
9
11
15
11
11
8
12
10
11
15
10
13
10
10
8
7
10
5
11
10
12
15
9
9
11
13
13
16
18
15
17
14
11
13
13
12
10
16
16
11
13
15
15
12
9
10
10
12
15
15
12
12
11
12
13
13
12
12
3
3
-1
2
1
-3
0
-2
-5
-2
-1
0
0
0
-1
0
1
3
3
8
9
7
7
8
8
8
6
3
0
2
3
1
-1
-2
-1
-3
-6
-10
-8
-8
-11
-7
-8
-9
-9
-7
-8
-10
-10
-7
-5
-8
-6
-9
-12
-11
-11
-15
-14
-11
-8
-8
-5
-2
-2
-1
-4
0
4
0
5
7
3
3
2
3
1
-1
3
-2
0
1
-2
-1
-4
