-1
-4
-2
0
1
-5
-2
-1
-3
-3
-4
-1
-2
-1
-7
-8
-2
-6
-4
-5
-4
-9
-9
-6
-7
-1
-6
-5
-3
-6
-6
-10
-12
-15
-12
-12
-16
-20
-16
-17
-14
-10
-16
-17
-16
-15
-11
-8
-8
-6
-3
-7
-6
-7
-6
-4
-6
-2
-3
-4
-4
-7
-9
-5
-6
-7
-7
-4
-11
-15
-17
-20
-13
-14
-11
-8
-8
-7
-7
-8
-7
-9
-6
-9
-13
-11
-9
-8
-13
-10
-12
-12
-13
-11
-11
-8
-8
-8
-5
-8
1
0
-3
-4
-6
-3
-1
-2
-1
-2
5
1
-3
-1
-4
-5
-3
-2
-4
-3
-5
-2
-2
2
-5
-3
-5
-10
-5
-10
-11
-11
-12
-12
-9
-10
-9
-14
-13
-6
-9
-13
-11
-11
-11
-11
-17
-8
-12
-15
-9
-16
-14
-10
-15
-13
-7
-11
-4
-5
-7
-1
1
-3
2
2
-1
3
-1
-3
-5
1
0
1
4
4
1
-5
-2
-3
1
1
-2
-2
-5
-4
-3
-2
-1
2
3
5
1
1
4
-1
1
0
2
-3
-3
-8
-8
-7
-12
-8
-15
-13
-11
-15
-12
-12
-11
-14
-11
-17
-19
-19
-19
-17
-16
-16
-16
-15
-17
-11
-12
-9
-9
-10
-9
-8
-5
-4
-5
-6
-5
-5
-11
-9
-8
-8
-5
-8
-9
-11
-12
-13
-11
-10
-12
-10
-6
-5
-9
-6
-10
-10
-8
-11
-12
-11
-12
-11
-10
-7
-3
-4
-8
-4
-6
1
-3
-7
-4
-3
-4
-7
-5
-6
-6
-8
-6
-6
-5
-6
-6
-5
-4
-3
-7
-2
-1
-2
-1
2
1
1
1
2
2
-2
-3
1
-1
2
4
0
1
0
6
4
-1
5
2
0
1
0
-2
-2
0
-6
-8
-3
-3
-2
-1
1
-4
-4
-2
-2
-2
-3
-3
-3
-5
-5
-3
-4
-5
-5
-7
-6
-4
-6
-7
-2
-1
2
2
2
1
3
-4
-1
0
-1
-4
-8
-2
-4
-2
0
-7
-5
-3
-4
2
-2
-1
2
2
4
3
4
4
3
4
-2
-1
5
4
4
3
4
2
5
4
1
-4
-2
-3
-3
-2
-1
2
3
1
-1
-1
0
-1
-2
3
-2
-4
-3
-3
-6
-8
-7
-8
-4
-5
-5
-7
-8
-6
-6
-5
-7
-2
-5
-4
-1
-5
-5
-3
-6
-5
-7
-5
-5
-5
0
-4
-5
-4
-4
-3
-3
-8
-7
-4
-3
-1
1
0
2
-1
0
0
3
-3
-2
-2
1
2
3
4
2
3
2
-2
-7
-12
-15
-11
-13
-13
-12
-18
-16
-16
-12
-12
-10
-8
-10
-4
-3
-1
-1
-2
0
0
1
3
1
-1
-5
-2
2
-2
0
1
3
2
0
-2
0
-5
-4
-6
-1
3
-2
3
-4
-4
2
7
10
9
8
8
10
10
8
7
6
7
9
9
6
4
4
4
8
3
1
5
5
10
11
11
10
14
14
12
12
11
10
11
9
12
12
11
12
8
10
6
4
10
13
10
13
14
18
17
11
14
18
13
12
14
15
8
9
11
4
9
11
7
5
4
6
1
-2
-2
-2
1
-3
3
5
4
3
1
0
-1
-1
-1
-1
2
2
1
0
3
1
-1
0
1
4
2
3
4
3
3
1
1
-2
3
7
4
7
9
8
6
12
10
10
10
9
5
2
6
-3
4
3
2
4
2
4
3
7
5
1
5
7
0
7
4
1
3
7
2
2
6
2
-3
-3
6
1
2
1
2
6
3
1
5
4
7
12
3
5
5
4
5
2
2
7
9
7
2
8
7
6
12
5
4
4
10
10
3
11
12
5
13
15
7
9
8
9
5
9
11
7
4
8
7
3
3
3
7
5
5
9
4
8
14
16
14
13
19
15
15
18
13
12
12
15
5
3
7
8
7
3
8
8
9
11
9
8
9
10
13
10
7
12
13
7
12
11
4
8
10
-1
6
3
3
9
1
6
-3
-4
5
3
1
4
-1
-9
2
-1
1
0
5
0
2
8
0
2
4
11
1
-3
-2
-5
-2
0
-9
-9
-2
-4
-4
2
2
6
3
-8
-3
-2
-3
-3
-2
-14
-8
-1
-4
0
7
0
-3
7
2
1
-2
2
1
1
8
4
6
4
2
8
8
3
3
7
3
1
6
12
10
8
10
12
4
11
6
12
20
5
8
15
5
9
14
7
2
5
10
3
1
10
10
1
5
14
8
2
8
8
6
7
7
9
3
6
14
13
4
3
18
4
3
12
16
8
6
16
15
11
9
17
16
12
11
16
22
17
13
15
18
16
16
21
23
21
25
26
20
24
32
25
23
26
30
26
24
27
18
27
29
25
20
24
27
17
23
19
16
17
16
17
9
11
4
7
3
0
9
3
-2
1
7
-1
-7
2
10
3
-2
3
6
1
0
10
8
9
7
8
5
-8
0
3
1
-1
9
0
2
6
-1
14
-4
-1
14
-1
-1
4
8
3
5
7
-7
-1
10
1
-3
-6
4
-2
-17
-2
11
9
-1
2
7
13
5
10
2
-7
5
-2
-3
-12
1
1
-16
5
-3
-5
4
-7
3
2
1
5
5
9
-4
4
2
-3
14
7
5
-1
21
22
-4
18
10
7
13
11
10
17
9
5
13
10
5
0
4
0
14
6
-3
13
22
8
-2
16
12
-14
5
5
-6
14
6
5
8
3
1
16
11
3
28
25
12
11
18
19
-1
17
21
1
20
8
8
31
2
6
26
12
12
20
30
11
13
30
7
17
29
8
15
28
13
15
21
20
9
15
24
13
15
7
14
5
6
16
5
11
8
8
8
3
5
7
10
-2
0
-2
-5
0
-8
-10
10
-6
-11
10
-3
0
-13
2
5
-16
-5
-4
-9
-13
-8
1
-13
-3
-2
-9
-6
-11
-7
-2
-7
-10
-5
-8
-8
-28
-1
2
-26
-12
-2
-11
-18
-23
-5
-8
-20
-11
-9
-12
-13
-4
-14
-4
-8
-8
-10
-8
-6
-14
-7
-19
-5
-9
-13
1
5
-26
-6
24
-26
-12
11
-13
-19
2
1
-20
7
6
-23
4
5
3
-8
-1
8
-16
1
2
-17
5
9
-9
10
0
-10
-3
-4
10
-13
-11
24
-3
-9
10
5
3
-3
11
10
0
11
-3
10
0
-1
5
-10
-1
-7
-3
10
-6
-8
8
-1
-5
10
11
11
0
0
13
1
-1
3
7
2
1
7
0
7
8
-15
6
14
-10
17
12
-17
20
12
-5
10
10
15
-3
3
19
5
15
9
0
16
-1
17
13
9
16
0
26
9
0
19
8
16
15
-12
19
12
-5
3
-1
11
-6
10
13
-12
10
11
10
16
7
8
5
8
2
-1
3
-6
3
2
-13
4
6
-13
1
8
4
2
-8
16
-5
-16
13
9
-8
14
11
-4
3
13
5
-9
1
9
-9
2
20
-18
-6
13
-3
7
0
19
19
3
17
17
0
10
20
7
7
22
2
12
25
6
7
24
17
-10
28
26
-2
10
15
11
0
12
22
0
16
7
0
13
-1
18
2
9
25
2
25
2
7
24
16
13
-7
25
33
-2
2
38
5
-9
36
16
10
23
31
29
25
26
11
21
29
9
10
35
-3
9
42
5
25
35
2
38
28
23
27
12
42
19
3
40
11
22
29
22
29
7
34
20
-7
40
32
-8
18
30
13
15
6
24
21
-10
29
30
5
25
6
24
17
0
26
17
14
28
19
24
-3
27
40
-7
31
22
3
28
9
25
14
7
38
-14
3
23
-17
8
-7
11
24
-8
23
13
-26
24
12
-11
29
-4
9
18
-14
33
-11
-18
42
2
-10
3
16
10
-5
15
1
-3
29
13
2
-3
29
21
-15
37
5
3
37
1
3
15
35
12
-4
23
8
14
25
18
15
24
31
26
16
44
19
6
55
14
34
31
14
55
19
14
42
18
41
20
9
51
20
21
35
20
28
14
21
47
2
25
39
5
42
27
11
51
22
24
37
28
26
29
33
4
38
45
5
47
22
15
46
26
28
22
38
35
7
54
38
18
57
31
24
39
32
30
31
52
25
22
57
31
33
55
29
37
39
33
46
12
50
54
1
41
47
23
40
38
43
48
35
39
29
48
43
8
44
33
21
50
15
27
37
26
36
9
35
44
9
39
33
11
13
13
29
36
-3
27
34
7
19
39
13
8
37
3
11
11
15
13
5
33
-6
8
22
3
15
1
18
27
-14
25
24
-5
35
1
27
20
14
39
-8
18
35
-17
39
26
4
62
-1
8
42
20
33
14
33
44
-3
22
51
14
1
35
23
13
24
35
16
30
24
29
16
14
36
11
33
42
3
37
48
1
33
30
27
38
22
22
34
20
35
42
1
39
38
20
43
11
41
38
-3
42
25
30
44
21
42
28
28
24
34
48
14
36
43
28
37
31
38
16
14
55
3
13
47
9
40
19
14
46
23
14
34
29
28
23
15
24
14
30
29
7
21
30
11
27
39
-4
30
47
1
19
44
22
30
23
31
29
22
28
27
25
36
18
26
25
28
22
15
34
14
21
33
18
17
16
21
28
9
27
19
7
27
35
5
24
32
-7
15
31
3
19
18
6
32
8
6
27
-12
12
8
5
12
-8
29
1
-8
32
12
10
14
21
8
10
22
-1
22
24
-6
31
9
-11
25
28
-12
18
30
-13
14
9
8
19
19
16
1
24
21
7
22
25
38
7
29
16
32
39
19
37
8
10
48
19
19
35
10
31
21
19
25
17
25
23
13
20
10
41
35
-5
55
29
19
37
19
9
42
38
-12
20
33
16
7
12
27
9
10
13
38
30
4
28
32
27
7
19
11
4
41
15
12
30
9
29
25
-4
14
28
14
19
32
14
14
45
25
16
23
17
24
17
7
12
25
5
-2
8
33
17
-5
22
7
1
11
5
29
-10
18
41
-20
25
8
-7
32
-7
13
9
-18
26
0
-1
14
-8
11
6
-2
13
-1
11
15
1
-8
4
20
-10
17
25
-10
7
21
5
15
6
21
15
-11
26
13
7
1
10
17
8
18
-1
12
12
-4
14
25
-5
8
15
0
27
-2
-6
27
-10
8
30
-2
1
23
5
10
9
7
11
-1
18
6
6
9
-6
17
23
-2
23
27
8
32
10
18
18
3
37
13
24
29
-7
19
33
2
11
18
25
14
3
45
-3
21
28
-15
30
19
11
24
9
34
2
7
15
-9
39
8
8
23
-5
21
18
18
13
9
16
1
24
6
3
5
4
33
-10
22
13
-13
48
-6
31
21
-8
38
-11
27
26
-7
33
11
-1
27
7
19
10
13
28
-14
27
20
-17
19
-4
15
25
0
22
8
27
25
-7
16
28
3
17
28
9
1
37
-7
-13
32
-5
7
7
3
11
-6
18
3
-3
-2
2
14
-11
-1
16
-18
10
8
-16
14
19
1
-7
4
23
3
7
1
-7
0
7
14
-18
-6
8
-3
5
9
-11
16
5
11
14
-7
12
13
7
0
19
9
5
-5
1
16
-5
34
-4
-17
28
4
-5
16
8
-6
20
-4
5
14
-4
7
9
21
-4
21
6
21
31
-7
14
14
26
22
4
12
9
-1
3
16
10
11
8
5
1
12
16
-4
-13
23
6
-13
33
5
15
23
7
29
26
14
15
39
15
17
32
20
7
29
45
-5
23
24
7
21
7
12
14
3
9
29
4
11
4
-1
20
12
-4
9
30
12
-1
23
15
-5
22
18
7
-9
11
23
-7
14
21
11
1
2
30
7
3
17
7
4
11
14
-1
3
28
-8
-6
17
9
-15
4
19
0
13
11
-2
1
19
13
3
-1
-13
26
2
-25
12
14
-9
-1
7
-3
2
3
13
-6
9
7
-3
8
-6
8
1
-16
3
13
-21
-2
-3
-9
2
-5
-8
-5
2
-18
0
1
-12
-22
1
11
-3
7
-5
10
-4
1
-7
-14
11
1
-12
8
13
-13
6
6
-5
13
3
18
-1
10
15
-6
16
5
10
11
23
11
1
38
15
5
30
7
10
40
26
24
14
13
33
-4
29
13
-5
26
27
21
-14
26
21
4
17
11
23
11
30
7
22
-13
31
18
-23
41
1
13
12
5
34
18
-1
10
23
3
7
15
-11
2
31
18
6
13
20
10
8
24
-1
20
28
-5
20
16
-5
21
19
8
-5
22
22
-4
7
18
11
6
19
0
9
-3
-4
38
-3
-14
36
101
41
-7
34
-3
19
8
-19
-22
-6
47
-3
15
-9
28
3
13
139
4
-29
13
45
-10
-27
-4
-4
-1
-9
8
7
-27
2
-14
2
28
-7
-10
24
11
-7
21
15
126
-3
-40
73
41
-5
-23
13
-14
-11
-9
-17
-6
-1
1
-31
3
19
-9
-11
13
29
-2
-2
20
35
2
-7
41
15
23
13
5
89
78
4
61
107
-5
-14
-27
-2
-23
-40
-18
-11
2
1
-1
9
-5
-28
0
17
11
11
17
24
33
39
26
45
39
38
26
22
21
29
16
29
23
30
26
22
39
22
4
32
23
22
27
13
33
25
2
8
4
12
3
-15
8
17
-9
18
7
2
13
7
23
10
7
0
17
14
16
22
13
14
4
5
8
23
17
23
13
30
14
1
37
28
10
12
30
2
19
6
-6
3
7
-9
-10
27
15
9
8
29
10
15
7
-10
-10
-3
-26
-5
2
-8
11
7
-1
18
14
2
12
19
9
-16
12
-4
-11
15
8
-8
-5
-8
-10
-10
7
13
4
25
17
29
-7
-11
-8
-13
-13
-16
-13
2
23
9
22
102
49
25
37
25
21
12
5
9
6
-4
-2
8
7
-8
-4
-9
-4
78
42
15
9
23
-9
-13
1
-10
-28
-20
13
-7
-20
-21
-5
-4
-10
8
10
10
16
30
29
28
55
59
46
35
33
10
9
12
2
6
10
14
23
24
15
28
27
32
29
41
33
35
35
23
32
33
24
14
22
24
19
31
31
18
21
25
16
3
2
-14
-19
-7
-9
2
9
19
20
11
18
22
24
16
23
25
34
36
24
-4
31
48
18
27
28
30
39
19
12
13
7
11
27
33
36
20
27
31
26
17
18
33
27
30
7
12
7
-8
-12
14
19
13
38
41
15
14
21
11
4
2
8
16
21
4
8
17
7
-11
-8
-8
2
3
-6
-13
-10
13
9
0
-9
-1
19
-4
-10
10
2
-11
6
5
-28
-34
8
4
-8
-9
17
13
-3
-10
-8
0
-8
-14
-17
10
2
0
12
8
10
12
13
10
9
8
15
24
18
2
12
15
16
3
15
18
18
8
5
0
0
12
4
4
3
27
18
13
17
-2
-9
20
35
15
11
26
27
10
19
24
26
36
42
19
3
4
13
-4
-2
5
23
40
38
47
24
33
34
30
22
18
29
30
8
-11
1
-7
0
16
15
10
24
24
27
18
10
26
33
18
25
30
17
22
15
9
6
0
-13
1
3
0
-7
-3
-4
-7
-1
4
3
7
13
10
16
12
14
9
11
12
7
-6
-16
-7
-6
-14
-23
-15
-14
-27
-24
-10
-21
-27
-22
-26
-27
-34
-39
-31
-19
-24
-24
-9
-11
-22
-21
-35
-36
-52
-46
-52
-54
-43
-51
-28
-14
-6
6
30
46
52
58
72
82
81
88
87
92
93
93
92
95
102
96
98
93
97
96
91
88
68
62
54
43
38
36
33
37
43
44
49
46
45
40
41
40
30
28
31
24
22
21
16
4
7
-3
-21
-21
-36
-40
-63
-77
-91
-96
-96
-93
-86
-72
-45
-32
-28
-21
-19
-18
-18
-22
-24
-20
-16
-25
-23
-30
-34
-38
-47
-52
-65
-68
-81
-96
-110
-111
-109
-116
-114
-101
-89
-88
-81
-86
-89
-101
-107
-115
-124
-127
-130
-135
-135
-142
-141
-127
-116
-90
-30
52
142
216
294
382
452
497
511
502
461
399
317
221
125
37
-43
-118
-166
-202
-211
-210
-199
-185
-178
-166
-147
-131
-108
-82
-56
-6
37
99
154
220
279
324
354
364
355
331
284
209
122
44
-29
-90
-134
-157
-152
-135
-102
-67
-20
13
39
62
66
61
63
67
58
59
68
88
107
119
127
129
121
98
63
21
-23
-74
-111
-137
-151
-149
-141
-122
-104
-91
-72
-68
-60
-72
-94
-97
-122
-123
-126
-120
-101
-89
-61
-47
-23
-12
-11
-19
-38
-60
-84
-108
-132
-155
-174
-185
-195
-202
-206
-211
-222
-238
-247
-263
-278
-288
-293
-310
-315
-302
-279
-247
-191
-92
53
210
349
474
580
686
742
750
705
616
508
369
212
63
-65
-171
-261
-326
-359
-363
-346
-325
-315
-304
-284
-257
-223
-172
-115
-48
46
143
254
360
460
542
591
602
564
500
407
286
146
1
-129
-229
-304
-359
-383
-379
-358
-326
-292
-244
-193
-141
-86
-39
22
104
187
270
351
427
482
512
517
482
418
332
224
98
-24
-126
-205
-261
-294
-300
-283
-245
-197
-159
-112
-67
-27
10
33
60
78
96
118
119
112
97
68
26
-26
-85
-141
-191
-237
-270
-286
-281
-261
-228
-187
-143
-107
-68
-47
-43
-41
-52
-74
-95
-131
-158
-170
-180
-190
-199
-191
-183
-166
-150
-157
-170
-181
-200
-224
-233
-235
-209
-114
46
207
338
448
575
679
715
684
598
484
337
172
14
-114
-202
-268
-318
-338
-324
-290
-248
-216
-209
-204
-191
-171
-134
-73
-6
75
174
276
376
455
507
523
500
429
322
202
78
-46
-168
-273
-347
-383
-387
-370
-349
-305
-252
-213
-180
-156
-105
-37
35
118
198
306
405
491
548
566
552
485
388
273
135
-2
-127
-228
-303
-337
-330
-309
-257
-205
-153
-91
-44
6
36
74
98
121
154
176
196
200
189
144
92
26
-52
-134
-204
-272
-314
-328
-321
-291
-255
-200
-144
-92
-46
-21
-11
-12
-25
-49
-67
-94
-122
-131
-147
-166
-179
-194
-218
-252
-279
-307
-326
-359
-389
-396
-388
-359
-294
-138
103
342
521
663
807
917
937
866
722
544
339
113
-82
-216
-302
-355
-396
-416
-404
-371
-345
-337
-334
-331
-310
-260
-156
-14
149
310
455
594
694
743
729
656
532
362
168
-20
-171
-286
-385
-453
-497
-499
-471
-435
-402
-362
-307
-259
-216
-149
-47
70
178
285
406
538
627
656
647
596
516
385
226
66
-88
-211
-309
-381
-402
-393
-363
-316
-264
-190
-112
-31
37
106
166
226
267
288
304
277
235
169
87
-1
-96
-189
-263
-309
-341
-347
-329
-292
-252
-203
-160
-113
-56
-8
29
41
61
79
78
62
25
-34
-96
-160
-227
-279
-315
-341
-366
-375
-362
-331
-294
-260
-231
-198
-169
-158
-152
-138
-104
-64
25
239
494
666
730
791
871
862
712
492
288
91
-122
-324
-428
-431
-419
-432
-421
-365
-302
-256
-226
-194
-154
-93
-4
121
298
465
593
669
697
683
609
477
297
107
-71
-240
-382
-449
-459
-446
-444
-439
-413
-362
-307
-259
-205
-118
-10
95
197
326
456
534
530
477
434
417
357
245
130
56
2
-56
-93
-129
-165
-201
-237
-269
-265
-227
-187
-127
-51
55
166
263
325
341
317
254
159
73
4
-72
-141
-176
-179
-156
-132
-121
-117
-122
-138
-164
-186
-184
-173
-154
-119
-73
-8
49
62
41
3
-42
-105
-160
-199
-239
-243
-226
-197
-170
-151
-154
-184
-230
-275
-302
-319
-307
-275
-222
-159
-112
-73
-28
2
26
110
302
503
594
593
627
701
668
493
286
142
3
-184
-350
-406
-365
-352
-393
-406
-340
-269
-254
-239
-175
-69
30
145
304
488
631
681
659
590
488
342
157
-34
-188
-297
-382
-428
-423
-380
-355
-367
-382
-366
-311
-247
-164
-43
114
271
386
471
542
572
523
381
226
106
35
19
15
11
17
12
-2
-35
-71
-127
-213
-243
-226
-166
-48
89
205
290
341
356
334
268
157
32
-80
-146
-167
-140
-78
-38
-18
-8
-25
-58
-109
-164
-207
-225
-209
-164
-91
-18
23
42
31
-9
-62
-121
-163
-203
-213
-181
-148
-109
-71
-42
-38
-60
-112
-176
-209
-238
-280
-306
-281
-234
-192
-170
-152
-138
-143
-177
-226
-249
-257
-223
-47
285
592
700
684
722
768
658
384
134
36
-51
-219
-354
-299
-156
-164
-323
-430
-410
-394
-446
-444
-290
-63
106
240
438
659
742
658
506
354
225
85
-36
-108
-124
-123
-166
-230
-269
-292
-354
-466
-551
-516
-387
-223
-46
168
383
499
503
454
413
354
237
82
-21
-22
27
52
95
145
131
23
-115
-188
-204
-194
-187
-131
4
151
243
275
275
226
128
15
-55
-75
-48
-14
16
57
90
107
85
18
-66
-132
-157
-164
-143
-89
-26
-1
-9
-35
-70
-132
-212
-268
-296
-280
-241
-173
-86
-8
39
46
43
23
-6
-33
-59
-77
-93
-99
-107
-133
-178
-250
-328
-392
-427
-438
-406
-357
-325
-288
-255
-234
-214
-165
-20
283
638
825
826
830
903
866
627
335
170
81
-100
-351
-441
-354
-330
-523
-728
-722
-597
-529
-497
-312
9
274
392
500
690
809
722
522
383
327
269
180
113
65
6
-134
-335
-494
-578
-632
-694
-728
-631
-398
-140
52
213
381
472
430
339
317
346
332
253
176
154
153
61
-89
-192
-231
-261
-318
-291
-164
-18
70
92
140
198
196
144
92
107
144
132
123
118
119
75
-26
-115
-174
-183
-170
-156
-126
-72
-19
1
-30
-57
-74
-97
-138
-170
-137
-101
-94
-107
-103
-90
-93
-110
-115
-85
-41
-9
17
34
51
46
3
-45
-111
-164
-219
-269
-305
-337
-344
-344
-335
-315
-293
-281
-263
-254
-254
-254
-236
-192
-100
189
625
940
935
774
760
794
621
266
57
95
89
-174
-448
-409
-255
-393
-765
-903
-677
-444
-400
-304
51
420
478
360
422
653
712
522
382
452
529
427
242
112
16
-194
-499
-707
-720
-626
-557
-540
-480
-299
-109
-37
-13
113
295
348
309
360
542
663
572
377
242
152
-2
-221
-378
-356
-260
-252
-317
-278
-126
-53
-96
-97
35
198
274
300
363
442
429
296
172
147
114
25
-76
-121
-121
-147
-200
-268
-273
-236
-214
-213
-186
-103
-25
-11
-38
-44
-18
-19
-74
-94
-64
-41
-63
-101
-90
-56
-43
-77
-97
-92
-73
-87
-135
-166
-190
-208
-250
-286
-302
-298
-292
-318
-333
-327
-284
-252
-228
-201
-187
-184
-207
-208
-140
152
605
894
816
591
576
658
531
208
58
192
255
-31
-358
-326
-172
-353
-774
-882
-559
-267
-261
-229
127
462
384
115
173
521
658
492
402
566
652
439
157
47
16
-174
-442
-546
-434
-316
-342
-447
-486
-409
-328
-304
-238
14
329
437
373
380
519
546
367
192
179
245
191
45
-48
-43
-98
-333
-544
-497
-272
-136
-111
-9
206
334
293
226
286
401
378
282
289
372
344
164
-10
-94
-152
-230
-273
-231
-134
-90
-129
-161
-155
-133
-125
-132
-121
-62
2
-2
-50
-57
-31
-55
-103
-115
-64
-16
-11
-42
-63
-77
-117
-158
-168
-119
-80
-105
-154
-203
-236
-280
-338
-370
-369
-331
-304
-283
-241
-200
-210
-276
-340
-350
-310
-218
105
619
926
761
428
427
634
587
291
205
454
536
145
-292
-305
-188
-452
-901
-882
-394
-139
-334
-442
-135
142
-45
-292
-27
503
678
514
517
741
717
340
62
150
285
156
-89
-172
-141
-222
-469
-680
-682
-558
-474
-454
-324
-27
194
132
-32
27
269
381
332
385
566
607
400
143
54
82
26
-156
-244
-123
-6
-114
-284
-261
-131
-105
-160
-61
191
344
289
196
239
312
229
100
116
223
234
129
43
15
-44
-178
-290
-306
-261
-256
-282
-275
-227
-172
-169
-196
-155
-30
91
118
111
143
170
124
44
16
50
46
-28
-84
-106
-129
-219
-345
-395
-365
-354
-368
-358
-322
-296
-337
-365
-351
-307
-224
-173
-150
-143
-135
-110
-111
14
393
769
757
420
278
517
691
511
290
356
495
255
-209
-329
-126
-177
-598
-815
-488
-133
-249
-522
-439
-120
-72
-240
-90
370
593
412
287
495
672
529
308
325
445
373
128
-37
-78
-167
-366
-543
-538
-397
-334
-425
-525
-438
-255
-215
-258
-161
92
269
271
301
432
510
437
303
273
362
422
337
170
92
71
-36
-181
-206
-134
-123
-219
-267
-190
-105
-101
-133
-42
124
193
178
196
253
244
177
155
204
237
171
62
-11
-79
-161
-246
-294
-298
-293
-282
-266
-224
-152
-122
-127
-110
-43
55
120
144
144
148
129
62
24
17
-18
-86
-177
-227
-238
-279
-353
-421
-451
-485
-508
-465
-403
-342
-310
-303
-281
-233
-184
-106
170
609
825
642
392
482
765
822
611
513
624
546
133
-190
-100
11
-274
-682
-681
-372
-324
-617
-750
-513
-288
-340
-314
62
434
399
207
323
658
774
619
547
648
624
403
232
232
191
-43
-311
-421
-407
-433
-541
-644
-645
-581
-528
-497
-404
-223
-58
30
117
266
411
455
442
447
505
596
622
542
409
319
226
93
8
-39
-105
-215
-332
-359
-320
-298
-324
-312
-222
-151
-103
-20
84
135
141
203
324
392
353
273
227
192
102
14
-23
-79
-199
-309
-340
-313
-292
-302
-303
-268
-218
-176
-121
-68
-29
-12
-16
10
50
81
47
-7
-7
-18
-44
-87
-169
-221
-274
-326
-364
-364
-312
-302
-320
-296
-272
-274
-312
-332
-229
32
404
639
522
276
313
627
822
711
591
627
583
282
16
119
304
91
-347
-474
-267
-228
-529
-711
-523
-315
-378
-443
-184
109
42
-130
31
443
635
508
437
539
574
455
401
495
501
280
9
-126
-155
-201
-322
-428
-446
-415
-419
-481
-510
-453
-374
-301
-183
-8
127
155
145
181
283
456
600
575
468
435
444
431
398
369
289
139
-20
-119
-121
-134
-235
-329
-312
-291
-298
-282
-228
-160
-118
-22
116
216
211
147
155
211
224
231
224
155
44
-49
-88
-99
-118
-161
-197
-224
-237
-250
-235
-193
-177
-168
-159
-121
-71
-75
-104
-80
-41
-41
-79
-134
-164
-195
-217
-213
-203
-190
-216
-249
-240
-206
-176
-228
-313
-310
-234
-73
234
490
406
76
2
369
704
684
497
484
548
367
115
222
486
365
-80
-299
-89
5
-293
-571
-455
-217
-287
-443
-304
-93
-185
-386
-251
185
421
319
231
347
466
432
425
541
566
409
225
160
198
171
12
-159
-241
-248
-283
-378
-438
-439
-403
-359
-292
-188
-152
-185
-159
-45
135
333
434
409
350
387
490
524
521
491
444
347
219
159
142
71
-76
-176
-173
-183
-262
-331
-330
-283
-250
-205
-105
-30
-57
-86
-23
87
150
159
145
113
73
51
58
73
64
28
0
-31
-74
-121
-127
-141
-164
-183
-201
-197
-197
-217
-223
-186
-167
-185
-216
-241
-240
-224
-203
-182
-152
-132
-156
-168
-161
-160
-168
-170
-164
-136
-50
179
402
343
59
-24
298
617
577
398
411
519
401
152
196
444
387
-18
-238
-43
86
-167
-453
-384
-183
-251
-450
-391
-181
-202
-367
-295
38
247
174
92
204
364
396
399
481
517
428
286
224
258
266
150
-19
-119
-138
-181
-292
-370
-375
-345
-325
-317
-302
-298
-308
-259
-150
-5
186
311
292
241
308
442
518
496
449
418
401
354
310
324
268
119
-16
-55
-72
-132
-207
-228
-192
-182
-194
-181
-167
-213
-234
-147
-26
56
68
54
43
45
50
72
92
89
77
73
86
69
37
-10
-42
-47
-66
-100
-135
-150
-169
-185
-173
-180
-210
-249
-296
-304
-253
-223
-206
-218
-238
-226
-219
-169
-149
-125
-111
-137
-154
-134
-104
64
359
453
206
-34
177
590
681
470
389
532
521
233
159
445
552
191
-186
-91
138
-27
-389
-423
-185
-189
-455
-503
-283
-220
-402
-437
-136
152
113
-14
53
261
377
384
428
496
494
400
307
337
433
383
166
-25
-56
-38
-145
-296
-342
-300
-308
-379
-409
-388
-374
-345
-296
-177
36
150
103
40
142
345
450
454
445
474
466
393
361
435
434
266
102
71
95
38
-61
-104
-98
-147
-242
-259
-216
-223
-252
-213
-121
-58
-71
-112
-116
-74
-16
33
79
90
80
86
104
116
104
72
37
25
23
-18
-57
-78
-122
-146
-162
-192
-225
-255
-280
-278
-248
-213
-205
-222
-253
-266
-233
-204
-190
-159
-144
-172
-207
-195
-134
11
263
377
206
15
146
510
678
539
454
562
563
339
230
451
604
340
-7
3
180
60
-285
-378
-192
-167
-381
-484
-354
-288
-440
-508
-297
-29
10
-99
-79
86
237
308
343
392
437
407
339
344
446
477
326
141
81
116
70
-72
-165
-164
-177
-249
-347
-395
-375
-345
-351
-320
-148
0
-40
-152
-87
124
268
277
249
313
385
357
324
420
484
396
267
235
283
250
141
52
34
6
-82
-144
-140
-172
-222
-234
-208
-162
-170
-215
-247
-223
-156
-105
-59
-48
-50
-21
21
60
99
116
99
89
75
58
65
55
11
-37
-49
-63
-88
-116
-172
-207
-223
-237
-251
-267
-294
-323
-308
-271
-240
-222
-218
-256
-284
-257
-199
-146
-62
156
354
285
82
137
476
683
581
478
563
619
450
314
473
645
469
124
30
142
94
-138
-251
-184
-164
-318
-438
-378
-324
-392
-447
-349
-176
-79
-78
-105
-52
78
179
218
254
324
374
335
273
335
442
401
247
174
209
203
97
-7
-47
-62
-120
-211
-246
-218
-202
-262
-328
-244
-119
-136
-247
-233
-80
37
53
70
165
230
202
180
282
396
373
291
274
313
307
244
193
175
142
83
34
26
1
-70
-146
-194
-202
-191
-205
-257
-285
-262
-221
-200
-191
-157
-101
-74
-82
-44
33
77
63
45
80
133
130
70
39
44
22
-40
-84
-96
-121
-174
-225
-243
-229
-255
-317
-327
-304
-289
-292
-288
-281
-284
-276
-248
-214
-170
-60
155
300
185
22
139
433
578
511
484
564
542
359
268
429
559
398
139
93
170
110
-68
-168
-139
-131
-234
-307
-280
-257
-297
-351
-323
-199
-80
-88
-185
-189
-67
37
66
106
209
267
191
108
190
339
345
236
202
270
295
212
107
82
129
115
19
-62
-60
-57
-138
-236
-202
-82
-90
-211
-256
-170
-87
-78
-66
17
93
74
36
91
215
278
246
214
243
276
260
209
186
201
194
141
97
72
30
-56
-143
-172
-131
-112
-172
-236
-250
-236
-244
-236
-192
-147
-138
-154
-137
-69
-16
-16
-19
2
19
24
-1
-17
-11
-18
-51
-72
-72
-93
-142
-193
-205
-195
-192
-223
-242
-234
-236
-239
-241
-237
-248
-250
-237
-218
-166
-34
131
170
64
17
184
377
404
371
410
467
400
286
317
451
461
289
158
183
193
86
-25
-50
-33
-73
-150
-177
-160
-177
-246
-296
-276
-202
-158
-180
-209
-170
-95
-76
-81
-24
60
81
26
22
127
197
182
149
187
244
231
183
159
166
168
120
57
41
62
44
-39
-82
-50
-43
-108
-164
-139
-74
-61
-96
-87
-42
-35
-52
-17
80
139
119
86
97
144
162
160
174
198
197
160
114
92
96
85
36
-19
-19
-19
-65
-134
-167
-153
-149
-175
-177
-137
-119
-143
-173
-154
-102
-82
-99
-102
-78
-59
-79
-105
-99
-85
-91
-125
-136
-114
-104
-134
-161
-148
-129
-136
-167
-170
-158
-147
-159
-174
-183
-199
-215
-219
-209
-168
-39
94
112
14
-12
116
242
270
282
358
407
328
225
261
372
359
246
182
210
198
111
32
13
-3
-59
-113
-117
-103
-117
-179
-251
-271
-229
-176
-174
-190
-166
-127
-124
-130
-91
-14
13
-20
-13
67
141
147
111
104
140
164
160
150
175
190
132
40
10
50
56
22
4
16
12
-39
-94
-83
-50
-40
-61
-54
-13
-17
-41
-58
-40
0
31
49
61
77
79
61
50
56
82
97
89
80
87
84
37
-7
-16
-16
-21
-38
-46
-52
-81
-117
-136
-125
-117
-124
-137
-143
-137
-137
-145
-153
-151
-150
-158
-158
-144
-132
-136
-155
-159
-137
-128
-136
-136
-121
-117
-131
-154
-154
-141
-143
-143
-149
-154
-167
-183
-186
-143
-20
107
129
68
70
163
239
242
267
353
395
327
257
286
339
292
178
158
202
186
102
42
16
-20
-83
-120
-102
-80
-93
-147
-206
-224
-187
-156
-158
-171
-142
-95
-95
-100
-59
-7
-8
-44
-28
55
122
126
111
110
136
139
113
108
135
145
97
44
55
97
88
38
0
7
15
-10
-24
-7
8
-21
-65
-63
-27
-10
-26
-39
-13
19
21
4
1
23
41
50
52
72
100
94
70
59
75
82
56
23
8
8
-12
-34
-42
-43
-62
-91
-109
-113
-108
-117
-141
-153
-147
-138
-136
-150
-157
-151
-146
-150
-160
-147
-133
-130
-132
-132
-116
-118
-134
-143
-128
-119
-128
-139
-149
-147
-157
-178
-184
-188
-187
-173
-103
20
106
111
92
145
226
248
243
283
340
349
305
296
336
336
258
169
148
151
131
86
45
12
-25
-68
-99
-100
-98
-115
-164
-201
-186
-141
-130
-159
-160
-133
-115
-109
-88
-38
-5
-19
-29
6
51
73
63
60
79
107
115
109
112
119
94
33
19
59
90
76
49
48
56
39
7
-5
4
9
-9
-19
-9
4
-14
-45
-63
-53
-28
-20
-29
-10
23
34
21
3
17
46
59
57
73
91
72
32
2
2
14
9
-11
-23
-31
-53
-81
-93
-91
-90
-109
-130
-133
-125
-120
-139
-151
-154
-152
-163
-171
-173
-170
-164
-158
-148
-133
-127
-133
-142
-142
-123
-104
-101
-116
-116
-114
-121
-129
-128
-129
-135
-145
-107
2
95
119
105
149
212
222
205
232
286
310
278
264
294
307
244
162
137
142
134
95
54
22
-1
-31
-65
-79
-77
-95
-149
-191
-176
-135
-117
-137
-142
-112
-97
-111
-108
-70
-37
-36
-29
4
41
63
61
48
60
94
113
105
91
102
107
83
65
77
101
91
64
64
91
106
93
68
52
41
24
10
9
21
19
-7
-32
-48
-40
-37
-43
-43
-22
10
8
-4
-2
21
37
39
39
62
76
48
18
22
39
42
25
-2
-14
-23
-34
-49
-42
-35
-60
-102
-120
-111
-112
-119
-131
-132
-130
-146
-165
-165
-162
-166
-163
-159
-147
-145
-160
-161
-153
-135
-121
-113
-110
-118
-121
-121
-126
-123
-122
-129
-145
-112
-19
63
93
94
142
201
199
187
212
253
267
244
248
284
289
249
191
170
163
135
98
54
30
6
-23
-49
-64
-70
-80
-122
-165
-168
-148
-136
-149
-151
-129
-115
-115
-102
-74
-48
-36
-32
-23
1
34
43
39
54
93
114
86
63
69
76
70
60
70
92
93
75
73
89
113
109
87
65
55
48
33
21
16
20
12
-11
-20
-9
-6
-29
-48
-46
-22
-13
-12
-17
-8
9
14
22
30
41
38
20
5
14
24
21
4
-11
-6
2
-4
-16
-19
-25
-50
-79
-87
-86
-88
-104
-115
-113
-119
-134
-156
-174
-173
-173
-173
-168
-161
-150
-152
-157
-152
-141
-124
-123
-120
-103
-74
-76
-95
-94
-88
-97
-122
-81
11
80
83
76
127
180
188
182
197
231
235
208
209
228
248
221
182
160
148
137
99
55
18
3
-19
-60
-73
-63
-62
-100
-131
-129
-111
-112
-138
-142
-123
-103
-96
-83
-56
-38
-40
-42
-30
-9
14
15
15
29
55
70
64
66
88
94
75
60
55
64
66
58
69
91
102
99
86
68
59
42
24
8
-9
-13
-17
-20
-19
-9
-17
-40
-55
-50
-28
-22
-31
-34
-20
-7
-4
1
12
22
15
-5
-3
6
14
3
-11
-4
18
16
3
-2
2
-2
-23
-46
-45
-44
-64
-88
-99
-94
-103
-124
-138
-145
-151
-167
-170
-164
-158
-154
-156
-154
-138
-119
-115
-118
-106
-89
-68
-61
-63
-58
-60
-66
-72
-62
-30
22
61
66
81
126
170
182
180
186
195
199
191
188
204
204
185
160
156
158
145
121
80
49
24
9
-10
-29
-39
-56
-74
-76
-73
-66
-71
-96
-112
-115
-112
-108
-105
-95
-79
-62
-44
-27
-8
5
3
-5
9
36
61
71
71
84
95
102
96
104
109
111
99
93
103
106
96
73
61
51
36
13
-1
-11
-21
-27
-38
-35
-32
-41
-51
-53
-44
-42
-39
-40
-35
-31
-25
-16
-10
-4
-5
6
14
30
34
30
32
28
24
19
17
13
8
-1
-9
-19
-31
-45
-61
-65
-69
-83
-100
-115
-122
-133
-139
-136
-129
-127
-142
-141
-139
-130
-119
-112
-111
-108
-101
-90
-63
-49
-35
-34
-28
-23
-25
-29
-31
-26
-13
5
27
40
63
85
102
117
132
144
148
135
124
126
131
138
137
141
141
130
117
107
94
79
50
26
4
-14
-31
-45
-53
-61
-64
-71
-75
-78
-88
-93
-95
-93
-90
-81
-72
-53
-34
-23
-5
2
12
17
22
29
42
47
58
67
74
82
84
85
85
89
97
94
80
72
55
35
25
28
22
6
-6
-19
-27
-30
-39
-48
-48
-54
-57
-59
-54
-50
-46
-35
-26
-25
-22
-15
-10
-8
-4
10
17
26
26
22
20
21
16
7
1
-9
-16
-29
-43
-50
-58
-64
-72
-89
-95
-102
-110
-106
-106
-106
-114
-123
-130
-131
-128
-113
-95
-90
-84
-94
-86
-75
-69
-59
-45
-34
-27
-23
-20
-14
-11
-18
-30
-33
-38
-49
-59
-49
-33
-17
-2
9
29
40
44
55
66
76
77
73
72
76
87
94
99
99
100
91
74
60
45
37
22
8
-5
-18
-30
-35
-39
-41
-41
-43
-52
-61
-64
-67
-69
-66
-57
-51
-40
-30
-18
-5
1
11
19
28
30
29
35
41
50
52
56
58
59
58
47
44
43
41
33
24
15
7
8
5
2
-1
-6
-15
-22
-26
-24
-21
-27
-29
-30
-24
-21
-19
-13
-7
-2
1
8
13
19
24
24
28
34
39
34
20
16
8
2
-6
-10
-12
-17
-23
-36
-45
-41
-44
-51
-59
-55
-62
-72
-69
-66
-69
-72
-70
-66
-57
-54
-50
-44
-34
-30
-23
-14
-2
2
5
7
9
12
4
-6
-8
-13
-18
-27
-41
-45
-46
-47
-48
-46
-43
-41
-40
-38
-23
-10
1
14
31
47
56
68
72
83
88
90
103
108
104
95
92
87
83
80
72
56
47
33
27
20
9
-1
-9
-18
-26
-22
-28
-27
-12
-6
-7
-1
3
5
0
-7
-6
-2
-2
-8
-3
7
7
2
9
10
12
4
-2
6
2
-1
0
6
12
9
2
4
6
3
-4
-13
-14
-12
-19
-25
-22
-16
-11
-11
2
8
9
3
3
9
12
11
9
7
6
8
10
14
14
8
8
0
-6
-12
-15
-14
-17
-8
-8
-19
-18
-20
-22
-27
-24
-24
-22
-20
-25
-18
-6
-4
-3
-2
1
7
5
7
16
19
13
6
4
9
1
-5
-8
-9
-19
-22
-24
-20
-11
-17
-20
-19
-14
-14
-8
-5
4
14
26
32
34
33
34
43
49
63
66
66
72
63
62
64
64
69
67
61
63
63
57
57
57
63
62
58
54
49
48
49
48
45
49
45
40
29
23
25
19
10
-3
-7
-3
-1
-6
-3
-3
-9
-7
-7
0
1
-4
-1
0
-5
-1
-4
-5
-9
-8
-4
-3
0
0
-4
-12
-21
-19
-11
-8
-1
4
2
-1
-1
-2
-2
-1
-1
-4
-5
-8
-11
-12
-14
-16
-21
-20
-16
-19
-19
-20
-15
-13
-13
-8
-4
0
0
5
15
13
15
23
26
32
39
38
35
34
33
34
26
28
32
26
17
6
2
2
-4
-14
-17
-17
-25
-30
-29
-29
-20
-25
-21
-15
-13
-19
-20
-19
-15
-2
6
9
7
8
6
8
10
14
18
16
15
19
23
26
29
28
27
29
34
28
39
49
54
53
55
58
52
51
58
65
67
69
61
62
57
53
50
51
51
42
33
34
30
24
18
9
5
8
9
1
4
-2
-4
-1
-1
-6
-4
-1
-9
-8
-8
-2
-1
-4
-6
2
6
-1
1
7
8
6
4
3
5
6
4
7
10
13
14
10
3
5
4
0
-3
-11
-10
-11
-13
-18
-12
-5
-10
-19
-17
-14
-10
-12
-5
4
5
7
8
15
22
28
30
34
44
43
35
33
32
33
28
24
18
15
12
0
-7
-14
-21
-29
-34
-37
-38
-37
-33
-29
-26
-22
-20
-16
-17
-8
-7
-9
-5
-6
2
3
4
5
5
12
6
5
8
8
9
7
12
15
11
8
6
9
18
19
31
31
25
28
25
30
36
44
43
43
42
46
52
47
43
37
38
30
25
32
33
22
16
16
18
18
17
18
14
15
11
7
11
14
11
7
7
6
6
2
6
5
8
12
14
10
12
18
15
24
31
41
34
31
37
43
43
33
29
31
33
33
34
34
31
26
26
26
27
28
27
31
27
24
28
28
29
29
33
32
32
31
40
40
41
46
44
48
46
44
49
54
52
44
39
33
22
14
11
9
4
-4
-10
-20
-25
-29
-29
-31
-30
-28
-29
-31
-29
-25
-23
-21
-22
-19
-18
-11
-9
-11
-3
0
-4
1
6
8
8
11
13
13
16
13
14
10
13
19
24
23
23
24
26
27
29
33
38
34
36
39
37
37
38
36
38
37
33
35
27
22
19
20
14
18
23
14
11
12
8
2
4
0
-4
-3
-2
0
5
-3
-5
-2
5
6
8
13
10
12
10
15
18
17
25
23
27
30
31
25
28
34
36
38
32
32
33
32
31
33
36
33
30
33
30
27
29
26
25
25
29
28
32
35
40
40
41
45
49
49
48
57
55
60
61
59
57
49
46
38
39
36
31
26
21
15
7
4
-1
0
-7
-7
-9
-15
-12
-10
-15
-19
-20
-17
-15
-15
-13
-13
-12
-16
-10
-6
-4
-6
-9
-4
-4
-6
-6
-1
4
2
-1
0
-1
2
2
-1
3
7
9
10
9
12
14
16
13
14
12
11
17
16
18
15
14
14
12
11
6
6
-1
-4
-9
-12
-15
-17
-20
-18
-19
-21
-18
-18
-16
-15
-20
-20
-17
-13
-9
-14
-15
-12
-8
-13
-7
-6
-3
0
-1
1
8
12
16
13
18
20
19
25
21
24
28
23
25
26
21
17
16
15
12
13
12
13
9
9
8
8
10
14
15
19
30
34
36
37
38
38
40
41
40
39
34
30
23
24
22
19
11
16
14
7
5
1
4
1
0
0
-1
-5
-10
-8
-7
-8
-8
-6
-1
1
3
8
14
16
14
18
20
17
17
15
18
18
11
16
19
20
19
16
16
14
15
18
19
19
17
15
15
21
20
19
24
24
19
21
16
19
18
17
15
8
11
11
8
3
3
1
-1
-5
-11
-15
-17
-18
-19
-22
-26
-26
-26
-23
-19
-15
-10
-10
-7
-9
-6
0
-4
-4
-9
-16
-17
-11
-8
-5
-1
-5
-1
2
6
3
3
7
6
6
8
12
9
8
4
-2
-2
-6
-6
-5
-5
-3
-1
-2
0
3
2
5
4
8
15
11
14
15
15
19
12
12
13
11
10
8
6
1
-1
-4
-8
-7
-8
-11
-16
-26
-22
-24
-27
-31
-30
-29
-26
-22
-26
-24
-18
-17
-19
-20
-18
-18
-22
-21
-15
-15
-15
-10
-16
-13
-9
-9
-8
-3
-6
-11
-10
-7
-8
-10
-8
-8
-3
-3
2
0
2
9
7
13
14
18
22
21
19
17
20
16
18
12
11
11
8
8
8
7
7
7
2
1
-2
-9
-14
-13
-13
-14
-12
-17
-17
-19
-21
-21
-21
-11
-13
-13
-12
-12
-8
-11
-6
-1
-3
-2
2
2
1
-3
3
-2
3
4
3
3
-5
-4
-5
-5
-6
-5
-9
-8
-9
-10
-8
-8
-8
-10
-9
-5
-3
4
4
7
6
9
9
8
6
9
5
3
2
2
1
-4
-7
-8
-12
-17
-18
-21
-28
-28
-28
-34
-34
-41
-43
-42
-40
-39
-44
-38
-34
-41
-41
-38
-36
-35
-33
-29
-26
-21
-16
-19
-16
-16
-14
-15
-22
-21
-23
-22
-26
-25
-21
-22
-21
-22
-25
-23
-23
-25
-21
-17
-18
-20
-17
-15
-8
-8
-10
-7
-4
-10
-3
-1
-3
-2
-2
-4
-5
-6
-11
-9
-12
-11
-9
-11
-17
-21
-21
-21
-16
-25
-27
-27
-31
-30
-34
-30
-29
-31
-28
-29
-28
-27
-25
-25
-20
-18
-17
-15
-13
-14
-15
-12
-13
-10
-3
-3
-3
-3
-4
-2
0
1
3
3
2
-2
-2
1
1
0
1
8
5
6
8
11
12
15
17
16
17
17
15
8
12
10
11
4
0
-4
-4
-6
-10
-16
-29
-33
-37
-38
-34
-36
-39
-39
-39
-45
-44
-40
-43
-41
-42
-37
-37
-35
-37
-35
-29
-28
-27
-30
-21
-22
-18
-20
-24
-22
-21
-22
-24
-27
-25
-17
-19
-21
-25
-21
-20
-19
-19
-21
-18
-21
-20
-17
-15
-16
-19
-18
-13
-12
-13
-13
-13
-10
-12
-15
-9
-8
-13
-8
-14
-13
-14
-13
-17
-20
-26
-27
-19
-22
-22
-27
-28
-32
-29
-31
-28
-25
-25
-26
-26
-25
-28
-30
-32
-29
-26
-22
-23
-20
-18
-18
-17
-17
-16
-15
-17
-12
-11
-9
-4
-3
-4
-2
3
1
3
5
2
6
5
5
7
11
9
7
12
14
15
19
18
16
15
13
17
13
14
15
11
9
4
4
3
2
-1
-10
-9
-11
-18
-21
-25
-31
-30
-33
-33
-31
-30
-31
-29
-25
-26
-27
-24
-25
-25
-22
-26
-26
-18
-14
-15
-16
-16
-18
-23
-23
-17
-17
-17
-20
-18
-17
-21
-23
-24
-20
-21
-18
-16
-14
-9
-10
-9
-9
-9
-12
-11
-13
-9
-9
-14
-13
-17
-24
-19
-17
-21
-19
-19
-18
-19
-17
-19
-23
-21
-24
-27
-23
-25
-25
-26
-28
-21
-28
-28
-26
-30
-28
-28
-31
-30
-31
-33
-27
-26
-25
-25
-27
-30
-27
-23
-20
-21
-22
-20
-19
-20
-15
-18
-16
-11
-16
-15
-11
-10
-15
-14
-12
-9
-7
-8
-6
-8
-7
-5
-2
3
4
8
7
9
15
8
6
10
12
8
7
5
7
8
1
2
0
-1
-3
-3
-8
-12
-10
-14
-15
-19
-22
-21
-23
-22
-18
-23
-18
-17
-14
-15
-18
-17
-18
-15
-7
-5
-5
0
2
0
-4
1
0
-2
-4
-6
-2
1
-2
-1
-5
-6
-4
-3
0
0
1
2
2
2
2
4
2
3
0
0
-2
-3
-2
-1
0
-7
-3
-2
-3
-5
-8
-4
-5
-4
-5
-9
-10
-12
-16
-21
-22
-17
-20
-21
-22
-26
-24
-25
-24
-26
-25
-25
-25
-24
-23
-18
-15
-20
-19
-20
-20
-16
-14
-15
-19
-15
-10
-9
-5
-4
-2
0
-5
-2
-2
-9
-6
-8
-11
-7
-7
-8
-7
-10
-6
-1
1
2
4
4
6
7
6
3
9
7
5
4
2
3
4
0
-7
-6
-5
-8
-8
-7
-16
-15
-13
-10
-13
-14
-12
-15
-16
-20
-17
-17
-18
-17
-15
-18
-18
-12
-9
-5
-4
-3
-3
-1
0
-3
-3
1
-4
-3
0
-5
-1
1
-1
-1
2
0
1
4
3
4
0
-1
6
5
5
3
0
4
7
4
2
6
7
5
2
7
10
5
2
4
2
-6
-3
5
3
1
-1
-1
-3
-2
-3
-3
-1
-2
-2
-2
-2
-3
1
-1
-2
-4
-8
-8
-7
-8
-4
-2
-7
-3
-4
-4
-2
-1
2
4
3
7
6
4
8
5
5
2
4
2
5
4
6
4
0
0
3
-1
1
-3
-5
2
2
5
5
4
2
0
2
3
4
6
5
8
5
4
8
8
9
9
2
4
1
1
4
2
0
-2
0
-5
-1
-1
-3
1
-1
-2
-4
-9
-2
-4
-6
-5
-5
-5
-4
-5
-5
-1
-6
-6
-13
-19
-15
-14
-11
-10
-8
-9
-10
-11
-7
-10
-10
-6
-8
-10
-6
-1
-1
-3
-1
0
0
3
5
6
4
5
5
6
11
10
11
11
8
7
14
9
8
7
4
8
3
6
2
3
1
-3
0
-2
-4
1
4
0
-4
-6
-6
-4
-3
-5
-1
-3
-6
-8
-7
-6
-9
-5
-9
-2
-5
-6
-2
-1
-1
-2
1
3
5
8
10
9
10
9
8
11
8
10
13
11
14
11
12
9
10
10
11
11
14
13
10
11
9
11
10
12
11
7
6
2
2
4
5
5
2
-3
-4
-2
2
3
-3
2
-2
-3
-6
-8
-7
-6
-8
-8
-9
-7
-8
-10
-6
-6
-3
-5
-5
-7
-9
-12
-12
-8
-13
-12
-16
-11
-10
-11
-8
-3
-4
-4
1
-1
0
-1
5
4
5
6
6
10
6
4
4
6
-2
2
0
0
-1
-3
0
-2
-3
-7
-10
-6
-3
-6
-4
-7
-6
-6
-2
-2
-4
0
-3
-3
2
7
5
1
3
8
3
1
5
5
7
4
3
7
3
7
0
2
8
5
9
10
10
9
6
7
4
5
8
13
15
11
9
12
12
9
8
11
17
14
16
15
20
18
19
21
21
23
22
23
19
20
20
22
22
19
19
18
10
11
16
14
11
12
7
8
13
8
12
14
15
15
13
17
18
19
17
17
20
21
26
21
21
16
14
15
10
8
7
9
7
6
7
10
4
5
7
5
7
7
8
6
8
8
4
8
8
6
8
8
11
12
7
10
9
11
11
13
12
12
15
16
17
13
17
18
15
11
12
8
12
7
5
8
9
12
9
7
6
8
10
8
10
11
12
12
8
11
11
13
9
10
12
12
10
9
11
11
11
10
10
10
10
11
12
8
15
14
10
6
8
9
10
14
18
15
11
13
16
14
13
17
18
23
21
25
24
23
30
32
36
30
28
29
27
25
28
24
25
22
19
27
27
23
24
23
19
19
17
18
23
16
18
18
13
14
10
13
15
9
11
11
5
0
-3
3
5
7
6
6
5
6
9
8
6
7
7
6
9
8
8
13
10
11
11
10
11
11
12
12
14
16
11
14
20
19
19
20
18
21
20
19
19
17
20
15
17
20
20
20
15
21
19
13
9
13
11
10
10
9
6
8
9
6
4
4
7
1
10
12
9
11
10
13
9
9
9
9
14
12
11
17
14
15
16
11
14
17
20
17
11
13
17
18
17
21
21
18
21
17
22
22
19
18
16
20
20
24
22
20
22
15
17
18
20
23
20
19
20
21
20
19
19
18
20
21
24
18
17
25
22
23
24
21
25
19
23
20
20
22
17
16
19
22
21
23
22
23
20
19
