-21
-22
-16
-16
-13
-13
-17
-13
-9
-11
-26
-1
0
-17
-7
-11
-8
-11
-14
-11
-4
-13
-6
-8
-23
-15
-20
-20
-18
-15
-15
-8
-2
-9
-5
-2
-13
-15
-9
-4
-2
-9
1
-10
-16
7
-10
-20
-6
-9
2
-8
-5
12
-13
-7
5
-9
9
7
-3
25
7
3
27
6
11
14
1
11
7
3
20
10
9
21
6
13
14
4
7
1
-4
7
8
7
6
7
8
0
-4
-1
-2
1
-2
2
5
-1
-6
6
1
-12
-1
-15
1
-4
-11
2
-9
-12
-4
0
-6
-9
-13
-13
-6
-8
-16
-13
-14
-25
-12
-21
-19
-11
-31
-21
-32
-51
-22
-20
-41
-26
-22
-25
-36
-37
-24
-44
-20
-13
-39
-18
-20
-27
-17
-22
-32
-31
-32
-28
-27
-40
-32
-23
-33
-26
-33
-32
-23
-36
-20
-17
-36
-18
-12
-21
-18
-26
-19
-22
-27
-17
-29
-12
-14
-25
-15
-21
-22
-28
-30
-13
-8
-16
-3
-28
-25
2
-22
-5
0
-36
-9
-2
-25
-11
-12
-17
-2
-6
0
6
-11
0
12
2
1
-1
-3
-7
-11
-4
0
-13
-15
-9
-2
13
-1
-2
3
11
-5
-17
13
1
-12
-6
-6
4
10
4
-15
5
24
-27
-9
16
-21
5
13
-11
2
-6
-17
5
-16
-11
12
-14
-8
6
-7
0
9
6
3
-4
12
11
1
15
8
9
16
-2
15
16
0
13
8
2
22
2
-7
20
3
-5
10
5
2
2
1
5
11
-5
4
0
2
15
0
-2
6
5
2
5
0
-7
4
4
-6
1
0
-9
-7
7
-6
-13
6
-7
-32
-10
-3
-18
-18
-15
4
-26
-28
15
-30
-25
15
-35
-12
-10
-22
-2
-24
-27
-5
-31
-17
-4
-25
-7
-12
-24
-10
-17
-7
-9
-16
3
-8
-9
-6
-14
3
0
-14
0
-22
-10
14
-28
-7
11
-15
5
-6
-19
5
-9
-12
-1
-8
1
-4
-18
-14
-8
-8
-5
-8
-13
-5
-5
-13
-18
-23
-16
-18
-25
-8
-18
-22
-4
-5
-19
-15
-6
-20
-6
-25
-32
2
-31
-32
-1
-20
-9
9
-16
6
13
-9
11
2
-9
26
-3
-37
14
21
-17
-9
17
0
13
18
0
13
5
8
24
6
-15
20
25
2
6
6
28
11
11
30
9
11
9
-12
7
15
-6
1
5
2
25
-1
-2
27
4
26
11
-22
31
13
-6
30
7
-1
24
0
1
0
-10
4
-22
3
13
-12
-4
14
-10
-3
-3
-10
-3
-12
-5
2
-5
1
-10
-10
11
-16
-4
5
-14
-11
-9
-12
3
-12
-26
2
-19
-11
-2
-24
-6
-3
-19
-9
-8
-21
-14
-13
-24
-9
-20
-17
-8
-22
-9
-18
-27
-24
-17
-25
-13
-6
-16
-11
0
-33
-32
-15
-32
-20
-8
-37
-33
-15
-18
-17
-30
-16
-19
-23
-6
-16
-30
-8
-1
-31
-4
-12
-35
4
-5
-21
-2
-15
-13
-9
-6
1
-9
-3
0
-12
4
2
-21
10
-5
-1
21
-19
-1
17
0
10
4
18
26
0
22
12
-7
8
8
4
30
18
15
28
3
20
21
13
14
8
16
25
21
22
12
11
24
11
7
14
10
4
22
24
19
12
15
19
4
18
22
3
15
25
6
3
-4
11
15
5
19
6
22
31
-8
11
28
20
2
10
22
26
14
23
25
0
18
-5
2
17
-4
6
10
8
12
10
3
7
11
5
11
5
-3
12
-5
-10
-1
-14
-4
-6
-8
0
-18
-15
7
-7
-15
-11
2
9
-13
3
12
-17
-4
1
-14
-6
-5
-28
-12
-6
-9
-14
-30
-11
-8
-27
-21
-1
-11
-11
3
-14
-16
14
-2
-18
-9
4
-9
-13
-6
-14
-11
-1
9
-8
-10
8
-19
-9
14
-19
-1
7
-16
4
6
-2
11
1
-4
26
13
-7
16
-3
4
20
-10
-5
-3
-15
-6
1
3
10
15
1
17
14
-13
9
13
-12
5
14
-6
-20
2
7
-7
8
7
0
21
15
2
21
8
6
11
3
-6
1
25
55
24
-20
27
6
-22
15
-6
-19
-17
-18
-13
-12
-10
-3
-1
6
3
-12
10
8
4
6
5
12
23
0
13
8
-4
28
6
1
31
-2
3
4
-16
12
1
-6
19
9
14
21
-3
-1
8
-2
-4
-4
-7
6
-13
-15
-2
-4
-11
-13
-13
-15
-15
-19
-19
-10
-18
-10
-8
-13
5
-27
-17
2
-9
-2
-8
-13
-7
-10
-3
-11
0
9
-21
-17
9
-32
-17
12
-39
-6
12
-28
-5
-12
-15
4
-1
7
7
-17
3
-11
-32
4
-21
-11
-2
-18
-13
-22
-5
-32
-22
-13
-31
-17
-13
-9
-27
-21
-23
-22
-32
-25
-14
-23
-5
-11
-17
3
-4
-23
-18
-9
-17
-20
-7
-11
-6
7
5
13
-14
2
15
-13
4
-7
-8
3
11
0
-3
18
11
2
7
17
14
16
-2
11
16
-4
0
9
16
7
60
101
24
17
37
0
9
8
-23
-23
-19
5
3
-27
-22
1
6
0
-5
20
26
7
4
26
36
21
25
53
26
36
33
6
31
22
3
11
14
-5
20
18
-1
26
23
14
13
25
8
-3
27
11
-27
16
39
-10
14
7
-5
8
-21
2
9
-5
19
2
-8
7
-21
-4
1
-23
7
-19
-13
9
-28
-2
0
-17
-14
-20
-4
-1
-11
3
-19
-21
3
-5
-8
-21
-9
-7
-16
-14
-5
-18
-9
8
-20
-8
4
-14
-5
-3
-4
-26
-16
13
-26
-6
5
-36
-14
-11
-37
-9
-29
-27
-9
-16
-8
2
-18
-14
2
-17
-3
-12
-31
-15
-24
-12
-14
-18
-8
-19
10
-10
-30
5
-18
-32
-5
-31
-25
5
-15
3
7
-2
-5
-14
4
-7
7
8
-4
12
4
-6
13
-1
4
4
-2
22
13
21
-1
24
16
-24
17
15
-9
30
72
40
58
35
4
18
0
-14
-10
-18
-10
-19
-7
-13
-19
8
13
2
8
20
15
19
24
26
12
9
21
28
15
25
17
26
21
15
17
64
51
15
15
25
15
-7
-3
-3
-12
-19
-7
-6
-2
-14
-10
-8
-14
5
-7
-21
1
-6
4
20
18
10
28
13
3
10
-11
-9
-5
-4
-7
44
41
-13
-5
1
-14
-21
-16
-34
-39
-20
-32
-31
-14
-17
-9
-8
-2
2
1
-15
-11
-10
-28
-21
-12
-8
-8
2
-6
-13
-8
-2
4
-16
-10
1
-11
-13
-10
4
-5
-14
8
-11
-10
21
4
12
18
6
25
-4
-16
-7
-32
-15
-17
-13
-3
5
19
15
11
34
35
27
27
19
23
15
8
11
21
20
27
34
33
25
32
37
23
29
25
31
30
35
29
28
30
33
26
0
29
38
12
15
38
25
19
19
6
9
5
0
16
3
3
-4
3
15
18
23
21
28
34
25
10
25
29
30
32
32
34
28
41
21
25
29
20
18
13
11
14
5
5
22
10
12
17
6
20
25
21
27
19
17
-6
3
-9
-17
-9
0
0
-10
-11
-5
0
-14
-6
-6
-13
-15
-12
-13
-1
-13
-5
0
-6
-13
-11
-6
-6
1
-1
-8
-8
-9
-13
-3
7
13
13
8
13
10
15
15
14
6
5
8
9
2
9
12
6
10
13
2
6
14
2
7
-5
-5
-2
-12
-10
-4
-1
6
1
4
2
1
3
-3
4
15
15
14
25
23
28
26
30
23
20
15
24
24
21
4
2
6
-2
-4
-3
2
-8
10
12
17
22
16
7
19
7
7
12
5
17
11
17
18
4
15
24
31
38
28
38
37
30
31
37
32
25
28
30
26
22
26
20
20
10
19
29
18
16
25
31
27
30
37
33
27
32
29
12
18
22
19
22
21
20
17
17
17
21
15
13
22
20
4
15
20
3
20
19
22
28
26
25
24
21
12
19
16
13
19
30
30
26
20
25
21
8
12
8
7
7
-1
3
4
-9
-8
-15
-9
-5
-10
-2
-4
-4
9
8
3
2
-6
-7
-7
-4
-8
-24
-20
-17
-28
-26
-19
-15
-20
-18
-13
-15
-16
-20
-5
-13
-14
-10
-11
-3
-2
0
1
1
0
-1
-2
2
-3
1
6
-3
2
4
7
11
9
24
39
33
37
49
48
48
59
61
63
63
64
63
56
58
55
57
59
56
57
54
50
46
46
44
45
45
54
51
54
57
49
51
48
43
35
42
41
36
45
45
37
45
38
28
20
9
0
-17
-20
-25
-44
-40
-39
-39
-42
-45
-39
-49
-41
-40
-48
-56
-52
-44
-52
-59
-48
-46
-48
-44
-52
-46
-55
-62
-58
-70
-76
-73
-77
-90
-85
-78
-83
-90
-85
-92
-95
-96
-101
-107
-102
-94
-83
-54
-30
-3
34
76
123
164
207
245
274
286
297
298
281
257
215
176
127
87
41
-2
-31
-55
-65
-71
-72
-70
-59
-54
-41
-26
-12
7
13
27
38
46
51
60
59
64
73
76
85
101
118
127
136
146
143
147
144
128
112
90
70
41
17
-14
-42
-61
-80
-81
-81
-83
-80
-77
-75
-68
-60
-49
-46
-48
-52
-47
-54
-53
-51
-55
-64
-80
-79
-82
-85
-89
-91
-94
-97
-104
-105
-107
-112
-126
-125
-134
-142
-149
-154
-154
-166
-179
-192
-203
-217
-225
-233
-229
-202
-172
-132
-84
-31
37
117
191
258
319
368
407
428
436
419
385
339
281
215
157
85
16
-35
-84
-119
-138
-156
-155
-148
-136
-119
-89
-62
-43
-25
-13
-2
8
16
24
37
50
62
79
105
126
145
149
159
178
177
178
179
173
167
155
144
133
124
107
95
85
78
74
62
49
33
16
-9
-23
-43
-52
-59
-75
-81
-82
-70
-60
-47
-33
-17
-1
7
12
20
22
17
8
-1
-9
-29
-40
-52
-62
-85
-96
-114
-125
-137
-159
-173
-184
-195
-206
-210
-221
-226
-230
-228
-229
-238
-240
-251
-264
-264
-256
-253
-228
-192
-143
-81
-21
61
157
248
333
397
462
508
525
520
499
451
387
312
224
142
62
-15
-92
-146
-176
-201
-211
-206
-196
-184
-154
-126
-95
-67
-55
-42
-33
-16
-10
-8
8
20
36
56
86
117
155
180
199
224
235
236
223
200
172
131
89
46
22
0
-30
-51
-55
-40
-25
-11
13
33
42
58
60
55
44
19
-8
-34
-46
-70
-79
-80
-76
-56
-30
-3
19
46
64
76
82
87
74
52
27
-5
-33
-67
-94
-126
-152
-174
-185
-195
-196
-210
-220
-219
-219
-218
-223
-218
-221
-234
-243
-259
-279
-292
-304
-296
-278
-239
-190
-127
-48
35
140
248
356
447
521
579
615
626
607
560
496
409
309
201
100
7
-77
-145
-199
-238
-255
-256
-242
-224
-195
-168
-137
-96
-70
-53
-44
-34
-32
-25
-17
-7
10
30
61
93
137
181
211
241
268
281
282
267
229
187
139
76
15
-41
-86
-121
-147
-166
-157
-124
-98
-60
-22
14
59
95
108
115
119
98
72
53
32
1
-24
-39
-49
-41
-26
-23
-6
17
28
40
49
52
37
11
-16
-45
-82
-122
-156
-189
-214
-237
-247
-256
-257
-260
-255
-238
-229
-225
-212
-207
-204
-203
-224
-241
-265
-292
-313
-326
-325
-295
-255
-195
-118
-26
78
192
313
423
511
587
642
661
659
622
557
474
367
257
149
44
-64
-158
-229
-281
-305
-317
-308
-282
-255
-220
-170
-124
-84
-53
-39
-23
-7
6
14
25
37
58
90
122
161
205
233
269
294
307
319
305
278
236
178
110
45
-24
-92
-149
-191
-204
-205
-192
-162
-113
-57
-2
61
115
158
187
199
196
190
167
124
85
48
12
-15
-31
-49
-53
-47
-39
-21
-3
7
13
16
15
4
-20
-44
-83
-120
-151
-184
-210
-231
-246
-257
-261
-251
-238
-229
-217
-207
-197
-192
-181
-185
-207
-226
-256
-292
-325
-345
-345
-325
-292
-239
-157
-61
40
157
285
401
494
573
638
672
665
634
571
485
380
257
130
18
-92
-193
-268
-316
-346
-354
-346
-318
-285
-237
-184
-137
-89
-57
-35
-16
3
4
10
17
28
44
68
100
131
175
213
246
275
298
307
297
279
241
190
116
47
-26
-96
-162
-218
-253
-250
-231
-218
-172
-106
-38
29
94
148
196
218
230
221
204
171
123
73
35
-1
-40
-59
-79
-74
-69
-53
-34
-15
-2
3
14
15
7
-20
-53
-87
-128
-166
-194
-226
-246
-256
-259
-251
-229
-206
-193
-168
-146
-126
-118
-120
-122
-140
-169
-210
-250
-290
-318
-344
-341
-311
-263
-201
-115
-11
107
234
354
467
558
634
673
673
655
597
507
394
278
149
27
-86
-184
-263
-315
-342
-355
-335
-304
-260
-213
-159
-103
-59
-27
-5
6
16
21
18
21
28
35
53
80
119
158
197
231
266
293
305
297
283
250
194
126
54
-17
-95
-164
-219
-257
-263
-253
-240
-192
-128
-74
-6
76
138
185
219
229
226
212
177
121
69
23
-38
-84
-105
-122
-132
-132
-114
-95
-63
-41
-31
-13
-6
-20
-40
-63
-97
-137
-180
-207
-233
-248
-258
-259
-245
-225
-203
-180
-143
-121
-98
-83
-76
-73
-90
-126
-169
-210
-263
-315
-361
-382
-377
-356
-309
-236
-143
-44
76
214
350
468
561
637
683
697
679
620
536
431
310
182
69
-43
-145
-222
-272
-294
-296
-284
-250
-213
-171
-123
-81
-44
-15
1
7
14
14
21
25
32
51
78
114
156
208
254
287
317
342
350
347
326
290
232
166
93
10
-69
-137
-201
-247
-269
-264
-231
-189
-143
-76
2
69
139
192
231
245
241
227
181
141
79
6
-38
-82
-117
-142
-157
-157
-140
-111
-81
-50
-25
-10
-2
-6
-14
-39
-74
-102
-144
-176
-211
-230
-247
-249
-244
-226
-193
-163
-131
-110
-84
-66
-60
-61
-72
-96
-147
-202
-262
-319
-371
-415
-435
-417
-376
-321
-239
-127
2
142
287
420
537
633
696
713
708
670
584
471
347
208
81
-40
-147
-229
-294
-323
-334
-324
-290
-250
-206
-149
-100
-63
-34
-14
-1
5
4
2
5
8
18
36
77
117
163
222
268
306
335
353
357
349
307
243
178
95
10
-83
-171
-239
-297
-341
-353
-329
-288
-238
-174
-95
-2
86
154
208
240
258
252
226
193
141
74
13
-35
-73
-105
-121
-129
-114
-87
-59
-24
8
29
40
43
46
27
-11
-44
-84
-118
-152
-180
-200
-213
-221
-207
-182
-154
-126
-101
-69
-51
-35
-33
-40
-61
-95
-143
-193
-260
-317
-375
-419
-450
-457
-424
-359
-279
-185
-70
61
206
341
461
556
632
666
673
648
598
516
398
278
156
51
-57
-146
-212
-259
-280
-289
-267
-236
-204
-168
-128
-87
-55
-28
-17
-2
0
-2
6
22
34
51
75
116
167
208
254
284
308
320
315
301
271
218
145
65
-13
-93
-174
-242
-302
-350
-372
-373
-341
-273
-216
-165
-77
17
95
166
214
244
255
252
229
191
153
84
22
-26
-58
-87
-108
-113
-114
-102
-77
-49
-27
-5
-2
-6
-10
-11
-40
-82
-113
-158
-191
-212
-228
-237
-232
-216
-196
-153
-109
-84
-63
-39
-33
-31
-45
-78
-117
-163
-217
-275
-333
-381
-421
-451
-459
-435
-376
-287
-207
-112
12
143
276
388
488
563
616
630
625
596
537
442
335
242
149
58
-28
-97
-147
-182
-194
-180
-159
-136
-120
-95
-63
-37
-21
-18
-14
-12
-19
-20
-5
10
25
45
79
129
178
216
248
277
288
283
274
253
216
152
78
11
-49
-112
-181
-242
-282
-313
-334
-323
-285
-249
-177
-119
-56
33
109
161
216
257
273
277
268
247
200
155
94
44
1
-34
-69
-101
-107
-115
-110
-96
-84
-81
-76
-77
-72
-76
-89
-108
-130
-137
-154
-167
-170
-168
-164
-156
-144
-126
-108
-96
-95
-98
-99
-116
-141
-169
-198
-235
-274
-318
-357
-398
-432
-448
-459
-431
-379
-310
-236
-148
-39
87
208
319
420
509
577
611
622
612
574
496
411
327
240
145
56
-16
-80
-128
-160
-166
-160
-159
-159
-141
-113
-94
-85
-82
-64
-64
-59
-53
-36
-9
3
29
61
111
158
197
229
261
280
282
282
275
245
192
130
74
16
-51
-120
-188
-238
-286
-318
-324
-311
-287
-252
-182
-117
-44
36
107
179
241
284
314
321
319
296
252
218
153
99
46
2
-36
-68
-84
-96
-95
-86
-76
-69
-60
-56
-52
-53
-49
-56
-74
-82
-97
-111
-116
-123
-131
-134
-135
-129
-128
-126
-124
-126
-132
-145
-164
-177
-196
-217
-239
-275
-307
-347
-372
-393
-416
-406
-373
-314
-246
-179
-70
53
181
297
407
512
592
644
668
683
654
593
505
418
325
219
112
22
-48
-117
-169
-203
-209
-208
-209
-193
-165
-139
-121
-104
-82
-66
-59
-53
-35
-21
-11
8
35
74
114
154
183
215
243
255
265
260
245
202
145
92
32
-40
-110
-178
-241
-289
-331
-355
-350
-333
-297
-229
-158
-82
7
90
161
237
289
325
343
343
327
288
245
184
129
72
23
-16
-53
-74
-86
-91
-79
-67
-58
-44
-37
-38
-43
-48
-63
-86
-103
-126
-145
-157
-178
-189
-189
-187
-179
-168
-148
-136
-127
-116
-111
-113
-114
-131
-153
-174
-202
-227
-269
-306
-342
-368
-385
-393
-363
-294
-224
-163
-74
56
186
296
406
511
608
662
687
707
691
641
547
460
379
277
167
68
-7
-79
-135
-176
-181
-187
-197
-195
-176
-144
-127
-107
-86
-70
-63
-63
-47
-19
-1
10
35
80
115
157
198
230
257
270
278
276
260
225
165
108
54
-7
-84
-151
-212
-269
-317
-340
-344
-329
-302
-266
-184
-102
-27
67
158
237
307
357
396
411
407
380
332
290
220
144
75
19
-31
-81
-106
-121
-129
-120
-117
-108
-90
-86
-85
-83
-82
-101
-122
-138
-162
-183
-194
-208
-214
-213
-205
-197
-183
-159
-139
-128
-110
-106
-105
-104
-117
-133
-151
-180
-214
-256
-300
-336
-371
-392
-406
-382
-320
-257
-191
-103
24
161
277
386
495
596
653
672
690
685
625
530
442
360
258
151
54
-25
-89
-154
-194
-203
-201
-212
-213
-191
-159
-147
-139
-121
-108
-102
-107
-86
-56
-32
-16
13
59
114
163
206
248
282
300
306
308
292
257
193
120
55
-17
-94
-177
-237
-294
-340
-363
-363
-345
-314
-269
-186
-86
-7
90
183
266
347
396
436
461
459
435
390
339
283
208
131
64
6
-48
-90
-114
-131
-136
-146
-143
-133
-131
-135
-132
-133
-142
-153
-166
-176
-190
-194
-195
-193
-180
-166
-153
-125
-98
-75
-58
-41
-38
-49
-59
-80
-112
-153
-181
-221
-267
-320
-370
-409
-437
-454
-450
-398
-326
-250
-172
-59
83
219
342
461
580
664
708
727
744
720
643
546
459
369
255
151
59
-15
-89
-153
-185
-195
-219
-238
-237
-218
-204
-198
-186
-170
-158
-153
-145
-114
-78
-47
-18
25
90
143
192
237
280
305
311
305
298
265
211
142
71
5
-77
-151
-220
-269
-320
-355
-369
-353
-330
-304
-255
-180
-76
12
93
189
279
348
411
460
485
488
469
434
387
328
248
158
84
8
-65
-117
-160
-192
-211
-219
-219
-212
-204
-198
-190
-175
-166
-159
-150
-141
-135
-130
-114
-103
-91
-72
-61
-46
-31
-15
-12
-13
-22
-43
-70
-108
-142
-181
-223
-265
-301
-343
-385
-422
-439
-449
-454
-422
-357
-272
-187
-99
22
169
304
420
534
646
718
755
776
779
739
660
569
473
373
254
138
35
-51
-138
-213
-250
-271
-296
-317
-313
-293
-269
-258
-233
-211
-186
-169
-149
-101
-59
-31
7
63
120
169
216
262
300
317
309
306
294
261
201
124
63
-5
-82
-151
-215
-261
-308
-344
-347
-330
-316
-290
-244
-168
-64
13
92
186
267
334
394
448
472
473
454
419
388
332
247
174
110
33
-37
-93
-133
-173
-209
-226
-236
-225
-227
-228
-219
-202
-184
-171
-155
-132
-111
-104
-82
-59
-40
-35
-32
-21
-14
-23
-31
-36
-57
-88
-123
-148
-177
-212
-252
-278
-293
-317
-351
-382
-400
-416
-430
-416
-360
-283
-206
-127
-18
119
265
391
512
631
727
782
811
833
815
744
641
535
431
302
163
42
-62
-168
-258
-305
-328
-349
-364
-359
-329
-293
-266
-237
-194
-161
-140
-113
-70
-35
-8
22
60
112
162
214
254
293
320
328
335
330
309
263
198
140
74
1
-75
-155
-208
-259
-302
-318
-314
-298
-279
-240
-186
-115
-39
50
131
205
285
354
413
460
488
486
471
442
401
341
265
176
88
12
-64
-121
-173
-223
-256
-271
-269
-257
-244
-220
-202
-173
-144
-121
-91
-78
-63
-60
-47
-31
-30
-32
-31
-33
-36
-31
-38
-48
-68
-90
-110
-132
-156
-190
-223
-252
-289
-328
-362
-397
-420
-442
-452
-420
-365
-282
-196
-101
25
169
325
456
580
690
763
814
833
828
778
680
567
446
325
193
55
-55
-153
-241
-308
-336
-341
-345
-347
-324
-294
-266
-229
-203
-177
-154
-142
-117
-80
-48
-18
23
77
138
201
258
309
349
370
384
380
369
329
256
183
108
28
-53
-136
-209
-261
-304
-334
-341
-319
-296
-260
-210
-141
-64
21
103
175
254
312
371
421
450
461
447
427
392
345
285
210
134
64
-8
-68
-116
-160
-200
-225
-234
-228
-223
-216
-208
-188
-165
-143
-121
-103
-83
-74
-57
-46
-28
-18
-15
-15
-19
-18
-29
-43
-62
-86
-117
-146
-179
-211
-241
-275
-301
-329
-357
-389
-409
-422
-429
-418
-367
-287
-204
-119
-22
114
266
394
514
632
723
776
793
801
781
704
592
474
365
236
97
-23
-123
-212
-291
-333
-348
-348
-355
-349
-318
-278
-242
-218
-181
-152
-130
-111
-77
-27
13
50
95
149
211
260
297
333
357
355
342
318
282
223
144
62
-12
-84
-163
-228
-272
-313
-343
-351
-328
-292
-258
-213
-152
-54
34
100
185
260
325
374
408
444
467
452
410
384
358
287
211
140
76
18
-45
-98
-137
-172
-205
-233
-237
-221
-228
-229
-211
-192
-169
-152
-131
-103
-84
-66
-42
-13
10
14
14
23
27
16
-10
-40
-68
-100
-150
-190
-213
-251
-290
-317
-332
-341
-369
-384
-391
-389
-389
-376
-322
-248
-169
-87
3
130
270
394
508
617
713
770
790
791
771
705
598
477
366
243
112
-14
-116
-198
-273
-325
-340
-335
-332
-329
-304
-260
-229
-206
-174
-139
-116
-96
-68
-25
21
64
107
151
207
258
289
314
331
328
309
287
245
192
117
40
-29
-95
-154
-208
-254
-276
-291
-291
-270
-229
-177
-116
-49
17
95
169
231
289
336
362
379
382
377
359
330
285
238
197
140
96
45
-4
-36
-69
-97
-119
-139
-158
-174
-180
-180
-182
-175
-173
-159
-143
-128
-105
-78
-53
-30
-17
-3
10
14
12
3
-9
-42
-80
-111
-156
-193
-229
-265
-290
-304
-312
-320
-317
-318
-317
-319
-317
-311
-298
-281
-240
-171
-93
-19
61
181
300
419
524
619
703
747
755
742
710
645
536
416
297
182
59
-52
-146
-217
-276
-315
-327
-321
-310
-299
-280
-254
-226
-197
-171
-147
-116
-90
-58
-10
42
99
143
193
246
295
323
335
343
334
296
246
202
143
68
-5
-80
-138
-182
-225
-251
-256
-253
-247
-225
-183
-140
-102
-66
-15
63
131
176
230
289
336
380
406
424
436
416
378
341
296
220
143
55
-25
-86
-150
-206
-239
-261
-270
-269
-252
-225
-196
-167
-140
-109
-72
-55
-38
-22
-16
-2
7
10
13
13
1
-11
-24
-47
-79
-112
-152
-191
-233
-270
-301
-327
-343
-358
-355
-342
-336
-327
-322
-307
-281
-264
-225
-146
-57
16
85
184
310
423
508
588
665
715
715
697
676
632
537
414
309
214
107
-4
-107
-171
-238
-292
-325
-335
-337
-350
-355
-341
-306
-272
-244
-210
-164
-112
-58
2
76
143
202
243
285
325
345
338
319
290
241
183
121
65
14
-58
-121
-155
-179
-199
-209
-214
-205
-189
-184
-169
-142
-120
-115
-92
-55
22
79
128
199
270
341
409
453
477
489
464
406
345
272
169
60
-53
-146
-216
-270
-315
-342
-331
-315
-288
-241
-191
-138
-103
-76
-42
-8
9
10
15
18
19
17
11
2
-6
-30
-61
-80
-106
-150
-193
-236
-274
-301
-326
-339
-341
-341
-322
-297
-271
-240
-223
-215
-203
-193
-188
-163
-111
-48
8
69
161
285
398
500
587
665
714
719
696
665
600
493
362
225
106
-15
-128
-229
-300
-354
-386
-392
-388
-363
-336
-316
-287
-247
-197
-156
-123
-83
-39
13
59
115
172
220
262
292
313
334
338
320
283
237
188
126
66
6
-50
-100
-146
-173
-187
-197
-196
-197
-195
-192
-185
-175
-161
-145
-118
-82
-5
73
139
233
311
391
468
510
527
525
486
399
310
223
102
-21
-136
-239
-310
-346
-369
-364
-334
-298
-249
-194
-141
-99
-71
-51
-36
-16
-13
-10
-7
-6
-2
5
13
13
13
-3
-23
-53
-89
-128
-168
-211
-253
-281
-292
-294
-289
-279
-264
-240
-218
-203
-199
-209
-220
-232
-248
-265
-251
-198
-117
-37
55
174
316
457
564
652
719
750
735
678
591
494
371
222
79
-40
-139
-218
-272
-311
-326
-324
-321
-307
-293
-277
-274
-275
-272
-253
-223
-185
-139
-84
-9
78
169
254
330
398
434
442
434
408
362
292
201
110
38
-23
-80
-127
-154
-166
-178
-185
-195
-190
-192
-210
-237
-252
-254
-247
-229
-193
-129
-20
112
222
346
465
551
619
650
629
571
484
360
217
84
-51
-165
-256
-324
-352
-338
-311
-271
-224
-182
-142
-113
-96
-88
-74
-76
-76
-67
-37
-2
35
73
104
126
136
132
108
62
3
-68
-139
-207
-263
-300
-325
-335
-327
-298
-262
-229
-207
-196
-178
-182
-201
-233
-270
-301
-319
-331
-317
-247
-132
6
124
252
393
536
641
701
726
710
657
570
458
346
233
128
29
-64
-122
-151
-171
-188
-213
-236
-260
-290
-323
-360
-387
-390
-388
-369
-302
-212
-96
26
139
246
350
440
481
491
476
442
378
299
216
144
82
20
-30
-64
-79
-91
-110
-139
-175
-209
-250
-304
-344
-370
-378
-370
-341
-289
-195
-88
16
133
248
379
476
542
580
577
552
514
443
357
257
165
74
-21
-91
-153
-200
-238
-278
-306
-310
-298
-288
-282
-256
-219
-172
-115
-59
-5
55
116
172
206
223
240
226
182
130
80
24
-38
-106
-157
-203
-236
-263
-275
-283
-291
-292
-298
-294
-296
-298
-298
-295
-286
-271
-256
-237
-216
-189
-158
-127
-79
13
124
217
287
358
439
508
562
583
567
527
478
407
319
230
145
61
-25
-106
-176
-221
-247
-272
-312
-341
-352
-351
-352
-340
-309
-262
-205
-131
-45
51
151
241
311
358
397
415
408
389
352
302
245
186
132
76
18
-26
-67
-114
-161
-208
-244
-276
-312
-342
-362
-350
-324
-287
-228
-158
-80
7
86
153
221
300
379
435
474
491
484
472
454
403
330
241
151
61
-34
-131
-215
-282
-324
-357
-363
-346
-311
-260
-206
-148
-92
-28
34
87
120
144
170
191
199
195
177
148
121
75
25
-32
-87
-134
-193
-238
-278
-307
-323
-341
-347
-346
-339
-310
-296
-272
-242
-220
-185
-147
-118
-97
-86
-72
-64
-63
-51
-18
54
135
209
272
340
408
478
521
528
506
446
394
325
246
152
74
9
-58
-111
-159
-191
-212
-226
-254
-281
-299
-304
-293
-264
-228
-182
-104
-15
71
159
230
292
335
360
367
346
318
283
243
200
153
113
77
37
-3
-44
-83
-121
-165
-215
-250
-280
-294
-286
-267
-231
-191
-138
-77
-21
39
82
120
151
179
238
289
343
389
406
412
411
401
355
283
193
81
-23
-117
-205
-273
-312
-333
-318
-281
-231
-180
-120
-54
-9
29
64
81
101
121
128
140
155
168
164
148
118
74
23
-37
-98
-163
-222
-273
-308
-330
-331
-327
-318
-301
-280
-248
-225
-196
-176
-162
-141
-115
-90
-68
-59
-62
-61
-53
-62
-71
-56
-9
70
145
214
273
318
365
408
435
419
369
305
233
169
104
41
-10
-44
-67
-77
-89
-110
-129
-137
-148
-169
-192
-213
-216
-198
-157
-102
-43
23
88
150
198
231
252
262
262
240
213
186
161
137
122
110
89
54
21
-7
-40
-70
-107
-146
-176
-189
-189
-181
-169
-152
-126
-92
-61
-39
-24
-11
11
36
71
119
183
252
324
374
396
388
360
311
236
155
59
-28
-97
-152
-180
-183
-167
-146
-114
-77
-57
-50
-59
-64
-70
-63
-54
-47
-20
12
55
91
108
114
92
53
9
-46
-101
-159
-196
-222
-229
-213
-186
-154
-131
-104
-80
-67
-65
-72
-83
-88
-82
-73
-71
-58
-48
-26
-18
-13
-20
-42
-60
-87
-117
-143
-139
-114
-72
-15
57
127
177
212
230
214
180
142
108
79
68
72
86
106
125
145
149
145
123
87
51
9
-26
-58
-79
-83
-76
-47
-15
21
48
63
76
68
50
19
-13
-37
-53
-57
-34
-9
24
58
83
99
101
90
69
43
11
-14
-32
-40
-42
-30
-9
12
30
48
51
51
42
22
-3
-32
-51
-69
-77
-77
-74
-56
-39
-20
-2
14
27
42
48
48
56
61
70
81
88
99
114
131
139
134
124
112
89
68
48
13
-10
-32
-48
-53
-57
-51
-46
-40
-37
-31
-28
-22
-15
-14
-7
-8
-9
-7
-7
-3
-3
-2
-3
-1
-2
-7
-13
-17
-25
-36
-43
-42
-50
-56
-59
-64
-67
-70
-76
-79
-91
-92
-89
-90
-89
-84
-75
-70
-59
-47
-33
-25
-21
-23
-20
-20
-24
-28
-29
-28
-25
-25
-24
-31
-39
-40
-44
-53
-57
-55
-45
-30
-12
6
28
43
51
65
78
96
111
119
129
144
145
140
138
127
110
94
77
63
53
43
34
32
27
24
25
15
7
-3
-13
-20
-25
-26
-26
-24
-21
-22
-17
-18
-16
-12
-12
-10
-10
-5
-2
5
11
20
25
32
36
35
38
33
28
22
18
5
-1
-10
-20
-23
-21
-22
-22
-12
-8
0
14
23
35
49
63
68
78
82
83
83
80
74
65
52
44
34
35
43
49
55
51
36
9
-13
-50
-82
-112
-136
-137
-139
-125
-101
-75
-53
-29
-19
-10
-6
-14
-18
-23
-23
-19
-8
1
18
30
45
53
57
60
39
21
-8
-35
-65
-92
-110
-123
-125
-123
-113
-103
-83
-66
-54
-43
-36
-32
-21
-12
-1
19
35
58
79
91
100
104
105
99
82
72
57
45
39
29
27
22
19
15
4
-3
-8
-19
-30
-34
-42
-45
-43
-38
-26
-15
-7
-1
10
18
27
37
45
52
56
61
59
63
68
63
56
48
35
16
2
-14
-32
-43
-56
-61
-60
-58
-49
-46
-32
-23
-12
-4
-1
9
12
18
22
28
35
43
47
52
57
52
58
53
45
45
33
32
17
6
-1
-7
-13
-22
-39
-43
-51
-60
-59
-58
-40
-23
-8
4
15
12
10
3
-12
-25
-28
-27
-19
-9
4
14
19
20
22
27
17
3
-13
-21
-33
-52
-66
-83
-94
-99
-93
-83
-66
-51
-45
-37
-37
-36
-46
-44
-41
-36
-25
-21
1
17
43
52
62
72
69
70
65
71
74
64
50
48
41
23
18
2
-7
-22
-33
-51
-60
-67
-69
-59
-55
-37
-22
-7
10
24
34
36
36
33
33
37
38
44
47
45
47
42
34
22
10
-10
-24
-36
-48
-52
-62
-65
-63
-54
-40
-29
-18
-5
7
8
5
5
3
1
7
3
15
28
40
63
75
87
85
84
83
78
60
47
32
7
1
-10
-22
-19
-18
-19
-23
-29
-36
-43
-51
-57
-60
-55
-47
-38
-23
0
23
34
48
51
46
39
28
23
14
8
4
3
3
5
9
7
-2
-12
-15
-28
-41
-51
-60
-61
-59
-50
-43
-35
-20
-19
-12
-11
-6
-4
0
11
16
22
35
46
63
78
80
81
85
87
73
63
50
29
14
-1
-22
-36
-47
-51
-54
-56
-58
-56
-59
-65
-60
-57
-49
-44
-32
-19
-5
14
22
27
25
30
42
38
33
35
41
54
59
56
51
40
30
11
-9
-27
-41
-49
-44
-52
-56
-59
-57
-52
-44
-34
-26
-20
-11
-6
-1
2
0
12
17
25
35
40
48
53
48
40
28
17
8
0
-11
-15
-11
-11
-29
-34
-37
-45
-54
-52
-52
-56
-52
-42
-36
-30
-18
-10
-4
-3
4
9
7
8
5
12
14
22
25
30
32
28
27
23
20
6
2
-6
-11
-17
-18
-24
-21
-12
-14
-12
-8
-9
-11
-8
-13
-18
-16
-12
-7
-3
9
17
27
38
50
65
68
71
76
71
63
50
30
12
-3
-15
-21
-32
-41
-40
-35
-37
-35
-29
-19
-9
-4
8
17
12
16
25
26
28
29
26
20
13
18
18
16
22
24
24
19
13
5
1
-1
-14
-21
-20
-20
-23
-23
-18
-15
-19
-10
-10
-2
0
0
4
-5
-7
-9
0
-3
-3
6
15
13
22
31
21
14
17
10
11
5
-8
-9
-11
-13
-19
-15
-18
-18
-16
-14
-25
-29
-24
-25
-28
-29
-20
-13
-15
-4
3
12
18
22
21
9
11
15
18
9
12
14
21
23
19
17
14
16
5
-7
-12
-10
-17
-26
-24
-19
-24
-13
0
1
0
-3
-8
-9
-5
-11
-10
-5
5
18
33
38
44
46
46
37
27
17
3
-4
-16
-24
-15
-11
-17
-14
-18
-24
-24
-28
-40
-36
-42
-42
-36
-37
-22
-6
10
11
24
34
42
43
46
49
40
37
31
16
8
-1
-2
-6
-3
3
6
4
-1
7
8
6
0
3
2
2
7
9
14
5
4
15
10
8
18
26
24
23
33
35
41
43
38
41
45
45
42
39
37
25
7
-2
-20
-28
-29
-35
-36
-29
-33
-30
-19
-21
-20
-14
-13
-2
0
7
15
26
33
38
47
51
56
53
44
40
28
24
16
12
4
-3
6
9
13
12
10
7
4
-10
-12
-17
-26
-24
-32
-26
-17
-11
-7
-3
2
5
9
10
19
17
15
16
18
17
20
20
18
11
0
-8
-21
-21
-26
-31
-40
-41
-37
-32
-29
-31
-38
-36
-31
-36
-38
-33
-29
-20
-12
-6
1
3
7
4
5
4
0
-2
-10
-10
-12
-17
-10
-6
4
10
14
16
17
21
16
13
3
5
-4
-16
-21
-24
-20
-22
-21
-17
-10
-9
-9
-7
-3
1
0
8
10
11
11
14
17
17
18
15
21
16
16
15
6
1
0
-2
-7
-10
-10
-16
-15
-12
-10
-2
6
12
10
6
12
13
11
16
20
22
21
27
21
21
21
21
21
20
18
17
22
23
21
23
22
16
17
7
-1
-4
-9
-7
-9
-8
-2
2
8
12
12
22
26
21
17
12
5
2
-1
-7
-8
-8
-7
-10
-9
-6
-11
-14
-19
-26
-28
-31
-28
-28
-24
-17
-16
-11
-6
-1
1
1
0
1
-6
-11
-13
-17
-19
-13
-16
-17
-13
-10
-11
-1
-1
1
2
-7
-12
-18
-19
-25
-22
-30
-30
-28
-35
-36
-40
-40
-48
-46
-42
-37
-33
-30
-27
-28
-22
-20
-13
-24
-25
-24
-27
-27
-26
-21
-20
-18
-14
-9
-7
-3
-6
-4
-8
-15
-17
-18
-18
-20
-12
-9
-10
-2
4
8
8
6
7
3
2
6
6
7
9
10
15
21
29
32
36
41
35
35
30
24
16
9
4
-2
3
8
4
5
9
8
11
12
9
8
8
3
-2
-8
-4
-5
-7
-9
-8
-7
-7
-2
2
5
4
7
0
-5
-6
-9
-5
-9
-9
-8
-12
-9
-8
-7
-7
-6
-11
-15
-19
-21
-24
-25
-15
-17
-16
-6
-3
2
15
12
16
15
14
17
16
20
16
18
17
16
10
6
1
-1
-5
-10
-12
-22
-24
-27
-33
-35
-33
-32
-33
-38
-42
-39
-42
-46
-44
-41
-42
-36
-28
-27
-26
-21
-20
-26
-24
-27
-35
-27
-23
-35
-37
-43
-53
-64
-60
-59
-63
-52
-38
-36
-33
-18
-12
-13
-8
-17
-22
-14
-7
-4
7
17
24
32
42
43
37
36
29
14
-5
-15
-31
-37
-38
-35
-26
-21
-13
-3
3
5
-2
-7
-19
-26
-37
-43
-51
-56
-49
-44
-32
-22
-15
-10
-16
-14
-13
-16
-22
-28
-30
-31
-24
-25
-18
-8
-1
6
9
8
9
6
0
0
-5
-6
-14
-15
-15
-16
-13
-9
0
8
14
17
22
20
29
25
27
27
30
32
36
36
36
33
32
28
20
15
9
2
-7
-17
-26
-31
-33
-36
-41
-42
-44
-42
-39
-42
-43
-41
-40
-38
-38
-33
-31
-28
-24
-20
-17
-11
-9
-11
-5
-9
-5
-7
-13
-14
-12
-17
-22
-19
-25
-22
-27
-36
-33
-34
-32
-31
-29
-24
-20
-17
-15
-10
-8
-9
-11
-12
-13
-10
-10
-10
-9
-7
-6
-4
-5
-9
-13
-14
-18
-23
-23
-23
-26
-27
-23
-24
-24
-18
-17
-20
-20
-26
-31
-33
-32
-34
-38
-38
-37
-33
-31
-39
-38
-34
-33
-30
-32
-30
-30
-34
-35
-39
-36
-35
-30
-28
-30
-29
-33
-26
-25
-27
-21
-25
-24
-17
-14
-10
-3
3
8
10
7
6
7
7
8
6
4
9
9
10
13
10
4
2
-3
-7
-8
-11
-16
-23
-15
-18
-14
-11
-10
-9
-9
-9
-14
-8
-6
-7
-5
-4
-1
4
8
14
18
16
14
11
8
4
-3
-6
-6
-8
-7
-5
-7
-7
-6
-2
-1
-6
-8
-7
-6
-6
-3
-1
3
8
9
8
10
15
14
13
10
13
8
7
6
6
3
7
10
10
16
11
9
7
7
1
1
-3
-5
-9
-7
-5
-11
-13
-19
-23
-29
-33
-37
-35
-35
-35
-37
-37
-33
-35
-30
-28
-27
-27
-31
-25
-24
-29
-27
-27
-28
-29
-28
-26
-27
-28
-29
-30
-32
-38
-37
-40
-42
-42
-36
-34
-29
-26
-17
-13
-11
-1
-3
-3
-6
-1
-1
-6
-9
-17
-15
-15
-12
-15
-14
-18
-18
-19
-21
-21
-27
-33
-34
-38
-37
-34
-41
-37
-31
-29
-27
-26
-22
-19
-16
-13
-8
-5
0
8
10
16
17
22
25
20
20
24
19
23
23
22
19
18
19
12
12
9
9
1
-3
-1
-2
-2
0
-3
0
1
-1
2
7
6
4
4
6
7
7
10
11
12
18
24
25
24
24
24
22
21
14
14
10
8
6
9
10
6
6
3
3
-3
-5
-5
-14
-11
-12
-12
-11
-10
-8
-2
-2
-2
1
4
6
11
9
11
12
14
23
21
16
10
9
2
-1
-10
-16
-18
-25
-27
-26
-30
-29
-27
-31
-29
-27
-25
-26
-23
-22
-23
-16
-20
-22
-20
-24
-20
-17
-20
-11
-12
-13
-15
-22
-20
-25
-29
-30
-34
-43
-44
-43
-44
-41
-41
-38
-32
-31
-28
-30
-25
-21
-19
-15
-13
-8
-5
-2
-5
0
0
1
2
-2
-2
-5
-5
-9
-14
-18
-17
-15
-15
-19
-14
-13
-14
-15
-14
-13
-11
-14
-15
-13
-12
-10
-7
-4
-4
-4
1
3
-1
4
8
9
9
16
16
17
20
20
21
25
25
21
22
18
17
13
12
14
10
9
6
5
3
10
12
7
5
5
3
5
10
8
9
15
15
14
11
11
15
13
10
9
1
-2
-4
-7
-11
-15
-11
-14
-17
-12
-11
-7
-6
-7
-5
-3
-1
-1
-3
-8
-10
-6
-2
-4
-3
0
0
-5
-1
-4
-10
-6
-3
-9
-3
-9
-11
-14
-15
-15
-13
-17
-17
-19
-15
-14
-20
-10
-12
-11
-13
-8
-7
-4
-5
-1
0
0
1
3
4
2
1
-2
-1
-10
-13
-20
-21
-29
-38
-41
-37
-38
-40
-43
-42
-43
-42
-41
-42
-35
-37
-32
-31
-32
-31
-32
-27
-23
-20
-24
-23
-16
-16
-10
-12
-8
-7
-7
-3
-4
-5
-9
-3
-4
-4
-6
-6
-8
-8
-6
-7
-3
-3
1
0
-1
0
-1
3
4
12
16
14
18
21
21
23
25
25
21
17
16
14
10
1
4
2
-3
-7
-7
-7
-9
-11
-9
-13
-13
-11
-12
-12
-14
-14
-17
-17
-10
-8
-8
-5
-5
-1
-4
-2
-1
-2
2
1
-4
3
5
0
-3
-2
0
0
0
-3
-2
-1
2
2
3
1
4
2
9
12
12
16
17
17
17
18
22
23
20
21
15
18
15
9
10
4
1
-1
-3
-11
-11
-12
-19
-17
-21
-26
-24
-26
-29
-29
-27
-27
-27
-20
-20
-17
-17
-14
-13
-11
-7
-7
-1
-2
-7
-3
-6
-5
-5
-6
2
-1
-4
-4
-4
-2
-2
-7
-3
-9
-8
-6
-7
0
3
6
8
13
16
12
11
15
15
14
12
11
6
1
-4
-2
-1
-4
-3
-9
-9
-8
-11
-15
-15
-17
-15
-18
-18
-20
-22
-20
-20
-18
-18
-19
-20
-13
-15
-12
-11
-12
-8
-10
-9
-10
-9
-13
-10
-9
-8
-9
-10
-8
-5
-5
-4
0
-1
0
-1
-2
-5
-4
-7
-2
0
5
5
3
9
13
14
16
14
14
14
18
17
15
15
12
13
9
8
8
3
2
-1
-7
-7
-12
-15
-18
-19
-17
-17
-15
-11
-10
-9
-6
-5
-5
-6
-2
-1
0
8
8
8
11
15
15
14
12
10
10
12
8
6
8
2
5
7
5
8
5
1
1
0
-4
-4
-7
-4
-1
4
7
8
18
20
20
20
23
22
19
17
14
10
8
9
7
7
9
4
1
-4
-9
-11
-14
-20
-22
-24
-29
-29
-27
-29
-30
-28
-29
-27
-28
-22
-21
-24
-22
-23
-24
-23
-21
-18
-19
-16
-16
-17
-17
-16
-11
-18
-15
-14
-19
-18
-16
-18
-19
-16
-12
-11
-14
-14
-9
-11
-10
-6
-4
-1
-2
0
3
2
1
8
9
7
7
8
11
9
6
2
1
3
-2
1
-2
-4
-3
-10
-12
-14
-11
-13
-10
-11
-9
-10
-9
-6
-12
-8
-6
-10
-7
-8
-5
-6
-5
-4
-7
-6
-7
-4
-1
0
-2
-7
-7
-9
-1
-5
0
2
2
2
7
10
12
11
11
11
13
16
11
9
11
11
10
12
14
12
10
10
11
10
8
8
9
5
3
3
-2
-5
-3
-6
-9
-6
-6
-9
-10
-7
-10
-7
-8
-11
-12
-16
-16
-11
-12
-14
-12
-18
-18
-13
-14
-18
-18
-17
-16
-17
-14
-13
-16
-12
