1
-3
-3
-5
-3
-3
0
-1
-8
-5
-4
1
-1
-1
-2
0
-6
-4
-4
-7
-6
-6
-8
-3
-3
-6
-3
-6
-7
-6
-1
-2
-5
-3
-7
-6
-3
-2
0
0
-2
-4
-4
-5
-4
-3
-7
-8
-6
-7
-6
-10
-4
-4
-5
-3
-3
-3
-4
-3
-1
-1
-1
0
-3
-2
-2
-3
-4
-4
4
2
3
6
8
5
6
9
10
12
11
11
12
13
18
16
16
19
17
18
15
16
16
20
19
19
20
21
24
21
20
18
17
18
17
19
20
16
11
14
17
13
16
14
15
14
17
14
17
15
19
16
16
16
17
21
19
19
17
13
13
12
13
15
14
15
15
15
12
15
15
14
17
13
13
14
11
13
13
18
16
19
19
15
16
18
12
13
14
11
12
7
13
8
11
11
11
8
12
15
14
13
11
9
7
7
6
8
9
6
8
8
6
4
4
6
4
3
5
3
3
1
2
2
0
-2
3
4
3
4
1
7
5
1
5
7
5
2
3
1
4
5
4
6
4
2
-4
-9
-6
-2
-5
-4
-5
-3
-2
1
-4
0
7
-1
-1
-3
3
2
0
2
1
5
2
-2
6
5
1
2
1
6
3
5
5
5
10
10
10
14
14
12
16
16
19
11
7
11
10
11
16
12
14
14
11
11
14
12
15
18
19
17
16
18
18
18
17
14
19
24
23
27
22
18
17
20
22
25
19
21
27
19
23
21
24
30
28
31
28
31
30
32
29
32
27
24
25
21
19
16
13
20
24
15
20
19
14
20
16
14
19
19
18
19
18
10
10
10
11
12
11
12
7
1
-1
-3
0
-5
-1
2
6
6
7
8
9
6
3
6
4
7
6
3
6
7
9
8
3
5
8
2
2
0
2
0
2
2
5
4
5
4
-1
1
-1
3
1
0
-3
-2
-2
-1
3
0
2
0
0
-2
-4
-5
-3
-4
-9
-6
-5
-3
0
-2
0
0
2
0
1
4
1
-2
-7
-2
-7
-6
-1
-6
-5
-4
-3
-2
2
4
6
9
9
8
7
12
10
10
10
11
10
6
8
4
4
7
6
6
7
11
12
10
11
12
11
14
14
15
15
12
18
16
14
13
15
15
16
18
11
14
11
12
13
17
13
9
8
3
3
2
1
4
15
11
16
16
18
15
17
21
19
20
19
21
18
22
23
19
15
14
16
17
12
13
12
12
12
13
11
12
12
11
11
5
8
7
8
6
2
6
1
-2
-3
-5
-2
-2
-3
-9
-6
-5
-4
-2
-5
-4
-3
-1
0
-5
-1
-2
-2
0
-4
2
-1
-1
4
2
2
4
2
2
0
-1
-6
-4
0
-4
-4
-3
-3
-10
-7
-4
-1
-5
0
1
-2
0
0
-2
-6
-6
-7
-5
-4
-5
-13
-14
-15
-18
-16
-17
-14
-13
-14
-14
-12
-18
-12
-13
-13
-8
-12
-11
-8
-11
-7
-10
-11
-8
-8
-5
-1
-1
-11
-9
-8
-9
-9
-9
-5
-4
-6
-5
-5
-4
-2
-3
-5
0
-4
-1
-5
-8
-8
-12
-4
-4
-5
-4
-2
-6
-7
-4
-4
-4
-6
-8
-7
-6
-1
-4
-1
-1
-1
1
-2
-4
-2
-2
-1
2
1
5
5
4
6
9
7
7
9
11
15
11
5
6
6
5
6
8
8
6
11
7
8
6
4
5
2
1
-2
-1
1
-4
-1
-5
-8
-5
-6
-7
-15
-11
-9
-10
-14
-10
-11
-14
-13
-15
-12
-13
-13
-16
-13
-13
-13
-13
-11
-10
-9
-6
-10
-12
-13
-9
-8
-8
-9
-10
-9
-12
-11
-12
-19
-17
-17
-14
-14
-16
-12
-11
-15
-15
-13
-11
-10
-8
-14
-17
-15
-19
-18
-21
-20
-18
-16
-19
-17
-14
-14
-18
-19
-16
-16
-18
-18
-16
-19
-17
-18
-20
-20
-21
-14
-16
-17
-16
-17
-16
-15
-18
-18
-18
-21
-20
-20
-21
-18
-19
-18
-16
-19
-18
-18
-20
-19
-16
-15
-18
-16
-15
-15
-18
-16
-15
-19
-12
-13
-14
-14
-15
-16
-12
-11
-12
-7
-10
-7
-6
-11
-6
-5
-1
-2
-5
-4
-7
-2
-5
-4
-2
3
-5
-3
-2
1
6
3
5
5
6
4
5
1
2
2
2
1
5
1
-3
-2
-6
-1
-3
-5
-2
-1
-5
-8
-7
-4
-2
-2
-5
-5
-5
-6
-6
-7
-10
-11
-13
-10
-8
-8
-12
-11
-10
-10
-8
-12
-9
-8
-9
-12
-7
-5
-6
-5
-6
-6
-7
-9
-11
-12
-16
-14
-11
-12
-10
-5
-9
-3
-6
-5
-5
-2
-6
-5
-8
-11
-9
-14
-11
-11
-16
-16
-11
-17
-18
-22
-18
-20
-23
-18
-18
-18
-18
-17
-21
-24
-28
-25
-23
-26
-25
-20
-19
-15
-15
-18
-16
-13
-16
-19
-16
-15
-14
-14
-14
-15
-15
-15
-11
-11
-11
-11
-11
-10
-16
-14
-15
-19
-17
-19
-16
-16
-17
-15
-16
-14
-18
-14
-12
-15
-16
-14
-17
-19
-17
-18
-21
-21
-21
-21
-22
-19
-21
-20
-18
-19
-18
-18
-24
-22
-23
-20
-11
-12
-11
-11
-11
-15
-12
-13
-10
-6
-7
0
-3
-1
-3
-5
-5
-6
-5
-8
-7
-5
-7
-7
-6
-7
-5
-5
-7
-6
-7
-3
-4
-6
-4
-5
-5
-2
-4
-7
-9
-11
-15
-17
-15
-16
-20
-23
-22
-25
-24
-23
-23
-24
-23
-23
-24
-25
-27
-20
-21
-18
-20
-26
-24
-29
-28
-32
-27
-26
-27
-29
-31
-30
-30
-33
-34
-33
-34
-31
-32
-30
-30
-28
-29
-28
-30
-32
-31
-34
-33
-26
-29
-28
-27
-27
-24
-27
-24
-26
-27
-27
-27
-27
-25
-30
-30
-28
-31
-26
-28
-29
-29
-28
-24
-25
-22
-23
-27
-25
-27
-26
-28
-28
-27
-28
-28
-28
-28
-31
-28
-33
-33
-32
-34
-35
-33
-31
-31
-29
-26
-27
-26
-23
-22
-23
-26
-27
-32
-34
-35
-32
-30
-28
-28
-29
-24
-19
-24
-21
-18
-21
-21
-19
-16
-16
-16
-18
-20
-18
-20
-21
-15
-17
-17
-16
-14
-11
-10
-10
-14
-11
-11
-14
-12
-11
-12
-14
-16
-16
-13
-12
-16
-12
-15
-15
-10
-13
-13
-18
-14
-13
-13
-14
-17
-19
-21
-23
-25
-26
-28
-26
-26
-24
-23
-23
-23
-25
-24
-20
-18
-20
-20
-20
-22
-21
-19
-16
-19
-22
-21
-23
-23
-23
-26
-29
-31
-26
-17
-21
-17
-17
-20
-20
-19
-14
-15
-19
-23
-27
-29
-26
-24
-28
-29
-29
-32
-33
-30
-26
-21
-23
-26
-28
-23
-28
-31
-29
-31
-37
-38
-35
-39
-35
-36
-36
-32
-29
-30
-28
-25
-28
-25
-26
-28
-28
-28
-25
-30
-29
-28
-35
-33
-28
-31
-30
-26
-27
-23
-21
-22
-23
-22
-18
-18
-22
-25
-25
-27
-27
-28
-28
-29
-31
-26
-25
-26
-24
-27
-33
-29
-28
-26
-22
-24
-31
-21
-18
-23
-23
-24
-25
-25
-27
-28
-29
-37
-35
-34
-33
-28
-29
-28
-28
-28
-26
-23
-21
-21
-20
-20
-25
-20
-18
-21
-18
-22
-23
-20
-21
-20
-17
-23
-18
-15
-15
-9
-8
-8
-5
-4
-5
-4
-5
-5
-3
-1
-7
-10
-10
-8
-10
-6
-6
-16
-12
-15
-13
-17
-15
-18
-20
-16
-20
-18
-22
-22
-22
-25
-21
-28
-29
-26
-26
-27
-26
-26
-27
-28
-30
-28
-28
-26
-27
-26
-29
-29
-28
-34
-33
-32
-28
-29
-29
-28
-28
-26
-29
-29
-30
-30
-26
-28
-28
-24
-26
-27
-25
-28
-32
-34
-31
-31
-32
-31
-33
-37
-34
-35
-38
-35
-35
-29
-26
-27
-24
-31
-31
-27
-29
-31
-29
-24
-27
-22
-23
-20
-20
-26
-24
-18
-21
-25
-24
-26
-26
-26
-25
-25
-23
-20
-21
-20
-21
-20
-23
-29
-24
-27
-28
-29
-32
-31
-27
-28
-23
-25
-25
-22
-23
-21
-21
-18
-22
-21
-15
-15
-14
-14
-13
-17
-14
-10
-8
-10
-16
-7
-6
-6
-3
-5
-9
-7
-9
-6
-5
-8
-4
-4
-7
-9
-10
-6
-5
-9
-8
-7
-9
-13
-12
-15
-16
-13
-14
-10
-9
-7
-4
-5
-5
-4
-3
-7
-4
-3
-4
-8
-9
-11
-9
-9
-6
-4
-3
-3
-10
-4
-7
-5
-5
-3
-5
-3
-7
-11
-7
-10
-17
-12
-15
-19
-14
-15
-16
-15
-15
-17
-13
-14
-11
-19
-19
-21
-20
-21
-21
-17
-20
-19
-23
-19
-20
-21
-27
-26
-21
-24
-25
-21
-23
-22
-25
-25
-23
-25
-23
-24
-28
-22
-21
-26
-23
-28
-27
-28
-27
-32
-29
-23
-23
-25
-24
-20
-21
-18
-23
-23
-20
-17
-16
-17
-16
-13
-11
-17
-16
-19
-22
-22
-23
-18
-17
-16
-17
-20
-14
-15
-12
-11
-15
-14
-11
-12
-11
-10
-9
-11
-8
-9
-9
-7
-9
-4
-4
-2
-3
-1
-1
1
-3
1
2
-1
0
-1
-5
-1
3
-1
3
3
4
2
2
11
10
10
12
9
9
11
18
15
13
13
11
10
9
10
9
11
5
8
7
9
12
12
17
15
12
16
16
10
13
10
7
3
0
2
-3
-2
-1
1
2
2
4
3
3
5
5
5
7
6
8
7
5
3
2
3
5
3
4
5
4
6
5
6
3
3
6
6
4
13
9
10
9
8
8
3
6
-1
-2
-4
-8
-10
-12
-8
-9
-13
-12
-13
-14
-11
-14
-15
-11
-14
-16
-11
-12
-16
-15
-12
-11
-12
-14
-9
-12
-13
-12
-14
-12
-9
-9
-10
-13
-11
-11
-10
-12
-7
-6
-10
-10
-7
-6
-3
2
1
0
-2
-6
-5
-2
-7
-6
-5
-6
-6
-7
-9
-9
-8
-7
-6
-4
-6
-5
-6
-5
-7
-2
-4
1
5
2
4
1
-2
1
5
2
-3
-3
2
0
0
2
0
0
1
5
5
10
8
9
12
13
11
9
10
10
10
13
15
11
15
11
12
16
13
8
9
8
9
10
5
9
5
5
3
3
6
5
7
7
5
6
7
7
9
8
7
8
6
6
6
11
8
8
3
2
0
0
3
9
9
12
10
8
8
8
10
5
9
12
14
13
9
7
7
6
4
0
-2
0
-1
-2
0
-4
-3
-4
-6
-1
0
3
-3
-3
2
1
2
0
-3
-2
-3
-1
-4
-7
-2
-6
-9
-13
-13
-14
-14
-14
-13
-14
-9
-11
-7
-8
-5
-7
-11
-10
-10
-10
-10
-8
-12
-11
-13
-12
-9
-9
-10
-10
-12
-10
-12
-13
-10
-15
-16
-19
-17
-16
-16
-14
-11
-13
-12
-10
-9
-9
-8
-9
-7
-7
-8
-4
-2
-4
-5
-4
-4
0
0
2
-2
-1
4
5
7
6
7
10
9
9
9
9
8
15
13
12
19
21
17
17
17
13
16
13
12
8
4
6
10
10
9
15
12
12
12
13
13
10
10
12
14
14
13
11
12
15
11
9
12
7
10
10
8
5
4
13
13
8
13
10
10
10
13
14
12
14
16
13
14
13
12
13
13
17
15
17
15
17
17
19
15
8
10
11
12
12
13
12
8
9
11
5
7
7
7
9
9
9
5
6
5
-2
-1
-2
-4
-3
-3
1
1
3
2
5
8
10
4
11
11
5
11
6
4
4
6
6
6
4
4
4
-1
5
1
4
5
3
2
1
3
2
0
-3
-4
-3
0
-2
-2
2
0
0
3
4
2
4
3
4
5
5
6
3
0
-1
2
0
-1
5
4
1
11
8
3
9
10
12
13
10
14
15
13
18
18
12
12
13
12
13
13
13
18
16
15
16
14
17
21
25
18
23
19
21
18
15
15
15
16
13
17
14
15
12
13
14
17
15
12
18
18
21
21
19
20
20
19
17
18
19
12
16
11
14
17
16
17
19
20
17
17
18
17
23
23
20
19
17
16
16
15
14
17
18
18
16
17
14
16
18
14
13
10
9
12
7
9
8
5
8
8
6
4
1
1
2
2
7
3
5
5
0
3
0
6
2
-1
7
3
3
1
-1
1
5
1
-4
-1
-2
-6
-3
-5
-5
1
-1
-2
0
0
0
-1
1
1
-1
0
-1
1
-4
-5
-5
-9
-11
-11
-11
-15
-9
-9
-12
-10
-7
-7
-9
-8
-4
-7
-4
-4
-9
-3
-4
-5
-4
-2
2
2
6
3
6
6
2
2
5
3
3
1
3
8
8
6
8
14
11
10
14
15
16
20
16
20
20
16
17
14
13
12
11
11
13
7
12
13
11
17
13
12
16
19
18
18
16
16
18
17
18
19
17
14
15
14
20
17
15
17
13
14
17
20
17
18
23
23
25
22
24
21
18
18
20
21
16
21
19
19
20
21
20
20
19
20
23
22
18
17
18
17
20
16
16
15
12
18
19
21
20
18
22
19
19
19
19
17
18
15
16
16
14
17
17
18
17
14
16
15
14
16
17
17
16
13
13
11
8
4
5
3
6
4
2
3
0
-3
-3
-6
-7
-8
-8
-12
-13
-10
-9
-5
-8
-8
-6
-3
-7
-10
-10
-10
-7
-9
-8
-7
-5
-2
-4
-3
0
-6
-3
0
-3
-3
-2
-2
1
-4
-4
-4
-3
2
-1
1
2
5
3
1
5
7
4
5
7
6
5
5
1
1
2
2
0
5
4
6
8
5
4
9
7
8
10
4
3
0
1
0
-3
-1
-1
-2
7
3
3
4
8
6
-1
1
5
5
6
9
5
7
11
7
5
8
9
7
5
5
5
5
6
4
10
10
12
13
14
14
12
8
11
14
11
11
8
8
5
8
5
6
2
1
5
6
7
9
8
10
8
7
12
10
10
9
13
11
11
12
11
11
11
13
16
13
13
13
13
16
12
16
14
9
9
5
7
6
3
6
3
1
0
2
4
0
0
2
0
-5
-5
-8
-7
-10
-9
-6
-9
-7
-6
-9
-5
-9
-7
-6
-9
-7
-12
-10
-6
-7
-10
-14
-15
-9
-12
-8
-7
-13
-9
-13
-13
-10
-12
-13
-13
-12
-12
-12
-13
-9
-9
-9
-13
-13
-10
-4
-5
-9
-9
-8
-7
-4
1
1
-2
-2
-2
-4
0
-3
-7
-6
-5
-2
-2
-6
-4
-2
-3
-2
-8
-7
-8
-8
-14
-10
-14
-9
-6
-4
-5
-4
-3
-5
-1
-2
-1
-2
-1
1
1
3
6
3
6
8
2
8
5
5
6
6
6
2
3
6
9
10
13
14
15
18
14
13
15
16
16
15
19
19
19
17
18
13
11
10
14
21
16
13
18
18
17
22
17
17
19
15
19
17
13
15
17
14
17
11
9
10
10
11
16
17
14
16
16
15
14
13
10
12
15
13
12
8
8
9
10
11
10
11
11
10
13
8
2
12
10
7
8
11
7
8
10
7
4
6
9
5
0
4
5
0
3
-1
-2
-6
3
5
-1
0
-1
-9
-7
-4
-4
-5
-8
-12
-10
-8
-7
-10
-8
-4
-6
-6
-4
-1
-1
0
-3
2
4
-1
0
1
0
-2
-3
0
-2
2
-3
-6
-5
-4
-4
-9
-6
-4
-3
-4
-2
-2
0
0
1
-3
1
1
6
3
2
3
1
4
3
2
1
-1
4
4
5
1
-3
-5
-4
4
2
-1
-4
-2
-3
-2
0
-1
-2
-3
0
5
3
6
7
8
8
10
13
11
12
12
8
5
5
6
9
10
9
2
4
4
4
6
7
10
7
8
9
12
15
12
13
12
22
21
11
15
19
17
19
11
6
11
8
9
11
10
10
8
12
15
8
8
5
9
9
3
4
2
-6
-2
1
-1
1
-1
-1
-3
-5
-5
-4
1
4
1
-1
5
4
-2
-1
1
-2
-2
-4
-4
-5
-8
-6
-3
-4
-7
-1
-4
1
-1
-3
-2
-7
-7
-7
-7
-6
-4
-7
-6
0
3
0
-1
-1
-2
-1
2
0
-2
-2
-5
-4
-5
-4
-2
-8
-9
-13
-10
-8
-11
-8
-8
-4
-3
-5
-6
-5
-5
-5
0
0
-1
-3
-3
-4
-1
-1
-1
-2
-7
-6
3
-1
-4
1
-2
-4
-5
-2
-2
-5
-6
-6
-4
-5
-1
-4
1
-3
2
7
9
8
6
12
9
9
12
5
6
7
6
8
6
-1
-2
-1
-6
-6
-3
0
-2
0
3
4
4
8
14
9
11
15
15
15
18
18
15
15
18
20
18
19
15
16
14
23
19
9
13
14
12
20
20
9
8
7
12
14
15
9
7
7
12
16
13
10
11
7
11
13
8
-1
0
3
8
9
2
0
-1
5
5
5
0
-5
-3
4
8
1
-2
-3
2
8
8
-3
-7
-7
-1
7
3
-3
-6
-3
-3
-1
-1
-5
-7
-10
-6
-8
-10
-10
-13
-11
-11
-6
-9
-8
-4
-1
0
0
1
-1
1
0
-1
-3
-7
-3
2
6
1
-8
-13
-5
5
-3
-13
-14
-10
-6
-3
-6
-9
-24
-26
-11
-13
-9
-17
-28
-27
-19
-15
-20
-23
-23
-17
-14
-14
-8
-14
-16
-15
-14
-12
-11
-17
-23
-25
-21
-24
-23
-20
-23
-26
-26
-19
-11
-13
-8
-10
-8
0
4
6
8
6
8
9
11
3
2
3
-2
-8
-4
-4
-8
-4
-2
-2
-3
-2
2
-2
2
7
8
11
9
8
8
8
10
12
12
7
7
7
4
4
10
7
2
-1
-3
1
0
0
-7
-10
-13
-7
9
8
-5
-11
-8
3
6
-4
-6
-6
-4
3
5
3
-4
-9
0
3
0
-5
-10
-11
-4
0
-1
3
-6
-11
-10
3
4
-9
-15
-8
3
0
-3
-7
-13
-9
-8
0
-7
-14
-16
-10
-5
-7
-5
-4
-1
1
-3
1
4
1
-3
1
6
0
-2
-8
-5
-2
-9
-11
-8
-12
-10
-9
-1
0
-8
-2
-3
-2
-6
-11
-5
-4
-10
-16
-20
-19
-17
-18
-19
-21
-21
-18
-13
-6
-4
-13
-13
-10
-6
-9
-9
-14
-26
-25
-19
-20
-21
-22
-28
-27
-17
-10
-14
-17
-14
-16
-16
-5
0
-13
-18
-12
-5
-10
-18
-18
-17
-18
-9
-16
-19
-17
-13
-7
-3
0
-1
2
13
17
10
11
9
12
15
13
5
3
-6
-10
-5
-8
-12
-19
-22
-24
-23
-16
-13
-25
-29
-21
-13
3
0
-9
-18
-4
2
-1
5
10
5
-3
8
15
12
6
8
6
1
1
8
0
-13
-13
-9
-12
-10
-24
-32
-30
-25
-25
-32
-29
-31
-38
-37
-24
-20
-19
-22
-17
-11
-2
6
5
1
-5
-2
11
21
11
-8
-17
0
11
11
-2
-13
-12
-4
1
3
-6
-20
-14
-3
0
-15
-22
-28
-21
-6
-11
-21
-18
-11
-16
-5
4
-4
-22
-25
-7
1
-5
-24
-34
-23
-16
-17
-26
-24
-18
-25
-18
-14
-22
-27
-22
-17
-15
-6
2
-3
-9
-6
6
13
8
9
-3
-8
0
3
-8
-12
-16
-28
-29
-21
-18
-30
-43
-44
-45
-35
-31
-38
-44
-51
-38
-30
-28
-37
-49
-56
-41
-29
-30
-41
-54
-50
-49
-37
-33
-37
-57
-67
-46
-28
-27
-26
-40
-49
-40
-26
-21
-29
-38
-42
-40
-24
-18
-33
-41
-34
-22
-4
5
5
-14
-5
18
35
44
34
26
33
55
71
65
52
51
56
63
74
69
56
52
50
50
49
43
33
22
22
22
18
10
8
1
4
15
11
5
10
13
17
21
26
19
17
26
24
20
16
6
0
-2
-8
-16
-21
-24
-32
-34
-35
-39
-44
-39
-36
-40
-39
-41
-37
-45
-46
-49
-53
-46
-49
-57
-66
-63
-63
-83
-91
-95
-104
-107
-116
-131
-159
-164
-155
-162
-172
-185
-211
-226
-221
-232
-230
-164
-34
20
-90
-180
-49
174
236
166
157
167
127
173
342
400
229
61
92
168
175
148
98
-4
-96
-81
-5
12
-68
-159
-161
-107
-79
-94
-121
-131
-110
-80
-48
-37
-54
-62
-31
38
90
63
0
5
74
115
109
109
97
39
0
53
124
84
-26
-70
-44
0
22
17
-10
-67
-92
-43
35
49
-7
-64
-51
-4
37
35
23
0
-14
11
44
61
40
15
28
50
57
46
26
19
28
44
39
5
-19
-22
-6
10
3
-38
-78
-80
-47
-24
-44
-75
-101
-102
-84
-65
-67
-100
-131
-144
-139
-134
-152
-170
-173
-188
-202
-188
-178
-202
-243
-250
-244
-247
-222
-125
-11
-4
-120
-138
49
227
231
181
203
201
170
253
409
393
215
123
180
238
228
197
127
25
-31
5
53
20
-67
-127
-121
-91
-81
-102
-128
-139
-116
-82
-67
-72
-73
-62
-33
20
45
15
-23
5
70
100
89
79
57
13
15
75
111
57
-33
-51
-18
-9
-23
-33
-21
17
9
-36
-41
-3
34
51
57
23
-29
-34
41
107
87
20
-24
-33
9
73
70
16
-31
-43
-13
43
60
9
-55
-58
-18
11
-6
-41
-66
-82
-77
-57
-63
-95
-125
-129
-106
-105
-135
-160
-162
-157
-172
-183
-203
-229
-236
-229
-229
-253
-289
-312
-304
-269
-140
41
42
-179
-244
53
344
301
176
209
220
149
280
546
527
227
80
195
329
312
235
158
59
-36
-21
78
84
-80
-200
-144
-56
-91
-163
-167
-157
-151
-104
-62
-96
-148
-143
-67
31
65
-4
-75
-37
65
117
123
110
80
20
16
127
217
145
8
-27
38
58
19
21
13
-85
-102
16
48
-40
-78
-43
-19
-3
23
-16
-54
-10
53
54
27
24
8
-6
60
100
51
9
20
41
71
80
39
-18
-19
11
27
21
-24
-82
-100
-60
-28
-59
-109
-142
-166
-148
-110
-121
-171
-214
-217
-197
-182
-198
-228
-238
-219
-229
-251
-255
-268
-283
-298
-290
-265
-173
0
41
-136
-206
36
306
288
177
213
256
206
270
474
515
285
105
178
332
335
218
129
64
-25
-45
42
82
-68
-230
-194
-81
-97
-183
-200
-181
-184
-172
-117
-99
-143
-161
-100
13
42
-15
-59
-14
86
127
125
141
134
69
42
142
257
196
34
-3
87
97
30
31
40
-59
-170
-59
115
52
-128
-149
-69
-19
30
50
-24
-92
-47
47
94
86
35
-23
-9
107
157
91
30
26
53
97
113
75
11
-17
15
61
68
-19
-107
-100
-50
-34
-65
-114
-172
-206
-158
-99
-128
-211
-251
-245
-223
-218
-233
-243
-252
-255
-245
-246
-270
-301
-312
-292
-270
-187
-21
58
-104
-241
-29
314
361
202
173
254
256
282
464
552
357
127
157
340
392
267
134
72
6
-39
26
98
-22
-222
-236
-106
-76
-179
-229
-199
-189
-190
-153
-120
-145
-178
-133
-14
36
-28
-84
-30
75
127
131
137
139
100
63
127
237
239
88
-16
51
122
76
11
5
-53
-160
-116
34
33
-114
-175
-137
-77
-22
-2
-61
-118
-78
4
32
39
28
-12
-15
68
127
98
63
54
76
126
139
97
57
56
62
70
75
30
-45
-78
-47
-16
-42
-109
-170
-199
-170
-138
-162
-216
-251
-272
-273
-258
-257
-272
-278
-277
-302
-307
-293
-286
-301
-323
-320
-207
10
102
-103
-277
-26
349
397
234
211
270
250
298
521
616
393
123
137
353
451
317
148
69
10
-45
25
131
19
-228
-279
-121
-53
-167
-240
-202
-177
-191
-171
-116
-124
-179
-147
-12
68
-12
-98
-35
94
146
127
136
140
96
50
115
258
258
67
-65
18
118
65
-15
-21
-73
-204
-141
51
30
-152
-210
-144
-93
-55
-19
-80
-148
-102
-6
32
12
-8
-39
-18
68
109
71
50
49
66
119
137
76
13
43
89
79
52
-5
-80
-92
-58
-28
-64
-145
-218
-241
-185
-146
-200
-261
-279
-292
-301
-285
-276
-282
-299
-311
-339
-349
-329
-343
-367
-360
-283
-106
50
-30
-265
-207
220
465
309
172
240
294
293
456
648
539
232
115
288
490
447
235
97
74
32
6
94
131
-70
-266
-195
-40
-67
-205
-223
-161
-148
-164
-147
-120
-145
-167
-76
59
55
-63
-96
29
153
163
139
130
108
76
84
196
294
205
-1
-57
80
150
52
-9
-13
-103
-149
-33
50
-36
-135
-127
-84
-58
-34
-33
-61
-63
-19
3
15
27
9
9
81
118
81
66
99
117
126
151
130
60
50
106
134
90
16
-35
-46
-36
-24
-56
-106
-160
-210
-203
-164
-179
-252
-296
-285
-294
-323
-332
-321
-302
-302
-328
-361
-369
-366
-358
-346
-316
-220
-38
43
-133
-276
-14
395
432
199
155
295
340
367
538
619
414
150
167
416
525
350
115
59
82
42
44
102
20
-196
-260
-107
-27
-147
-262
-240
-175
-159
-159
-151
-158
-189
-150
-31
49
-18
-118
-73
66
145
140
119
106
75
70
144
250
243
93
-33
32
153
113
14
-5
-43
-146
-169
-4
126
3
-172
-189
-106
-13
57
53
-46
-111
-54
50
119
104
45
0
28
118
174
145
117
105
100
157
177
132
87
88
121
93
45
3
-33
-49
-44
-46
-84
-177
-240
-240
-189
-170
-251
-326
-334
-336
-343
-320
-284
-284
-335
-386
-386
-350
-333
-361
-355
-199
33
55
-192
-288
31
438
466
244
161
258
339
433
613
665
430
129
126
425
605
435
135
1
26
57
101
140
23
-216
-297
-143
-16
-91
-233
-268
-224
-171
-130
-120
-160
-206
-155
-27
52
4
-89
-78
36
150
171
133
100
65
58
149
284
275
73
-63
37
165
118
18
-5
-39
-168
-146
75
124
-82
-235
-182
-47
27
17
-69
-133
-103
-27
42
82
54
-39
-75
50
175
135
60
50
81
139
170
144
82
60
99
131
118
53
-28
-66
-27
17
-15
-119
-196
-220
-195
-150
-173
-250
-324
-348
-304
-274
-313
-341
-310
-296
-333
-365
-343
-364
-393
-361
-253
-56
75
-56
-301
-198
286
560
367
157
199
329
422
565
689
579
288
134
297
604
619
294
39
55
110
106
148
148
-67
-267
-184
1
-14
-176
-262
-217
-166
-144
-129
-136
-184
-202
-92
55
39
-100
-138
-7
134
167
146
102
53
38
92
246
330
179
-45
-49
155
233
104
6
-8
-103
-185
-89
61
58
-92
-214
-212
-107
7
33
-30
-87
-108
-68
29
118
103
16
-17
41
115
155
153
124
111
118
131
131
126
131
113
93
66
37
7
-31
-32
-15
-43
-127
-214
-225
-184
-165
-182
-252
-319
-334
-316
-307
-295
-284
-315
-362
-363
-317
-311
-353
-384
-380
-388
-302
-35
124
-116
-397
-163
368
514
246
110
250
354
371
508
691
576
224
109
391
667
530
202
80
119
115
129
210
141
-118
-245
-97
33
-41
-174
-202
-184
-174
-134
-81
-117
-204
-180
-34
41
-47
-105
-45
36
75
119
147
111
66
73
146
257
276
133
1
64
203
191
89
56
17
-84
-105
9
66
-70
-153
-106
-99
-86
-28
-15
-36
-23
14
9
32
97
123
112
119
135
119
124
205
228
172
156
139
101
139
201
186
101
20
8
14
26
34
-1
-83
-186
-198
-149
-132
-167
-231
-282
-299
-313
-297
-278
-289
-299
-314
-354
-332
-274
-280
-336
-355
-345
-376
-391
-222
64
121
-199
-413
-85
413
486
225
118
258
321
356
560
723
529
183
130
434
665
526
210
54
91
142
174
199
92
-130
-233
-115
15
-27
-155
-251
-266
-188
-104
-107
-176
-221
-178
-116
-73
-56
-74
-96
-66
12
91
105
67
26
21
108
225
233
87
-21
67
199
158
62
50
46
-50
-90
20
91
-46
-157
-57
40
12
-44
-37
28
93
93
18
10
104
170
139
121
153
127
82
140
249
222
125
73
78
153
198
154
56
2
9
22
46
55
-27
-148
-172
-105
-72
-132
-193
-226
-251
-248
-216
-211
-259
-308
-292
-246
-257
-269
-259
-299
-366
-381
-302
-296
-353
-177
93
11
-345
-329
187
510
325
100
180
342
373
445
657
696
401
138
293
660
714
399
141
135
204
233
266
236
33
-162
-152
-2
75
-27
-193
-285
-256
-149
-88
-130
-226
-269
-202
-113
-92
-105
-114
-130
-105
0
76
40
-14
0
53
122
192
169
27
-15
123
218
142
58
53
26
-28
17
97
47
-119
-150
9
93
19
-72
-84
-3
80
101
42
-5
27
89
138
154
121
70
57
131
212
202
140
66
33
109
208
184
53
-32
-3
30
43
40
-24
-126
-173
-121
-58
-103
-187
-232
-236
-210
-202
-226
-268
-291
-278
-258
-269
-261
-254
-280
-321
-320
-288
-324
-379
-379
-248
-1
95
-150
-382
-146
355
511
274
127
227
335
411
584
739
615
296
172
423
725
653
329
160
194
223
233
292
242
-6
-183
-95
65
47
-124
-242
-238
-185
-156
-167
-194
-239
-266
-203
-94
-93
-168
-184
-118
-23
34
48
30
7
-9
29
168
272
161
-10
22
193
221
137
147
151
25
-55
59
173
93
-60
-46
58
62
14
0
37
65
53
35
33
61
79
79
90
95
55
34
73
140
128
55
31
42
66
103
103
42
-30
-42
6
41
23
-31
-97
-127
-118
-84
-81
-117
-176
-230
-212
-173
-216
-283
-285
-251
-259
-315
-324
-271
-269
-331
-373
-350
-368
-428
-414
-216
25
-2
-309
-432
-59
404
444
178
70
202
334
446
645
741
524
211
206
551
810
650
288
136
212
285
301
321
220
-27
-187
-79
93
64
-128
-275
-279
-213
-165
-174
-226
-286
-307
-253
-160
-147
-195
-212
-163
-88
-32
2
-6
-26
-22
53
167
213
116
19
81
216
241
164
139
133
70
82
224
265
99
-23
34
125
132
109
77
26
-11
3
66
97
75
12
-31
15
76
83
74
80
63
62
97
110
83
87
130
143
103
58
41
61
98
105
52
-24
-72
-67
-21
12
-19
-108
-192
-211
-182
-136
-147
-200
-271
-321
-320
-262
-199
-239
-328
-352
-315
-319
-354
-367
-359
-351
-277
-87
7
-167
-345
-116
324
457
230
71
206
406
503
601
687
570
325
269
516
765
673
344
146
188
290
350
334
181
-73
-202
-85
76
53
-143
-311
-347
-280
-171
-126
-225
-363
-386
-265
-137
-122
-179
-218
-215
-141
-21
65
34
-59
-91
19
217
274
126
-6
78
235
258
195
176
158
84
58
173
253
128
-54
-63
64
183
172
36
-68
-48
73
167
161
81
-17
-43
35
167
215
105
-30
-47
61
183
170
55
-8
10
66
119
137
89
1
-43
13
100
88
-18
-91
-72
-33
-40
-82
-136
-175
-187
-173
-159
-200
-270
-311
-307
-257
-238
-285
-346
-352
-329
-342
-381
-407
-402
-330
-139
14
-97
-350
-285
168
489
363
108
121
320
462
571
695
671
414
234
397
718
761
476
212
176
248
317
361
289
42
-180
-138
48
101
-60
-233
-311
-292
-209
-141
-167
-289
-375
-310
-172
-117
-166
-223
-226
-167
-72
12
26
-40
-81
-36
100
213
185
55
10
120
235
233
181
156
112
57
96
203
217
118
45
30
41
84
129
106
15
-40
-6
50
66
54
17
-21
-33
11
69
82
46
3
18
50
64
82
108
86
43
45
94
126
88
42
22
16
1
5
11
-18
-80
-121
-114
-98
-127
-170
-198
-224
-241
-243
-244
-253
-278
-309
-322
-319
-287
-268
-305
-371
-390
-357
-338
-345
-273
-75
26
-159
-332
-88
362
473
217
71
232
431
512
583
654
559
330
254
483
737
655
321
111
163
282
320
287
158
-55
-184
-115
39
57
-104
-280
-331
-261
-168
-152
-217
-295
-314
-258
-194
-170
-181
-188
-174
-130
-82
-50
-31
-43
-48
14
132
172
75
-14
82
243
262
162
116
143
122
108
187
248
128
-58
-43
169
265
132
-35
-70
23
123
155
89
-8
-48
-12
70
125
90
-12
-74
-22
80
108
63
-3
-41
10
101
119
60
-3
-26
6
62
90
27
-75
-98
-54
-10
-21
-71
-137
-181
-164
-139
-149
-173
-201
-247
-290
-276
-205
-202
-298
-340
-285
-238
-283
-341
-326
-307
-338
-362
-307
-160
-1
-35
-233
-250
84
396
335
113
96
273
423
494
537
518
383
248
304
534
639
452
172
88
199
304
309
211
38
-109
-103
-5
37
-21
-142
-256
-287
-214
-122
-136
-248
-334
-315
-213
-161
-201
-242
-218
-165
-139
-137
-101
-42
-37
-68
-34
79
127
39
-6
117
237
183
76
111
206
182
124
151
188
129
51
104
202
162
55
18
76
151
158
72
-12
1
71
96
58
11
-27
-36
-8
49
70
19
-45
-69
-9
86
104
14
-65
-45
36
76
49
-2
-44
-40
-16
5
3
-34
-94
-147
-117
-58
-88
-185
-213
-157
-143
-201
-238
-221
-232
-260
-228
-172
-199
-262
-268
-221
-199
-227
-264
-291
-291
-220
-32
90
-47
-288
-208
202
449
283
35
63
271
423
490
491
381
245
248
404
546
518
338
138
100
219
350
332
121
-108
-128
37
123
8
-139
-198
-218
-226
-156
-97
-181
-320
-345
-243
-168
-177
-225
-248
-218
-172
-142
-112
-75
-63
-82
-80
-5
69
61
22
62
143
153
107
101
163
180
156
149
163
131
72
98
151
128
109
133
93
18
25
120
156
88
-3
-42
0
68
101
39
-43
-62
-45
-14
28
36
-22
-73
-67
-33
13
51
27
-51
-74
0
52
11
-32
-24
-23
-52
-52
-16
-32
-82
-122
-116
-94
-93
-124
-166
-169
-142
-149
-191
-183
-151
-153
-190
-199
-167
-143
-131
-152
-192
-202
-175
-166
-187
-171
-77
22
-16
-161
-185
39
291
287
85
-17
94
282
403
397
264
124
159
313
380
303
207
164
132
112
137
190
166
28
-93
-61
50
52
-67
-154
-134
-103
-102
-118
-151
-182
-163
-98
-92
-158
-192
-133
-56
-47
-78
-92
-77
-39
-14
5
23
49
39
-2
19
96
141
110
51
31
57
108
132
99
40
27
79
112
81
44
59
89
62
11
18
63
66
22
-19
-34
-13
16
28
-4
-45
-39
-14
6
9
10
21
18
1
-1
29
61
49
8
-12
2
9
6
2
-5
-38
-68
-58
-38
-43
-51
-65
-80
-77
-50
-36
-61
-72
-63
-52
-65
-51
-27
-37
-78
-85
-35
-11
-30
-64
-79
-68
-39
-16
-33
-73
-85
-64
-55
-71
-97
-107
-90
-64
-48
-64
-105
-126
-92
-19
21
-26
-79
-64
-11
26
39
44
8
-49
-31
66
108
42
-18
-5
41
56
58
60
59
43
35
47
66
75
68
75
88
93
89
84
98
125
130
100
63
61
97
113
76
43
36
35
21
10
24
22
-12
-41
-34
-11
-15
-36
-40
-44
-47
-53
-51
-44
-47
-46
-47
-52
-57
-39
-15
-9
-17
-18
-4
12
14
22
39
41
24
22
43
49
29
24
42
50
27
9
24
56
51
29
20
37
53
50
44
50
55
39
33
50
77
61
15
0
37
61
38
8
17
28
13
-13
-7
21
10
-20
-41
-30
-18
-30
-38
-43
-49
-59
-61
-56
-55
-68
-78
-82
-88
-99
-90
-78
-81
-97
-107
-99
-99
-101
-99
-115
-139
-139
-108
-92
-109
-116
-95
-82
-79
-58
-29
-21
-36
-18
37
72
51
27
51
99
108
96
93
101
93
87
115
127
109
82
77
88
97
99
90
72
50
55
77
90
73
42
31
44
54
53
43
26
8
-2
16
32
18
-9
-23
-14
8
5
-12
-14
-17
-18
-23
-19
-22
-41
-57
-42
-22
-40
-64
-45
-19
-29
-39
-32
-10
-5
-9
8
28
15
0
28
64
71
53
48
57
68
71
75
88
84
70
66
73
80
86
86
72
53
46
57
71
64
50
41
31
18
23
36
34
3
-18
-4
9
-3
-20
-21
-15
-26
-42
-49
-38
-38
-58
-61
-55
-57
-69
-72
-63
-61
-66
-67
-64
-62
-59
-51
-47
-61
-72
-64
-37
-27
-36
-49
-48
-38
-41
-37
-34
-24
-26
-41
-47
-31
-11
-4
-14
-23
-11
-12
-10
11
29
21
-9
-5
24
43
45
37
23
16
28
53
68
50
36
34
37
45
42
49
45
30
20
26
40
23
11
19
26
-3
-39
-23
17
11
-16
-31
-27
-22
-25
-10
16
11
-20
-36
-13
28
39
24
10
7
7
14
44
65
51
6
-14
11
48
61
42
3
-15
-7
20
36
36
11
-22
-29
-3
35
34
-4
-26
-2
18
13
2
14
12
-9
-24
-7
29
24
-14
-32
-9
3
-6
-16
-14
-13
-18
-24
-30
-20
-13
-8
-14
-17
-27
-33
-18
-2
7
2
-15
-25
-8
9
14
-2
-14
-7
-4
-6
-1
14
8
-11
-19
-7
7
9
-1
-12
-14
-10
5
13
3
-4
-7
5
16
20
28
25
23
31
37
37
42
42
40
35
34
44
54
48
32
24
28
33
35
25
11
2
1
10
2
-5
-11
-6
3
-3
-11
2
18
13
3
5
20
23
11
9
22
32
19
13
22
35
32
26
13
6
10
10
10
12
13
-8
-29
-20
5
12
-5
-21
-23
-14
-7
4
16
6
-17
-17
13
28
17
5
7
11
9
14
23
23
6
-6
-3
7
12
2
-4
-13
-20
-14
-7
-15
-22
-15
-4
-9
-21
-21
-15
-12
-8
-2
-1
-7
-10
3
18
25
8
-8
-8
5
22
16
5
-6
0
3
1
2
-1
-7
-16
-5
1
-3
-5
-7
-2
-5
-2
16
14
-3
-9
6
25
22
14
4
3
10
20
29
21
9
11
18
17
18
21
15
13
12
16
27
26
17
18
16
18
16
18
27
26
11
10
26
27
11
11
26
28
10
-10
0
23
29
12
-9
-5
8
1
-10
-4
3
3
-14
-13
1
3
-3
-14
-15
-7
7
7
2
-4
-2
12
24
20
18
17
21
28
18
21
34
26
8
0
8
22
17
1
-17
-10
-2
-8
-12
-16
-22
-35
-23
-8
-13
-24
-27
-12
0
1
-8
-14
-7
4
7
12
12
3
-7
4
19
25
24
15
8
12
20
42
43
19
8
8
20
32
31
21
11
-3
-7
5
17
7
-12
-23
-19
-10
0
-3
-13
-26
-32
-18
1
9
-5
-23
-29
-6
12
16
5
-3
-12
-1
15
20
17
10
7
9
21
30
27
21
19
15
21
16
28
27
11
1
5
13
3
-5
-4
3
0
-17
-21
-4
8
1
-13
-15
-10
-6
-5
4
12
-2
-12
-8
9
26
21
13
11
13
11
17
31
41
27
3
2
20
37
26
7
1
12
12
8
8
11
-1
-14
-15
-4
0
-12
-25
-25
-20
-21
-24
-24
-25
-27
-30
-29
-28
-26
-23
-20
-12
-11
-22
-21
-2
12
11
-3
-4
6
6
18
22
15
12
7
5
17
34
27
8
-4
2
11
9
10
5
-5
-20
-22
-1
7
-11
-27
-22
-9
-5
-15
-18
-5
-9
-13
-12
3
4
-5
-7
2
9
10
9
1
0
2
10
8
8
2
-5
-2
3
1
-8
-6
-7
-9
-12
-15
-9
-7
-15
-21
-18
-6
-9
-19
-22
-8
2
3
-5
-1
-1
2
12
16
11
6
11
25
32
30
20
11
16
31
30
17
14
13
14
7
4
9
11
-1
-11
-10
-4
3
-7
-18
-14
-7
-8
-11
-12
-12
3
2
-2
-6
-5
1
5
9
4
-2
-7
2
11
13
6
-6
-5
10
18
14
13
11
7
7
14
17
16
11
5
0
9
21
22
13
-4
-3
3
17
22
6
-10
-9
6
16
6
-2
-3
-5
-1
1
11
12
2
-10
-3
15
20
11
1
4
5
10
15
10
6
0
1
6
9
10
2
-5
-4
0
-4
-6
-3
-4
-7
-12
-15
-13
-7
-14
-16
-7
2
-8
-18
-9
7
10
-1
-9
-4
11
16
16
8
4
5
10
19
26
20
6
-1
0
6
9
8
-3
-10
-13
-5
-4
-14
-19
-17
-13
-18
-24
-28
-26
-20
-15
-15
-13
-14
-12
-14
-9
-7
-2
2
-1
7
7
5
1
2
6
12
12
11
18
14
12
16
22
22
19
12
13
20
27
27
13
5
4
10
6
4
2
-3
-6
-12
-4
4
-6
-12
-16
-12
-4
-2
-5
-5
-1
2
-2
-2
8
13
14
11
12
16
23
14
18
27
27
25
16
22
31
21
11
8
16
19
16
17
7
2
0
3
8
4
-5
-10
-11
-10
-1
-2
1
0
-16
-12
0
12
7
1
-1
-4
0
8
9
4
6
12
7
4
8
15
21
9
3
11
19
17
11
7
10
6
2
1
-4
-11
-19
-8
-7
-17
-23
-27
-23
-28
-29
-25
-25
-28
-37
-38
-33
-28
-30
-33
-29
-25
-24
-20
-14
-6
-9
-17
-7
2
9
7
-1
-1
8
15
13
5
8
6
8
9
3
7
1
-5
-5
3
3
-5
-10
-1
3
0
-4
-3
3
1
-1
3
5
4
0
4
5
1
-2
-4
7
12
11
3
0
5
8
5
2
5
12
12
4
8
16
12
-2
-4
5
1
-9
-13
-8
-7
-20
-23
-9
-5
-13
-23
-18
-10
-12
-15
-17
-11
-2
-9
-14
-10
-4
-5
-3
-1
2
-2
-3
-5
1
8
6
4
4
5
7
6
5
8
2
2
4
3
8
0
-1
2
0
-1
-2
-2
-8
-8
-12
-12
-15
-17
-21
-19
-18
-18
-21
-26
-26
-19
-17
-18
-23
-28
-17
-17
-20
-22
-18
-13
-16
-18
-20
-17
-14
-16
-22
-23
-17
-15
-14
-17
-19
-18
-15
-12
-6
-6
-7
-10
-11
-6
-4
2
-4
-6
-5
1
8
7
5
3
9
10
10
10
13
11
4
11
17
19
13
7
10
12
16
16
12
14
14
9
8
8
9
5
-7
-10
0
4
1
-8
-14
-7
-5
-6
-10
-15
-14
-16
-10
-5
-3
-8
-13
-15
-11
-11
-11
-9
-14
-17
-14
-11
-7
-8
-12
-14
-7
-9
-11
-8
-10
-14
-11
-8
-9
-8
-7
-10
-10
-9
-6
-2
-4
-5
-2
-1
-6
-5
-2
1
4
0
-4
3
8
8
7
3
7
2
-1
1
2
-1
-8
-11
-6
-6
-3
-7
-14
-6
-7
-4
-13
-13
-13
-16
-15
-15
-13
-20
-25
-27
-22
-19
-20
-24
-29
-30
-27
-24
-24
-19
-19
-19
-20
-16
-10
-4
-5
-8
-6
-6
-2
-2
2
3
1
0
-3
-3
-4
-2
1
-7
-9
-8
-6
-4
-5
-3
-6
-9
-6
-10
-7
-5
-9
-9
-11
-9
-9
-9
-10
-12
-8
-7
-4
-1
-9
-3
-4
-6
-2
-2
1
0
2
-2
-4
-8
-10
-9
-9
-7
-8
-6
-10
-13
-9
-7
-5
-8
-17
-16
-11
-8
-6
-7
-9
-6
-13
-14
2
1
-3
-7
-2
2
6
12
12
11
7
9
19
18
17
14
11
14
14
12
8
15
6
1
2
4
8
1
-8
-2
3
-1
-5
-14
-14
-9
-8
-13
-11
-7
-10
-15
-10
-1
-7
-11
-8
-4
-2
-1
-1
-1
3
0
3
10
14
10
7
17
19
16
11
12
13
12
25
27
20
14
18
18
22
22
22
18
11
11
23
24
18
9
9
13
12
18
13
10
6
8
15
20
8
7
10
9
6
7
13
7
0
-7
1
6
-1
-10
-8
-6
-5
-8
-10
-5
-4
-7
-12
-14
-14
-11
-16
-17
-18
-15
-12
-12
-16
-13
-6
-5
-2
-2
3
6
6
7
6
8
6
6
13
17
16
9
10
10
10
13
10
13
12
7
8
9
11
7
-2
-3
1
1
-3
-9
-10
-9
-12
-8
-9
-10
-15
-19
-21
-16
-13
-15
-17
-14
-14
-18
-8
-8
-8
-3
-5
-4
1
3
7
5
5
7
6
5
11
7
8
12
7
4
7
5
7
7
1
0
-9
-1
2
-4
-6
-9
-7
-5
-2
0
5
1
-3
-3
10
16
10
10
15
13
16
21
25
24
16
13
19
26
24
20
22
20
20
17
12
19
17
12
1
1
7
5
-2
-7
-3
-4
-12
-10
-8
-11
-9
-17
-16
-14
-15
-16
-16
-15
-14
-7
-2
-5
-4
-4
-3
-2
-2
4
5
4
2
-1
7
6
8
7
6
10
11
10
11
11
3
7
5
12
10
3
5
5
4
2
3
3
-4
-8
-6
-2
0
-5
-5
-1
4
1
-6
-5
-1
-2
0
-7
-4
0
-2
-4
-2
0
-2
0
-2
2
11
6
-3
1
8
6
6
6
10
4
-2
0
1
1
1
-1
-5
2
4
6
13
6
6
9
7
6
6
4
11
10
12
14
20
21
27
28
26
24
27
27
34
94
104
14
-54
-18
52
55
-4
-54
-30
27
41
-1
-46
-17
29
58
114
101
15
-18
19
85
99
65
-28
-99
-64
-17
-28
-84
-91
-54
-27
-32
-61
-78
-47
0
23
4
-13
-11
-7
-6
-11
6
13
-5
-6
9
2
-22
-17
-14
-22
-3
27
19
-19
-25
0
30
50
35
5
16
23
29
33
18
-8
-4
27
34
7
-31
-34
2
27
-1
-9
20
9
-20
-14
31
37
11
-16
-11
13
30
1
-18
-11
7
23
24
11
-11
-10
10
32
23
4
-10
6
2
1
9
0
-4
-13
-15
-3
7
-1
-24
-16
17
15
-16
-32
-19
-8
6
2
-7
-14
-26
-19
10
24
6
-2
12
23
36
18
10
28
38
37
27
30
31
17
4
18
39
27
5
15
26
16
14
21
10
-4
3
15
18
4
-12
-12
3
15
0
-13
-13
-7
-8
-7
-8
-3
-3
-5
3
7
-2
-21
-19
0
10
7
0
-12
-11
-9
-2
2
-6
-22
-23
-6
-11
-15
-24
-21
-22
-23
-12
-3
-12
-29
-30
-15
7
7
-1
-5
-11
-8
-3
4
15
14
12
13
18
16
9
8
17
26
18
7
3
3
4
3
15
12
0
-4
3
12
-2
-7
-4
5
5
0
-6
-7
-2
-3
5
-1
-6
-10
-9
-1
0
-6
-7
0
-2
-4
0
-2
3
0
4
12
8
5
2
1
4
7
11
5
-3
1
8
16
13
6
10
17
11
9
10
10
8
9
13
10
2
2
2
4
12
14
10
2
1
5
12
10
15
15
2
1
4
7
8
6
7
2
4
4
-5
-6
-3
7
10
10
10
-2
-10
-4
9
12
3
-4
2
11
8
5
2
1
11
17
13
-2
-5
0
4
11
9
1
1
5
8
8
6
8
7
12
13
8
4
9
8
6
7
12
6
1
-6
-11
-3
-1
-6
-10
-6
-7
-11
-8
-5
-4
-3
-4
-1
4
9
3
-8
2
13
15
10
6
8
4
6
6
6
0
-8
-10
-12
-3
-9
-13
-10
-2
4
3
2
2
11
14
11
9
12
17
18
14
3
5
12
16
10
9
8
8
10
11
15
15
12
7
7
16
19
14
13
16
17
16
19
17
18
22
21
21
21
19
21
17
13
10
12
12
12
-1
-7
0
4
1
-8
-5
5
2
-7
-8
4
2
-5
-6
6
12
-3
-16
-12
0
1
-8
-5
-7
-11
-9
-8
-1
-4
-6
-10
-4
-2
-4
-7
-5
-3
5
10
7
6
2
2
0
7
8
9
3
3
3
1
4
8
11
14
11
7
9
9
12
9
13
13
6
2
-1
3
1
-2
-3
-2
3
-7
-7
-5
-4
-4
-10
-10
-6
-6
-13
-10
-11
-9
-4
-10
-15
-17
-10
-12
-14
-11
-8
-6
-6
-7
-5
-2
-4
-1
1
0
4
-1
-1
1
3
7
3
2
3
10
15
13
10
11
15
20
20
18
16
10
11
11
15
18
13
2
3
3
8
4
1
2
1
5
3
-4
-9
-2
2
-1
-4
-6
-2
-6
-10
-10
-6
0
-4
-9
-8
-4
-7
-8
-2
-1
-2
1
-3
-7
-6
-8
-11
-5
1
-6
-9
-2
3
4
0
1
5
11
12
13
17
16
16
18
18
20
19
10
13
9
10
11
10
8
2
-3
0
10
7
-1
-3
5
6
6
6
1
-3
0
7
5
-3
-6
-4
-2
-2
-3
-7
-10
-12
-7
-7
-12
-10
-10
-12
-13
-11
-4
-8
-10
-5
-6
-9
-5
-2
-4
-12
-12
-4
-1
-7
-4
0
3
0
-3
4
3
0
-4
0
-1
-4
-1
-5
-2
-4
-11
-11
-7
-4
-4
-4
-9
-9
-3
-4
0
-7
-7
1
-1
-5
-3
-9
-13
-8
-10
-11
-11
-7
-9
-5
-5
-9
-6
-7
-6
-5
-7
-10
-12
-7
-7
-8
-13
-12
-11
-14
-14
-15
-11
-9
-9
-12
-16
-10
-6
-6
-10
-14
-9
-7
-4
-3
0
-3
-2
4
6
1
-1
2
1
8
5
2
6
8
7
7
4
-1
-1
0
-1
-5
-5
-6
-8
-1
-3
1
7
9
7
6
9
11
9
0
-1
4
3
-4
-6
-6
-2
-8
-15
-9
-9
-4
-8
-7
-5
-4
-4
3
5
5
4
-4
1
2
3
-1
-1
-6
-4
-3
-8
-5
-4
-8
-7
-6
-5
-8
-7
-7
-11
-10
-10
-8
-4
-4
-7
-6
-3
-5
-4
-1
-4
-5
-2
-4
-7
-8
-9
-16
-18
-13
-17
-17
-19
-18
-17
-22
-19
-22
-20
-16
-13
-12
-9
-3
-1
-2
-3
2
1
0
-1
2
1
-3
-3
-6
-9
-8
-3
-8
-10
-10
-9
-6
-9
-9
-14
-7
-6
-6
-5
-1
-5
-2
-1
-4
-6
-7
-7
-11
-8
-11
-12
-17
-17
-9
-9
-7
-12
-10
-7
-6
-3
-3
-2
-2
-2
-3
-7
-5
-1
2
9
2
-2
-3
-5
-7
-3
3
-2
-2
-10
-5
-2
-6
-1
-7
2
11
8
10
8
6
10
11
11
7
3
4
11
7
8
6
5
3
3
2
-1
1
-4
0
-7
-4
-5
-8
-8
-10
-6
-12
-11
-4
-7
-6
-7
-5
-2
-6
-8
-8
-12
-10
-14
-12
-10
-12
-11
-15
-10
-8
-9
-11
-8
-7
-6
-7
-10
-7
-8
-9
-4
-5
-8
-2
-3
-4
-1
2
1
-2
-4
-4
1
-2
-8
-10
-9
-11
-13
-15
-13
-13
-16
-14
-10
-8
-11
-11
-8
-6
-5
-6
-13
-12
-13
-12
-13
-15
-18
-16
-15
-14
-15
-17
-17
-16
-15
-13
-11
-15
-17
-17
-13
-11
-10
-11
-8
-7
-10
-13
-16
-13
-15
-18
-15
-14
-16
-13
-14
-17
-16
-12
-9
-11
-9
-9
-15
-13
-11
-6
-4
-4
-5
-4
6
3
7
9
5
8
10
12
7
5
9
6
14
12
7
5
1
-5
-6
-1
-1
-2
-6
4
8
4
4
1
2
2
-2
-2
0
-4
-5
-4
-6
-8
-8
-4
-10
-8
-4
-8
-3
-8
-3
-6
-11
-4
2
4
0
-1
0
4
4
-1
0
4
5
1
2
3
-1
-3
-7
-5
-6
-2
-7
-13
-9
-10
-12
-11
-10
-8
-9
-10
-7
-8
-7
0
-1
-1
-2
-7
-6
-5
-11
-12
-10
-11
-14
-15
-17
-13
-17
-13
-12
-13
-17
-16
-12
-12
-14
-13
-13
-16
-13
-12
-13
-15
-13
-11
-12
-14
-16
-15
-15
-17
-12
-9
-12
-12
-14
-14
-15
-16
-14
-11
-8
-7
-9
-9
-9
-10
-10
-10
-13
-10
-12
-13
-12
-14
-13
-19
-19
-19
-18
-14
-14
-18
-13
-15
-13
-14
-15
-8
-8
-10
-12
-8
-13
-11
-8
-12
-8
-4
-11
-7
-6
-4
-2
-5
-1
-3
-1
-1
3
2
2
2
2
5
9
7
11
6
9
17
20
17
18
19
14
24
21
16
10
13
15
15
17
11
10
12
12
12
15
17
12
14
17
18
20
19
19
22
20
19
18
18
19
19
15
12
14
12
12
12
9
6
9
10
5
7
10
12
9
10
16
14
11
10
15
11
10
8
14
15
10
16
10
8
5
7
8
7
5
7
7
7
8
6
8
6
7
10
9
13
13
12
16
9
10
5
8
7
4
0
1
1
2
4
-3
1
-2
0
-3
-3
-5
-1
-3
-5
-4
0
2
-3
0
2
1
-1
1
2
7
7
6
10
5
8
9
14
10
10
9
6
7
7
7
5
8
6
12
6
5
14
14
13
13
11
15
18
14
12
9
4
5
7
7
4
2
2
5
8
11
9
16
16
17
16
17
22
22
25
19
20
23
25
26
20
21
19
22
25
26
28
22
22
26
22
12
12
13
18
16
9
14
16
18
11
16
22
24
21
23
27
30
32
27
32
31
24
22
21
23
21
21
20
19
18
21
24
24
27
25
27
23
26
21
22
21
14
15
19
17
15
15
5
7
10
5
6
6
7
9
10
10
11
8
11
14
12
14
13
13
15
11
12
14
13
12
13
17
13
15
9
6
6
4
5
5
3
0
1
1
5
1
0
3
0
-2
-1
-3
3
2
2
2
-5
-3
1
1
-1
-2
-1
-1
-2
0
1
1
1
1
2
4
5
4
6
4
6
7
13
14
15
17
14
13
11
10
13
13
12
10
6
4
4
0
4
1
0
2
-1
1
3
4
1
1
5
3
2
4
7
6
10
12
10
15
12
8
9
11
13
17
12
15
19
20
17
13
18
20
23
19
17
22
24
26
21
18
20
26
24
23
24
25
27
25
22
25
22
15
20
21
21
17
18
19
19
22
21
19
24
27
27
27
31
28
31
30
33
33
30
31
30
29
30
29
23
22
19
19
14
16
10
5
8
7
10
11
5
4
4
-1
0
5
-4
-2
0
-1
-1
-2
0
0
1
-3
1
5
4
4
6
3
2
3
5
2
1
8
9
6
5
6
3
4
8
6
6
7
7
9
6
5
4
5
0
-1
-1
0
6
2
2
3
5
10
11
8
10
11
11
11
13
11
14
14
11
11
11
12
12
4
4
3
1
3
-1
-2
-1
1
-2
1
5
2
3
0
2
2
-1
1
-2
-1
2
5
2
0
6
4
10
14
11
16
16
19
15
10
15
12
11
13
13
15
19
16
19
22
19
23
23
24
25
30
27
19
21
21
21
19
13
14
16
11
10
12
17
17
15
13
14
17
16
15
20
17
18
18
19
22
19
22
22
21
18
16
14
13
14
15
16
17
13
13
15
16
19
18
20
19
20
21
18
18
12
14
15
12
11
13
9
-1
2
-1
-1
-1
-2
-2
-5
-9
-10
-7
-5
-10
-9
-11
-6
-7
-10
-6
-6
-3
-1
-5
-2
-2
-2
-6
-3
-2
-7
-4
-5
-5
-5
-7
-8
-6
-4
-4
-2
-4
-6
-4
-3
-1
2
1
0
0
0
-1
3
4
3
6
5
3
-3
0
3
-2
-1
-3
-5
-6
-4
-2
-4
-5
-2
-4
-4
-3
-4
-2
-6
-3
-2
-6
-5
-5
-5
-7
-5
-4
-6
0
-5
-6
-5
-2
-6
-4
1
-2
0
1
1
1
3
4
4
3
7
6
10
14
15
14
15
14
14
12
14
14
16
16
16
13
18
14
16
17
14
17
13
14
14
13
10
12
14
18
16
12
18
14
16
16
10
12
14
14
18
13
13
12
11
14
12
11
9
11
13
12
10
14
17
11
12
13
11
8
10
13
11
8
8
9
0
2
2
1
3
2
1
3
1
1
1
-2
3
2
-1
3
2
3
5
3
7
7
5
10
5
5
0
1
3
-1
2
-3
-5
-3
-2
-5
-9
-6
-9
-6
-4
-7
-2
-3
-7
-5
0
1
-6
-2
1
2
-2
-3
-3
-9
-5
-7
-8
-8
-8
-6
-11
-7
-5
-8
-5
-6
-3
-4
-4
-5
-12
-12
-5
-2
-6
-7
-6
-8
-8
-6
-3
-4
-7
-9
-13
-8
-9
-13
-4
-6
-7
-12
-11
-11
-13
-9
-10
-10
-13
-12
-12
-13
-18
-16
-15
-15
-17
-18
-17
-14
-12
-15
-14
-16
-10
-8
-4
-8
-10
-6
-9
-7
-2
-2
-2
1
3
1
-2
-3
-1
-2
-6
-4
-1
-2
4
4
3
5
5
4
4
3
6
8
9
9
6
8
7
10
7
8
9
6
8
3
1
-1
1
-2
-2
-3
-5
-9
-8
-3
-5
-10
-11
-10
-11
-6
-9
-11
-7
-6
-7
-7
-9
-12
-8
-8
-5
-11
-6
-6
-7
1
-2
-4
-4
2
2
0
-2
3
4
0
6
5
7
5
5
6
6
10
10
11
9
8
9
11
11
10
8
5
9
8
3
1
-2
-5
-6
-8
-4
-4
-6
-5
-10
-13
-14
-9
-13
-12
-15
-18
-14
-12
-16
-15
-14
-12
-12
-16
-18
-18
-21
-25
-18
-17
-13
-10
-11
-13
-11
-9
-10
-9
-6
-6
-1
-3
-4
-2
1
1
4
6
5
6
4
1
3
3
2
7
5
-1
4
4
3
1
-2
0
2
0
1
2
1
7
5
-1
2
7
5
4
4
3
1
4
2
-1
1
1
-1
-3
-1
-3
-1
5
6
5
3
7
7
3
4
2
1
-4
1
-2
3
1
1
5
6
6
4
8
4
2
1
1
6
9
5
4
5
11
5
5
7
6
10
7
9
12
9
10
11
9
8
5
12
15
6
13
13
7
7
7
9
6
6
8
5
10
10
8
9
5
7
5
4
7
5
1
0
-1
0
1
0
0
0
2
6
7
4
3
4
1
2
1
1
1
-2
7
5
3
4
1
-1
2
-3
-4
-3
-1
-2
-3
-4
-4
-3
1
0
-1
-4
-6
-6
-8
-11
-8
-8
-9
-6
-9
-9
-7
-9
-6
-3
-2
-2
-3
-2
1
-4
-1
1
1
2
3
4
-1
5
6
0
3
3
1
1
1
5
7
7
9
8
6
9
6
5
5
6
10
8
9
7
-2
4
3
0
2
0
-3
-3
1
4
2
2
7
6
8
5
8
11
7
5
4
4
7
6
4
8
3
1
1
5
6
6
2
5
3
3
8
8
10
12
9
10
11
12
13
6
6
11
8
9
12
13
12
8
4
5
4
1
4
1
2
5
4
6
5
5
3
3
3
1
2
-1
3
0
-6
-3
-1
-1
-3
-8
-8
-6
0
0
-11
-7
-9
-7
-8
-9
-9
-6
-8
-8
-11
-8
-6
-6
-7
-7
-5
-7
-9
-12
-14
-17
-17
-17
-15
-19
-18
-14
-15
-17
-15
-16
-14
-13
-10
-12
-12
-15
-8
-6
-7
-4
-9
-10
-11
-10
-9
-10
-12
-14
-14
-14
-14
-11
-13
-12
-12
-15
-8
-12
-17
-16
-16
-18
-22
-16
-19
-18
-12
-15
-11
-8
-14
-15
-14
-12
-12
-10
-11
-13
-12
-10
-8
-10
-10
-12
-18
-16
-15
-14
-11
-8
-8
-9
-10
-7
-8
-10
-7
-13
-14
-8
-5
-3
-3
-4
1
1
-7
-5
-3
-6
0
-7
-6
-12
-10
-10
-12
-8
-6
-3
-7
-8
-6
-4
-3
-2
-4
-4
-1
-8
-9
-8
-13
-10
-6
-10
-10
-11
-10
-8
-5
-1
-4
-2
-5
-7
-6
-8
-3
-5
-2
-1
-5
-2
1
-6
-4
-1
-3
-3
1
2
0
3
0
2
4
-2
1
-1
1
0
2
1
-3
-2
1
-2
-2
-4
-8
-6
-6
-5
-9
-6
-11
-10
-9
-7
-13
-16
-10
-19
-17
-16
-14
-13
-18
-15
-15
-12
-9
-9
-9
-11
-13
-14
-12
-16
-18
-16
-19
-17
-16
-16
-9
-11
-10
-5
-6
-3
-6
-4
-5
-6
-2
-1
-2
-1
1
-1
-1
-5
-3
-6
-3
-5
-7
-7
-3
-8
-9
-9
-7
-13
-15
-11
-15
-13
-19
-17
-15
-15
-17
-19
-18
-19
-18
-20
-19
-16
-14
-16
-14
-16
-18
-19
-16
-21
-21
-16
-18
-17
-23
-21
-20
