8
4
5
3
7
10
7
9
14
13
17
13
16
17
21
24
21
22
22
20
24
20
16
21
23
25
20
20
23
21
24
24
23
26
26
27
26
25
22
24
24
20
23
18
20
21
19
19
17
18
15
10
14
18
17
17
18
18
22
22
17
18
13
16
9
15
19
17
20
18
24
22
21
25
24
24
25
27
25
25
25
24
27
26
24
23
24
21
21
23
23
23
23
22
20
21
19
17
19
22
19
21
22
22
22
25
23
22
25
22
24
27
31
29
28
32
31
31
25
26
29
26
28
24
23
21
28
23
25
26
24
23
17
23
22
24
24
23
26
24
22
23
22
21
20
19
23
22
22
20
18
14
15
15
8
9
5
8
10
5
4
6
9
6
4
6
4
5
7
8
8
11
12
16
17
14
14
13
22
18
10
14
15
12
14
13
15
12
16
18
18
16
18
17
17
17
16
14
14
18
16
19
18
18
15
17
20
21
13
17
15
14
13
9
9
8
6
6
5
9
7
8
8
10
12
12
11
10
11
11
14
12
14
13
16
18
17
18
19
15
16
18
19
15
15
21
21
17
17
18
19
18
18
15
14
20
18
19
19
22
20
18
22
23
20
22
21
21
24
17
17
21
19
16
18
16
15
13
18
21
17
21
18
25
26
24
29
25
24
23
21
19
21
23
19
20
21
22
23
27
24
25
25
23
25
22
20
20
20
16
19
15
14
11
10
10
9
7
6
7
9
11
10
11
6
7
10
10
10
9
4
5
3
0
-3
-6
-2
2
-3
-3
-2
-3
-3
-4
-7
-6
-1
-4
-9
-5
-6
-8
-3
-7
-10
-6
-9
-8
-9
-5
-5
-7
-4
-9
-8
-10
-5
-4
-6
-8
-2
-2
-4
-4
-8
-3
-4
-5
-6
-3
-8
-9
-11
-9
-6
-10
-12
-5
-7
-3
-4
-3
-1
-5
0
-2
4
3
8
8
4
3
5
4
1
4
5
4
5
2
6
1
6
5
2
3
1
7
6
4
3
9
10
15
16
14
17
17
11
14
18
17
19
19
20
24
24
22
21
25
25
26
22
20
19
20
21
20
22
24
24
23
23
20
22
22
21
26
21
21
22
22
23
21
20
20
21
22
23
22
18
19
25
22
19
17
18
17
16
16
19
17
17
15
18
21
21
24
22
19
20
20
21
21
26
21
21
23
21
20
20
24
22
19
19
22
21
19
18
15
17
18
16
15
11
12
12
13
10
10
6
11
10
7
6
8
9
7
4
6
4
6
3
0
-1
-1
4
1
0
-4
0
0
-1
0
1
0
0
3
4
4
8
5
2
2
1
2
1
1
0
-1
-1
-12
-11
-7
-7
-5
0
2
5
5
7
9
6
8
8
15
14
15
16
11
11
9
10
11
10
11
11
9
7
4
9
9
5
9
8
9
13
10
12
9
6
8
6
8
10
7
13
11
16
18
16
19
15
11
17
19
15
17
18
18
14
17
18
18
21
19
22
25
24
21
22
20
20
22
20
18
22
20
21
16
17
22
18
18
21
20
21
18
19
25
21
20
18
16
20
23
22
19
14
17
18
21
17
20
23
22
25
22
25
23
23
23
25
25
27
29
27
26
28
28
26
21
25
24
22
26
18
20
16
17
19
14
18
13
14
14
14
17
20
17
16
17
21
26
22
22
23
26
21
18
18
16
19
12
15
19
14
13
13
18
18
18
14
11
16
13
18
15
7
10
10
11
15
14
12
17
19
17
15
20
16
20
20
15
19
19
16
14
13
15
15
15
18
17
17
20
23
22
23
24
24
22
24
23
22
26
26
24
26
26
31
28
26
27
24
24
26
29
22
27
28
25
24
26
29
27
31
27
23
30
28
30
32
33
32
33
35
32
33
30
30
33
32
30
30
30
34
30
31
30
27
31
26
23
21
19
23
18
23
25
25
23
19
25
24
27
32
33
32
32
36
31
30
34
32
37
35
35
30
32
34
33
33
28
32
31
30
29
26
29
23
27
27
28
25
25
24
26
22
20
21
23
21
21
22
17
20
18
20
13
15
15
10
11
12
9
6
4
3
3
3
9
9
6
9
11
8
8
5
3
4
6
7
5
8
8
9
6
10
7
5
8
7
10
9
12
15
14
15
15
10
13
11
13
12
11
13
14
14
11
13
16
17
12
10
14
16
17
17
15
15
17
13
21
20
16
19
20
17
17
20
22
24
24
21
26
26
22
21
24
24
26
27
30
30
28
25
24
23
28
30
25
23
24
25
25
26
20
23
26
28
25
24
28
24
21
22
17
23
27
27
27
27
24
28
25
25
30
30
31
25
27
26
29
29
23
22
20
23
23
26
24
22
22
27
29
28
28
24
28
24
23
28
34
27
28
21
24
23
21
19
16
18
18
18
17
17
14
14
15
18
12
13
13
10
14
12
8
8
7
7
10
7
8
9
5
6
7
5
7
7
8
10
8
7
9
7
5
6
7
7
10
9
5
5
5
6
5
6
8
2
-2
-7
-7
-2
-3
-2
-7
-9
-9
-10
-10
-11
-10
-13
-11
-11
-14
-15
-14
-16
-15
-13
-18
-14
-13
-12
-13
-14
-15
-13
-10
-13
-17
-15
-12
-10
-6
-7
-7
-7
-2
-3
-4
2
0
2
3
5
12
14
10
11
13
14
19
13
14
14
10
9
15
13
12
8
8
12
12
11
8
10
11
13
10
14
13
7
11
13
9
11
11
9
13
8
9
10
2
4
3
3
8
8
7
6
7
7
0
4
-1
-3
-3
-1
-2
-2
3
7
10
12
8
8
8
11
11
10
4
1
5
6
11
7
8
8
3
8
13
7
4
-1
-2
2
1
-3
0
-7
-7
-7
-2
1
-5
-7
-6
-6
-10
-9
-11
-12
-10
-9
-13
-15
-12
-12
-8
-8
-6
-6
-12
-12
-11
-7
-4
-9
-13
-13
-12
-10
-12
-14
-19
-17
-12
-11
-16
-16
-18
-20
-21
-16
-13
-14
-13
-16
-16
-17
-15
-16
-17
-15
-20
-17
-12
-15
-15
-12
-11
-16
-12
-14
-12
-9
-4
-6
-8
-4
-6
-6
-3
-5
-4
-5
-2
6
4
5
5
6
6
4
13
11
7
10
9
7
9
13
11
11
14
17
22
22
24
19
18
21
18
21
17
13
11
4
7
6
2
5
5
5
7
11
11
7
7
8
8
6
-3
1
3
1
7
9
8
9
11
17
15
14
17
14
8
9
7
7
4
1
4
4
9
7
0
5
6
10
7
-1
0
1
-2
-5
-5
-4
-2
-1
1
4
5
2
7
5
3
0
3
-1
0
-1
-3
-3
-1
-2
-5
-2
-1
-2
-3
-3
-4
-7
-8
-8
-3
0
-3
-3
-3
-6
-2
-1
-1
-1
-2
-2
1
2
-2
1
-1
-6
-5
-8
-9
-12
-18
-15
-15
-16
-17
-16
-15
-14
-14
-15
-18
-15
-16
-17
-18
-19
-15
-14
-16
-16
-18
-16
-21
-17
-14
-18
-19
-22
-22
-21
-23
-20
-21
-21
-18
-20
-19
-21
-19
-21
-19
-17
-18
-17
-15
-10
-10
-4
-3
-4
-7
-2
0
-4
-6
0
-6
-4
-5
-6
-9
-13
-13
-14
-15
-16
-12
-14
-14
-11
-8
-9
-4
-5
-2
-7
-7
-5
-5
0
3
2
0
2
5
6
8
5
4
4
3
8
4
3
6
4
4
8
3
2
0
1
-1
-1
0
4
4
2
8
7
10
6
7
10
10
11
13
12
8
10
6
4
4
4
-1
-1
-3
-3
-1
-2
-4
-6
-3
-6
-6
-10
-16
-11
-13
-17
-13
-14
-15
-12
-12
-8
-13
-12
-13
-14
-13
-10
-11
-9
-12
-12
-10
-13
-12
-9
-11
-11
-8
-10
-11
-18
-24
-23
-19
-15
-18
-13
-14
-13
-10
-9
-6
-10
-7
-6
-7
-5
-4
-8
-13
-13
-12
-16
-18
-19
-18
-17
-14
-16
-18
-15
-15
-15
-14
-16
-15
-11
-16
-18
-14
-9
-15
-11
-11
-12
-12
-10
-11
-12
-12
-9
-6
-11
-8
-8
-4
-4
0
-1
-3
-2
-6
-6
-5
-4
-4
-2
-5
-6
-2
0
-4
-5
-6
-1
-5
-1
1
-3
0
-2
1
0
4
0
1
3
0
-1
-1
3
0
-3
0
-2
4
2
0
1
1
-1
1
3
3
2
-1
3
0
-2
-4
-4
-1
-3
-1
-2
-4
-8
-8
-4
-3
-5
-7
-6
-11
-8
-8
-11
-10
-10
-8
-11
-8
-5
-12
-12
-9
-11
-6
-10
-10
-8
-13
-15
-14
-14
-17
-18
-18
-18
-24
-20
-18
-20
-20
-21
-20
-24
-23
-20
-18
-16
-14
-16
-13
-13
-13
-15
-19
-16
-19
-15
-18
-22
-23
-23
-19
-17
-17
-21
-22
-24
-23
-19
-19
-20
-20
-18
-18
-11
-11
-16
-16
-16
-17
-17
-18
-17
-20
-25
-26
-29
-26
-25
-29
-33
-31
-33
-32
-34
-31
-30
-33
-28
-27
-26
-27
-24
-25
-22
-18
-13
-12
-13
-18
-17
-16
-14
-12
-9
-12
-10
-9
-12
-9
-10
-9
-8
-9
-9
-10
-8
-7
-7
-1
-4
0
2
3
-3
-11
-7
-9
-6
-6
-9
-9
-7
-5
-2
0
-1
1
-2
-1
3
-1
-1
3
2
0
2
4
3
6
7
6
11
13
9
8
8
7
9
11
10
9
9
8
10
8
6
10
7
7
8
7
7
5
6
5
6
7
4
7
3
4
5
-1
2
-4
-5
-10
-8
-13
-14
-12
-16
-16
-13
-12
-16
-9
-13
-14
-14
-11
-14
-17
-16
-16
-16
-14
-12
-17
-17
-16
-13
-13
-13
-14
-11
-10
-7
-7
-4
-6
-9
-6
-10
-14
-9
-10
-7
-10
-13
-8
-8
-6
-8
-12
-14
-12
-10
-17
-12
-15
-16
-14
-12
-15
-15
-13
-18
-17
-15
-15
-21
-20
-21
-17
-19
-16
-18
-17
-23
-21
-21
-24
-19
-19
-22
-23
-20
-20
-16
-15
-12
-12
-10
-6
-6
-5
-5
-7
-6
-7
-5
-8
-6
-1
-3
-4
-8
-5
-7
-8
-6
-5
-3
-1
1
3
0
5
6
6
4
4
11
8
5
10
9
10
8
6
7
2
3
5
2
1
1
2
6
7
7
7
6
8
9
8
11
11
8
8
9
10
9
12
9
8
15
10
5
9
10
6
5
7
8
6
4
4
8
5
7
12
8
10
11
9
14
14
9
8
9
7
4
3
6
6
2
4
-3
0
-3
-4
-7
-8
-13
-12
-11
-10
-14
-13
-10
-10
-7
-7
-7
-9
-1
-3
-2
-4
-5
2
-2
2
0
1
3
-1
0
3
4
3
0
1
0
-4
1
-1
-2
-6
-9
-6
-9
-6
-6
-9
-13
-10
-11
-7
-7
-14
-9
-11
-12
-13
-9
-10
-10
-10
-11
-7
-5
-7
-3
-10
-9
-13
-10
-14
-12
-13
-18
-11
-15
-14
-12
-15
-14
-13
-15
-6
-7
-6
-8
-9
-11
-15
-8
-11
-12
-9
-12
-11
-9
-8
-9
-10
-7
-7
-6
-5
-5
-6
-5
-7
-6
0
3
1
3
5
9
11
11
14
9
13
11
7
11
9
6
6
7
10
15
17
16
12
18
14
14
13
12
15
12
11
11
14
14
7
14
15
17
18
13
18
11
12
8
4
1
-2
-5
-6
-2
-6
-3
-7
-7
-6
-3
-4
-1
-2
-5
-10
-14
-9
-8
-7
-9
-7
-3
0
-2
4
6
8
10
7
7
8
8
5
7
10
12
15
11
9
11
9
16
18
17
17
12
15
7
9
8
2
1
-2
-2
-3
-7
-6
-7
-7
-11
-12
-11
-18
-13
-14
-21
-22
-25
-30
-29
-35
-37
-41
-41
-43
-46
-48
-52
-54
-54
-57
-60
-57
-63
-62
-55
-55
-54
-50
-51
-48
-43
-41
-44
-40
-39
-34
-33
-34
-31
-32
-31
-29
-23
-22
-24
-24
-32
-29
-22
-23
-18
-22
-19
-20
-13
-13
-17
-14
-15
-14
-12
-7
-12
-12
-12
-10
-11
-6
-8
-12
-14
-12
-13
-13
-7
-10
-9
-13
-7
-11
-14
-7
-6
-4
0
7
13
22
25
29
40
51
59
67
76
79
85
93
96
105
111
114
114
117
121
117
118
109
109
107
102
97
88
94
85
78
77
69
63
56
53
51
43
43
34
25
21
17
12
4
1
-9
-9
-19
-27
-23
-34
-35
-41
-44
-45
-58
-54
-66
-65
-65
-72
-76
-83
-80
-81
-91
-94
-87
-90
-100
-96
-91
-95
-100
-90
-83
-92
-83
-81
-85
-83
-80
-78
-83
-76
-76
-73
-68
-78
-74
-64
-64
-68
-72
-73
-67
-65
-74
-73
-77
-75
-68
-71
-70
-67
-72
-73
-73
-72
-65
-68
-71
-75
-76
-75
-79
-83
-72
-70
-59
-48
-31
-9
4
16
19
39
61
75
73
75
76
83
90
91
103
101
98
88
102
116
124
119
106
97
92
85
75
68
48
29
21
19
20
26
27
15
17
17
23
34
31
29
17
3
1
0
2
-3
-10
-15
-11
2
15
23
26
26
27
32
35
39
33
23
17
13
15
18
19
10
11
10
13
22
27
32
18
12
10
9
-1
3
2
-20
-16
-11
-10
-15
-20
-23
-21
-30
-23
-19
-31
-31
-38
-41
-54
-58
-49
-67
-74
-72
-76
-66
-68
-82
-67
-67
-78
-76
-73
-76
-91
-76
-78
-96
-75
-87
-88
-82
-96
-86
-83
-91
-80
-89
-85
-84
-93
-88
-92
-93
-93
-101
-92
-91
-93
-89
-100
-98
-88
-91
-98
-107
-105
-92
-79
-69
-58
-36
-14
-4
2
22
52
75
78
73
67
79
92
96
95
91
85
92
102
113
121
115
108
100
92
91
88
81
63
46
29
30
35
37
35
26
17
19
36
42
38
31
14
8
3
-6
0
-4
-18
-24
-29
-20
-7
6
3
-1
9
14
27
35
31
27
23
19
19
21
23
19
13
17
26
20
28
43
28
21
25
34
21
27
27
10
21
1
15
32
10
30
18
6
20
22
12
19
4
-4
0
-4
-4
-17
-15
-28
-35
-38
-36
-32
-36
-44
-48
-44
-47
-45
-55
-58
-67
-48
-55
-70
-53
-70
-73
-69
-79
-78
-80
-87
-88
-88
-83
-82
-84
-92
-85
-79
-82
-82
-90
-84
-83
-80
-89
-95
-91
-94
-86
-85
-81
-64
-50
-34
-19
-6
12
27
47
68
81
86
78
81
87
85
94
90
87
83
77
92
104
98
86
77
71
66
62
61
49
29
14
7
9
20
21
14
4
-2
7
9
12
9
1
-18
-25
-26
-29
-34
-39
-45
-56
-50
-35
-27
-21
-13
-16
-20
-6
6
6
12
1
-6
-4
-8
4
0
-6
-3
-9
1
15
18
24
13
8
19
22
29
15
9
3
3
9
8
17
8
2
12
2
13
11
13
6
-5
-3
-14
-11
-19
-12
-24
-33
-28
-33
-21
-34
-25
-23
-44
-42
-47
-36
-34
-39
-51
-62
-42
-51
-45
-51
-60
-58
-56
-55
-64
-68
-68
-71
-78
-65
-85
-75
-87
-88
-89
-96
-87
-98
-86
-97
-96
-89
-91
-94
-104
-107
-98
-82
-70
-63
-46
-23
-5
16
21
33
61
72
72
67
76
82
80
80
82
85
77
73
82
93
95
88
85
80
71
70
65
55
51
34
20
19
17
31
23
17
17
12
21
18
13
8
-8
-13
-18
-28
-25
-33
-50
-42
-41
-36
-31
-23
-14
-11
-3
-1
10
8
17
7
-6
5
-14
2
9
-10
-11
-4
11
-9
13
32
9
12
13
13
16
13
14
-10
4
-2
17
3
-2
21
-19
5
3
14
-15
7
5
-25
0
-26
-16
-34
-27
-29
-60
-12
-39
-24
-47
-55
-24
-74
-45
-85
-55
-87
-62
-58
-82
-56
-96
-67
-93
-51
-100
-62
-95
15
2
-91
-20
-102
-57
-108
-92
-128
-130
-126
-157
-132
-156
-135
-145
-146
-145
-146
-151
-129
-97
-71
-49
-17
27
59
90
127
159
185
175
175
165
169
150
134
125
114
103
88
96
106
112
94
86
73
68
57
42
31
7
-4
-14
-18
-15
-8
-9
-13
-2
2
9
7
3
-7
-13
-16
-28
-25
-27
-27
-31
-46
-43
-20
-2
1
16
23
27
34
41
50
37
28
15
3
-1
5
5
-4
-1
-15
-6
0
-5
9
-4
-2
-4
-10
-19
-14
-20
-29
-38
-41
-33
-37
-29
-31
-46
-45
-21
-41
-42
-55
-59
-71
-70
-84
-87
-78
-87
-83
-84
-85
-87
-78
-84
-101
-92
-91
-104
-109
-112
-130
-135
-142
-146
-143
-143
-145
-158
-157
-152
-164
-174
-177
-187
-181
-182
-188
-204
-202
-205
-205
-203
-213
-208
-207
-178
-113
-50
-14
26
96
175
227
255
301
342
347
322
303
301
296
255
220
209
196
173
150
145
147
129
92
55
24
4
-21
-60
-79
-98
-103
-94
-86
-59
-20
-1
2
8
32
56
55
32
17
9
-3
-15
-13
-3
2
9
21
47
75
95
104
110
118
119
109
108
103
99
87
75
71
77
77
84
74
66
68
61
56
52
43
33
12
-3
3
3
5
-1
1
4
12
16
14
0
-8
-24
-31
-41
-56
-77
-71
-90
-70
1
-44
-58
-66
-63
-69
-75
-97
-130
-138
-148
-150
-175
-184
-191
-188
-195
-195
-222
-238
-251
-264
-272
-288
-297
-305
-306
-315
-312
-321
-316
-320
-319
-327
-332
-341
-351
-365
-343
-261
-134
-8
73
184
342
497
581
631
682
722
682
592
527
488
422
318
225
176
143
89
48
21
0
-55
-118
-181
-232
-275
-320
-359
-378
-362
-313
-256
-188
-103
0
86
134
185
239
269
251
217
200
187
162
139
145
144
149
149
154
171
168
161
123
79
35
-8
-43
-78
-90
-85
-75
-61
-26
23
70
102
118
125
130
121
114
100
87
70
52
56
61
80
90
91
84
68
49
20
-15
-54
-99
-133
-163
-175
-176
-171
-166
-159
-145
-140
-132
-125
-128
-133
-141
-150
-152
-151
-146
-153
-155
-155
-153
-142
-153
-164
-182
-213
-240
-276
-302
-331
-348
-366
-391
-398
-405
-393
-385
-391
-397
-411
-418
-424
-408
-307
-124
59
181
302
485
698
825
863
902
929
869
731
605
536
461
323
182
100
74
30
-30
-83
-128
-179
-257
-332
-402
-438
-459
-480
-479
-427
-301
-167
-54
53
185
309
372
393
416
427
373
289
233
213
186
147
120
102
91
75
41
-7
-53
-97
-152
-193
-211
-186
-152
-106
-49
37
129
193
242
268
294
296
265
225
187
159
137
122
119
129
131
125
121
102
77
30
-46
-125
-180
-226
-252
-265
-261
-241
-212
-173
-128
-93
-79
-85
-106
-126
-148
-155
-160
-162
-155
-142
-111
-92
-70
-66
-78
-118
-160
-203
-261
-313
-375
-418
-443
-445
-433
-418
-404
-392
-384
-384
-383
-400
-434
-468
-509
-515
-442
-272
-16
237
426
608
824
1036
1151
1157
1128
1055
891
678
517
416
319
177
42
-20
-41
-71
-133
-208
-293
-395
-498
-582
-626
-629
-581
-515
-417
-251
-32
187
341
451
546
613
604
548
481
397
298
195
134
117
113
98
65
17
-31
-97
-195
-304
-418
-512
-563
-563
-498
-362
-181
20
213
399
553
649
687
665
597
504
391
278
183
123
90
80
80
85
83
53
3
-60
-133
-217
-303
-372
-401
-379
-327
-253
-159
-69
1
50
72
72
42
-26
-116
-189
-227
-239
-243
-231
-201
-160
-122
-109
-111
-135
-200
-278
-356
-414
-449
-480
-507
-515
-502
-467
-418
-393
-381
-387
-411
-427
-452
-468
-483
-508
-523
-490
-348
-81
255
520
683
837
1021
1173
1203
1117
1011
871
668
455
330
288
218
87
-29
-86
-116
-171
-270
-392
-504
-600
-653
-641
-591
-480
-319
-146
31
240
466
642
706
683
665
620
530
407
290
201
114
44
4
-6
-17
-59
-154
-272
-368
-444
-525
-607
-650
-624
-544
-398
-185
60
329
578
759
873
930
921
848
707
549
403
253
126
25
-43
-77
-102
-141
-176
-223
-273
-312
-340
-348
-330
-299
-248
-156
-40
84
177
229
255
235
191
133
45
-50
-147
-240
-292
-309
-304
-296
-293
-292
-295
-288
-287
-307
-349
-387
-419
-426
-408
-387
-370
-372
-371
-372
-372
-368
-392
-421
-452
-477
-474
-472
-456
-460
-459
-431
-344
-139
132
419
626
756
886
1027
1145
1125
999
857
693
502
320
211
131
33
-108
-220
-263
-292
-331
-407
-487
-535
-543
-491
-393
-268
-109
72
253
420
590
721
786
748
652
567
469
337
189
49
-71
-159
-219
-254
-284
-328
-383
-448
-514
-545
-534
-513
-484
-417
-293
-125
73
312
543
756
936
1007
1012
962
846
695
508
295
110
-47
-178
-262
-332
-359
-357
-367
-357
-334
-309
-248
-180
-110
-21
70
153
237
304
350
364
327
262
172
74
-15
-120
-231
-321
-383
-424
-438
-434
-432
-415
-398
-372
-342
-320
-288
-277
-276
-268
-255
-233
-218
-222
-236
-265
-292
-330
-377
-417
-457
-492
-513
-502
-473
-443
-444
-473
-480
-377
-124
243
573
740
834
996
1196
1280
1190
1019
831
614
371
186
100
48
-71
-232
-324
-343
-357
-401
-478
-556
-586
-532
-404
-242
-60
135
345
533
682
804
872
841
704
533
401
272
133
-10
-153
-268
-331
-362
-405
-454
-507
-550
-603
-619
-576
-479
-371
-253
-109
70
255
490
833
1013
1044
1013
909
866
757
527
293
63
-85
-174
-307
-373
-381
-439
-438
-384
-359
-269
-193
-155
-41
87
221
324
342
329
340
339
319
253
100
-11
-109
-193
-218
-297
-386
-446
-492
-503
-464
-412
-392
-378
-360
-287
-196
-143
-113
-154
-200
-197
-198
-216
-239
-296
-362
-386
-402
-403
-396
-431
-474
-504
-504
-466
-443
-463
-495
-512
-421
-134
261
669
919
979
1063
1213
1279
1179
930
670
447
231
50
-6
-4
-52
-182
-317
-356
-372
-431
-496
-544
-555
-461
-269
-23
222
434
617
767
851
868
818
700
534
333
182
85
0
-74
-167
-278
-374
-414
-457
-523
-591
-624
-596
-537
-420
-263
-86
69
208
304
396
449
568
800
878
848
736
610
561
447
237
12
-201
-317
-392
-483
-470
-391
-352
-240
-125
-61
73
156
181
248
290
328
333
292
268
238
212
177
98
-56
-163
-262
-360
-391
-492
-560
-562
-533
-447
-359
-298
-244
-190
-147
-75
-45
-58
-90
-185
-250
-245
-262
-262
-308
-407
-477
-500
-496
-510
-546
-591
-589
-559
-476
-401
-379
-357
-353
-327
-149
183
586
908
1022
1024
1061
1144
1122
923
627
388
196
36
-39
-61
-65
-115
-225
-304
-327
-345
-369
-377
-347
-251
-84
140
368
543
669
747
769
743
656
508
353
203
78
-3
-89
-171
-234
-296
-365
-433
-475
-485
-478
-442
-358
-249
-128
-4
103
197
285
332
342
298
313
533
692
740
646
461
360
258
103
-67
-232
-328
-337
-354
-291
-137
-32
62
127
135
184
233
231
268
272
261
275
214
197
179
111
40
-67
-189
-286
-348
-399
-408
-427
-457
-431
-391
-314
-228
-194
-152
-115
-95
-41
-34
-64
-120
-203
-288
-341
-362
-392
-415
-471
-527
-550
-560
-537
-536
-539
-532
-510
-439
-353
-299
-271
-231
-186
-37
236
616
919
985
914
865
881
822
618
372
222
132
38
-26
-24
16
-13
-112
-187
-227
-246
-260
-233
-127
20
171
306
427
518
591
610
540
435
320
222
129
51
5
-45
-125
-220
-281
-302
-320
-367
-402
-380
-306
-191
-75
3
40
67
87
126
145
162
125
80
36
190
498
633
623
367
183
133
81
-14
-138
-233
-202
-88
-26
105
184
176
146
123
113
176
181
122
157
183
267
275
148
94
23
-44
-93
-188
-271
-326
-355
-372
-344
-325
-329
-319
-311
-230
-129
-94
-72
-102
-119
-75
-92
-143
-228
-316
-376
-390
-386
-399
-431
-490
-546
-570
-547
-510
-492
-513
-494
-437
-374
-309
-308
-338
-331
-143
209
646
921
947
868
819
819
758
576
363
238
172
149
138
132
118
44
-80
-187
-247
-281
-284
-231
-98
97
238
334
385
413
474
487
437
338
250
202
174
155
113
44
-80
-213
-305
-349
-336
-352
-371
-350
-264
-127
-26
-2
-40
-73
-64
-15
59
113
133
114
122
171
304
469
467
338
125
16
42
55
22
-42
-80
-11
103
144
150
125
88
69
96
125
165
173
137
160
178
202
178
41
-47
-72
-80
-96
-149
-219
-257
-256
-253
-248
-272
-289
-294
-271
-205
-141
-121
-139
-159
-193
-179
-194
-260
-331
-399
-413
-373
-340
-353
-388
-439
-463
-464
-468
-468
-489
-501
-477
-418
-375
-326
-343
-383
-380
-256
57
450
780
885
807
711
717
731
622
452
342
332
367
343
276
216
128
4
-152
-255
-293
-275
-214
-96
67
213
311
327
313
329
375
398
349
288
279
306
305
257
162
33
-91
-201
-266
-277
-277
-277
-282
-252
-183
-127
-115
-170
-226
-211
-108
-1
86
137
149
135
144
116
246
433
486
459
228
145
164
152
113
17
-49
18
120
84
41
-5
-9
3
1
-15
44
90
99
168
153
206
222
92
19
-25
-18
-6
-55
-158
-214
-231
-236
-255
-320
-329
-334
-319
-293
-254
-220
-224
-235
-285
-276
-236
-226
-272
-347
-385
-378
-323
-304
-337
-403
-461
-488
-500
-483
-451
-421
-406
-392
-368
-345
-355
-400
-439
-319
0
462
822
898
746
592
598
629
561
422
375
421
457
416
334
256
142
-28
-243
-387
-394
-293
-159
-46
74
184
262
276
226
203
247
321
333
330
350
389
385
301
193
46
-96
-200
-277
-308
-296
-265
-246
-254
-259
-233
-216
-247
-263
-223
-99
41
160
203
223
195
181
126
201
415
543
631
415
236
184
158
167
92
7
0
99
95
53
10
2
33
-8
-57
-7
96
183
273
212
172
211
173
127
64
17
0
-3
-61
-109
-170
-230
-242
-338
-380
-377
-355
-327
-311
-297
-278
-267
-289
-279
-273
-244
-232
-267
-300
-282
-251
-255
-268
-331
-383
-428
-495
-518
-525
-498
-455
-440
-427
-409
-410
-434
-442
-341
-63
372
759
884
757
574
540
591
595
533
484
516
535
473
326
191
69
-77
-271
-447
-469
-319
-90
71
127
131
159
193
182
175
214
321
421
473
494
488
445
345
203
21
-134
-231
-272
-285
-298
-291
-279
-296
-315
-317
-315
-309
-292
-222
-85
67
192
252
247
206
180
188
224
335
452
498
429
252
131
75
64
69
38
4
25
64
58
30
-2
-2
4
2
40
114
202
279
287
204
149
141
148
132
71
21
-13
-31
-74
-139
-231
-284
-308
-359
-374
-354
-318
-284
-283
-283
-279
-277
-251
-226
-206
-186
-178
-196
-216
-238
-246
-278
-331
-390
-443
-468
-471
-443
-429
-415
-407
-409
-405
-391
-373
-352
-347
-326
-186
70
462
769
806
599
373
341
428
524
530
535
541
481
330
116
-18
-66
-109
-211
-320
-309
-123
117
228
163
20
-34
12
90
150
245
373
456
462
371
270
178
104
8
-118
-223
-240
-188
-152
-159
-206
-256
-306
-327
-312
-288
-249
-168
-60
40
110
159
177
153
116
95
117
165
283
402
467
419
236
93
17
12
75
116
105
91
72
24
-21
-49
-28
17
31
51
99
143
227
264
200
137
101
113
124
101
71
38
12
-46
-127
-235
-290
-285
-299
-317
-329
-320
-288
-264
-255
-250
-263
-247
-203
-204
-213
-202
-183
-179
-183
-218
-277
-319
-328
-302
-308
-334
-355
-392
-406
-413
-407
-403
-376
-339
-311
-301
-307
-250
-101
157
448
596
546
392
281
312
422
517
564
573
551
462
286
94
7
21
52
33
-27
-61
-2
93
130
66
-25
-39
2
68
128
201
285
348
341
246
103
-1
-20
21
41
27
-7
-40
-80
-128
-187
-240
-256
-233
-202
-198
-205
-182
-114
-39
14
19
1
1
31
89
141
185
236
283
282
234
164
97
76
91
124
129
125
115
90
46
6
-18
-22
3
37
67
89
107
111
103
84
74
75
80
78
60
35
3
-41
-84
-144
-198
-233
-246
-233
-221
-202
-203
-212
-227
-247
-257
-255
-232
-203
-188
-181
-184
-188
-193
-198
-198
-191
-180
-181
-191
-217
-258
-284
-308
-313
-298
-283
-269
-278
-296
-316
-331
-357
-358
-303
-191
18
253
397
379
245
124
123
251
397
475
498
494
482
401
261
125
57
86
149
174
160
129
106
69
5
-50
-59
3
90
153
143
103
81
101
127
126
91
67
75
104
120
102
53
13
-3
-15
-32
-71
-94
-99
-81
-71
-74
-71
-63
-55
-59
-72
-80
-49
-11
39
59
54
69
91
113
96
72
51
60
107
137
128
93
63
48
14
-19
-34
-37
-23
0
18
11
3
9
10
4
-5
9
23
25
13
-5
-32
-54
-60
-58
-48
-42
-27
-35
-62
-92
-124
-136
-140
-142
-142
-146
-148
-138
-136
-138
-144
-153
-175
-189
-197
-197
-197
-209
-210
-217
-239
-258
-275
-292
-289
-293
-294
-290
-272
-262
-265
-285
-304
-282
-228
-123
2
87
86
-21
-107
-63
83
217
246
211
193
224
257
233
174
140
174
240
278
283
265
247
227
188
126
78
85
142
192
192
155
109
108
145
177
168
137
119
137
146
123
88
56
63
93
115
91
39
3
-26
-57
-68
-58
-45
-40
-30
-44
-96
-132
-114
-67
-38
-14
15
25
38
50
46
19
6
31
42
44
43
45
40
27
29
22
2
7
36
49
27
0
-10
-10
-1
31
53
51
44
44
36
19
12
11
12
0
0
-1
-23
-49
-68
-84
-101
-106
-93
-94
-107
-120
-146
-174
-184
-174
-175
-188
-202
-200
-192
-190
-195
-217
-247
-259
-250
-249
-250
-255
-260
-264
-279
-288
-302
-326
-341
-322
-280
-214
-120
-20
7
-71
-155
-119
36
180
230
198
174
212
274
292
243
197
208
245
283
298
281
243
209
192
162
126
117
166
232
254
230
179
152
173
217
227
189
150
157
178
187
160
114
82
82
101
80
26
-23
-42
-49
-50
-42
-57
-77
-83
-88
-111
-126
-98
-31
19
26
28
17
8
24
31
1
-18
17
62
83
72
58
44
13
9
12
-10
2
30
50
41
12
7
19
37
68
86
69
50
56
58
40
23
10
21
19
23
28
7
-10
-22
-41
-65
-88
-93
-95
-116
-141
-156
-164
-165
-150
-146
-156
-182
-188
-191
-207
-219
-227
-234
-243
-248
-247
-265
-291
-301
-304
-304
-300
-290
-310
-331
-332
-309
-264
-181
-96
-56
-92
-155
-145
-35
108
183
180
149
159
212
250
234
189
180
214
249
273
268
247
231
218
208
172
154
183
229
255
230
188
159
160
202
215
192
164
163
185
185
159
115
77
64
71
66
28
-9
-28
-34
-48
-64
-68
-68
-62
-61
-69
-85
-75
-34
-7
-12
-26
-23
-7
6
17
15
9
16
40
58
51
33
25
18
16
22
35
54
72
83
71
48
41
52
72
96
110
112
102
92
95
87
65
56
60
63
62
57
40
11
-20
-35
-47
-53
-55
-56
-58
-79
-102
-117
-129
-136
-137
-145
-157
-157
-156
-164
-181
-214
-227
-241
-257
-258
-256
-244
-243
-235
-245
-252
-253
-273
-289
-303
-291
-260
-208
-127
-39
-18
-76
-120
-65
79
192
213
174
145
188
247
257
228
205
231
279
311
308
300
288
279
263
213
163
162
203
245
245
202
163
148
172
200
193
143
111
122
134
130
98
66
52
62
62
32
-4
-21
-23
-29
-27
-37
-43
-43
-43
-61
-93
-104
-78
-28
-3
1
-15
-29
-23
-9
-3
-7
0
29
49
59
58
51
49
51
51
47
43
53
77
88
83
71
64
64
72
73
66
58
51
52
56
52
45
36
33
26
11
-5
-19
-35
-33
-30
-28
-31
-43
-64
-93
-117
-136
-139
-137
-130
-134
-152
-170
-182
-183
-197
-213
-221
-210
-198
-188
-183
-193
-201
-205
-206
-214
-222
-228
-239
-249
-232
-211
-192
-146
-70
-24
-61
-127
-109
35
177
231
195
148
165
234
283
272
249
268
312
340
333
303
272
257
253
236
190
170
205
255
261
220
165
124
134
178
192
161
137
147
173
174
144
100
68
71
83
75
30
6
4
-7
-23
-33
-38
-48
-50
-63
-105
-136
-113
-58
-26
-35
-45
-53
-42
-14
-3
-4
-2
27
68
78
62
58
51
51
54
53
54
59
74
85
61
33
25
35
49
54
62
65
59
56
58
42
22
21
30
27
25
23
19
15
6
-2
-21
-43
-65
-76
-98
-121
-129
-131
-141
-153
-165
-184
-195
-204
-204
-208
-213
-206
-203
-207
-210
-199
-199
-207
-209
-217
-219
-219
-215
-236
-261
-265
-247
-213
-163
-84
-19
-44
-108
-97
22
161
222
200
171
189
255
303
287
256
266
307
322
318
303
286
278
270
253
209
181
208
251
259
227
181
163
183
220
230
194
154
149
163
156
133
99
87
98
105
92
45
15
1
-12
-34
-53
-55
-56
-47
-48
-86
-113
-92
-43
-12
-12
-22
-23
-12
16
29
19
16
38
66
71
60
56
63
65
58
48
38
39
62
77
66
38
35
42
56
71
69
62
55
56
56
54
43
39
41
40
27
16
8
-4
-18
-34
-49
-59
-55
-60
-84
-106
-127
-132
-138
-146
-160
-171
-176
-179
-184
-188
-184
-193
-189
-191
-199
-202
-201
-203
-212
-206
-210
-218
-223
-244
-263
-273
-259
-230
-191
-129
-45
-12
-70
-120
-70
75
193
210
169
143
178
237
258
214
197
231
271
293
275
259
250
249
242
205
161
163
214
253
240
188
143
145
176
201
187
150
128
143
157
139
102
74
74
92
91
65
29
9
9
-11
-26
-38
-42
-31
-26
-42
-82
-89
-54
-13
4
-4
-15
-16
-2
17
19
1
8
37
55
55
41
44
47
40
41
29
18
36
63
60
39
22
31
47
52
62
63
55
51
52
43
31
25
29
25
15
10
10
5
-10
-28
-41
-50
-57
-63
-75
-96
-117
-130
-144
-150
-149
-148
-146
-150
-163
-173
-182
-187
-193
-190
-205
-215
-218
-226
-230
-230
-232
-246
-247
-248
-260
-277
-288
-275
-253
-203
-102
-7
-25
-120
-145
-35
126
202
182
133
136
197
252
238
192
201
252
287
277
254
254
263
264
243
181
141
171
230
251
209
155
127
146
184
199
164
120
117
147
150
118
78
58
65
72
52
4
-26
-19
-21
-37
-52
-58
-55
-39
-32
-68
-107
-103
-58
-17
-11
-12
-15
-10
4
12
-9
-24
6
37
54
42
34
41
42
38
32
22
18
50
79
76
45
40
60
66
73
82
77
63
64
63
61
47
53
56
50
37
21
20
9
-1
-12
-32
-53
-54
-54
-72
-102
-119
-126
-121
-127
-131
-134
-146
-150
-157
-171
-185
-193
-195
-189
-193
-202
-208
-212
-220
-220
-225
-236
-237
-228
-233
-256
-266
-255
-235
-197
-114
-17
-5
-80
-129
-55
93
192
194
144
129
177
244
242
203
203
249
290
287
264
246
248
257
234
185
138
153
216
251
221
166
141
145
176
183
154
117
112
129
133
102
53
31
37
52
42
12
-9
0
2
-19
-41
-49
-46
-39
-25
-41
-75
-76
-45
-21
-24
-24
-28
-32
-27
-22
-33
-52
-36
-9
4
-5
-2
10
21
24
22
15
10
31
48
48
26
18
33
44
50
52
51
48
41
37
28
16
13
14
7
-10
-8
-7
-9
-18
-31
-44
-55
-52
-44
-52
-74
-90
-92
-96
-106
-119
-131
-145
-148
-153
-157
-174
-188
-186
-200
-208
-210
-222
-234
-236
-238
-231
-222
-215
-215
-234
-256
-267
-265
-250
-230
-200
-123
-25
-19
-117
-171
-80
78
177
168
114
108
167
229
227
174
167
228
276
261
230
219
224
231
220
175
122
130
185
213
183
124
103
115
139
153
130
92
82
107
114
80
42
37
58
73
60
27
7
0
-12
-35
-49
-50
-42
-35
-39
-69
-110
-110
-83
-64
-59
-54
-48
-40
-34
-26
-39
-46
-21
8
17
12
21
32
29
21
18
7
16
42
54
40
21
16
28
27
19
19
25
27
25
23
18
21
24
26
20
6
10
16
11
1
-20
-41
-49
-46
-47
-70
-94
-106
-110
-120
-137
-145
-159
-168
-173
-185
-193
-205
-207
-203
-208
-214
-226
-236
-237
-232
-226
-229
-234
-242
-241
-256
-275
-276
-269
-253
-234
-195
-99
-4
-34
-136
-161
-36
119
178
147
99
114
183
240
215
168
189
249
269
239
204
201
207
205
185
119
82
116
180
189
136
85
84
105
137
156
121
85
83
110
106
71
44
51
75
67
38
6
-14
-26
-40
-56
-61
-63
-57
-55
-78
-108
-113
-96
-71
-66
-58
-41
-27
-26
-28
-28
-36
-29
-5
12
7
3
7
11
3
-2
-8
-10
-8
1
4
-16
-21
-7
2
-2
-1
13
31
31
30
21
19
27
34
33
19
12
18
14
-9
-26
-43
-54
-58
-62
-77
-92
-107
-111
-120
-141
-151
-148
-147
-151
-160
-174
-178
-176
-167
-174
-193
-208
-209
-207
-212
-214
-215
-215
-216
-222
-227
-239
-251
-247
-246
-246
-240
-226
-151
-45
-15
-93
-163
-94
58
157
165
117
101
141
199
201
149
143
198
236
222
191
178
189
192
177
129
83
94
149
188
161
111
94
108
140
154
138
96
79
92
98
74
38
26
37
33
7
-22
-49
-56
-62
-72
-89
-94
-84
-83
-87
-112
-125
-113
-92
-88
-85
-72
-54
-44
-47
-54
-65
-62
-50
-31
-34
-41
-36
-26
-21
-31
-28
-26
-27
-7
3
0
0
14
30
23
14
26
39
42
30
19
12
13
27
22
6
-10
-17
-20
-37
-53
-60
-67
-70
-78
-89
-100
-114
-124
-134
-146
-160
-163
-157
-158
-170
-178
-182
-186
-195
-196
-202
-208
-207
-201
-203
-216
-220
-223
-228
-228
-227
-232
-246
-242
-240
-236
-239
-244
-212
-139
-29
11
-62
-147
-106
39
147
159
118
101
131
183
196
150
130
177
223
219
187
175
184
202
190
149
91
80
140
183
165
112
88
94
119
137
122
82
54
70
88
70
38
26
39
43
32
3
-25
-30
-36
-51
-63
-71
-68
-51
-53
-83
-111
-108
-90
-68
-55
-48
-44
-46
-42
-43
-55
-59
-47
-25
-22
-20
-11
-3
-7
-8
-11
-15
-13
3
18
16
12
16
17
12
8
19
27
26
23
22
25
28
31
23
9
-3
-11
-12
-18
-30
-33
-47
-60
-73
-85
-90
-100
-115
-125
-137
-143
-149
-150
-147
-158
-169
-171
-171
-173
-170
-182
-195
-208
-209
-206
-206
-214
-216
-222
-227
-224
-226
-226
-234
-232
-234
-245
-248
-227
-169
-60
12
-42
-141
-127
0
127
158
120
88
108
167
202
165
125
164
216
221
181
167
181
196
192
155
104
80
126
178
171
121
92
102
128
150
143
106
80
96
115
97
53
29
35
41
28
0
-18
-26
-31
-49
-67
-73
-65
-51
-52
-76
-100
-89
-59
-37
-32
-29
-19
-13
-8
-8
-30
-37
-20
5
11
-2
-2
3
6
3
1
-6
-9
7
22
25
10
22
30
24
22
32
42
46
50
49
43
32
34
36
24
6
-2
-9
-21
-31
-40
-53
-68
-79
-83
-93
-104
-113
-123
-130
-139
-138
-137
-143
-152
-158
-159
-161
-163
-169
-178
-189
-190
-195
-204
-202
-203
-205
-210
-220
-221
-211
-205
-209
-212
-221
-222
-213
-196
-191
-175
-95
1
9
-74
-117
-49
70
142
132
79
62
108
161
152
106
117
168
193
170
145
148
158
170
160
120
72
92
151
170
139
97
85
88
106
114
93
57
50
71
67
35
13
12
22
19
5
-14
-29
-28
-30
-43
-57
-50
-28
-17
-32
-56
-56
-37
-16
-9
-12
-14
-8
4
9
-7
-32
-22
3
15
2
0
7
12
22
19
8
3
21
42
42
29
24
40
46
50
50
55
58
63
60
40
23
27
40
37
20
-1
-3
-4
-12
-20
-39
-56
-60
-56
-68
-78
-88
-88
-94
-100
-108
-109
-104
-108
-115
-125
-134
-137
-132
-134
-144
-160
-172
-175
-177
-177
-179
-175
-178
-181
-181
-187
-187
-192
-194
-196
-199
-202
-204
-209
-182
-96
-12
-18
-103
-150
-75
47
117
113
71
63
115
160
150
112
122
180
199
176
153
154
167
178
168
124
78
89
144
166
132
91
79
87
109
115
91
63
60
75
73
42
15
21
32
27
10
-5
-17
-23
-29
-36
-48
-51
-30
-18
-33
-56
-55
-46
-38
-28
-17
-16
-14
-3
1
-12
-21
-9
4
9
5
8
14
18
22
20
11
17
36
45
41
35
38
51
53
57
60
62
69
70
63
46
43
49
54
32
14
3
-4
-3
-11
-22
-31
-36
-39
-43
-52
-59
-66
-71
-74
-81
-85
-85
-89
-95
-110
-111
-111
-110
-118
-130
-135
-140
-143
-146
-149
-152
-154
-157
-161
-162
-158
-156
-157
-163
-158
-153
-159
-166
-169
-165
-157
-107
-17
34
-9
-88
-90
4
96
128
105
76
90
136
158
117
98
133
178
174
147
146
153
174
177
151
97
82
127
162
147
102
81
84
92
104
101
70
46
58
70
48
19
13
26
25
12
7
-1
-8
-17
-21
-41
-51
-27
-4
-19
-50
-59
-54
-45
-28
-16
-18
-23
-18
-6
-24
-38
-36
-25
-19
-20
-22
-23
-15
-2
3
-1
-10
4
22
27
18
19
21
22
30
31
30
31
39
36
23
14
18
30
28
17
5
-3
-1
2
5
-6
-18
-19
-19
-17
-26
-37
-41
-45
-46
-59
-64
-74
-81
-82
-97
-105
-111
-112
-125
-125
-135
-145
-150
-156
-161
-160
-143
-144
-148
-154
-155
-150
-147
-134
-135
-141
-147
-155
-155
-155
-146
-104
-43
12
-5
-64
-79
-15
80
124
126
104
108
139
169
168
155
173
216
226
212
199
202
215
214
203
155
127
148
181
180
152
127
119
122
124
125
105
81
83
98
86
54
45
52
53
42
36
28
11
-3
-8
-19
-35
-29
-17
-23
-43
-57
-59
-48
-36
-21
-23
-32
-31
-23
-15
-18
-24
-22
-15
-14
-13
-9
-11
-6
0
8
9
8
20
24
20
17
19
24
29
35
38
33
31
36
27
18
15
20
15
3
0
-2
1
3
-1
-10
-16
-21
-26
-32
-40
-41
-43
-51
-55
-60
-72
-85
-95
-101
-106
-110
-112
-111
-118
-134
-142
-144
-149
-144
-150
-159
-164
-158
-152
-148
-153
-151
-140
-143
-144
-146
-148
-140
-128
-133
-143
-146
-128
-91
-43
1
3
-32
-46
-10
63
110
132
126
124
135
159
170
158
169
194
205
192
189
193
198
191
175
148
126
130
155
155
133
120
121
117
113
115
100
87
76
77
75
55
53
60
57
33
21
17
11
6
4
-4
-9
2
15
17
-7
-18
-18
-12
-9
-3
4
9
10
12
-1
-16
-13
-7
-3
-7
-7
-6
7
8
8
5
-7
-4
3
9
7
0
4
13
16
12
11
17
18
19
15
1
5
15
16
12
-1
-9
-11
-4
-12
-24
-35
-39
-31
-35
-46
-58
-64
-66
-70
-81
-86
-87
-94
-99
-109
-115
-118
-117
-124
-132
-135
-132
-136
-140
-151
-161
-162
-155
-154
-159
-155
-152
-150
-150
-149
-148
-147
-141
-137
-127
-98
-70
-44
-24
-8
-9
3
30
67
97
118
136
136
143
149
163
170
171
181
189
187
189
198
194
187
175
169
162
154
156
161
150
138
139
130
120
115
112
98
84
80
73
63
53
59
54
38
30
29
25
20
16
7
7
14
23
21
-1
-12
-6
4
12
16
17
12
15
18
10
8
12
24
23
22
18
21
28
36
38
36
29
35
42
47
44
37
44
50
50
45
46
48
49
45
38
34
29
33
37
25
12
7
5
8
-3
-13
-15
-25
-22
-30
-42
-47
-61
-65
-70
-78
-81
-90
-100
-107
-111
-119
-124
-129
-133
-136
-139
-140
-136
-146
-150
-151
-152
-147
-145
-137
-138
-141
-138
-134
-131
-130
-130
-124
-123
-121
-110
-103
-94
-78
-58
-38
-17
4
17
28
48
76
113
131
139
145
148
154
154
160
166
168
176
171
162
151
145
138
128
119
108
98
102
102
96
91
80
79
75
72
63
60
56
47
41
35
33
25
25
20
8
0
-2
3
-2
-9
-8
-9
-4
-5
-10
-13
-16
-7
-3
0
-6
0
1
0
-2
-7
-6
0
6
6
7
13
23
27
23
30
32
28
32
34
35
39
46
44
46
45
45
50
50
45
44
45
39
36
37
34
24
17
12
4
-1
-9
-14
-16
-28
-33
-39
-44
-43
-49
-59
-71
-79
-84
-87
-85
-86
-98
-108
-113
-110
-113
-116
-116
-120
-128
-126
-125
-125
-107
-100
-100
-95
-96
-83
-69
-63
-58
-57
-48
-46
-37
-35
-25
-12
-10
-6
-7
-2
8
11
18
24
22
32
40
47
56
58
63
75
80
85
96
108
114
111
109
108
104
107
111
106
101
92
92
87
82
73
64
65
61
55
51
47
46
52
44
38
36
38
46
42
39
33
37
43
43
42
33
34
35
33
30
31
28
31
30
28
31
25
24
22
20
19
17
16
26
27
22
15
14
15
16
18
13
9
12
14
9
3
3
3
0
3
4
2
0
0
-1
-2
-2
-3
-6
-4
-8
-11
-18
-20
-21
-26
-30
-31
-33
-32
-36
-44
-44
-49
-43
-48
-51
-53
-62
-66
-63
-57
-55
-57
-56
-58
-58
-56
-57
-51
-48
-42
-40
-38
-36
-30
-28
-23
-25
-26
-22
-21
-12
-12
-12
-12
-9
-2
5
3
11
15
18
27
27
32
43
52
55
63
72
76
81
91
95
100
105
107
108
107
103
102
99
98
97
93
95
89
90
83
79
75
71
71
71
69
67
63
58
51
50
49
43
40
31
26
21
17
13
13
10
4
4
-4
-5
-5
-5
0
-4
0
-2
-3
-3
-4
-1
-5
-6
-7
-2
-5
-5
-5
-7
-9
-10
-10
-9
-5
-5
-5
-2
3
2
5
4
2
4
3
5
2
-2
-1
-2
-5
-7
-4
-14
-20
-23
-28
-33
-34
-35
-38
-41
-48
-49
-46
-45
-42
-41
-46
-48
-44
-48
-46
-45
-45
-43
-46
-44
-43
-42
-43
-42
-42
-40
-38
-34
-35
-33
-32
-29
-26
-18
-13
-10
-4
-3
-1
-4
0
6
14
19
16
20
23
31
38
36
39
45
48
52
51
51
52
59
60
63
65
63
65
64
67
68
65
68
71
66
60
60
55
49
51
49
48
45
40
37
40
37
37
28
32
26
23
25
20
24
20
20
13
10
6
5
6
7
4
4
3
5
8
8
7
-1
-1
-2
-1
-1
-4
-7
-5
-8
-11
-15
-14
-12
-13
-11
-18
-13
-14
-14
-13
-16
-13
-10
-14
-15
-13
-13
-11
-13
-14
-14
-12
-15
-16
-18
-22
-19
-19
-22
-24
-25
-30
-32
-33
-33
-34
-39
-35
-32
-30
-30
-28
-29
-28
-33
-37
-33
-33
-29
-35
-36
-33
-32
-27
-25
-17
-21
-22
-17
-22
-12
-11
-9
-2
0
4
5
9
5
4
5
8
11
5
6
7
9
12
11
13
17
19
18
17
21
21
25
26
28
32
30
32
32
34
30
24
30
31
25
32
30
19
21
22
19
23
20
22
26
28
23
29
30
31
35
37
39
41
43
44
47
48
49
49
52
50
50
49
52
52
48
50
49
45
46
47
46
44
38
40
39
37
33
31
31
24
23
14
11
10
8
6
3
-4
-8
-12
-13
-11
-20
-17
-19
-20
-24
-25
-23
-25
-23
-29
-34
-31
-30
-31
-32
-35
-32
-34
-35
-35
-38
-38
-37
-39
-37
-37
-32
-29
-26
-27
-23
-23
-17
-12
-11
-9
-11
-7
-3
0
-1
1
-1
-1
-2
-2
5
9
8
9
3
8
16
11
18
15
12
14
12
14
14
14
13
11
6
12
8
3
6
2
5
4
-1
-6
-8
-9
-12
-12
-13
-12
-16
-17
-15
-20
-17
-13
-10
-11
-5
-6
-5
-1
-3
2
6
4
7
10
12
14
15
17
19
26
25
28
39
38
39
41
45
48
50
51
51
51
53
51
51
50
46
49
52
48
45
47
41
34
31
34
23
20
22
15
12
8
3
-1
5
1
-2
-4
-6
-12
-16
-11
-18
-15
-19
-23
-25
-24
-25
-24
-23
-24
-23
-22
-21
-21
-18
-20
-19
-19
-19
-19
-14
-16
-14
-14
-20
-14
-11
-12
-12
-12
-10
-9
-8
-12
-11
-12
-6
-4
-8
-7
-7
-2
-4
-1
-1
1
3
5
2
2
-1
4
11
15
13
8
7
5
7
-2
-7
-9
-7
-11
-9
-14
-11
-11
-14
-12
-14
-16
-13
-11
-10
-15
-15
-15
-13
-12
-12
-14
-13
-18
-21
-16
-20
-23
-19
-15
-17
-19
-17
-17
-14
-12
-11
-5
-2
0
0
5
7
10
15
19
22
23
24
29
30
29
33
33
34
34
34
28
31
29
25
27
30
30
25
28
26
21
21
17
14
14
10
10
10
8
6
6
10
4
5
4
2
-4
-8
-2
-5
-13
-16
-15
-16
-14
-19
-19
-18
-17
-19
-15
-14
-19
-21
-20
-22
-25
-23
-24
-27
-25
-20
-22
-22
-21
-22
-24
-18
-20
-17
-15
-12
-13
-14
-10
-10
-10
-11
-10
-7
-8
-3
-4
-2
0
-4
0
-2
-4
-1
0
-1
0
0
-7
-5
-3
-9
-5
-8
-13
-7
-11
-16
-12
-19
-17
-22
-22
-18
-24
-23
-23
-21
-23
-23
-19
-19
-21
-18
-22
-23
-20
-21
-18
-18
-18
-18
-17
-22
-20
-18
-12
-13
-11
-4
-2
0
3
5
3
6
10
10
10
9
10
11
8
9
11
13
12
11
10
14
13
9
11
13
12
9
11
9
6
8
1
-2
0
-4
-4
-7
-7
-5
-8
-12
-8
-8
-12
-10
-8
-9
-11
-15
-18
-15
-20
-17
-18
-20
-20
-17
-19
-20
-23
-25
-22
-19
-20
-18
-18
-21
-17
-18
-19
-16
-18
-20
-14
-17
-15
-13
-13
-14
-17
-20
-23
-25
-24
-26
-22
-21
-18
-18
-17
-22
-21
-11
-15
-18
-18
-12
-9
-16
-15
-14
-16
-13
-15
-14
-15
-12
-9
-14
-14
-10
-16
-16
-14
-15
-17
-18
-21
-25
-23
-21
-22
-29
-26
-22
-25
-29
-25
-25
-26
-28
-30
-26
-28
-28
-29
-25
-31
-25
-21
-22
-16
-15
-13
-10
-7
-8
-7
-5
-2
-1
6
8
10
13
12
14
15
18
14
16
17
19
18
19
19
18
17
15
17
15
10
9
4
5
4
0
1
-1
-4
-6
-9
-8
-9
-12
-10
-17
-17
-20
-21
-20
-21
-23
-28
-27
-31
-31
-25
-28
-33
-30
-28
-29
-25
-25
-26
-29
-25
-22
-24
-19
-20
-19
-18
-18
-14
-14
-13
-9
-8
-10
-11
-9
-8
-11
-11
-12
-9
-8
-9
-8
-9
-10
-11
-10
-9
-10
-11
-8
-9
-11
-12
-12
-11
-16
-15
-13
-18
-22
-21
-17
-21
-20
-20
-21
-22
-18
-19
-24
-21
-20
-21
-22
-26
-27
-22
-22
-20
-23
-26
-29
-28
-23
-22
-25
-21
-24
-26
-24
-23
-26
-22
-22
-21
-17
-14
-15
-12
-12
-12
-7
-8
-8
-9
-12
-8
-7
-9
-8
-7
-5
-5
-6
-8
-3
1
1
3
3
4
-1
0
-1
-4
-2
-4
-7
-4
-8
-9
-6
-10
-9
-7
-8
-8
-6
-9
-12
-9
-11
-13
-9
-13
-12
-11
-14
-13
-15
-13
-15
-16
-11
-17
-16
-20
-19
-19
-21
-21
-17
-20
-20
-23
-23
-19
-20
-16
-18
-22
-16
-10
-11
-9
-5
-5
-6
-4
-6
-5
-5
-3
-2
1
1
0
5
-2
3
-2
2
2
0
2
-1
-1
-2
0
-3
2
0
0
1
0
2
-4
-2
-4
-2
-2
-5
-2
-7
-11
-9
-11
-11
-9
-12
-14
-17
-16
-21
-18
-15
-23
-17
-20
-18
-23
-19
-13
-18
-17
-17
-20
-16
-16
-18
-15
-17
-15
-8
-9
-12
-10
-4
-3
-2
-1
1
1
-2
-1
1
-1
1
4
9
10
8
12
8
8
8
8
8
7
6
5
0
-3
-2
-2
-3
-2
-4
-5
-3
-4
-4
-3
-7
-9
-11
-13
-8
-12
-11
-15
-12
-12
-18
-16
-17
-20
-17
-18
-14
-9
-12
-13
-11
-16
-15
-12
-11
-9
-7
-5
-6
-4
-5
-4
0
0
1
3
4
4
6
7
3
2
-3
-5
-4
-2
4
7
4
5
6
6
6
5
8
7
7
8
4
2
5
-2
-2
-3
-4
-4
-4
-5
-6
-3
-6
-10
-7
-12
-14
-7
-4
-7
-10
-7
-9
-9
-6
-7
-8
-2
0
0
2
6
2
6
3
3
7
5
5
7
10
9
13
13
13
13
10
8
8
12
16
19
17
19
25
25
25
27
29
31
29
31
33
29
33
31
30
31
27
28
27
23
25
21
20
17
20
18
18
16
12
11
12
12
8
7
7
6
0
-2
-4
-2
-5
-3
-5
-5
-7
-9
-7
-10
-13
-15
-9
-10
-13
-11
-14
-16
-16
-20
-16
-19
-20
-14
-15
-16
-17
-14
-15
-13
-14
-12
-10
-6
-9
-7
0
-8
-6
-5
-4
-1
1
4
1
5
5
5
6
5
7
5
6
6
5
10
5
1
5
6
4
2
-3
-3
2
0
1
-1
-3
-3
-2
-3
-4
-2
1
-3
-7
-5
-4
-4
-6
-3
-3
0
-5
-3
-2
-1
3
3
2
0
8
4
0
1
1
4
0
1
0
5
8
4
5
2
7
9
10
11
7
6
9
6
10
12
11
13
13
17
13
14
12
11
12
10
11
13
9
8
6
5
7
5
8
3
3
0
2
2
-4
-6
-8
-10
-6
-8
-8
-11
-11
-6
-5
-7
-7
-6
-3
-7
-2
-2
-2
1
3
3
1
6
6
11
7
7
9
11
10
10
11
10
10
11
12
17
14
14
12
9
7
2
6
6
8
6
6
6
9
9
9
10
9
8
6
10
9
7
9
1
0
-2
-1
0
-5
-5
-12
-9
-10
-11
-9
-9
-9
-6
-7
-10
-3
-7
-4
1
0
0
2
2
6
9
4
5
6
4
3
9
10
11
14
13
16
15
15
13
8
11
9
7
9
9
12
13
12
6
11
10
9
8
7
10
8
10
5
8
13
11
13
11
13
13
11
10
9
6
7
5
6
8
9
11
8
5
9
9
3
5
5
5
4
5
5
5
8
8
8
6
5
7
3
6
7
3
6
10
8
10
10
7
13
18
15
14
17
23
19
18
22
22
24
23
23
20
23
24
21
24
21
23
22
21
20
21
18
20
18
20
26
21
19
17
16
16
17
21
22
16
18
15
14
14
11
6
6
4
4
6
4
2
0
3
1
5
3
4
9
6
5
5
7
8
1
3
0
-2
-7
-4
-5
-7
-6
-7
-1
0
6
4
4
8
10
12
10
16
16
19
21
15
17
18
18
20
25
25
29
25
24
29
26
28
26
27
29
25
24
24
22
23
21
23
22
19
17
13
15
13
9
11
9
4
7
4
7
6
5
10
9
11
12
9
9
10
11
15
17
14
11
12
14
13
17
16
21
16
18
22
20
21
23
27
27
30
28
34
31
27
28
31
31
28
28
32
31
26
29
28
28
31
30
27
29
33
28
34
34
29
30
30
30
29
27
27
29
30
25
28
26
26
26
20
25
22
26
26
24
23
23
22
25
27
26
23
20
23
24
19
20
21
23
27
23
26
23
23
23
22
19
15
17
20
20
19
18
19
20
18
22
23
18
18
25
19
17
21
19
21
23
20
19
23
23
25
21
18
15
12
11
13
9
7
9
10
13
8
5
7
7
7
7
3
2
0
5
3
-1
-1
-2
0
-3
-3
-4
-4
-8
-1
-6
-10
-9
-10
-12
-10
-6
-8
-8
-10
-4
-4
-2
-2
0
1
3
2
5
3
7
8
11
14
12
11
8
11
16
14
15
17
11
17
16
21
22
23
22
22
30
24
29
30
31
31
29
29
27
26
26
27
25
29
28
25
17
20
18
16
17
14
14
14
14
13
11
10
6
2
7
3
-2
1
-5
-3
-3
-7
-4
-7
-5
-7
-6
-5
-1
-2
-3
2
-1
2
1
5
8
5
12
13
11
12
16
16
19
17
18
21
21
24
23
17
23
26
27
25
25
28
25
23
18
19
21
15
16
15
14
16
11
10
9
13
8
6
1
0
-2
-3
-3
-5
-2
-8
-7
-7
-9
-12
-14
-12
-11
-12
-13
-13
-8
-11
-13
-12
-11
-8
-5
-8
-5
-5
-3
0
-2
3
0
0
7
6
7
5
9
12
10
14
13
10
9
13
10
13
11
7
10
10
9
12
13
12
15
12
13
9
8
8
8
2
7
7
5
8
5
4
2
3
2
5
2
1
7
7
6
2
6
6
4
6
3
8
6
3
4
6
6
3
5
4
7
9
3
8
9
5
10
11
9
5
3
5
2
3
-1
-2
-5
-7
-10
-7
-10
-13
-11
-12
-8
-9
-7
-10
-10
-7
-4
-7
-8
-5
-5
-5
-7
-4
-3
3
1
4
3
3
1
0
6
5
5
0
4
4
2
-1
2
7
2
2
4
3
4
6
1
2
6
7
0
3
4
2
0
2
-2
0
-1
-3
-3
1
-2
-3
-4
-4
1
-4
-3
-1
-7
-3
-2
-2
-3
-2
-2
-3
-1
1
-3
-6
-1
-3
-2
-2
-5
-6
-6
-9
-12
-11
-8
-13
-13
-7
-6
-9
-4
-6
-9
-7
-9
-4
-1
-4
-6
-1
-6
-6
-3
-4
-5
-6
-5
-8
-10
-14
-7
-10
-8
-4
-8
-5
-7
-5
-11
-10
-13
-14
-15
-11
-10
-5
-6
-8
-4
-1
-5
-5
0
2
1
0
-2
-3
-3
1
0
-2
-2
-4
-5
-6
-6
-4
-6
-5
-5
-8
-6
-8
-5
-2
-8
-10
-6
-9
-4
-7
-11
-12
-7
-11
-11
-17
-18
-15
-16
-17
-17
-13
-17
-19
-21
-16
-12
-13
-13
-14
-17
-16
-15
-11
-11
-12
-10
-8
-6
-2
-3
-1
0
1
3
5
7
4
4
5
4
2
4
1
4
7
9
13
12
7
9
11
6
10
7
5
6
9
8
13
10
8
9
6
10
9
10
8
10
8
4
9
5
2
3
2
-2
-2
0
-2
-3
-2
-3
-5
-3
0
-3
-1
-4
-5
-4
-1
2
-2
0
1
0
1
0
-1
-3
-2
-3
-3
-2
-2
0
-3
-2
-1
-1
1
2
-4
-3
0
-5
-2
-1
-1
1
2
-1
-2
0
1
4
4
1
-1
-3
-2
-2
-4
-3
-3
-3
1
2
-2
0
3
2
3
3
5
7
8
9
9
8
6
4
-1
1
5
1
1
5
0
4
5
6
5
4
6
2
1
2
2
5
5
6
4
1
0
-2
1
1
0
2
5
1
1
4
7
9
6
8
6
9
12
11
12
13
12
14
9
8
8
6
11
13
9
12
10
11
10
10
11
9
14
10
16
18
17
18
18
17
15
14
13
12
14
13
12
11
13
9
7
5
7
3
4
7
1
0
3
4
3
