-33
-35
-34
-34
-34
-31
-30
-32
-33
-33
-35
-32
-33
-40
-35
-41
-37
-35
-38
-40
-40
-43
-41
-40
-41
-38
-39
-39
-38
-34
-33
-33
-34
-33
-32
-32
-30
-30
-24
-22
-18
-25
-22
-22
-24
-22
-23
-20
-24
-20
-20
-21
-19
-20
-22
-22
-19
-18
-19
-17
-12
-6
-9
-7
-3
-5
-2
-2
-2
5
4
3
4
7
4
4
4
-3
3
6
4
4
4
4
3
7
5
7
6
5
4
9
9
8
9
9
7
8
9
8
8
10
14
9
14
13
13
15
14
13
13
13
14
18
12
16
14
16
13
13
17
17
16
13
16
18
13
14
14
15
15
8
4
3
9
3
3
5
3
5
5
3
1
2
3
1
-3
3
2
1
0
-5
-3
-3
-4
-6
-5
-8
-6
-6
-10
-9
-11
-10
-10
-13
-10
-13
-12
-7
-8
-9
-10
-9
-6
-6
-6
-7
-5
-4
-5
-2
0
-2
1
4
4
0
2
-3
-3
2
0
2
-3
-1
-1
0
-2
-3
3
-1
0
-5
-6
-3
-2
-3
-6
-5
-7
-5
-8
-12
-10
-12
-13
-13
-13
-11
-12
-13
-11
-14
-14
-10
-11
-9
-8
-9
-7
-9
-7
-13
-10
-8
-8
-1
-2
-5
-3
-3
1
-2
-5
-3
-5
-1
2
3
2
7
6
4
5
7
7
9
11
10
13
9
13
11
12
9
10
7
6
4
6
7
9
8
3
8
8
4
3
5
3
2
6
4
3
1
2
4
5
0
1
3
2
1
2
3
4
3
3
1
1
0
1
0
-7
-3
-2
0
1
-1
1
1
0
1
3
1
-1
-1
-1
-2
-4
-4
-4
-7
-4
-2
-5
-4
-4
-4
-6
-5
-1
-4
2
-1
-6
1
-2
-4
-3
-2
-5
-6
-10
-9
-9
-9
-8
-10
-12
-16
-11
-17
-20
-15
-14
-15
-17
-21
-22
-23
-22
-23
-19
-23
-22
-25
-24
-22
-22
-22
-23
-21
-21
-23
-22
-22
-18
-20
-25
-22
-21
-21
-18
-18
-15
-15
-17
-13
-10
-8
-7
-9
-9
-10
-10
-6
-5
-5
-6
-8
-10
-3
-3
1
1
2
6
6
7
11
5
7
5
8
11
5
14
13
13
11
13
13
13
16
19
14
18
21
19
27
21
23
24
22
26
22
25
25
25
29
28
27
30
32
34
35
37
37
35
34
33
36
39
36
37
40
34
36
39
38
35
38
34
36
33
34
33
30
33
33
35
34
34
33
38
31
27
30
26
28
27
23
22
23
20
22
21
19
25
20
22
19
16
24
25
25
25
23
24
23
25
20
21
20
20
23
18
17
16
15
13
12
14
13
9
8
10
9
8
6
6
6
6
1
4
3
2
3
-1
-1
-2
-4
-4
-5
-8
-9
-11
-12
-14
-12
-18
-16
-17
-16
-17
-22
-17
-20
-22
-23
-20
-20
-21
-30
-28
-26
-29
-27
-24
-27
-25
-24
-25
-24
-17
-21
-17
-14
-15
-6
-9
-3
-9
-4
-1
-2
-1
3
2
1
0
-1
1
-4
-1
-2
-2
1
-5
-4
0
3
6
3
5
6
2
6
6
7
8
8
5
6
7
3
8
2
4
8
3
4
6
5
2
3
5
7
4
2
4
3
4
1
3
1
2
3
4
5
2
-1
-3
2
-5
-2
-2
-2
-1
-3
-4
-1
2
0
3
-5
-2
4
2
2
-2
0
3
0
5
0
3
0
0
1
-1
2
1
-3
-8
-4
-2
1
-5
-3
-3
-11
-7
-8
-9
-12
-11
-8
-11
-12
-13
-10
-12
-13
-14
-12
-15
-18
-16
-16
-15
-14
-17
-19
-18
-16
-18
-19
-21
-24
-18
-22
-18
-22
-22
-21
-18
-24
-21
-23
-21
-18
-18
-15
-17
-17
-14
-15
-10
-9
-12
-9
-11
-11
-11
-8
-10
-9
-7
-11
-10
-8
-7
-11
-10
-7
-8
-3
-1
-2
2
3
2
4
12
9
14
12
16
17
17
21
19
21
20
20
25
25
23
26
27
27
29
28
26
26
23
23
26
23
22
20
24
26
26
30
31
29
34
33
32
37
38
36
38
40
37
37
37
38
37
40
43
42
37
44
42
38
34
35
36
33
33
29
32
25
25
27
25
23
17
17
16
15
19
21
22
20
19
22
20
20
19
18
24
26
26
27
28
28
25
22
20
24
25
20
21
17
22
24
25
24
23
24
24
22
19
17
14
8
2
1
-1
-3
-3
-5
-3
-3
-4
-4
-4
-1
-3
2
4
0
-3
-5
-6
-1
-5
-6
-7
-10
-11
-12
-12
-15
-8
-10
-7
-8
-13
-8
-10
-13
-13
-10
-10
-12
-10
-10
-8
-4
2
-3
-4
-6
-3
-2
-4
-2
-1
-3
-4
-2
-1
-2
-4
-4
1
3
-2
3
0
-2
1
-3
0
1
-1
2
-3
0
-3
-5
-1
1
2
-3
-1
2
6
6
8
1
1
2
1
6
4
9
8
14
11
13
13
17
19
18
20
20
22
22
20
18
20
22
23
23
23
26
26
26
26
25
22
23
23
23
26
22
23
25
31
31
30
30
31
33
32
33
33
33
31
29
31
30
31
31
33
35
34
36
37
35
34
36
36
39
37
38
37
38
38
36
40
38
34
37
36
37
30
32
31
29
29
28
26
23
24
20
21
19
17
15
9
10
13
11
11
14
8
11
11
6
6
6
3
1
8
3
3
6
4
6
5
6
2
5
3
0
0
1
3
-1
2
1
4
3
1
0
-2
-1
-4
-4
-7
-12
-12
-11
-15
-20
-19
-11
-14
-17
-13
-14
-13
-11
-11
-12
-6
-6
-1
-2
-2
0
0
2
2
4
3
6
0
2
6
6
1
2
3
-1
2
1
4
2
3
4
3
9
1
1
3
3
9
6
7
9
11
8
9
11
12
10
8
7
8
8
9
12
11
8
7
3
5
11
12
9
8
8
9
10
9
9
9
11
13
10
11
11
12
18
17
19
17
18
14
19
25
27
30
29
27
25
25
29
27
24
25
27
30
29
30
27
28
28
26
28
26
27
25
22
21
19
19
21
15
18
17
12
12
10
10
9
8
10
2
-2
0
8
4
3
6
3
6
6
8
5
8
6
5
6
3
7
2
-1
-3
-1
-1
-3
-1
1
-1
-5
-4
-3
-2
0
-1
2
-1
0
4
0
3
2
4
3
10
11
12
4
6
10
10
6
4
6
4
7
2
4
3
2
2
5
6
9
9
10
13
10
17
17
16
16
19
20
16
15
19
17
19
19
16
19
21
22
19
18
20
23
21
24
22
26
27
28
26
26
29
30
32
31
34
34
34
33
37
37
38
39
37
40
38
36
39
37
35
32
33
35
33
34
31
29
28
32
32
31
30
32
35
31
32
37
36
34
35
35
36
36
34
32
33
32
32
36
32
30
35
29
28
28
26
26
21
22
21
19
14
10
9
6
3
4
2
0
-3
-3
-4
-9
-7
-7
-10
-10
-15
-13
-13
-12
-9
-15
-12
-14
-14
-12
-15
-18
-20
-21
-23
-21
-24
-23
-29
-28
-28
-32
-27
-29
-35
-36
-34
-34
-33
-36
-31
-30
-34
-35
-34
-36
-40
-38
-36
-40
-40
-42
-43
-39
-45
-43
-46
-48
-47
-44
-45
-44
-39
-42
-41
-39
-40
-39
-39
-36
-34
-33
-30
-31
-31
-31
-33
-34
-28
-29
-27
-23
-23
-22
-19
-20
-24
-20
-17
-15
-17
-8
-10
-8
-9
-6
-9
-5
-1
-6
0
-7
0
8
7
7
3
8
7
12
12
11
14
13
17
13
14
13
13
18
16
18
18
18
19
23
22
22
24
19
27
24
22
26
29
32
26
23
28
27
29
31
29
33
35
35
36
33
34
36
37
38
40
36
34
36
33
37
36
33
36
32
33
35
32
34
34
33
33
34
33
35
36
34
35
36
29
34
31
26
28
29
27
25
22
24
18
17
18
17
19
14
17
16
20
21
22
21
21
22
22
23
23
21
18
23
21
23
22
19
16
8
14
16
15
19
15
18
21
14
15
15
15
14
12
12
11
6
8
12
13
13
7
5
8
9
5
7
5
4
5
5
7
4
8
4
3
6
4
8
6
9
5
1
3
-1
3
0
0
3
1
-1
3
-1
2
5
3
5
4
6
7
5
2
5
2
1
4
4
5
1
5
1
1
-1
1
2
0
3
-5
-8
-5
-6
-6
-8
-11
-9
-5
-7
-7
-8
-10
-4
-8
-7
-11
-12
-9
-13
-13
-13
-10
-4
-7
-6
-10
-14
-8
-10
-12
-10
-8
-12
-9
-9
-10
-14
-12
-12
-8
-8
-6
-9
-14
-11
-11
-9
-10
-11
-9
-9
-15
-14
-14
-17
-21
-23
-24
-21
-24
-29
-31
-29
-30
-31
-31
-28
-26
-30
-29
-28
-30
-32
-32
-33
-34
-42
-35
-37
-37
-39
-38
-38
-38
-42
-40
-37
-35
-30
-31
-32
-36
-34
-34
-34
-34
-31
-33
-33
-33
-33
-31
-34
-33
-32
-34
-33
-28
-29
-31
-26
-30
-32
-32
-32
-32
-31
-33
-30
-32
-29
-31
-29
-24
-25
-26
-24
-22
-22
-16
-20
-20
-15
-17
-19
-19
-12
-11
-11
-8
-4
-4
-1
-2
-3
3
5
4
5
4
5
9
11
10
13
12
14
14
12
15
16
19
21
21
20
23
21
25
27
27
24
20
20
24
28
29
31
30
27
27
27
34
34
35
34
40
43
39
41
41
40
37
40
39
42
40
41
38
39
36
33
40
34
35
33
30
30
32
29
30
32
32
34
31
27
31
32
31
30
28
28
23
24
23
28
25
26
26
27
27
32
35
34
35
33
30
29
30
26
26
22
22
22
19
17
16
12
14
14
17
13
12
11
8
12
12
6
3
7
2
6
4
2
2
0
0
-1
-3
-6
-7
-5
-8
-8
-4
-9
-9
-9
-12
-12
-15
-11
-14
-9
-10
-13
-11
-14
-17
-16
-16
-18
-16
-19
-21
-26
-21
-20
-26
-23
-26
-23
-25
-21
-25
-23
-20
-22
-19
-23
-18
-18
-19
-23
-22
-15
-21
-14
-15
-16
-15
-17
-11
-14
-13
-12
-11
-14
-10
-11
-13
-7
-8
-10
-14
-13
-16
-12
-12
-11
-15
-16
-13
-14
-15
-19
-24
-24
-21
-24
-18
-19
-13
-13
-16
-11
-11
-16
-12
-7
-11
-9
-7
-3
0
-3
1
-2
-3
-3
-7
-6
-3
-2
-4
-5
-3
-2
-3
-2
-2
-4
-1
-6
-6
-4
-2
-7
-8
-9
-14
-13
-13
-11
-12
-12
-12
-15
-15
-18
-13
-10
-14
-9
-7
-5
-5
-7
-5
-6
-6
-3
-3
-3
-6
-3
-6
-6
-8
-11
-11
-15
-22
-20
-26
-29
-27
-27
-24
-25
-25
-23
-22
-23
-24
-22
-21
-14
-14
-20
-20
-18
-16
-17
-17
-15
-11
-14
-12
-9
-10
-6
-11
-7
-8
-10
-5
-6
-6
-9
-5
-4
-5
-7
-10
-9
-9
-8
-12
-12
-8
-9
-11
-7
-8
-9
-5
-6
-8
-11
-12
-12
-10
-9
-8
-7
-9
-8
-5
-5
-7
-5
-8
-9
-6
-8
-7
-3
-4
-6
-10
-10
-8
-9
-7
-10
-6
-4
-5
-4
0
-2
-2
0
5
2
1
1
2
4
4
9
5
8
7
4
8
7
5
4
4
5
6
3
4
7
4
5
9
9
11
12
12
15
14
12
12
17
17
17
18
19
21
18
13
9
15
15
12
14
9
7
9
9
7
6
5
7
3
0
2
1
5
4
4
7
2
0
-2
-6
-4
-3
-2
-3
-6
-2
-1
-2
-9
-3
-4
-8
-4
-9
-2
-1
2
-1
-3
-1
-3
-3
-7
-7
-4
-5
-6
-6
-8
-8
-9
-8
-11
-15
-15
-15
-18
-16
-20
-28
-25
-25
-21
-19
-19
-23
-25
-17
-21
-22
-26
-25
-27
-31
-30
-28
-26
-27
-28
-27
-26
-28
-27
-24
-28
-27
-23
-28
-25
-23
-29
-27
-27
-25
-24
-28
-30
-28
-28
-29
-28
-31
-33
-35
-33
-29
-29
-30
-33
-33
-34
-35
-27
-25
-25
-29
-29
-29
-31
-31
-28
-31
-32
-34
-36
-38
-34
-33
-35
-35
-33
-37
-36
-34
-39
-32
-32
-32
-33
-28
-26
-29
-25
-25
-24
-24
-20
-22
-20
-19
-20
-17
-16
-17
-16
-13
-13
-13
-14
-9
-12
-12
-11
-11
-5
-11
-15
-15
-15
-11
-12
-11
-11
-8
-11
-13
-15
-13
-15
-15
-18
-15
-13
-17
-15
-17
-14
-19
-20
-20
-21
-19
-24
-24
-26
-27
-27
-23
-25
-27
-24
-29
-28
-24
-26
-26
-24
-24
-25
-27
-25
-29
-25
-22
-23
-23
-22
-23
-23
-20
-24
-21
-23
-20
-22
-24
-19
-22
-24
-21
-22
-22
-20
-18
-18
-24
-23
-23
-22
-23
-25
-24
-19
-21
-25
-26
-29
-29
-28
-31
-33
-29
-32
-31
-31
-29
-30
-26
-27
-23
-26
-30
-27
-35
-37
-36
-36
-35
-32
-33
-31
-34
-34
-31
-34
-34
-39
-39
-33
-35
-32
-32
-36
-38
-37
-37
-35
-37
-37
-35
-33
-32
-32
-31
-34
-28
-29
-28
-32
-32
-30
-27
-25
-26
-29
-24
-27
-25
-23
-23
-22
-21
-22
-23
-20
-24
-18
-21
-22
-22
-23
-25
-22
-16
-17
-18
-18
-13
-13
-9
-8
-7
-4
-1
-3
-5
-3
-1
1
-3
0
-2
1
-2
3
0
2
6
-1
-1
0
-2
1
-1
1
3
5
6
7
4
4
4
2
9
2
6
10
9
9
5
6
8
7
7
6
6
1
-1
-7
-8
-4
0
-3
-3
-5
-1
-2
-5
2
1
0
-5
-4
-4
-5
-4
-3
-2
-1
-4
-6
-6
-5
-6
-7
-10
-9
-10
-11
-13
-12
-13
-14
-14
-17
-16
-18
-17
-22
-20
-21
-20
-22
-24
-24
-28
-27
-27
-28
-24
-26
-27
-27
-28
-27
-33
-32
-32
-34
-32
-37
-39
-40
-39
-35
-41
-34
-31
-37
-36
-35
-35
-33
-32
-33
-34
-40
-43
-36
-37
-37
-39
-36
-34
-35
-29
-31
-28
-28
-37
-36
-33
-33
-28
-28
-27
-27
-23
-23
-20
-18
-19
-16
-19
-14
-10
-4
-1
-4
-2
1
4
7
13
10
12
11
8
15
17
18
21
22
22
23
23
21
21
19
13
15
10
12
16
10
10
10
15
12
13
6
4
5
1
2
-2
-1
-6
-6
-4
-5
-8
-10
-11
-14
-12
-11
-17
-17
-18
-19
-29
-30
-32
-33
-33
-37
-31
-38
-36
-38
-41
-40
-43
-44
-47
-53
-54
-57
-59
-64
-63
-62
-64
-64
-63
-62
-60
-62
-62
-61
-66
-68
-66
-68
-65
-70
-70
-66
-64
-66
-67
-66
-72
-70
-70
-72
-74
-70
-68
-68
-69
-67
-62
-62
-61
-59
-59
-56
-54
-54
-51
-54
-58
-54
-55
-55
-57
-51
-43
-44
-45
-45
-39
-42
-36
-30
-25
-14
-5
6
16
25
37
39
46
57
60
69
69
73
79
84
86
84
84
79
77
81
76
72
67
62
60
53
41
35
24
17
21
13
9
10
9
11
12
6
5
2
-2
-3
-7
-1
-9
-9
-13
-16
-14
-11
-8
-12
-11
-16
-16
-22
-23
-24
-26
-27
-33
-28
-32
-32
-37
-37
-37
-36
-39
-40
-41
-42
-36
-36
-29
-32
-26
-23
-20
-18
-21
-22
-18
-15
-20
-20
-24
-21
-19
-19
-17
-16
-14
-12
-12
-13
-11
-8
-11
-15
-13
-16
-15
-13
-13
-12
-8
-12
-16
-15
-13
-13
-11
-15
-19
-25
-27
-31
-37
-30
-30
-20
-9
5
26
43
59
70
77
91
101
109
110
110
108
105
110
106
112
110
107
108
107
108
109
104
90
82
68
55
47
33
21
8
-4
-6
-3
-3
0
1
1
5
0
1
-2
-5
-13
-20
-26
-28
-29
-34
-32
-38
-34
-23
-14
-3
1
6
7
12
10
13
9
1
-1
-7
-9
-12
-7
-3
-6
-8
3
0
5
3
3
0
-11
-15
-18
-16
-21
-22
-23
-21
-21
-14
-10
-8
-4
-9
-12
-15
-17
-26
-33
-38
-42
-42
-44
-44
-41
-50
-44
-43
-43
-45
-43
-48
-52
-50
-59
-51
-58
-60
-65
-59
-62
-63
-54
-54
-52
-52
-55
-59
-59
-62
-68
-72
-72
-73
-72
-73
-74
-74
-70
-66
-61
-61
-59
-55
-52
-56
-55
-49
-49
-47
-43
-45
-42
-44
-46
-44
-44
-42
-29
-14
-3
12
22
38
47
54
65
78
88
90
85
86
86
89
96
91
93
91
87
89
92
87
85
80
72
64
53
45
40
25
24
19
19
21
26
32
29
33
32
36
36
36
34
25
18
12
12
16
18
19
21
25
33
41
53
53
54
47
47
46
41
35
27
22
23
24
30
28
29
34
37
34
39
41
37
35
28
24
25
21
17
22
17
26
25
24
26
18
19
17
4
8
6
5
0
-9
-13
-12
-7
-14
-13
-26
-19
-19
-18
-13
-21
-19
-24
-27
-36
-38
-39
-44
-46
-39
-37
-39
-39
-39
-27
-20
-17
-20
-24
-30
-34
-38
-36
-35
-41
-39
-43
-40
-39
-32
-30
-26
-18
-16
-9
-11
-11
-10
-16
-15
-15
-14
-16
-16
-14
-9
5
17
31
46
59
73
82
89
101
109
108
105
100
100
101
93
92
96
94
89
90
90
86
86
86
74
69
61
54
50
42
36
30
31
31
39
38
34
33
33
33
35
38
32
29
24
11
4
8
10
7
5
10
14
19
28
33
36
35
36
33
33
28
28
25
21
14
19
16
20
24
27
28
23
27
24
16
8
9
2
-13
-7
-9
-13
-6
-8
-5
-5
7
7
5
-5
2
8
2
4
-6
4
-10
-23
-19
-25
-21
-24
-24
-23
-37
-39
-30
-42
-28
-25
-44
-45
-46
-54
-46
-49
-48
-43
-39
-27
-34
-40
-54
-47
-60
-63
-62
-70
-75
-79
-84
-77
-68
-65
-63
-51
-52
-48
-37
-35
-28
-28
-27
-33
-31
-33
-29
-25
-27
-31
-29
-22
-14
-4
11
23
37
50
68
79
87
94
100
100
101
104
98
93
93
94
91
86
88
89
85
85
82
80
74
67
57
46
41
34
25
16
17
15
15
17
20
30
29
33
33
32
34
23
22
19
20
18
20
19
22
29
29
32
44
46
50
48
48
50
47
45
39
39
40
40
41
45
50
49
45
50
55
54
51
49
29
26
29
21
23
11
6
-3
3
4
14
-4
-10
-1
-2
14
-3
-6
2
-8
-32
-31
-22
-37
-53
-36
-52
-46
-35
-54
-51
-43
-61
-46
-57
-64
-49
-60
-52
-69
-55
-66
-66
-67
-54
-60
-67
-64
-58
-57
-65
-70
-78
-74
-78
-68
-62
-64
-71
-59
-59
-52
-53
-47
-48
-45
-48
-54
-52
-54
-65
-72
-72
-66
-51
-33
-15
3
28
50
76
89
97
106
106
99
95
95
83
79
74
67
64
66
64
67
65
61
58
53
54
47
35
27
12
5
-3
-11
-11
-9
-7
-2
3
8
14
17
23
21
20
13
9
8
12
7
9
11
20
34
35
42
42
44
44
43
42
35
33
23
24
25
17
25
33
35
41
36
28
33
27
25
24
21
14
4
3
9
2
-5
-11
-11
-12
-5
-1
1
4
1
12
-3
-4
-17
-16
-17
-29
-30
-21
-35
-39
-31
-32
-32
-30
-8
-21
-6
-28
-47
-36
-32
-34
-59
-58
-73
-70
-61
-55
-61
-72
-60
-69
-64
-76
-84
-92
-88
-82
-82
-78
-81
-75
-72
-67
-61
-57
-57
-60
-63
-71
-80
-87
-95
-88
-70
-47
-26
-1
31
78
117
146
167
187
191
181
173
165
156
133
113
98
90
84
84
80
77
75
68
63
56
42
25
10
-5
-20
-32
-38
-39
-41
-42
-30
-18
3
17
16
16
17
15
9
0
-6
-10
-17
-19
-12
-2
10
24
39
54
66
78
80
80
77
67
58
52
43
30
28
20
18
21
26
30
29
26
24
14
14
12
-2
-2
-9
-20
-21
-12
-6
-1
-4
-9
-14
-10
-12
-17
-20
-45
-49
-53
-58
-68
-72
-66
-75
-64
-65
-70
-70
-80
-77
-71
-70
-75
-88
-99
-95
-88
-92
-81
-86
-98
-105
-103
-103
-114
-121
-131
-135
-144
-152
-156
-159
-158
-155
-149
-153
-145
-129
-131
-127
-124
-125
-129
-137
-148
-160
-154
-124
-73
-26
8
52
121
197
252
289
322
341
340
317
302
285
249
202
167
140
111
100
99
80
55
35
24
8
-30
-67
-101
-136
-164
-188
-193
-181
-165
-145
-113
-79
-37
9
33
46
60
63
56
47
41
37
25
16
27
45
67
90
102
111
118
126
122
108
84
61
45
25
16
6
5
11
15
26
39
50
46
41
36
28
21
7
-2
-12
-23
-15
-5
3
18
24
26
26
24
21
7
-14
-38
-66
-82
-88
-94
-96
-100
-97
-97
-93
-79
-74
-75
-80
-90
-95
-92
-97
-109
-110
-108
-108
-96
-81
-80
-76
-72
-79
-86
-97
-122
-146
-171
-192
-208
-217
-218
-224
-220
-215
-208
-200
-197
-190
-191
-199
-206
-216
-204
-139
-30
69
141
227
353
494
591
639
681
696
663
606
550
493
410
316
230
163
115
84
63
34
-18
-67
-94
-132
-190
-248
-294
-329
-359
-358
-318
-261
-189
-121
-40
49
142
225
265
282
285
291
275
249
230
217
208
191
188
204
227
241
224
197
169
135
92
31
-27
-78
-112
-132
-136
-126
-98
-61
-29
6
45
80
99
94
89
84
81
82
78
78
90
104
107
112
108
97
66
23
-24
-74
-125
-173
-219
-249
-258
-253
-239
-224
-211
-199
-187
-177
-168
-160
-154
-158
-164
-153
-142
-122
-102
-92
-82
-68
-66
-66
-87
-123
-149
-190
-219
-264
-299
-322
-344
-346
-350
-337
-309
-290
-280
-261
-238
-224
-221
-233
-242
-249
-268
-254
-156
-6
154
259
360
519
684
807
846
863
835
750
638
529
436
314
197
95
17
-41
-68
-62
-89
-162
-224
-256
-292
-348
-407
-438
-440
-427
-380
-283
-164
-27
95
193
296
391
471
489
453
402
358
308
248
210
187
171
150
137
145
155
153
118
50
-10
-63
-115
-160
-193
-208
-200
-159
-97
-20
55
131
197
227
255
272
274
246
203
170
155
150
148
139
126
120
111
85
41
-11
-66
-131
-196
-239
-269
-275
-269
-252
-216
-167
-112
-71
-55
-50
-46
-49
-65
-85
-106
-117
-129
-130
-115
-95
-89
-87
-101
-116
-141
-176
-220
-274
-315
-348
-372
-384
-371
-356
-328
-304
-289
-259
-239
-219
-213
-222
-241
-255
-264
-275
-270
-266
-183
-12
194
376
490
625
795
929
976
961
916
822
688
538
415
313
196
93
-3
-77
-117
-143
-159
-224
-317
-385
-423
-456
-493
-489
-454
-377
-271
-140
38
213
376
488
552
607
640
641
571
468
377
304
237
175
138
108
80
54
7
-27
-51
-98
-167
-248
-292
-308
-287
-247
-189
-104
3
120
233
329
411
460
471
454
423
399
363
312
261
223
194
183
157
111
55
-5
-66
-136
-202
-259
-291
-313
-308
-269
-224
-158
-92
-37
1
39
68
66
45
10
-14
-31
-53
-71
-89
-100
-102
-112
-130
-146
-175
-208
-251
-307
-348
-368
-393
-405
-402
-387
-359
-325
-297
-271
-249
-249
-255
-258
-256
-249
-231
-224
-204
-190
-176
-149
-152
-156
-160
-99
44
204
325
404
520
658
779
838
822
787
690
556
422
299
191
63
-56
-165
-240
-274
-285
-279
-323
-373
-406
-410
-392
-387
-360
-306
-222
-117
5
160
313
437
514
551
571
566
536
441
320
202
104
28
-42
-85
-128
-167
-188
-201
-206
-210
-219
-235
-253
-237
-187
-113
-37
42
136
239
347
431
485
510
505
473
425
371
307
244
173
99
46
5
-28
-63
-110
-156
-192
-214
-227
-236
-238
-223
-188
-142
-83
-29
19
52
68
69
61
47
14
-31
-76
-112
-132
-143
-156
-174
-189
-203
-221
-232
-249
-274
-293
-321
-330
-317
-319
-299
-290
-285
-267
-249
-226
-203
-207
-223
-214
-190
-171
-158
-163
-166
-152
-155
-173
-200
-227
-258
-291
-254
-76
174
358
434
534
712
890
948
911
840
713
541
383
281
190
75
-36
-115
-181
-221
-211
-198
-260
-374
-466
-477
-446
-420
-380
-298
-174
-20
161
337
498
618
660
634
574
525
477
376
221
95
14
-25
-47
-69
-108
-177
-242
-303
-358
-386
-378
-358
-342
-297
-191
-20
159
302
389
460
532
577
577
531
456
383
311
248
201
167
126
66
0
-66
-112
-161
-227
-302
-359
-374
-341
-280
-211
-140
-58
32
112
160
177
168
135
86
36
-1
-27
-55
-92
-114
-122
-127
-135
-180
-239
-298
-349
-384
-407
-428
-415
-388
-359
-303
-243
-181
-135
-118
-138
-165
-196
-226
-242
-276
-317
-311
-286
-252
-201
-170
-149
-147
-168
-189
-228
-287
-336
-323
-140
182
418
511
617
834
1028
1068
989
876
721
492
275
142
64
-38
-135
-192
-238
-277
-272
-237
-291
-431
-546
-557
-499
-418
-342
-224
-41
174
378
548
675
752
758
659
517
417
349
236
73
-52
-111
-143
-155
-181
-239
-333
-424
-486
-529
-538
-492
-380
-234
-57
137
344
555
686
739
736
683
615
509
386
267
166
101
56
21
-14
-51
-102
-156
-219
-281
-313
-327
-323
-289
-215
-109
10
120
197
233
260
247
207
135
41
-38
-103
-152
-189
-207
-219
-234
-254
-273
-290
-319
-352
-378
-393
-395
-360
-321
-272
-208
-164
-116
-78
-69
-76
-113
-170
-230
-260
-279
-295
-291
-293
-269
-226
-182
-151
-156
-169
-197
-236
-284
-334
-357
-365
-304
-95
256
580
729
786
896
1034
1054
929
747
555
345
158
62
40
2
-62
-112
-157
-209
-256
-269
-295
-367
-436
-417
-276
-88
93
247
404
555
679
746
734
665
559
421
255
123
58
6
-79
-172
-237
-274
-308
-340
-407
-499
-560
-564
-503
-412
-277
-113
56
300
580
796
909
919
855
762
671
538
370
183
6
-85
-139
-174
-207
-271
-323
-347
-342
-313
-266
-222
-149
-56
48
175
294
355
358
334
296
260
192
93
-34
-143
-217
-261
-292
-337
-388
-437
-464
-457
-424
-391
-360
-338
-288
-232
-184
-143
-127
-127
-140
-160
-168
-199
-248
-289
-339
-352
-351
-338
-338
-364
-373
-389
-412
-417
-425
-436
-423
-436
-438
-401
-357
-296
-247
-163
106
513
792
845
818
892
1011
965
787
611
428
221
50
-51
-95
-179
-301
-361
-406
-473
-499
-436
-349
-307
-271
-138
105
334
489
585
654
724
762
722
614
482
369
255
111
-10
-73
-138
-234
-337
-425
-484
-507
-506
-496
-499
-468
-345
-185
-27
117
242
357
443
549
711
822
831
734
568
457
388
267
94
-100
-244
-291
-289
-263
-248
-254
-203
-102
-5
77
133
173
225
283
328
363
369
352
300
234
196
166
88
-49
-195
-296
-328
-346
-378
-410
-429
-393
-300
-197
-122
-86
-66
-47
-24
-13
-30
-73
-124
-174
-212
-231
-237
-259
-310
-379
-422
-437
-413
-392
-414
-437
-436
-403
-335
-259
-226
-201
-194
-187
-149
-138
-149
-180
-198
-58
278
641
802
768
722
788
819
695
519
334
173
32
-47
-28
-10
-48
-112
-143
-172
-221
-239
-191
-115
-73
-1
149
325
472
553
556
544
520
468
361
215
102
60
18
-47
-108
-156
-191
-237
-281
-313
-339
-340
-299
-237
-170
-86
4
89
159
203
226
236
220
250
359
466
513
457
346
253
168
74
-17
-100
-150
-151
-126
-69
3
65
130
173
182
170
146
151
187
222
229
202
163
145
141
115
65
-12
-96
-176
-233
-251
-248
-262
-286
-299
-281
-227
-169
-131
-115
-117
-104
-72
-50
-70
-112
-180
-228
-243
-268
-284
-343
-389
-440
-475
-477
-466
-451
-459
-442
-424
-407
-354
-325
-290
-266
-245
-220
-235
-236
-237
-235
-167
51
377
667
771
702
634
633
599
482
310
175
112
73
81
104
91
31
-56
-130
-184
-258
-289
-231
-97
55
196
317
418
493
523
493
428
344
269
185
98
66
62
47
-20
-127
-218
-283
-321
-339
-358
-366
-318
-217
-101
-17
10
14
18
40
77
101
88
63
40
69
282
472
515
412
176
42
15
13
-8
-77
-126
-65
53
138
221
194
112
106
87
109
124
95
122
170
220
243
194
131
95
40
-6
-37
-94
-146
-179
-207
-205
-179
-177
-202
-227
-219
-160
-99
-65
-59
-92
-85
-49
-44
-56
-131
-227
-267
-249
-243
-281
-346
-412
-418
-388
-359
-361
-366
-347
-326
-299
-284
-260
-262
-279
-280
-272
-252
-218
-195
-177
-27
300
691
905
818
627
568
607
593
479
361
309
274
266
285
245
119
-52
-189
-235
-256
-274
-228
-78
124
304
402
431
442
450
455
410
324
291
289
250
210
188
163
95
-48
-199
-301
-346
-323
-291
-282
-254
-187
-92
-5
19
-13
-43
-43
26
118
172
171
129
98
240
433
503
421
180
16
-12
6
47
46
-17
-26
20
50
120
133
57
29
27
84
180
190
196
208
210
238
188
94
35
-1
-30
-41
-70
-129
-170
-221
-260
-267
-279
-281
-297
-286
-215
-140
-95
-69
-84
-122
-123
-135
-166
-189
-237
-273
-274
-258
-248
-305
-410
-486
-510
-485
-442
-444
-487
-499
-478
-408
-310
-252
-243
-282
-316
-315
-280
-220
-94
154
500
820
893
731
554
494
498
441
345
274
247
253
265
262
190
34
-155
-281
-285
-246
-176
-65
90
259
382
425
379
337
328
325
303
264
275
290
282
229
144
63
-45
-165
-287
-356
-349
-284
-201
-147
-112
-81
-56
-54
-75
-76
-55
-2
75
163
219
212
159
117
106
131
191
186
149
87
34
64
91
106
88
39
15
44
92
120
150
126
111
139
147
185
176
146
143
108
98
97
69
36
5
-29
-67
-84
-121
-145
-169
-207
-206
-210
-201
-184
-177
-167
-162
-161
-157
-134
-144
-157
-159
-194
-206
-221
-243
-257
-281
-328
-374
-399
-416
-395
-392
-408
-399
-416
-435
-423
-431
-412
-366
-313
-262
-229
-233
-249
-256
-242
-65
244
600
818
760
590
476
465
484
475
414
353
311
275
285
270
164
12
-176
-279
-268
-196
-72
54
183
276
327
298
259
265
301
340
321
299
315
347
338
267
152
8
-115
-198
-242
-262
-249
-205
-167
-152
-132
-119
-123
-136
-146
-99
-18
88
189
251
259
219
166
130
156
231
283
282
206
133
117
116
136
116
65
32
32
59
96
139
148
121
97
87
123
164
202
229
206
184
163
135
102
75
37
-21
-77
-121
-142
-147
-173
-190
-223
-238
-224
-203
-184
-180
-177
-186
-176
-177
-170
-161
-171
-196
-236
-241
-219
-196
-208
-268
-347
-413
-432
-438
-423
-421
-436
-423
-413
-390
-373
-376
-364
-362
-368
-364
-347
-323
-263
-93
182
547
777
736
539
330
288
360
442
501
502
443
339
244
150
54
-57
-203
-304
-330
-242
-72
86
197
224
186
95
25
47
173
329
407
399
344
305
281
215
111
-28
-147
-208
-212
-193
-169
-144
-153
-201
-281
-330
-321
-284
-206
-114
-31
37
93
125
132
105
74
58
85
216
376
472
424
239
78
-20
-24
47
92
89
73
45
-11
-35
-28
-12
12
12
47
115
164
252
281
245
199
138
90
75
96
113
100
27
-67
-143
-198
-211
-215
-223
-210
-183
-171
-187
-211
-212
-199
-192
-184
-182
-185
-173
-141
-113
-107
-130
-174
-254
-320
-352
-355
-334
-329
-325
-342
-374
-383
-387
-374
-345
-304
-274
-247
-223
-224
-221
-236
-217
-82
180
517
748
705
463
233
179
282
434
543
579
525
415
292
146
27
-37
-59
-56
-46
-13
40
79
130
174
172
102
12
-11
63
212
336
393
370
302
223
104
-8
-77
-67
-2
50
28
-77
-176
-230
-242
-243
-247
-260
-275
-242
-161
-77
-18
30
62
56
22
19
62
141
222
287
289
219
157
109
65
41
58
83
83
80
62
6
-44
-55
-30
-13
1
30
35
40
71
108
116
100
101
99
87
61
29
0
-28
-35
-61
-100
-137
-142
-127
-126
-135
-153
-191
-229
-231
-220
-218
-208
-183
-166
-167
-171
-180
-199
-210
-206
-218
-250
-260
-257
-249
-238
-232
-224
-223
-226
-226
-231
-249
-254
-243
-233
-219
-211
-236
-270
-293
-262
-134
65
293
435
381
203
70
95
225
362
442
469
465
439
360
194
20
-57
-30
72
173
221
201
122
46
-6
-58
-74
-27
57
149
203
193
137
84
89
118
115
75
48
55
86
100
53
-25
-81
-91
-90
-98
-124
-161
-181
-149
-91
-61
-66
-78
-71
-60
-42
-14
11
53
112
148
130
88
70
79
80
77
73
67
63
63
42
-16
-73
-95
-86
-52
-21
12
20
21
31
34
23
28
61
97
115
100
68
32
17
28
29
10
-2
-2
-8
-40
-85
-132
-164
-163
-138
-119
-122
-142
-151
-169
-192
-212
-217
-208
-202
-186
-181
-187
-181
-178
-183
-202
-215
-202
-194
-181
-167
-182
-209
-226
-209
-188
-188
-185
-215
-234
-246
-236
-207
-196
-158
-58
82
83
-50
-131
-73
86
215
236
188
169
230
301
286
194
140
149
220
308
336
304
242
210
213
181
129
102
125
189
253
254
175
101
101
148
169
136
95
82
101
123
87
2
-62
-60
-21
15
7
-40
-70
-54
-14
-17
-64
-84
-75
-37
11
22
-6
-39
-18
5
2
-13
-7
0
-1
1
-22
-60
-72
-36
0
-11
-16
-6
8
33
53
47
11
13
57
80
68
46
43
54
57
60
47
23
25
38
26
-13
-44
-48
-55
-62
-75
-109
-142
-145
-133
-140
-166
-192
-192
-186
-185
-191
-206
-218
-210
-200
-209
-226
-234
-219
-203
-198
-214
-229
-232
-229
-232
-259
-286
-290
-276
-258
-264
-286
-311
-319
-286
-248
-180
-90
-37
-78
-142
-95
49
180
217
178
143
165
235
269
245
203
197
235
277
312
309
271
242
226
212
169
148
160
200
238
238
199
146
142
178
195
175
133
111
110
112
84
21
-34
-44
-10
14
12
-21
-63
-68
-39
-30
-53
-82
-86
-69
-41
-13
-13
-26
-26
-14
-31
-52
-39
-7
8
18
27
4
-18
-14
7
12
9
28
51
62
75
86
73
65
73
95
90
83
98
117
120
117
104
77
68
82
86
64
36
19
18
-1
-14
-39
-74
-90
-77
-75
-89
-109
-118
-121
-128
-125
-125
-126
-133
-133
-138
-153
-161
-152
-144
-150
-159
-172
-187
-204
-210
-219
-248
-254
-246
-247
-227
-228
-236
-267
-289
-277
-254
-207
-102
9
3
-83
-106
-3
146
233
215
155
133
199
291
300
247
209
224
271
324
343
309
258
241
242
209
169
173
205
244
258
237
169
125
147
187
185
137
110
109
115
109
64
-4
-40
-22
19
30
8
-33
-65
-52
-18
-24
-55
-73
-71
-53
-42
-43
-55
-63
-50
-39
-54
-58
-32
-2
8
1
-19
-38
-29
6
33
34
42
61
79
83
87
82
71
80
96
95
81
91
108
118
111
100
79
64
65
78
67
41
23
13
4
-14
-42
-73
-95
-97
-87
-104
-124
-139
-141
-142
-150
-159
-172
-178
-178
-181
-196
-197
-196
-195
-199
-208
-208
-199
-199
-207
-217
-241
-245
-233
-222
-216
-220
-237
-248
-260
-263
-240
-217
-190
-93
1
5
-70
-103
-7
134
223
221
164
150
226
318
315
255
224
238
290
341
351
299
238
231
236
199
157
144
167
201
233
215
144
92
109
157
158
118
88
82
93
103
72
8
-22
-2
36
46
25
-13
-49
-36
-9
-29
-72
-96
-86
-72
-53
-44
-61
-70
-45
-15
-16
-19
14
34
31
37
33
21
27
64
80
71
63
76
88
81
82
71
54
66
93
107
103
94
111
112
106
103
78
66
74
93
84
54
37
25
12
-17
-37
-54
-75
-69
-56
-66
-96
-112
-113
-125
-138
-144
-158
-166
-148
-133
-139
-151
-156
-154
-150
-155
-154
-161
-179
-170
-163
-182
-204
-213
-213
-206
-206
-225
-244
-267
-260
-219
-208
-186
-97
-7
-2
-62
-61
32
155
240
236
189
172
242
308
301
259
236
247
282
325
330
269
206
197
202
184
162
161
169
195
215
193
130
93
126
170
176
155
136
117
121
130
96
40
7
22
52
63
50
9
-37
-36
-17
-33
-68
-84
-75
-60
-38
-34
-64
-71
-36
1
6
5
19
33
37
43
30
-1
-3
31
59
46
32
34
36
47
54
44
26
29
58
75
64
60
69
77
81
84
67
42
51
70
61
25
-5
-17
-22
-19
-23
-45
-72
-75
-66
-79
-111
-138
-149
-149
-140
-143
-161
-168
-160
-152
-151
-166
-174
-164
-165
-168
-176
-192
-199
-202
-201
-216
-234
-238
-236
-239
-237
-251
-276
-294
-292
-263
-250
-207
-118
-23
-24
-84
-82
8
129
210
207
158
147
198
266
262
215
193
196
232
284
292
242
193
182
192
183
152
145
149
175
206
190
138
103
128
177
182
152
122
105
114
127
98
40
10
18
50
70
47
-4
-58
-62
-42
-45
-77
-89
-79
-59
-33
-34
-55
-61
-18
20
29
24
37
46
50
53
32
3
11
57
84
78
56
47
46
56
77
68
47
51
88
115
110
98
90
85
89
100
81
56
62
85
75
47
17
5
0
5
9
-26
-57
-62
-54
-62
-92
-115
-124
-121
-111
-112
-135
-158
-162
-150
-149
-163
-167
-175
-181
-171
-165
-177
-194
-200
-202
-224
-242
-239
-231
-227
-231
-236
-259
-272
-251
-221
-214
-183
-103
-18
-20
-73
-59
23
126
203
195
129
117
161
224
233
194
186
183
217
269
278
227
170
164
176
171
153
145
147
159
188
177
116
84
100
145
151
136
112
85
86
97
78
22
-12
-10
12
31
22
-31
-85
-87
-62
-57
-91
-111
-110
-89
-49
-39
-74
-95
-67
-23
-1
4
-1
-14
-11
0
-6
-35
-47
-12
16
24
20
11
0
13
44
53
36
39
74
96
94
74
55
44
55
78
79
63
62
75
77
59
37
19
8
19
31
16
-11
-25
-20
-26
-46
-65
-84
-91
-87
-83
-103
-130
-140
-134
-133
-134
-138
-152
-154
-153
-156
-176
-204
-217
-218
-222
-223
-221
-229
-240
-237
-236
-258
-270
-259
-239
-212
-158
-61
-17
-53
-83
-47
49
141
178
149
109
122
189
233
217
188
185
204
252
293
276
225
183
183
193
183
177
175
180
200
207
170
121
111
148
190
192
168
136
114
118
115
80
29
11
21
47
58
28
-33
-75
-64
-42
-50
-76
-96
-100
-68
-33
-32
-70
-84
-58
-34
-13
-3
-10
-36
-31
-16
-29
-50
-38
-11
14
24
27
18
3
22
49
48
38
46
70
78
75
69
49
43
63
84
82
73
74
76
65
47
35
17
12
25
31
14
-12
-23
-39
-59
-74
-83
-106
-113
-94
-91
-109
-142
-158
-160
-162
-150
-152
-163
-173
-175
-175
-192
-213
-226
-239
-243
-226
-215
-220
-233
-238
-249
-260
-263
-251
-236
-220
-204
-158
-81
-33
-50
-93
-71
12
105
152
139
104
108
170
224
211
190
184
204
248
283
278
229
180
183
199
193
177
170
163
170
192
175
132
112
144
182
183
158
128
99
97
109
86
39
12
18
43
58
36
-15
-55
-56
-36
-28
-42
-60
-74
-53
-21
-17
-42
-62
-60
-35
-5
12
-3
-29
-33
-23
-18
-30
-26
-8
10
27
35
24
8
24
47
44
45
53
62
67
73
72
57
48
60
85
88
84
91
80
63
62
55
30
16
25
29
15
3
-17
-40
-51
-53
-53
-66
-71
-72
-76
-97
-112
-121
-135
-132
-122
-124
-138
-153
-159
-174
-197
-205
-213
-222
-221
-217
-223
-237
-236
-239
-252
-261
-260
-246
-243
-225
-196
-133
-63
-64
-110
-116
-48
59
137
142
109
94
135
203
230
206
189
193
228
277
294
267
220
203
214
214
202
194
185
185
202
206
172
141
149
191
204
188
165
131
116
120
111
75
34
26
52
74
74
36
-21
-41
-19
-2
-6
-30
-44
-43
-19
4
-16
-41
-46
-32
-15
9
10
1
-6
-3
4
-6
-12
-2
26
46
56
51
37
36
54
64
55
52
66
83
87
90
87
77
76
94
112
105
105
108
93
80
69
57
39
36
40
35
18
3
-11
-23
-36
-45
-56
-67
-68
-65
-74
-96
-108
-122
-135
-129
-130
-144
-165
-178
-183
-194
-209
-216
-221
-224
-218
-211
-217
-224
-225
-233
-236
-235
-235
-240
-235
-225
-217
-174
-100
-74
-111
-127
-70
17
102
131
100
71
83
151
195
181
175
182
193
234
265
249
201
169
184
197
183
170
163
157
173
194
168
131
125
150
171
162
138
109
79
84
94
64
20
5
23
48
64
38
-16
-44
-33
-11
-13
-26
-46
-64
-61
-43
-39
-55
-58
-54
-43
-29
-8
-8
-22
-22
-12
-22
-22
0
16
23
30
33
21
10
29
51
46
45
62
73
76
87
89
77
71
89
103
103
102
102
99
80
77
73
54
51
61
55
40
29
18
4
-4
-6
-15
-32
-42
-50
-66
-83
-102
-118
-131
-140
-130
-129
-146
-162
-181
-196
-206
-204
-208
-211
-210
-200
-199
-209
-212
-221
-227
-232
-230
-231
-240
-234
-220
-189
-128
-78
-77
-112
-90
-13
68
122
115
82
73
122
186
206
184
177
190
211
249
264
230
185
181
199
204
195
187
178
171
184
190
160
126
130
152
156
142
121
97
80
91
85
52
22
15
30
46
46
14
-28
-43
-32
-19
-29
-49
-66
-79
-63
-47
-55
-70
-75
-69
-56
-35
-25
-31
-29
-12
-10
-20
-23
-5
9
14
23
25
12
19
45
52
50
52
62
68
77
87
85
80
83
91
99
98
102
97
85
81
83
77
63
62
71
65
48
42
24
9
8
2
-10
-26
-35
-42
-60
-76
-86
-106
-116
-109
-111
-124
-140
-151
-159
-162
-171
-177
-188
-194
-184
-181
-190
-204
-215
-215
-218
-208
-213
-222
-223
-210
-189
-145
-77
-62
-93
-97
-37
38
101
120
97
74
93
157
189
168
159
167
181
208
236
222
186
174
189
195
178
175
168
157
166
174
159
123
117
144
147
139
130
112
94
95
99
73
36
29
41
53
56
37
-6
-39
-33
-21
-28
-44
-61
-74
-68
-53
-57
-73
-80
-76
-65
-46
-34
-36
-43
-37
-29
-30
-34
-28
-17
-7
10
21
8
6
14
25
32
38
40
42
46
56
61
49
49
55
62
66
73
74
71
65
63
53
47
48
55
54
41
35
19
7
1
-1
-6
-27
-39
-47
-62
-72
-86
-104
-115
-117
-115
-123
-140
-153
-157
-159
-162
-167
-187
-195
-188
-183
-186
-194
-202
-204
-201
-199
-201
-215
-220
-210
-193
-158
-96
-62
-80
-95
-60
0
58
103
103
80
87
137
184
182
177
180
183
205
242
257
226
206
207
204
197
192
188
177
180
193
187
151
135
147
155
153
149
134
113
107
116
100
63
40
43
56
64
58
24
-21
-42
-38
-30
-45
-58
-72
-75
-59
-53
-61
-68
-65
-60
-33
-19
-21
-20
-25
-19
-14
-17
-20
-20
-10
7
22
13
4
9
13
31
33
31
34
39
53
53
52
52
54
58
74
79
79
73
65
67
62
49
42
39
32
27
19
1
-11
-19
-29
-37
-49
-63
-74
-84
-86
-98
-110
-126
-134
-134
-138
-137
-150
-160
-169
-180
-175
-172
-183
-194
-196
-196
-193
-195
-201
-209
-214
-209
-205
-210
-205
-205
-197
-149
-85
-61
-85
-102
-70
-6
64
103
89
63
76
130
161
159
149
140
148
179
215
216
176
154
164
159
155
152
138
126
143
164
145
108
99
115
125
131
133
108
84
91
103
82
45
25
24
33
43
37
5
-34
-39
-18
-14
-31
-47
-54
-46
-30
-21
-35
-54
-55
-33
-14
-2
-8
-16
-15
-8
6
-4
-15
-10
6
20
25
14
12
15
26
37
36
33
34
44
51
62
54
47
51
62
71
74
71
66
64
62
59
49
35
29
31
31
23
3
-11
-19
-22
-34
-43
-51
-58
-58
-65
-75
-96
-112
-113
-112
-108
-118
-132
-145
-148
-137
-136
-146
-165
-171
-169
-162
-157
-159
-167
-166
-159
-156
-161
-158
-166
-163
-150
-118
-62
-36
-38
-49
-34
9
67
102
100
91
93
128
157
160
155
148
145
172
201
208
191
170
165
161
160
161
155
149
156
164
155
131
112
117
124
128
122
108
94
86
88
74
42
17
13
19
27
30
8
-15
-24
-15
-15
-28
-45
-45
-36
-31
-27
-35
-51
-47
-32
-20
-19
-26
-19
-13
-2
-4
-15
-23
-17
-1
16
20
14
9
19
27
28
25
24
31
42
51
50
41
39
41
42
42
42
45
45
51
53
30
11
5
9
8
5
-5
-28
-39
-41
-44
-59
-73
-90
-97
-100
-101
-112
-131
-145
-152
-151
-155
-165
-166
-166
-170
-171
-176
-186
-193
-191
-187
-182
-181
-181
-184
-185
-182
-178
-175
-172
-165
-161
-158
-155
-136
-111
-76
-53
-53
-58
-35
8
51
73
72
66
72
90
112
121
113
111
127
144
157
161
151
132
130
134
129
121
124
116
117
119
101
82
73
76
78
69
60
50
42
39
33
21
0
-18
-14
-1
-3
-6
-20
-36
-44
-41
-31
-38
-52
-56
-59
-56
-46
-46
-45
-46
-39
-33
-33
-28
-17
-17
-18
-20
-22
-21
-15
-5
1
1
0
6
13
16
21
28
23
29
36
41
42
44
44
42
52
54
56
53
53
49
39
28
20
20
18
12
7
-2
-14
-13
-16
-25
-39
-48
-56
-62
-63
-77
-85
-100
-103
-103
-109
-112
-123
-127
-128
-124
-128
-138
-148
-151
-143
-148
-148
-146
-153
-147
-140
-133
-129
-134
-128
-119
-112
-107
-100
-86
-57
-38
-19
-15
-15
6
34
68
83
92
90
104
120
135
140
136
145
158
172
172
173
166
158
157
158
154
138
130
128
121
115
104
90
80
83
85
78
68
56
45
39
32
17
3
-5
-5
0
-5
-12
-20
-25
-30
-25
-24
-30
-36
-34
-32
-31
-32
-33
-32
-36
-36
-26
-23
-20
-20
-17
-16
-18
-19
-15
-15
-11
-7
-5
0
1
9
11
14
19
18
15
23
28
22
23
23
20
18
14
15
6
-2
-10
-11
-17
-27
-27
-34
-37
-40
-49
-52
-59
-67
-75
-80
-77
-89
-95
-101
-113
-116
-126
-131
-141
-144
-145
-153
-158
-161
-156
-157
-160
-165
-170
-168
-158
-152
-152
-150
-154
-146
-135
-130
-122
-126
-121
-114
-102
-79
-63
-52
-39
-28
-10
10
24
37
49
57
68
76
78
89
96
106
115
121
118
117
123
118
116
106
102
96
88
87
82
76
66
60
55
50
40
39
36
27
21
16
7
-5
-8
-10
-14
-18
-24
-22
-18
-18
-23
-28
-32
-31
-31
-33
-33
-40
-37
-44
-40
-40
-37
-36
-40
-38
-37
-27
-22
-20
-21
-20
-17
-11
-2
4
8
9
13
14
18
20
19
26
28
26
25
21
29
28
26
20
19
17
15
8
2
4
-5
-10
-8
-12
-13
-21
-26
-34
-43
-45
-52
-54
-65
-68
-70
-73
-78
-90
-92
-93
-94
-97
-97
-100
-97
-96
-97
-103
-102
-99
-98
-87
-90
-92
-88
-81
-73
-69
-72
-72
-67
-61
-52
-46
-42
-30
-12
-6
5
16
27
41
62
78
80
84
98
108
116
123
122
120
120
133
141
134
131
124
120
121
117
110
100
95
93
87
79
73
67
57
56
55
48
38
34
38
34
26
17
16
16
14
14
5
-6
-11
-13
-16
-30
-40
-45
-47
-46
-44
-51
-59
-57
-57
-54
-56
-52
-49
-42
-40
-42
-41
-40
-36
-26
-23
-27
-25
-22
-17
-14
-11
-16
-16
-16
-12
-12
-11
-11
-18
-19
-19
-23
-26
-29
-29
-28
-32
-40
-43
-47
-51
-49
-53
-60
-60
-61
-65
-71
-78
-83
-86
-88
-89
-83
-94
-89
-96
-99
-101
-103
-98
-100
-98
-100
-101
-101
-98
-99
-109
-111
-104
-101
-96
-93
-97
-99
-102
-93
-84
-86
-79
-73
-58
-49
-39
-29
-28
-15
-4
13
25
31
40
51
59
63
65
71
73
82
84
83
87
82
86
87
83
85
83
81
80
83
79
71
67
62
60
62
59
51
45
45
43
39
31
26
26
21
15
10
4
-2
-6
-8
-17
-26
-28
-27
-31
-39
-46
-55
-52
-56
-57
-58
-56
-52
-51
-47
-45
-49
-48
-46
-49
-41
-41
-43
-42
-35
-34
-35
-32
-29
-32
-29
-25
-28
-22
-23
-22
-22
-26
-29
-30
-33
-30
-30
-34
-40
-39
-36
-35
-37
-42
-43
-43
-39
-37
-38
-40
-46
-47
-44
-44
-39
-43
-46
-45
-42
-43
-50
-50
-47
-48
-47
-47
-56
-61
-67
-60
-62
-63
-62
-69
-67
-64
-59
-64
-62
-58
-57
-47
-43
-36
-27
-15
-8
-2
4
14
16
31
43
48
54
53
57
65
75
76
77
80
77
82
87
86
86
84
85
87
84
83
79
78
71
63
60
53
47
46
43
37
28
21
20
12
6
-2
-12
-17
-19
-22
-30
-35
-44
-49
-51
-51
-55
-58
-60
-62
-65
-67
-67
-67
-69
-72
-63
-68
-66
-61
-61
-59
-58
-52
-55
-53
-47
-47
-44
-44
-38
-35
-33
-25
-28
-24
-20
-20
-17
-15
-17
-15
-17
-20
-21
-19
-20
-21
-21
-25
-25
-30
-31
-32
-33
-38
-37
-37
-33
-34
-38
-40
-38
-38
-37
-38
-37
-41
-43
-44
-48
-51
-53
-50
-49
-49
-54
-52
-54
-54
-49
-55
-46
-48
-50
-43
-42
-40
-38
-33
-30
-25
-13
-3
-4
1
4
10
14
21
29
32
31
35
42
46
44
47
52
46
48
48
51
55
55
55
53
54
48
44
43
47
43
43
41
40
35
33
31
23
21
15
16
9
5
3
-2
-9
-11
-17
-24
-31
-34
-34
-39
-38
-45
-44
-43
-43
-46
-48
-47
-49
-46
-49
-52
-54
-49
-48
-50
-43
-45
-46
-41
-40
-34
-31
-30
-31
-30
-28
-22
-22
-20
-16
-16
-15
-13
-9
-10
-6
-7
-3
-4
-5
-2
1
4
2
4
4
7
8
3
-6
-4
-6
-8
-9
-11
-7
-15
-12
-9
-12
-10
-14
-13
-11
-12
-17
-20
-22
-20
-21
-21
-22
-26
-23
-27
-28
-31
-32
-33
-28
-28
-31
-29
-23
-22
-16
-16
-13
-7
-8
0
0
6
6
5
9
12
13
24
33
29
35
38
33
36
40
40
35
37
42
41
45
45
46
45
42
47
41
43
42
40
39
29
27
24
22
20
18
14
10
11
6
2
-2
-7
-15
-15
-18
-22
-22
-23
-26
-28
-33
-32
-37
-38
-38
-43
-43
-39
-38
-39
-40
-40
-40
-40
-36
-37
-35
-28
-29
-25
-23
-21
-21
-22
-16
-17
-14
-10
-7
-3
-3
2
2
3
2
2
6
5
4
5
5
-1
-1
-1
-6
-6
-8
-4
-6
-9
-10
-16
-10
-10
-10
-10
-15
-13
-15
-16
-15
-18
-12
-15
-13
-14
-13
-11
-14
-14
-17
-14
-18
-20
-19
-20
-23
-24
-26
-23
-27
-26
-24
-22
-13
-16
-12
-8
-8
-9
-4
-2
0
1
-2
0
2
6
8
6
8
10
15
13
14
16
19
20
23
24
23
26
22
23
30
28
32
31
32
28
26
27
24
28
21
21
16
15
9
11
14
11
7
2
5
7
5
3
-1
-5
-5
-11
-9
-4
-9
-5
-5
-8
-6
-9
-12
-8
-9
-10
-8
-9
-5
-7
-6
-2
-3
4
3
7
7
12
13
14
17
15
16
20
19
19
24
24
27
25
23
25
25
27
22
22
19
15
13
13
11
14
12
10
11
9
10
9
10
8
9
6
8
8
6
4
3
4
0
-2
-3
-5
-5
-4
-5
-11
-11
-10
-15
-19
-26
-21
-22
-23
-22
-23
-23
-22
-18
-18
-16
-17
-11
-10
-8
-7
-3
-3
-2
-2
-5
1
6
9
9
11
10
17
18
17
21
21
21
18
28
27
26
29
29
32
29
31
27
21
22
19
15
13
12
11
10
7
2
0
-3
-3
-3
2
-1
-3
-1
-1
-6
-8
-11
-13
-14
-15
-14
-18
-19
-21
-19
-18
-23
-23
-22
-16
-16
-15
-20
-14
-10
-10
-7
-10
-8
-3
0
-2
1
1
8
7
8
9
11
15
20
27
18
21
22
24
23
22
23
20
18
15
12
10
17
16
13
15
9
11
9
7
4
3
1
-3
-3
-5
-9
-12
-12
-12
-17
-20
-22
-25
-27
-30
-30
-28
-32
-33
-36
-37
-35
-36
-31
-34
-33
-33
-29
-30
-32
-31
-29
-30
-30
-25
-21
-18
-14
-14
-9
-6
-6
-3
-4
-1
-1
0
0
2
5
8
7
7
13
13
18
16
17
17
16
19
18
19
22
24
21
22
15
19
14
13
19
13
18
19
14
15
13
9
12
12
8
7
3
3
1
-3
1
-1
1
6
2
2
0
4
8
3
7
5
5
0
2
5
4
8
10
9
9
12
14
15
16
20
21
22
27
30
34
36
41
47
42
46
46
44
44
44
41
39
36
31
30
25
27
22
20
22
22
19
17
14
16
14
15
9
11
10
5
10
4
7
6
4
4
5
5
0
1
4
1
-3
-1
-4
-5
-2
-1
0
3
3
0
1
3
6
6
8
9
9
15
15
15
13
12
13
13
13
15
17
12
11
12
11
11
9
13
18
15
12
13
19
14
11
15
14
12
11
10
10
7
3
-2
-4
-1
0
-4
-2
-5
-6
-7
-3
-6
-9
-9
-8
-10
-13
-15
-15
-18
-14
-15
-15
-16
-17
-15
-19
-18
-19
-16
-20
-25
-27
-22
-21
-18
-18
-15
-13
-10
-8
-12
-12
-7
-7
-5
-1
0
5
6
5
9
5
3
6
9
5
7
6
6
8
4
4
4
3
-1
0
1
2
-4
-5
-3
-2
-4
-7
-3
-5
-6
-9
-8
-9
-6
-10
-15
-17
-21
-15
-18
-17
-19
-18
-17
-15
-13
-14
-11
-12
-10
-10
-8
-3
1
1
-1
1
5
4
5
7
7
3
4
5
7
6
5
7
7
6
8
13
13
16
19
21
24
24
29
32
31
29
30
26
30
35
33
30
31
30
26
26
27
27
26
24
23
20
22
17
14
13
10
7
8
10
6
5
11
2
1
3
4
3
2
1
4
1
3
3
2
2
-3
-3
-3
3
1
-4
-4
-4
0
5
4
6
10
7
6
8
11
12
14
19
12
16
18
21
25
23
25
27
26
27
26
25
27
25
22
20
17
16
15
15
16
13
14
13
13
11
6
4
1
4
-1
-4
-8
-10
-7
-10
-11
-11
-12
-10
-13
-13
-12
-11
-14
-19
-18
-19
-19
-20
-21
-21
-21
-20
-21
-23
-22
-21
-21
-19
-20
-15
-13
-13
-13
-8
-9
-9
-4
-3
0
0
4
7
7
8
7
4
4
10
6
8
10
10
19
15
14
16
15
13
15
13
13
10
8
7
10
12
3
2
0
0
-2
0
4
4
2
2
-2
-1
-2
-2
-6
-9
-8
-8
-9
-7
-8
-8
-9
-8
-6
-7
-3
-3
-5
-6
-3
-5
-1
-1
-1
-2
-4
-3
-2
3
2
5
7
9
9
8
8
10
11
9
14
15
11
14
11
9
10
10
12
8
12
10
5
7
8
1
2
1
-2
-3
-3
-3
-7
-11
-12
-9
-14
-12
-10
-12
-16
-14
-15
-15
-17
-19
-20
-22
-22
-23
-23
-22
-24
-24
-27
-28
-30
-29
-27
-29
-25
-23
-22
-21
-20
-18
-17
-15
-13
-15
-14
-9
-9
-7
-6
-4
-3
-3
0
2
-1
-2
1
3
0
-3
5
2
-2
7
10
10
10
12
16
14
10
12
14
16
14
11
11
13
11
13
15
15
14
13
4
6
6
6
9
6
2
2
2
2
7
3
6
8
5
10
10
9
7
12
14
13
14
11
12
10
10
9
6
10
11
11
16
17
18
20
27
28
25
33
31
33
35
36
35
34
36
31
31
28
25
24
25
27
26
24
22
23
23
23
25
19
21
15
13
15
12
6
5
5
3
1
-5
-3
-4
-6
-8
-10
-12
-14
-11
-16
-14
-20
-21
-21
-19
-20
-19
-18
-17
-16
-15
-17
-13
-11
-12
-9
-9
-5
-7
-4
0
-4
-7
-5
-10
-11
-9
-6
-8
-7
-5
-10
-8
-12
-13
-11
-12
-13
-7
-8
-11
-11
-8
-11
-10
-8
-16
-13
-15
-13
-13
-11
-16
-18
-14
-15
-11
-13
-13
-16
-15
-15
-15
-13
-11
-14
-20
-18
-18
-18
-13
-14
-10
-14
-17
-15
-11
-11
-13
-9
-8
-7
-6
-2
-5
-5
-3
-5
-6
-3
-7
-5
-4
-3
-1
3
3
5
11
9
13
17
16
18
19
23
23
18
23
19
20
20
20
23
26
24
25
27
28
29
27
32
29
30
23
26
24
25
20
18
21
21
24
19
16
16
16
15
13
11
8
6
7
5
5
3
9
4
1
2
-3
-3
0
-4
-4
2
1
2
-1
1
-1
-3
2
-3
-1
-3
2
1
-4
2
1
1
2
3
0
2
8
7
8
10
10
9
11
7
8
7
1
7
7
4
1
3
6
1
2
2
2
0
-3
-2
-5
-8
-8
-9
-13
-14
-15
-15
-17
-20
-23
-24
-24
-26
-28
-27
-27
-27
-23
-21
-24
-24
-21
-19
-16
-19
-26
-23
-21
-18
-18
-16
-12
-10
-9
-12
-5
-4
-3
-3
-3
1
5
2
4
9
5
6
7
9
11
11
13
8
6
10
13
12
9
11
10
12
16
13
16
15
15
14
16
14
13
17
10
8
7
4
5
3
4
3
1
1
2
5
4
6
7
9
8
1
2
3
4
3
0
7
10
10
10
13
14
16
15
13
14
15
16
14
16
13
10
9
10
10
12
9
6
10
14
12
18
15
18
18
18
18
17
22
16
15
15
13
9
10
9
9
12
11
9
5
1
6
7
7
6
9
10
5
12
11
8
9
6
4
7
9
4
5
3
5
6
-1
-3
2
1
-2
-1
-6
-6
-6
-2
-7
-6
-7
-7
-6
-4
-5
-5
-2
-1
-2
-2
-2
-6
-4
-2
-3
-3
-1
-1
-3
0
-3
-4
-6
-8
-6
-4
-4
-2
-4
-3
-6
-5
-5
-5
-3
-5
-7
-12
-13
-13
-13
-9
-11
-14
-14
-15
-17
-15
-11
-12
-13
-14
-12
-9
-7
-6
-7
-2
0
-2
-4
0
3
-1
-6
-5
-1
3
3
-1
-3
-7
0
-4
4
9
6
8
7
10
12
11
12
16
16
17
16
18
17
12
15
16
16
18
20
20
21
20
20
23
23
22
21
17
16
16
21
17
15
16
14
13
14
14
12
13
10
13
10
8
8
5
6
-1
-2
-4
-7
-7
-10
-12
-13
-12
-13
-12
-12
-7
-9
-7
-3
-3
2
-3
-2
0
1
0
2
6
8
11
4
0
-3
-4
-6
-3
-1
-3
-1
-2
-6
-2
1
-5
-5
-1
-3
-4
-5
-7
-3
-6
-11
-8
-9
-8
-12
-16
-12
-18
-15
-15
-17
-15
-21
-21
-22
-25
-24
-27
-26
-27
-27
-22
-27
-26
-25
-22
-25
-27
-18
-24
-24
-23
-22
-22
-25
-23
-24
-25
-23
-20
-21
-19
-18
-16
-14
-14
-10
-12
-10
-10
-12
-7
-13
-9
-7
-10
-4
-7
-7
-5
-7
-6
-8
-1
1
2
4
5
5
5
5
6
9
12
9
9
8
6
10
7
7
11
5
4
6
8
10
6
12
13
15
16
16
16
15
13
10
11
10
12
10
12
10
11
8
12
14
9
8
2
1
3
1
5
7
5
6
5
8
6
5
8
5
8
12
9
9
12
13
14
8
12
11
8
4
2
4
7
9
6
2
4
5
3
6
3
4
3
