-1
4
4
-1
6
6
7
8
11
10
12
9
11
16
13
14
13
17
18
18
19
19
16
14
16
16
11
13
19
13
6
8
5
1
1
3
2
0
0
0
0
1
0
-1
1
-4
-3
-8
-6
-4
-4
-1
2
2
2
4
5
4
6
6
5
7
4
6
10
7
7
13
9
7
8
9
9
3
7
6
8
4
6
5
-2
5
2
3
3
5
6
5
1
-1
1
0
-1
-1
-4
-7
-1
-3
-6
-9
-13
-12
-17
-15
-17
-14
-16
-14
-15
-13
-14
-17
-11
-13
-8
-7
-3
-1
4
7
8
11
12
11
10
13
14
10
8
10
11
11
11
10
7
5
6
7
9
9
8
11
9
13
14
17
13
14
17
10
11
14
11
15
14
15
15
9
11
7
7
4
7
7
4
5
4
6
3
4
4
9
6
5
10
7
12
8
12
12
6
9
6
5
8
5
6
10
5
6
6
4
1
3
5
2
2
3
2
1
-3
-5
-5
-8
-5
-5
-6
-6
-6
-7
-13
-12
-13
-12
-10
-11
-8
-9
-8
-8
-11
-9
-10
-3
-4
-5
-3
2
-2
-2
-2
-4
0
1
-1
0
1
-2
-1
-2
-3
-3
-4
-6
-8
-3
-8
-6
-4
-9
-6
-8
-6
-6
-6
-8
-8
-9
-10
-15
-12
-5
-8
-6
-9
-11
-11
-8
-5
-9
-9
-10
-13
-13
-15
-8
-6
-11
-11
-9
-4
-12
-7
-4
-5
-2
0
-1
0
6
3
4
7
7
6
9
3
4
4
1
5
2
3
2
3
8
7
13
10
8
12
11
12
13
12
9
11
8
7
11
9
10
7
6
8
7
6
1
2
-3
-4
-1
-2
2
2
0
3
2
3
8
8
9
18
22
19
18
18
20
18
14
11
17
17
14
13
13
11
13
19
13
13
14
10
8
9
4
10
9
6
6
7
8
6
11
9
8
11
8
8
9
8
7
9
8
10
9
8
6
6
3
3
0
-2
0
-1
1
1
1
1
2
2
0
3
-4
-1
1
1
1
4
8
3
3
1
6
6
9
6
8
8
10
11
10
14
11
8
10
10
7
7
4
5
2
-2
-1
-3
-8
-7
-8
-11
-6
-11
-14
-12
-14
-10
-6
-4
-5
-2
-3
-4
-3
-5
-4
-5
-2
-1
-3
-5
-5
-3
-2
-2
-1
-5
-7
-7
-3
0
-2
1
1
-1
3
0
3
2
1
4
6
11
9
7
10
10
10
10
8
6
8
7
12
16
12
15
16
17
18
12
15
19
16
14
16
16
11
14
13
7
8
8
6
7
8
9
13
10
11
10
10
14
12
17
18
13
13
9
17
17
14
11
12
13
11
12
9
12
7
8
1
-1
1
-5
-3
-5
-4
-8
-7
-6
-7
-6
-3
-3
1
-3
-4
-2
-5
0
-4
-3
-3
-3
-3
-4
-7
-13
-10
-10
-7
-7
-3
-7
-6
-4
-2
-3
-6
-3
-6
-3
-4
-8
-7
-6
-8
-6
-7
-10
-11
-16
-15
-10
-11
-11
-9
-5
-9
-3
-5
-2
-4
-2
0
-1
-1
-2
-2
-2
-5
-3
-5
-4
-7
-9
-10
-17
-14
-16
-15
-12
-13
-13
-13
-15
-14
-12
-10
-15
-13
-11
-13
-6
-10
-9
-5
-5
3
3
3
7
6
3
6
3
5
5
5
8
4
2
2
3
4
4
6
13
11
17
19
15
22
23
21
21
18
18
21
18
20
18
18
17
18
19
21
20
20
15
9
15
11
15
19
19
19
21
19
22
17
20
16
16
21
18
18
18
24
20
18
16
20
20
19
18
17
17
22
25
19
24
24
21
23
24
22
20
23
24
26
25
21
24
17
16
15
13
11
10
8
8
10
7
5
5
4
3
1
3
4
5
1
2
-1
-2
-1
-2
2
5
3
4
2
3
7
5
3
2
-1
2
1
-1
1
2
0
-5
-6
-10
-13
-10
-8
-7
-4
-5
-5
-6
-11
-4
-9
-10
-5
-9
-9
-12
-13
-11
-18
-21
-17
-18
-20
-18
-19
-22
-20
-17
-12
-13
-8
-4
-9
-10
-10
-13
-11
-12
-13
-12
-12
-9
-8
-8
-6
0
-5
-1
-4
-1
1
1
4
7
11
12
15
14
13
16
15
13
12
13
14
16
13
12
15
16
16
15
16
11
11
7
6
4
7
7
2
6
4
8
4
4
5
6
7
5
12
10
10
11
15
11
12
13
11
13
15
14
12
11
6
8
12
8
11
11
11
15
9
11
9
7
12
12
14
13
9
12
14
14
14
12
13
11
6
8
8
8
9
10
9
10
9
7
7
11
6
7
9
5
2
5
1
0
3
-2
-3
-2
-5
-3
-2
-4
0
0
-1
-1
3
2
2
3
2
10
3
-2
1
1
2
-3
-2
-3
-6
-3
-5
-9
-13
-12
-13
-13
-16
-17
-16
-14
-12
-11
-11
-12
-11
-7
-3
-7
-8
-10
-9
-4
-8
-5
-5
-6
-7
-9
-11
-8
-10
-8
-8
-10
-6
-8
-5
-4
0
-2
2
6
3
7
5
11
11
5
7
7
4
9
11
10
10
7
3
5
7
5
8
12
12
11
9
14
17
16
16
19
18
18
18
18
14
10
17
14
9
10
10
13
7
1
8
4
3
5
5
6
7
9
6
10
10
8
11
9
8
8
9
12
10
12
13
14
15
16
15
15
14
8
10
10
9
9
8
7
5
8
6
8
9
11
13
11
9
9
10
11
8
8
5
3
0
-2
-1
-2
-1
-4
1
-1
-5
2
-1
-2
1
2
-5
-3
-5
-9
-8
-14
-9
-6
-13
-7
-8
-9
-5
-7
-8
-6
-4
-5
-4
-4
-4
-9
-7
-6
-7
-6
-10
-7
-4
-8
-5
-6
-5
-1
-8
-7
-4
-6
-6
-3
-4
-3
-2
-5
-5
-2
-8
-6
-7
-6
-3
-4
-6
-10
-10
-10
-6
-11
-8
-12
-14
-8
-9
-15
-12
-9
-9
-5
-5
-7
-6
3
0
4
5
4
1
-5
-1
1
1
-4
-3
2
-4
-3
-2
-2
-1
1
-1
0
0
5
4
6
9
10
11
18
15
13
15
15
15
21
19
18
21
18
20
18
20
19
22
22
15
15
14
16
17
17
20
20
19
22
24
19
19
21
21
20
20
17
18
17
18
16
13
14
10
12
12
11
10
14
14
14
14
14
13
14
15
17
17
18
11
11
14
14
10
13
11
9
11
8
9
7
7
2
8
5
3
3
4
2
8
8
4
2
-3
1
-1
-2
-2
-3
-5
-5
-5
-7
-4
-10
-12
-10
-10
-7
-8
-7
-8
-9
-5
-7
-9
-7
-7
-9
-10
-12
-15
-13
-10
-9
-6
-8
18
50
68
65
50
35
2
-23
-57
-73
-87
-88
-70
-43
-17
1
22
31
28
24
40
48
57
43
25
9
-5
-9
-16
-5
1
6
11
17
20
13
22
25
25
23
24
17
7
-3
-14
-34
-49
-47
-41
-48
-52
-56
-52
-49
-51
-57
-57
-47
-48
-45
-43
-26
-20
-8
7
24
19
5
14
23
30
33
21
11
14
15
23
22
13
6
2
-1
-11
-15
-21
-26
-22
-10
-6
-3
4
13
16
6
6
1
-1
4
8
11
19
34
48
58
55
53
58
63
71
74
75
80
87
104
104
99
99
100
109
110
93
81
76
73
71
64
56
51
48
49
45
35
37
31
30
30
28
21
20
23
19
15
5
5
8
12
9
3
1
-1
1
-7
-18
-12
-4
1
1
-15
-16
-28
-49
-59
-83
-103
-110
-116
-120
-118
-112
-110
-114
-115
-118
-116
-110
-107
-110
-112
-115
-116
-118
-125
-132
-139
-143
-151
-156
-170
-192
-200
-201
-205
-199
-155
-63
14
45
77
158
268
321
302
287
320
356
353
329
323
337
338
319
305
287
257
193
121
59
10
-18
-54
-107
-144
-145
-121
-124
-156
-179
-170
-164
-180
-186
-161
-123
-98
-81
-41
29
83
100
102
128
172
203
205
190
196
231
262
264
265
274
281
271
254
234
210
174
119
71
45
30
-2
-45
-71
-77
-77
-86
-109
-132
-135
-122
-112
-101
-89
-68
-41
-17
10
44
70
77
87
109
134
143
129
114
108
112
100
64
28
-9
-47
-82
-121
-152
-192
-225
-256
-271
-285
-307
-331
-357
-363
-356
-344
-339
-330
-299
-284
-283
-279
-264
-249
-230
-168
-70
21
81
143
266
392
459
468
487
527
537
496
460
465
451
399
361
361
362
317
234
159
102
44
-41
-130
-197
-247
-278
-296
-295
-286
-260
-242
-234
-219
-189
-160
-160
-163
-143
-85
-31
7
42
105
179
224
255
281
299
291
264
235
221
199
176
163
171
186
198
197
179
162
134
93
40
-18
-61
-91
-116
-133
-124
-98
-81
-65
-39
0
20
21
18
26
48
56
64
74
95
123
138
157
166
165
147
120
89
52
17
-27
-69
-101
-114
-119
-126
-140
-147
-147
-156
-175
-203
-233
-251
-277
-301
-316
-313
-301
-298
-277
-253
-229
-223
-242
-253
-265
-281
-276
-221
-130
-64
-13
84
244
384
448
478
531
594
605
559
522
510
471
399
363
376
384
342
283
249
232
185
96
-8
-99
-168
-230
-286
-323
-335
-323
-308
-288
-238
-185
-145
-147
-148
-125
-85
-72
-90
-82
-38
24
79
128
185
233
262
286
298
289
258
209
163
129
118
119
104
91
101
123
151
142
117
82
54
22
-26
-72
-105
-134
-150
-131
-96
-60
-40
-14
23
57
82
80
60
51
48
47
41
29
23
28
42
44
44
30
8
-20
-49
-74
-98
-142
-191
-219
-229
-230
-236
-251
-257
-251
-242
-243
-254
-269
-279
-294
-309
-314
-313
-329
-358
-376
-368
-363
-359
-309
-220
-142
-90
-20
113
251
328
364
425
514
565
555
541
559
558
509
469
476
473
432
362
319
313
274
198
111
43
-24
-89
-157
-224
-267
-293
-308
-317
-315
-277
-240
-227
-213
-172
-111
-88
-97
-90
-50
-4
19
43
83
128
167
208
251
282
295
292
277
262
242
217
181
138
122
127
126
114
103
108
124
115
95
76
60
32
-1
-23
-32
-50
-64
-66
-47
-16
1
10
30
60
79
89
94
95
92
86
86
79
63
45
26
7
-5
-19
-39
-54
-70
-83
-95
-113
-140
-176
-201
-219
-239
-268
-287
-297
-303
-303
-303
-303
-301
-294
-292
-294
-305
-329
-358
-382
-401
-409
-377
-304
-234
-190
-117
27
187
283
336
417
528
589
581
571
587
579
517
456
452
447
396
326
294
302
296
234
160
109
64
5
-73
-153
-217
-271
-319
-359
-371
-354
-337
-325
-305
-239
-158
-124
-119
-95
-47
-5
1
-4
21
46
62
81
123
165
185
207
231
258
275
268
240
211
197
188
163
124
92
74
74
85
82
78
78
78
81
80
70
44
9
-8
-17
-28
-35
-48
-46
-26
2
33
65
86
103
132
150
147
123
86
56
32
1
-36
-71
-92
-106
-111
-112
-119
-125
-133
-138
-144
-158
-182
-216
-251
-281
-296
-315
-337
-362
-358
-340
-333
-328
-323
-331
-344
-345
-360
-380
-373
-314
-256
-227
-186
-83
71
173
238
326
457
565
588
596
640
663
608
536
505
500
441
338
278
277
264
195
128
105
92
48
-21
-77
-114
-166
-241
-309
-347
-360
-378
-402
-401
-354
-293
-258
-243
-200
-132
-80
-59
-42
-8
23
18
19
53
77
76
69
97
143
160
165
169
185
197
197
191
182
175
155
128
127
130
105
77
58
59
62
45
18
3
7
11
-3
-14
-16
-25
-21
-22
-13
2
-1
-1
8
38
55
46
31
33
38
32
3
-29
-45
-60
-83
-107
-114
-122
-138
-153
-150
-150
-161
-188
-215
-222
-235
-264
-295
-319
-328
-339
-356
-355
-346
-346
-367
-380
-382
-378
-379
-362
-298
-221
-173
-123
-19
129
246
312
398
512
609
642
653
685
704
658
593
561
544
479
367
305
291
259
189
119
86
56
3
-59
-104
-142
-200
-275
-332
-349
-361
-396
-425
-418
-378
-337
-311
-277
-229
-167
-120
-87
-41
9
36
43
71
117
139
127
121
148
175
169
162
170
190
189
178
191
205
199
172
158
166
165
136
102
91
95
88
63
45
37
27
13
-1
-1
-18
-40
-56
-47
-33
-32
-39
-37
-18
5
14
2
-3
0
-11
-30
-54
-69
-80
-103
-116
-117
-108
-116
-141
-150
-141
-146
-177
-203
-216
-226
-250
-278
-290
-297
-316
-331
-336
-331
-321
-335
-348
-359
-370
-370
-394
-396
-346
-274
-222
-187
-112
26
161
241
310
419
535
590
604
639
678
653
577
535
532
491
385
303
282
265
198
120
88
78
32
-36
-67
-80
-130
-209
-259
-275
-296
-346
-390
-393
-373
-358
-342
-306
-259
-207
-170
-121
-63
-9
18
30
65
109
129
119
113
142
169
160
155
174
190
177
162
173
188
186
173
161
173
183
167
146
142
142
121
93
82
65
34
3
-20
-32
-43
-76
-91
-89
-80
-74
-79
-64
-48
-37
-32
-28
-24
-26
-29
-39
-42
-42
-57
-69
-77
-72
-75
-82
-95
-96
-99
-117
-137
-158
-177
-194
-216
-246
-260
-273
-303
-325
-342
-352
-368
-377
-384
-386
-396
-416
-421
-416
-410
-386
-325
-254
-207
-166
-63
73
174
241
319
435
533
575
598
643
664
620
559
534
512
424
318
262
241
192
116
63
45
18
-36
-75
-91
-125
-188
-247
-279
-300
-337
-383
-404
-399
-391
-374
-351
-316
-274
-225
-176
-119
-56
-10
29
61
111
150
161
157
165
184
181
164
148
156
148
128
123
139
155
157
148
165
195
193
176
175
178
166
134
104
81
47
11
-15
-30
-46
-60
-80
-74
-67
-54
-49
-44
-26
-20
-4
-2
-4
-3
-6
-12
-27
-30
-39
-53
-68
-73
-79
-92
-103
-111
-112
-114
-133
-150
-167
-182
-208
-232
-253
-273
-299
-330
-342
-349
-359
-363
-363
-354
-357
-367
-368
-368
-366
-363
-325
-257
-216
-187
-114
20
133
198
267
378
484
531
551
593
632
600
533
505
502
438
328
255
239
210
131
67
55
40
-7
-60
-69
-76
-131
-199
-220
-230
-271
-328
-365
-367
-370
-379
-378
-349
-317
-291
-250
-195
-129
-73
-38
-2
50
100
123
124
137
155
157
150
148
161
155
134
126
137
147
130
124
141
170
174
161
160
175
172
149
137
125
95
52
26
7
-25
-66
-99
-102
-103
-114
-121
-109
-88
-75
-57
-29
-7
-1
3
15
23
21
6
-9
-19
-29
-47
-71
-84
-96
-99
-116
-132
-139
-154
-166
-175
-185
-197
-210
-231
-251
-259
-274
-295
-315
-323
-321
-326
-342
-372
-378
-373
-370
-365
-327
-256
-212
-185
-116
12
125
174
235
345
456
516
533
576
620
608
549
524
531
478
367
302
280
250
173
88
68
51
-4
-58
-70
-80
-135
-203
-226
-223
-263
-324
-349
-347
-349
-361
-359
-334
-309
-285
-245
-181
-122
-82
-47
2
66
117
140
146
154
173
177
162
155
149
134
108
93
115
114
94
89
125
163
165
168
172
199
198
167
151
128
110
63
28
8
-33
-80
-110
-120
-122
-139
-151
-135
-113
-82
-75
-48
-24
-12
5
15
19
12
-6
-22
-33
-51
-73
-101
-117
-126
-136
-138
-152
-159
-159
-164
-167
-173
-177
-200
-220
-238
-249
-271
-303
-318
-324
-332
-339
-355
-378
-384
-383
-379
-377
-338
-273
-226
-189
-123
-9
104
163
222
317
430
497
516
562
614
616
571
547
559
523
422
351
327
303
222
133
108
94
45
-19
-37
-39
-88
-155
-177
-172
-200
-266
-303
-300
-304
-329
-341
-312
-286
-274
-249
-189
-124
-84
-45
1
67
117
144
159
179
210
219
210
206
203
193
164
158
168
164
154
150
170
198
206
203
204
214
214
192
170
150
109
68
35
5
-31
-73
-105
-123
-123
-130
-128
-113
-93
-62
-37
-9
19
31
44
60
67
54
34
13
-4
-24
-46
-68
-84
-97
-105
-111
-115
-119
-131
-130
-133
-142
-159
-181
-203
-219
-234
-266
-291
-311
-325
-342
-350
-351
-361
-376
-375
-363
-353
-331
-275
-211
-171
-135
-52
69
145
194
266
373
459
498
521
583
616
580
539
537
539
459
357
312
301
245
144
88
71
36
-29
-71
-63
-90
-158
-203
-190
-187
-233
-291
-295
-284
-298
-318
-306
-269
-255
-243
-200
-134
-87
-58
-19
43
109
143
162
184
211
226
217
212
213
203
170
148
157
168
163
152
171
198
219
223
234
250
254
242
219
202
174
124
77
41
3
-40
-85
-111
-126
-139
-142
-138
-107
-85
-68
-35
-1
22
32
43
55
50
31
13
-4
-21
-48
-72
-83
-93
-107
-110
-114
-110
-106
-110
-112
-115
-118
-136
-154
-181
-205
-235
-270
-289
-318
-338
-346
-347
-346
-357
-361
-347
-328
-328
-299
-230
-170
-144
-112
-15
96
154
188
266
374
450
469
509
576
592
549
520
539
519
416
327
304
286
196
97
70
53
-5
-75
-88
-73
-115
-186
-201
-170
-191
-254
-281
-265
-263
-297
-307
-268
-241
-249
-237
-172
-109
-84
-61
-7
62
105
124
145
184
203
198
196
205
203
176
154
157
174
168
154
161
188
210
222
228
243
247
236
225
215
190
140
95
59
32
-8
-61
-96
-108
-120
-130
-130
-117
-101
-82
-57
-22
1
12
27
53
73
63
53
43
28
12
-11
-22
-33
-49
-60
-66
-60
-63
-72
-79
-77
-86
-103
-122
-143
-162
-197
-229
-253
-281
-307
-327
-335
-329
-331
-347
-349
-326
-309
-301
-264
-196
-145
-130
-87
11
107
148
183
270
377
432
450
503
563
568
522
510
527
487
383
312
297
269
174
96
79
60
-5
-63
-59
-48
-106
-165
-157
-131
-164
-223
-232
-216
-220
-261
-261
-220
-216
-235
-215
-154
-103
-95
-76
-19
46
73
88
118
156
168
163
170
180
173
144
134
148
160
157
156
172
199
218
222
232
246
238
225
218
209
172
120
78
48
15
-34
-87
-112
-130
-145
-159
-156
-140
-131
-109
-76
-34
-8
5
23
53
60
53
45
38
24
10
-6
-25
-34
-50
-60
-59
-54
-64
-70
-74
-76
-84
-106
-125
-145
-173
-204
-227
-256
-280
-306
-322
-324
-315
-315
-331
-330
-310
-298
-297
-273
-219
-168
-148
-117
-24
74
122
168
253
361
430
453
499
568
582
538
518
534
506
415
337
318
291
202
120
95
83
27
-36
-43
-29
-72
-131
-131
-107
-130
-195
-212
-198
-212
-255
-264
-234
-222
-242
-231
-177
-124
-112
-98
-40
21
53
69
102
141
155
152
161
175
175
148
135
152
170
162
158
168
193
208
211
227
234
235
222
218
203
177
126
79
49
15
-33
-86
-110
-134
-152
-165
-163
-145
-131
-102
-69
-29
7
15
33
61
70
66
52
33
26
10
-8
-26
-33
-47
-61
-61
-60
-65
-80
-88
-93
-103
-123
-142
-169
-192
-219
-246
-267
-288
-306
-319
-308
-306
-305
-314
-321
-307
-301
-303
-283
-228
-175
-159
-131
-44
52
109
143
220
325
392
419
461
523
535
500
475
491
477
384
310
293
277
203
123
106
97
48
-7
-16
0
-43
-105
-104
-86
-107
-169
-191
-176
-194
-230
-244
-216
-210
-237
-225
-171
-127
-120
-102
-50
9
41
60
97
134
150
149
155
178
177
149
139
158
178
168
164
178
208
220
221
239
248
248
230
226
214
182
125
75
44
15
-37
-94
-117
-141
-150
-165
-160
-135
-121
-103
-75
-34
-2
6
20
47
56
52
37
34
30
11
-9
-23
-33
-50
-64
-61
-57
-62
-74
-82
-85
-90
-104
-129
-154
-172
-197
-230
-254
-273
-290
-308
-307
-306
-305
-313
-320
-312
-303
-301
-292
-244
-198
-171
-151
-78
25
81
116
192
293
374
399
440
510
535
509
482
495
484
404
325
300
284
218
133
106
93
52
-11
-29
-14
-55
-112
-128
-111
-123
-180
-205
-194
-201
-238
-259
-232
-217
-240
-238
-189
-140
-126
-111
-59
5
38
62
95
132
151
149
164
180
177
155
145
158
169
165
159
174
198
205
213
226
235
231
223
214
203
164
115
77
40
6
-47
-89
-119
-135
-148
-160
-148
-136
-121
-98
-66
-24
-2
12
28
45
61
52
37
30
17
7
-15
-29
-32
-50
-58
-58
-59
-64
-77
-88
-90
-98
-116
-141
-163
-186
-207
-234
-252
-274
-291
-301
-301
-290
-291
-301
-307
-299
-292
-294
-295
-257
-202
-177
-155
-95
-2
69
107
170
271
351
388
418
476
515
494
461
470
472
408
324
289
282
228
146
109
104
68
8
-18
-5
-24
-85
-117
-101
-96
-149
-189
-184
-185
-221
-254
-236
-218
-238
-248
-208
-156
-132
-124
-81
-17
20
46
76
124
147
150
160
177
184
165
157
166
182
183
182
190
212
228
229
245
254
251
235
219
206
170
127
73
34
3
-47
-96
-125
-140
-149
-164
-156
-132
-107
-81
-55
-18
15
27
40
62
71
68
52
46
39
24
2
-12
-15
-23
-33
-37
-33
-32
-43
-56
-62
-67
-85
-116
-136
-160
-186
-215
-236
-253
-277
-293
-301
-294
-294
-301
-311
-307
-296
-286
-282
-257
-204
-162
-139
-96
-9
75
119
164
253
336
389
413
460
512
507
475
465
476
434
355
305
287
256
174
120
105
76
15
-27
-24
-26
-73
-116
-109
-99
-135
-177
-182
-182
-204
-236
-232
-209
-218
-230
-208
-154
-121
-113
-78
-19
26
54
84
125
156
160
160
174
183
165
145
147
162
165
163
171
183
204
212
219
230
235
218
194
183
161
114
65
23
-12
-48
-93
-120
-133
-145
-148
-144
-122
-101
-81
-54
-19
12
25
31
47
64
62
48
38
35
22
4
-10
-16
-25
-42
-45
-42
-37
-51
-66
-73
-84
-98
-127
-155
-168
-196
-230
-252
-274
-291
-305
-314
-312
-305
-304
-309
-308
-297
-287
-292
-275
-227
-181
-156
-137
-78
11
66
103
170
258
323
356
403
465
491
470
449
466
458
386
324
297
279
222
148
118
105
56
3
-19
-10
-35
-90
-103
-91
-104
-153
-177
-176
-185
-218
-240
-226
-213
-230
-232
-187
-145
-126
-104
-55
2
38
71
108
139
156
151
157
172
170
154
142
152
161
159
161
172
189
199
204
213
222
213
196
177
160
122
76
33
-3
-27
-69
-106
-124
-133
-141
-140
-125
-102
-85
-62
-33
0
26
32
50
64
70
64
48
41
35
18
0
-11
-15
-28
-44
-45
-47
-57
-69
-79
-87
-101
-119
-143
-160
-175
-202
-227
-247
-262
-276
-288
-289
-279
-273
-269
-259
-255
-251
-248
-246
-234
-205
-169
-143
-122
-90
-25
47
87
141
213
289
337
376
433
470
472
453
449
448
406
338
294
264
221
154
109
82
52
13
-19
-22
-28
-65
-89
-86
-91
-116
-152
-158
-173
-200
-221
-218
-204
-209
-213
-191
-146
-117
-92
-58
-9
31
60
95
126
145
153
152
154
161
152
142
145
156
159
157
164
183
196
201
213
219
216
205
184
165
137
102
53
8
-27
-65
-97
-120
-127
-131
-132
-121
-102
-76
-58
-29
1
25
39
45
52
57
56
42
28
15
-4
-21
-29
-34
-43
-55
-60
-59
-55
-58
-69
-66
-71
-86
-106
-128
-144
-168
-194
-218
-237
-247
-260
-269
-264
-251
-240
-231
-223
-215
-209
-204
-201
-190
-172
-146
-124
-113
-78
-17
38
76
129
204
271
317
356
409
439
436
421
423
409
361
308
264
233
180
122
87
65
27
-15
-32
-31
-48
-79
-93
-87
-94
-120
-139
-140
-151
-179
-192
-182
-178
-190
-192
-169
-132
-105
-88
-50
-3
33
61
91
120
141
145
145
155
159
146
136
140
147
148
142
152
164
169
169
173
181
174
154
139
124
95
59
16
-15
-41
-74
-103
-125
-131
-130
-132
-113
-93
-75
-58
-32
-1
17
23
36
46
51
44
28
25
14
0
-18
-27
-31
-44
-55
-57
-51
-49
-63
-69
-73
-86
-106
-128
-140
-165
-191
-217
-231
-241
-261
-268
-262
-252
-243
-231
-217
-208
-204
-199
-195
-191
-185
-168
-143
-124
-112
-80
-19
30
66
121
184
251
296
334
382
408
414
401
404
396
349
300
263
230
176
124
89
58
22
-16
-33
-35
-51
-73
-85
-85
-93
-117
-125
-133
-146
-163
-178
-173
-176
-182
-179
-165
-140
-124
-97
-62
-28
2
39
63
85
104
117
127
132
137
127
122
126
126
133
136
142
146
156
169
172
178
168
156
139
124
97
65
33
-1
-35
-61
-85
-105
-115
-121
-118
-108
-94
-75
-54
-35
-9
11
24
32
39
36
32
24
14
4
-9
-21
-28
-33
-42
-50
-49
-44
-49
-56
-65
-74
-84
-99
-116
-130
-157
-184
-201
-218
-234
-253
-253
-250
-243
-234
-225
-205
-189
-188
-184
-172
-171
-172
-169
-147
-125
-121
-107
-63
-8
29
69
131
204
261
296
338
384
402
392
389
398
380
328
282
251
216
160
108
84
54
14
-12
-20
-23
-48
-66
-69
-69
-77
-95
-110
-112
-132
-150
-159
-159
-165
-177
-174
-151
-125
-109
-90
-56
-14
19
48
68
96
112
115
126
139
140
130
123
128
132
131
133
139
149
149
150
153
148
133
114
95
78
51
12
-18
-34
-55
-80
-99
-110
-107
-113
-114
-94
-75
-60
-46
-21
0
12
18
23
28
30
22
16
9
-6
-20
-28
-32
-42
-51
-62
-64
-65
-71
-79
-86
-95
-108
-126
-137
-152
-173
-188
-203
-212
-220
-225
-224
-223
-214
-205
-197
-187
-179
-175
-179
-177
-177
-182
-179
-168
-152
-137
-118
-72
-16
29
74
127
192
250
288
327
357
367
363
355
342
313
263
214
177
146
103
54
20
-2
-23
-42
-43
-48
-60
-62
-59
-51
-55
-62
-72
-73
-73
-79
-79
-80
-83
-88
-78
-63
-44
-27
-13
9
38
66
83
97
112
117
125
128
118
112
103
91
86
78
70
62
58
61
61
53
47
43
40
27
20
16
-2
-21
-31
-34
-34
-41
-45
-36
-24
-19
-13
6
19
26
36
54
70
70
68
65
59
52
39
16
3
-15
-34
-45
-65
-84
-98
-109
-114
-121
-132
-142
-147
-147
-152
-156
-158
-162
-167
-166
-168
-169
-168
-169
-166
-164
-155
-153
-148
-145
-144
-144
-152
-155
-158
-155
-152
-140
-117
-102
-78
-34
10
49
97
149
209
253
285
314
331
337
330
321
291
256
213
179
150
108
69
34
11
-6
-18
-31
-40
-41
-43
-42
-40
-36
-44
-43
-46
-49
-52
-60
-58
-64
-59
-57
-47
-36
-21
1
14
37
58
76
87
97
107
110
109
110
100
88
76
69
53
43
32
21
14
11
3
-7
-9
-18
-18
-25
-31
-34
-34
-32
-32
-31
-24
-24
-17
-8
0
4
10
24
31
39
45
51
50
51
53
52
45
29
17
7
-12
-30
-46
-61
-77
-97
-115
-121
-130
-135
-139
-143
-142
-139
-139
-134
-134
-128
-127
-122
-117
-119
-117
-114
-117
-116
-118
-122
-117
-117
-114
-122
-123
-122
-122
-119
-114
-101
-81
-60
-40
-5
31
69
99
131
176
200
230
247
258
264
257
244
224
200
175
144
114
87
63
42
23
13
6
2
-2
-1
-1
-2
-1
3
-1
-4
-9
-4
-7
-16
-16
-19
-9
-13
-5
3
15
25
38
52
59
73
81
91
93
99
93
88
81
67
57
44
35
17
6
-6
-8
-16
-20
-22
-27
-26
-31
-28
-27
-23
-21
-23
-14
-8
-5
1
5
10
12
18
25
30
33
35
38
44
45
44
41
32
30
25
9
-2
-17
-35
-55
-66
-80
-99
-112
-120
-122
-123
-125
-124
-118
-113
-108
-97
-92
-86
-85
-76
-71
-73
-70
-74
-74
-79
-80
-86
-91
-92
-93
-92
-91
-95
-96
-98
-99
-96
-93
-90
-84
-70
-51
-32
-9
16
45
77
106
138
161
182
203
212
216
213
209
200
184
163
148
134
117
104
94
81
70
64
59
53
47
41
37
31
27
15
4
-3
-10
-15
-19
-27
-24
-25
-22
-13
-6
2
11
20
30
37
45
50
56
62
64
68
63
57
57
47
47
40
28
26
15
10
2
0
-8
-14
-12
-14
-11
-16
-10
-10
-6
3
3
4
13
16
20
27
27
32
33
34
33
34
39
27
27
23
15
9
-3
-9
-26
-40
-48
-61
-73
-81
-89
-91
-96
-97
-97
-92
-85
-79
-72
-66
-66
-57
-58
-58
-59
-62
-68
-75
-74
-76
-84
-93
-95
-95
-91
-88
-81
-71
-69
-60
-53
-48
-37
-37
-30
-28
-28
-31
-30
-27
-24
-17
-7
11
22
40
60
81
105
122
136
147
161
167
169
162
153
144
129
117
103
94
74
64
58
53
47
38
36
32
27
20
19
14
6
2
-4
-5
-6
-11
-11
-7
-6
-4
3
8
18
32
36
47
52
58
66
64
65
64
55
46
39
33
17
3
-5
-14
-26
-32
-33
-31
-29
-28
-21
-12
-5
4
6
13
12
16
16
13
16
7
4
1
-2
-2
-5
-3
-10
-8
-16
-17
-15
-23
-21
-28
-28
-32
-37
-38
-37
-40
-42
-41
-34
-33
-32
-30
-28
-23
-26
-28
-26
-33
-40
-45
-51
-60
-64
-69
-73
-77
-80
-75
-65
-62
-52
-37
-28
-17
-9
-2
2
2
2
-6
-12
-15
-22
-24
-28
-28
-25
-24
-16
-7
4
23
32
43
54
69
80
85
85
93
90
89
86
77
77
75
71
71
79
76
75
70
73
71
67
62
58
51
45
33
28
20
9
7
-3
-2
-6
-6
-3
-3
2
8
20
24
32
38
40
43
41
40
35
33
26
20
17
10
6
4
3
-6
1
1
0
1
3
1
-1
1
-2
-7
-12
-16
-20
-25
-29
-31
-29
-30
-31
-32
-30
-31
-24
-19
-21
-14
-6
-5
-6
0
0
-5
-8
-7
-5
-3
-2
-1
2
-4
-6
-6
-4
-5
-3
-10
-11
-17
-19
-25
-30
-29
-31
-28
-36
-30
-25
-23
-12
-5
2
10
16
18
18
17
16
14
14
4
4
1
-1
-3
-1
0
3
12
17
25
29
42
47
51
51
51
54
49
52
53
47
42
39
39
38
34
32
37
36
38
40
36
38
38
33
28
25
23
17
12
14
9
14
18
18
16
15
23
24
31
35
34
33
35
34
33
28
22
19
16
11
5
6
8
10
9
3
4
3
6
1
0
-2
-10
-8
-7
-16
-17
-20
-25
-25
-32
-35
-35
-36
-39
-38
-38
-41
-44
-38
-37
-37
-34
-37
-34
-29
-27
-25
-20
-17
-15
-13
-7
-6
-7
-4
-1
2
0
-2
-8
-8
-9
-14
-18
-21
-19
-20
-25
-22
-20
-17
-18
-17
-15
-9
-7
-11
-9
-12
-13
-13
-12
-15
-16
-17
-21
-15
-18
-17
-13
-5
4
7
17
26
29
28
33
32
32
30
24
26
19
24
18
14
12
10
13
9
10
11
10
13
14
13
12
13
16
14
13
11
10
14
15
15
21
22
26
25
25
33
29
35
38
37
34
39
31
30
27
21
18
13
13
9
11
11
13
16
20
16
13
15
14
13
7
4
2
-6
-4
-9
-10
-13
-13
-15
-22
-23
-22
-20
-16
-17
-16
-15
-14
-13
-15
-10
-14
-15
-11
-15
-14
-13
-16
-18
-14
-16
-13
-15
-12
-4
-2
2
4
9
0
2
1
-2
-5
-9
-12
-15
-13
-15
-18
-18
-16
-16
-18
-17
-17
-19
-16
-17
-22
-20
-23
-25
-24
-28
-31
-32
-27
-19
-18
-12
-3
-2
8
11
18
19
25
30
32
28
25
22
18
20
13
8
4
0
-4
-5
-2
-6
-4
-2
-4
-6
-6
-4
-1
-6
-7
-6
-9
-5
-10
-4
-1
-6
1
1
7
13
11
16
22
21
22
19
18
14
14
18
15
17
15
14
15
19
18
18
20
26
29
23
23
19
22
17
15
13
8
7
3
5
-2
-1
-4
-3
-2
3
6
1
-1
-2
-1
2
-1
-4
-7
-12
-12
-13
-14
-9
-11
-12
-9
-9
-4
-1
7
9
11
15
17
14
10
12
7
4
5
0
-7
-8
-3
-7
-8
-7
-3
2
2
6
10
9
12
10
12
11
8
6
0
3
1
-3
1
4
2
6
9
14
15
16
21
22
18
23
21
21
16
10
5
0
-2
-4
-8
-9
-14
-16
-17
-18
-16
-14
-16
-13
-16
-16
-14
-19
-12
-10
-16
-13
-11
-11
-5
-8
-5
-2
1
0
-3
-1
4
6
2
5
3
6
5
0
2
3
4
3
7
10
17
17
20
19
18
21
23
18
15
9
3
2
1
-3
-2
2
0
6
4
7
5
7
8
7
12
9
9
9
11
9
3
2
-2
2
1
3
8
6
11
18
18
22
28
27
31
36
32
31
31
25
25
18
14
9
12
9
7
0
-1
2
1
5
3
11
10
9
13
12
11
10
13
6
6
9
10
10
10
12
13
22
20
24
24
28
28
27
29
26
29
24
21
19
20
11
9
5
5
4
2
3
2
1
-1
-3
-6
-8
-8
-8
-7
-7
-8
-5
-6
-10
-15
-10
-10
-12
-6
-7
-5
-6
-7
-8
-10
-7
-8
-3
0
0
1
2
2
3
2
5
7
3
4
1
3
-2
-1
0
-4
-2
-8
-7
-13
-8
-11
-12
-14
-17
-17
-22
-20
-25
-18
-17
-15
-17
-19
-19
-17
-13
-10
-10
-8
-6
-8
-7
-6
-7
-6
0
-4
-2
1
3
8
7
15
14
19
20
20
23
27
23
18
19
18
21
23
22
21
19
24
22
21
23
19
13
13
15
14
15
14
13
16
18
23
22
22
21
23
27
27
26
25
27
29
34
32
28
24
23
21
16
16
16
8
7
5
2
0
-7
-6
-9
-9
-8
-12
-14
-12
-9
-8
-10
-6
-7
-9
-10
-9
-9
-9
-10
-9
-8
-11
-12
-12
-12
-9
-9
-7
-9
-7
-2
1
1
3
4
9
8
7
10
11
6
10
9
8
11
4
7
6
5
3
1
1
-1
-4
-6
-10
-9
-12
-13
-12
-14
-10
-9
-9
-9
-10
-8
-9
-12
-5
-6
-1
3
-4
-2
-1
-2
1
-2
-3
-1
2
-1
1
4
4
8
9
8
8
11
14
10
11
7
11
12
10
10
10
8
6
9
4
0
2
2
2
1
0
5
0
3
7
10
12
15
16
18
22
25
31
31
32
30
34
32
31
31
25
28
24
26
21
19
15
15
8
5
11
10
3
0
3
0
-1
-6
-1
-4
-4
-6
-10
-9
-12
-8
-12
-13
-15
-12
-15
-17
-11
-13
-11
-7
-6
-4
-1
2
1
6
11
10
12
14
15
15
18
17
18
15
14
11
13
8
8
7
4
9
3
7
4
4
2
3
3
-1
1
-6
-4
-1
-1
-1
-1
2
1
8
6
2
4
3
6
2
6
7
6
5
9
12
13
14
17
22
23
23
27
30
28
32
30
27
29
21
16
16
16
18
15
13
10
6
6
5
2
-4
1
3
8
8
10
10
7
13
10
15
18
20
23
27
25
24
28
29
32
31
35
33
30
28
27
27
24
21
24
19
18
17
14
15
12
12
13
12
12
8
5
5
4
3
4
-4
-1
1
-8
-11
-12
-10
-10
-9
-5
1
3
2
1
0
0
2
5
5
10
14
13
12
13
12
13
10
11
17
16
19
15
18
21
21
21
15
17
13
13
9
5
11
13
9
9
13
14
15
15
19
27
24
24
29
26
29
30
30
27
30
29
28
31
24
23
26
31
28
30
32
32
31
27
30
31
30
28
28
32
27
28
27
24
25
20
23
22
22
23
20
24
29
28
31
31
30
32
32
33
31
31
31
29
33
34
32
39
40
35
40
40
40
42
41
39
38
33
39
36
32
30
21
19
14
16
18
11
7
10
8
11
11
13
11
8
9
7
8
3
1
0
-6
-5
-6
-1
-2
-4
0
1
1
5
7
8
10
13
12
14
14
13
14
13
16
9
8
13
14
16
18
20
21
23
22
18
20
20
20
21
19
16
12
13
13
15
18
19
24
24
28
30
35
36
32
41
37
37
40
37
35
29
30
25
22
24
28
28
24
24
16
21
21
21
28
25
21
24
24
28
25
28
25
26
23
22
24
30
30
31
35
32
32
27
32
30
30
37
36
32
33
34
34
44
40
35
37
36
36
39
45
45
46
44
43
46
41
39
40
32
32
33
30
23
25
27
26
27
25
23
23
25
24
19
17
13
10
10
6
5
1
-7
-8
-11
-12
-13
-14
-11
-4
0
-2
-1
0
6
4
5
9
6
8
6
10
7
9
10
8
10
9
14
13
15
13
15
13
14
13
13
14
10
9
5
3
3
-1
1
-1
7
10
9
13
8
15
14
12
11
13
16
13
12
10
12
6
7
6
7
14
7
7
7
9
12
16
15
14
18
10
6
7
6
0
-4
-3
-2
-6
-6
-8
-6
-5
-2
1
-2
7
11
14
16
20
23
23
26
30
30
33
34
31
36
37
38
40
43
41
41
43
39
35
41
36
30
29
26
24
21
16
14
12
13
17
15
11
9
9
5
3
0
3
4
-1
-4
-7
-4
-11
-8
-12
-15
-11
-15
-17
-16
-9
-9
-8
-6
-9
-10
-8
-8
-9
-5
-2
-4
-1
-4
-3
-9
-6
-2
-3
-1
-1
0
3
1
7
4
5
8
5
6
4
5
-2
-3
-3
-5
-6
-5
-1
0
-1
1
2
0
1
-6
-5
-3
0
4
1
0
2
2
1
4
7
5
4
3
3
4
7
10
7
9
4
2
0
-6
-8
-4
-9
-14
-16
-18
-22
-27
-21
-21
-18
-16
-15
-13
-13
-10
-7
-2
2
0
0
4
8
9
14
10
13
14
14
17
18
13
17
16
18
16
14
13
12
9
5
4
4
6
6
0
0
0
-1
-5
-13
-11
-9
-12
-16
-18
-19
-19
-21
-20
-22
-21
-20
-20
-20
-18
-16
-17
-12
-7
-3
-1
-3
-4
-4
-2
3
3
-3
0
3
-1
-5
-4
-3
-1
-1
2
-1
0
1
0
2
2
2
3
1
-3
1
0
-2
3
-1
2
6
-1
1
3
5
7
4
4
2
0
1
1
0
-3
-5
-9
-8
-8
-12
-9
-7
-6
-10
-4
-3
-7
-6
-9
-8
-11
-12
-13
-9
-6
-6
-7
-13
-6
-8
-10
-7
-6
-8
-4
-4
-1
3
-4
4
-2
3
3
2
2
1
-1
-2
-2
-3
-3
-1
0
1
0
1
4
3
7
6
9
9
9
9
7
7
3
1
3
2
-5
-5
-10
-10
-12
-14
-16
-22
-23
-24
-20
-25
-25
-29
-24
-26
-26
-24
-25
-24
-21
-21
-20
-20
-20
-17
-19
-16
-15
-17
-14
-15
-12
-10
-11
-8
-12
-13
-13
-13
-16
-14
-13
-13
-12
-14
-12
-12
-13
-8
-6
-5
0
0
-3
-3
-2
0
1
1
8
8
8
12
15
19
16
17
19
19
18
18
19
19
16
14
10
9
11
8
2
1
1
-4
-6
-5
-5
-7
-5
-7
-8
-11
-10
-10
-12
-12
-12
-10
-11
-9
-8
-8
-5
-2
-3
-4
-2
2
6
6
7
8
8
11
11
14
17
16
17
13
14
13
11
11
13
9
2
9
1
0
6
7
8
9
8
7
8
4
2
3
1
0
-1
-4
-3
-10
-13
-16
-17
-13
-14
-22
-20
-19
-20
-19
-22
-20
-21
-20
-18
-20
-19
-20
-17
-18
-16
-14
-11
-14
-13
-15
-17
-16
-16
-14
-12
-11
-16
-11
-8
-5
-4
-4
-4
-8
-1
-4
1
-2
-3
-4
-4
0
-3
-2
-2
-6
-5
-5
-8
-5
-6
-5
-2
-1
0
7
5
5
6
9
11
10
8
4
6
2
5
1
-2
-2
-4
-4
-6
-6
-9
-8
-4
-10
-12
-10
-11
-7
-10
-7
-4
-5
-3
-6
-7
0
-3
0
2
4
6
5
9
12
10
9
9
10
13
8
11
11
12
12
14
15
12
12
12
16
11
13
19
14
18
19
19
17
15
17
14
9
12
11
10
5
3
5
0
-5
-7
-6
-8
-9
-14
-14
-14
-14
-17
-14
-15
-12
-10
-13
-12
-13
-13
-16
-12
-15
-6
-8
-8
-7
-7
-6
-6
0
-4
-2
-2
-4
-3
-5
-2
-5
-4
-3
-3
-1
0
1
-1
-1
1
-1
1
-3
-1
1
2
1
0
5
3
3
4
6
16
9
9
12
14
12
9
6
8
9
4
2
-2
0
-3
-3
-2
-4
-6
-9
-9
-11
-11
-14
-13
-12
-11
-9
-8
-10
-8
-6
-11
-8
-5
-3
-7
-8
-4
-4
-2
-6
-2
0
2
0
0
1
-1
1
4
4
1
1
-3
0
2
1
3
2
2
1
4
6
5
6
9
7
7
7
7
6
1
5
4
1
-1
2
1
-3
-6
-7
-3
-2
-2
-1
-1
-1
-3
-7
-7
-6
-7
-7
-5
-6
-8
-2
-3
-6
-3
-8
-1
2
-1
4
2
1
3
2
1
1
-1
-2
-3
-2
-5
-3
-2
-3
-3
-6
-3
-7
-4
-1
0
-3
-2
-1
2
4
-1
2
2
1
-1
-5
-1
-1
2
1
2
-3
-5
-5
-9
-3
-4
-2
-3
-4
-4
-3
-3
-6
-6
-3
-8
-5
-7
-2
-3
-7
-7
-8
-8
-7
-5
-2
-6
-5
-5
-7
-6
-9
-7
-7
-4
0
-3
1
3
0
1
4
2
1
2
3
2
2
5
1
1
-3
-6
-4
-3
-11
-12
-9
-11
-9
-10
-8
-7
-9
-7
-8
-7
-8
-11
-10
-9
-12
-12
-7
-7
-8
-6
-10
-9
-11
-8
-8
-14
-12
-13
-9
-11
-4
-6
-6
-2
-1
-3
-2
-2
1
5
3
5
4
-1
3
4
5
9
7
7
9
9
8
10
9
6
8
5
3
2
0
-1
-1
-1
3
0
-2
2
0
3
7
2
4
4
5
8
10
10
8
11
7
9
8
8
8
10
5
4
6
6
9
3
8
6
7
7
3
5
6
1
1
6
3
4
5
4
2
1
2
5
5
5
5
4
3
3
4
8
7
6
10
8
11
8
7
10
8
7
4
6
11
9
5
7
12
14
7
8
14
13
12
14
10
4
8
3
5
7
9
4
0
5
0
2
1
2
7
4
3
5
3
4
7
9
