-8
-12
-10
-32
-21
-20
-24
-25
-9
-10
-21
-11
-16
0
-7
-2
-3
-3
-11
-5
-18
2
3
-7
7
2
-1
3
6
5
-5
-4
-10
-5
-8
-4
-17
1
-8
-1
-14
-1
4
-7
-1
-7
2
-11
5
-9
5
-7
3
-3
1
6
-1
-5
7
-11
0
-7
1
0
2
6
-6
1
-4
-3
-10
3
-8
-4
-3
-3
-10
-2
-3
4
-5
-1
7
0
-1
-7
-12
-8
-15
-16
-4
-12
-7
-2
-5
-4
-3
-10
-20
-12
-13
-4
-10
-8
-8
-8
-14
-2
-8
-12
-5
-7
4
-6
-16
-11
-4
-14
6
-11
-8
-23
-13
-19
-10
-13
-16
-13
-14
1
-13
-13
-3
-14
-11
-1
-6
-4
-12
0
-1
-10
-13
-9
-14
-13
-20
-26
-23
-23
-24
-13
-23
-12
-7
-15
-6
-12
-8
3
1
6
0
9
8
6
3
-9
1
-7
-17
11
-12
7
3
4
4
-4
7
-8
1
0
2
8
-8
-2
9
-9
2
-15
-2
9
10
4
0
15
8
17
10
22
-4
-4
0
4
9
0
7
14
19
11
13
1
22
7
-6
4
5
11
-2
-9
1
6
8
-2
2
2
-2
-2
8
-3
5
14
11
14
11
17
9
11
9
5
2
-10
-7
1
0
-11
-13
-7
-14
2
-10
-19
-4
-12
-4
-16
-1
-3
-16
9
-11
3
-5
0
0
1
-6
-10
-6
-13
-10
-9
8
-4
9
-7
8
-4
4
-5
-11
8
-4
-12
2
-15
-2
-2
-6
-9
-2
14
-3
-2
1
8
8
-8
-3
-5
-9
-5
-14
-8
-12
-6
-3
-8
-11
-11
-12
-17
-7
-3
6
-5
7
1
6
-4
-6
16
-16
3
-9
-3
-5
6
-2
-4
2
0
-15
-10
-12
-17
-4
0
0
1
20
10
6
-5
8
10
-6
0
-5
-4
-6
12
15
3
-8
-11
1
-14
-15
-17
-1
-5
0
-6
-2
3
7
11
15
20
12
10
18
4
13
10
7
23
5
15
-5
9
5
14
8
2
20
12
19
12
19
11
16
19
9
9
24
6
31
17
24
11
12
17
4
28
7
21
18
22
20
14
-3
6
5
18
9
6
6
8
-1
-6
3
-7
3
0
16
10
20
26
26
19
21
17
16
18
12
5
2
5
5
6
-6
-1
-8
-2
6
9
8
19
16
8
26
13
18
20
10
19
7
15
1
-2
7
0
8
-3
-1
-6
3
7
-10
14
-3
17
11
5
14
-13
10
7
-6
-3
-2
-4
1
6
3
-2
11
-1
24
-14
4
5
-4
15
10
17
-1
12
1
6
11
-7
10
21
9
14
9
21
-1
14
18
10
13
9
6
-1
-5
-6
8
4
1
7
-4
8
-15
1
9
-12
8
-1
0
5
11
6
-1
8
16
6
13
2
9
11
15
17
9
5
4
8
17
3
7
3
12
19
1
10
15
13
35
23
31
24
26
32
6
30
7
30
-5
20
21
-1
23
9
23
16
13
26
9
17
13
19
12
-1
14
-2
13
-1
12
12
-12
20
5
14
2
18
21
11
9
10
2
1
-1
3
2
17
15
15
21
16
24
7
2
1
14
0
22
6
15
16
9
6
13
10
4
3
-8
-8
11
-2
9
15
5
6
12
9
-11
1
14
-2
-7
1
-6
-20
-14
7
-20
-7
-1
-5
16
14
23
-3
-4
4
-5
-10
-12
-14
-13
-15
-2
6
-4
12
3
4
-2
8
0
2
9
11
9
12
16
20
19
20
12
10
6
5
7
-7
7
10
5
-1
-13
4
-7
-7
3
0
12
5
8
2
2
21
15
0
26
22
17
10
20
16
5
8
9
-3
-2
1
9
7
4
21
16
7
21
22
24
19
9
20
20
23
17
34
14
27
26
18
21
4
13
10
11
5
4
14
25
8
4
2
16
16
13
17
22
30
31
18
25
26
28
16
-2
22
14
18
13
19
15
17
7
9
8
12
30
19
14
27
26
17
23
20
19
14
11
18
32
21
27
26
37
23
15
25
9
16
2
-6
16
3
2
12
8
0
8
3
7
11
18
7
6
17
3
-9
2
7
6
-14
-2
15
16
5
0
12
-1
-4
-6
-7
-1
-1
-1
2
14
16
17
4
2
14
-14
7
-3
-6
-3
8
-1
4
-21
-7
-3
-6
-15
-7
16
3
12
-4
24
-13
18
5
10
12
8
-5
10
-4
-15
-2
4
3
2
6
-2
4
-11
-6
-5
-2
-5
-18
2
-1
-11
-17
-9
-4
8
1
3
14
7
18
14
11
20
13
10
20
4
20
-6
10
2
-6
0
3
4
6
4
1
17
2
0
15
3
-3
9
9
-5
-1
-4
1
8
0
6
-13
10
-3
2
-2
-4
17
-4
10
8
18
11
8
20
6
9
16
5
15
3
9
5
5
14
-10
1
6
15
9
15
8
13
18
4
20
16
13
7
9
15
22
16
25
7
0
-5
11
-6
-13
-2
-7
-5
-6
4
2
17
-4
6
5
3
6
6
8
-4
-7
18
2
-7
-1
0
-9
1
3
-14
-19
-22
-3
-8
-14
-22
-3
-9
-7
-12
-16
2
-2
11
9
24
-5
-7
-7
-12
-15
-23
-23
-11
-10
2
-3
-21
-7
-19
-9
-15
-15
-12
-18
-3
-9
-7
-10
-13
-5
-6
6
-3
9
3
21
7
-7
-3
6
7
-8
7
-7
4
6
12
9
11
4
3
-2
-14
8
-22
0
-2
13
30
-2
15
8
8
4
5
12
0
-15
13
-6
1
-1
-3
10
-13
-10
4
20
10
8
11
27
29
19
11
7
-3
14
8
-1
17
20
12
9
7
-4
-12
2
4
4
9
16
20
20
17
6
7
17
-1
-1
3
5
-6
7
9
13
11
6
20
6
13
-1
6
4
-3
-7
8
-4
12
15
0
-6
-2
3
1
1
5
4
8
-10
0
9
-25
-13
-4
-8
-5
11
0
-5
-4
-2
5
11
-12
11
-1
-6
-2
-13
-2
-17
-4
-14
0
-12
-4
-4
12
0
0
12
0
2
1
5
-16
-1
-18
-11
-15
-11
-33
-5
-17
-9
-7
-5
3
-4
-1
-1
-5
-1
-17
-31
-15
-12
-9
4
-3
2
4
-11
8
-5
2
13
-4
-9
-19
-16
-30
-40
-35
-36
-26
-7
-23
-4
13
-8
10
11
-1
6
7
3
11
5
-13
-17
11
0
-13
-8
-9
-6
21
-2
7
11
2
11
2
-2
-6
4
-8
-12
-2
-14
-12
-5
3
10
13
4
16
16
-6
12
16
6
5
15
22
-3
1
18
-7
3
12
23
14
22
14
27
12
-14
-9
-10
-8
-8
-1
6
15
24
16
16
26
9
2
-3
-2
-2
-3
-4
-16
11
-16
-4
1
-23
-28
3
4
6
11
-2
9
6
2
-5
12
0
-5
-7
1
-25
-6
0
2
7
-10
-7
4
-19
-27
14
-8
-6
-2
-4
-4
5
-9
-10
-3
-28
-13
-7
-11
-8
-17
-14
4
-11
-15
-7
-15
-16
-21
-20
-21
-35
-25
-35
-29
-32
0
-13
-13
-23
0
6
10
5
-8
-6
-20
-22
-36
-37
-48
-31
-38
-42
-41
4
33
10
9
-8
7
-1
-25
-31
-32
-60
-41
-50
-48
-40
-57
-17
-37
-26
-26
-24
-29
-31
-15
-17
-48
-16
-25
-1
-15
-9
1
-7
-10
-6
8
-10
11
-1
-9
-6
2
-16
-15
-21
-48
-29
-23
-45
-24
-25
-20
-35
-47
-24
-22
-25
-26
-23
-3
24
11
19
47
20
20
19
-3
-3
-22
-42
-46
-42
-32
-49
-61
-54
-32
-35
-36
-17
-23
-12
-8
11
16
34
41
59
66
68
63
51
22
7
-5
-11
-34
-52
-47
-64
-73
-54
-52
-57
-41
-37
-37
-31
-4
-10
-8
4
16
37
39
46
34
49
62
40
24
29
26
3
-9
-9
-5
-14
-23
-28
-20
-19
-29
-23
-21
-25
-11
2
15
18
10
20
14
18
12
-9
-8
0
-21
-18
-10
-9
-4
-4
-10
16
10
1
7
-1
-7
-16
-14
-29
-19
-21
-29
-33
-35
-33
-23
-32
-21
-14
-3
1
16
14
9
9
4
-6
-5
7
-10
-24
-22
-21
-25
-25
-16
-11
-15
-11
-18
-12
6
11
16
8
14
20
10
6
-1
-1
-11
-22
-25
-8
-8
-10
1
-2
3
18
11
10
21
22
12
0
-5
-5
-19
-40
-47
-39
-28
-25
-40
-23
-2
-1
2
-2
5
19
13
8
17
9
1
5
-16
-19
-15
-20
-27
-23
-11
-6
-4
-8
4
11
14
7
4
-2
-9
-19
-27
-18
-23
-34
-30
-20
-15
-4
9
9
3
5
10
8
7
10
-13
-19
-20
-21
-11
-17
-19
-6
18
22
24
23
29
30
35
32
18
6
1
3
-14
-23
-29
-30
-30
-29
-24
-9
-11
0
3
19
19
11
14
9
18
10
8
8
1
0
-5
-9
-16
-27
-28
-33
-40
-43
-34
-26
-26
-24
-20
-12
-3
6
11
13
7
3
-2
-10
-20
-30
-28
-31
-28
-34
-39
-39
-46
-43
-53
-59
-61
-63
-59
-57
-47
-44
-41
-34
-22
-10
-4
1
-1
-8
-10
-20
-17
-17
-20
-18
-14
-4
-7
1
14
23
34
35
43
46
50
54
64
68
67
76
73
75
78
80
86
77
79
72
67
61
50
42
33
25
14
21
20
26
30
32
39
46
51
43
47
37
26
20
16
3
3
-1
-15
-14
-12
-22
-30
-38
-48
-54
-57
-65
-70
-68
-73
-66
-63
-58
-55
-53
-46
-52
-46
-46
-41
-34
-29
-16
-8
-8
-9
-16
-21
-33
-51
-71
-83
-95
-103
-109
-108
-102
-97
-91
-90
-83
-76
-77
-88
-89
-86
-80
-80
-84
-83
-82
-76
-80
-91
-104
-127
-158
-189
-221
-225
-183
-109
-26
59
158
284
403
500
550
555
539
485
391
272
151
34
-80
-184
-251
-282
-277
-256
-235
-200
-167
-130
-109
-96
-86
-76
-61
-45
-14
36
107
172
234
293
350
385
395
374
317
246
157
58
-36
-118
-169
-196
-205
-185
-151
-97
-46
-6
31
52
74
77
63
55
57
65
72
88
100
122
129
124
113
78
42
-10
-65
-118
-158
-182
-183
-184
-160
-126
-89
-56
-32
-12
-12
-20
-41
-64
-84
-100
-114
-118
-116
-103
-83
-62
-47
-28
-19
-22
-29
-42
-59
-73
-86
-105
-113
-126
-128
-146
-161
-175
-185
-207
-221
-235
-245
-243
-236
-230
-233
-225
-223
-231
-249
-239
-181
-58
79
197
315
457
610
705
749
736
678
575
420
237
51
-107
-250
-381
-463
-486
-461
-407
-357
-303
-253
-192
-143
-114
-85
-38
13
68
140
227
327
432
508
546
558
551
489
378
233
67
-89
-241
-382
-486
-524
-519
-482
-421
-339
-244
-149
-69
-15
25
59
90
127
171
223
294
363
433
484
516
516
468
376
255
116
-37
-185
-303
-396
-441
-438
-398
-320
-221
-118
-23
53
117
157
177
182
164
153
131
111
88
61
35
-5
-54
-112
-176
-235
-288
-335
-356
-346
-307
-250
-174
-86
-1
80
146
174
174
152
99
39
-31
-98
-175
-224
-265
-283
-290
-289
-278
-268
-248
-242
-246
-256
-278
-303
-317
-331
-328
-270
-88
144
348
502
655
818
914
915
817
660
468
254
22
-195
-343
-424
-484
-531
-521
-443
-346
-268
-238
-216
-166
-119
-85
-44
50
171
289
393
491
595
678
695
626
504
369
211
20
-175
-342
-460
-535
-578
-582
-528
-428
-323
-235
-150
-75
-6
66
116
147
194
253
299
336
373
412
432
424
386
312
239
141
37
-64
-152
-214
-249
-256
-243
-208
-151
-87
-37
14
58
103
124
146
158
168
185
187
194
184
158
119
68
7
-56
-124
-194
-250
-285
-296
-280
-250
-197
-139
-76
-15
31
68
85
86
68
43
6
-34
-75
-111
-147
-164
-180
-186
-194
-195
-193
-184
-181
-177
-175
-179
-176
-180
-173
-169
-173
-182
-191
-192
-185
-176
-111
65
264
398
464
555
665
712
662
537
394
241
68
-118
-272
-334
-345
-372
-397
-367
-297
-213
-159
-154
-144
-89
-22
34
115
232
368
462
510
535
546
530
440
276
104
-48
-186
-317
-416
-466
-470
-454
-437
-391
-313
-223
-154
-96
-38
32
104
184
259
314
373
405
398
368
318
254
162
55
-26
-83
-107
-134
-142
-120
-81
-41
-33
-22
1
13
20
36
51
92
127
150
166
174
177
154
106
60
24
1
-21
-47
-61
-65
-66
-76
-93
-116
-132
-157
-186
-191
-174
-137
-90
-55
-22
9
30
24
-4
-45
-92
-134
-165
-175
-160
-126
-99
-72
-55
-38
-29
-45
-79
-117
-139
-156
-168
-177
-171
-148
-145
-169
-196
-208
-232
-265
-286
-179
73
307
420
487
637
797
820
687
516
368
202
-29
-256
-367
-341
-311
-360
-395
-347
-248
-188
-198
-219
-184
-100
-25
41
168
354
504
563
549
530
521
451
284
85
-59
-164
-269
-366
-409
-390
-363
-375
-401
-374
-288
-193
-130
-62
47
168
278
377
446
480
480
418
316
201
100
9
-93
-190
-269
-273
-202
-142
-98
-64
-9
28
38
65
85
111
142
151
178
221
260
257
194
138
74
9
-35
-77
-105
-106
-93
-86
-76
-57
-64
-99
-137
-171
-189
-184
-168
-142
-94
-27
31
65
86
79
56
26
-6
-37
-52
-49
-49
-36
-6
10
-2
-38
-97
-156
-225
-269
-322
-345
-327
-274
-216
-162
-91
-48
-19
-10
-26
-63
-86
-105
-135
-168
-145
39
326
525
527
503
587
642
501
237
51
-34
-120
-284
-385
-317
-152
-113
-233
-298
-247
-183
-199
-224
-166
-20
139
248
358
519
659
652
509
340
227
151
38
-105
-196
-181
-156
-197
-247
-234
-219
-277
-388
-449
-384
-236
-80
50
214
380
481
510
500
463
370
227
67
-39
-85
-98
-115
-135
-154
-196
-244
-208
-138
-71
-14
40
137
236
341
405
385
348
296
200
119
53
12
-14
-66
-95
-110
-79
-27
-51
-98
-122
-128
-123
-96
-46
0
38
71
76
74
79
53
-8
-66
-107
-129
-127
-113
-108
-105
-89
-86
-97
-99
-90
-91
-107
-122
-136
-140
-130
-150
-178
-195
-212
-224
-230
-204
-168
-123
-81
-60
-58
-64
-81
-128
-179
-232
-260
-272
-128
174
473
594
560
593
680
626
370
111
11
-14
-144
-307
-286
-99
13
-115
-291
-305
-236
-239
-291
-253
-60
133
233
314
476
647
658
505
321
220
181
132
26
-60
-82
-86
-177
-330
-409
-401
-408
-491
-536
-407
-171
41
191
327
454
475
397
322
303
282
207
110
61
76
93
41
-65
-160
-262
-387
-492
-435
-227
-41
80
168
307
423
457
413
313
245
226
179
135
153
190
180
51
-86
-166
-192
-199
-250
-266
-176
-62
11
70
138
190
154
54
-32
-60
-31
-29
-54
-41
-3
9
-15
-58
-93
-124
-173
-213
-221
-173
-96
-72
-75
-51
-40
-58
-89
-101
-84
-83
-104
-126
-122
-108
-126
-169
-204
-196
-180
-161
-140
-128
-125
-151
-212
-279
-287
-123
210
494
566
510
571
703
646
380
147
114
127
-34
-239
-214
-28
9
-236
-454
-427
-331
-359
-423
-289
2
196
212
269
471
645
594
391
271
279
294
241
145
98
79
-24
-226
-411
-451
-422
-449
-522
-481
-280
-63
46
106
230
331
287
179
195
327
401
363
293
273
262
164
-11
-143
-211
-291
-427
-475
-278
-13
113
115
135
236
286
248
197
201
275
326
274
251
285
280
165
-28
-137
-163
-145
-140
-166
-121
-30
-15
-64
-67
-17
18
-10
-59
-43
27
85
77
51
58
45
-16
-68
-91
-112
-146
-205
-247
-231
-157
-118
-121
-102
-64
-49
-59
-75
-72
-56
-76
-121
-151
-109
-60
-66
-65
-44
-27
-40
-94
-155
-187
-218
-285
-373
-414
-345
-93
309
608
597
467
515
622
530
280
166
287
368
216
13
51
190
38
-364
-581
-496
-405
-466
-469
-210
87
136
18
44
273
406
341
277
354
458
463
390
319
272
165
-50
-283
-356
-285
-234
-292
-384
-366
-269
-242
-278
-203
0
124
90
105
288
459
456
349
303
314
277
138
29
52
92
-25
-239
-308
-145
-24
-79
-136
-68
52
49
9
58
168
274
271
225
302
402
373
243
126
96
82
24
-46
-72
-10
14
-71
-158
-155
-135
-181
-258
-260
-170
-94
-71
-41
45
118
87
20
11
41
44
6
-34
-21
-8
-38
-102
-146
-128
-142
-196
-235
-207
-147
-137
-158
-169
-125
-85
-84
-94
-61
-25
-41
-86
-124
-133
-149
-188
-255
-286
-264
-135
163
467
526
387
346
477
510
346
228
328
465
365
120
63
165
70
-287
-519
-420
-284
-346
-428
-296
-50
-5
-144
-128
89
258
258
265
400
521
490
377
302
297
262
128
-28
-100
-69
-63
-173
-300
-347
-330
-361
-428
-350
-133
-4
-54
-79
64
229
241
197
242
354
380
283
195
221
246
149
20
2
67
50
-54
-99
-56
-36
-117
-205
-151
-13
68
92
146
238
289
260
215
212
233
215
165
121
114
98
39
-54
-138
-163
-188
-239
-274
-241
-180
-159
-167
-122
-31
31
43
44
88
119
88
30
1
9
-4
-45
-69
-64
-83
-126
-166
-175
-173
-182
-182
-180
-159
-139
-135
-148
-147
-137
-118
-110
-86
-47
-28
-37
-82
-132
-186
-211
-40
310
513
398
244
367
570
506
280
242
416
425
145
-48
97
210
-84
-467
-460
-187
-138
-337
-373
-147
-20
-185
-288
-45
271
300
171
244
446
493
372
283
308
325
243
122
67
77
40
-97
-274
-354
-327
-323
-396
-423
-272
-127
-153
-224
-125
86
153
113
148
310
416
355
236
235
333
339
223
156
226
256
123
-18
-38
-30
-128
-267
-270
-141
-41
-37
-23
75
143
121
86
116
182
191
181
193
229
234
172
91
25
-15
-48
-97
-147
-160
-170
-209
-251
-231
-160
-118
-126
-116
-47
10
10
-13
-5
20
10
-28
-41
-5
-3
-58
-124
-137
-135
-152
-172
-160
-124
-127
-153
-170
-155
-135
-153
-162
-151
-130
-107
-109
-113
-117
-130
-97
76
322
399
283
225
378
515
444
312
334
421
310
78
34
183
193
-75
-293
-237
-124
-201
-362
-327
-174
-162
-286
-238
22
189
144
84
192
329
343
311
354
429
392
281
208
199
178
77
-62
-159
-180
-181
-238
-296
-278
-235
-259
-328
-301
-147
-28
-23
-36
28
139
187
171
174
244
326
325
277
316
393
358
228
151
175
146
32
-59
-63
-35
-76
-144
-124
-54
-57
-112
-114
-51
-2
11
49
118
186
210
186
174
171
149
119
80
36
5
-30
-88
-151
-174
-175
-195
-222
-226
-197
-154
-126
-119
-112
-103
-95
-62
-32
1
25
23
1
-31
-63
-75
-62
-79
-121
-153
-134
-112
-144
-182
-206
-205
-205
-242
-228
-164
-135
-157
-112
132
368
331
155
167
403
536
449
385
474
494
271
49
96
249
154
-121
-247
-166
-143
-288
-373
-272
-185
-245
-303
-169
28
73
7
7
115
222
264
305
358
372
319
229
189
205
216
151
7
-90
-102
-114
-163
-199
-166
-132
-206
-289
-271
-187
-124
-131
-115
-50
14
28
17
55
156
229
217
212
289
373
357
324
329
316
260
187
144
136
115
52
-2
-25
-73
-145
-174
-175
-180
-170
-127
-60
3
30
35
44
57
53
65
108
139
143
114
54
2
-12
-26
-72
-95
-88
-92
-117
-144
-139
-127
-164
-236
-259
-213
-177
-168
-168
-146
-107
-111
-138
-121
-64
-34
-60
-82
-60
-20
-39
-100
-135
-135
-153
-207
-239
-214
-145
14
223
274
125
32
180
366
406
377
434
489
341
118
124
301
303
68
-87
-32
-25
-189
-312
-244
-148
-221
-311
-195
-29
-34
-136
-125
-10
69
114
202
293
305
231
171
198
237
258
239
169
90
41
3
-67
-121
-119
-111
-153
-203
-209
-174
-151
-189
-214
-176
-96
-36
-41
-49
12
114
141
117
162
242
246
213
254
336
335
265
202
203
211
164
98
81
73
12
-53
-69
-70
-91
-120
-131
-110
-68
-37
-38
-53
-63
-47
2
33
45
67
83
55
18
13
26
15
-16
-50
-38
5
13
-13
-50
-78
-111
-144
-165
-157
-141
-156
-174
-174
-150
-140
-162
-185
-199
-178
-145
-108
-71
-52
-39
-51
-117
-156
-161
-164
-183
-109
171
382
265
6
13
284
408
326
313
446
447
181
13
193
386
239
-20
-44
71
-6
-220
-264
-136
-129
-271
-280
-101
-25
-160
-270
-191
-25
68
120
190
249
227
157
137
212
306
316
225
145
143
149
72
-28
-33
4
-49
-164
-199
-164
-168
-235
-271
-214
-131
-115
-150
-170
-105
8
48
56
126
221
220
162
207
313
335
278
240
281
310
249
153
137
129
53
-23
-20
-6
-56
-127
-160
-119
-88
-99
-116
-118
-112
-110
-79
-28
15
47
45
16
15
54
72
40
4
-18
-25
-21
-25
-19
-18
-42
-84
-110
-116
-109
-113
-145
-172
-167
-152
-164
-183
-193
-207
-219
-224
-215
-177
-139
-138
-131
-122
-115
-126
-116
-109
-76
113
312
304
116
60
257
433
410
353
425
454
257
39
109
303
268
34
-70
25
17
-160
-271
-201
-134
-226
-290
-188
-86
-132
-233
-222
-102
16
69
114
150
171
163
148
185
272
330
273
163
130
164
148
75
31
60
49
-54
-152
-171
-166
-204
-267
-260
-179
-134
-163
-226
-203
-83
-23
-24
19
127
191
172
188
265
318
290
245
274
337
307
211
158
143
106
32
-5
3
-12
-65
-119
-107
-71
-78
-101
-115
-113
-97
-80
-73
-54
-25
-17
-28
-12
29
54
40
12
4
2
-13
-33
-42
-44
-65
-71
-53
-40
-42
-58
-87
-107
-111
-110
-116
-121
-130
-155
-158
-160
-168
-184
-206
-234
-246
-254
-259
-233
-197
-165
-139
19
239
298
151
66
228
426
458
426
502
565
420
206
210
372
366
159
31
84
77
-94
-230
-213
-175
-246
-317
-256
-168
-190
-269
-285
-197
-76
15
59
78
102
130
135
162
248
348
346
251
207
247
251
168
107
132
142
65
-23
-63
-65
-108
-187
-209
-165
-115
-142
-222
-210
-133
-116
-149
-116
10
88
84
86
163
248
247
208
237
306
308
238
192
204
193
138
88
80
77
26
-40
-60
-43
-44
-70
-111
-115
-93
-80
-91
-101
-71
-55
-78
-92
-51
-4
-9
-46
-56
-30
-10
-18
-36
-32
-47
-74
-89
-72
-36
-35
-58
-73
-59
-51
-64
-92
-98
-101
-110
-128
-145
-134
-152
-201
-264
-293
-306
-330
-344
-295
-97
111
110
-29
-19
176
322
316
351
501
570
440
306
403
551
469
259
201
283
236
34
-95
-85
-109
-233
-306
-227
-157
-249
-389
-421
-343
-247
-176
-119
-55
-5
5
6
54
174
266
271
233
257
316
303
233
205
233
223
164
114
94
65
5
-84
-131
-97
-47
-75
-163
-177
-121
-114
-166
-166
-84
-22
-37
-41
30
102
98
77
135
221
249
226
220
228
210
192
194
208
193
143
93
73
62
37
6
-33
-64
-69
-54
-54
-64
-82
-106
-125
-124
-89
-59
-50
-69
-86
-79
-68
-52
-45
-21
-23
-44
-50
-45
-25
-29
-48
-43
-19
-21
-42
-54
-46
-65
-99
-113
-86
-63
-96
-143
-154
-158
-203
-242
-251
-232
-240
-183
-21
81
6
-94
6
194
257
241
314
424
416
302
299
430
461
337
231
258
277
177
60
17
-5
-78
-151
-158
-123
-145
-228
-306
-319
-275
-206
-162
-164
-131
-71
-45
-46
8
99
144
129
142
213
258
240
197
198
213
201
169
142
130
117
64
-12
-28
18
16
-61
-91
-43
-18
-60
-101
-71
-23
-34
-58
-14
47
35
-18
1
79
114
108
98
110
124
129
132
145
149
128
98
90
115
132
112
57
2
-14
-3
-6
-22
-25
-39
-61
-96
-92
-61
-56
-83
-115
-105
-82
-72
-80
-83
-68
-62
-60
-52
-24
-10
-35
-66
-73
-53
-38
-57
-87
-83
-89
-93
-96
-86
-89
-116
-148
-168
-158
-156
-168
-182
-128
10
107
54
-13
63
188
210
187
265
383
380
260
231
336
374
271
190
243
270
174
66
34
33
-29
-102
-93
-44
-60
-129
-183
-201
-190
-166
-151
-152
-119
-69
-48
-51
-22
41
68
57
72
140
197
195
182
194
213
192
170
156
144
137
102
54
33
51
41
-24
-66
-31
-4
-30
-54
-31
0
-14
-37
0
51
55
17
18
66
92
87
84
97
105
95
98
115
119
103
78
65
78
91
84
50
24
15
12
3
-18
-24
-33
-56
-73
-57
-34
-31
-53
-64
-53
-41
-46
-53
-59
-71
-82
-87
-72
-58
-58
-77
-86
-75
-66
-72
-80
-92
-99
-111
-111
-90
-70
-71
-90
-98
-100
-109
-126
-144
-140
-131
-98
3
93
73
14
61
162
203
198
247
315
317
260
239
303
319
243
175
198
220
167
102
60
25
-37
-85
-87
-63
-69
-100
-130
-153
-149
-128
-113
-126
-123
-85
-47
-38
-20
16
32
15
12
59
116
136
131
135
156
167
152
123
113
118
103
68
52
76
79
19
-27
-1
33
9
-42
-51
-16
-11
-26
-18
17
29
-5
-23
16
62
72
61
53
67
82
84
80
79
85
66
46
56
84
80
35
-17
-25
-5
-7
-31
-42
-36
-52
-75
-76
-56
-42
-67
-84
-51
-20
-24
-54
-76
-75
-85
-102
-94
-73
-76
-104
-124
-119
-101
-96
-112
-118
-111
-117
-127
-118
-109
-108
-115
-125
-124
-130
-136
-135
-130
-131
-78
30
85
58
37
101
171
179
190
250
304
290
235
245
297
279
209
163
176
164
119
84
54
18
-36
-73
-84
-95
-109
-122
-135
-140
-121
-102
-104
-124
-115
-78
-59
-48
-28
11
22
7
16
62
90
91
85
101
132
145
134
108
110
119
103
75
76
95
85
32
18
54
66
38
-7
-11
7
2
-7
13
28
16
-18
-24
2
24
24
12
15
32
57
67
65
56
52
48
45
59
84
84
45
9
-1
8
-2
-26
-41
-45
-51
-57
-53
-53
-65
-95
-112
-101
-73
-58
-68
-73
-73
-81
-96
-95
-84
-81
-101
-116
-111
-94
-97
-120
-134
-139
-134
-136
-133
-123
-117
-117
-135
-151
-154
-148
-144
-131
-65
42
102
84
71
126
181
179
168
217
281
273
227
233
271
236
138
86
107
115
61
17
2
-22
-78
-129
-142
-130
-141
-168
-172
-152
-121
-107
-115
-129
-106
-81
-66
-51
-17
17
10
0
13
46
65
56
57
73
93
104
93
81
81
79
65
47
54
72
57
28
22
43
48
35
21
14
5
-12
-9
6
10
-22
-45
-44
-27
-15
-17
-17
-18
-17
-2
13
19
21
16
9
16
30
47
51
28
5
3
-1
-12
-23
-37
-51
-65
-72
-68
-68
-76
-94
-101
-98
-99
-92
-95
-95
-87
-94
-101
-93
-89
-81
-92
-99
-92
-82
-89
-104
-105
-106
-118
-140
-146
-135
-136
-144
-154
-157
-162
-174
-167
-128
-49
22
44
58
112
179
203
190
210
261
290
281
281
306
307
248
177
153
146
113
62
19
-1
-27
-65
-94
-112
-137
-173
-201
-207
-179
-148
-142
-143
-137
-106
-81
-71
-48
-16
-4
-11
5
46
74
75
64
67
78
87
89
83
70
63
51
43
50
71
79
58
49
55
69
68
53
42
26
16
8
12
18
15
-7
-23
-26
-31
-33
-38
-40
-39
-40
-32
-14
-3
-2
-4
-4
10
28
30
22
19
31
26
8
-2
-9
-10
-28
-43
-45
-51
-58
-70
-79
-84
-87
-101
-114
-110
-105
-106
-112
-120
-123
-116
-111
-116
-125
-114
-117
-113
-101
-82
-78
-100
-110
-109
-98
-102
-121
-124
-117
-118
-127
-105
-39
25
40
39
91
169
201
194
208
246
261
255
262
304
314
273
226
213
205
164
111
71
38
-3
-37
-57
-69
-88
-126
-165
-179
-172
-160
-166
-172
-151
-123
-106
-95
-70
-25
-16
-16
11
55
86
88
96
110
129
143
141
137
125
114
88
63
53
61
65
56
49
65
77
72
62
64
78
67
60
57
64
63
48
46
45
36
13
-5
-18
-17
-23
-29
-31
-34
-29
-18
-20
-14
-2
4
4
6
19
24
18
-3
-8
-1
-1
-12
-30
-44
-53
-66
-68
-72
-76
-85
-99
-103
-95
-92
-96
-98
-109
-110
-112
-116
-111
-104
-121
-133
-131
-117
-104
-111
-111
-108
-109
-117
-121
-122
-129
-136
-134
-115
-65
-13
22
43
68
116
158
176
186
213
235
241
242
268
293
277
233
204
208
192
147
106
84
51
7
-27
-41
-57
-82
-118
-137
-137
-142
-152
-165
-165
-155
-145
-132
-111
-80
-57
-50
-35
-9
19
35
41
57
84
108
121
128
130
134
130
115
102
92
88
75
61
69
80
80
67
52
52
54
43
34
31
27
26
29
39
46
34
21
13
12
14
2
-9
-6
-2
2
5
13
22
15
9
14
23
27
22
12
8
6
1
1
-2
-8
-18
-30
-35
-34
-49
-59
-62
-60
-59
-68
-71
-75
-80
-95
-112
-118
-122
-128
-134
-142
-143
-134
-128
-129
-130
-120
-111
-115
-119
-110
-105
-110
-119
-110
-100
-94
-78
-40
4
33
52
83
133
161
172
188
210
215
219
229
235
234
218
208
195
174
144
118
93
53
5
-25
-37
-58
-83
-103
-109
-115
-126
-136
-140
-144
-148
-138
-129
-115
-93
-77
-71
-63
-45
-25
-10
-6
2
12
30
50
59
72
86
93
94
87
91
95
93
92
95
112
119
115
105
110
112
99
75
63
56
47
32
22
28
16
2
-6
-1
2
-11
-23
-25
-17
-15
-14
-10
1
2
3
14
21
27
23
13
2
-5
-5
-9
-10
-14
-14
-13
-18
-20
-26
-31
-37
-43
-52
-54
-51
-54
-60
-73
-80
-90
-105
-116
-120
-122
-126
-132
-134
-126
-125
-130
-126
-125
-122
-118
-114
-115
-114
-106
-102
-86
-62
-21
20
43
68
113
152
173
187
203
212
214
212
219
224
214
197
181
175
157
129
104
80
44
11
-20
-45
-58
-72
-90
-100
-106
-110
-117
-131
-135
-137
-142
-140
-133
-123
-99
-87
-76
-56
-47
-41
-41
-33
-20
-11
-5
2
16
31
39
37
45
50
48
57
70
89
100
96
90
91
101
95
75
64
59
48
34
19
11
-5
-19
-32
-34
-28
-34
-47
-50
-44
-36
-33
-28
-21
-25
-27
-21
-9
10
14
16
15
4
-8
-22
-27
-31
-30
-28
-24
-24
-26
-32
-32
-37
-43
-47
-46
-46
-51
-48
-58
-68
-86
-93
-102
-113
-120
-133
-142
-155
-161
-163
-160
-156
-153
-148
-134
-131
-134
-126
-118
-110
-104
-84
-46
-9
17
42
85
133
172
189
202
219
216
219
223
230
222
207
196
186
179
165
143
112
83
56
32
10
-12
-34
-52
-69
-73
-71
-72
-87
-98
-103
-107
-104
-109
-108
-105
-103
-98
-85
-67
-58
-47
-50
-45
-30
-23
-16
-11
-3
1
12
20
33
49
55
68
80
107
121
119
112
109
102
89
75
65
60
49
32
20
12
-4
-28
-35
-42
-55
-63
-69
-76
-68
-68
-59
-48
-47
-44
-39
-28
-20
-18
-15
-11
-15
-19
-21
-24
-24
-23
-22
-21
-18
-21
-23
-30
-32
-34
-47
-55
-56
-54
-63
-64
-73
-85
-92
-101
-110
-121
-126
-134
-146
-145
-143
-143
-142
-140
-133
-123
-110
-110
-108
-103
-97
-98
-96
-82
-59
-31
-15
16
56
105
136
152
170
189
203
207
203
204
202
181
166
165
168
158
144
127
109
91
70
44
21
1
-23
-40
-50
-57
-62
-70
-70
-74
-63
-61
-69
-69
-73
-77
-72
-62
-56
-48
-44
-38
-26
-13
-5
5
9
8
11
17
29
35
44
61
86
107
123
140
145
148
150
146
142
130
116
98
80
66
53
39
22
5
-7
-13
-24
-41
-55
-64
-68
-64
-63
-66
-61
-50
-39
-23
-7
6
5
1
-1
3
6
3
5
8
15
17
16
11
9
2
-11
-15
-19
-24
-33
-45
-51
-62
-75
-82
-94
-96
-99
-103
-114
-124
-123
-125
-132
-133
-125
-121
-121
-106
-98
-90
-82
-76
-74
-71
-74
-69
-67
-50
-27
-5
15
31
65
98
117
135
154
173
171
171
172
168
161
138
133
135
131
126
120
109
102
84
67
54
36
20
0
-17
-26
-33
-46
-51
-42
-36
-35
-40
-41
-38
-45
-51
-54
-53
-53
-57
-48
-41
-28
-19
-7
-1
2
14
29
39
44
52
66
80
85
96
106
116
115
125
137
149
137
115
104
94
81
63
59
39
21
16
2
1
-8
-19
-23
-26
-23
-32
-33
-30
-28
-25
-17
-13
-7
-5
-2
7
16
24
18
22
23
19
17
17
20
12
11
8
10
11
4
-9
-18
-30
-41
-48
-60
-68
-73
-77
-86
-87
-93
-96
-97
-103
-96
-90
-92
-90
-87
-78
-69
-65
-61
-53
-39
-34
-25
-15
-7
-1
0
-1
-8
0
5
13
22
30
52
62
73
85
90
95
94
97
98
93
82
82
82
88
90
92
89
84
81
74
68
57
44
37
24
12
3
-6
-19
-25
-22
-19
-19
-19
-16
-17
-17
-18
-19
-19
-23
-24
-27
-21
-14
-8
4
12
26
39
54
62
66
67
76
82
86
87
86
92
91
88
86
87
84
71
60
52
47
36
28
15
7
-5
-8
-8
-12
-15
-15
-6
-6
-6
-6
-1
-2
5
10
11
19
25
28
31
41
45
43
43
43
45
43
35
25
15
7
-1
-3
-8
-11
-18
-22
-25
-33
-37
-44
-50
-58
-58
-61
-61
-59
-52
-49
-54
-50
-39
-32
-30
-27
-20
-7
-5
4
6
10
20
23
26
33
34
34
27
17
15
11
6
-1
-2
-6
-2
3
6
16
39
40
48
60
73
79
78
88
83
86
92
93
92
91
88
87
86
79
79
73
58
45
29
19
7
1
-11
-12
-16
-22
-21
-23
-21
-23
-19
-18
-9
-14
-12
-2
-4
5
4
5
12
19
26
30
34
40
39
37
39
34
27
20
17
20
21
26
26
25
25
29
23
20
11
9
4
5
2
2
1
-9
-6
-4
5
7
14
15
17
15
14
15
15
19
19
23
20
18
14
12
8
7
9
8
4
-2
-9
-17
-16
-26
-27
-24
-23
-22
-21
-17
-17
-19
-16
-9
-7
-10
-7
-1
5
9
15
18
27
23
24
25
23
24
20
18
15
15
11
5
1
2
0
2
1
2
0
3
7
9
12
13
16
16
28
32
41
48
58
68
70
79
84
90
96
98
102
97
97
93
91
90
85
80
76
69
61
58
56
52
47
38
34
31
28
21
20
24
16
10
8
3
1
-6
-9
-8
-9
-8
-9
-10
-10
-15
-12
-13
-10
-6
-5
-1
-1
2
-1
-3
2
4
2
-5
-2
-5
-1
6
4
-1
-2
1
-7
-5
-4
-14
-20
-17
-19
-18
-10
-1
-4
2
6
10
16
16
12
16
17
12
15
11
4
4
0
-1
-3
-5
-5
-7
-6
-3
1
-3
-1
-1
-2
2
6
8
10
11
11
15
14
17
18
17
13
7
4
4
1
5
4
8
8
7
10
9
11
14
16
13
15
16
12
14
9
12
20
21
30
36
42
41
50
54
57
60
65
65
63
64
68
66
64
66
64
66
62
58
57
55
51
48
45
38
33
30
29
24
21
21
18
19
9
5
1
6
7
3
2
7
3
-3
-5
-11
-12
-10
-12
-15
-15
-18
-13
-11
-13
-8
4
-12
-34
-12
0
-24
-31
-5
-5
-19
-18
-3
3
-10
-10
2
0
-16
-11
-4
-5
-12
-4
0
-4
0
5
4
4
-1
2
-1
-8
-10
-15
-17
-22
-18
-16
-15
-14
-10
-9
-10
-9
-8
-9
0
0
6
6
6
16
18
12
14
24
20
15
16
17
8
4
1
0
-6
-9
-2
-5
-9
-8
-6
-15
-14
-13
-17
-15
-20
-21
-12
-18
-22
-13
-8
-8
-6
1
8
13
8
13
15
15
15
22
25
27
29
33
36
37
41
41
39
45
44
42
41
36
39
35
30
30
33
34
29
29
25
20
14
14
14
11
9
8
8
7
9
9
10
8
8
8
4
3
6
4
0
5
7
7
5
-2
3
4
-3
3
1
1
4
-2
2
8
6
5
4
6
9
9
2
2
1
-2
-5
-7
-8
-8
-3
-6
-10
-8
-8
-9
-10
-10
-16
-18
-14
-17
-14
-12
-11
-12
-11
-6
-8
1
5
4
5
8
4
2
4
3
3
1
3
2
-6
-11
-10
-15
-24
-29
-24
-31
-33
-32
-33
-33
-34
-41
-39
-42
-45
-43
-47
-44
-46
-45
-46
-39
-40
-38
-32
-30
-28
-22
-19
-25
-22
-16
-16
-19
-12
-11
-5
-5
-4
1
-1
0
-4
-3
-4
-3
-6
-5
-3
0
-2
-1
1
7
3
2
6
2
3
-1
-6
-7
-5
-10
-14
-11
-16
-13
-11
-9
-13
-16
-15
-19
-18
-18
-13
-13
-10
-9
-10
-8
-9
-9
-7
-5
-3
-1
-2
3
-5
-6
-3
-5
-3
-2
0
-6
-14
-12
-14
-11
-14
-17
-16
-9
-10
-12
-8
-9
-9
-15
-15
-13
-10
-7
-8
-6
-4
-2
-2
2
4
5
11
12
12
15
19
21
14
14
13
16
18
13
10
12
7
3
3
-3
-2
-9
-14
-18
-20
-25
-29
-35
-42
-47
-47
-51
-54
-53
-52
-51
-56
-52
-48
-50
-53
-43
-46
-45
-37
-38
-30
-34
-35
-33
-32
-34
-31
-28
-29
-23
-20
-15
-15
-20
-11
-10
-15
-10
-11
-15
-12
-9
-8
-15
-15
-14
-13
-10
-9
-7
-8
-12
-14
-14
-22
-23
-23
-24
-24
-20
-22
-21
-19
-17
-14
-16
-22
-19
-16
-20
-23
-20
-19
-24
-25
-29
-28
-30
-24
-20
-24
-18
-19
-14
-15
-13
-10
-11
-8
-4
-2
-1
0
-1
-2
-3
3
1
5
10
7
4
4
2
0
-1
-1
-1
-1
0
-2
-4
-3
-4
2
4
5
7
4
4
3
10
7
4
3
4
1
-1
-1
-2
2
-7
-9
-9
-15
-15
-16
-17
-17
-21
-22
-21
-22
-22
-25
-26
-25
-21
-20
-22
-26
-22
-19
-21
-22
-20
-19
-17
-18
-15
-13
-14
-13
-9
-16
-14
-12
-13
-10
-7
-4
-8
-5
-4
-1
-3
-6
-4
-6
-10
-9
-8
-14
-15
-17
-20
-22
-24
-25
-26
-36
-39
-34
-33
-34
-37
-39
-43
-40
-38
-37
-35
-34
-32
-37
-36
-37
-38
-37
-39
-41
-41
-41
-43
-35
-36
-34
-33
-34
-33
-33
-31
-28
-25
-20
-18
-17
-17
-15
-18
-17
-17
-14
-15
-14
-14
-19
-16
-16
-17
-20
-17
-15
-13
-16
-7
-9
-11
-3
-8
-7
-10
-13
-12
-3
-8
-4
2
-2
1
0
1
-2
-5
-7
-9
-12
-16
-18
-20
-23
-21
-23
-26
-25
-26
-27
-28
-25
-25
-26
-24
-28
-25
-29
-24
-24
-24
-26
-32
-24
-30
-29
-25
-23
-30
-28
-30
-30
-25
-21
-20
-21
-18
-17
-18
-15
-16
-13
-12
-11
-2
-5
0
-2
-1
2
-2
-1
-1
-2
-1
0
-5
-5
-8
-8
-9
-9
-11
-16
-18
-25
-22
-13
-13
-19
-21
-24
-21
-23
-25
-29
-29
-29
-28
-27
-26
-26
-27
-31
-29
-25
-25
-24
-26
-24
-24
-20
-23
-25
-23
-24
-20
-20
-20
-22
-20
-15
-18
-16
-14
-15
-14
-12
-14
-12
-15
-7
-8
-11
-7
-10
-8
-12
-13
-15
-13
-11
-13
-15
-14
-8
-2
-1
-2
-1
2
2
-2
0
-3
-4
-2
-5
-2
-5
-5
-10
-12
-12
-15
-15
-17
-20
-22
-27
-26
-24
-25
-23
-24
-25
-26
-23
-25
-22
-22
-19
-20
-18
-19
-18
-11
-12
-17
-15
-17
-15
-15
-17
-15
-20
-19
-20
-25
-18
-15
-18
-15
-15
-14
-11
-18
-21
-14
-16
-13
-11
-16
-11
-13
-12
-6
-7
-8
-11
-9
-7
-7
-4
-3
-3
-4
-4
-8
-11
-10
-12
-8
-10
-15
-13
-15
-17
-12
-20
-22
-18
-17
-17
-21
-19
-17
-17
-15
-17
-19
-17
-14
-13
-19
-15
-15
-14
-10
-10
-14
-11
-10
-7
-3
-3
-1
-1
3
2
0
-2
1
5
7
6
4
8
4
8
6
13
18
13
16
13
17
10
8
9
6
3
7
3
-3
2
-1
-8
-9
-9
-9
-13
-7
-8
-14
-19
-24
-18
-23
-25
-28
-33
-28
-29
-25
-29
-31
-34
-35
-36
-35
-32
-32
-25
-22
-20
-19
-21
-22
-20
-25
-21
-23
-25
-22
-25
-18
-16
-21
-12
-9
-15
-9
-8
-11
-14
-14
-10
-10
-3
-5
-5
-8
-10
-8
-12
-8
-6
-8
-8
-11
-9
-3
-2
-1
3
1
5
4
4
4
-1
3
2
0
3
-1
-2
1
-6
-3
-2
-7
-7
-6
-5
-4
-12
-10
-6
-19
-12
-9
-10
-8
-10
-6
-4
-11
-9
-10
-6
-3
-2
-1
0
-1
-4
4
2
5
5
10
13
12
16
16
17
17
19
20
24
25
29
29
29
28
28
31
29
27
27
24
22
18
17
15
15
14
10
10
10
4
2
6
-1
1
-3
-5
-10
-8
-9
-17
-13
-9
-9
-12
-12
-16
-13
-15
-15
-18
-17
-11
-10
-6
-8
-3
-1
-7
0
-1
0
2
-1
-2
-2
1
0
1
-3
-3
0
-6
-9
-13
-13
-13
-9
-13
-13
-15
-19
-21
-25
-22
-27
-25
-22
-26
-17
-19
-15
-15
-20
-19
-16
-15
-18
-12
-12
-8
-13
-10
-13
-12
-17
-19
-16
-16
-13
-25
-18
-18
-18
-15
-17
-14
-18
-16
-13
-13
-13
-13
-11
-10
-8
-7
-4
-2
-3
-1
0
2
4
3
4
6
6
10
8
13
15
10
14
18
16
17
19
22
24
21
23
22
25
23
23
22
21
17
15
17
14
14
11
8
8
9
8
1
1
6
-1
-7
-8
-9
-13
-15
-16
-18
-18
-25
-25
-21
-25
-24
-26
-26
-18
-20
-21
-12
-10
-9
-4
-2
0
-4
-2
-1
-6
-2
-2
5
11
5
7
6
3
5
0
3
5
5
5
4
1
-2
-3
-8
-10
-5
-5
-5
-5
-9
-10
-12
-12
-13
-17
-15
-12
-13
-13
-10
-7
-12
-10
-14
-12
-7
-8
-13
-8
-10
-12
-15
-11
-13
-20
-19
-17
-20
-20
-22
-26
-22
-21
-24
-20
-15
-19
-14
-15
-13
-14
-13
-5
-9
-11
-11
-9
-9
-14
-11
-11
-11
-8
-7
-7
-5
-12
-7
-4
-4
-2
0
-3
-4
-1
-5
-4
-1
3
-1
0
6
9
6
5
6
3
2
1
-2
-4
-8
-8
-6
-10
-13
-18
-14
-15
-17
-17
-18
-17
-15
-18
-23
-19
-17
-20
-19
-21
-22
-18
-17
-19
-16
-16
-15
-11
-11
-9
-10
-8
-5
-6
-2
-4
-2
1
1
2
3
4
6
6
8
2
4
4
6
5
2
3
1
2
3
3
0
3
2
-3
-1
1
0
1
1
0
5
-2
1
1
0
-3
-2
1
-2
0
-5
-4
-6
-8
-9
-9
-8
-9
-11
-11
-4
-5
-3
-4
-6
-6
-10
-6
-7
-3
-5
-6
-9
-8
-11
-7
-7
-7
-4
-4
-3
-4
1
0
-4
-3
-2
-3
-3
-2
-3
-1
2
-2
-1
-2
-4
0
-1
-3
-2
-1
-1
-3
-3
-4
3
3
6
2
-1
1
0
0
-1
-5
-9
-8
-16
-20
-20
-17
-17
-17
-16
-20
-23
-21
-20
-21
-19
-19
-22
-22
-18
-23
-21
-21
-21
-19
-18
-15
-20
-19
-17
-17
-19
-21
-19
-15
-15
-12
-12
-11
-11
-5
-6
-7
-2
-4
-4
1
-4
-5
-7
-7
-8
-8
-8
-9
-10
-10
-9
-4
-3
-1
0
-4
2
-1
1
-6
-6
-4
0
3
2
2
4
1
-7
-6
-3
-10
-7
-6
-14
-15
-14
-14
-15
-13
-14
-12
-15
-12
-7
-9
-10
-8
-7
-7
-6
-7
-6
-6
-5
-6
-3
-2
0
-3
2
5
2
3
5
8
5
5
6
4
-2
5
8
9
10
10
12
12
13
10
15
17
15
15
14
10
10
11
7
4
4
5
0
-3
-5
-5
-3
-5
-9
-12
-9
-11
-13
-14
-16
-14
-13
-17
-20
-20
-16
-18
-20
-18
-16
-13
-15
-12
-14
-15
-18
-18
-19
-19
-14
-19
-15
-15
-14
-13
-12
-13
-14
-13
-13
-10
-15
-17
-16
-17
-17
-15
-19
-13
-16
-18
-14
-16
-16
-13
-13
-14
-13
-14
-19
-16
-13
-14
-13
-10
-13
-14
-17
-15
-15
-19
-18
-20
-18
-18
-17
-15
-14
-14
-17
-15
-14
-16
-17
-15
-13
-16
-17
-13
-11
-8
-7
-5
-1
2
0
0
0
2
-1
-1
2
3
4
1
-1
-2
0
0
0
4
5
3
1
7
9
8
9
10
15
16
14
16
15
10
10
8
7
3
6
5
5
5
1
2
1
2
4
4
0
-3
-8
-3
-3
-3
-2
-2
-2
2
-4
4
4
-1
-2
0
-2
0
-1
-4
0
-2
-2
1
0
-4
0
0
0
-2
-4
-3
1
0
1
-1
-2
-3
1
2
-4
1
0
-2
0
-2
-4
-7
-5
-2
-3
-7
-6
-6
-12
-11
-9
-9
-9
-11
-13
-13
-12
-13
-12
-13
-15
-13
-13
-14
-15
-15
-15
-15
-17
-17
-18
-18
-23
-26
-22
-28
-24
-25
-26
-24
-27
-24
-23
-20
-20
-20
-20
-15
-11
-14
-11
-11
-9
-11
-10
-8
-11
-14
-10
-11
-11
-11
-11
-7
-9
-6
-4
-1
1
0
4
3
4
8
7
10
8
8
6
8
10
10
12
15
13
12
9
13
11
12
14
9
4
7
7
10
8
9
12
11
8
8
4
5
3
4
5
10
9
9
9
6
8
6
9
6
8
7
9
6
9
9
12
11
12
15
13
14
16
16
13
18
17
14
9
11
10
9
14
10
13
6
9
8
6
12
10
12
10
8
8
14
12
11
14
12
15
17
14
11
14
12
16
14
12
17
14
11
10
6
4
1
6
5
3
1
4
-1
-8
1
-1
-3
-4
2
-7
-8
-4
-8
-6
-5
-7
-6
-5
-2
-2
-5
1
-3
-4
-7
-5
-7
-11
-3
-4
-8
-1
-10
-5
0
-3
0
-3
-3
1
0
2
2
2
5
1
6
8
2
4
7
9
3
3
10
8
7
6
5
10
6
3
7
8
6
2
7
9
7
5
6
8
11
11
12
12
15
14
11
16
13
13
8
12
11
10
5
3
7
6
7
6
7
9
11
10
13
12
11
16
12
15
19
13
15
15
17
20
18
23
22
23
29
26
25
23
22
26
30
28
27
27
29
32
32
30
22
22
25
22
26
21
22
23
21
20
13
14
15
14
12
10
9
8
7
4
5
7
5
3
6
7
7
3
1
2
0
5
3
2
3
4
0
-2
-5
-4
1
-4
0
1
-3
4
5
1
1
1
3
-1
-7
-3
0
-2
-3
-3
-7
-5
-2
-5
-2
0
-1
2
4
2
4
6
4
3
0
-2
1
1
1
0
-6
-7
1
-1
-1
-1
1
1
1
2
-2
1
0
0
-4
6
5
3
1
-5
1
0
0
-3
-2
-2
-7
-3
-3
-7
-5
-1
0
-2
1
1
0
3
3
5
9
7
7
11
8
8
4
5
8
7
10
11
9
13
9
6
8
7
8
13
14
13
14
14
15
17
15
16
18
15
16
19
22
21
24
24
26
24
20
20
25
22
26
17
11
14
10
10
10
14
14
19
15
15
17
17
19
16
15
14
19
18
22
22
21
25
26
24
28
26
28
27
20
20
24
27
23
25
19
21
22
16
18
17
16
16
17
17
12
17
16
14
16
15
14
15
18
17
18
12
9
16
15
11
14
10
9
14
14
14
17
13
16
15
15
13
8
9
11
10
9
8
6
6
5
3
6
2
2
4
1
0
-2
-3
-4
-2
1
1
1
2
2
3
3
-1
-1
3
2
0
-1
-1
0
-3
0
-1
-1
-4
-7
-4
-4
1
-1
1
7
3
8
9
6
8
9
12
11
9
14
17
15
13
12
13
11
12
9
8
10
9
10
10
12
14
10
14
15
14
15
19
19
19
22
17
23
23
26
21
17
18
17
19
18
17
20
15
17
23
22
20
18
16
17
16
17
17
16
21
20
22
24
23
29
28
22
21
25
25
27
26
24
27
23
22
25
27
26
26
28
26
29
28
27
31
24
29
25
23
22
22
21
18
18
17
22
23
20
17
15
21
16
11
12
11
17
14
17
16
13
15
13
15
9
8
9
3
5
3
2
0
-1
-1
-3
-3
-8
-5
-6
-5
-4
-5
-11
-8
-3
-4
-1
-8
-7
-8
-7
-4
-4
-5
-5
1
1
-6
-2
-5
-7
-5
-9
-6
-3
-6
1
-5
-5
2
2
4
-5
-1
2
-1
0
2
1
-3
0
-2
-1
0
-2
-4
-8
-1
0
-1
-2
-2
-1
-3
1
-1
-4
-3
1
1
0
1
4
0
-2
-2
0
4
6
7
5
6
3
4
3
4
6
9
11
5
8
6
6
11
12
13
16
15
17
16
16
19
19
20
22
23
22
22
21
26
25
27
29
25
25
24
32
28
27
32
31
27
27
28
30
24
26
24
21
20
16
18
20
23
20
20
15
15
18
17
17
15
18
16
16
12
12
8
8
7
7
10
6
6
6
7
5
8
7
8
3
4
6
9
9
9
11
9
10
8
9
14
15
9
10
10
9
8
2
6
5
4
1
1
1
1
4
7
7
8
9
5
5
2
3
1
1
-1
4
6
5
6
-1
-1
0
3
1
6
5
1
-1
-2
2
2
0
0
0
0
-2
-2
-2
-4
-6
-4
3
4
2
0
2
4
4
4
1
4
4
6
5
5
12
7
6
9
9
8
5
2
6
7
9
6
6
3
10
7
5
11
12
11
10
13
10
10
9
9
11
12
14
11
12
12
12
16
16
17
21
24
21
20
22
23
23
18
20
22
23
20
20
24
19
21
19
23
19
21
21
18
21
22
19
21
20
21
27
32
30
27
32
27
24
23
23
20
19
19
18
15
15
18
15
14
13
12
9
10
11
15
11
12
10
12
14
13
15
13
15
17
19
15
13
11
13
12
10
8
7
12
9
6
10
16
11
9
7
