3
5
5
8
3
5
9
8
6
9
11
10
14
18
14
16
14
13
14
8
12
7
6
8
11
8
8
9
8
10
7
6
9
8
8
11
15
13
9
11
12
12
14
13
9
11
14
12
10
16
8
9
8
7
9
8
8
11
12
9
10
7
10
8
9
6
7
5
1
6
8
10
4
5
5
1
5
0
0
-3
-6
-4
-5
-8
-7
-8
-8
-9
-10
-8
-12
-9
-6
-3
-5
-3
-6
-7
-3
-2
-1
-4
-6
-8
-2
-3
-5
0
1
2
-2
0
2
1
2
3
2
1
3
0
1
1
1
-1
-9
-7
-10
-5
-2
-1
2
-2
3
-1
-4
-4
-1
4
4
-1
0
2
1
2
2
6
5
0
6
3
4
1
1
2
3
3
-3
3
0
-1
-2
-3
-4
-1
-1
-2
-6
-5
-5
-4
-4
-7
-4
-3
-4
0
1
-4
-6
-2
0
-1
0
2
4
3
1
-1
0
3
2
1
1
-1
1
0
0
-1
-2
-5
-5
-3
-6
-5
-3
-3
-4
-1
2
-1
1
1
4
2
1
3
0
5
3
2
1
3
5
2
2
0
1
-2
-4
-3
-6
-5
-7
-5
-1
-3
-3
-5
-1
-1
-4
-3
-5
-7
-6
-8
-4
-5
-5
-4
-4
-5
-5
-5
-7
-7
-7
-10
-10
-9
-12
-13
-14
-17
-19
-22
-22
-18
-20
-25
-20
-18
-16
-20
-19
-14
-17
-12
-9
-10
-11
-9
-10
-13
-11
-12
-11
-10
-12
-8
-10
-6
-5
-6
-4
-3
-2
-1
-1
0
-4
-5
-1
-2
-3
-3
-1
3
-2
1
-2
-4
1
0
-3
-1
-1
-2
-2
-3
-2
-2
-2
-3
-1
-4
-1
2
4
1
1
3
4
5
2
4
3
2
-2
-6
-6
-5
-7
-9
-5
-5
-1
2
-1
3
5
4
6
7
9
6
7
10
11
11
10
14
11
6
9
7
5
0
3
5
0
2
0
0
3
4
1
4
2
2
5
6
6
8
6
6
9
6
6
6
4
3
6
7
7
5
8
10
12
11
11
12
14
14
14
15
12
11
8
8
3
3
1
0
-3
-4
-4
-8
-3
-4
-5
-6
1
-3
-1
-1
2
-3
-5
-7
-8
-6
-7
-4
-5
-6
-7
-5
-6
-8
-14
-11
-14
-10
-8
-10
-8
-10
-6
-5
-9
-12
-7
-6
-6
-4
-5
1
4
2
-1
2
6
3
2
3
7
8
12
6
11
13
12
13
10
8
10
12
8
10
9
0
1
8
6
5
5
8
5
2
2
5
8
4
5
7
7
10
10
15
12
12
10
10
12
7
7
7
8
3
3
4
7
7
3
8
8
12
11
12
11
11
11
14
12
14
13
15
14
13
13
16
17
12
9
10
15
15
16
15
17
16
17
15
18
17
19
16
14
12
12
11
10
9
6
8
7
7
7
9
6
7
8
9
8
11
10
15
14
15
13
9
15
11
7
9
5
2
1
3
2
4
2
2
5
0
2
7
12
10
12
11
12
11
11
11
11
14
8
8
7
2
1
3
4
5
1
-1
-6
-2
-1
-1
4
5
4
2
5
4
8
6
5
6
7
7
8
8
9
7
7
9
6
7
5
9
10
12
12
11
11
12
9
18
20
18
18
20
18
18
18
19
15
14
17
13
19
18
12
12
18
17
14
12
19
16
12
22
21
20
24
23
24
21
20
17
13
17
16
13
9
6
8
13
12
11
13
18
17
14
18
11
12
11
12
14
13
14
12
6
10
8
6
13
13
15
17
16
16
17
17
17
16
18
17
12
13
16
15
14
13
13
15
19
19
14
17
18
17
16
20
22
20
21
15
18
16
18
16
21
19
22
22
13
16
16
16
15
15
15
10
15
15
14
16
15
14
14
11
14
8
9
11
5
5
4
8
11
12
12
12
7
6
11
14
16
9
3
6
3
4
6
3
7
11
11
7
11
15
12
11
13
13
10
11
8
8
7
9
10
11
11
11
16
14
12
15
18
17
19
21
21
23
21
26
25
21
25
25
23
24
25
25
23
18
21
26
22
23
22
19
19
19
19
15
14
18
21
22
21
19
20
23
23
22
24
27
22
23
29
33
31
30
32
31
36
35
32
28
27
27
27
28
29
25
20
27
28
26
24
23
22
25
25
27
25
17
17
20
22
18
19
17
14
17
18
24
24
22
20
22
22
22
19
12
13
14
19
17
15
12
7
11
20
17
12
7
9
6
10
15
9
9
10
9
10
8
4
4
1
6
7
6
3
3
5
4
12
11
8
1
5
8
2
4
7
9
10
8
7
7
1
0
2
4
4
1
0
3
2
1
5
3
0
0
5
4
7
10
10
8
6
9
10
7
8
6
7
7
7
6
8
7
8
13
12
11
14
18
16
18
15
8
14
15
14
14
15
16
12
12
19
20
14
14
13
13
17
17
13
16
18
9
13
16
19
23
18
17
17
18
20
18
22
17
16
18
16
18
17
18
13
16
18
14
21
23
20
21
20
23
23
23
27
27
23
22
19
20
24
20
14
11
16
14
15
16
13
11
15
19
14
14
13
14
21
21
15
8
4
5
9
7
6
3
-6
-4
1
0
-3
0
3
6
5
10
12
10
10
12
13
12
10
7
3
3
0
1
-2
-5
-6
-5
-6
-3
-8
-7
-3
-2
1
0
0
-2
2
3
5
4
-6
-5
-6
-3
-5
-9
-9
-11
-14
-8
-7
-5
-5
-13
-6
-1
-1
-1
3
0
-1
-3
-7
-2
-5
-5
-9
-8
-10
-8
-5
-6
-4
-3
3
-3
-3
1
-3
4
-3
-3
-2
1
3
2
1
3
4
7
9
7
8
8
16
17
5
0
5
4
3
6
4
2
4
3
10
14
12
8
11
16
14
16
16
16
15
13
12
14
15
17
21
23
14
10
17
17
22
20
14
15
20
27
25
23
22
21
17
16
14
11
9
5
8
13
8
4
4
9
11
10
9
8
9
9
10
11
13
9
7
15
10
13
16
9
9
10
7
12
16
8
8
11
12
13
18
10
11
15
11
10
6
7
1
2
5
-1
-2
-5
-11
1
5
2
0
-10
-9
-5
4
3
-1
-12
-11
-9
0
-3
-17
-22
-19
-11
-7
-5
-12
-15
-10
-9
-1
-5
-15
-10
-2
-5
-1
-6
-4
-9
-13
-7
-2
-2
-6
-7
-3
-5
-4
-6
-9
-1
-1
-1
-2
-3
-5
-4
-8
-9
-6
-7
-11
-9
-12
-11
-12
-4
-3
-3
4
0
12
10
11
8
4
7
10
12
4
-2
-6
0
4
6
2
8
7
7
10
15
15
10
6
11
13
17
12
8
5
9
13
7
10
8
8
5
13
14
16
13
14
21
24
21
18
15
23
22
19
8
8
7
6
15
17
10
-1
4
13
18
16
7
4
9
18
13
10
3
-4
-2
7
6
-3
-9
-1
5
8
5
2
4
1
11
10
5
2
-3
-3
7
7
3
-10
-11
-6
-9
-7
-18
-16
-14
-13
-6
-7
-9
-12
-11
-7
0
-5
-10
-8
-7
-1
-8
-10
-9
-7
-3
-11
-16
-19
-19
-17
-16
-18
-25
-26
-27
-24
-17
-20
-28
-34
-31
-30
-29
-32
-36
-33
-32
-32
-30
-33
-34
-25
-22
-19
-24
-27
-27
-29
-24
-21
-27
-31
-37
-28
-22
-23
-26
-25
-24
-21
-13
-14
-17
-28
-26
-24
-13
-8
-15
-23
-17
-7
-2
-8
-16
-15
-5
1
-2
-10
-18
-18
-9
2
-3
-12
-29
-36
-23
-15
-17
-22
-33
-36
-24
-11
-12
-22
-20
-14
-11
-1
-3
-5
-1
3
1
1
-3
-6
-5
3
6
4
-8
-11
-7
5
14
6
-8
-15
-4
3
8
3
-5
-11
-8
8
10
6
-1
-7
-1
4
8
2
-4
-7
-5
-4
0
0
-6
-4
-3
-4
-10
-12
-11
-1
-5
-11
-16
-20
-18
-13
-9
-11
-15
-24
-20
-13
-14
-12
-23
-28
-26
-23
-26
-21
-19
-26
-26
-26
-22
-23
-26
-29
-29
-26
-32
-39
-37
-32
-28
-24
-27
-30
-27
-19
-10
-9
-11
-17
-20
-22
-14
-14
-16
-15
-23
-25
-26
-14
-14
-23
-29
-36
-28
-23
-23
-28
-30
-30
-24
-22
-15
-20
-20
-18
-8
-8
-10
-11
-10
-7
-9
-9
-12
-8
-11
-12
-13
-17
-21
-20
-19
-15
-14
-17
-19
-22
-15
-9
-10
-14
-11
-9
-8
-5
-9
-12
-14
-12
-12
-18
-23
-28
-20
-21
-22
-37
-41
-34
-30
-29
-32
-34
-42
-35
-30
-25
-30
-41
-43
-44
-29
-26
-29
-35
-37
-33
-26
-23
-27
-32
-33
-29
-21
-26
-35
-34
-33
-32
-31
-36
-47
-43
-37
-39
-36
-31
-42
-38
-28
-25
-27
-24
-21
-14
-16
-30
-38
-38
-37
-45
-49
-52
-52
-54
-54
-43
-44
-50
-57
-51
-35
-16
-8
-18
-21
-7
15
23
21
12
10
22
32
44
40
29
23
29
41
40
34
25
26
30
30
26
17
11
7
9
4
0
-7
-20
-16
-15
-16
-20
-24
-28
-19
-19
-13
-14
-23
-17
-12
-3
-1
-3
-10
-10
-1
1
-1
-7
-8
-10
-13
-11
-18
-30
-35
-31
-32
-43
-46
-46
-50
-53
-50
-52
-51
-51
-54
-45
-40
-39
-44
-39
-39
-37
-36
-35
-33
-40
-38
-38
-32
-34
-37
-40
-40
-34
-33
-34
-30
-27
-34
-34
-36
-37
-45
-57
-62
-64
-68
-72
-73
-74
-85
-90
-86
-77
-78
-90
-98
-96
-110
-140
-167
-187
-200
-189
-108
2
-6
-157
-223
-33
189
189
63
41
97
133
201
312
313
150
51
132
252
242
135
33
-2
26
48
39
-22
-103
-142
-105
-51
-63
-140
-206
-179
-80
-33
-93
-149
-128
-82
-36
27
43
-34
-83
1
117
123
65
50
62
74
96
126
122
70
31
36
70
77
30
-29
-39
-14
-8
-36
-52
-61
-68
-58
-46
-41
-62
-69
-43
1
17
0
-4
15
44
68
71
58
45
58
80
92
85
71
50
34
48
59
40
1
-15
-28
-37
-36
-44
-66
-82
-83
-85
-90
-96
-97
-98
-99
-97
-100
-115
-116
-107
-89
-78
-91
-102
-91
-64
-61
-76
-67
-50
-47
-57
-55
-49
-48
-47
-41
-50
-78
-98
-86
-86
-127
-183
-228
-236
-173
-33
30
-105
-281
-172
132
231
92
15
72
112
158
299
376
232
54
99
271
329
215
85
34
47
86
99
54
-47
-136
-122
-33
-2
-89
-206
-218
-117
-42
-79
-150
-162
-128
-92
-28
35
-16
-116
-82
69
128
70
35
60
77
85
129
153
112
59
52
91
119
92
41
23
44
54
33
20
27
23
-5
-5
20
12
-19
-18
17
18
-8
-23
-5
5
10
22
10
-19
-12
20
35
18
15
7
-7
8
39
46
21
-4
-7
-4
-2
5
-11
-36
-50
-55
-56
-60
-72
-79
-88
-98
-102
-113
-133
-145
-126
-103
-115
-150
-161
-134
-118
-131
-134
-114
-116
-143
-168
-158
-162
-197
-221
-176
-16
106
-7
-216
-132
195
340
184
79
146
192
207
334
457
326
85
63
253
363
249
68
-3
17
33
39
28
-56
-178
-194
-88
-29
-110
-225
-241
-143
-46
-63
-147
-164
-109
-58
0
67
36
-80
-91
81
200
126
24
40
87
94
110
152
131
24
-24
48
120
69
-30
-63
-38
-22
-46
-65
-18
-3
-58
-72
3
37
13
14
70
92
70
60
86
113
115
113
93
73
88
91
78
78
68
31
9
21
29
7
-14
-24
-32
-46
-62
-63
-66
-80
-92
-92
-110
-134
-126
-107
-111
-134
-146
-147
-150
-148
-123
-101
-112
-141
-144
-117
-93
-100
-106
-95
-109
-157
-176
-155
-155
-205
-124
99
142
-140
-300
17
396
338
89
81
203
212
253
459
507
238
15
147
390
399
193
41
38
60
62
86
68
-68
-197
-141
-10
-16
-159
-260
-216
-103
-49
-100
-180
-192
-134
-51
29
40
-55
-139
-62
125
183
77
4
46
87
82
133
193
118
-28
-23
116
150
43
-39
-35
-18
-17
-44
-72
-89
-70
-46
-33
2
-6
-44
-8
102
128
61
42
96
129
153
158
119
66
73
127
125
83
61
9
-40
-7
49
7
-74
-95
-65
-76
-105
-103
-109
-134
-158
-139
-132
-166
-184
-162
-144
-158
-186
-191
-187
-180
-146
-141
-173
-210
-185
-134
-122
-154
-188
-216
-224
-228
-238
-212
-47
126
24
-269
-239
192
466
289
64
121
250
273
366
532
461
155
23
260
494
377
74
-33
58
84
28
44
21
-161
-284
-139
36
-56
-277
-307
-159
-48
-77
-145
-167
-150
-105
-27
67
60
-81
-139
26
215
185
23
16
132
152
103
159
224
106
-37
55
214
154
-14
-39
19
16
-39
-60
-86
-91
-39
-18
-34
-36
-43
-48
55
153
105
9
49
153
189
185
169
112
70
127
189
153
91
44
8
8
67
66
-13
-82
-92
-73
-54
-73
-125
-149
-156
-151
-148
-152
-167
-183
-181
-171
-186
-204
-203
-199
-182
-151
-168
-210
-194
-116
-110
-176
-216
-199
-176
-217
-265
-285
-160
81
154
-135
-347
-66
385
433
171
96
198
235
275
486
604
350
25
81
419
529
270
2
6
77
44
50
90
-28
-273
-260
-20
52
-163
-345
-270
-113
-76
-127
-174
-189
-178
-117
-5
53
-32
-156
-118
84
200
89
-35
25
119
85
62
178
197
3
-69
108
206
50
-76
-26
22
-24
-54
-65
-61
13
29
-34
-49
12
27
69
158
138
9
14
151
224
179
132
79
19
77
185
140
34
4
2
-3
30
46
-12
-75
-78
-63
-56
-78
-134
-142
-125
-122
-162
-199
-180
-163
-159
-150
-183
-234
-230
-185
-150
-145
-190
-265
-257
-143
-128
-234
-294
-272
-260
-278
-263
-87
113
25
-286
-251
238
525
276
46
210
386
327
373
602
562
222
83
345
593
431
112
46
151
128
49
85
62
-160
-269
-89
42
-89
-291
-297
-181
-97
-101
-175
-238
-208
-130
-50
12
-14
-130
-153
23
201
175
16
-19
99
180
147
149
190
113
-3
49
193
170
2
-66
-11
3
-47
-62
-99
-81
5
-27
-117
-95
-13
1
50
108
52
-48
26
177
220
148
89
57
72
177
227
132
45
38
47
54
90
62
-37
-109
-71
-20
-62
-164
-198
-140
-141
-210
-233
-231
-258
-249
-175
-147
-254
-325
-279
-201
-159
-153
-206
-287
-284
-201
-196
-242
-279
-320
-352
-257
12
186
-55
-388
-202
363
584
267
44
200
379
389
491
660
516
132
86
475
706
437
48
23
180
169
106
135
51
-235
-307
-38
120
-106
-370
-337
-157
-89
-136
-176
-221
-251
-181
-20
66
-38
-199
-171
58
207
136
-2
8
115
132
107
197
251
54
-107
79
301
164
-103
-97
35
19
-49
-60
-3
29
-38
-118
-55
82
69
-37
1
117
96
12
61
162
140
90
74
91
129
137
95
88
125
92
24
27
78
60
-14
-41
-39
-48
-99
-143
-118
-103
-174
-249
-237
-191
-232
-270
-233
-238
-294
-291
-251
-253
-267
-261
-241
-227
-229
-262
-304
-310
-299
-296
-280
-126
81
24
-290
-314
159
555
356
4
68
362
421
406
558
582
269
47
297
667
600
170
-23
125
199
114
131
162
-87
-339
-173
126
44
-276
-349
-167
-82
-138
-169
-168
-198
-202
-100
22
-3
-159
-202
-26
174
149
-20
-63
68
152
108
127
220
115
-90
-22
253
262
-22
-131
-3
30
-34
-36
25
52
-24
-114
-66
94
144
29
-11
82
103
61
103
198
162
56
52
116
162
158
87
63
90
85
35
36
81
49
-41
-53
-18
-32
-102
-152
-115
-95
-153
-234
-250
-184
-183
-234
-220
-215
-279
-302
-232
-180
-211
-245
-264
-286
-285
-277
-294
-325
-376
-379
-181
83
31
-348
-418
88
510
355
34
43
260
377
456
599
586
289
53
272
699
681
239
-13
145
294
206
154
171
6
-232
-174
110
137
-189
-398
-243
-21
-51
-210
-244
-209
-217
-156
-21
7
-148
-267
-135
119
183
9
-125
4
163
118
71
176
184
-22
-70
172
276
47
-133
-51
45
-19
-76
-81
-32
32
-36
-129
-83
29
39
7
41
40
-26
10
130
175
91
28
30
58
147
187
95
32
69
86
68
85
88
35
-41
-43
-13
-6
-74
-163
-154
-117
-150
-231
-263
-231
-228
-242
-230
-256
-303
-307
-292
-262
-226
-251
-340
-359
-301
-303
-360
-374
-377
-336
-113
86
-81
-420
-272
302
536
233
-23
123
371
438
492
601
522
201
79
436
792
571
97
10
249
313
185
165
149
-66
-220
-58
176
69
-273
-361
-156
-11
-102
-222
-226
-223
-216
-107
-2
-62
-214
-237
-58
136
129
-44
-107
51
160
105
111
201
125
-59
20
270
236
-16
-79
40
71
-11
11
89
37
-84
-129
-23
116
85
-75
-128
-5
70
37
43
62
-5
-47
46
149
125
43
36
76
127
161
126
51
31
70
108
81
16
-44
-63
-46
-58
-96
-144
-202
-222
-215
-217
-239
-284
-300
-281
-275
-301
-344
-324
-254
-249
-318
-360
-342
-348
-384
-346
-311
-300
-168
1
-95
-343
-208
280
465
175
-29
158
410
439
433
529
486
237
136
423
723
511
76
22
250
297
160
137
142
-58
-211
-47
166
54
-259
-335
-135
-25
-122
-221
-198
-185
-214
-144
-33
-72
-200
-209
-60
88
63
-62
-97
40
140
74
65
157
118
-27
30
246
216
-8
-61
44
65
10
-6
34
59
-3
-94
-65
85
118
-8
-56
16
59
43
63
99
53
-4
10
71
133
125
58
30
77
116
106
91
85
71
53
50
36
25
-1
-57
-84
-65
-83
-165
-211
-181
-181
-221
-239
-247
-259
-255
-256
-283
-266
-236
-256
-301
-286
-277
-344
-400
-373
-339
-300
-126
37
-138
-451
-279
309
548
189
-121
71
398
468
470
569
501
172
64
461
836
602
68
-34
254
358
236
209
184
-57
-244
-29
260
125
-249
-343
-128
0
-81
-183
-198
-215
-224
-138
-35
-90
-247
-263
-90
73
39
-111
-139
13
102
43
54
152
84
-76
30
277
243
-13
-71
76
118
42
24
14
-6
35
36
-15
-25
5
9
31
77
30
-48
-2
98
114
75
35
-6
2
123
192
94
23
44
66
96
155
151
66
-2
10
69
98
39
-64
-80
-58
-88
-126
-143
-161
-214
-237
-204
-228
-268
-285
-289
-255
-205
-239
-335
-330
-238
-260
-363
-384
-362
-384
-381
-185
42
-71
-421
-420
99
509
317
-58
-17
284
436
474
586
573
283
94
366
786
756
288
6
149
333
334
291
240
11
-224
-98
210
220
-88
-304
-237
-80
-24
-78
-179
-247
-241
-170
-86
-71
-164
-244
-191
-36
36
-48
-129
-66
36
40
43
110
99
-32
-31
176
264
83
-77
1
124
101
28
6
-11
1
38
39
20
1
-30
-5
101
142
15
-94
-5
149
161
50
-26
-9
70
143
141
90
36
1
35
149
209
96
-48
-45
66
121
53
-41
-80
-86
-110
-100
-72
-132
-237
-247
-169
-170
-266
-303
-260
-234
-215
-238
-313
-341
-258
-174
-229
-350
-397
-367
-329
-331
-327
-174
-2
-128
-421
-324
204
476
207
-59
59
322
436
483
572
527
286
162
433
808
713
228
15
249
451
383
271
211
48
-119
-19
233
243
-87
-351
-237
1
18
-149
-244
-239
-247
-228
-129
-85
-186
-314
-266
-64
27
-106
-232
-104
65
10
-79
28
126
9
-61
110
227
80
-55
44
182
141
20
-3
27
81
132
92
34
-1
7
72
162
169
11
-96
4
173
205
89
-36
-58
48
171
151
33
-1
12
15
70
154
115
-46
-112
7
116
62
-69
-114
-73
-67
-95
-100
-119
-188
-239
-191
-140
-194
-276
-297
-269
-210
-202
-287
-347
-288
-217
-247
-301
-322
-357
-402
-388
-357
-331
-204
-50
-149
-424
-353
141
444
231
-85
-13
298
463
481
542
549
321
140
393
820
776
291
33
251
464
398
300
244
71
-132
-61
221
241
-105
-363
-252
-50
-53
-178
-236
-280
-329
-279
-147
-115
-249
-350
-281
-115
-43
-114
-183
-122
-42
-51
-26
93
108
-43
-76
126
244
119
8
79
150
113
80
118
118
96
140
148
102
81
115
161
179
149
73
39
103
183
180
89
-8
-19
71
179
136
-21
-64
8
62
64
65
39
-55
-112
-29
87
64
-85
-149
-81
-40
-83
-114
-101
-121
-187
-205
-158
-179
-240
-255
-218
-190
-243
-322
-309
-193
-143
-261
-343
-281
-242
-287
-317
-321
-365
-422
-315
-51
45
-218
-476
-232
315
461
116
-103
110
374
441
506
598
464
189
204
583
839
572
133
69
319
458
383
278
126
-85
-121
104
257
53
-273
-372
-220
-69
-64
-201
-349
-390
-331
-218
-146
-203
-344
-394
-281
-124
-79
-160
-239
-193
-92
-38
-10
22
8
-68
-29
132
182
76
28
106
149
102
91
140
128
134
177
151
107
102
128
156
190
172
62
15
111
188
135
41
-7
-1
32
87
63
-31
-65
-51
-13
33
42
-39
-115
-74
23
31
-38
-87
-93
-74
-49
-28
-51
-132
-202
-175
-77
-63
-167
-245
-232
-182
-136
-132
-192
-266
-248
-170
-157
-193
-214
-230
-278
-306
-284
-271
-314
-355
-244
-29
-19
-312
-411
31
460
305
-89
-76
284
496
478
481
477
329
193
350
717
769
361
6
143
461
497
314
163
31
-95
-25
175
199
-62
-321
-329
-158
-33
-105
-288
-390
-339
-251
-208
-215
-260
-318
-326
-252
-148
-111
-170
-218
-178
-81
-12
19
16
-42
-58
67
200
152
45
65
152
157
153
191
150
62
64
137
210
226
120
6
32
192
258
156
48
11
42
108
168
110
-17
-55
-13
22
62
57
-56
-136
-75
36
41
-30
-87
-99
-68
-26
-16
-46
-89
-125
-119
-89
-53
-84
-157
-179
-165
-152
-145
-163
-200
-224
-220
-211
-192
-177
-210
-245
-234
-188
-172
-185
-226
-277
-302
-273
-238
-260
-200
-19
27
-203
-335
-3
431
400
12
-113
192
506
526
421
370
306
236
337
607
675
358
32
99
377
466
319
133
-16
-84
17
180
166
-62
-272
-254
-107
-30
-77
-205
-325
-345
-248
-125
-147
-289
-352
-266
-163
-156
-189
-187
-138
-99
-116
-118
-28
59
8
-61
27
131
92
31
117
200
130
48
92
164
156
114
90
48
86
186
170
73
33
109
152
134
97
61
65
83
89
50
31
38
6
-20
27
27
-73
-116
-34
23
-42
-117
-118
-72
-50
-47
-66
-91
-112
-108
-74
-57
-78
-144
-180
-134
-94
-120
-172
-179
-160
-155
-169
-176
-175
-181
-181
-160
-145
-178
-197
-161
-130
-161
-225
-240
-210
-207
-241
-225
-98
20
-86
-302
-230
155
377
158
-123
-53
249
453
418
253
152
195
314
419
429
336
187
109
187
316
349
224
37
-60
18
182
211
25
-170
-161
-42
4
-46
-118
-168
-206
-201
-133
-85
-122
-193
-228
-190
-117
-83
-110
-120
-91
-77
-108
-93
33
104
15
-78
-11
113
130
96
96
95
58
78
168
195
121
42
51
91
170
233
170
42
18
139
258
250
118
2
38
161
193
97
0
-15
-1
12
37
12
-77
-119
-81
-36
-40
-66
-98
-115
-66
-13
-39
-93
-81
-46
-41
-46
-39
-55
-87
-77
-56
-76
-101
-92
-86
-129
-145
-94
-83
-126
-152
-123
-101
-123
-138
-118
-95
-102
-124
-133
-115
-119
-148
-178
-178
-171
-180
-155
-81
-66
-162
-209
-78
94
113
-16
-97
-19
157
262
206
77
24
126
268
283
171
90
107
163
169
136
116
93
61
41
48
51
23
-11
-16
-21
-51
-70
-57
-60
-94
-98
-70
-89
-148
-141
-49
-18
-102
-164
-126
-33
3
-37
-83
-86
-33
11
17
-9
-18
-5
21
37
44
48
26
8
26
64
70
64
50
24
18
54
94
84
34
5
19
62
86
48
7
-5
15
38
27
6
4
18
21
8
5
31
60
42
15
28
42
27
25
57
63
7
-27
8
52
49
15
-11
-32
-37
-10
28
15
-46
-85
-58
-11
-4
-25
-55
-83
-83
-53
-21
-32
-67
-99
-100
-74
-45
-49
-76
-104
-94
-62
-43
-53
-86
-101
-89
-78
-89
-119
-144
-143
-131
-114
-118
-136
-145
-129
-108
-95
-71
-51
-75
-95
-56
4
24
-11
-26
-4
25
37
38
34
30
37
45
47
58
71
60
41
52
76
81
57
53
83
95
72
50
58
85
90
70
50
46
49
41
43
55
34
-8
-27
2
19
-7
-44
-60
-46
-35
-46
-72
-85
-70
-65
-82
-107
-99
-71
-71
-100
-115
-93
-69
-67
-81
-82
-62
-42
-42
-32
-19
-21
-23
-26
5
31
19
2
18
42
42
39
44
51
50
61
83
78
64
55
67
92
105
82
47
50
82
87
60
42
43
50
39
23
23
30
9
-19
-26
-8
0
-28
-53
-48
-30
-40
-62
-56
-57
-78
-91
-78
-71
-102
-132
-111
-87
-111
-137
-124
-98
-96
-124
-128
-107
-91
-89
-108
-125
-118
-101
-107
-115
-113
-110
-119
-102
-81
-84
-87
-64
-42
-55
-59
-11
32
28
2
-3
41
86
83
56
47
54
59
59
88
92
45
10
27
69
79
48
10
-4
6
34
43
25
-6
-25
-20
1
9
-1
-26
-49
-55
-37
-17
-25
-57
-76
-59
-37
-50
-74
-72
-54
-66
-91
-81
-56
-59
-87
-94
-69
-60
-79
-78
-60
-48
-57
-64
-50
-22
-17
-32
-26
-8
1
-7
-3
18
27
20
17
28
32
31
36
49
50
30
14
31
49
34
11
11
25
24
4
1
16
12
-11
-16
-2
-1
-21
-32
-24
-24
-44
-46
-33
-38
-66
-68
-45
-47
-74
-77
-55
-55
-71
-65
-48
-55
-71
-64
-42
-45
-55
-55
-41
-44
-44
-31
-26
-32
-36
-29
-21
-14
-25
-37
-37
-15
-3
-13
-32
-33
-20
-8
-9
-13
-7
-7
-17
-17
-7
6
7
-9
-14
-12
-5
-1
-5
-14
-24
-9
9
-4
-27
-20
3
8
-8
-19
-13
-16
-12
1
0
-30
-51
-36
-21
-23
-36
-45
-51
-61
-55
-30
-17
-35
-63
-50
-13
-5
-18
-24
-9
-8
-15
-5
7
10
0
-11
-10
1
18
20
0
-22
-11
10
14
-1
-19
-16
-22
-22
-10
-6
-29
-61
-60
-38
-24
-38
-58
-59
-52
-43
-44
-49
-47
-53
-64
-65
-48
-41
-57
-71
-77
-68
-56
-58
-73
-85
-77
-60
-55
-57
-57
-59
-57
-48
-32
-29
-41
-56
-37
-16
-19
-31
-41
-38
-25
-19
-13
-20
-35
-38
-26
-9
-10
-31
-45
-35
-16
-13
-29
-30
-21
-25
-26
-17
-6
-14
-20
-18
-11
-5
3
2
-6
-7
-6
7
10
9
9
5
3
-3
0
2
6
-1
-21
-23
-15
-7
-11
-18
-26
-34
-31
-28
-15
-3
-17
-24
-18
-3
11
7
3
1
3
3
6
8
13
24
16
8
3
9
12
15
15
-7
-25
-23
-3
7
-14
-34
-43
-32
-14
-22
-39
-40
-34
-34
-42
-35
-20
-29
-46
-48
-28
-15
-26
-36
-32
-19
-26
-37
-32
-18
-26
-43
-46
-39
-27
-34
-45
-51
-44
-39
-35
-33
-38
-43
-47
-32
-24
-26
-25
-26
-27
-19
-13
-4
-5
-11
-20
-21
-9
-4
-6
-24
-25
-13
-11
-14
-22
-23
-31
-30
-29
-35
-33
-34
-40
-43
-34
-27
-33
-43
-45
-30
-20
-36
-44
-39
-27
-23
-30
-29
-28
-31
-36
-31
-20
-17
-36
-42
-25
-18
-24
-28
-25
-17
-21
-19
-15
-9
-20
-28
-10
10
10
-14
-20
1
16
2
1
13
16
6
0
12
23
9
-11
-8
7
5
-10
-14
-7
-9
-14
-13
-6
0
-10
-16
-10
3
2
-7
-6
6
11
1
2
21
29
16
7
15
23
26
26
24
19
13
17
19
12
11
15
11
6
4
-2
-6
-9
-4
-6
-14
-22
-20
-8
-5
-14
-18
-16
-8
-8
-1
9
2
-14
-17
6
14
7
-6
-9
0
8
10
9
5
-4
-12
-4
12
6
-8
-13
-2
4
-1
-10
-11
-2
-1
-14
-20
-8
-2
-12
-30
-26
-15
-23
-28
-20
-25
-37
-40
-17
-10
-28
-34
-32
-25
-27
-31
-19
-15
-31
-40
-29
-8
-6
-21
-24
-13
-12
-8
3
12
4
-10
-9
13
24
9
-10
-16
-5
-4
-12
-24
-26
-18
-11
-20
-25
-21
-18
-14
-17
-15
-12
-19
-22
-7
5
9
4
2
9
12
15
13
20
19
15
18
19
21
17
19
21
19
6
2
8
11
7
-1
5
5
-7
-6
7
4
-12
-18
-14
-5
-7
-13
-24
-27
-23
-13
-6
-6
-14
-23
-19
1
3
-1
2
7
12
12
17
21
25
25
26
29
35
34
39
39
33
33
23
25
28
28
20
11
13
9
13
8
5
3
-4
-1
1
0
1
-3
-3
5
4
4
-4
-3
7
8
5
1
7
6
3
2
7
10
6
-4
-2
12
16
-1
-10
-10
3
-3
-19
-9
-2
-10
-37
-35
-16
-1
-23
-40
-32
-20
-17
-25
-20
-25
-23
-28
-20
-8
-7
-10
-17
-9
3
9
6
0
-4
4
7
7
4
-2
0
-8
-6
-6
-2
-8
-16
-15
-16
-16
-16
-14
-14
-22
-23
-15
-12
-12
-16
-14
-16
-24
-22
-10
-7
-14
-8
-2
-5
-4
-5
1
-2
-3
0
8
11
5
6
1
0
10
15
10
1
-3
2
8
4
4
4
7
7
2
10
21
23
14
8
10
19
19
9
9
11
3
-2
-2
11
14
5
0
5
17
8
10
17
21
15
11
18
24
30
18
11
15
23
21
13
14
22
19
10
13
17
13
1
6
19
13
-1
-6
3
19
8
2
5
7
5
-2
4
10
8
0
1
13
15
8
11
18
20
14
13
23
22
11
1
8
15
14
0
-8
3
5
-8
-16
-9
1
-7
-29
-29
-15
-4
-11
-28
-29
-20
-15
-22
-21
-15
-17
-21
-14
-5
-7
-10
-14
-5
4
11
4
7
8
9
14
17
23
14
16
24
32
30
24
15
15
22
26
20
12
9
13
7
16
17
9
1
-5
1
7
0
-7
-6
-5
-7
-9
1
3
-10
-21
-6
7
8
-3
-5
7
9
12
10
12
9
8
12
12
12
5
1
10
16
7
6
6
0
0
-1
5
9
-4
-8
-7
-6
-3
1
-4
-10
-6
2
8
5
4
8
8
10
15
19
16
19
21
24
31
32
41
36
37
36
44
39
31
27
33
35
29
26
22
20
17
19
11
10
7
3
-4
-8
-4
-9
-10
-9
-8
-11
-15
-18
-14
-13
-15
-21
-31
-19
-14
-14
-21
-18
-20
-15
-7
-1
2
1
5
8
16
11
11
18
20
19
11
16
24
25
17
13
14
15
15
16
16
11
5
3
5
8
10
2
-1
2
1
0
11
13
2
-6
-5
4
9
1
-9
-22
-20
-7
-3
-10
-20
-16
-18
-18
-8
-12
-20
-28
-31
-19
-14
-17
-24
-26
-25
-25
-24
-19
-19
-26
-25
-21
-13
-21
-24
-16
-16
-17
-15
-13
-8
-9
-14
-10
-1
-5
-5
-3
0
-4
-2
-3
-3
-3
-10
-5
-9
-15
-12
-13
-12
-11
-12
-10
-5
-12
-15
-16
-11
-11
-16
-14
-19
-19
-9
-11
-14
-17
-16
-10
-12
-11
-19
-18
-17
-16
-16
-18
-19
-15
-15
-16
-12
-16
-14
-10
-12
-5
-3
-6
-5
-3
-3
-1
-2
-3
-2
-6
-8
-1
0
-3
-6
0
0
-8
-7
1
9
8
0
-7
3
7
6
0
-8
-2
0
-8
-5
-5
-8
-3
-8
-4
3
1
0
-7
-1
3
1
-3
-6
4
-5
-4
-5
1
-3
-10
-10
-5
-5
-9
-10
-12
-4
-8
-8
-9
-9
-8
-11
-8
-5
-10
-15
-13
-8
-9
-13
-13
-14
-10
-14
-18
-22
-20
-15
-17
-26
-23
-20
-22
-23
-28
-26
-30
-34
-27
-22
-21
-23
-24
-19
-18
-19
-15
-16
-21
-20
-13
-10
-15
-14
-5
-3
-2
0
7
4
-4
3
11
9
9
7
3
7
9
12
4
-2
0
-3
5
0
-1
-1
-6
-9
-15
-17
-17
-15
-24
-22
-17
-16
-24
-27
-27
-19
-21
-25
-25
-24
-21
-21
-18
-16
-14
-24
-20
-6
-8
-10
-8
-9
-4
0
0
4
6
3
5
6
12
9
12
6
10
18
15
16
12
10
11
9
8
10
11
2
-1
3
6
3
-3
-3
0
-5
-10
-6
-5
-6
-10
-12
-9
-5
-5
-11
-15
-16
-10
-10
-9
-17
-20
-14
-11
-11
-13
-17
-16
-13
-14
-17
-16
-21
-23
-20
-15
-18
-22
-21
-13
-10
-9
-9
-6
-1
-6
-3
3
8
4
5
9
13
9
9
4
13
12
10
10
8
14
5
2
1
6
4
-4
-9
-4
-7
-11
-19
-19
-13
-19
-25
-28
-21
-21
-29
-32
-25
-23
-28
-29
-26
-16
-17
-17
-25
-22
-22
-18
-13
-8
-11
-11
-10
-6
-4
-4
-4
-5
-1
-2
1
-2
0
1
-2
0
2
3
3
1
3
8
5
1
11
10
8
8
4
5
0
-2
0
6
10
6
1
6
10
10
11
11
10
16
13
12
13
9
5
6
7
9
7
-2
-1
-1
-3
-3
-3
-2
-8
-13
-12
-7
-9
-11
-10
-11
-12
-6
-9
-15
-12
-9
-28
-38
-26
-12
-9
-16
-26
-16
1
13
0
5
52
99
71
7
4
12
32
69
63
6
-30
-7
38
39
8
-32
-21
18
35
-7
-52
-44
1
12
-10
-31
-11
78
78
47
35
58
56
52
75
21
-64
-107
-86
-90
-76
-83
-131
-114
-76
-74
-92
-78
-21
-18
-15
-17
-7
-12
-25
14
29
66
89
52
-8
-8
39
46
29
14
11
-3
-22
-22
-43
-40
5
32
16
-8
-6
4
-2
16
41
59
71
56
25
15
29
71
56
34
69
62
12
0
32
41
30
32
37
23
3
20
37
26
16
18
35
29
2
-1
3
8
0
0
6
-1
-14
-36
-30
-5
-10
-27
-22
-6
-24
-36
-23
-21
1
3
8
18
15
3
-15
0
34
41
20
4
10
9
-1
8
25
30
19
32
38
22
10
24
30
37
37
23
19
-5
-8
15
19
2
5
16
7
-1
-11
1
6
6
6
2
4
5
2
-9
-7
12
17
1
-1
-2
-6
-6
1
7
3
16
15
10
5
-4
-10
0
26
24
2
-5
-1
3
-3
8
25
20
2
2
4
3
1
-4
1
13
22
10
-6
-6
13
29
29
34
37
33
24
23
29
39
37
28
23
30
22
14
10
15
26
18
18
18
13
-5
-11
8
17
20
9
1
4
7
9
9
8
8
9
1
0
2
1
-1
4
10
8
-2
-5
-1
3
8
5
4
5
9
7
4
8
9
5
5
14
12
4
0
-5
0
-2
-9
-12
-15
-9
-17
-19
-16
-19
-20
-24
-12
-8
-14
-19
-22
-22
-9
-6
-8
-11
-12
-5
-3
0
0
3
2
3
6
7
0
2
-1
-4
2
10
8
0
0
-2
-3
-6
-7
-10
-17
-21
-13
-11
-23
-29
-31
-32
-22
-23
-29
-32
-36
-32
-22
-24
-28
-29
-26
-18
-21
-26
-22
-16
-9
-3
0
-5
-4
-5
2
12
11
9
5
4
5
0
-1
-1
0
3
2
1
-1
1
-3
-4
3
7
-2
-2
2
5
6
7
15
13
13
13
12
16
15
16
13
10
7
12
14
5
2
1
-2
7
12
-2
-12
-12
-8
-2
0
-4
-6
-11
-8
-1
-2
-10
-8
3
1
-6
-4
-1
-1
7
2
4
0
-1
-1
-8
-4
-1
-2
-2
5
7
-1
-2
-3
-1
3
6
11
13
5
2
2
-1
3
-1
-3
-4
-11
-20
-25
-19
-14
-12
-22
-24
-22
-20
-20
-21
-27
-21
-19
-19
-28
-27
-30
-37
-29
-14
-10
-15
-26
-20
-15
-20
-24
-24
-19
-20
-27
-42
-35
-23
-14
-17
-17
-16
-18
-18
-22
-20
-7
-8
-15
-17
-11
-6
-10
-12
-9
-5
-9
-13
-14
-15
-12
-17
-23
-16
-10
-11
-14
-8
-10
-6
-5
-2
2
4
2
-10
-12
-4
-8
-11
-11
-9
-7
-14
-23
-20
-15
-16
-14
-19
-26
-27
-26
-20
-20
-13
-11
-15
-9
-9
-10
-14
-17
-12
-9
-10
-13
-16
-17
-23
-22
-14
-9
-9
-10
-18
-12
-7
-11
-8
0
4
-2
-7
3
14
9
5
12
15
6
8
6
8
4
-1
3
7
7
-1
4
8
15
7
5
12
11
3
0
7
3
-2
0
3
6
2
-1
-3
0
1
-7
-6
-8
-8
-14
-20
-24
-20
-13
-22
-26
-22
-21
-26
-27
-29
-30
-32
-26
-26
-27
-20
-25
-20
-17
-19
-20
-16
-13
-14
-16
-7
-1
-1
-1
0
-1
1
6
6
4
1
0
3
10
12
-2
2
5
7
9
7
-1
-6
1
7
9
3
-2
-1
3
-2
-2
0
0
-3
-8
-8
-6
-6
-9
-7
-9
-11
-10
-6
-7
-13
-17
-16
-19
-20
-19
-25
-17
-19
-18
-14
-13
-15
-11
-3
-4
-5
-2
5
5
5
11
7
5
10
14
14
16
14
13
20
17
13
13
13
16
17
12
11
13
18
15
11
13
12
19
20
14
13
13
17
14
9
9
12
6
9
4
-1
2
3
5
6
1
3
4
0
1
3
7
4
6
8
7
11
14
15
15
12
10
13
12
11
15
9
8
18
17
15
12
11
18
13
13
9
8
13
14
14
11
11
20
23
26
22
22
21
16
18
18
15
10
6
4
9
6
4
2
2
2
-4
1
-4
-7
-7
-6
0
-4
-7
-11
-15
-12
-6
-6
-11
-13
-8
-8
-8
-9
-9
-6
-8
-12
-6
-2
-7
-8
-9
-5
-2
-7
-5
-2
-6
-2
-7
-7
3
6
-2
1
0
3
3
4
6
2
-1
-6
-3
1
3
6
10
9
12
16
15
15
14
14
12
11
12
13
6
8
4
5
6
4
6
-2
-7
-7
-1
-3
-7
-5
-9
-11
-6
-9
-8
-6
-2
-4
-1
3
1
-1
-4
-9
-8
-9
-8
-7
-12
-14
-10
-3
-1
0
7
10
8
3
4
9
7
3
5
10
14
14
13
18
22
21
23
24
21
26
29
28
24
24
32
32
30
24
19
16
18
18
15
17
12
12
4
4
6
1
-6
-4
-2
-1
-4
-9
-6
-4
-2
3
2
-4
-2
0
-3
-5
-9
-8
-9
-10
-17
-22
-22
-17
-16
-11
-11
-19
-18
-15
-11
-9
-6
-3
-2
1
0
-4
-7
-4
-1
1
1
0
-2
-2
-4
-2
-3
-5
-5
-6
-1
-7
-8
-8
-5
-4
-2
1
-8
-9
-10
-3
-5
-3
-2
-9
-10
-10
-4
-6
-6
-7
-7
-7
-11
-6
-12
-12
-5
-7
-5
-10
-8
-7
-2
0
-1
3
2
0
3
6
9
8
9
12
13
14
12
10
14
15
18
17
13
14
13
17
17
18
17
16
15
12
17
18
15
19
15
14
17
16
13
12
12
9
8
11
6
9
11
11
11
12
12
12
15
12
14
14
14
18
20
19
21
11
19
21
16
21
17
20
20
20
17
11
15
24
23
19
16
16
17
21
24
15
19
22
22
20
16
21
21
18
20
18
17
17
17
19
15
16
14
17
9
14
15
10
6
12
11
-7
-5
-6
-4
-4
-3
1
2
-2
-3
-3
-5
-7
-4
-5
-5
-2
-8
-11
-11
-9
-8
-7
-3
-6
4
0
-2
2
0
4
3
4
1
2
-3
0
6
3
3
4
6
4
2
1
2
6
1
2
3
6
7
7
7
3
8
7
8
11
5
3
5
8
9
5
3
4
-1
5
4
6
8
2
2
8
7
-3
-1
1
4
0
4
3
4
10
5
9
6
5
5
5
7
6
9
13
16
14
14
17
11
12
19
20
18
12
13
18
17
16
19
19
20
21
14
13
14
16
12
14
15
16
12
11
8
8
10
10
10
5
10
7
6
6
6
9
8
7
5
4
8
8
9
7
11
15
9
11
11
13
10
13
14
12
14
10
9
9
11
15
14
17
18
13
14
14
14
18
19
17
14
18
21
20
16
18
19
15
14
11
10
7
5
6
6
8
5
5
0
1
0
0
3
-1
-1
-1
-6
-7
-3
-5
-7
-4
-7
-5
-1
-4
-5
1
1
-1
-2
-2
-1
0
-6
-13
-6
-3
-1
-5
-11
-10
-10
-11
-9
-6
-9
-7
-2
2
3
3
2
4
5
6
7
9
11
10
12
10
10
11
15
17
14
13
17
17
15
13
15
12
13
16
15
9
8
9
5
8
7
6
5
6
9
6
11
10
9
9
13
12
8
11
9
12
14
9
4
2
3
6
2
1
5
4
5
4
3
5
4
4
11
6
7
8
9
13
12
9
9
12
12
14
13
14
12
11
15
15
13
12
19
16
17
13
9
11
8
7
8
10
6
10
7
5
6
1
2
4
0
0
-3
-5
-6
-6
-7
-10
-8
-8
-9
-10
-9
-8
-5
-4
-6
-4
-1
-4
-2
-3
0
-1
-3
-1
0
5
4
2
-2
6
3
5
5
1
2
4
7
3
3
-1
2
2
3
0
-3
-7
-2
-5
-6
-12
-8
-8
-9
-6
-7
-8
-6
-8
-4
-2
-3
-5
-8
-3
-5
-1
-1
-5
-5
-1
2
3
3
2
0
1
6
4
1
2
1
4
1
5
7
3
1
4
8
7
13
10
9
13
17
16
13
19
18
19
16
20
17
19
21
19
22
21
21
23
24
27
30
27
26
25
25
26
28
25
25
25
26
24
25
26
22
22
24
22
25
22
21
19
16
17
15
18
16
19
21
18
18
17
18
22
23
22
17
20
13
16
18
16
15
17
17
12
15
14
15
13
15
21
21
21
19
21
19
17
20
20
25
19
22
21
17
16
16
16
20
19
13
14
15
15
10
14
13
13
12
12
12
10
12
11
11
9
7
12
9
3
2
5
8
12
4
4
5
5
7
9
13
8
9
8
3
7
7
6
6
4
11
7
5
9
9
9
13
7
6
8
4
10
13
17
15
15
17
18
16
20
19
17
22
21
18
18
21
21
20
21
22
23
20
21
15
14
13
14
11
11
19
20
22
25
22
18
17
17
19
18
16
15
19
20
22
23
21
21
27
26
30
32
30
35
29
30
32
34
32
29
31
30
32
34
31
30
28
31
26
29
28
33
33
33
31
31
26
29
28
25
30
25
27
28
23
17
15
14
12
13
14
10
8
7
11
11
10
12
15
13
10
11
14
16
15
15
12
8
12
13
11
10
14
12
11
9
5
9
10
12
13
14
18
18
17
21
17
16
16
13
15
19
17
16
18
17
17
16
18
17
16
17
18
21
19
18
21
19
17
17
15
19
18
18
22
20
17
12
14
14
10
9
3
1
4
2
0
-3
-1
-3
-6
-4
-3
1
-4
-2
0
2
7
4
6
5
3
9
13
13
10
17
16
17
14
13
15
13
15
16
17
17
20
16
19
22
22
19
22
19
16
20
22
20
21
18
16
14
12
13
13
17
17
12
13
12
10
10
12
16
15
15
16
13
17
19
19
25
26
25
22
26
24
23
25
24
20
21
24
19
14
19
20
22
21
21
21
20
21
22
24
23
18
20
19
22
19
11
18
16
16
18
14
14
16
13
13
13
16
18
16
15
17
16
16
20
13
15
13
13
14
11
13
8
12
9
8
4
8
7
4
9
11
12
7
9
10
11
5
6
6
6
7
10
7
6
4
5
6
5
3
7
9
9
8
8
5
5
4
9
5
3
1
-3
4
2
2
-1
-2
0
0
0
5
2
-4
-5
-2
-4
-3
-1
1
7
2
4
4
4
-1
0
0
2
4
-1
2
-2
-2
0
3
5
5
7
6
6
6
4
3
4
8
6
9
9
2
4
4
2
4
0
2
-5
-4
3
3
2
0
2
2
1
3
2
3
3
2
2
5
10
12
12
15
17
22
21
20
22
23
21
22
23
20
17
16
16
19
19
21
20
18
18
15
20
16
15
18
13
14
13
12
9
8
9
7
7
5
7
9
8
5
7
3
5
5
1
5
1
0
1
4
9
6
9
6
5
9
8
5
6
7
6
6
6
6
6
6
6
4
1
1
3
9
8
12
13
11
15
13
12
14
13
14
16
13
10
18
11
11
7
6
7
5
4
5
8
7
11
7
8
12
9
7
6
11
11
6
7
7
4
4
3
2
-3
-4
-2
-2
-1
0
1
-2
-3
1
0
0
2
6
0
5
8
0
2
3
4
3
2
-2
2
1
1
0
-4
-2
0
0
-1
-5
-3
-3
-5
-3
1
-1
-4
-5
-8
-4
-2
-1
-5
0
-1
1
3
5
7
8
10
11
12
12
13
5
10
12
13
13
10
13
9
11
13
14
9
11
15
16
14
18
14
18
21
21
20
20
16
13
18
17
17
11
11
14
15
17
17
13
12
12
14
11
10
14
11
7
12
6
10
10
11
13
10
12
11
5
6
8
9
10
10
7
4
3
7
5
1
7
9
8
5
10
9
11
13
14
15
12
19
12
10
11
10
9
7
11
5
3
4
5
6
5
8
5
5
7
7
2
-3
-3
-2
-5
-3
-4
-8
-9
-12
-7
-7
-9
-10
-11
-13
-14
-11
-8
-7
-9
-3
-4
-1
-2
0
1
3
3
4
7
7
9
6
8
7
11
10
10
10
8
6
1
5
4
6
7
3
-3
-7
-5
2
-5
-8
-7
-8
-6
-7
-5
-7
-6
-3
-4
-7
-10
-9
-4
1
-4
3
1
-3
3
0
0
-2
-4
1
-5
-3
0
-5
1
1
-1
2
2
2
4
0
0
2
5
7
9
5
1
7
2
5
1
5
8
4
8
6
3
1
1
3
6
1
4
6
5
8
9
9
13
14
13
14
12
12
11
10
11
10
15
13
16
17
17
16
16
16
13
13
14
14
5
3
12
11
9
12
14
12
15
13
13
13
11
14
12
9
5
14
14
10
16
14
17
16
18
13
9
8
13
9
9
9
6
8
6
8
6
7
8
6
5
3
1
-2
3
-5
-6
-3
-3
-4
3
2
-1
4
4
2
1
1
3
5
2
3
0
-4
-5
-2
4
4
5
3
-3
3
4
2
-1
-1
4
2
2
4
3
0
-3
-5
-2
-1
-3
-3
3
2
-1
2
0
2
3
2
2
-1
-6
-6
-3
-6
-4
-2
-4
-1
4
-3
-6
-3
-1
1
1
1
-5
3
2
0
4
4
6
6
4
2
8
11
13
12
15
14
11
14
14
14
13
14
15
13
14
12
9
11
11
11
13
13
13
13
17
16
16
11
11
15
12
14
10
10
12
9
11
6
9
6
5
6
1
1
4
8
8
9
6
6
4
7
8
9
8
7
12
7
8
13
14
10
9
9
2
-1
-2
0
4
2
0
3
5
2
4
2
1
1
3
4
6
8
6
4
5
4
2
2
1
3
6
2
5
3
6
5
2
6
1
1
6
6
6
11
7
5
4
3
2
3
9
4
2
6
8
7
9
12
13
12
10
12
13
17
18
18
18
15
18
17
11
15
18
12
9
11
12
14
12
13
14
10
9
12
10
14
11
12
12
8
11
15
12
11
8
5
7
8
10
9
11
9
11
11
5
10
13
12
11
12
13
14
13
10
10
15
8
8
8
8
11
3
10
13
10
8
9
13
12
16
17
15
13
11
16
19
17
15
17
16
17
17
18
15
14
17
16
18
19
22
19
24
24
22
22
21
25
23
25
27
23
25
22
21
27
24
21
18
14
15
21
16
19
19
18
19
13
15
18
17
18
21
13
16
21
17
18
19
16
14
14
12
15
15
9
10
13
5
5
5
3
3
3
2
10
10
9
10
10
13
17
16
15
18
23
23
25
27
24
27
29
25
28
27
28
28
24
26
23
24
23
18
17
16
12
16
13
11
11
5
6
7
4
5
7
10
7
8
11
9
13
13
12
13
12
15
15
10
9
8
5
11
10
8
7
4
11
6
8
7
7
6
0
7
8
5
6
6
7
8
5
7
7
5
7
3
8
8
9
7
9
11
11
10
14
9
10
14
11
13
15
19
13
14
18
17
17
13
13
14
10
17
17
10
14
15
12
11
15
10
10
13
14
19
15
10
11
9
11
13
12
17
15
15
18
14
18
16
17
17
12
11
16
11
14
14
13
15
14
16
15
15
10
16
14
12
19
13
16
17
18
19
14
10
7
9
2
3
5
0
0
-1
-2
-4
-4
-4
-4
-3
-1
1
0
3
0
3
10
6
8
6
4
8
6
7
7
7
9
7
8
6
4
6
3
10
9
10
11
9
10
9
10
14
13
11
12
14
15
13
9
8
5
10
6
0
-2
0
5
4
3
1
2
1
5
6
3
0
4
3
7
10
5
9
9
6
7
6
8
6
8
9
10
11
4
3
0
3
4
4
6
4
1
2
2
4
4
3
0
1
4
-1
4
6
5
3
1
-1
2
1
0
2
0
-3
-1
-1
-2
-2
-4
-4
-1
2
-1
2
8
6
10
8
8
7
4
5
4
4
3
8
7
1
4
-2
4
4
7
10
5
12
10
18
17
16
15
14
11
4
7
7
8
8
12
12
6
8
9
11
15
14
15
15
17
17
16
14
12
14
14
17
18
19
18
15
13
9
10
10
18
18
16
13
15
13
12
13
11
11
9
7
7
5
2
7
8
9
5
6
8
5
3
3
4
9
8
6
6
6
4
-1
1
0
0
-2
-5
-5
-5
-4
-4
-5
-4
-1
-3
-3
-3
-7
-7
-2
-1
-1
0
-1
-2
-3
-3
-4
-8
-5
-4
-3
-1
0
-2
0
0
2
0
-1
7
3
-2
1
-1
-1
-1
-1
-4
-2
0
-5
-2
-6
-3
-4
-4
-4
-4
-3
-7
-3
-6
0
-4
-5
-7
-11
-10
-8
-5
-6
-8
-9
-4
-3
-1
-3
-4
-4
-1
-1
-2
0
-3
-1
-5
-6
-4
-5
-2
-7
-9
-3
-3
-3
0
-2
0
1
-3
-4
-3
3
2
5
3
9
14
11
8
12
13
10
11
11
11
12
10
12
13
11
11
11
16
13
16
16
19
18
18
17
11
15
15
13
20
14
11
15
13
14
15
19
19
20
24
26
23
23
21
17
18
14
18
18
19
19
16
13
9
11
12
12
10
6
3
4
8
5
10
7
3
8
7
11
6
6
10
8
7
10
14
8
12
13
12
9
6
9
10
8
7
5
6
3
2
5
3
2
6
3
1
3
4
5
8
10
12
10
13
12
12
10
8
8
2
4
1
2
0
0
-7
-7
-5
-4
-6
-5
-2
-10
-8
-3
-8
-10
-10
-10
-8
-7
-5
-9
-8
-7
-6
-7
-5
-5
-6
-6
-4
-4
-7
-5
-6
-9
-10
-18
-17
-13
-13
-13
-12
-6
-8
-12
-10
-7
-5
-1
1
-2
-1
3
1
0
-3
2
-1
1
4
1
1
-2
-2
-1
-1
3
4
6
4
5
9
7
12
10
9
14
9
14
12
7
5
8
7
10
9
10
10
9
6
4
8
9
5
8
8
7
7
7
9
11
10
