-17
-17
-15
-15
-16
-13
-12
-7
-7
-9
-12
-12
-12
-14
-11
-15
-15
-16
-14
-15
-11
-13
-14
-10
-10
-9
-12
-11
-8
-7
-7
-6
-6
-6
-8
-7
-8
-5
-6
-8
-6
-5
-7
-10
-8
-10
-15
-15
-13
-16
-11
-16
-14
-16
-16
-16
-21
-15
-21
-25
-20
-15
-16
-15
-11
-12
-9
-8
-11
-12
-12
-15
-12
-8
-10
-11
-11
-10
-13
-14
-14
-12
-12
-12
-12
-11
-9
-7
-5
-7
-6
-9
-10
-4
-4
-6
-5
-7
-7
-13
-11
-12
-12
-10
-13
-5
-10
-12
-13
-9
-9
-12
-9
-8
-7
-9
-10
-9
-13
-11
-9
-9
-11
-13
-12
-10
-14
-15
-9
-12
-12
-10
-8
-14
-9
-3
-7
-8
-7
-6
-9
-7
-5
-5
-2
-3
-4
0
0
-2
1
-2
-5
3
-6
-8
-1
-2
-6
-3
-4
-2
-4
-3
1
-2
4
1
1
-1
-3
0
-7
-5
-3
-4
-5
-9
-8
-9
-10
-8
-8
-7
-5
-7
-3
-6
-3
-2
-2
-7
-5
-5
-8
-7
-12
-11
-11
-11
-11
-14
-16
-12
-12
-14
-12
-11
-11
-10
-8
-5
-8
-9
-2
-3
-7
-8
-7
-11
-9
-8
-8
-11
-10
-9
-6
-5
-6
-11
-6
-4
-2
-4
-2
-1
-5
-3
-1
-1
-2
-1
-2
-3
-3
-8
-7
-5
-8
-2
-1
-1
-4
-3
-5
-9
-5
-6
-5
-2
-6
-6
-9
-8
-12
-11
-11
-13
-8
-9
-7
-6
-8
-5
-7
-6
-2
-2
0
-5
-4
0
0
0
-5
-6
-2
-6
-3
0
-2
-2
-5
-7
-6
-5
-4
-5
-2
-5
-3
0
1
-3
-5
-4
-8
-7
-8
-10
-7
-8
-6
-7
-5
-3
-2
1
1
6
6
10
10
11
7
6
8
6
7
8
5
4
7
7
4
4
3
-1
-3
0
1
0
4
3
2
7
4
4
3
6
3
3
6
4
1
-1
-2
-2
0
-5
-4
-9
-7
-3
-4
-2
-4
-3
-3
0
-1
1
4
2
4
2
1
1
3
1
-1
0
1
2
-3
0
2
1
4
5
7
0
2
3
1
-1
1
2
0
2
5
2
5
3
4
5
5
4
-1
3
0
1
-3
-2
0
1
2
-2
-1
-3
0
0
-1
4
5
3
0
0
2
4
4
-1
-1
2
1
3
1
-3
-1
-5
-5
-3
-5
-4
0
-3
-6
-9
-7
-4
-9
-6
-9
-6
-9
-10
-9
-9
-7
-11
-9
-9
-8
-2
-8
-1
0
-1
1
2
1
-1
1
-3
-3
-2
1
6
4
3
6
8
8
4
10
12
15
9
10
13
12
10
10
11
12
14
10
8
8
9
7
9
9
7
1
2
6
0
-4
-2
6
5
4
1
1
0
3
5
4
6
5
3
6
9
10
13
11
7
7
10
4
12
10
9
8
7
8
11
11
11
15
11
11
12
12
9
13
10
9
11
12
13
10
8
8
7
8
11
1
1
-2
-2
-1
1
-3
-2
1
2
2
-2
-1
-1
1
3
2
4
1
4
2
3
9
8
8
12
9
8
13
11
9
13
9
7
10
9
15
12
14
11
12
14
13
9
8
8
7
10
5
7
9
6
10
8
7
11
7
5
3
5
1
-2
0
0
-2
-2
0
-1
-2
-1
1
-1
-4
-5
-5
-6
0
-7
-4
-4
-4
-6
-6
0
-3
-5
-1
-2
0
1
-2
3
3
2
6
5
4
4
6
4
3
2
-1
-1
1
5
2
0
-3
0
-2
-3
0
-3
0
1
1
3
2
3
1
5
2
0
-1
0
-1
0
0
-1
-2
-4
3
1
2
5
3
4
5
10
6
1
0
2
-1
0
0
-2
2
-1
-2
1
4
2
1
6
7
9
9
4
4
7
9
10
9
6
5
7
4
2
1
2
4
-1
3
4
5
7
3
4
6
3
4
8
7
6
8
8
9
9
8
3
8
9
3
4
-2
-1
6
3
5
6
7
5
3
2
-2
-2
-2
2
3
3
3
0
6
9
7
3
3
7
9
7
3
7
8
3
3
9
5
2
3
6
8
4
-2
0
3
1
4
2
2
0
-1
2
5
3
6
4
5
4
6
1
-3
0
-5
-6
-2
0
-8
-1
-2
-5
-2
-2
-5
-3
-2
-2
-1
-1
-1
3
2
7
6
3
6
4
3
-1
2
5
2
2
2
3
6
0
-1
3
6
6
4
4
6
5
5
8
9
9
9
11
9
9
13
11
14
10
13
15
12
15
12
11
10
8
9
8
7
11
13
11
12
12
11
7
6
5
4
9
7
7
5
5
7
9
8
2
5
4
2
-2
1
4
2
3
3
5
2
6
6
10
12
13
15
11
9
8
5
6
5
4
6
3
4
2
2
4
0
0
0
1
-2
1
-1
0
1
0
8
9
5
7
6
11
11
13
11
9
11
9
5
9
6
3
0
-4
-3
-3
-2
-7
-2
1
-1
-2
-2
1
-1
-1
3
6
2
6
2
0
2
-2
-2
3
-2
-4
-3
-1
0
-3
-3
-2
1
-3
-2
1
-2
-2
-1
1
-1
2
4
3
4
4
8
6
6
6
7
8
8
7
9
3
8
10
6
11
8
6
1
7
4
1
1
4
2
3
3
5
3
2
6
3
2
-5
-1
2
0
3
4
4
6
5
5
6
4
0
6
5
2
4
5
5
3
2
3
7
3
6
4
5
5
1
2
0
2
7
7
9
7
4
5
7
8
10
11
10
10
9
7
7
4
6
8
5
7
6
5
5
3
0
4
2
-1
4
0
4
3
2
4
5
4
1
2
2
3
4
5
5
8
3
-1
2
3
-2
1
0
-1
2
2
2
2
2
1
5
4
4
5
7
9
6
5
7
7
7
5
9
6
5
2
0
3
1
2
2
0
3
3
0
2
2
-3
-1
1
-3
-3
-3
-2
3
1
3
2
-1
1
5
3
3
7
5
8
6
6
7
6
11
8
9
8
10
12
11
9
8
7
8
11
8
9
7
8
14
12
3
5
7
4
9
6
6
6
2
1
2
7
7
4
3
5
4
7
2
2
3
-1
1
-1
-1
-2
0
3
3
4
5
6
3
4
7
4
5
9
5
7
8
9
7
11
12
9
11
10
10
10
12
12
11
7
8
10
11
11
13
10
11
11
12
17
11
6
8
11
6
8
7
7
7
6
6
4
8
8
8
6
7
7
5
2
4
6
3
3
2
0
0
3
1
1
6
1
3
4
3
2
3
3
-2
4
2
0
-2
2
2
3
5
3
1
2
2
2
-2
0
2
0
1
-2
-5
-6
-4
-3
-8
-8
-7
-7
-7
-5
-4
-8
-7
-10
-9
-8
-9
-9
-8
-5
-6
-6
-11
-7
-8
-6
-6
-8
-4
-5
-2
-3
-5
-6
-3
-3
-4
-2
-2
-1
-1
0
3
3
4
-4
-2
-2
-3
-1
-2
-1
-5
-1
-3
-5
-5
-6
-5
-10
-8
-7
-8
-7
-7
-8
-11
-11
-10
-11
-9
-7
-6
-6
-6
-9
-8
0
-6
-6
-5
-4
-7
-6
0
-3
-1
3
2
0
3
3
3
2
2
3
7
6
5
6
5
6
3
5
6
4
2
2
-1
0
-2
-2
-1
-2
-2
-7
-4
-3
-2
-6
-5
-2
-3
-6
-4
2
3
-4
-2
-1
-2
1
-3
-4
0
0
-1
-1
-6
-4
-2
-4
-5
-6
-3
-3
-6
-5
-7
-3
0
-5
-3
-1
-2
-3
-4
-4
-5
-2
-6
-5
-5
-6
-9
-11
-9
-2
-1
-5
-8
-13
-10
-12
-12
-14
-16
-13
-15
-13
-11
-11
-11
-9
-11
-8
-10
-11
-6
-7
-6
-7
-8
-3
-1
-2
-4
0
-1
-2
-3
-1
-2
-2
3
-2
0
0
0
-3
-3
-1
1
3
0
-1
2
1
1
1
-3
-4
-5
-5
-9
-6
-1
-3
3
1
-1
0
4
2
1
0
-5
-9
-8
-10
-9
-12
-8
-7
-10
-7
-4
-5
-4
-1
-5
-5
-1
-3
-5
-7
-5
-5
-9
-5
-8
-3
-6
-8
3
0
-1
-7
-1
0
-3
-4
-2
-4
1
1
-2
-1
-4
-5
-4
-3
-4
-4
-4
-2
-4
-5
-5
-3
-8
-7
-2
0
-2
-9
-5
-5
-8
-10
-10
-14
-17
-14
-15
-15
-14
-11
-9
-5
-3
-7
-6
-1
-3
-5
-1
-1
-5
-6
-5
-9
-8
-9
-10
-12
-7
-6
-4
-5
-5
-8
-13
-12
-13
-16
-16
-13
-12
-14
-13
-15
-12
-9
-12
-12
-15
-11
-15
-14
-13
-12
-10
-10
-14
-17
-10
-9
-7
-5
-5
-4
-5
-3
-3
-3
-1
-3
-8
-8
-8
-10
-5
-7
-4
-6
-3
4
4
3
-1
2
1
5
3
1
3
2
-3
-6
-3
-3
-4
-4
-8
-8
-2
-4
-6
-5
-8
-9
-11
-7
-4
-5
-10
-11
-9
-13
-8
-8
-17
-14
-12
-14
-7
-9
-12
-7
-5
-4
-1
-2
-4
-5
-7
-7
-8
-8
-9
-12
-12
-10
-7
-8
-9
-7
-10
-9
-10
-9
-11
-13
-15
-13
-12
-9
-8
-4
-3
-4
1
6
9
8
10
7
11
3
-4
-2
-7
-8
-7
-10
-4
-3
-1
1
2
5
10
7
5
9
3
0
-2
-7
-10
-13
-15
-23
-22
-24
-20
-18
-21
-18
-19
-19
-16
-6
-9
-10
-6
-8
-13
-9
-7
-12
-12
-13
-9
-15
-17
-18
-16
-10
-16
-12
-11
-6
-8
-14
-12
-11
-10
-15
-17
-16
-11
-5
-8
-8
1
-3
-4
-3
-6
-4
-7
-1
1
0
1
0
-1
-2
-1
2
-1
-2
-2
-5
-8
-10
-10
-14
-11
-2
0
-2
-2
4
1
1
1
4
2
0
-1
-3
-7
-11
-10
-12
-13
-14
-10
-10
-7
-5
-3
-7
-2
2
1
1
2
-1
0
6
3
2
3
-1
-5
0
-5
-9
-9
-10
-16
-15
-17
-14
-15
-15
-16
-19
-14
-14
-11
-11
-12
-11
-12
-12
-14
-15
-17
-20
-15
-17
-16
-19
-19
-16
-20
-15
-15
-18
-17
-17
-17
-12
-15
-10
-14
-10
-11
-11
-9
-8
-3
-9
-3
1
-3
-3
2
1
-3
2
1
-1
1
-1
-1
-2
-2
-5
0
-2
-1
-3
-4
-3
-1
-2
-1
1
1
-4
-2
-2
-7
-2
-6
-9
-10
-8
-4
-6
-4
-6
-7
-6
-5
-8
-12
-9
-7
-6
-1
-4
-6
-7
-5
-5
-8
-7
-7
-5
-5
-7
-2
-3
-3
2
0
8
9
8
10
11
5
4
2
0
-3
-6
-5
-4
-7
-6
-3
0
1
3
3
7
7
8
13
6
4
2
0
-1
-1
-1
-4
-6
-5
0
-1
-8
-4
-7
-7
-2
-4
1
5
2
3
1
0
2
3
-4
-4
-6
-12
-14
-16
-18
-19
-13
-10
-7
-9
-14
-9
-8
-8
-5
-4
-7
-10
-10
-10
-8
-12
-10
-13
-10
-5
-7
-6
-5
-7
-9
-7
-9
-11
-13
-15
-12
-10
-11
-11
-13
-11
-11
-16
-14
-17
-10
-8
-13
-13
-16
-15
-21
-25
-21
-22
-23
-24
-24
-23
-21
-16
-16
-15
-14
-12
-14
-12
-11
-15
-14
-13
-10
-4
-6
-6
-6
-3
-2
-2
-2
1
-4
2
4
0
5
7
8
5
15
14
10
9
12
15
17
15
18
15
14
14
17
17
15
21
18
14
14
14
12
16
15
11
12
10
7
8
9
6
10
11
10
7
10
12
14
11
11
15
12
10
11
7
12
11
14
13
9
15
12
14
13
8
12
11
10
6
3
-2
-1
-4
-10
-5
-7
-10
-12
-14
-11
-15
-18
-16
-24
-21
-27
-29
-34
-36
-33
-35
-31
-31
-30
-33
-33
-33
-29
-30
-32
-37
-42
-42
-42
-38
-40
-46
-45
-41
-37
-26
-24
-25
-26
-29
-28
-28
-25
-26
-31
-32
-31
-23
-15
-17
-17
-8
-4
-3
3
7
10
13
20
32
37
45
53
58
67
76
85
91
92
96
98
105
105
102
110
107
102
102
105
100
92
94
89
80
74
78
75
73
71
68
64
60
54
52
50
45
45
40
35
28
21
25
21
17
13
6
3
4
-6
-14
-19
-23
-27
-35
-39
-46
-57
-59
-63
-68
-70
-71
-74
-84
-82
-88
-89
-92
-92
-89
-94
-99
-103
-100
-104
-101
-101
-103
-101
-107
-95
-92
-100
-95
-97
-95
-98
-97
-96
-100
-97
-103
-107
-110
-114
-109
-112
-108
-107
-107
-101
-101
-103
-93
-89
-79
-51
-19
18
53
88
111
134
171
205
224
230
220
209
211
212
206
192
169
154
154
149
158
156
147
129
116
118
111
100
75
49
26
9
4
4
-4
-13
-15
-8
2
16
27
30
28
33
47
52
52
52
52
52
56
59
64
65
65
57
57
57
57
47
38
37
27
24
27
29
22
21
15
15
22
19
16
16
15
16
14
16
23
19
21
18
18
16
13
8
0
-1
-12
-17
-28
-32
-37
-46
-45
-49
-52
-61
-63
-65
-76
-80
-84
-95
-98
-103
-111
-121
-127
-128
-131
-142
-144
-136
-139
-144
-153
-147
-147
-156
-154
-155
-159
-162
-168
-162
-166
-175
-182
-178
-175
-166
-131
-99
-60
-20
24
70
95
142
189
225
229
230
239
237
236
233
226
206
187
172
169
182
190
190
180
163
161
162
153
131
95
63
41
24
13
3
-8
-23
-24
-13
5
15
22
23
26
35
41
44
41
28
13
-2
1
10
15
13
12
24
35
50
60
66
71
67
66
58
56
50
40
27
17
17
16
22
24
32
38
43
45
59
57
58
56
55
50
43
34
30
23
19
14
5
8
5
3
-6
-4
-15
-22
-32
-35
-39
-45
-58
-70
-78
-84
-92
-89
-91
-105
-107
-111
-113
-121
-120
-130
-127
-133
-143
-156
-160
-162
-159
-175
-177
-174
-176
-182
-192
-185
-196
-204
-214
-217
-211
-212
-184
-148
-104
-56
-1
64
103
154
209
269
299
297
301
308
302
285
270
255
230
201
181
190
197
197
193
175
172
173
159
135
110
76
40
13
-2
-18
-31
-49
-56
-40
-19
2
14
27
41
50
55
64
66
56
41
26
19
13
10
13
11
19
29
47
66
81
91
95
103
106
102
91
76
61
47
34
26
21
28
34
40
47
65
76
83
85
84
81
72
65
56
42
20
15
16
13
7
0
4
14
17
-2
-4
4
-4
-15
-34
-52
-46
-53
-73
-84
-85
-81
-75
-89
-101
-105
-99
-99
-120
-141
-146
-139
-141
-157
-179
-166
-163
-177
-190
-197
-188
-188
-202
-223
-213
-212
-225
-233
-239
-219
-195
-157
-115
-62
0
75
133
181
245
322
374
370
361
377
381
355
320
295
276
240
196
187
199
198
180
164
154
157
144
126
94
65
37
-1
-29
-47
-51
-62
-80
-83
-52
-20
-1
17
42
63
75
75
78
80
67
39
25
23
16
14
8
14
35
54
74
93
119
129
133
131
126
125
105
79
56
38
32
26
29
34
37
48
65
83
88
88
88
87
76
61
49
51
33
20
4
4
23
19
1
-13
4
17
-4
-23
-42
-40
-34
-62
-100
-93
-76
-81
-102
-112
-95
-85
-90
-131
-131
-113
-108
-143
-177
-177
-163
-155
-180
-214
-202
-185
-178
-195
-219
-192
-182
-187
-216
-237
-229
-233
-244
-260
-240
-170
-108
-57
-10
90
204
263
328
395
482
512
491
484
476
458
395
338
299
254
203
166
163
164
146
124
114
116
107
83
53
21
-7
-40
-77
-101
-97
-98
-99
-93
-54
-3
25
43
78
119
139
132
131
142
126
94
64
55
54
44
32
36
59
81
105
123
143
161
160
147
135
126
96
62
32
18
8
-6
-11
1
27
38
39
56
82
87
72
51
50
52
28
-8
-18
-15
-13
-24
-25
-22
-21
-17
-16
-21
-36
-40
-53
-56
-70
-93
-103
-105
-104
-120
-120
-110
-107
-109
-125
-134
-130
-148
-165
-200
-201
-202
-212
-225
-245
-237
-229
-229
-248
-244
-238
-241
-248
-268
-282
-292
-298
-303
-291
-221
-149
-82
-22
77
238
339
399
470
583
652
618
587
579
576
490
379
320
277
216
125
91
104
98
68
34
35
46
21
-21
-53
-76
-106
-147
-180
-177
-153
-140
-130
-89
-9
60
92
131
190
241
244
221
225
231
197
139
110
121
125
110
101
127
167
181
199
209
232
224
182
148
117
93
41
-14
-41
-35
-34
-37
-20
17
57
60
72
103
125
103
52
35
41
27
-11
-57
-63
-56
-58
-71
-61
-49
-43
-5
-56
-71
-66
-69
-79
-92
-112
-127
-128
-130
-147
-175
-188
-194
-184
-194
-217
-234
-246
-239
-255
-282
-310
-314
-314
-321
-338
-347
-337
-344
-342
-342
-336
-335
-342
-350
-332
-245
-131
-23
49
163
347
523
622
698
805
897
887
816
786
756
657
481
354
288
200
77
-24
-45
-46
-91
-132
-141
-129
-142
-194
-230
-237
-242
-270
-302
-292
-244
-180
-133
-71
21
137
225
273
345
415
429
389
359
359
332
255
191
173
169
172
158
172
196
210
216
208
212
184
126
42
-16
-43
-92
-141
-173
-164
-126
-87
-40
15
84
129
155
183
209
200
154
94
66
38
-10
-55
-92
-92
-107
-120
-123
-113
-111
-143
-164
-179
-182
-203
-241
-263
-269
-255
-251
-241
-211
-193
-174
-170
-154
-140
-160
-192
-228
-241
-260
-298
-335
-351
-343
-345
-358
-351
-336
-319
-337
-356
-347
-328
-290
-195
-43
83
189
334
565
765
845
916
1010
1076
1008
887
800
721
563
348
216
137
49
-67
-151
-160
-159
-180
-209
-232
-239
-253
-293
-327
-344
-335
-324
-326
-281
-171
-46
40
120
239
371
439
462
487
500
461
370
297
254
194
120
66
62
101
124
154
168
203
226
212
198
145
113
23
-66
-112
-138
-127
-147
-127
-68
12
92
147
212
249
259
237
206
180
133
50
-28
-76
-91
-103
-138
-160
-159
-153
-170
-196
-219
-255
-295
-338
-372
-374
-376
-384
-362
-318
-248
-199
-160
-118
-98
-97
-116
-150
-186
-241
-325
-372
-401
-414
-422
-439
-414
-392
-340
-325
-314
-310
-327
-312
-289
-145
26
146
248
407
695
918
1008
1078
1179
1246
1141
982
875
770
558
270
101
30
-45
-181
-285
-270
-236
-232
-264
-287
-271
-291
-326
-370
-357
-298
-263
-244
-169
6
183
301
380
500
624
661
622
580
537
433
268
126
47
-32
-134
-211
-190
-82
-16
1
41
112
192
169
126
111
85
37
-60
-85
-44
15
25
35
134
237
305
312
303
323
291
198
107
36
-6
-91
-179
-210
-183
-167
-197
-207
-194
-173
-200
-265
-300
-319
-363
-414
-437
-403
-356
-347
-310
-250
-172
-126
-142
-142
-151
-169
-245
-328
-373
-405
-443
-502
-499
-468
-431
-416
-426
-364
-315
-290
-330
-380
-375
-399
-357
-241
-13
192
329
532
805
1114
1235
1260
1290
1270
1147
903
710
554
333
81
-111
-146
-157
-207
-264
-279
-227
-217
-246
-313
-367
-392
-425
-442
-402
-280
-129
-16
125
331
577
723
759
766
757
705
550
377
229
83
-76
-224
-281
-280
-280
-302
-300
-146
-30
30
18
-2
107
101
110
89
106
174
151
197
236
363
392
344
345
323
358
279
154
83
28
-15
-89
-142
-143
-136
-172
-202
-182
-165
-181
-251
-303
-297
-294
-322
-362
-348
-319
-276
-257
-236
-174
-167
-171
-185
-195
-196
-253
-310
-362
-364
-359
-394
-416
-429
-405
-384
-399
-407
-409
-419
-436
-464
-464
-441
-446
-473
-491
-465
-346
-126
106
321
489
697
945
1157
1256
1231
1201
1100
942
735
544
403
191
-1
-134
-173
-170
-237
-290
-334
-336
-344
-385
-405
-421
-400
-358
-264
-113
67
246
390
530
671
793
839
767
665
537
401
238
74
-58
-183
-280
-363
-395
-400
-422
-471
-523
-424
-241
-163
-100
-38
124
341
437
529
582
614
607
531
477
429
371
200
71
46
20
33
-50
-122
-101
-107
-121
-163
-226
-248
-261
-303
-276
-213
-185
-149
-141
-98
-7
22
-29
-81
-119
-160
-191
-257
-315
-330
-352
-343
-318
-289
-248
-251
-316
-329
-330
-382
-438
-525
-556
-526
-502
-469
-414
-351
-281
-236
-208
-165
-187
-240
-357
-441
-405
-252
7
209
413
627
917
1215
1333
1332
1217
1074
851
560
337
142
-34
-218
-323
-283
-190
-128
-155
-179
-195
-220
-253
-319
-352
-360
-290
-158
39
293
521
700
785
861
903
854
693
438
204
6
-158
-297
-379
-409
-431
-430
-424
-392
-390
-448
-544
-596
-412
-160
-17
125
277
577
864
976
1014
938
823
641
421
220
72
-68
-278
-333
-284
-185
-77
-140
-178
-129
-111
-122
-189
-264
-260
-218
-184
-62
57
118
164
115
99
118
31
-142
-306
-414
-449
-441
-465
-472
-422
-388
-336
-306
-309
-306
-380
-468
-501
-471
-443
-448
-450
-429
-335
-231
-203
-201
-209
-239
-253
-281
-318
-333
-396
-451
-437
-311
-33
273
497
628
775
981
1140
1187
1030
872
747
562
408
268
199
117
-9
-103
-124
-82
-135
-245
-363
-419
-358
-317
-257
-159
-29
151
344
518
658
767
763
670
588
505
438
307
121
-19
-100
-140
-191
-261
-355
-424
-502
-578
-596
-584
-554
-504
-415
-161
233
501
663
766
859
992
959
814
612
380
219
67
-37
-87
-111
-178
-247
-202
-169
-126
-170
-286
-278
-225
-134
-41
-1
57
150
224
268
301
229
128
-3
-157
-217
-271
-372
-459
-509
-512
-445
-405
-442
-454
-460
-446
-401
-389
-384
-346
-352
-350
-294
-283
-265
-259
-327
-333
-291
-293
-279
-298
-323
-298
-297
-321
-346
-385
-421
-430
-363
-188
132
421
594
785
950
1127
1214
1103
950
771
578
399
252
144
85
27
-56
-95
-100
-123
-185
-300
-387
-381
-318
-228
-93
59
230
439
598
699
758
726
629
488
357
262
188
85
-19
-101
-160
-191
-248
-361
-467
-555
-616
-637
-595
-527
-399
-279
-48
443
746
930
955
896
1006
934
750
528
247
129
49
-47
-100
-97
-174
-304
-286
-325
-280
-224
-320
-244
-104
62
259
337
308
351
348
273
275
104
-68
-130
-266
-297
-273
-340
-416
-456
-538
-556
-501
-546
-559
-523
-488
-321
-197
-147
-96
-98
-127
-145
-188
-310
-360
-461
-518
-465
-386
-312
-290
-303
-356
-327
-305
-364
-440
-567
-590
-491
-304
-1
326
642
849
1002
1093
1112
1114
933
673
481
338
278
242
189
124
89
20
-76
-160
-297
-393
-447
-471
-358
-184
7
195
350
451
559
641
608
568
469
364
333
301
269
222
117
-31
-166
-320
-460
-561
-664
-717
-663
-578
-406
-236
-131
-53
25
67
212
534
664
771
758
747
922
891
726
485
166
-5
-92
-231
-332
-349
-377
-348
-201
-129
-40
16
-78
-30
80
168
283
284
207
260
286
261
259
72
-149
-250
-364
-405
-408
-514
-567
-545
-519
-434
-347
-367
-340
-297
-268
-146
-86
-107
-101
-131
-182
-151
-170
-237
-299
-373
-410
-373
-358
-391
-435
-523
-535
-499
-466
-445
-443
-470
-450
-307
-77
231
552
776
901
989
1029
1047
988
803
593
444
355
308
251
160
81
6
-104
-196
-282
-390
-438
-414
-322
-136
49
191
321
416
490
562
590
541
482
398
343
336
281
196
56
-135
-287
-394
-510
-596
-638
-653
-589
-464
-348
-247
-182
-154
-113
-49
22
97
181
411
720
925
1013
886
750
629
402
188
-43
-189
-197
-193
-206
-187
-150
-152
-175
-213
-242
-200
-126
-33
144
288
387
441
353
272
209
85
-16
-110
-230
-289
-314
-330
-323
-355
-448
-491
-516
-495
-410
-360
-308
-218
-148
-78
-23
-64
-115
-186
-273
-311
-331
-344
-355
-367
-405
-427
-444
-509
-543
-595
-588
-554
-504
-419
-348
-293
-246
-166
9
280
564
791
904
950
964
974
927
794
624
452
349
291
228
155
65
-31
-142
-264
-350
-395
-412
-345
-220
-51
140
296
404
487
541
573
580
530
469
388
311
259
192
94
-42
-202
-362
-470
-543
-585
-590
-565
-506
-406
-309
-217
-147
-107
-50
20
101
173
240
271
328
552
769
873
789
515
399
324
225
108
-89
-210
-220
-199
-218
-227
-248
-264
-226
-158
-65
65
142
176
269
288
298
274
131
39
9
0
1
-49
-153
-247
-336
-415
-474
-553
-631
-656
-639
-531
-356
-210
-119
-71
-46
-34
-57
-148
-252
-325
-351
-334
-336
-356
-395
-460
-536
-565
-564
-539
-527
-537
-513
-458
-347
-260
-230
-220
-218
-152
25
303
578
806
892
872
825
769
725
649
518
382
309
274
225
146
-3
-149
-270
-356
-371
-335
-251
-124
21
178
303
374
386
365
341
345
376
403
401
355
286
196
75
-56
-188
-315
-411
-449
-427
-376
-316
-278
-259
-244
-232
-202
-167
-125
-54
46
164
258
311
295
251
190
232
405
543
594
435
258
204
200
191
100
-19
-94
-34
45
51
33
-23
-74
-91
-83
-24
73
120
172
207
205
223
201
86
-35
-127
-170
-175
-203
-274
-342
-398
-396
-376
-375
-364
-346
-323
-278
-233
-188
-178
-203
-221
-258
-285
-327
-336
-351
-361
-390
-419
-443
-459
-454
-496
-473
-441
-347
-284
-272
-288
-335
-303
-263
-210
-204
-203
-152
-4
244
489
689
718
644
528
436
411
405
416
373
350
339
312
281
188
74
-60
-155
-189
-164
-93
-23
37
56
56
47
39
47
68
118
178
242
283
275
234
151
65
-20
-85
-110
-116
-107
-118
-127
-139
-157
-173
-206
-233
-247
-233
-197
-161
-108
-67
-33
-8
7
34
65
118
190
374
575
703
668
443
258
197
226
268
277
238
216
222
159
54
-81
-174
-200
-213
-207
-119
-16
71
118
46
-12
0
50
105
119
117
119
117
56
-48
-181
-301
-340
-363
-372
-374
-356
-343
-348
-385
-413
-409
-381
-318
-314
-339
-346
-300
-215
-177
-165
-217
-280
-315
-332
-332
-313
-282
-253
-224
-218
-255
-264
-270
-267
-267
-275
-286
-244
-143
-9
175
340
469
498
456
414
417
489
593
662
629
533
419
290
187
61
-32
-116
-165
-158
-157
-138
-121
-115
-130
-171
-182
-142
-40
94
214
272
276
275
261
225
188
163
140
118
94
43
-42
-128
-205
-274
-339
-369
-363
-326
-273
-211
-154
-117
-80
-50
-33
-9
33
81
127
152
189
307
454
606
636
441
229
123
140
226
278
227
110
36
-40
-114
-184
-186
-97
-13
-19
-12
-25
19
156
187
164
103
62
96
105
94
43
-38
-121
-206
-277
-349
-344
-289
-240
-236
-315
-384
-433
-426
-339
-256
-188
-127
-90
-82
-103
-121
-117
-102
-80
-83
-115
-174
-220
-240
-264
-304
-352
-387
-378
-318
-248
-224
-240
-249
-209
-157
-123
-122
-131
-84
21
144
251
315
336
335
339
310
279
284
299
328
344
317
254
164
96
57
54
64
75
93
95
102
86
62
47
47
74
90
93
76
49
46
45
50
36
13
9
4
4
-5
-27
-40
-34
-15
-1
-11
-10
-2
17
22
6
-25
-58
-72
-69
-69
-85
-106
-127
-145
-157
-158
-143
-89
-2
127
219
185
117
81
103
190
258
243
196
183
193
176
99
18
13
25
60
110
55
17
12
-8
6
-21
-34
-8
-7
10
-2
-43
-74
-59
-6
26
42
31
13
-4
-44
-65
-113
-163
-153
-157
-160
-187
-237
-260
-285
-270
-245
-232
-209
-185
-148
-144
-146
-153
-160
-141
-124
-110
-113
-145
-155
-174
-197
-225
-269
-286
-291
-287
-297
-327
-351
-339
-300
-255
-200
-139
-72
-18
7
24
29
54
136
222
268
279
274
278
289
305
296
254
222
230
245
238
219
188
169
172
183
198
191
191
209
224
216
196
177
160
150
135
122
94
66
51
29
11
-16
-36
-45
-47
-48
-67
-80
-88
-71
-38
-13
1
-5
-18
-24
-37
-58
-90
-120
-137
-141
-135
-124
-89
-39
-24
-57
-85
-92
-50
25
55
49
41
52
88
110
107
121
139
161
196
194
163
178
180
171
173
126
106
92
72
62
17
-43
-72
-62
-43
-40
-53
-72
-75
-73
-78
-76
-107
-103
-81
-79
-67
-92
-118
-140
-155
-153
-162
-180
-202
-216
-245
-277
-287
-286
-268
-243
-234
-240
-255
-260
-252
-256
-254
-257
-255
-232
-210
-200
-196
-193
-189
-189
-185
-177
-166
-155
-131
-88
-69
-50
-13
24
65
106
144
177
202
232
263
279
300
326
336
341
330
328
312
292
283
265
249
224
219
211
191
184
167
148
141
153
167
161
143
124
97
62
31
6
-15
-25
-21
-22
-24
-20
-22
-25
-47
-64
-74
-86
-77
-66
-64
-58
-57
-64
-63
-67
-73
-85
-93
-98
-100
-93
-55
-4
22
25
11
24
70
123
144
119
91
93
120
139
146
163
175
204
222
214
190
171
174
176
163
134
120
112
108
98
59
5
-30
-34
-24
-30
-53
-74
-99
-115
-117
-126
-140
-141
-140
-148
-166
-186
-195
-199
-190
-184
-179
-178
-179
-180
-190
-213
-223
-223
-214
-199
-191
-187
-192
-191
-189
-183
-203
-220
-231
-235
-225
-214
-208
-203
-190
-173
-149
-147
-137
-131
-132
-127
-125
-96
-52
6
55
85
116
145
182
215
251
283
300
307
307
300
291
271
244
219
213
223
216
195
165
144
133
132
135
132
127
139
151
144
133
120
119
120
118
123
113
98
82
59
39
16
1
-3
-10
-12
-22
-42
-58
-68
-80
-96
-109
-106
-91
-86
-81
-82
-72
-49
-42
-32
-28
-27
-12
11
38
55
80
94
88
84
96
126
151
150
128
106
104
125
138
133
128
130
131
141
133
116
108
96
93
85
73
73
81
78
68
42
16
4
-3
-8
-19
-45
-59
-69
-87
-98
-106
-126
-129
-127
-137
-138
-155
-159
-159
-169
-166
-173
-183
-188
-184
-186
-182
-184
-179
-159
-152
-139
-137
-146
-148
-141
-131
-128
-137
-133
-125
-125
-129
-140
-155
-161
-151
-152
-157
-159
-160
-146
-127
-121
-124
-116
-85
-36
14
41
47
61
103
147
164
157
162
192
228
250
246
223
209
217
228
216
202
194
184
183
174
147
115
98
96
101
95
83
78
74
83
87
74
57
45
61
71
65
55
51
57
65
76
58
38
26
27
24
13
2
-9
-11
0
5
-10
-34
-54
-59
-67
-76
-80
-72
-63
-43
-34
-43
-58
-71
-42
-9
8
14
30
67
111
149
156
141
137
156
179
179
167
171
168
170
161
125
94
84
88
85
66
56
51
46
38
22
2
-10
-3
12
16
5
-7
-15
-23
-32
-45
-70
-94
-95
-96
-101
-115
-127
-140
-150
-154
-167
-172
-170
-163
-151
-145
-143
-133
-128
-128
-136
-138
-135
-128
-107
-88
-84
-85
-79
-78
-90
-103
-119
-139
-142
-144
-143
-140
-142
-139
-139
-135
-130
-124
-120
-96
-72
-56
-43
-43
-30
-7
12
24
29
35
57
98
118
117
110
115
135
153
142
135
133
144
168
181
181
171
173
172
170
153
138
124
122
131
131
127
111
108
111
101
89
67
46
40
47
48
29
14
7
8
6
10
8
0
3
9
11
2
-4
-5
-9
-15
-13
-19
-20
-15
-4
-4
-19
-30
-33
-19
-12
-10
-7
1
30
45
43
28
30
51
82
101
98
91
91
104
104
93
89
86
102
117
115
106
106
109
115
117
97
85
78
83
82
63
40
28
18
20
6
-9
-16
-22
-18
-25
-38
-60
-73
-82
-92
-96
-106
-104
-100
-97
-83
-91
-97
-96
-101
-107
-116
-130
-134
-123
-106
-93
-99
-104
-111
-105
-107
-102
-96
-93
-85
-86
-90
-94
-87
-77
-73
-78
-86
-89
-84
-76
-63
-59
-67
-67
-71
-67
-49
-36
-33
-29
-26
-31
-28
-29
-25
-12
-3
11
15
23
42
57
68
70
71
72
68
70
83
95
105
118
122
117
120
122
118
120
119
116
109
110
111
112
114
113
103
100
98
92
90
81
72
60
50
41
32
27
17
16
13
16
23
21
20
12
9
9
3
1
5
10
8
14
24
32
33
22
9
1
4
11
20
16
10
12
20
24
21
23
24
33
42
58
61
65
76
78
87
91
89
91
90
84
81
80
79
78
74
63
59
55
54
47
41
33
27
30
33
39
36
28
18
9
-3
-15
-29
-39
-51
-61
-67
-80
-88
-96
-108
-113
-111
-112
-119
-121
-116
-114
-107
-104
-100
-99
-99
-95
-93
-90
-88
-82
-75
-73
-71
-69
-67
-59
-54
-53
-65
-71
-68
-65
-68
-74
-83
-88
-84
-68
-52
-53
-50
-44
-34
-27
-21
-22
-28
-35
-26
-25
-30
-34
-45
-48
-48
-50
-47
-45
-42
-27
-15
-8
-6
4
21
40
61
69
74
82
95
102
106
120
126
131
134
128
111
96
91
88
91
91
92
90
80
76
73
65
66
68
68
71
76
74
75
77
74
74
70
68
65
58
48
31
21
11
1
-7
-13
-15
-18
-19
-15
-12
-10
-3
5
11
24
32
35
34
33
32
31
33
31
33
29
36
39
36
35
38
40
39
42
47
51
48
53
58
53
60
70
72
70
63
63
66
57
57
53
42
44
46
36
25
15
3
-2
-6
-7
-14
-20
-23
-34
-38
-44
-44
-39
-36
-39
-41
-47
-48
-57
-59
-67
-78
-79
-76
-75
-77
-82
-93
-95
-95
-90
-93
-95
-84
-70
-59
-49
-49
-44
-37
-30
-22
-22
-18
-19
-22
-27
-30
-35
-45
-51
-60
-61
-59
-60
-51
-46
-35
-31
-34
-32
-30
-22
-18
-28
-35
-36
-20
-7
11
2
-20
-26
-34
-27
-35
-27
-24
-29
-34
-40
-46
-50
-42
-37
-27
-19
-4
12
23
36
49
54
60
69
76
83
88
96
99
103
96
93
91
90
89
80
81
72
67
74
70
65
67
62
62
60
57
58
56
59
60
58
55
47
42
40
36
32
30
27
27
27
23
17
12
20
32
36
32
37
41
46
51
51
53
49
51
41
37
37
39
41
49
46
45
44
36
37
39
41
42
44
52
55
53
50
42
40
39
36
32
28
29
21
18
8
-1
-5
-18
-24
-34
-42
-53
-61
-65
-61
-59
-56
-52
-51
-48
-44
-40
-39
-37
-33
-28
-31
-29
-26
-30
-34
-37
-45
-47
-44
-46
-48
-55
-61
-57
-58
-56
-49
-50
-47
-45
-51
-54
-53
-46
-52
-53
-55
-51
-51
-50
-46
-48
-49
-43
-37
-37
-34
-35
-38
-45
-42
-38
-35
-32
-31
-35
-33
-26
-20
-15
-16
-23
-33
-32
-25
-17
-11
-7
-7
-14
-17
-18
-20
-14
-10
-9
-1
-4
7
13
17
24
25
35
41
46
50
55
59
54
61
57
62
69
71
74
75
82
84
87
83
82
81
77
79
81
84
87
84
82
83
80
74
79
70
71
72
70
69
74
80
69
61
58
53
53
57
58
58
60
58
58
57
48
45
40
39
36
36
36
34
29
26
18
12
6
7
10
9
3
-5
-7
-10
-11
-21
-20
-22
-25
-26
-22
-31
-31
-30
-33
-37
-42
-38
-31
-31
-34
-32
-33
-35
-30
-33
-34
-31
-30
-28
-24
-21
-23
-22
-20
-24
-19
-23
-22
-22
-23
-20
-25
-24
-24
-18
-23
-20
-16
-23
-29
-28
-26
-31
-25
-18
-10
-2
-2
-3
-3
-2
-2
-5
-12
-21
-28
-28
-32
-37
-51
-55
-59
-62
-69
-73
-73
-73
-72
-69
-71
-70
-58
-44
-34
-38
-39
-39
-40
-40
-36
-35
-27
-19
-9
-16
-15
-17
-12
-12
-13
-6
-3
-8
-2
1
-2
1
10
22
26
33
36
42
47
45
37
40
46
53
48
43
35
37
40
36
32
34
35
31
32
32
36
41
55
59
63
69
68
67
68
67
63
59
61
59
55
45
37
32
26
25
22
23
26
29
32
34
38
39
39
44
43
39
39
43
45
44
45
45
42
46
43
41
32
31
30
24
15
13
9
3
0
-5
-13
-13
-9
-13
-13
-18
-20
-24
-24
-27
-21
-23
-23
-20
-26
-33
-35
-39
-41
-45
-53
-52
-58
-51
-52
-48
-46
-46
-41
-36
-34
-33
-31
-30
-30
-31
-32
-27
-21
-19
-23
-28
-30
-29
-35
-44
-45
-43
-45
-44
-39
-42
-42
-45
-46
-50
-57
-50
-46
-41
-40
-33
-29
-28
-24
-24
-28
-28
-24
-25
-25
-32
-33
-38
-44
-39
-40
-46
-46
-47
-46
-49
-44
-34
-30
-28
-20
-19
-22
-14
-15
-15
-5
-2
-2
6
4
2
-2
-8
-8
-2
-1
-3
-12
-22
-21
-22
-15
-13
-11
-9
-9
-10
-11
-8
2
14
10
3
3
10
11
14
6
1
2
6
4
-3
-2
-7
-4
-11
-14
-11
-8
-1
0
-5
-11
-16
-15
-12
-13
-8
-5
1
6
11
15
21
23
20
24
18
22
24
26
31
28
27
28
37
35
39
40
38
47
51
47
49
46
49
49
38
41
37
36
37
31
20
17
17
15
8
1
-3
-5
-1
2
7
7
7
9
11
9
6
7
6
4
5
7
7
10
16
14
10
7
7
9
7
7
-3
-3
-3
-10
-17
-22
-19
-19
-18
-19
-23
-22
-15
-9
-12
-14
-15
-17
-15
-15
-22
-22
-25
-28
-36
-41
-41
-43
-39
-42
-50
-52
-51
-51
-51
-47
-45
-43
-45
-47
-46
-49
-49
-46
-49
-47
-48
-56
-57
-54
-46
-48
-49
-42
-35
-31
-31
-31
-38
-36
-37
-40
-34
-33
-31
-40
-40
-40
-37
-27
-29
-33
-30
-25
-17
-27
-30
-29
-26
-23
-19
-18
-24
-25
-29
-27
-29
-26
-22
-21
-23
-32
-34
-33
-33
-31
-28
-31
-38
-33
-30
-28
-16
-11
-14
-13
-7
0
4
2
8
11
9
8
6
7
8
11
10
4
5
8
10
4
-5
-3
-3
3
6
8
11
19
20
17
14
12
18
15
22
21
24
27
26
25
24
20
16
17
16
11
7
4
11
8
13
11
8
7
7
7
0
6
4
9
2
1
3
0
3
-1
-4
-4
-5
-8
-5
-8
-14
-16
-12
-18
-16
-10
-12
-17
-17
-16
-19
-21
-23
-28
-27
-25
-24
-18
-16
-16
-12
-15
-16
-16
-17
-14
-13
-12
-16
-14
-16
-16
-18
-19
-12
-8
-4
-4
0
-1
-5
5
2
-1
3
0
-5
-6
-11
-15
-19
-22
-24
-30
-27
-29
-26
-22
-28
-25
-25
-30
-34
-30
-34
-36
-35
-39
-41
-40
-36
-33
-39
-36
-37
-42
-46
-46
-44
-38
-32
-29
-33
-32
-30
-29
-26
-28
-20
-20
-16
-19
-17
-13
-9
-3
2
6
10
13
12
16
12
9
16
21
13
10
11
17
12
12
12
10
11
10
16
13
9
13
13
14
16
15
8
11
12
8
3
-2
0
0
6
1
-2
-1
-1
-7
-11
-13
-17
-17
-19
-17
-17
-16
-15
-12
-14
-12
-10
-9
-7
-5
-2
-3
-2
-1
4
7
-2
-2
-7
-7
-8
-10
-8
-11
-5
-11
-9
-14
-11
-12
-10
-10
-11
-12
-10
-10
-14
-5
-2
4
9
9
8
14
14
11
12
13
17
19
15
13
17
16
11
5
-1
-6
-2
0
-4
-5
-5
-10
-10
-12
-15
-15
-13
-11
-13
-13
-11
-9
-6
-5
-10
-16
-16
-16
-21
-20
-22
-24
-19
-20
-20
-22
-15
-20
-23
-15
-14
-12
-5
-3
-3
-3
-1
0
0
0
1
-3
-2
2
-1
-3
-1
4
-2
1
3
6
5
7
10
7
6
0
4
-1
0
3
1
-4
-4
-7
-7
-16
-13
-9
-4
-4
-12
-8
-16
-14
-13
-7
-8
-12
-6
-6
-3
0
-5
-9
-5
-3
-1
-2
-1
-2
-2
-4
-6
-6
1
6
1
1
0
1
5
8
10
14
16
17
17
14
19
21
25
23
27
33
34
30
23
21
16
20
18
18
17
16
15
9
4
2
2
5
3
7
4
3
7
7
6
8
13
9
16
12
11
11
10
10
3
4
4
6
7
6
2
5
8
6
8
8
12
10
9
10
12
10
10
10
14
13
16
16
14
15
16
22
23
28
29
30
27
36
36
35
41
38
39
38
34
35
34
31
29
26
18
18
17
11
8
13
10
10
7
7
3
1
5
-2
-3
-1
-1
-3
-6
-3
-1
-8
-15
-18
-18
-21
-23
-23
-24
-23
-25
-23
-17
-22
-21
-18
-15
-13
-13
-10
-12
-7
0
4
4
0
6
10
8
12
10
11
10
10
10
7
12
17
21
18
15
20
20
22
18
19
24
22
25
24
19
19
20
17
14
14
18
17
20
19
14
11
9
11
16
14
16
12
12
14
11
15
18
19
20
20
20
18
17
19
20
15
19
15
16
20
19
25
21
20
19
23
25
29
35
35
39
39
39
40
42
36
37
39
42
40
37
36
34
34
31
31
31
29
29
33
27
25
25
28
28
30
34
35
30
32
28
24
28
30
29
28
27
25
24
23
18
13
10
8
11
8
3
5
2
0
-6
-5
3
6
7
10
12
18
18
20
21
16
17
15
17
10
15
11
9
7
3
4
4
2
1
-1
2
5
3
11
10
13
17
20
18
10
12
8
12
12
12
7
7
7
2
1
3
5
4
2
0
-1
0
1
0
0
3
3
3
6
3
6
8
6
14
11
13
10
7
5
1
4
1
5
1
5
3
1
5
3
4
6
11
13
13
16
15
19
22
19
27
24
21
21
19
18
17
16
17
18
17
16
12
10
11
11
7
8
7
8
12
17
14
15
24
22
25
30
33
30
35
32
26
27
30
27
25
22
18
20
24
16
20
24
23
25
27
33
31
31
30
38
38
33
35
34
36
32
29
30
27
31
29
22
24
24
23
21
21
19
20
21
22
28
33
31
28
32
30
29
30
31
33
29
30
23
22
24
15
13
14
12
15
14
14
14
14
16
14
13
17
15
13
17
19
19
19
20
22
23
18
16
14
7
5
6
6
9
6
5
6
4
0
4
3
1
2
3
2
2
2
0
2
-2
-4
-5
-8
-9
-11
-14
-11
-8
-12
-13
-12
-14
-14
-13
-10
-6
-9
-8
-7
-4
-3
-1
3
4
2
4
6
6
4
2
3
-1
3
0
2
-1
-4
0
0
3
7
9
12
8
11
16
20
16
23
23
22
21
25
28
26
28
24
22
22
24
24
20
17
14
16
22
20
19
19
17
20
20
18
26
28
20
17
19
20
22
18
15
15
19
17
15
16
21
20
17
23
25
29
27
30
34
32
37
38
41
38
36
37
43
50
52
48
39
33
28
33
33
30
27
23
24
27
21
25
27
27
32
33
36
37
33
31
33
33
38
28
27
22
18
23
16
18
17
11
13
8
10
5
8
9
10
13
9
7
5
4
3
1
5
9
7
1
-3
-1
-9
-8
-9
-13
-19
-15
-15
-18
-15
-14
-14
-14
-13
-12
-14
-11
-5
-1
1
-1
-3
-2
0
5
-2
-1
0
-2
-2
-5
-6
0
0
-5
-5
-6
-8
-4
-4
0
3
2
2
2
9
8
2
8
12
9
7
4
7
3
4
3
5
3
6
11
12
10
7
9
11
12
10
12
15
18
20
23
24
20
17
16
17
18
17
16
17
18
18
17
15
16
17
20
21
23
23
27
30
30
31
30
36
30
29
31
29
32
32
31
31
35
33
31
30
28
25
28
30
27
28
29
30
29
27
26
25
26
30
26
23
21
19
21
23
16
13
10
2
4
6
5
2
0
0
0
-4
1
-3
-5
-3
-5
-3
-2
6
2
-3
-4
-3
-3
1
-3
-2
-6
-6
-7
-4
0
1
-1
-3
5
-4
-5
-1
-4
2
-5
-8
-5
-11
-8
-10
-12
-6
-8
-11
-7
-15
-11
-11
-11
-12
-12
-12
-14
-14
-17
-14
-6
-10
-14
-9
-7
-7
-8
-6
-9
-9
-8
-8
-2
-9
-10
-5
-6
-2
-6
-10
-9
-7
-9
-6
-2
-5
-1
0
3
8
7
11
8
10
9
8
7
4
5
9
10
6
9
2
4
-1
-3
2
-5
0
0
7
8
9
11
6
6
6
7
5
8
10
8
3
-1
-3
-1
3
4
6
1
3
2
7
8
7
15
14
9
10
12
11
12
17
17
20
21
19
14
15
22
18
18
15
13
14
12
10
12
10
3
6
1
2
-2
0
0
-3
0
-4
-8
-7
-7
-3
-2
-1
-1
-6
-7
-5
-6
-2
0
-10
-6
-3
-6
-8
-8
-11
-11
-7
-7
-7
-11
-10
-11
-12
-12
-10
-12
-14
-13
-17
-19
-18
-17
-23
-12
7
18
16
-7
-22
-20
-7
6
0
-16
-27
-33
-25
-29
-39
-36
-40
-36
-33
-28
-30
-38
-39
-38
-32
-29
-29
-40
-43
-35
-23
-16
-27
-33
-35
-29
-21
-20
-24
-29
-25
-24
-22
-20
-18
-20
-22
-16
-15
-19
-19
-22
-19
-12
-8
-8
-11
-17
-18
-8
-6
-7
-6
-7
-11
-11
-5
-9
-13
-11
-13
-14
-13
-10
-13
-16
-14
-10
-9
-10
-9
-11
-8
-5
-1
-3
-8
-2
1
5
6
3
6
0
-4
3
0
1
-1
-5
-5
-4
-4
-4
-2
-3
1
3
4
6
6
10
9
8
7
3
11
6
7
6
5
4
1
5
0
-1
1
0
-7
-4
-7
-5
-7
-9
-8
-15
-16
-18
-18
-13
-11
-18
-17
-16
-21
-15
-19
-19
-14
-20
-21
-22
-25
-21
-24
-25
-29
-30
-31
-34
-31
-30
-31
-31
-30
-27
-29
-31
-29
-28
-33
-32
-32
-34
-31
-34
-31
-30
-28
-29
-36
-35
-35
-38
-34
-34
-34
-33
-33
-33
-32
-27
-31
-27
-23
-28
-27
-28
-24
-24
-27
-34
-31
-31
-31
-31
-36
-35
-40
-35
-36
-38
-39
-41
-41
-38
-35
-38
-38
-36
-39
-38
-32
-34
-36
-31
-32
-32
-32
-33
-33
-34
-32
-35
-34
-37
-36
-30
-31
-32
-32
-29
-29
-25
-24
-20
-21
-16
-15
-17
-16
-15
-11
-13
-10
-14
-12
-10
-13
-14
-8
-11
-12
-10
-10
-6
-4
-7
-9
-2
-3
-3
-3
-3
0
3
-3
0
3
-1
-1
-6
-5
-3
-2
-6
-3
-3
-8
-7
-12
-12
-6
-9
-10
-7
-11
-7
-8
-9
-9
-10
-7
-13
-10
-13
-15
-9
-13
-13
-14
-16
-16
-12
-12
-15
-18
-13
-12
-14
-21
-22
-18
-20
-21
-20
-15
-19
-20
-16
-19
-14
-15
-23
-20
-25
-21
-25
-25
-26
-25
-25
-22
-23
-28
-27
-27
-25
-28
-25
-25
-27
-35
-34
-31
-30
-31
-37
-34
-33
-34
-34
-32
-30
-29
-31
-36
-33
-34
-32
-33
-30
-30
-30
-26
-26
-25
-23
-21
-22
-25
-28
-30
-31
-25
-25
-26
-26
-25
-24
-27
-23
-20
-23
-22
-23
-27
-27
-23
-26
-25
-24
-26
-24
-24
-22
-19
-22
-24
-23
-20
-22
-18
-21
-22
-19
-22
-20
-19
-18
-11
-14
-14
-13
-12
-8
-11
-8
-10
-7
-8
-7
-1
-4
-4
-4
-2
-2
-2
4
3
8
7
8
4
7
12
10
14
15
16
11
15
10
10
10
9
7
5
5
7
5
7
7
6
5
5
4
4
5
0
0
-2
-5
-6
-6
-10
-9
-9
-8
-7
-8
-10
-12
-6
-8
-11
-8
-10
-10
-8
-11
-15
-13
-12
-14
-10
-14
-13
-17
-16
-17
-16
-11
-14
-16
-14
-13
-14
-10
-10
-9
-13
-12
-5
-8
-8
-7
-8
-10
-8
-8
-9
-9
-8
-9
-11
-13
-12
-13
-17
-13
-19
-18
-17
-18
-20
-22
-25
-23
-21
-19
-23
-21
-20
-24
-21
-25
-24
-22
-18
-19
-21
-18
-20
-20
-18
-19
-19
-15
-20
-17
-19
-20
-18
-18
-18
-14
-15
-15
-15
-14
-15
-14
-12
-13
-13
-11
-5
-4
-4
-1
-7
-7
-5
-4
-3
-5
-6
-9
-8
-3
0
0
0
-3
2
5
2
4
4
2
-1
3
5
4
4
4
0
-2
0
2
3
5
5
5
6
8
11
6
11
7
9
8
5
4
0
5
8
7
4
7
12
8
9
9
7
9
10
13
12
15
15
11
10
10
8
10
11
7
8
10
3
4
8
11
5
3
8
8
9
9
4
3
2
2
0
-2
-1
-2
-2
-3
-7
-4
-5
-6
-8
-8
-9
-10
-9
-7
-11
-9
-9
-11
-14
-15
-13
-16
-16
-18
-16
-13
-16
-13
-14
-15
-14
-11
-12
-12
-11
-15
-13
-13
-15
-10
-12
-12
-12
-16
-14
-15
-17
-18
-14
-15
-12
-15
-14
-11
-16
-17
-13
-12
-18
-13
-13
-14
-14
-10
-10
-11
-8
-7
-6
-7
-1
2
1
-3
-3
3
-3
-3
-3
-5
-9
-11
-12
-9
-1
-2
0
-1
-4
-3
-4
-1
2
-1
1
1
2
-1
4
0
-1
3
0
-1
0
3
3
3
1
0
3
7
3
7
14
10
11
13
14
15
10
11
11
15
11
7
6
8
10
4
8
10
8
10
8
8
14
10
10
14
14
13
13
11
13
12
12
11
8
11
15
14
11
8
4
9
9
8
8
10
8
7
10
5
9
8
8
4
7
7
9
7
4
9
6
2
5
5
-3
1
-3
-7
-9
-9
-6
-9
-14
-14
-12
-12
-11
-12
-10
-10
-12
-14
-12
-10
-12
-12
-10
-14
-11
-16
-12
-10
-15
-15
-17
-18
-14
-16
-14
-14
-16
-13
-12
-11
-9
-10
-14
-9
-12
-12
-8
-8
-14
-14
-16
-17
-13
-13
-19
-18
-20
-13
-10
-12
-11
-11
-9
-10
-9
-9
-7
-6
-5
-5
0
0
-2
-2
1
-4
-2
2
-2
-2
-4
2
2
2
6
3
4
7
4
3
9
5
10
9
9
10
8
11
10
9
10
10
7
9
10
7
12
16
15
12
10
13
16
18
15
18
16
16
25
16
18
20
24
25
27
27
25
19
25
26
23
24
27
25
22
23
18
23
19
16
14
13
13
12
9
8
9
9
9
10
12
11
11
13
12
11
8
6
9
8
7
7
8
4
0
1
3
5
1
-1
3
1
0
4
3
5
2
3
6
4
3
3
2
-2
-3
0
-4
-2
-4
-7
-7
-6
-3
-11
-6
-7
-6
-8
-9
-7
-12
-12
-12
-8
-10
-10
-15
-12
-13
-15
-8
-12
-6
-7
-7
-3
-4
-4
-7
-7
-6
-9
-7
-7
-9
-3
-8
-8
-6
-5
-8
-4
-4
-2
0
0
1
-1
-1
-1
-1
-1
-4
-5
-6
-10
-11
-7
-10
-5
-1
-6
-3
2
-6
0
-4
-1
2
2
3
-2
2
0
1
2
3
3
5
-2
-3
0
3
3
-3
-2
5
5
9
7
5
10
11
12
15
13
11
13
10
16
15
9
13
16
14
19
18
13
17
15
15
14
18
21
18
17
20
17
10
10
12
13
11
11
10
14
12
13
11
15
13
12
17
14
15
14
13
8
8
12
11
13
6
8
7
4
0
-1
2
0
-3
-4
-5
-4
-1
-7
-6
-9
-8
-8
-8
-8
-7
-6
-9
-10
-10
-10
-7
-5
-4
-5
-8
-4
-7
-8
-9
-10
-8
-11
-7
-8
-2
-3
-5
-5
-2
-2
-1
0
-2
-5
-3
-4
-4
-5
-1
0
0
2
-2
-1
4
2
2
4
3
1
0
0
-5
-4
-6
-6
-11
-8
-11
-16
-14
-18
-14
-18
-17
-16
-17
-15
-19
-17
-11
-12
-9
-8
-11
-12
-9
-5
-8
-3
-7
-4
-3
-7
-8
-5
-1
-5
-5
-1
0
1
3
3
3
1
-1
6
8
4
8
8
12
15
15
17
16
19
20
22
24
20
23
25
27
25
21
22
23
18
17
17
16
17
13
15
15
12
13
15
17
11
11
7
9
8
5
11
8
3
5
6
5
5
7
9
5
6
5
3
2
4
1
2
-1
0
3
-3
3
2
-1
-2
-2
3
2
2
0
-5
-1
3
-1
1
-1
-3
-1
0
3
1
1
1
-1
1
-4
3
2
-1
0
-1
-7
-7
-2
-6
-4
-5
-10
-8
-12
-7
-2
-10
-10
-13
-8
-8
-5
-6
-10
-13
-16
-13
-15
-12
-18
-22
-23
-21
-20
-22
-20
-19
-20
-19
-20
-14
-14
-16
-16
-16
-9
-9
-9
-8
-11
-14
-11
-10
-6
-5
-5
-6
-4
-4
-3
-5
-5
0
2
-1
-2
-3
-5
-1
-4
-4
-6
-10
-1
-2
-6
-7
-5
-2
-2
-1
-4
2
-4
-6
-2
-3
-2
0
3
1
3
4
6
7
3
4
5
7
8
7
10
6
7
11
6
6
8
6
10
12
10
12
10
14
13
13
10
12
10
10
13
8
10
5
8
7
7
4
7
7
4
6
3
5
5
6
5
8
5
1
2
0
0
-5
-4
-5
-3
-5
-1
2
2
0
-1
5
3
3
4
5
2
3
2
0
-4
-7
-6
-3
-3
-10
-9
-8
-10
-8
-7
-6
-4
-9
-9
-5
-11
-7
-4
-6
-6
-8
-6
-10
-9
-9
-6
-6
-8
-8
-6
-2
-6
-5
-5
-5
-4
-4
-6
-7
-7
-9
-11
-8
-7
-6
-4
-7
-6
-8
-8
-8
-6
-6
-9
-3
-5
-6
-5
-6
-3
-5
-4
-8
-9
-7
-5
-8
-6
-4
-6
-6
-5
-2
-9
-6
-2
-4
-6
-2
-3
-4
-2
1
-1
-1
-2
-3
3
-4
1
1
1
3
-3
-3
-1
3
-2
-3
-2
-4
-2
1
2
2
1
4
1
-2
3
4
5
4
6
0
3
3
6
4
3
7
1
4
4
6
0
1
5
-3
-4
-2
-1
-4
-3
0
-8
-6
-6
-8
-8
-12
-8
-9
-9
-6
-8
-5
-5
-8
-9
-8
-9
-12
-11
-13
-11
-10
-10
-7
-6
-9
-6
-3
-8
-4
-4
-2
-2
-3
-2
0
4
4
6
1
4
1
4
6
8
9
5
8
7
5
8
5
4
0
-2
-1
-2
-1
-3
0
-4
-6
-7
-8
-5
-5
-7
-12
-9
-7
-8
-3
-3
-5
1
-2
0
0
0
1
-2
-6
-6
-7
-7
-5
-5
-5
-7
-6
-2
1
0
0
0
-1
1
1
-1
2
1
-2
2
3
-3
0
-1
-2
-3
-8
-4
-7
-3
-3
-5
-5
-5
-2
0
-4
-8
-4
-2
-5
-3
-7
-8
-5
-3
-1
-2
-5
-3
-1
-7
-6
-7
-6
-7
-6
-4
-5
-1
-2
-3
-3
-4
-2
0
-3
1
5
2
3
-1
4
4
4
4
0
1
-4
-1
4
0
-3
-2
-2
-2
-3
1
-2
1
1
-4
1
1
-3
-4
-5
-5
-6
-4
-3
-8
-3
-6
-3
-1
-1
0
-2
2
-1
-1
-1
-1
-1
-1
-1
0
0
-1
1
-3
2
1
2
1
0
2
1
4
1
3
2
3
1
4
-2
-4
-3
-2
-5
-5
-3
-4
-5
-4
-2
-3
-3
0
-2
-7
-11
-13
-10
-12
-11
-14
-20
-16
-15
-15
-11
-8
-6
-6
-1
0
-1
-1
-1
3
4
4
5
3
1
2
1
1
-1
-1
1
-4
-1
-4
-3
-4
0
5
5
4
1
1
0
7
4
2
0
2
5
0
-4
-3
-2
-8
-3
-4
-5
-6
-7
-8
-7
-8
-11
-7
-8
-3
-8
-6
-6
-8
-7
-4
-6
-8
-8
-8
-13
-12
-10
-13
-13
-13
-11
-10
-7
-7
-11
-8
-4
-11
-7
-5
-3
-4
0
-2
0
3
-2
-1
-1
2
-3
-1
5
4
10
9
9
8
8
12
12
7
8
11
11
7
9
9
10
8
7
9
7
6
8
7
10
10
9
8
5
4
4
1
4
2
3
1
-5
-2
-4
-2
-4
3
6
1
-2
-3
-1
1
-2
-4
-4
-3
-7
-3
-2
-4
-5
-7
-7
-6
-2
-7
-4
-4
-6
-7
-8
-10
-8
-6
-8
-10
-9
-13
-13
-13
-13
-10
-15
-10
-10
-10
-11
-9
-11
-15
-12
-11
-10
-9
-12
-9
-11
-11
-10
-11
-11
-13
-8
-7
-7
-9
-9
-5
-9
-8
-6
-6
-9
-9
-9
-10
-12
-10
-14
-11
-12
-16
-12
-17
-16
-15
-16
-20
-21
-19
-19
-21
-20
-24
-23
-25
-28
-23
-22
-20
-23
-26
-23
-26
-24
-22
-22
-21
-24
-25
-24
-23
-26
-25
-24
-21
-20
-23
-23
-25
-23
-23
-19
-22
-18
-17
-19
-20
-20
-19
-20
-24
-21
-24
-21
-20
-27
-23
-25
-24
-26
-23
-21
-25
-25
-22
-20
-14
-16
-15
-15
-17
-21
-16
-14
-14
-12
-18
-13
-9
-7
-9
-12
-10
-6
-5
-3
-1
0
-2
-4
-4
1
-1
-2
-1
-3
-3
-3
-2
-4
-4
-5
-3
0
-3
-8
-9
-11
-7
-12
-15
-15
-12
-14
-18
-14
-18
-18
-15
-16
-15
-16
-9
-13
-14
-14
-11
-10
-12
-9
-11
-9
-9
-11
-11
-12
-11
-12
-14
-18
-18
-19
-25
-14
-18
-18
-16
-17
-20
-22
-18
-19
-16
-15
-15
-19
-15
-15
-16
-17
-13
-16
-19
-15
-15
-17
-13
-15
-16
-16
-17
-17
-18
-15
-19
-19
-17
-18
-19
-22
-20
-23
-24
-22
-24
-23
-22
-21
-23
-22
-27
-28
-25
-22
-23
-23
-21
-26
-23
-21
-20
-19
-20
-23
-22
-23
-22
-22
-18
-19
-23
-22
-22
-21
-19
-16
-20
-18
-19
-15
-15
-14
-17
-18
-16
-19
-16
-19
-18
-16
-13
-15
-14
-15
-13
-13
-20
-17
-16
-18
-17
-16
-14
-14
-12
-10
-12
-9
-7
-9
-10
-11
-10
-11
-8
-7
-6
-6
-8
-9
-9
-10
-7
-10
-13
-13
-11
-11
-9
-8
-10
-8
-12
-11
-12
-16
-8
-11
-20
-14
-10
-16
-17
-14
-13
-10
-11
-12
-11
-15
-9
-13
-15
-12
-13
-16
-15
-11
-17
-16
-18
-15
-13
-16
-16
-17
-14
-13
-19
-18
-21
-19
-18
-18
-14
-14
-19
-19
-19
-18
-17
-22
-25
-24
-20
-19
-18
-16
-18
-19
-16
-17
-20
-15
-15
-17
-14
-17
-19
-21
-21
-19
-22
-17
-19
-23
-16
-18
-21
-20
-20
-22
-17
-17
-18
-20
-22
-15
-17
-22
-22
-23
-22
-19
-17
-19
-18
-18
-21
-22
-23
-20
-21
-20
-19
-18
-18
-21
-20
-18
-22
-22
-20
-20
-22
-15
-18
-25
-24
-20
-18
-21
-25
-19
-21
-22
-23
-30
-27
-26
-28
-29
-29
-25
-24
-24
-23
-21
-27
-22
-18
-18
-18
-18
-22
-18
-18
-21
-18
-15
-13
-10
-14
-15
-11
-11
-15
-16
-14
-17
-16
-14
-18
-15
-14
-16
-15
-17
-20
-19
-16
-21
-12
-11
-12
-9
-8
-6
-9
-9
-7
-3
-3
-6
-8
-6
-11
-6
-11
-10
-11
-9
-6
-13
-10
-10
-7
-10
-8
-5
-5
-7
-7
-5
-8
-8
-4
-7
-9
-6
-5
-8
-8
-11
-10
-9
-8
-8
-10
-8
-8
-11
-11
-8
-3
-5
-8
-8
-5
-6
-7
-4
-6
-6
-6
-11
-12
-12
-11
-8
-6
-7
-4
-3
-4
-2
-1
-4
-8
-8
-6
-5
-3
-4
-4
-9
-6
-6
-8
-7
-11
-10
-12
-12
-7
-11
-12
-11
-15
-18
-13
-12
