-10
-11
-10
-9
-11
-12
-13
-17
-17
-16
-17
-17
-19
-14
-20
-20
-18
-13
-14
-14
-16
-16
-14
-18
-16
-11
-13
-15
-11
-11
-10
-11
-4
-8
-12
-5
-7
-4
-4
-5
-6
-8
-11
-11
-3
-5
-6
-5
-1
-1
-5
-3
2
0
-6
-2
-9
-8
-5
-1
-4
-3
-3
-9
-4
-8
-8
-10
-6
-8
-12
-8
-10
-12
-11
-9
-11
-12
-7
-10
-11
-12
-11
-3
-2
-4
-3
-6
-8
-2
-11
-14
-11
-9
-13
-13
-15
-16
-14
-14
-12
-8
-10
-7
-8
-8
-6
-4
-3
-6
-2
-3
-7
-8
-8
-6
0
-3
-1
-1
0
-1
-2
1
-4
-8
-7
-10
-7
-7
-10
-7
-9
-7
-5
1
-1
0
-1
-1
5
5
5
3
3
2
3
-4
-5
-5
-7
-6
-3
-4
-5
-1
-2
-6
-3
-5
-4
-5
-4
-4
-4
-2
-9
-8
-8
-7
-4
-4
-4
0
-2
1
2
-6
-5
-5
-4
-8
-15
-7
-7
-9
-9
-13
-10
-7
-4
-2
-7
-5
-1
-2
-5
-3
0
-5
-6
-8
-6
-6
-2
-2
-6
1
0
-3
-3
-4
-7
-4
-3
-2
-4
-2
-5
-5
-2
-7
-3
-6
-7
-7
-7
-5
-4
-3
-2
-4
-3
-1
-6
-5
-4
-6
-2
1
1
1
1
1
2
1
5
3
5
1
5
2
2
4
2
4
2
6
5
5
2
1
4
1
4
4
1
6
4
1
-1
-7
-9
-11
-5
-4
-7
-3
-1
-4
-5
-4
-4
-1
-1
-2
-2
-5
-1
0
-2
0
-3
1
-1
0
4
-3
-2
-1
-3
-2
3
2
3
2
2
4
1
4
-1
1
0
-1
-4
-3
-6
-6
-2
0
-1
1
-3
-6
-6
-7
-6
-10
-9
-6
-7
-9
-9
-7
-6
-12
-11
-11
-11
-14
-15
-11
-11
-7
-13
-15
-8
-11
-16
-13
-11
-6
-1
-1
3
4
2
5
8
6
5
4
5
7
7
8
5
3
6
6
7
9
8
12
10
10
12
8
9
10
9
6
9
10
8
6
3
6
7
4
4
2
-2
-2
-2
3
1
-3
4
-2
0
2
-2
2
3
7
6
1
7
9
5
8
5
5
7
10
11
9
11
10
10
11
15
16
16
12
17
21
14
15
8
13
12
6
5
4
5
5
10
8
7
7
7
11
8
5
6
6
3
6
7
4
7
1
6
0
-1
4
3
3
2
-1
2
3
5
4
3
7
2
7
3
2
0
0
-1
-5
-5
-7
-6
-3
-2
-3
0
0
4
6
6
7
-1
4
0
4
1
-3
0
-4
-2
-8
-4
-2
-2
-3
-2
-2
-3
-3
-1
0
-3
-1
-1
-1
-5
-11
-8
-8
-9
-7
-9
-6
-3
-7
-3
-3
-1
-4
-8
-11
-10
-12
-14
-11
-15
-8
-3
-5
-7
-4
-4
-2
3
7
11
3
8
8
7
7
2
4
4
6
2
3
4
9
8
2
10
10
9
9
7
4
9
13
12
11
7
10
8
10
10
7
4
2
0
0
1
3
0
8
4
5
5
10
5
1
8
3
7
8
9
5
5
5
2
6
7
6
5
9
9
10
8
6
9
7
8
9
5
8
3
3
4
4
5
6
4
3
4
5
6
6
6
8
6
7
6
8
8
3
5
6
7
5
9
13
12
9
7
6
8
7
6
5
5
10
4
2
2
1
1
5
5
1
1
-2
3
4
3
-2
-5
-3
0
-2
-8
-6
-4
-7
-6
-4
-4
-9
-9
-6
-6
-5
-5
-5
-7
-5
-12
-10
-7
-5
-5
-12
-8
-13
-13
-11
-12
-8
-10
-9
-11
-12
-7
-9
-10
-10
-7
-4
-7
-7
-5
0
-4
-6
-2
-3
-2
-6
-2
-4
-4
0
4
0
3
2
5
6
3
7
6
7
9
9
10
6
6
8
4
3
-2
0
2
-5
-3
0
3
2
8
6
5
11
6
1
1
1
0
-1
-2
5
5
0
3
9
14
7
6
12
14
8
1
5
9
9
1
-1
12
7
-1
2
5
0
-3
-3
3
5
-1
0
1
3
2
2
-4
-6
0
-4
-1
15
6
-6
-1
16
14
-7
-10
7
10
-11
-11
5
4
-7
-10
-1
4
-6
-5
-2
1
-4
-2
-1
-5
2
9
-6
-13
11
5
-10
-8
1
2
-8
-4
-4
-1
-3
-8
-13
-10
-5
-18
-23
-12
-12
-25
-26
-16
-14
-25
-20
-19
-20
-18
-29
-27
-11
-20
-29
-23
-19
-24
-28
-15
-15
-19
-25
-22
-17
-21
-24
-22
-10
-16
-22
-18
-12
-7
-17
-23
-7
-7
-21
-12
0
-1
-9
-12
-3
-5
-9
-11
-15
-8
-7
-25
-15
-1
-17
-24
-10
-2
-7
-18
-12
4
-8
-19
-7
-5
-17
-15
-3
-16
-22
1
0
-13
-19
2
8
-20
-14
2
-3
-20
-12
-1
-8
-7
-5
-19
-13
3
-16
-29
-12
14
-10
-31
0
10
-12
-20
2
13
-7
-24
-2
9
-5
-17
-2
16
-7
-16
0
8
-9
-19
1
9
-14
-14
0
14
-1
-15
2
11
0
-12
-8
11
14
-15
-10
19
15
-14
-16
12
19
-12
-24
6
14
-20
-29
5
-8
-40
-26
-2
-19
-35
-16
-8
-20
-6
-4
-22
-20
-10
-18
-29
-27
-16
-12
-32
-17
-15
-32
-31
-31
-25
-28
-30
-29
-26
-27
-38
-37
-25
-19
-31
-30
-18
-22
-24
-21
-25
-38
-17
-25
-33
-19
-19
-26
-13
-14
-23
-21
-13
-20
-22
-24
-19
-18
-23
-26
-24
-22
-22
-16
-40
-41
-15
-14
-36
-29
-1
-26
-25
-4
-18
-22
-9
-11
-17
-14
-22
-14
-2
-18
-31
-4
-8
-21
-23
-21
-15
-12
-23
-28
-13
-1
-22
-26
-6
0
-19
-23
-7
-1
-4
-18
-18
-7
9
-20
-36
6
6
-34
-33
1
3
-24
-31
-4
-4
-6
-20
-15
-4
2
-12
-27
2
14
-2
-25
4
17
-12
-10
4
10
8
-8
-1
8
11
-7
5
3
8
4
-8
5
5
11
-8
2
9
7
1
-5
14
13
-1
6
24
8
2
0
12
5
-19
-8
11
-20
-27
6
11
-23
-21
14
8
-16
-12
-6
-1
-1
-12
-28
-2
3
-33
-39
-4
0
-36
-44
-26
-6
-33
-57
-25
-9
-38
-49
-28
-23
-35
-41
-32
-27
-33
-35
-37
-35
-31
-34
-37
-29
-28
-35
-32
-31
-32
-24
-20
-20
-46
-31
-16
-30
-41
-38
-2
-14
-51
-23
-3
-23
-43
-36
-11
-17
-39
-37
1
-13
-53
-20
-4
-31
-48
-18
-27
-20
-28
-16
-10
-32
-16
-8
-20
-39
-14
-17
-30
-18
4
-35
-34
-14
-20
-30
-28
-5
-33
-40
-13
-20
-40
-27
-22
-14
-13
-21
-9
-7
-12
-7
-20
-17
-8
-19
1
-30
-17
7
-19
-41
-1
13
-39
-22
10
-9
-21
-15
-3
2
-19
-10
-10
22
-6
-22
20
22
-12
-13
19
6
-17
-5
13
-8
-20
13
-9
-22
22
-14
-22
20
12
-18
-14
22
-5
-17
-11
18
-6
-20
-14
14
13
-29
-17
18
11
-26
-20
7
21
-25
-28
13
-2
-38
-15
16
-23
-18
-20
13
-27
-38
-5
-9
-24
-15
-22
-16
-3
-29
-16
-5
-21
-17
-3
-38
-16
-9
-27
-44
-19
-1
-39
-48
0
-8
-70
-27
9
-44
-61
-13
-9
-35
-39
-12
-10
-36
-22
-11
-17
-43
-26
-19
-36
-32
-22
-24
-38
-24
-20
-31
-21
-27
-15
-30
-26
-17
-16
-36
-33
-2
-10
-39
-16
-6
-15
-16
-25
-6
-12
-14
-14
-23
-3
-13
-34
-7
-2
-19
-31
9
-6
-28
-9
-2
4
-31
-26
10
8
-45
-17
22
1
-33
-10
19
-6
-23
-6
10
-6
-16
-11
12
-10
-12
6
-6
-4
-16
10
1
-21
6
25
-23
-21
52
3
-38
18
44
-13
-32
20
41
-21
-20
41
30
-18
-15
47
24
-23
-6
18
15
-22
-23
20
15
-40
-16
3
-16
-18
-18
-5
-3
-16
-3
-8
-15
-2
-1
-12
-23
-3
-5
-15
-15
-5
1
-7
-43
20
0
-67
-4
5
-32
-62
-27
23
-72
-51
-1
-9
-60
-42
5
-37
-27
-24
-22
-13
-21
-43
-28
-20
-32
-52
-37
-16
-42
-64
-36
-5
-77
-34
-20
-21
-59
-37
-4
-53
-41
-30
-22
-42
-52
-9
-17
-67
-29
-16
-64
-37
-19
-64
-47
-26
-31
-65
-30
-40
-38
-33
-36
-42
-31
-28
-33
-26
-30
-16
-32
-22
-17
-16
-24
-26
-7
-29
-25
-30
-14
-20
-27
-30
1
-29
-18
-16
-14
-27
-23
-19
-25
-14
-34
-15
-21
12
-41
-35
22
-10
-51
-15
11
-12
-67
-15
17
-44
-39
-28
7
-30
-43
-23
-11
-15
-30
-13
5
-28
-13
1
-18
-11
-3
5
-28
10
-5
-18
-13
3
1
-29
3
1
-15
-1
-26
5
1
-12
-29
11
15
-19
-37
32
9
-46
7
-2
21
-28
-4
5
7
-35
0
-19
-19
-1
-30
-26
-5
8
-64
-5
-3
-18
-43
-11
-6
-22
-41
-3
-18
-39
-12
1
-59
-8
-3
-46
-35
-8
-23
-42
-32
-20
-36
-41
-14
-41
-32
-42
-20
-30
-46
-21
-27
-28
-34
-39
-18
-17
-42
-23
-16
-24
-50
-16
-37
-41
-35
-25
-51
-45
-9
-41
-55
-19
-1
-48
-39
-22
8
-61
-52
14
-11
-65
-34
12
-31
-71
-17
10
-59
-53
14
-25
-56
-47
5
-10
-74
-23
29
-47
-58
-1
13
-63
-39
4
-22
-41
-27
8
-30
-29
-31
3
-13
-42
-16
20
-17
-39
14
-5
-22
-30
9
-2
-24
-23
7
0
-30
-8
0
-11
-14
-12
5
-5
-26
4
9
-15
-19
17
-13
-16
-23
-1
-16
-24
-8
-24
-5
-20
-24
3
-15
-23
12
-13
-3
7
-21
-2
18
-1
-31
21
-10
-17
-24
33
-21
-36
22
2
-17
-4
-3
24
-3
-16
13
24
-2
-21
45
-11
0
2
1
1
-14
-18
30
-24
-37
12
6
-37
-40
35
4
-67
-7
38
-52
-54
27
-5
-62
-32
23
-33
-51
-14
9
-35
-45
-1
12
-49
-30
-8
-38
-24
-28
-50
-25
-35
-47
-44
-22
-27
-41
-27
-18
-34
-27
-26
-45
-24
-26
-37
-20
-15
-24
-27
-16
3
-14
-26
3
-2
-27
-16
-7
0
-43
-28
6
-7
-67
8
1
-46
-31
12
-10
-45
-23
7
5
-65
-9
4
-15
-64
-9
7
-44
-27
-22
15
-9
-34
7
11
-19
-1
-8
22
3
-42
20
21
-39
-39
55
-23
-51
9
26
-20
-24
7
30
-11
-23
12
24
-18
-17
20
11
-33
39
16
-22
11
11
20
-13
-3
18
26
-48
27
9
3
-3
-4
19
7
-21
14
-11
-4
-8
-19
-2
3
-14
-9
8
11
-36
30
6
-24
-6
7
8
-23
-26
44
-4
-40
14
39
-39
-2
6
-10
-17
-8
-8
-11
1
-13
6
-18
-14
22
-41
-15
15
-7
-43
41
-32
-32
13
-6
-52
-16
21
-45
-34
-5
-4
-57
-3
-31
-23
-19
-37
-35
-3
-38
-51
-3
-33
-48
8
-51
-18
-18
-18
-36
-24
-35
-25
-11
-69
-1
-34
-55
-20
-8
-46
-25
-25
-38
-2
-23
-19
-24
2
2
-25
-32
30
-25
-26
-21
10
-23
-48
-27
17
-34
-54
5
4
-23
-53
31
26
-54
-3
31
-10
-17
-17
35
-28
-25
11
-18
6
-31
8
-19
9
-16
-27
-20
16
-12
-47
15
-1
-41
5
-5
-23
14
-2
13
-29
43
-7
-14
30
-6
-14
29
-20
-14
17
3
-54
22
36
-63
-10
52
0
-57
-8
64
-40
-30
7
72
-54
-61
73
19
-70
-15
65
-27
-51
21
18
-43
-23
-12
9
-21
-27
9
-2
-30
-10
9
-12
-37
4
-4
-42
-14
40
-28
-51
40
5
-33
-18
13
-19
-25
-16
-35
-12
6
-31
-42
46
-34
-46
-18
19
-26
-70
-4
19
-38
-80
21
-5
-22
-74
25
18
-68
-41
44
-16
-66
-1
43
-47
-51
54
-31
-44
-8
5
-27
-8
-26
1
-4
-31
-28
12
-1
-55
-10
19
-41
-52
10
22
-70
-32
34
30
-73
-33
62
6
-75
-13
55
-16
-55
-25
31
-8
-91
12
25
-46
-57
13
30
-69
-33
42
-3
-70
25
38
-38
-37
39
22
-39
-20
32
-7
-26
18
-13
-33
23
-2
-19
-22
28
-13
-20
-2
27
-20
-10
19
-28
21
24
-49
28
24
-34
4
39
-50
29
6
0
-18
-21
58
-29
-55
71
25
-100
38
77
-55
-48
84
20
-55
17
42
-22
-28
14
11
-13
-32
-9
27
-10
-46
-1
28
0
-39
-19
46
-8
-57
-8
44
-26
-35
5
15
3
-29
4
-2
6
-26
-21
4
25
-47
-43
69
-41
-33
9
21
-27
-35
33
11
-47
-38
49
-17
-44
-55
80
5
-163
39
111
-122
-107
95
43
-143
-50
125
-13
-161
40
96
-75
-76
40
76
-73
-65
61
32
-105
-61
90
-14
-117
15
54
-41
-82
29
47
-78
-41
34
42
-67
-59
62
17
-91
-28
68
-13
-104
33
58
-42
-92
38
99
-108
-44
91
26
-84
-15
78
-19
-64
18
37
-23
-51
13
36
-59
-32
41
0
-75
13
54
-32
-22
51
37
-41
21
86
-32
-11
65
17
8
26
30
6
34
14
-5
5
7
-12
-10
-6
0
-2
-34
7
16
-5
0
45
2
24
25
8
19
43
20
-20
45
45
-3
-22
44
45
-54
15
62
-30
-52
38
19
-53
-7
56
-24
-11
52
2
3
-4
10
-2
-4
-32
-8
16
-49
-23
28
-4
-59
1
33
-50
-39
55
16
-58
30
64
-59
0
50
-43
-13
39
-27
-30
-12
19
-37
-47
53
10
-47
0
49
-22
-44
10
22
-13
-28
18
18
-35
-24
3
15
-31
-53
37
15
-49
-28
39
-24
-68
38
12
-47
-13
24
-33
-22
11
-30
-21
16
-8
8
16
-35
15
34
-33
-24
56
-14
-28
9
30
-18
-41
12
-15
-50
-14
11
-36
-13
28
-26
-20
25
8
-23
17
57
-3
-14
36
30
-8
-2
40
7
-42
13
26
-32
-16
34
16
-23
0
30
-8
-43
5
30
-3
-9
16
36
-21
-14
51
34
-29
24
87
18
-24
38
48
-14
21
55
14
7
14
24
17
26
23
16
22
28
14
18
9
-4
7
12
3
3
17
-13
-11
28
2
-2
9
21
25
-3
20
34
2
-7
29
38
-7
3
52
1
-16
37
30
-29
2
40
-6
-31
9
1
-25
-12
5
5
-11
-18
-11
7
-18
-33
2
5
-26
-10
11
-38
-36
-5
-34
-33
-17
-39
-32
-26
-41
-40
-24
-43
-72
-38
-32
-81
-74
-53
-66
-79
-62
-60
-94
-99
-78
-67
-109
-100
-88
-104
-107
-107
-105
-126
-142
-122
-112
-119
-111
-91
-75
-54
13
63
86
96
128
177
179
186
222
201
192
208
200
170
128
97
73
38
25
3
-46
-56
-69
-97
-101
-96
-101
-109
-96
-64
-57
-46
-28
-10
17
33
60
103
140
141
164
181
184
187
178
189
186
164
156
136
115
70
29
11
-3
-39
-61
-66
-86
-117
-108
-108
-107
-92
-81
-54
-44
-31
-8
-11
-1
15
32
34
16
25
21
-16
-29
-18
-43
-68
-61
-69
-94
-117
-113
-107
-115
-114
-122
-98
-106
-121
-105
-92
-104
-110
-64
-56
-89
-82
-69
-90
-104
-95
-115
-139
-147
-149
-187
-234
-258
-288
-320
-309
-199
-18
91
38
48
173
210
198
311
403
332
330
453
446
285
202
180
96
62
79
32
-91
-179
-203
-232
-259
-267
-262
-244
-213
-150
-99
-75
-76
-57
12
97
152
198
212
192
201
213
221
190
140
133
120
88
53
23
-44
-126
-144
-139
-135
-176
-200
-210
-203
-205
-183
-149
-114
-61
19
77
102
129
165
202
231
267
294
284
269
244
208
153
104
66
31
-6
-51
-102
-150
-165
-180
-177
-145
-119
-116
-91
-60
-54
-32
10
29
35
53
65
47
15
-4
-26
-51
-60
-78
-111
-133
-152
-164
-172
-173
-184
-180
-154
-127
-106
-112
-107
-99
-75
-61
-60
-54
-73
-107
-105
-108
-132
-145
-161
-178
-214
-231
-250
-290
-258
-116
93
217
164
131
216
293
292
359
451
402
327
373
398
252
75
24
-1
-45
-49
-70
-151
-269
-336
-306
-254
-227
-211
-157
-101
-36
38
85
102
101
149
236
309
319
266
212
165
138
125
90
16
-60
-110
-143
-164
-191
-242
-295
-311
-266
-198
-179
-197
-185
-141
-89
-31
51
91
89
102
161
202
179
166
218
267
244
232
222
152
88
68
70
42
-6
-40
-75
-112
-155
-166
-155
-138
-104
-68
-22
-9
-3
13
39
82
107
138
141
118
89
54
20
-32
-70
-101
-142
-165
-197
-249
-271
-267
-260
-257
-221
-185
-175
-145
-101
-71
-46
-13
10
-14
-24
-21
-46
-72
-117
-147
-171
-194
-225
-288
-353
-412
-422
-402
-398
-303
-11
267
235
89
209
413
423
427
593
659
513
434
503
433
163
-26
-28
1
-73
-172
-228
-324
-477
-509
-380
-272
-269
-226
-111
-16
46
129
204
230
274
371
475
512
435
321
247
212
173
113
18
-90
-182
-241
-289
-310
-321
-373
-427
-380
-250
-203
-231
-202
-100
-16
57
154
245
253
219
251
334
334
253
199
209
171
84
40
-5
-29
-40
-45
-39
-63
-117
-138
-87
-38
-41
0
61
82
106
138
154
128
142
164
174
171
139
100
48
13
-6
-37
-63
-114
-147
-169
-203
-212
-251
-276
-266
-245
-217
-212
-200
-176
-148
-102
-67
-35
21
47
51
54
67
71
42
8
-30
-58
-109
-165
-202
-228
-267
-301
-297
-297
-324
-342
-329
-331
-363
-373
-300
-18
362
472
291
220
409
525
472
507
616
556
384
360
398
218
-122
-298
-214
-138
-223
-322
-350
-429
-536
-476
-259
-132
-134
-105
43
215
286
310
331
348
371
434
513
481
313
148
85
75
32
-68
-195
-302
-363
-384
-361
-304
-317
-387
-384
-225
-62
-41
-62
10
140
212
259
336
361
269
206
273
335
259
116
42
19
-38
-113
-146
-183
-222
-211
-142
-80
-73
-102
-83
24
152
220
265
295
305
295
306
320
268
195
152
133
105
26
-83
-163
-207
-220
-215
-199
-204
-250
-253
-205
-163
-134
-116
-87
-57
-37
-30
-16
1
-14
-37
-17
26
16
-51
-112
-124
-106
-100
-111
-127
-144
-174
-188
-189
-197
-218
-240
-238
-221
-221
-241
-270
-298
-318
-303
-311
-284
-3
403
471
191
113
372
499
404
413
557
547
334
247
334
246
-106
-333
-189
-37
-171
-352
-354
-326
-421
-441
-231
-8
-16
-96
29
265
333
266
280
374
381
348
397
411
290
88
-10
24
15
-111
-260
-319
-324
-364
-359
-262
-212
-311
-379
-224
-8
27
-32
48
216
253
215
263
334
283
163
193
302
266
90
-28
-25
-42
-137
-175
-135
-154
-229
-182
-49
-9
-38
2
139
249
301
316
351
373
354
350
370
351
252
133
94
66
-20
-110
-176
-186
-191
-199
-192
-184
-188
-217
-181
-90
-37
-34
-43
-16
-4
-28
-39
-31
-39
-89
-111
-56
-37
-88
-153
-156
-115
-94
-94
-87
-89
-118
-144
-144
-133
-155
-200
-211
-191
-162
-181
-216
-271
-307
-305
-301
-310
-327
-45
419
515
182
41
359
574
444
363
535
644
412
216
297
317
-25
-387
-261
24
-42
-326
-372
-227
-271
-372
-242
59
165
43
73
328
482
369
250
291
335
306
272
262
209
29
-164
-218
-159
-194
-350
-435
-357
-266
-256
-203
-101
-99
-168
-91
172
324
245
186
272
323
226
181
230
213
56
-45
25
53
-92
-280
-290
-211
-224
-256
-174
-37
-5
-34
75
273
367
352
372
442
455
432
388
333
274
185
98
35
-16
-102
-208
-254
-236
-200
-205
-212
-164
-91
-40
-15
47
117
132
130
135
123
76
19
-51
-111
-143
-184
-223
-266
-296
-300
-253
-213
-205
-198
-149
-73
-34
-17
2
12
10
-11
-25
-47
-87
-121
-132
-133
-190
-262
-306
-335
-389
-440
-323
44
406
396
120
94
350
482
389
373
529
591
439
297
309
253
-52
-323
-229
7
-5
-219
-286
-201
-188
-260
-197
17
146
108
101
286
461
406
236
178
259
320
275
196
153
75
-93
-217
-206
-190
-294
-414
-412
-302
-200
-170
-189
-220
-201
-99
50
164
204
222
237
223
205
217
208
133
60
51
78
65
-34
-152
-218
-218
-213
-178
-102
-47
-22
6
77
176
262
297
311
332
357
380
379
330
248
169
126
70
15
-30
-106
-164
-175
-151
-139
-152
-138
-114
-68
-7
36
67
82
81
65
72
67
25
-43
-110
-133
-137
-179
-247
-285
-281
-260
-253
-234
-206
-192
-175
-140
-85
-61
-62
-50
-31
-19
-18
-26
-42
-70
-87
-97
-96
-101
-168
-234
-264
-279
-293
-308
-211
56
324
306
107
124
337
433
367
373
494
538
427
287
270
258
63
-183
-203
-52
-2
-124
-251
-265
-217
-215
-216
-92
79
117
77
154
350
437
327
202
207
305
333
261
200
140
17
-123
-177
-179
-222
-294
-358
-347
-246
-149
-147
-238
-266
-154
-1
70
63
119
193
158
112
171
279
233
71
21
120
184
81
-57
-87
-74
-105
-142
-91
-2
6
-23
29
148
192
122
65
114
208
238
225
234
242
184
105
74
67
37
-12
-17
3
2
-29
-63
-89
-104
-105
-76
-29
-3
-9
-32
-59
-88
-112
-133
-165
-189
-190
-169
-157
-169
-188
-172
-141
-138
-154
-141
-96
-68
-80
-79
-39
-15
-38
-92
-111
-117
-142
-169
-183
-164
-154
-179
-235
-273
-274
-290
-328
-321
-170
130
351
297
129
157
340
430
391
387
467
480
369
261
254
215
23
-184
-214
-120
-89
-162
-246
-276
-262
-230
-180
-99
-22
33
76
159
275
363
367
264
164
184
255
254
178
91
35
-36
-126
-200
-231
-238
-272
-319
-267
-131
-77
-151
-209
-144
-18
23
35
97
174
164
113
141
216
216
112
39
47
77
59
21
-6
-37
-86
-100
-65
-8
44
61
49
37
89
165
178
135
99
132
189
219
221
195
151
70
15
25
67
51
-29
-73
-77
-53
-58
-97
-133
-143
-133
-119
-88
-78
-107
-164
-197
-183
-151
-131
-157
-173
-164
-132
-102
-83
-85
-115
-122
-91
-35
-20
-50
-84
-96
-79
-71
-104
-144
-170
-186
-200
-204
-194
-196
-235
-269
-279
-270
-285
-295
-161
107
294
260
166
223
347
372
341
369
449
458
372
295
280
231
69
-106
-172
-144
-123
-126
-148
-197
-221
-201
-155
-120
-75
-13
53
114
164
237
273
222
122
99
158
177
139
78
46
3
-62
-128
-153
-144
-171
-219
-207
-124
-65
-96
-141
-131
-101
-85
-73
-22
31
38
22
37
75
91
68
33
11
13
45
83
89
66
54
61
84
97
129
166
158
139
142
178
182
144
99
79
86
94
89
75
53
11
-37
-47
-18
-1
-15
-39
-45
-31
-20
-18
-30
-37
-35
-35
-41
-46
-62
-93
-131
-169
-182
-181
-172
-174
-189
-198
-177
-135
-121
-129
-125
-101
-77
-64
-50
-47
-55
-65
-66
-76
-102
-113
-119
-130
-157
-179
-194
-220
-247
-285
-311
-294
-183
18
164
170
121
145
248
317
329
340
388
432
409
357
332
307
205
47
-62
-74
-39
-47
-104
-158
-167
-167
-162
-156
-142
-115
-87
-24
52
127
163
142
99
87
113
137
137
124
107
85
51
15
-32
-70
-105
-120
-101
-80
-80
-77
-80
-100
-118
-123
-106
-83
-62
-57
-42
-13
15
20
12
-4
-17
-18
-2
29
47
53
47
96
151
183
178
171
181
175
194
196
185
162
117
88
52
42
17
-14
-24
-52
-58
-61
-42
-40
-52
-49
-41
-15
15
21
28
38
34
13
-4
-14
-35
-77
-113
-141
-160
-174
-198
-216
-219
-216
-201
-171
-150
-140
-129
-109
-84
-56
-51
-57
-49
-28
-21
-32
-43
-56
-73
-98
-116
-138
-146
-149
-178
-205
-205
-204
-221
-257
-237
-100
89
176
129
103
191
287
325
325
338
382
391
347
295
289
259
146
18
-46
-39
-16
-47
-132
-178
-148
-128
-143
-146
-98
-47
-31
-5
50
113
133
95
74
109
143
141
120
104
84
76
51
11
-5
-2
-23
-60
-67
-36
-23
-50
-82
-88
-67
-65
-77
-66
-46
-48
-51
-22
14
16
-6
-17
-1
18
31
43
82
143
183
201
198
185
180
195
223
217
188
169
162
134
77
16
-19
-33
-55
-71
-55
-34
-42
-61
-64
-42
-9
11
7
20
59
94
83
57
34
4
-42
-97
-122
-110
-117
-170
-225
-231
-208
-201
-217
-212
-167
-125
-100
-82
-57
-29
-30
-45
-38
-7
18
20
-8
-43
-68
-78
-92
-133
-165
-169
-165
-181
-221
-244
-242
-256
-291
-257
-78
134
204
132
116
215
320
333
318
362
414
409
349
314
315
262
145
16
-52
-39
-16
-43
-110
-154
-140
-119
-135
-135
-80
-31
-20
-10
52
146
171
114
61
79
127
128
112
113
103
76
34
13
14
9
-27
-61
-42
-13
-14
-39
-60
-77
-88
-93
-88
-77
-68
-64
-46
-24
-15
-12
-5
4
6
15
44
90
119
120
109
110
155
212
265
272
242
211
189
204
182
139
92
46
23
5
27
10
-25
-70
-96
-74
-46
-11
5
15
17
37
79
105
98
63
33
14
-1
-10
-32
-85
-138
-192
-227
-219
-204
-200
-213
-206
-181
-147
-116
-101
-85
-59
-32
-1
25
43
44
33
-4
-43
-60
-63
-81
-103
-121
-132
-140
-155
-184
-237
-265
-270
-270
-265
-242
-131
49
185
171
111
157
262
329
332
337
391
440
408
317
262
255
192
77
-6
-22
3
-5
-70
-134
-152
-142
-143
-141
-91
-38
0
25
51
96
135
140
113
104
119
148
166
166
150
134
111
67
22
15
17
-4
-23
-33
-29
-46
-83
-103
-117
-120
-118
-91
-55
-49
-48
-32
0
9
8
18
37
54
67
91
121
120
95
66
83
144
168
168
156
151
143
131
130
108
90
65
60
69
70
55
12
-16
-38
-40
-16
10
32
22
15
24
51
84
82
45
20
16
4
-17
-46
-71
-100
-138
-181
-190
-163
-151
-174
-197
-187
-144
-120
-109
-107
-77
-55
-42
-38
-20
-4
-12
-28
-51
-63
-71
-76
-93
-106
-118
-117
-112
-126
-151
-168
-162
-158
-161
-154
-157
-172
-184
-118
55
218
221
138
139
239
312
314
301
325
353
332
266
231
234
193
95
-11
-44
-12
11
-31
-115
-148
-120
-102
-104
-81
-27
13
2
7
56
127
139
97
80
119
170
182
171
143
120
88
55
22
11
2
-28
-59
-68
-71
-90
-118
-153
-165
-157
-135
-88
-46
-29
-33
-14
13
35
51
76
96
104
112
128
133
126
96
59
33
35
86
133
162
143
106
89
79
86
97
98
90
84
101
105
93
53
12
-8
-1
31
68
88
67
25
-1
-7
-3
3
-14
-39
-58
-63
-61
-73
-103
-144
-180
-196
-172
-138
-125
-140
-149
-141
-116
-99
-91
-91
-97
-85
-46
-9
-3
-7
-34
-64
-81
-85
-73
-78
-90
-101
-111
-120
-133
-154
-173
-173
-168
-153
-139
-137
-166
-216
-183
-17
201
273
189
141
222
323
359
356
374
397
381
312
266
271
247
137
7
-51
-28
6
-30
-123
-182
-161
-116
-99
-79
-35
0
-1
1
53
147
205
174
133
151
204
220
185
135
107
88
40
-4
-12
-14
-62
-147
-167
-127
-107
-141
-177
-162
-129
-100
-75
-31
1
8
8
30
85
127
138
119
98
104
125
136
122
79
39
18
8
-7
19
84
110
85
53
68
102
132
137
118
140
160
174
159
134
105
63
49
51
67
63
31
-19
-52
-38
-28
-27
-42
-56
-71
-79
-74
-77
-71
-93
-130
-161
-144
-102
-106
-139
-169
-158
-124
-98
-97
-97
-84
-84
-88
-74
-36
-12
-19
-63
-97
-91
-64
-62
-97
-120
-116
-110
-123
-150
-146
-137
-139
-141
-143
-128
-128
-153
-180
-192
-158
-24
187
313
262
150
150
266
351
367
366
396
388
307
231
204
178
76
-45
-87
-45
-14
-59
-148
-214
-233
-194
-120
-42
1
6
10
36
101
173
202
179
146
147
180
202
166
106
36
-17
-43
-61
-76
-106
-165
-221
-211
-145
-111
-149
-195
-172
-116
-80
-54
-4
48
48
45
75
135
162
120
68
72
99
106
87
45
11
-20
-52
-59
-42
-40
-60
-90
-43
53
129
144
118
117
153
230
250
239
224
189
170
124
122
111
81
16
-60
-82
-76
-61
-103
-146
-141
-109
-69
-73
-81
-95
-96
-100
-86
-60
-52
-68
-111
-127
-133
-117
-110
-136
-152
-143
-106
-86
-82
-95
-106
-99
-94
-74
-66
-66
-76
-79
-71
-71
-89
-117
-125
-132
-127
-130
-124
-101
-100
-104
-100
-85
-84
-100
-112
-116
-113
-90
28
236
339
229
83
115
258
334
312
280
299
295
218
125
92
78
19
-72
-93
-42
-11
-67
-191
-257
-203
-86
-9
4
8
21
27
40
92
163
184
136
79
100
157
146
54
-33
-50
-38
-20
-42
-85
-127
-174
-195
-155
-66
-40
-91
-136
-101
-14
34
44
43
39
39
53
89
122
104
41
-1
16
57
71
31
-39
-83
-88
-65
-54
-55
-76
-84
-85
-54
58
140
154
105
84
135
215
284
253
198
150
124
120
85
57
-6
-65
-102
-106
-86
-102
-140
-198
-186
-119
-61
-36
-52
-55
-50
-24
-6
2
-8
-40
-65
-78
-64
-66
-94
-132
-151
-138
-110
-101
-136
-158
-144
-106
-63
-47
-59
-92
-101
-78
-43
-22
-39
-53
-67
-79
-88
-96
-98
-102
-100
-86
-72
-79
-99
-115
-139
-123
-93
-82
-106
-147
-119
44
241
248
99
27
117
255
291
245
225
234
190
100
63
71
35
-51
-107
-78
-35
-65
-151
-223
-192
-83
2
32
32
26
20
35
79
141
170
140
85
78
107
101
20
-60
-74
-38
-9
-27
-74
-129
-163
-169
-118
-27
24
-13
-90
-77
13
65
50
24
47
78
66
48
52
50
11
-33
-33
8
21
-33
-106
-133
-109
-68
-57
-63
-62
-42
-30
-33
-22
18
138
203
225
200
165
158
165
203
175
150
97
17
-5
-58
-65
-116
-133
-135
-125
-76
-116
-114
-126
-75
-2
38
91
69
53
17
11
32
32
31
-27
-66
-94
-93
-101
-134
-159
-174
-145
-120
-116
-131
-137
-123
-89
-48
-26
-33
-58
-65
-50
-6
13
8
-23
-62
-66
-66
-70
-62
-52
-58
-82
-92
-98
-106
-105
-96
-56
-23
-36
-83
-131
-133
-143
-131
4
198
238
57
-81
1
189
253
164
140
216
229
128
21
10
36
23
-1
11
24
-33
-158
-223
-137
10
74
44
-2
-4
31
49
55
77
121
128
101
95
92
59
-16
-48
-6
52
44
-56
-145
-168
-123
-98
-91
-55
-22
-37
-95
-95
-23
22
-8
-28
29
86
63
-9
-38
5
42
46
32
24
4
-37
-68
-65
-26
-13
-20
-43
-51
-41
-34
-69
-63
-27
89
182
170
124
52
90
149
206
209
156
117
37
31
8
-22
-30
-68
-18
-25
-14
-68
-122
-85
-18
86
80
70
48
18
48
23
20
14
10
-17
-88
-119
-136
-133
-151
-147
-114
-88
-88
-137
-162
-126
-63
-30
-32
-34
-25
-25
-49
-51
-29
-12
-13
-20
-39
-58
-78
-107
-97
-48
-17
-38
-96
-116
-104
-85
-72
-73
-59
-57
-43
-68
-96
-96
-103
-98
-116
-57
77
176
113
-39
-49
102
240
217
123
132
197
187
99
29
28
52
71
65
28
-21
-63
-99
-82
-1
54
32
-17
-26
5
52
57
33
27
76
122
93
44
18
13
20
35
33
3
-43
-95
-105
-94
-61
-66
-84
-62
-34
-43
-88
-86
-36
-4
12
39
57
29
-11
-6
44
85
72
25
-13
-9
-15
-29
-42
-40
-41
-47
-29
-24
-30
-48
-40
-2
44
88
90
73
74
105
132
146
149
143
149
127
93
66
64
75
59
34
7
-7
-20
-35
-31
-14
5
-7
-15
-14
-18
-18
-19
-10
-1
14
10
-18
-53
-76
-76
-61
-44
-61
-82
-87
-82
-88
-104
-98
-72
-37
-20
-28
-54
-70
-57
-34
0
27
26
-3
-39
-44
-29
-7
0
6
7
-18
-56
-96
-106
-97
-88
-70
-59
-56
-87
-120
-114
-77
-29
-14
-29
-38
-49
-58
-69
-29
87
181
173
66
19
93
177
154
76
95
169
164
66
-43
-82
-53
22
44
-6
-69
-88
-71
-61
-29
9
33
43
65
79
66
40
32
56
103
146
130
59
4
-3
14
27
17
-5
-34
-53
-73
-89
-110
-102
-65
-12
17
-12
-59
-68
-21
21
32
39
59
48
15
4
15
20
17
18
28
19
-11
-51
-76
-57
-26
-4
-2
-1
21
34
28
33
64
99
117
116
99
83
81
84
78
85
99
88
56
25
18
22
25
32
40
41
23
0
-12
4
36
44
42
40
53
49
25
12
8
5
1
8
10
-15
-59
-75
-66
-58
-65
-84
-92
-86
-83
-83
-86
-75
-58
-49
-51
-46
-36
-34
-38
-35
-22
-15
-16
-29
-31
-20
1
12
7
-2
-5
1
-5
-9
-15
-2
10
-3
-30
-49
-50
-41
-31
-27
-20
-29
-54
-68
-72
-71
-82
-106
-121
-102
-47
11
28
-7
-39
3
94
135
99
79
139
192
160
108
78
71
86
122
122
45
-10
8
31
15
-3
-5
-11
-2
16
16
-12
-17
23
53
48
32
42
55
51
55
43
24
16
17
16
-8
-30
-41
-41
-24
0
10
-16
-52
-42
-3
20
-1
-13
8
32
29
0
-9
2
40
51
22
-5
-15
-3
3
4
11
8
-4
-5
12
26
22
13
22
48
70
74
59
45
67
99
105
87
87
109
120
107
91
81
79
84
75
50
36
23
17
15
19
37
37
14
0
6
13
11
2
0
-3
-10
-21
-24
-38
-50
-57
-52
-49
-59
-61
-70
-78
-73
-69
-56
-41
-29
-32
-47
-44
-18
-8
-12
-10
-4
-1
-20
-38
-41
-31
-13
4
-2
-22
-35
-38
-33
-25
-16
-8
-7
-6
-12
-18
-21
-18
-10
2
12
11
2
-12
-7
4
5
-2
-13
-22
-33
-55
-69
-45
-17
0
6
14
17
17
15
18
44
85
98
69
52
54
69
77
93
85
65
64
64
53
27
27
44
44
30
25
28
16
0
9
38
45
46
52
57
45
26
27
30
37
44
44
23
10
15
3
-12
-14
8
20
-1
-15
-15
-12
-16
-14
-2
-1
-1
2
6
0
-1
12
2
-14
2
29
22
-1
-9
10
20
29
34
26
17
28
36
29
19
38
47
27
15
23
38
38
36
42
60
75
66
56
59
66
75
73
67
61
67
56
32
31
40
42
18
9
15
10
-4
-24
-27
-28
-24
-28
-40
-40
-31
-23
-43
-57
-47
-35
-38
-47
-46
-42
-40
-40
-37
-34
-36
-32
-25
-22
-11
-4
-14
-31
-27
-13
-3
-9
-11
-8
-19
-25
-15
-11
-13
-9
-5
-7
-16
-25
-31
-22
-22
-19
-16
-16
-16
-24
-30
-35
-22
-13
-7
-18
-31
-39
-44
-46
-59
-64
-63
-52
-31
-11
-8
-11
-11
3
18
43
76
79
60
50
70
84
77
80
97
93
84
83
69
49
53
79
76
56
48
49
43
38
51
55
50
47
60
60
49
43
43
42
46
55
57
42
34
34
38
34
34
47
42
16
0
1
4
2
-5
2
-7
-17
-16
-13
-14
-18
-8
-9
-20
-20
-11
-9
-30
-30
-25
-24
-26
-15
-4
3
-2
-11
-10
-11
14
35
33
13
9
33
43
46
47
52
50
49
50
51
56
60
58
51
49
61
68
60
48
48
52
46
49
55
50
32
8
1
11
16
10
-3
-20
-23
-21
-29
-37
-32
-23
-36
-46
-48
-48
-51
-49
-39
-38
-42
-47
-47
-47
-38
-28
-25
-20
-20
-21
-27
-28
-20
-9
-10
-15
-21
-26
-28
-29
-32
-25
-34
-38
-39
-41
-46
-49
-50
-49
-37
-35
-37
-37
-35
-23
-14
-8
-7
-5
1
-1
-10
-17
-8
-12
-18
-24
-31
-21
-10
6
25
27
28
27
34
54
81
85
65
52
71
87
85
76
82
82
73
77
75
60
55
57
54
39
28
39
40
35
24
29
27
18
23
29
32
21
11
12
19
25
22
17
6
7
13
1
-15
-13
-1
-5
-21
-23
-18
-18
-17
-16
-16
-26
-22
-19
-17
-23
-26
-19
-28
-34
-14
-5
-14
-14
-9
-1
0
6
19
25
32
35
42
43
38
46
50
51
50
53
54
50
42
40
38
37
39
46
39
27
29
33
32
29
31
34
32
28
30
27
22
23
29
25
22
22
12
2
0
5
5
-8
-17
-17
-21
-30
-38
-40
-49
-49
-45
-51
-58
-54
-48
-52
-60
-50
-35
-32
-37
-35
-26
-23
-24
-19
-14
-18
-12
-14
-14
-12
-10
-13
-18
-14
-7
-7
-13
-15
-12
-6
0
1
-6
-8
-8
-8
-8
-5
-3
-2
-7
-10
-3
1
0
-1
-2
-1
-3
-7
-4
-15
-16
-16
-16
-24
-25
-19
-8
5
26
34
31
31
47
64
79
91
83
73
74
86
83
76
74
67
62
50
34
27
23
15
13
9
12
7
10
18
19
29
33
43
52
60
59
64
65
66
69
70
70
68
56
45
36
28
23
22
17
9
-6
-13
-7
-5
2
-1
-6
-15
-8
14
20
11
4
12
12
16
15
10
9
17
25
26
19
12
8
9
19
30
27
12
11
15
19
15
17
20
25
38
36
29
27
29
40
41
40
40
39
44
35
29
26
29
31
28
22
14
16
21
25
24
16
15
8
9
14
14
12
4
9
8
3
-12
-18
-17
-17
-16
-25
-40
-40
-27
-24
-31
-33
-28
-25
-18
-13
-15
-18
-17
-11
-6
-3
-3
-6
-13
-19
-20
-10
-10
-12
-10
-15
-11
-13
-12
-6
-4
1
3
10
13
9
8
10
17
23
20
21
20
19
21
16
18
20
13
6
7
-2
-5
-2
-4
1
3
-1
0
4
6
25
41
52
52
50
57
67
67
74
85
72
61
65
67
53
49
55
46
44
47
43
35
35
40
39
43
46
56
62
62
59
61
62
69
77
86
71
61
61
63
64
63
59
48
41
30
28
22
22
32
35
26
16
5
4
9
9
13
10
2
3
10
1
-7
-10
-3
-3
-7
4
5
5
7
13
4
6
18
24
28
27
25
28
29
34
41
38
41
37
37
42
49
43
41
49
43
44
40
41
45
36
38
36
39
45
42
43
41
45
40
38
41
41
37
25
22
22
10
8
1
0
0
-7
-18
-25
-20
-20
-24
-31
-34
-32
-32
-34
-36
-39
-32
-30
-38
-41
-38
-38
-39
-45
-37
-30
-28
-31
-33
-26
-24
-20
-17
-11
-4
-4
0
3
5
7
3
11
21
21
13
10
10
14
13
4
2
-1
1
3
2
3
-6
-9
-1
-2
-2
-5
3
11
8
4
5
11
11
14
11
9
12
-1
-2
2
6
14
25
33
34
35
32
33
46
51
55
58
52
56
52
49
52
56
59
56
53
42
47
47
45
47
43
45
40
39
45
54
46
43
47
50
51
45
35
28
33
35
31
25
21
15
16
10
0
-5
-10
-11
-21
-25
-25
-24
-28
-33
-34
-38
-43
-46
-38
-34
-33
-35
-21
-17
-19
-16
-10
-3
3
7
12
14
13
23
27
31
22
18
27
31
33
37
41
41
45
49
47
41
45
48
54
59
54
52
51
51
49
48
52
49
43
47
37
34
30
20
16
14
10
2
-4
-6
-16
-21
-21
-26
-26
-29
-35
-40
-43
-47
-44
-44
-45
-48
-48
-50
-57
-62
-63
-61
-57
-59
-60
-54
-53
-48
-45
-40
-39
-32
-26
-23
-22
-19
-14
-4
4
7
9
12
19
17
11
15
21
30
30
29
31
27
30
35
37
34
40
42
33
29
25
24
30
29
30
24
26
17
16
18
16
20
21
18
6
3
5
8
6
9
10
0
-3
-11
-14
-6
-3
-4
-7
-4
4
6
1
5
11
15
22
23
26
29
22
19
25
37
41
40
43
40
35
39
39
36
38
41
39
34
36
35
33
36
38
41
39
36
35
35
37
39
40
33
32
27
27
23
19
20
19
19
13
10
-1
-4
-4
-5
-2
-5
-7
-7
-6
-4
-11
-7
-10
-7
-3
-10
-7
-6
-5
-2
-7
-8
-4
-3
-2
-7
1
1
-2
1
5
2
-2
2
0
1
-3
-5
6
2
4
5
-2
-1
4
7
9
9
12
15
9
10
9
7
5
6
1
2
5
-1
-4
-2
0
-4
-6
-1
-4
-5
-3
0
1
-2
-5
-6
-6
-6
-9
-12
-16
-12
-13
-12
-10
-9
-6
-3
-4
-4
-4
0
8
5
9
8
6
8
5
9
8
10
16
13
12
10
17
13
15
12
15
14
12
13
8
7
11
14
14
17
16
18
19
20
21
29
30
32
33
32
26
28
31
36
39
35
30
26
32
31
33
35
38
40
36
37
39
40
39
40
41
37
38
39
41
37
38
35
31
28
26
26
21
20
13
11
13
14
13
8
7
11
8
4
4
5
5
2
4
4
5
1
2
2
5
4
-3
-5
-5
-3
-3
-3
0
3
0
1
-3
-2
-1
2
5
5
8
9
5
7
7
8
13
13
9
7
12
13
4
1
0
0
-4
-2
1
-5
-5
-8
-3
-3
-1
-4
-4
-4
-6
-10
-15
-10
-12
-10
-11
-9
-12
-16
-17
-20
-16
-16
-16
-20
-19
-22
-21
-22
-22
-20
-19
-15
-16
-14
-18
-19
-15
-19
-13
-11
-14
-19
-17
-19
-18
-17
-13
-9
-13
-11
-9
-12
-10
-4
0
8
7
4
2
7
8
10
13
19
20
17
15
19
19
22
18
18
21
23
25
17
23
17
18
21
20
22
21
12
11
11
12
5
-1
5
4
2
-1
-2
-3
-1
-2
-10
-11
-9
-10
-7
-5
-8
-13
-11
-8
-10
-11
-13
-14
-10
-11
-12
-12
-15
-14
-17
-19
-17
-16
-12
-13
-14
-14
-12
-10
-8
-4
-4
-2
2
3
1
1
2
0
3
6
0
3
5
5
1
3
5
-2
7
9
7
8
6
13
13
8
9
10
10
15
10
8
4
7
3
5
3
-6
-2
-2
1
-4
-4
-1
-2
-9
-5
-2
-3
-7
-8
-6
-11
-6
-7
-7
-4
-8
-10
-11
-11
-10
-16
-23
-27
-26
-21
-22
-23
-16
-13
-13
-11
-10
-8
-6
-5
1
0
-4
-3
-7
-8
-9
-5
-5
-9
-11
-13
-12
-15
-12
-13
-9
-11
-12
-9
-19
-21
-18
-15
-12
-11
-13
-12
-12
-10
-8
-4
-7
-4
-3
-4
-9
-7
-8
-12
-3
-2
-3
-4
-3
1
-1
2
4
8
12
11
10
9
10
6
7
2
4
3
3
2
-1
4
2
1
0
-1
-2
-3
0
1
-3
-8
-7
-5
-5
-6
-6
-8
-11
-13
-12
-12
-15
-11
-7
-15
-14
-8
-14
-15
-22
-17
-19
-19
-16
-15
-16
-19
-13
-12
-11
-12
-11
-6
-6
-5
-7
0
4
6
7
13
12
18
16
11
15
12
16
18
15
14
13
12
9
6
11
9
1
0
1
3
4
2
2
8
5
2
4
-3
-4
-6
-7
-3
-2
-3
-10
-15
-14
-12
-13
-10
-10
-12
-13
-15
-14
-18
-13
-14
-16
-17
-19
-22
-24
-23
-26
-22
-18
-18
-21
-19
-20
-25
-25
-23
-23
-24
-23
-27
-24
-23
-20
-25
-27
-21
-22
-20
-22
-21
-22
-20
-19
-18
-16
-18
-11
-12
-12
-9
-7
-5
-5
1
3
3
2
3
6
10
8
6
9
6
8
7
2
4
5
7
6
4
3
6
6
6
7
6
12
15
10
11
10
11
13
12
14
15
18
13
10
9
15
12
11
7
7
7
-4
-2
-4
0
2
-1
-1
-3
-5
-6
-5
-2
-1
1
4
5
5
12
13
13
14
10
16
15
12
9
12
15
17
13
16
14
10
11
9
16
14
15
14
15
12
9
13
11
13
8
8
2
3
6
5
3
-1
2
0
-5
-8
-8
-11
-11
-12
-14
-11
-12
-12
-12
-12
-9
-9
-6
-8
-9
-9
-13
-15
-14
-14
-14
-14
-16
-12
-19
-20
-20
-25
-22
-20
-16
-12
-13
-16
-23
-19
-17
-17
-17
-17
-15
-21
-19
-18
-21
-18
-19
-18
-20
-15
-13
-12
-9
-13
-11
-12
-11
-13
-8
-8
-12
-9
-12
-6
-8
-9
-12
-9
-8
-10
-11
-13
-10
-8
-5
-8
-8
-3
-3
-3
-4
1
4
6
8
6
5
8
5
2
7
8
4
6
3
1
4
3
3
2
4
2
6
-2
-1
5
7
6
-1
-1
1
0
3
1
2
-1
0
0
1
3
3
5
8
8
12
14
12
15
10
10
12
15
13
13
12
10
6
8
10
7
9
10
10
10
7
4
4
2
3
4
7
5
4
5
3
1
2
4
9
4
-2
-3
0
1
-3
-3
-3
-5
-6
-4
-3
0
-3
-1
-1
-1
0
0
-1
-2
-1
0
-2
-3
-9
-7
-5
-8
-6
-6
-4
-5
-12
-9
-10
-12
-10
-10
-6
-6
-3
-3
-5
-2
1
1
1
1
-6
-4
-1
-5
-2
-6
-5
-8
-7
-6
-11
-14
-13
-11
-14
-15
-20
-17
-11
-10
-9
-6
-4
-4
-2
-5
-4
-2
-1
-2
-3
1
1
-2
-5
-5
-4
-6
-12
-15
-11
-15
-21
-19
-13
-11
-6
-2
0
-8
-3
1
-3
-5
-4
0
0
1
2
4
3
11
13
11
16
15
18
17
14
19
16
17
13
19
18
15
14
13
12
8
9
8
10
9
7
3
3
7
8
6
5
3
5
7
7
7
8
8
11
9
7
8
5
9
10
10
13
10
5
3
4
3
9
3
-2
2
5
2
2
1
0
4
1
-3
5
5
-4
-8
-4
-3
-2
1
-1
2
-1
2
4
3
3
2
8
6
2
2
3
5
2
8
6
1
3
3
-2
-5
-2
-5
-5
-4
-5
-8
-11
-12
-17
-12
-12
-12
-13
-15
-14
-15
-12
-17
-21
-18
-19
-18
-13
-21
-19
-19
-20
-19
-18
-19
-19
-19
-21
-19
-26
-22
-21
-20
-26
-25
-24
-26
-24
-26
-28
-26
-26
-28
-29
-26
-27
-26
-25
-24
-21
-22
-17
-18
-15
-15
-13
-13
-16
-14
-16
-10
-14
-7
-9
-10
-9
-12
-10
-16
-18
-14
-9
-10
-6
-8
-8
-4
-1
-1
1
3
5
9
11
17
17
17
19
18
16
24
17
17
18
14
12
9
11
9
11
11
16
12
13
11
12
19
20
18
23
26
23
22
21
19
18
16
16
18
14
16
15
13
14
12
11
9
6
6
0
-2
2
0
-1
1
0
2
-1
1
0
2
3
1
0
-2
-5
-5
-7
-9
-8
-13
-7
-8
-7
-9
-9
-11
-6
-7
-9
-6
-6
-5
-1
-5
-10
-11
-8
-4
-9
-4
-2
-3
-3
-5
-5
-6
-7
-6
-7
-4
-4
-2
-3
-3
-9
-13
-10
-10
-10
-14
-14
-12
-11
-15
-16
-17
-17
-19
-21
-15
-19
-14
-18
-19
-15
-17
-12
-12
-13
-10
-7
-6
-6
-3
-5
-7
-5
-2
-6
-6
-7
-6
-3
-6
-5
-3
-5
-5
-6
-8
-5
-7
-7
-9
-2
-1
-5
0
1
3
0
6
10
8
17
14
15
15
15
15
17
20
22
26
21
20
21
20
19
22
24
23
21
18
18
17
19
19
21
21
23
27
25
21
19
25
26
25
27
23
19
23
24
25
26
26
24
27
27
27
31
27
29
27
27
28
24
22
18
16
21
20
19
20
16
18
6
9
10
8
9
7
5
7
9
5
3
6
3
3
4
-3
0
-1
-4
-3
0
-1
-2
-2
-1
0
-4
-4
-5
-4
-3
-7
-8
-8
-10
-13
-12
-9
-8
-8
-8
-6
-4
-3
-5
-2
0
1
1
3
1
-1
0
-1
1
-1
1
-1
-2
0
-7
-8
-7
-7
-9
-7
-7
-7
-11
-12
-14
-16
-17
-19
-15
-18
-18
-16
-14
-13
-11
-10
-12
-13
-10
-5
-10
-8
-10
-8
-6
-7
-9
-6
-1
-3
-5
-5
-2
-6
-5
-1
-6
-4
-2
-1
2
-3
0
2
3
5
5
1
4
5
7
3
3
5
4
8
5
8
5
3
3
2
1
1
1
-1
-4
-4
-3
-5
-4
-3
-1
-3
-5
-3
-2
2
3
1
3
3
3
5
5
6
7
6
8
7
8
12
9
12
10
13
6
9
16
12
11
11
13
10
13
14
10
11
8
7
6
5
3
2
3
-1
-1
-2
-1
-6
-5
-7
-6
-10
-14
-9
-14
-12
-9
-12
-10
-7
-12
-14
-11
-13
-13
-15
-14
-12
-9
-9
-9
-10
-7
-6
-5
-6
-7
-9
-10
-5
-8
-7
-8
-6
-7
-8
-7
-12
-11
-9
-7
-13
-12
-10
-9
-6
-10
-7
-6
-10
-10
-7
-6
-7
-8
-9
-9
-7
-3
0
-7
-8
-6
-7
0
-1
-3
-3
-4
-6
-8
-7
-7
-9
-9
-8
-12
-8
-9
-13
-13
-12
-13
-14
-17
-13
-15
-14
-19
-15
-18
-19
-11
-16
-18
-12
-12
-12
-13
-11
-13
-14
-12
-11
-10
-14
-10
-15
-12
-15
-14
-12
-16
-14
-14
-12
-14
-12
-12
-11
-9
-11
-10
-8
-6
-6
-6
-4
-7
-10
-9
-10
-2
4
6
3
3
4
7
7
4
8
7
7
3
9
10
8
12
7
12
16
8
6
5
8
5
8
5
2
0
-1
4
4
1
-1
-1
1
1
0
-2
-3
-2
-1
0
-6
-5
-7
-8
-10
-10
-11
-9
-11
-11
-12
-11
-8
-7
-8
-6
-4
-4
-6
0
-2
-4
-1
1
0
-2
2
3
1
1
-1
-3
-3
-2
-6
-6
-8
-7
-5
-8
-8
-7
-9
-10
-10
-10
-7
-10
-8
-9
-10
-9
-8
-13
-13
-10
-13
-13
-17
-12
-12
-16
-17
-17
-16
-18
-19
-21
-23
-20
-23
-21
-22
-23
-24
-26
-25
-28
-28
-29
-27
-24
-22
-21
-25
-25
-24
-25
-23
-21
-24
-23
-20
-24
-21
-20
-23
-20
-22
-21
-20
-19
-19
-23
-23
-24
-21
-17
-19
-21
-17
-15
-19
-16
-17
-13
-12
-7
-10
-10
-8
-9
-6
-4
-3
1
-1
-1
-2
-2
-2
0
-2
-5
-2
-1
3
0
-1
4
6
8
9
10
14
14
11
13
17
13
12
10
9
10
13
8
