-1
-3
-2
-1
0
-3
-7
-5
-1
-2
-1
-1
3
1
3
7
3
7
12
9
11
11
13
17
15
17
16
20
18
19
18
18
17
14
17
16
15
15
14
12
12
13
16
17
16
16
13
12
9
9
10
11
7
10
7
7
10
7
9
10
15
9
11
14
11
11
11
8
9
14
12
12
14
14
19
19
17
19
22
16
19
19
18
16
15
18
13
12
13
16
12
8
10
8
9
8
4
5
1
5
-1
-3
1
-3
-5
-6
-5
-6
-7
-7
-7
-11
-10
-9
-9
-9
-10
-12
-8
-13
-10
-10
-9
-9
-8
-7
-9
-2
-3
-4
1
1
-1
-5
3
2
5
9
6
3
2
1
1
1
-2
0
-3
-5
-7
-8
-3
2
-1
0
-4
-4
4
3
1
-1
-2
-5
-4
-8
-6
-7
-10
-6
-12
-9
-9
-8
-14
-13
-7
-10
-13
-11
-10
-13
-12
-13
-13
-20
-16
-10
-13
-9
-8
-4
-4
-3
-5
-3
0
-5
0
-4
-7
0
-4
-3
2
1
0
-3
6
6
0
7
8
7
4
6
8
6
7
8
7
4
6
8
1
2
5
7
4
3
2
1
2
0
0
1
-3
-2
-5
-6
-5
-2
-5
-5
-3
-3
0
0
1
-1
1
3
4
6
0
5
4
4
7
7
5
5
4
1
5
4
4
5
0
1
-4
0
0
0
1
2
0
0
3
-2
1
-3
-4
0
-5
-3
-5
-2
0
-3
0
-2
-5
0
1
2
-2
-3
-4
-5
-2
-2
-1
-2
2
1
2
0
3
5
4
3
4
2
2
-4
-7
-8
-2
-3
-9
-7
-10
-11
-6
-10
-10
-11
-10
-13
-13
-9
-11
-11
-8
-4
-5
-5
-3
-3
-2
-3
-6
-6
-3
-4
-6
1
2
4
0
-3
-1
3
2
7
2
3
2
3
8
5
6
-1
1
0
0
-3
-1
-1
2
1
2
3
4
4
4
5
6
5
4
4
3
10
4
-1
1
7
6
5
9
6
7
8
5
6
3
5
6
4
0
4
5
3
6
3
7
9
5
2
5
6
6
6
10
10
11
10
8
9
5
5
4
1
4
4
1
0
1
1
2
2
0
1
2
-4
1
-2
-2
3
4
4
2
8
6
1
-2
-2
-4
-5
-9
-11
-5
-6
-7
-4
-3
-4
-5
-6
-6
-9
-10
-9
-9
-12
-9
-5
-5
-5
-5
-10
-8
-11
-9
-8
-8
-6
-9
-8
-9
-10
-14
-12
-13
-16
-15
-19
-15
-17
-14
-14
-14
-12
-15
-12
-15
-16
-17
-16
-16
-19
-17
-18
-20
-24
-20
-20
-23
-17
-16
-18
-20
-19
-17
-15
-15
-11
-10
-9
-12
-10
-9
-11
-11
-10
-9
-13
-12
-14
-13
-14
-13
-14
-11
-11
-11
-9
-4
-2
0
-2
-3
-7
-3
-4
-7
-6
-4
-6
-6
-4
-9
-6
-11
-7
-10
-12
-12
-16
-19
-14
-10
-14
-11
-17
-18
-17
-11
-11
-13
-11
-15
-13
-13
-13
-14
-16
-16
-16
-15
-11
-12
-11
-8
-8
-4
-6
-3
-2
2
1
-3
-1
-4
5
2
4
7
5
7
4
1
0
0
1
-4
-3
0
-2
-6
-5
-3
-5
-5
-4
-4
-7
-6
-4
-6
-10
-8
-5
-9
-8
-6
-7
-6
-7
-5
-6
-5
-4
-1
-2
-4
-2
-1
-6
-6
-2
-5
-6
-4
-5
-6
-4
2
2
0
4
6
5
4
4
7
5
4
3
2
2
0
6
9
4
3
3
2
-1
0
1
-5
-1
-2
-11
-12
-9
-9
-6
-8
-12
-10
-11
-11
-15
-15
-10
-7
-8
-7
-9
-16
-11
-9
-11
-13
-10
-15
-12
-10
-10
-6
-7
-11
-9
-4
-4
-3
0
2
-2
-4
-2
-3
-2
-1
-2
-3
-2
0
3
0
3
-2
-4
-4
-7
-4
-3
1
0
-2
-1
2
-2
4
4
3
3
1
-2
-3
-2
-1
-7
-10
-2
4
-1
-3
2
0
-4
0
4
3
6
3
-2
2
5
5
10
10
4
6
8
3
0
4
6
3
0
4
4
2
9
10
8
10
7
8
11
13
8
12
15
13
11
12
12
9
8
8
9
6
4
10
11
8
9
5
5
7
6
7
10
6
6
6
14
8
1
12
7
2
8
6
0
4
3
3
1
4
-3
-9
-2
-2
-3
0
2
0
-3
1
0
0
7
7
-4
1
6
5
-3
2
8
-4
2
11
5
4
10
4
7
9
0
1
10
8
-1
10
10
6
1
7
7
1
5
3
3
7
-2
-2
5
0
1
3
5
-2
-2
9
-3
2
12
6
-1
6
7
-4
1
3
2
1
0
-3
-7
-1
-3
-9
2
0
-6
-1
4
-4
-4
0
-1
-7
-4
-4
1
1
-9
-2
6
3
-1
14
7
-3
3
10
3
0
9
8
1
1
7
6
1
6
13
5
-4
5
7
5
4
8
4
2
7
6
5
4
5
5
10
11
11
14
18
11
9
16
16
13
14
11
15
13
8
13
14
15
12
19
20
8
19
25
12
14
24
25
13
13
25
14
5
21
18
4
10
26
19
8
22
31
14
7
23
23
10
10
25
15
3
22
28
6
6
27
18
5
18
25
14
5
23
20
0
12
19
5
1
21
11
-9
5
18
2
-5
14
10
-12
-7
12
-4
-12
1
3
-6
4
12
1
1
13
9
-6
0
12
-9
-9
-2
-1
-7
-3
4
-4
-10
1
2
-12
-5
5
-5
-11
2
1
-15
-10
4
1
-15
-7
6
-6
-12
-1
0
-10
-2
4
-3
-8
10
-3
-15
-1
4
-6
-11
2
1
-11
0
9
-4
-15
-1
1
-13
-2
-7
-10
-8
-14
-10
-8
-12
-7
-9
-14
-5
-8
-14
-9
-9
-11
-6
-7
-3
3
0
-4
5
8
-6
-2
11
4
0
5
8
10
7
1
12
14
2
3
23
14
-10
4
22
12
-10
7
17
-6
-6
9
0
-6
1
3
-3
5
4
1
5
10
2
2
4
12
13
-2
-8
8
11
-8
-5
22
10
-15
-4
24
9
-23
17
22
-8
-8
17
12
-10
5
7
1
7
-2
-8
5
-1
-11
1
12
-6
-4
11
0
-1
1
5
-2
-1
11
1
-3
9
8
-15
-4
19
-10
-22
5
7
-20
-13
12
-11
-24
-1
-10
-6
-4
-16
-5
2
-24
-10
16
-9
-24
10
7
-35
-4
14
-22
-14
12
-18
-7
-8
-2
-13
-15
0
-7
-19
-10
-17
-12
-17
-23
-7
-17
-12
-7
-9
-6
-3
-10
-1
-20
-12
-1
-10
-14
-11
6
-9
-21
7
2
-19
-10
2
-5
-18
-14
4
2
-16
-4
17
-24
-5
17
1
-11
4
4
-9
-14
12
-2
2
12
10
5
3
17
4
10
15
19
4
14
20
-6
-4
27
5
-1
22
21
5
13
17
28
16
-1
29
31
-10
10
52
12
-9
40
49
-27
8
56
-3
-11
27
30
-20
11
37
-5
6
15
11
11
1
11
21
5
7
20
12
0
11
15
6
3
12
13
-6
9
7
2
-3
6
3
-1
6
4
-11
4
5
-5
2
2
10
-6
3
13
-12
-1
8
-8
-9
12
-9
-8
8
-5
-13
5
4
-29
-7
7
-16
-28
5
2
-27
-18
6
-9
-13
-15
-9
5
-14
-21
0
9
-32
-8
8
-22
-17
-4
1
-25
-8
8
-24
-18
8
-25
-31
4
-11
-52
0
-1
-43
-22
-4
-18
-33
-9
-7
-17
-27
-13
4
-27
-39
14
-11
-46
-11
21
-22
-42
5
15
-37
-39
15
6
-48
-25
47
-13
-68
21
32
-57
-35
58
-13
-47
8
42
-19
-38
40
21
-44
-10
36
6
-45
11
51
-30
-29
43
15
-47
21
33
-19
-12
33
7
-25
7
34
-26
7
22
8
-9
14
16
-1
2
26
9
1
19
31
4
-8
48
11
-31
36
39
-30
-16
45
7
-41
17
34
-14
-25
30
20
-15
-13
39
2
-35
39
10
-24
25
16
-18
-13
21
-3
-42
21
25
-20
-21
30
6
-32
18
24
-3
-9
20
5
-15
5
9
-10
-17
19
-7
-20
13
2
-11
-5
3
2
-5
-11
11
6
-13
-7
9
-1
-31
20
-8
-27
3
-19
-7
-10
-16
-16
-9
-22
-15
-11
-13
-12
-26
-16
-8
-34
-21
-12
-14
-43
-2
-12
-27
-19
-21
-20
-21
-26
-21
-15
-16
-22
-42
1
-26
-43
-14
-2
-25
-50
-5
-12
-56
-4
-30
-24
-18
-27
-37
0
-18
-35
-12
11
-27
-22
4
-1
-16
-10
11
-1
-7
-9
18
-14
-8
15
-23
-3
8
-14
-12
6
3
-43
18
9
-44
1
25
-29
-12
24
3
-33
11
25
-18
-3
15
16
0
-11
7
22
-10
-6
23
20
-8
-13
30
23
-16
-8
55
-2
-25
24
49
-40
1
71
-18
-7
44
6
0
8
4
25
4
-16
22
27
-28
-6
37
0
-33
24
29
-22
-20
16
10
-29
-14
5
5
-34
-18
22
-6
-47
4
37
-52
-17
32
-18
-45
17
-4
-31
-16
-3
6
-35
-18
31
-27
-54
22
6
-65
-15
23
-38
-43
8
11
-34
-34
18
4
-45
-34
31
-20
-71
4
25
-49
-46
26
-2
-76
-6
32
-50
-48
19
-14
-60
-10
4
-37
-47
-1
-14
-58
-33
-16
-33
-47
-28
1
-36
-42
-23
-3
-48
-44
6
-29
-49
-31
6
-47
-54
-5
0
-82
-7
23
-84
-40
25
-35
-66
0
-4
-35
-60
21
-3
-74
-13
24
-23
-50
1
30
-31
-42
47
19
-56
9
46
-25
-36
54
13
-43
12
34
-17
-26
38
9
-26
10
37
-15
1
21
11
-2
-13
31
6
-17
21
14
-5
12
14
13
-7
14
27
-13
-1
39
-6
-12
23
0
-2
6
16
2
1
15
12
2
10
0
10
9
-10
12
2
-9
2
6
-15
7
5
-18
11
-7
-25
7
-14
-36
-13
11
-47
-25
11
-23
-68
17
-3
-54
-20
10
-25
-47
12
3
-40
-16
7
-25
-36
-4
-3
-37
-48
10
-20
-67
-10
4
-50
-59
20
-10
-94
-14
31
-66
-64
16
-22
-91
-13
-5
-53
-47
-6
-26
-42
-43
-7
-30
-61
-14
11
-76
-33
32
-55
-72
0
24
-105
-33
33
-35
-80
-8
25
-76
-52
15
-23
-63
-46
23
-40
-79
22
-9
-75
-18
10
-36
-60
12
2
-60
-11
6
-21
-39
2
-17
-2
-26
-26
14
-22
-34
6
1
-12
-24
-6
-6
-5
-32
-19
27
-28
-39
42
1
-48
20
21
-27
-10
32
-16
-24
38
4
-22
48
4
-21
24
34
-16
0
51
-5
-14
31
29
-26
23
29
-13
17
14
-3
14
-11
8
15
3
-11
18
27
-48
39
48
-66
27
44
-27
-28
42
-9
-40
26
1
-23
0
3
-10
-8
-12
11
-10
-22
31
1
-32
15
18
-36
-18
28
-23
-19
-7
-5
-14
-5
-30
6
-12
-23
-24
15
-27
-36
12
-8
-64
19
16
-83
-5
25
-52
-52
33
-21
-56
-11
-12
-6
-52
-25
28
-46
-47
14
-5
-58
-19
30
-66
-42
36
-48
-64
6
3
-78
-16
20
-73
-13
-1
-66
7
-22
-44
-17
-18
-21
-50
-18
-4
-37
-63
20
-7
-75
-9
19
-58
-44
22
-19
-67
5
0
-53
-30
19
-21
-59
-3
7
-47
-35
34
-22
-51
7
27
-43
-24
59
-43
-15
26
8
-15
-18
54
-10
-34
58
9
-35
20
43
-22
-26
43
15
-31
2
50
-12
-17
39
30
-14
13
43
-12
28
8
17
32
19
19
44
1
18
36
24
1
29
24
-13
11
31
9
-34
59
8
-37
32
16
-16
-16
29
15
-52
35
27
-37
-5
35
-2
-40
44
6
-24
-9
44
-25
-27
33
10
-27
-12
33
-18
-32
11
8
-46
-9
3
-24
-5
-25
-21
-4
-23
-28
-8
-15
-28
-25
-26
3
-33
-18
9
-31
-19
-22
-4
-37
-16
-4
-34
-22
4
-42
-24
-24
-21
-30
-47
-13
-25
-42
-41
-17
-41
-12
-59
-17
-17
-53
-18
-19
-21
-42
-40
11
-45
-41
-4
-28
-51
4
-33
-50
-10
-21
-30
-24
1
-23
-38
7
-9
-37
14
-21
-21
-13
-6
-14
-22
-4
-24
11
-68
-9
25
-88
-22
30
-48
-53
27
-1
-51
-7
12
-18
-30
7
-2
-3
-10
-1
20
-14
-23
39
4
-30
13
50
-30
-33
67
-1
-66
24
52
-51
-11
48
-6
-27
33
15
6
24
19
20
27
12
15
33
6
19
40
2
8
21
2
16
14
29
-18
23
14
6
-1
22
27
-10
33
18
16
3
29
13
2
27
1
9
7
1
0
3
4
-24
12
-5
-20
-13
20
-18
9
18
-8
1
8
1
-1
10
-6
-6
3
-16
-4
-10
-16
-7
-4
-15
-14
-10
-20
-7
-13
-33
-3
-2
-47
-18
16
-53
-23
-7
-5
-38
-20
8
-32
-45
-19
15
-56
-34
37
-35
-72
23
-16
-55
-17
-5
-3
-71
9
32
-65
-23
20
-11
-70
8
0
-25
-39
11
8
-51
-19
-9
12
-61
-5
26
-51
-16
3
-9
-13
-52
36
-1
-80
10
32
-73
-22
29
-30
-33
8
-6
-11
-31
14
13
-52
-4
33
-43
-38
66
-43
-63
62
-6
-68
54
14
-51
18
8
-13
-2
17
32
-27
46
-1
3
5
20
-6
21
19
-19
26
2
-8
3
30
10
17
5
35
20
-12
23
50
-5
-24
55
31
-62
35
40
-17
-3
39
23
-23
18
35
-28
-18
47
-17
-11
10
12
-19
-41
35
-17
-56
4
4
-29
-22
-2
50
-96
7
61
-73
-9
42
-3
-61
15
58
-64
-34
43
7
-82
8
66
-84
-39
37
-28
-60
-31
7
-28
-62
9
-1
-38
-53
10
-12
-61
-18
10
-55
-38
-18
14
-36
-69
42
-21
-88
12
13
-35
-92
50
-13
-105
14
8
-38
-98
46
-21
-115
-1
9
-53
-61
54
-17
-74
36
-19
-37
-34
-21
7
-64
-27
-13
-38
-31
-49
8
-48
-18
-19
-22
-13
-48
-27
-3
-30
-11
-15
7
-21
-15
-8
-31
-6
-17
-36
5
-16
-34
8
-14
-5
-28
12
-17
-13
1
-1
-33
8
-13
-21
12
11
1
-22
8
15
-32
0
28
-21
-18
12
29
-48
6
38
-34
-6
46
-3
-29
60
10
-12
35
26
6
3
51
15
-24
67
-7
1
33
2
9
20
3
33
-11
31
28
-19
42
26
-10
34
27
21
-16
31
11
-27
10
28
-10
-11
21
6
-17
-8
25
-16
-8
16
-17
-13
-21
-25
20
-36
-26
0
-16
-27
-28
7
-12
-60
19
17
-41
6
13
3
-39
2
41
-49
-16
22
-16
-44
20
-15
-50
-4
5
-19
-36
8
2
-50
-8
8
-38
-32
19
-8
-43
-2
20
-41
-20
16
-19
-38
14
3
-45
-7
5
-34
-18
7
9
-42
3
-22
-16
-36
-21
-4
-21
-43
24
7
-58
15
27
-8
-2
25
22
-31
13
28
-17
-23
-2
5
9
-20
26
13
-24
11
11
-5
5
28
-9
-2
28
7
-12
28
10
-6
15
16
7
-8
15
32
1
3
40
25
-1
26
52
-1
6
50
16
5
25
33
4
6
11
12
12
23
7
10
25
20
-20
31
27
-45
36
42
-29
6
59
-11
5
33
6
1
21
-1
26
19
-19
24
16
-23
22
39
-19
20
32
-5
1
7
18
2
-8
34
-14
-16
21
-13
-11
10
-11
23
-7
14
7
-19
2
17
10
-26
5
30
-36
-19
24
-33
-34
9
-2
-17
-13
19
-28
-13
9
-8
-21
22
8
-14
1
10
-17
-33
2
-12
-48
-8
-18
-23
-15
-22
5
-25
-24
-9
4
-33
-13
-9
-32
-14
-5
-14
-21
-18
6
-33
-28
13
-19
-23
-8
30
-7
-32
25
13
-18
3
32
14
-31
13
55
-24
-44
40
18
-74
3
40
-31
-28
28
12
-39
10
41
5
10
35
32
-2
-15
26
13
-11
11
37
12
-6
38
26
3
42
49
17
35
29
18
34
21
43
50
13
39
47
-2
46
41
9
18
35
8
2
16
16
3
20
17
5
48
6
17
84
8
15
71
22
7
48
44
18
8
55
6
15
34
34
5
14
29
18
-7
6
28
-12
4
3
32
-5
-10
33
31
-1
50
40
26
3
16
26
3
2
21
6
-3
-6
15
-11
9
25
28
8
19
31
0
5
40
15
23
1
-2
2
-31
-35
6
-17
-59
-19
-3
-27
-59
10
5
-19
-18
26
-9
-32
-15
17
-11
-32
-10
17
-25
-22
14
-3
-35
-46
19
-22
-71
-2
12
-52
-52
33
15
-73
6
34
-15
-34
1
45
-36
-41
31
13
-47
-32
19
5
-73
-12
56
-45
-50
39
8
-31
7
26
18
-25
9
51
-12
-15
21
25
-29
-7
21
-6
-34
-3
2
-3
-16
9
30
4
-13
29
21
-28
8
12
1
7
19
10
-1
10
15
15
30
23
21
20
10
23
5
19
21
0
21
9
-8
4
0
0
22
17
11
13
6
-5
35
12
14
33
19
14
29
35
13
34
45
22
58
41
25
47
33
42
61
44
46
60
37
30
44
37
9
21
31
25
-1
7
15
-4
-4
10
20
6
-5
25
7
-10
0
16
1
-6
30
13
-30
4
3
-19
-11
-3
-19
-33
-19
-22
-36
-44
-58
-25
-42
-69
-48
-67
-79
-68
-73
-53
-86
-107
-88
-92
-111
-102
-97
-111
-91
-84
-102
-82
-94
-127
-95
-87
-101
-103
-107
-138
-152
-155
-151
-147
-93
-9
56
64
57
73
109
146
197
265
293
276
267
277
263
233
230
212
178
165
160
113
50
5
-10
-34
-15
13
-1
-33
-43
-18
-9
12
53
68
75
68
94
120
108
100
114
136
122
122
136
101
58
77
104
99
69
55
24
-7
-10
-3
-15
-25
-36
-55
-78
-82
-90
-102
-115
-118
-94
-82
-106
-111
-100
-124
-120
-68
-44
-63
-102
-85
-87
-105
-104
-107
-104
-150
-148
-114
-158
-213
-261
-305
-349
-393
-390
-337
-177
-11
-10
-118
-137
-9
101
202
349
432
411
364
387
442
458
445
402
375
359
340
285
163
55
-17
-29
-1
11
-36
-146
-245
-280
-254
-185
-156
-166
-183
-189
-196
-157
-112
-77
-50
-32
4
51
85
68
82
140
222
290
345
329
252
221
259
289
297
291
251
137
31
19
10
-51
-108
-138
-163
-182
-199
-238
-251
-243
-217
-161
-92
-62
-84
-103
-85
-9
61
81
75
46
28
27
38
61
65
26
-29
-43
-39
-60
-79
-94
-136
-166
-173
-193
-229
-262
-282
-291
-315
-338
-405
-490
-551
-609
-550
-290
-34
-30
-224
-282
-124
67
222
411
520
455
377
415
530
590
575
525
471
473
477
387
255
124
48
44
97
124
10
-176
-339
-355
-249
-137
-108
-160
-225
-298
-309
-225
-102
-32
-17
-20
4
52
87
81
76
106
226
354
363
322
259
211
235
329
424
401
275
154
61
54
111
122
13
-122
-183
-181
-195
-223
-232
-251
-240
-212
-153
-105
-134
-173
-141
-15
110
140
84
20
3
48
111
171
171
85
-15
-47
-5
22
-12
-59
-82
-119
-149
-161
-199
-244
-284
-270
-247
-254
-306
-406
-493
-524
-544
-598
-629
-456
-151
-14
-218
-425
-272
30
212
356
501
515
377
307
449
671
760
671
548
486
466
411
348
295
215
142
110
107
5
-179
-308
-321
-226
-118
-101
-230
-385
-451
-407
-268
-113
-34
-47
-127
-193
-143
20
142
163
149
201
250
223
198
280
356
356
359
395
372
242
187
220
217
199
200
106
-75
-165
-133
-100
-120
-154
-201
-258
-296
-283
-204
-96
-74
-133
-106
0
37
4
49
142
156
132
171
220
189
99
53
98
154
115
35
7
-29
-107
-149
-114
-105
-182
-267
-291
-285
-319
-344
-347
-370
-430
-504
-558
-617
-685
-577
-218
40
-116
-427
-388
-64
195
371
533
558
384
253
396
711
880
798
608
489
483
462
445
442
364
206
101
102
60
-97
-226
-236
-157
-93
-169
-321
-435
-450
-382
-258
-112
-57
-146
-293
-334
-213
-5
127
135
81
51
83
131
177
231
278
317
333
299
268
267
284
280
278
287
236
112
5
-40
7
41
-15
-136
-246
-293
-281
-240
-179
-147
-184
-253
-271
-170
-41
27
26
28
54
65
83
160
232
202
130
103
134
132
83
64
54
13
-62
-97
-89
-123
-190
-231
-236
-259
-305
-329
-307
-320
-380
-456
-492
-536
-593
-640
-561
-261
-16
-86
-393
-441
-112
220
390
474
492
371
244
371
689
901
841
625
461
438
478
512
514
446
283
107
64
80
12
-79
-117
-143
-188
-234
-284
-324
-355
-325
-249
-200
-191
-247
-291
-262
-174
-29
75
74
-16
-67
23
146
206
230
254
226
139
146
272
367
350
311
283
227
195
223
210
155
138
145
59
-63
-102
-106
-137
-167
-156
-147
-189
-257
-271
-185
-69
-64
-118
-81
12
9
-7
97
174
99
4
34
125
154
101
44
17
-32
-91
-91
-18
-1
-115
-219
-229
-204
-227
-255
-235
-237
-287
-355
-402
-437
-469
-499
-544
-595
-484
-199
-42
-238
-470
-327
5
198
262
377
414
270
187
382
697
824
705
513
397
374
411
478
520
449
263
80
33
79
89
33
-29
-98
-177
-248
-285
-252
-195
-188
-252
-297
-282
-252
-252
-243
-178
-100
-80
-106
-108
-47
17
43
74
111
142
132
106
124
161
200
245
275
245
187
186
238
281
274
255
203
99
42
105
153
89
-15
-71
-104
-135
-109
-38
-23
-111
-197
-173
-67
-9
-31
-43
-6
21
1
17
90
130
78
27
46
77
37
-10
-9
19
5
-34
-54
-80
-124
-155
-139
-103
-127
-185
-224
-255
-250
-225
-212
-255
-335
-403
-421
-410
-307
-125
-36
-159
-336
-282
-66
108
192
249
221
99
51
194
389
490
458
330
195
143
197
286
359
367
261
103
2
-11
54
147
183
111
-16
-127
-173
-126
2
92
50
-72
-171
-213
-170
-60
54
80
-12
-154
-209
-122
20
89
67
15
-45
-102
-96
-6
95
108
32
-50
-61
-19
40
116
154
131
82
57
85
136
192
234
183
87
58
86
93
74
70
40
-32
-90
-98
-62
-36
-14
-20
-57
-88
-97
-64
-14
24
32
-3
-44
-68
-67
-45
-9
3
-16
-53
-81
-93
-84
-48
-16
-22
-59
-68
-45
-31
-30
-19
-2
-3
-36
-43
-39
-34
-50
-58
-72
-108
-148
-189
-208
-216
-171
-132
-150
-222
-254
-203
-137
-93
-57
-33
-45
-73
-58
24
102
138
131
100
72
62
93
155
193
190
143
99
93
126
168
181
168
158
135
107
109
150
188
174
140
117
121
121
117
127
145
127
81
29
18
51
69
62
25
-10
-46
-70
-51
-22
-18
-38
-79
-110
-117
-115
-88
-66
-85
-134
-148
-124
-98
-73
-60
-57
-56
-61
-52
-32
0
37
38
2
-27
-14
13
33
40
55
48
-2
-34
-17
34
65
50
17
-5
-16
-11
16
61
67
34
-6
-16
1
34
57
57
25
-22
-33
-16
21
44
34
0
-48
-75
-61
-26
2
-5
-40
-85
-108
-100
-80
-46
-45
-94
-155
-190
-191
-172
-154
-158
-166
-173
-183
-191
-173
-122
-87
-91
-88
-50
-6
15
12
42
86
106
100
105
128
138
131
142
158
167
174
158
151
143
156
175
178
171
155
137
127
146
178
177
144
102
78
78
87
97
92
52
-14
-56
-68
-58
-43
-64
-100
-133
-163
-174
-161
-141
-140
-164
-185
-164
-136
-117
-108
-90
-68
-75
-70
-30
12
31
23
29
55
74
80
83
100
118
119
107
110
115
112
101
97
116
109
83
58
49
61
58
48
32
23
7
-16
-23
-15
-18
-26
-36
-42
-41
-36
-47
-49
-30
-24
-26
-29
-34
-40
-37
-25
-13
-26
-44
-54
-61
-64
-69
-68
-71
-90
-107
-107
-98
-82
-91
-95
-89
-96
-98
-90
-71
-72
-81
-68
-43
-32
-36
-25
-4
21
38
54
76
86
90
92
110
128
132
130
121
107
108
109
97
74
53
42
31
25
16
11
2
-20
-42
-36
-19
-17
-43
-57
-40
-34
-42
-27
-2
-7
-35
-40
-9
9
10
13
24
34
26
24
38
55
55
39
38
38
36
31
28
28
32
39
31
22
28
34
24
19
24
41
46
32
26
22
17
14
13
31
44
26
3
1
9
17
26
29
19
2
-10
-18
-9
9
20
17
-17
-43
-49
-32
-21
-29
-27
-21
-37
-69
-79
-51
-30
-28
-29
-14
-19
-32
-24
6
41
43
30
19
31
49
67
77
93
92
77
64
68
77
74
59
48
40
23
5
-7
-18
-27
-41
-54
-58
-67
-82
-97
-103
-104
-102
-105
-103
-88
-76
-81
-82
-72
-60
-60
-64
-54
-29
-29
-37
-38
-27
-19
-8
5
20
30
18
9
19
40
51
52
43
38
33
28
24
25
34
32
24
13
9
10
12
20
31
31
20
24
35
36
35
41
56
68
57
42
33
34
48
45
48
41
25
2
0
16
16
-1
-14
-24
-38
-38
-38
-31
-36
-59
-75
-73
-61
-53
-46
-45
-49
-53
-56
-40
-15
-2
3
4
3
3
16
45
62
55
46
44
53
64
79
77
58
41
36
41
51
61
48
14
-17
-19
2
14
-1
-13
-21
-29
-37
-24
-6
-1
-13
-28
-24
-7
8
1
-9
-4
6
11
18
24
16
2
-1
19
42
46
32
13
5
6
15
26
29
12
-9
-30
-31
-26
-24
-30
-45
-59
-64
-66
-70
-69
-59
-52
-52
-49
-46
-40
-26
-8
7
5
4
15
24
32
33
42
56
46
36
34
35
34
31
40
49
36
14
-1
5
5
-3
0
4
1
-30
-47
-40
-23
-17
-29
-33
-41
-38
-33
-26
-11
3
-2
-9
-1
14
24
26
31
34
33
29
24
31
37
25
8
0
5
3
-5
2
1
-12
-34
-45
-39
-29
-35
-39
-38
-41
-49
-46
-39
-28
-23
-2
3
0
1
1
15
20
35
43
42
45
32
20
28
41
50
46
31
17
7
-1
8
21
11
0
-26
-37
-32
-24
-15
-21
-31
-44
-54
-58
-40
-26
-26
-35
-36
-33
-32
-26
-11
6
6
-2
-10
-3
15
26
26
24
25
19
21
25
30
30
23
24
19
6
-3
-4
-13
-21
-24
-24
-15
-13
-21
-38
-44
-38
-27
-21
-10
-7
-11
-21
-15
-4
9
24
22
20
15
13
15
21
22
28
18
14
17
15
11
0
0
10
7
-7
-15
-13
-16
-25
-22
-12
-14
-32
-54
-57
-41
-32
-28
-35
-45
-59
-59
-48
-37
-21
-25
-37
-39
-34
-21
-12
-7
-10
-17
-17
-13
-3
10
12
-2
-14
-8
4
17
11
-4
-13
-12
-7
0
0
7
3
-17
-23
-17
-7
-7
-15
-23
-12
-5
-11
-13
-11
-5
-2
2
9
12
11
1
-7
5
21
25
18
11
9
6
1
0
5
3
-2
-11
-8
-8
-16
-21
-27
-23
-25
-23
-25
-29
-32
-34
-35
-29
-20
-26
-27
-22
-13
-14
-19
-8
11
8
3
-1
-4
1
7
21
31
28
12
-4
0
15
19
20
16
15
0
-19
-16
4
15
7
-7
-14
-23
-23
-21
-16
-12
-15
-22
-30
-30
-24
-22
-17
-6
-3
-12
-29
-31
-16
2
13
5
5
7
3
8
22
43
44
28
13
15
19
24
28
38
27
8
3
7
16
21
16
3
-9
-14
-7
7
1
-13
-19
-26
-20
-15
-10
-8
-15
-21
-18
-8
-1
2
8
6
-3
0
10
19
13
4
0
-2
-3
0
-1
-1
-1
-6
-6
-11
-16
-20
-18
-11
-5
-13
-20
-24
-25
-23
-23
-16
-10
-24
-29
-31
-25
-21
-11
-9
-10
-9
-2
2
-3
3
12
14
7
10
13
9
7
8
12
20
12
3
-4
-7
-9
-6
-8
-14
-23
-32
-33
-28
-17
-19
-27
-36
-32
-19
-9
-4
-5
-4
-8
3
18
24
27
27
27
26
28
41
42
41
32
35
42
36
34
32
20
20
23
19
9
4
8
-8
-16
-18
-14
-22
-32
-36
-34
-31
-34
-34
-32
-27
-20
-20
-11
0
11
19
18
22
29
42
42
39
42
43
36
29
33
28
21
13
14
10
6
-3
-12
-12
-17
-18
-18
-15
-20
-29
-31
-21
-15
-15
-10
0
2
-7
-10
-4
6
18
31
30
25
18
19
28
42
44
40
33
25
15
8
11
21
20
9
-4
-12
-15
-19
-21
-23
-15
-12
-21
-32
-33
-21
-13
-9
-1
7
1
-7
-2
8
25
34
30
32
27
26
28
38
50
48
30
15
18
20
25
24
25
18
4
-1
5
10
5
2
-4
0
3
4
2
-6
-7
-4
-2
6
3
1
1
1
4
15
23
21
6
4
13
21
24
28
22
20
18
9
7
11
18
13
6
2
4
0
-5
-4
2
0
4
-3
-13
-4
0
9
9
14
16
7
2
3
19
26
32
34
27
17
16
28
36
32
30
25
19
15
10
17
24
25
13
6
7
0
4
9
17
19
7
3
-1
1
6
12
13
11
10
10
14
17
21
28
29
24
28
28
26
27
22
22
27
29
21
17
5
1
2
11
22
13
1
-7
-8
-9
2
16
14
-4
-12
-11
-8
-8
0
6
4
2
1
6
8
9
12
20
24
21
16
14
15
16
22
22
21
14
2
-4
-6
8
17
8
-3
-13
-15
-15
-11
-1
-2
-5
-13
-21
-16
1
7
14
20
13
2
0
16
22
26
24
23
23
15
9
14
22
21
8
0
-3
-8
-12
-9
1
0
-10
-19
-21
-18
-13
-5
1
-5
-13
-16
-11
1
10
15
4
3
6
9
18
27
37
33
28
32
43
49
46
45
47
46
45
38
35
35
29
24
19
16
15
4
-3
-5
-7
-4
-9
-15
-11
-7
-6
-7
-6
-6
-4
-2
3
14
18
17
17
22
25
29
32
28
27
25
19
21
26
29
25
16
8
11
12
11
9
4
1
-4
-9
-5
3
4
-1
-6
-3
6
8
8
8
16
19
26
27
26
25
24
21
26
33
28
26
21
25
15
16
17
12
9
3
-5
-6
-7
-4
-10
-21
-22
-23
-28
-36
-30
-24
-26
-29
-30
-24
-20
-19
-15
-4
-6
-1
4
7
15
17
23
28
26
27
36
38
44
39
35
30
27
27
28
22
18
16
9
6
1
7
2
-5
-5
-2
-2
-9
-13
-9
-7
-3
-5
-4
-3
-7
-4
1
6
9
3
8
12
10
8
4
11
7
5
-3
-3
-8
-10
-13
-11
-9
-12
-22
-27
-29
-29
-24
-23
-22
-23
-22
-23
-18
-9
-6
0
-1
9
13
16
20
24
30
25
26
30
34
32
29
25
29
25
18
14
14
13
4
-4
0
1
-6
-9
-15
-12
-17
-26
-23
-10
-13
-16
-16
-16
-14
-8
-12
1
15
15
14
10
14
18
26
30
36
35
29
22
30
38
40
40
29
24
20
21
21
22
21
16
7
-1
-3
-1
4
2
0
-7
-13
-13
-8
-9
-1
-2
-5
-1
-10
-11
-7
1
13
10
6
4
1
6
13
11
17
19
10
2
1
4
8
5
6
-3
-9
-12
-7
-3
0
-1
-5
-6
-9
-4
-1
4
12
13
6
1
4
14
19
27
22
21
16
7
9
15
20
21
13
7
2
-1
0
7
6
0
-6
-10
-9
-9
-2
-8
-11
-16
-17
-19
-20
-13
-11
-10
-14
-13
-8
-5
-1
3
4
13
15
14
19
22
24
25
29
33
32
32
33
33
31
28
27
19
17
15
15
14
14
13
3
1
0
-1
-1
4
0
-5
-7
-11
-4
2
-1
-3
-7
-13
-11
-10
-8
-2
0
-3
-4
-8
-6
-7
-5
-5
-3
-7
-13
-14
-9
-10
-12
-10
-7
-8
-13
-10
-10
-4
-4
-7
-9
-10
-4
-3
-4
-2
0
0
-1
1
2
5
6
5
3
3
4
13
16
10
7
4
12
8
10
7
10
7
-4
-2
-4
1
1
4
1
0
4
2
6
13
16
9
10
13
15
13
19
24
23
26
28
23
19
23
26
23
22
23
17
19
14
13
11
8
4
6
2
-3
-3
-5
-1
-4
-7
-11
-8
-6
-4
-4
-5
1
0
-9
-6
1
3
6
0
-3
1
3
8
9
14
15
10
9
8
12
4
0
0
4
-2
-5
-9
-7
-8
-15
-7
-11
-11
-14
-12
-8
-10
-11
-9
-9
-4
0
-1
1
6
10
7
7
10
17
20
13
12
14
13
10
13
18
13
8
9
13
11
8
4
6
4
7
8
4
6
4
8
12
14
17
15
9
10
18
24
26
27
22
22
26
29
33
36
38
36
29
32
31
32
28
28
28
24
21
18
14
12
6
2
3
-1
-2
-12
-10
-17
-18
-13
-16
-15
-22
-22
-26
-22
-21
-21
-19
-18
-14
-15
-11
-6
-8
0
7
5
6
8
12
8
11
15
17
15
12
12
7
7
2
6
9
7
4
2
10
7
7
10
8
6
6
7
9
8
3
0
2
7
3
-2
3
2
1
-3
-6
-2
-1
-6
-9
-11
-15
-13
-14
-17
-14
-17
-19
-16
-17
-19
-18
-19
-15
-7
-6
-6
-3
-6
-3
-5
-2
6
8
10
8
11
14
14
19
18
21
25
21
22
26
26
25
24
18
22
16
13
14
17
13
3
3
2
-3
-4
-6
-2
-1
-2
-2
3
4
3
3
1
4
3
5
9
14
16
10
13
10
15
14
12
16
11
11
11
13
15
16
14
14
10
8
15
9
13
12
10
5
2
10
10
10
12
16
13
6
5
7
10
13
14
13
8
7
5
3
3
6
6
0
-1
1
1
-4
-3
-2
-6
-3
-8
-9
-10
-13
-12
-7
-5
-5
-6
-12
-12
-12
-12
-9
-9
-5
-1
-1
0
1
7
5
9
10
9
12
9
11
9
11
10
7
5
6
9
8
5
5
0
0
1
1
2
-3
2
0
-1
-1
-3
2
4
-4
-2
3
7
9
17
15
10
11
23
25
2
-23
-44
-61
-70
-51
-34
-35
-33
-21
-24
-23
16
49
59
61
60
31
-4
-21
-18
-28
-21
2
19
-3
-13
-15
-20
-24
-8
7
10
8
8
8
-6
1
11
8
5
13
9
-1
-3
-1
-4
-11
-4
-11
-27
-30
-21
-26
-25
-16
-7
-18
-20
-13
-4
-4
16
20
19
14
19
7
8
21
26
26
45
57
51
37
28
13
-5
7
4
1
-2
11
-12
-10
9
18
13
24
29
-4
0
14
6
-5
3
5
-18
-19
-9
-16
-27
-16
-21
-32
-32
-24
-33
-17
-5
-2
-8
4
3
-11
-7
12
11
-11
-4
-9
-18
-19
-29
-30
-45
-51
-44
-29
-38
-17
11
-5
-10
27
13
-10
5
7
-28
-20
7
-10
-17
-11
-3
-22
-14
-11
-7
-2
6
5
-15
-6
-8
-14
6
6
13
3
8
10
-6
-29
8
14
-13
5
27
1
-33
-10
-23
-16
-30
-8
-12
-35
-44
-6
-8
-22
15
-3
1
0
-12
17
-13
-20
13
4
-25
2
-6
-26
-23
-7
-12
-31
21
-16
-13
-12
-10
-6
8
11
3
5
-10
14
1
-43
41
14
-10
-7
13
-13
-56
28
2
-38
-24
39
-20
-57
4
11
-22
17
11
-11
9
11
-36
39
0
-3
25
16
26
-41
31
-12
-8
12
-9
26
-17
-9
-8
-35
8
38
-19
-38
53
-6
-54
31
-7
12
-25
6
-29
-22
-29
-35
23
-37
-26
-13
1
1
-51
9
29
-72
26
17
-55
42
-10
-45
20
42
-38
-5
37
6
-51
48
15
-35
30
29
-29
-1
73
-28
-46
45
30
-59
68
39
-35
-26
69
17
-92
112
57
-116
49
49
-12
-69
64
39
-48
9
27
-16
-37
7
-6
19
2
-41
3
-9
-33
11
6
-36
25
-2
-12
-21
-2
26
-39
-36
99
-55
-74
40
12
-44
-45
62
-12
-60
-26
21
-19
-41
48
-22
-28
70
-63
-17
76
-37
-26
32
6
-15
-25
48
-26
-37
32
26
2
-34
50
37
-63
41
56
-12
-37
52
24
-4
-50
34
21
-4
-45
72
20
-84
38
39
4
-58
34
38
-91
55
49
-13
4
23
9
-30
76
5
-54
70
23
-49
23
86
-45
-42
145
-10
-18
63
26
-17
4
74
19
-3
2
38
-27
-21
72
11
-32
60
30
-59
86
-28
-13
48
25
-21
4
21
-17
-40
49
24
-55
59
-56
33
2
-37
56
58
-35
-25
85
30
-96
65
59
-77
-19
83
25
-125
63
29
-38
-22
64
-5
-72
62
6
-53
26
-21
49
-84
30
39
-87
9
11
-17
-4
31
11
-26
9
0
43
12
7
20
2
-33
-2
45
-26
-3
27
5
-10
1
-35
46
-30
5
28
-41
16
-29
-21
52
-26
-40
84
-23
-60
57
13
-67
9
37
-58
2
33
-42
6
-11
20
-20
33
-15
-28
66
-59
-12
40
-5
-38
-7
26
-40
-29
14
29
-70
-9
57
-30
-50
56
1
-87
81
23
-58
4
74
-40
-37
45
46
-27
9
59
4
9
-19
48
44
-65
79
37
-17
-12
60
-13
-14
25
33
17
-53
82
-43
-17
78
-55
32
68
-29
-6
65
-23
-27
51
24
-5
18
24
-16
23
22
-8
-16
47
-22
-30
46
-13
-45
34
-28
15
12
-36
30
-6
-35
-6
29
-19
23
-15
3
35
-24
-12
52
-28
0
4
28
1
-9
53
-30
49
28
-19
51
34
-11
44
22
-12
39
-5
17
-10
-3
55
-30
14
18
10
-41
39
28
-37
-23
57
-26
-37
18
38
-32
-10
30
12
-34
1
-3
56
-47
19
46
-47
-11
42
-7
-14
12
-11
9
-37
17
41
-71
-4
54
-37
-20
-16
42
-12
-42
4
49
-30
-44
72
2
-63
16
80
-54
-22
87
18
-61
24
60
-11
-63
77
35
-59
44
25
12
-1
41
-3
21
59
-50
41
57
-48
-10
53
-3
-47
21
32
-27
-45
107
-105
-15
95
-41
-52
92
-13
-19
0
45
40
-11
-23
120
-11
-42
65
81
-49
23
45
29
-36
62
53
-39
5
65
-41
15
65
-62
66
-34
-19
66
-2
-7
62
14
-16
20
70
-14
-18
82
-5
-26
21
38
-2
-5
63
9
9
11
29
1
-1
-39
87
-2
-52
17
45
-48
-68
79
-2
-97
16
55
-101
-11
-25
35
-40
-63
78
-13
-63
43
46
-57
11
23
26
-18
-7
20
27
-46
9
-16
21
-5
-81
74
26
-112
16
97
-70
-40
81
20
-77
39
-6
14
-28
3
26
8
-44
-15
9
1
-21
-16
62
-24
-16
24
26
-14
34
8
35
24
-38
45
13
-22
26
49
-17
8
25
24
-5
-12
46
-23
-16
104
-59
15
80
-77
25
34
18
-5
-4
18
29
-59
38
56
-39
-25
70
23
-35
-8
80
-8
-65
109
12
-27
4
51
-18
-12
42
-38
20
40
-79
11
32
-57
28
73
-61
20
66
-44
23
77
-12
20
21
48
3
2
56
23
-3
22
28
-6
7
-7
38
-4
28
4
40
6
-9
43
13
9
-6
73
13
-49
94
-23
-6
20
48
-2
6
23
8
6
-22
-7
71
-59
-52
95
-6
-126
79
53
-84
26
66
-7
-11
5
36
21
-22
-4
62
-25
-49
44
48
-59
-36
108
-11
-107
83
80
-117
2
124
-105
29
66
-71
29
33
-36
41
5
-9
-1
-7
1
0
13
-39
35
-27
-3
-9
-9
31
2
-75
80
-13
-61
34
3
7
-49
8
51
-58
-33
44
35
-63
10
64
-53
-21
57
-17
-38
59
-14
22
-8
-14
58
-57
7
34
2
-17
-3
39
1
-7
-15
71
-23
-73
63
64
-100
-25
85
-68
-45
30
18
6
-62
38
71
-41
-41
114
41
-51
40
95
-56
18
31
7
2
19
45
-33
37
-3
-17
17
56
-55
33
45
-50
8
59
-21
16
75
-52
42
74
-34
-34
96
4
-73
105
41
-41
23
67
4
23
23
59
17
-4
61
25
-58
57
44
-57
-1
76
-19
-55
54
19
-38
9
70
-65
-9
58
-57
-25
64
-39
-60
57
0
-47
27
56
-55
6
78
-23
-3
88
-66
-3
77
-65
12
6
-12
-17
-14
9
-7
-37
3
-12
50
-39
20
22
-24
2
48
-7
-14
25
7
-27
19
51
-54
-10
28
12
-83
112
-65
-64
96
-58
-50
54
-24
-51
14
20
-28
23
-4
-38
65
-4
-53
54
20
-65
21
23
-11
-40
8
21
-50
28
12
-35
38
20
-39
31
51
-70
22
14
-28
20
18
-26
13
30
-9
-27
59
5
-33
24
30
-13
-22
13
21
-21
-13
41
-46
-22
30
-44
-16
54
-32
-13
34
1
10
7
9
31
-12
18
17
14
-30
48
16
-12
38
24
-31
83
-19
-12
80
-68
47
14
-11
-9
29
-30
41
-17
24
10
26
-13
18
41
9
-5
53
-1
-1
56
-21
45
30
-49
115
-40
-22
93
-3
-26
75
25
-53
47
41
-41
36
25
-14
67
-51
27
30
-9
-47
61
27
-51
4
89
-45
-45
79
18
-50
23
76
-54
-19
42
25
-51
-22
100
-40
-67
92
-2
-34
-5
48
0
-36
7
60
-56
25
15
14
-37
24
-36
40
-2
-76
37
51
-104
-18
162
-116
-44
88
23
-75
49
41
-64
14
-2
3
-33
14
-10
-62
50
6
-25
2
-5
39
-6
-66
61
45
-106
-13
107
-29
-88
45
47
-82
-16
31
19
-69
-10
12
2
-38
-14
32
-30
-61
38
14
-92
12
17
-15
-70
19
23
-60
-41
13
35
-37
-53
60
37
-79
-17
98
-67
-32
30
-23
-16
-9
-31
35
-24
-22
23
-29
17
-8
7
-4
6
11
-5
-5
9
29
-17
-5
27
46
-80
61
42
-75
20
28
-20
-12
62
-39
-1
0
24
-7
-39
26
17
-38
0
36
20
-39
-4
56
15
-32
27
52
-23
-27
33
4
8
-65
23
18
-55
-6
33
-44
-14
53
-44
-52
103
-9
-120
137
11
-90
34
62
-34
-60
50
13
-63
11
-2
-7
-18
-23
-9
18
-20
-35
31
-2
-66
16
25
-58
-27
22
0
-111
57
2
-105
27
33
-36
-51
56
15
-59
24
48
-53
-15
35
-44
-60
29
-32
-56
21
-20
-30
-11
-13
-3
-33
-6
-25
18
-16
-40
-13
32
-38
-44
48
18
-110
6
90
-117
-40
82
-48
-64
17
31
-36
-15
26
-9
-25
-12
10
8
-77
28
16
-95
0
64
-57
-36
51
6
-23
-11
31
15
-45
4
7
12
-38
-11
10
40
-74
-26
113
-79
-61
84
32
-120
47
64
-100
7
65
-27
-41
32
27
-27
-23
13
32
-44
-17
56
-24
-53
40
-15
-44
41
-28
-40
47
-8
-58
56
-1
-54
28
27
-31
-30
39
-27
-28
59
-30
-9
36
12
-53
35
13
-17
-34
33
12
-70
51
2
-46
23
-7
-5
-4
-26
13
-37
-7
-5
-2
-62
27
2
-54
22
-8
-10
-25
-4
-20
-8
-38
-6
-7
-16
-6
-16
-22
26
-95
24
29
-55
-14
28
-29
-39
1
18
-32
-38
38
-24
-66
14
35
-64
-31
32
-7
-48
-35
37
12
-124
27
54
-103
-37
52
-26
-75
16
-2
-20
-38
16
-1
20
-27
1
6
-17
-5
-21
40
-47
19
-12
-12
-32
15
-40
-24
8
8
-64
2
5
-34
-50
17
12
-43
4
-5
-35
-7
-26
-37
13
-35
-23
2
-14
-30
45
-34
-28
66
-7
-51
27
17
-51
-21
31
-25
-3
-18
15
8
-35
3
31
-30
2
30
-40
7
25
-22
12
17
-6
-6
-19
1
12
-23
-19
21
-11
-11
10
-4
-5
7
-60
35
-11
-35
-21
31
-15
-69
47
-7
-17
-5
15
-9
-25
14
-4
-14
-3
-37
3
-15
-67
-6
23
-83
-9
12
1
-63
18
22
-60
37
-4
-8
12
-30
-12
-16
-25
-23
-11
-14
-27
-19
-19
-50
15
-38
-26
35
-65
-22
24
-48
-63
33
15
-90
22
30
-67
-18
33
-35
-33
-6
2
-46
-21
13
-65
20
6
-35
9
-3
-9
-39
-23
27
-76
-14
32
-42
-33
13
34
-51
-12
34
-52
-40
23
-30
-56
2
-24
-30
-32
9
-17
-9
12
-20
-30
25
-10
-57
27
15
-76
20
35
-67
-26
50
-29
-72
58
13
-73
-24
12
-17
-60
-21
59
-41
-56
38
27
-67
17
40
-25
-45
59
1
-49
14
64
-34
-29
64
21
-41
12
25
21
-52
8
49
-41
-21
12
27
-31
-12
38
3
-38
51
42
-17
-1
59
11
-43
32
74
-73
-29
94
-37
-64
32
40
-46
-31
58
-3
-39
11
22
11
-21
7
78
-30
-15
67
17
-68
44
37
-22
-28
23
24
-73
-21
87
-40
-65
48
50
-65
-12
68
-31
-46
26
15
-13
-36
22
41
-60
17
45
-9
-20
40
-14
-8
-12
-3
-12
-6
-14
10
2
-25
-5
22
-9
-12
31
24
-37
14
33
-26
-14
38
-6
-54
46
-18
-21
3
-28
-7
-12
-21
3
6
-48
19
-3
-13
-12
5
22
-32
-18
46
-29
-50
12
6
-20
-28
31
-4
-62
20
18
-50
-9
5
-8
-37
10
-19
4
-26
-21
49
-47
-18
42
-25
-54
-1
-26
2
-50
-28
32
-23
-57
38
32
-38
10
70
-20
-22
51
7
-32
-1
41
-29
-18
15
-11
-3
-26
19
11
-33
-5
31
7
-56
32
2
-29
-34
52
-34
-32
43
14
-46
29
25
-50
56
-4
-15
42
-25
11
10
17
10
-8
16
21
-23
0
43
-23
-16
74
-35
7
66
-10
-5
43
21
-13
10
19
-7
-28
31
-1
-38
-1
17
-38
-42
51
-16
-61
78
-4
-39
18
16
-4
-6
-5
24
-14
-7
-32
0
22
-49
-9
51
-25
-46
53
31
-32
20
60
-27
8
22
-8
-18
15
-10
-6
-4
-35
28
-45
-12
32
-7
-17
22
15
3
-15
40
14
-12
10
12
-8
5
7
-12
17
13
-7
0
17
-14
-2
28
-7
27
23
-23
15
3
-20
-28
1
9
-10
-8
7
6
-37
2
26
4
-22
37
18
-39
15
35
-15
18
58
9
24
17
0
19
0
-13
37
0
-23
-23
28
-36
-35
38
-10
-9
20
43
-16
-1
44
32
-35
51
58
-33
18
53
16
-5
2
58
36
-42
55
69
-48
-8
54
0
-23
9
34
-17
-24
11
14
-28
-9
42
6
-12
4
35
3
-33
65
27
-39
1
58
-15
-38
38
12
-29
17
24
0
-9
36
16
3
27
27
28
34
15
51
21
-27
52
34
-42
18
29
-5
-14
33
24
-14
10
47
-5
-14
46
12
-20
22
17
-3
4
-12
54
2
-9
42
25
-14
10
34
20
-16
26
38
-26
14
21
31
-6
-7
52
3
-9
33
22
2
-2
24
29
-18
12
18
6
-22
-10
41
5
-41
42
42
-24
-18
66
13
-43
28
39
-11
-35
44
24
-32
-33
69
-4
-57
27
56
-22
-34
44
36
-40
2
53
2
-37
3
52
-23
-28
22
36
-69
2
39
-13
-38
15
45
-12
-21
21
48
-32
-16
41
18
-12
-18
46
12
-20
6
42
13
-27
4
19
-5
-46
5
18
-13
-35
10
20
-30
-32
46
-5
-9
16
9
-2
-2
25
2
35
-1
25
4
-8
-5
5
-24
2
-12
-20
17
-29
-9
32
-16
-2
21
18
-32
14
13
-31
16
5
4
11
16
15
16
-1
24
-12
21
20
-29
12
-8
-26
-23
6
-8
-31
1
15
-42
22
8
-51
3
16
5
-26
-11
35
-41
-44
65
29
-48
2
76
-34
-37
21
29
-16
-22
13
0
-20
-19
-12
21
-11
-35
31
1
-13
-9
11
10
-6
-12
31
5
-22
2
24
-13
-13
18
9
-14
2
26
-2
-20
27
-7
11
6
-18
29
17
-54
8
48
-44
-37
48
-4
-49
27
17
-16
-14
42
12
-10
12
9
29
-30
-11
30
-17
-6
1
23
-19
-37
28
11
-16
-14
10
25
-37
-11
33
-14
-20
21
28
-11
-9
25
-11
-30
22
8
-13
19
23
-15
5
15
2
2
23
11
23
20
17
12
15
-4
34
26
20
3
1
4
7
-47
12
13
-22
3
18
2
-33
33
-1
17
28
16
-3
30
-7
-1
5
6
-14
-22
9
1
-22
-25
23
-30
-4
25
-11
-12
14
-4
-8
6
3
-12
1
2
-7
-29
-3
13
-35
-10
13
-33
-3
12
-28
13
-3
-12
-8
10
6
-13
15
-23
-13
17
-16
-11
22
5
-21
-1
36
-26
-53
22
0
-30
-8
15
-7
-53
4
17
-9
-8
21
8
9
-4
0
-4
-4
14
-9
25
13
-15
-1
14
-4
-39
8
17
-23
-19
21
-18
-13
12
-29
8
22
-23
-10
15
-9
-28
19
38
-34
16
35
-11
-6
42
4
-17
17
31
-20
-24
28
2
-37
-5
31
13
-45
6
32
-39
-19
17
22
-5
-19
-5
37
-10
-61
24
28
-50
-18
43
1
-42
9
21
-7
-5
21
22
-17
18
20
-5
-11
-3
10
-3
-19
26
24
-30
-16
34
-10
-46
9
5
-30
-8
10
-16
-30
13
-14
0
32
4
2
33
3
33
44
16
52
33
3
22
42
17
8
35
11
0
8
-6
20
-8
-21
12
-6
-45
-13
-10
-59
-18
-15
-43
-42
5
-34
-36
5
-31
-45
-25
-14
-10
-12
-17
-6
-21
1
-18
-20
1
-5
-19
-5
-6
-1
-16
-5
18
-4
-14
-9
1
-2
-20
-10
-10
-5
-20
12
16
-12
-4
25
-16
8
22
16
19
-4
34
18
-15
0
35
0
-20
35
24
-12
1
17
9
-7
10
23
-7
20
7
-17
12
0
-34
-15
15
-41
-20
-1
-17
-21
-15
-6
-35
-4
0
-43
10
12
-24
-8
12
4
-5
17
33
18
-8
29
3
-13
19
10
-20
3
25
-26
-30
33
-10
-26
11
18
-9
1
18
5
14
28
5
20
28
20
22
11
16
16
16
10
21
12
11
-8
-1
25
-5
1
30
8
-4
-6
1
3
-19
-7
6
-18
-30
-4
-10
-37
0
11
-27
-2
21
-16
-26
15
15
-29
-22
26
-4
-44
1
10
-47
-38
5
-29
-33
-9
-14
-30
8
6
-14
16
20
-1
17
14
2
4
-6
0
4
13
-5
-5
13
2
-16
12
-12
7
1
-16
25
0
-28
18
13
-10
9
26
-5
-2
17
-13
-4
3
-14
-2
16
-26
-5
-2
-37
-21
-9
-27
-22
5
0
-31
-18
5
-15
-21
-1
10
-13
-40
8
-1
-40
-5
45
-14
-8
51
16
-21
12
7
-16
-2
-7
-12
-4
-20
-19
-23
-23
-16
-10
7
-8
-10
9
-26
-26
8
10
-15
23
41
-21
-8
25
3
-27
-6
31
2
-18
10
6
-8
-25
19
31
-3
15
26
0
15
-9
2
21
-13
-8
19
-1
-18
-9
20
-16
-8
50
5
0
32
44
-8
8
49
11
-9
27
7
-10
13
-20
-5
6
8
-1
-4
-4
1
5
-9
23
15
-24
-8
14
-12
-8
12
4
-14
-15
1
14
11
-3
3
13
-6
-11
15
18
0
-17
37
15
-19
14
15
-26
-15
13
12
-2
9
6
5
-2
-15
27
12
9
13
28
24
-11
13
22
-9
-21
12
18
-23
-28
19
4
-30
-1
26
-4
-10
15
10
-9
5
-9
-1
4
-17
-6
15
-8
-30
-1
4
-29
-9
21
-23
-9
23
-5
2
10
6
6
14
7
13
16
1
4
5
4
-2
7
3
0
-9
9
14
-2
3
16
15
2
8
15
12
-1
7
18
4
16
15
2
22
14
0
7
23
9
-4
9
13
-6
-4
2
7
-1
-12
0
7
0
-8
5
8
-8
-7
13
8
-2
9
18
10
7
9
6
15
10
0
14
10
-8
-4
9
3
3
6
16
21
10
10
38
31
9
36
35
17
21
27
17
5
15
11
1
9
4
-1
3
-1
-2
0
-9
-5
3
3
-4
3
12
-1
0
13
9
-4
11
23
3
5
8
2
-7
6
11
5
14
7
4
-5
2
7
2
4
6
11
-5
-8
0
-3
-13
-4
19
11
-2
-1
17
8
0
22
26
6
8
19
7
-5
15
17
1
10
13
11
10
8
12
14
5
2
12
12
5
11
19
8
16
21
24
15
10
8
6
7
1
3
-8
-8
-7
-12
-13
-1
-1
-6
1
5
1
-4
9
3
4
19
6
8
15
3
6
17
19
8
10
19
1
6
10
5
0
3
5
-7
-12
-1
-9
-4
7
5
9
9
6
14
6
-7
4
13
7
5
7
5
-3
-7
-2
3
-11
-8
2
-14
-12
-8
-16
-4
5
-5
3
3
-6
-1
5
2
-6
-9
-4
-5
-9
-5
-5
-7
-3
-7
-6
3
3
0
-3
1
0
-9
-1
-3
0
9
8
5
6
10
6
2
12
12
10
15
8
-4
-1
1
-9
-2
6
0
-5
0
-1
-3
1
0
2
4
0
-3
0
-5
0
1
2
-3
-1
2
3
-2
-13
-3
-1
-6
2
10
3
5
13
6
-3
-1
0
-5
-5
-3
-5
-8
-8
-3
-4
-11
0
5
-1
3
2
2
9
7
4
7
7
-2
3
9
-4
3
6
-3
-4
-1
2
-4
2
7
1
-1
2
-2
-2
-3
-4
-6
-7
-8
-9
-8
-8
-8
-7
-7
-6
-3
-5
-2
-7
1
4
-6
7
13
7
8
8
10
6
2
13
13
9
12
12
14
6
3
15
4
-2
3
8
-5
-8
6
0
-9
-10
0
-4
-8
-3
4
-2
-7
-6
1
-5
-15
2
-1
-16
-14
2
-6
-11
-6
4
2
0
6
8
-2
-10
-3
-10
-13
-11
-4
3
2
0
10
7
-3
4
4
-1
1
2
-2
-14
-6
-3
-2
-9
-3
-3
-14
-7
1
-4
-7
-2
0
-2
-12
4
2
-3
-4
2
11
-1
0
2
-4
-11
0
-3
-6
-8
-7
1
-7
-8
2
3
-4
-2
-1
-2
-11
1
8
-4
-1
6
-2
-4
-2
0
1
-5
0
0
-5
-4
-2
-5
-5
-8
1
-3
-6
-2
-1
-13
-10
-3
-16
-17
-9
-11
-15
-11
-4
-7
-5
1
1
-6
-7
-5
-3
-9
-11
-11
-17
-16
-14
-16
-16
-16
-19
-12
-12
-16
-15
-13
-12
-9
-9
-11
-13
-11
-15
-15
-14
-22
-16
-20
-27
-31
-29
-29
-24
-23
-21
-12
-21
-16
-10
-8
-12
-9
-9
-8
-10
-4
-4
-7
-9
-5
-5
-12
-7
-10
-9
-11
-9
-5
-13
-7
-4
-11
-8
-6
-13
-9
-4
-10
-16
-12
-16
-22
-19
-18
-14
-14
-15
-10
-14
-16
-9
-9
-9
-3
-1
-3
-6
-11
-7
-10
-11
-8
-10
-14
-14
-11
-15
-15
-14
-13
-7
-11
-11
-3
-7
-11
-5
-2
-11
-9
-3
-7
-14
-9
-10
-16
-11
-12
-12
-11
-9
-6
-9
-6
1
-2
-14
-11
-15
-17
-17
-22
-18
-15
-11
-10
-5
0
5
6
10
15
12
16
13
16
15
10
6
5
6
2
2
2
0
1
5
3
-3
-1
0
-3
-9
-11
-8
-12
-14
-12
-6
-13
-12
-10
-10
-9
-9
-7
-7
-7
-12
-15
-12
-14
-20
-21
-21
-19
-25
-24
-18
-16
-15
-13
-10
-16
-17
-10
-12
-13
-17
-15
-13
-10
-17
-19
-12
-18
-17
-16
-20
-15
-9
-17
-20
-11
-12
-20
-14
-17
-20
-20
-18
-22
-24
-23
-23
-17
-16
-17
-11
-11
-21
-18
-23
-25
-25
-20
-16
-19
-21
-19
-17
-21
-21
-16
-22
-24
-20
-23
-20
-20
-27
-28
-21
-20
-22
-24
-20
-22
-22
-25
-24
-26
-22
-18
-19
-19
-15
-21
-23
-12
-21
-20
-21
-18
-21
-24
-22
-20
-18
-18
-22
-22
-18
-29
-24
-25
-20
-22
-24
-23
-20
-19
-18
-16
-16
-14
-10
-10
-13
-15
-12
-13
-11
-10
-12
-10
-8
-2
-4
-4
0
-3
-2
-2
-1
-2
1
1
-2
0
0
-6
-6
-3
-6
-8
-6
-7
-1
-9
-7
-6
-9
-4
0
-3
-9
-4
-5
-15
-17
-15
-22
-23
-18
-19
-18
-17
-15
-17
-12
-11
-13
-11
-11
-15
-14
-9
-10
-9
-9
-4
-11
-11
-11
-15
-20
-16
-18
-24
-21
-24
-26
-24
-22
-25
-19
-22
-25
-25
-26
-23
-22
-22
-23
-18
-16
-21
-15
-12
-15
-14
-7
-12
-8
-8
-8
-5
-9
-10
-1
2
-6
-1
0
-4
-8
-5
-11
-14
-9
-13
-15
-13
-14
-18
-19
-17
-20
-18
-20
-21
-13
-17
-19
-15
-11
-13
-7
-7
-9
-9
-10
-6
-14
-11
-13
-6
-10
-11
-6
-10
-8
-16
-11
-15
-11
-16
-10
-14
-14
-10
-12
-10
-8
-3
-3
2
1
3
4
1
4
3
0
2
5
0
5
-1
-1
-1
1
1
-4
-2
3
4
1
1
1
3
-1
7
6
2
2
6
1
2
0
-2
1
-1
-3
-5
-4
-8
-5
-8
-10
-9
-7
-8
-9
-7
-5
-8
-7
-7
-5
-5
-6
1
3
0
3
1
1
7
6
2
1
0
-1
1
-1
-2
-3
-6
-7
-3
3
-3
-3
-1
-7
-1
2
-6
-3
-6
-6
-6
-7
-5
-10
-4
-7
-6
-6
-6
-11
-8
-4
-4
-6
-14
-4
-11
-13
-14
-15
-15
-17
-8
-9
-12
-11
-8
-5
-11
-6
-4
-12
-11
-12
-10
-13
-15
-8
-11
-10
-10
-11
-8
-12
-5
-7
-7
-8
-12
-11
-11
-11
-9
-11
-13
-9
-6
-3
-1
0
-3
-3
0
2
-2
-2
-5
-9
-9
-7
-6
-12
-9
-9
-8
-9
-9
-8
-9
-11
-6
-4
-5
-7
-8
-6
-10
-12
-10
-7
-8
-6
-9
-11
-15
-13
-6
-5
3
-5
-1
4
-2
-1
0
-1
-4
-3
-3
-1
3
5
1
3
5
6
6
10
6
2
6
2
6
9
7
4
7
10
6
7
7
8
3
1
-2
7
6
-3
0
-5
-3
-6
-7
-3
-8
-3
-3
-2
-5
-6
-1
0
-5
-2
-2
-1
-5
-6
-2
-5
-3
-2
-4
-8
-5
-7
-1
-3
-3
-2
-8
-9
-12
-15
-17
-15
-15
-18
-14
-13
-14
-10
-9
-11
-7
-8
-5
0
-6
-6
-2
-8
-12
-7
-9
-16
-13
-11
-11
-17
-16
-9
-10
-6
-8
-9
-8
-8
-10
-11
-8
-11
-15
-10
-12
-14
-13
-10
-7
-11
-6
-8
-9
-7
-4
-3
-6
-3
-1
1
2
3
10
5
2
6
8
4
4
6
-1
-3
1
-4
-5
-4
-9
-2
-3
1
3
1
0
2
5
3
2
4
5
0
5
7
7
7
3
