-17
-15
-19
-15
-11
-18
-9
-4
-8
-5
-2
-1
-3
0
-1
-3
-1
-4
-4
-7
-6
-2
-7
-11
-14
-8
-9
-8
-4
-1
-5
-2
-2
-3
3
-2
-2
-2
4
2
2
8
9
6
6
6
5
3
3
0
-3
-2
-6
-2
-3
-2
-8
-8
-4
-10
-10
-12
-14
-11
-14
-11
-9
-15
-13
-13
-14
-12
-12
-10
-13
-13
-8
-8
-9
-3
-3
-2
-4
-4
-3
-6
-9
-11
-8
-14
-17
-15
-16
-13
-16
-14
-15
-15
-11
-13
-10
-8
-9
-11
-10
-10
-4
-4
-8
-7
-9
-6
-5
-6
-6
-4
0
-2
-1
-6
-6
-8
-8
-12
-10
-9
-16
-11
-17
-16
-11
-13
-8
-7
-5
1
-5
2
-2
2
4
-1
0
5
3
-3
-1
-1
-3
-4
-4
-4
-5
-1
-5
-6
-2
0
0
1
7
3
6
8
8
4
4
4
6
7
7
10
8
9
8
8
4
8
4
3
8
6
3
0
-4
-6
-8
-5
-4
-6
-1
-6
-5
-3
-7
-9
-7
-2
-5
-2
2
2
2
0
3
1
2
6
3
0
1
-4
-4
-8
-2
0
-6
-5
-2
-1
-2
2
0
3
1
2
-2
-5
-3
1
2
4
6
3
6
7
4
-2
0
-2
-2
-1
-3
-5
-6
-4
-6
-2
-4
-2
0
-3
1
0
-1
0
-1
-2
-2
0
1
1
3
7
9
10
14
16
15
13
10
12
13
13
14
15
12
12
15
17
14
12
13
10
10
7
8
12
12
17
14
19
17
17
25
20
21
19
19
19
17
16
16
15
10
11
13
11
12
6
5
7
6
9
8
6
8
11
12
8
7
12
10
6
5
8
8
11
10
9
16
9
10
2
3
2
-3
0
-2
-7
-9
-6
-6
-6
-10
-8
-10
-4
-1
-3
-2
-3
-5
-3
-10
-5
0
-5
-4
-6
-5
-5
-6
-10
-1
-2
-5
-5
-4
-2
-2
0
-1
-1
-2
2
2
2
0
1
0
-1
5
13
8
10
11
11
10
9
13
10
11
9
9
5
7
5
3
5
5
3
3
-1
0
1
-2
-3
0
-2
2
5
2
7
7
11
10
11
9
15
15
13
18
16
18
19
16
16
17
15
12
8
10
12
10
11
15
12
7
10
7
7
12
9
9
8
7
6
7
8
8
8
6
9
7
4
6
9
6
8
8
8
11
8
10
12
12
14
14
15
19
22
20
19
22
20
18
20
20
23
22
23
24
21
19
16
16
14
12
10
16
11
9
14
8
7
8
11
9
9
11
10
4
8
5
3
8
3
1
1
-1
-4
-1
-4
-6
-5
-5
-4
-4
-1
-5
-1
4
3
9
8
9
8
2
7
9
6
4
2
6
3
3
2
0
3
1
0
3
1
0
-1
3
5
7
8
13
13
14
16
17
17
21
18
17
20
19
21
22
19
20
22
15
13
11
10
13
4
5
4
3
2
0
-1
-2
1
0
-5
-2
2
-3
3
5
1
3
7
5
4
0
6
6
4
5
2
11
7
7
7
5
7
6
8
8
8
5
5
4
7
9
5
7
10
9
10
6
5
8
8
6
8
9
7
7
7
9
3
10
2
2
5
2
6
5
4
6
7
6
6
4
5
4
6
2
1
4
1
1
-5
-1
-1
-6
-8
-6
-4
-9
-6
-2
-2
1
2
1
4
1
-1
2
1
3
1
-3
-4
-2
-2
-4
-4
-2
-7
-3
-7
-9
-3
-4
-2
-5
-7
-6
-5
-4
-1
-3
-3
-2
-6
-2
-6
-5
-3
-5
-3
-2
-3
-6
-2
-2
-2
-3
-3
-7
-4
-2
1
6
1
7
2
3
-1
4
6
4
8
12
12
6
9
9
8
12
9
10
14
15
18
17
17
15
14
14
15
10
12
10
7
7
6
11
4
2
0
-5
-2
-10
-7
-4
-5
1
-4
-5
-5
-1
0
2
3
2
4
2
-1
0
3
6
5
4
4
5
7
6
7
5
4
2
-1
-3
-3
-1
1
4
5
5
6
1
6
7
10
4
8
12
11
10
8
7
5
5
2
3
1
2
1
1
-2
1
-2
-4
-5
-6
-4
-7
-4
-6
-7
-5
-4
-2
0
1
4
5
8
9
8
8
2
0
2
1
6
2
1
-1
0
2
2
-1
-3
2
4
4
4
-1
3
2
-1
-2
-7
-7
-3
-3
-5
0
1
1
-3
1
-1
-1
4
-2
-2
0
1
0
4
6
3
6
10
8
9
4
8
5
6
4
2
5
1
1
-4
-2
2
2
-7
-5
0
1
-2
2
3
5
11
7
6
5
12
11
9
13
17
12
13
13
10
13
7
4
3
1
0
0
1
-4
2
2
-2
2
2
4
6
5
5
2
2
1
-2
-2
3
4
4
4
11
5
6
10
5
4
8
9
5
6
7
9
8
8
8
8
7
8
6
5
5
2
2
5
4
4
4
5
7
12
6
4
9
6
8
9
7
11
12
10
14
7
13
17
14
14
13
13
15
16
13
11
10
12
8
12
7
9
11
11
6
6
4
5
9
8
6
4
9
9
12
14
19
20
18
17
14
13
8
7
4
2
0
5
-1
-4
-2
-4
-2
1
2
4
5
-2
5
4
6
10
10
14
12
11
12
13
13
13
11
18
13
11
14
9
11
3
2
7
4
3
5
7
8
8
5
10
13
13
16
18
20
20
26
25
25
24
22
20
16
13
13
17
18
16
15
10
14
11
14
14
8
10
11
14
11
13
11
11
16
16
22
18
14
18
13
12
14
13
8
5
0
-1
-3
-1
-1
2
0
1
6
9
7
6
10
8
10
8
9
11
11
13
13
14
11
16
8
11
9
3
5
4
5
5
1
3
3
3
3
4
3
1
3
2
3
4
8
-1
4
5
3
4
4
5
4
3
0
0
-5
-8
-3
-4
-1
0
3
3
5
10
6
7
6
5
2
3
2
4
9
12
16
13
12
15
14
16
9
6
8
7
5
5
8
3
1
4
1
1
5
4
6
3
6
6
4
7
6
3
11
14
16
17
17
15
15
23
19
17
19
15
17
13
12
11
12
12
12
15
10
9
13
21
22
24
27
28
27
25
32
28
27
35
31
33
30
29
33
27
28
22
26
23
21
15
17
18
13
13
12
14
15
15
15
12
9
11
10
5
9
7
5
1
5
3
0
3
1
0
4
2
2
5
3
3
5
0
-1
-1
-2
-4
-1
1
1
-1
-3
-5
-5
-4
0
-3
-6
-4
-4
1
5
2
4
-1
1
0
0
-5
-1
1
-3
-2
-5
-3
-3
2
-3
-2
-5
-7
-8
-12
-8
-12
-11
-13
-14
-11
-9
-9
-2
2
-2
0
-1
3
6
4
8
9
5
9
11
11
9
9
11
5
9
2
1
3
5
1
5
11
8
8
11
10
7
9
9
11
10
13
9
9
6
9
11
13
15
17
16
14
18
16
17
18
17
18
16
21
22
19
21
18
20
20
17
16
16
19
16
18
17
14
10
11
18
16
17
14
18
13
13
12
10
13
15
18
14
14
13
15
20
20
18
21
22
20
20
22
22
20
19
17
16
13
12
16
11
11
14
11
11
11
12
9
7
6
5
6
10
12
14
12
13
13
13
11
11
14
15
13
15
18
13
12
15
12
16
12
8
13
10
6
9
16
12
11
21
23
16
17
23
17
11
11
17
16
15
17
17
11
8
14
12
13
12
18
19
12
15
19
13
13
21
16
14
17
18
15
16
23
15
16
24
22
20
16
28
23
18
27
28
21
23
32
25
21
24
27
16
12
19
20
17
18
22
19
14
21
25
24
24
21
26
18
21
29
21
18
21
26
15
15
24
20
15
15
28
20
14
23
27
22
19
29
30
21
27
37
31
27
32
37
27
27
37
31
22
31
36
23
15
30
21
5
18
25
9
10
27
17
5
14
30
16
17
33
27
10
22
31
17
15
26
17
3
14
21
13
9
23
22
14
17
20
20
10
11
23
20
14
18
24
18
17
25
25
22
16
16
23
17
10
12
23
18
6
11
23
14
3
19
31
4
-1
27
17
-4
19
30
6
3
27
28
3
12
29
14
9
14
23
21
-5
9
30
2
-13
21
31
-7
-5
25
20
-21
1
31
-1
-19
9
21
-17
-8
31
5
-19
19
23
-16
-8
30
10
-15
8
23
-2
-17
25
20
-23
11
31
-14
-6
34
1
-18
19
17
-16
-5
34
9
-16
18
39
-13
-1
32
26
-10
-1
38
18
-14
13
44
-1
-10
40
26
-4
16
37
7
10
36
14
7
30
23
8
9
34
19
0
33
19
1
36
28
2
37
35
2
20
37
5
17
25
23
16
11
13
23
14
6
13
19
15
2
20
34
11
13
38
21
13
26
27
17
23
23
20
29
9
21
29
28
3
22
40
16
8
35
34
5
24
27
28
6
12
24
28
2
18
41
25
8
26
33
6
9
37
10
12
33
15
8
17
25
10
9
18
7
9
5
12
21
-9
9
25
-1
-11
21
17
-15
9
34
-5
0
27
24
3
3
42
16
-10
23
36
-19
-3
37
17
-26
17
52
-15
-21
52
19
-32
16
45
-12
-22
37
10
-17
14
12
-8
7
12
6
-11
7
15
-18
0
33
-10
-15
27
6
-16
13
28
9
4
29
20
7
10
24
9
10
26
11
4
29
7
5
31
19
9
22
21
22
11
31
16
12
30
34
2
13
50
18
2
19
63
6
-18
55
52
-34
23
65
-3
-14
45
20
-3
15
23
19
17
20
12
31
11
9
32
23
0
27
40
-19
24
42
3
-15
36
33
-30
14
34
11
-14
24
24
-5
-1
29
5
-1
25
-1
10
8
17
9
11
23
29
11
5
23
41
-7
-5
36
10
-10
-6
38
1
-25
17
24
-21
3
24
3
-11
13
17
2
-14
32
21
-23
9
44
-5
-19
41
4
-1
11
12
3
21
-21
26
17
-23
-4
44
-21
-15
42
-2
-33
28
12
-40
28
22
-35
17
35
-19
6
37
20
-10
31
26
0
-9
24
14
-10
2
22
-2
-21
23
8
4
-9
22
14
7
4
16
35
11
12
24
35
16
18
16
27
23
1
6
37
19
-30
21
45
-21
3
37
18
-9
19
28
1
18
12
18
4
-2
14
27
-16
3
36
4
2
24
31
4
16
23
29
8
21
16
15
21
22
8
16
38
-9
-3
37
13
-22
20
35
-9
-1
38
-5
2
17
1
7
9
0
3
14
-14
-4
6
9
-13
15
5
-1
27
-3
7
26
6
-1
20
27
-6
7
36
-8
-6
38
19
-27
27
66
-49
13
61
1
-39
38
49
-36
-2
63
0
-16
44
29
-26
46
43
-26
31
41
-3
-4
46
20
-21
19
49
0
-23
42
42
-31
17
40
9
-11
31
14
-6
21
7
-5
30
19
-12
15
19
16
-12
13
50
-11
-19
43
25
-41
12
49
-20
-38
48
6
-37
-15
36
-12
-31
14
17
-34
9
2
-24
17
9
-10
-10
33
11
-32
28
26
-32
-4
34
2
-30
8
39
-11
-34
62
29
-60
25
60
-27
-14
52
27
-40
26
29
-4
-3
15
28
6
-9
44
2
-10
25
18
-11
0
34
10
-32
15
31
-45
2
17
-4
-25
26
2
-15
0
-7
9
-10
0
0
1
4
9
-18
1
18
13
-40
22
53
-48
-15
84
-13
-59
78
30
-59
3
82
-44
-40
65
26
-69
38
52
-30
-16
68
12
-27
22
47
-3
-23
33
21
-19
0
29
-11
-4
23
-19
9
3
-3
-12
10
9
-10
5
23
-1
-15
31
2
10
-2
4
34
-15
-25
55
3
-39
15
38
-18
-22
47
8
-34
7
49
-27
-16
59
-19
-22
37
-10
-21
27
-16
-6
34
-14
1
17
2
19
-30
20
0
1
-17
-1
41
-35
-4
29
-16
-19
24
-5
-15
-4
37
-21
-24
53
-10
-46
32
37
-39
-1
29
20
-51
11
40
-30
-3
10
35
3
-23
28
34
-28
10
41
-3
-14
33
23
-24
-2
78
-41
-13
55
20
-45
10
57
-37
-5
22
13
3
-3
11
29
-2
8
11
9
27
-6
-22
34
12
-33
13
19
6
-39
5
18
-35
-14
5
-7
7
-39
0
28
-25
-28
40
-3
-22
6
25
-4
-28
36
-2
-12
23
5
-5
9
17
-1
-14
33
-11
10
-23
9
15
-25
-1
27
-14
7
2
-5
-12
22
-9
-22
34
9
-29
-1
37
-7
-35
30
27
-42
1
31
-18
-23
1
1
-21
-15
8
-21
-22
16
-7
-30
-9
22
-42
-14
22
-2
-49
2
38
-29
-44
23
18
-61
7
15
2
-39
7
43
-46
-28
58
-24
-59
20
53
-73
-17
68
-25
-42
27
34
-37
-17
37
6
-59
28
26
-76
17
24
-24
-37
18
31
-51
-19
68
-23
-42
36
21
-59
13
30
-32
-25
13
14
-53
7
22
-30
-31
38
-19
-6
-3
8
11
-32
1
22
-35
0
11
-23
-10
37
1
-39
36
28
-59
15
53
-34
-24
51
18
-17
-11
70
4
-51
51
23
-44
9
49
-12
-40
44
38
-75
14
46
5
-68
35
49
-48
-34
82
17
-71
34
60
-16
-46
61
33
-84
22
70
-51
-49
48
15
-55
-12
53
-1
-42
-1
64
-32
-41
60
14
-51
20
54
-23
-12
21
38
-26
-3
61
-10
-36
52
-10
-14
4
31
-23
-1
19
-7
-6
-8
32
-32
-5
27
-3
-25
56
-6
-32
54
7
-25
12
34
-32
-10
23
-6
-11
6
-10
7
-34
8
16
-20
-24
29
16
-56
29
42
-38
2
35
5
-32
40
-8
6
-8
9
19
-41
1
27
-40
-29
22
15
-41
-31
76
-15
-63
63
37
-37
-12
79
13
-81
92
36
-43
-8
61
-1
-48
14
49
-13
-43
56
27
-32
29
15
14
-21
8
8
26
-25
-2
46
-19
-8
43
-17
-11
39
-24
0
11
27
-29
-26
62
-1
-73
39
37
-37
-31
59
-11
-61
33
29
-45
4
46
-37
12
14
27
-31
9
37
-8
-15
18
21
-4
-9
3
29
-23
4
-25
58
-25
-19
25
12
-4
-10
41
-2
4
-18
23
20
-43
9
0
2
-45
17
29
-43
-5
31
-8
-30
-7
56
-50
-45
46
19
-55
-17
42
-19
-69
8
33
-60
-18
23
18
-72
12
21
-23
-34
35
34
-69
43
21
-6
-24
17
12
-20
-26
12
19
-28
-26
29
18
-66
30
32
-35
15
10
-13
16
6
0
2
16
-23
31
-14
2
23
-16
-1
26
8
-46
40
28
-26
-24
33
4
-61
14
24
-30
-51
72
-11
-43
43
50
-49
22
53
-21
17
37
-3
4
48
2
-8
33
14
-9
8
19
34
-18
11
27
15
-26
23
30
-12
-17
38
9
-22
9
43
-15
-31
78
-19
-33
59
26
-38
26
37
-20
-16
22
14
-48
22
20
-29
-9
20
-8
-37
31
14
-35
0
37
-31
-20
23
14
-54
10
0
-12
6
-14
-8
29
-19
-26
34
-7
-49
40
-24
-3
9
-36
18
-22
-12
7
-2
-20
-6
12
-25
16
11
-24
-6
21
-9
-19
37
-47
4
36
-38
-28
60
-47
-46
23
-5
-47
-9
9
-54
-4
-40
5
-34
-20
2
-19
-33
7
2
-62
21
40
-59
-32
50
-10
-49
-50
87
-59
-88
63
-5
-87
-1
25
-43
-13
8
-26
-4
18
-57
39
9
-57
37
6
-34
0
8
9
-43
32
9
3
-41
36
55
-95
42
61
-76
12
68
-43
-8
55
-24
3
64
-37
3
71
-22
-22
61
38
-71
40
88
-64
-4
61
4
-54
69
-1
-41
38
-20
-5
-2
11
-21
-7
-5
21
-39
-3
40
-15
-35
33
51
-31
-24
88
12
-48
64
49
-28
7
68
-4
-7
33
40
-5
9
79
23
-43
60
58
-93
10
67
-74
-70
49
-20
-84
11
-21
-6
-42
14
26
-6
-38
47
29
-48
13
62
-54
-15
49
-2
-49
36
15
-51
23
3
-9
-38
17
-22
3
-34
-7
-1
3
-59
36
13
-90
29
51
-65
-38
87
-60
-57
33
1
-36
-39
35
-31
-28
-30
25
-11
-55
-5
40
-37
-57
81
-8
-76
44
44
-52
-20
53
-17
-43
5
15
-19
-34
9
16
-41
-11
27
-22
-20
1
22
-22
-23
-2
-3
-11
-22
-12
33
-27
-34
80
3
-52
71
13
-32
10
38
-9
-31
47
-2
-43
42
5
-34
28
28
-43
35
13
-42
26
11
-23
1
34
-11
-18
38
3
11
-8
31
14
-7
4
30
-14
-16
15
11
-17
-5
24
-12
-12
-6
37
-29
-15
19
7
-32
-1
21
-13
-13
-3
-3
-18
-6
-13
-15
-17
-6
-7
-20
0
21
-29
-5
31
-2
-48
28
26
-53
9
23
-8
-42
0
34
-27
-16
40
2
-29
17
10
-27
3
18
-29
6
10
-16
-12
13
-14
-10
16
-1
-18
-18
5
-22
-21
-2
-7
-53
-11
-4
-56
-14
-12
-32
-18
-8
-18
-36
-27
-22
-25
-7
-31
24
-13
-27
2
-18
-28
-39
-25
5
-66
-32
3
-36
-43
17
-13
-38
21
-20
-26
-5
-36
-18
-16
-6
-28
-23
17
-28
-7
-10
-5
3
-29
16
-25
-29
-1
-16
-34
-3
-8
-45
-3
-1
2
-15
15
-1
11
-19
1
6
-34
-28
1
-7
-16
-27
5
24
-94
14
82
-52
-38
83
12
-57
40
51
-7
-16
60
24
3
-34
27
22
-46
9
44
-15
-36
38
18
-33
3
63
-12
-34
47
31
-59
18
76
-28
-10
65
13
-30
24
19
17
-1
21
26
15
-20
20
1
12
17
-6
25
30
-5
5
45
6
-26
58
17
-9
-8
7
26
-57
16
38
-33
-37
25
14
-51
3
24
-26
-52
30
6
-51
-15
20
-8
-13
16
20
-13
-44
35
20
-8
24
33
-25
16
17
-15
47
-3
-28
5
14
-69
7
-8
-51
18
-30
-22
-37
-41
11
-35
-9
-1
-50
22
-35
-4
-10
-25
-42
-27
-29
-38
-30
-16
-43
-7
-28
-21
25
-13
-40
40
-15
-31
9
-14
-30
19
-14
0
-8
-21
-67
-11
27
-62
8
39
-19
-22
29
20
-24
0
11
-1
-27
11
-29
-15
-28
-3
30
3
-21
56
-27
-24
24
11
-34
7
38
45
-49
34
36
-70
23
22
20
-10
8
29
-41
-1
51
-28
1
-13
42
-27
-74
55
4
-80
44
69
-60
-25
29
-38
-12
-14
28
-15
16
13
-34
10
36
-47
23
42
9
-34
26
-9
-8
-13
-3
40
40
-46
-1
31
-27
-28
28
21
-47
-42
5
-49
-27
0
-53
3
35
-55
-34
2
-45
-28
24
-2
26
-12
-27
17
4
-34
-17
57
-27
-37
-7
-37
-39
-42
-34
13
-31
-27
-4
-27
-46
-23
-1
-27
-29
-33
-35
-75
-41
-22
-62
-41
-1
-35
-76
-8
-25
-38
-30
-15
-24
-37
-63
-26
-18
-56
-54
25
-43
-67
8
-17
-55
-35
-4
-27
-29
-16
-21
-9
-23
-21
9
13
-3
-4
27
8
-3
38
29
35
48
43
48
49
46
40
67
83
57
50
76
56
28
55
82
38
35
73
61
15
37
46
31
15
36
26
-7
20
-5
-6
4
11
-7
-4
6
-17
-20
-7
-6
-22
-29
-24
-42
-62
-67
-67
-54
-87
-90
-53
-77
-97
-78
-55
-76
-80
-54
-76
-88
-80
-101
-115
-71
-115
-134
-72
-110
-179
-138
-114
-154
-185
-145
-176
-244
-256
-233
-208
-119
-8
27
-27
-42
29
76
140
251
294
253
244
308
304
263
292
291
259
236
232
211
111
32
31
48
34
15
-21
-82
-145
-150
-103
-108
-105
-110
-125
-128
-130
-104
-92
-83
-47
-32
15
42
24
23
44
102
166
201
209
191
172
188
228
249
247
227
175
127
104
87
46
4
-34
-66
-85
-117
-153
-193
-202
-191
-173
-153
-150
-169
-165
-160
-116
-63
-63
-58
-49
-56
-28
-25
-13
-11
-30
-38
-45
-62
-89
-125
-139
-153
-160
-171
-207
-222
-251
-269
-267
-285
-325
-387
-440
-433
-373
-215
-72
-94
-179
-174
-66
67
178
297
333
273
276
349
430
437
397
392
399
363
339
323
217
118
91
123
132
92
-16
-140
-187
-163
-100
-72
-104
-174
-222
-211
-155
-101
-86
-104
-107
-67
-27
16
26
24
24
83
154
198
180
110
109
170
217
240
246
205
130
120
175
208
190
130
76
47
30
21
21
-22
-85
-111
-99
-102
-119
-150
-156
-136
-106
-65
-59
-78
-93
-64
-3
34
46
34
11
-19
3
27
33
-4
-59
-77
-104
-127
-141
-154
-185
-196
-175
-211
-253
-264
-287
-287
-272
-301
-361
-420
-482
-506
-459
-273
-71
-48
-201
-282
-99
75
175
339
428
342
255
358
519
547
515
485
464
439
385
344
295
205
123
115
159
117
-55
-200
-242
-179
-85
-91
-174
-245
-335
-345
-235
-82
-49
-147
-177
-127
-85
-49
29
93
81
57
131
226
195
90
95
191
244
218
209
211
116
27
94
247
223
96
24
-24
-26
10
62
51
-37
-128
-160
-104
-68
-98
-130
-99
-93
-101
-59
-38
-74
-63
23
69
93
100
51
10
29
86
123
81
15
-30
-70
-81
-76
-98
-150
-197
-214
-220
-221
-228
-262
-293
-311
-307
-291
-317
-383
-432
-472
-507
-488
-343
-96
8
-167
-339
-177
128
256
323
434
416
260
291
562
725
636
485
454
488
454
376
356
317
184
67
108
168
30
-209
-271
-146
-82
-159
-255
-290
-332
-367
-274
-81
-39
-238
-341
-210
-45
-12
-6
71
90
-20
-2
219
326
155
34
191
330
211
109
205
258
139
81
229
271
61
-84
43
171
83
-21
-20
-57
-149
-151
-45
13
-90
-210
-208
-108
-69
-97
-76
-43
-71
-75
-1
56
45
16
23
57
72
47
11
6
19
-19
-55
-73
-113
-190
-196
-153
-159
-200
-253
-274
-282
-283
-269
-240
-264
-364
-411
-405
-416
-458
-489
-422
-188
-2
-111
-365
-299
56
254
299
375
396
263
215
451
749
771
539
379
426
477
413
396
425
307
72
-3
133
141
-81
-243
-172
-52
-132
-304
-315
-246
-301
-320
-158
-39
-210
-403
-271
-27
21
-64
-33
21
-52
-69
143
358
243
-15
22
255
274
129
172
298
156
-32
139
349
186
-37
58
201
141
22
17
39
-3
-32
9
59
-18
-184
-193
-46
34
-41
-108
-116
-124
-95
-2
60
16
-67
-81
-6
85
99
41
-19
-22
-17
-15
0
-29
-99
-151
-140
-131
-157
-194
-235
-241
-220
-214
-241
-270
-303
-316
-278
-253
-322
-415
-450
-452
-430
-333
-93
0
-215
-442
-237
169
295
249
288
298
161
187
517
768
632
362
289
383
448
396
401
404
252
25
27
196
152
-87
-173
-46
0
-146
-275
-234
-181
-241
-256
-133
-78
-268
-404
-232
0
-23
-153
-107
-9
-85
-130
105
299
105
-154
-13
292
241
32
108
270
104
-98
94
391
275
-44
-23
188
166
27
131
256
93
-104
-25
150
130
-17
-64
-2
-21
-115
-108
-2
-9
-137
-148
-44
-1
-57
-70
-22
-7
-32
-45
5
48
9
-53
-26
-1
-52
-97
-69
-35
-113
-164
-147
-139
-172
-183
-143
-144
-215
-242
-192
-142
-165
-226
-256
-304
-345
-362
-341
-315
-173
-44
-146
-391
-327
35
214
151
130
166
64
47
315
600
546
286
136
210
347
388
401
417
295
45
-29
189
330
178
3
7
33
-55
-103
-7
61
-30
-158
-139
-62
-118
-192
-103
27
-45
-206
-192
-81
-73
-88
25
92
-42
-211
-127
102
149
50
25
68
-11
-99
42
231
164
-19
-8
103
115
100
174
197
106
37
61
112
128
114
70
21
-5
-34
-59
-41
-9
-52
-122
-140
-121
-121
-123
-90
-80
-113
-141
-117
-52
-20
-49
-71
-50
-27
-48
-47
-7
-16
-67
-63
-28
-24
-66
-90
-80
-81
-94
-98
-85
-95
-152
-187
-159
-130
-146
-199
-256
-289
-315
-326
-329
-254
-153
-163
-300
-355
-195
-37
-21
-19
51
10
-78
24
262
326
221
160
185
202
221
292
333
275
167
128
193
289
272
184
140
132
121
115
154
165
100
28
20
49
58
35
12
-6
-20
-50
-57
-27
-8
-46
-70
-51
-48
-77
-99
-50
-13
-48
-89
-67
-53
-73
-75
-37
-42
-101
-127
-102
-66
-65
-51
-31
-59
-83
-41
32
59
71
67
14
0
77
143
130
89
64
11
-11
56
112
72
12
-25
-43
-22
51
89
38
-13
-28
-23
15
75
78
21
-33
-45
-11
30
36
6
-48
-82
-81
-54
-21
-30
-99
-148
-136
-106
-85
-75
-82
-125
-175
-163
-102
-85
-133
-164
-161
-180
-226
-226
-201
-230
-264
-230
-168
-173
-233
-231
-154
-89
-74
-44
3
-9
-28
36
145
189
173
139
138
153
193
247
276
248
184
157
187
239
251
227
192
162
147
143
158
181
154
95
70
87
90
64
44
32
11
-16
-31
-40
-44
-70
-90
-89
-123
-161
-148
-129
-145
-169
-163
-144
-166
-198
-167
-111
-111
-139
-120
-96
-102
-89
-43
-7
-4
0
16
34
53
78
95
100
113
125
116
110
134
144
144
138
133
131
113
102
112
131
109
76
73
68
41
24
38
40
11
-14
-12
-9
-23
-26
-19
-27
-49
-62
-64
-60
-46
-37
-60
-90
-106
-113
-108
-101
-107
-124
-141
-145
-143
-142
-138
-131
-129
-135
-137
-115
-100
-100
-84
-60
-55
-80
-88
-62
-49
-63
-71
-58
-48
-49
-37
-14
-7
-11
-14
8
38
43
48
66
60
49
58
74
70
56
58
48
41
35
41
45
29
16
16
29
24
19
25
15
-1
13
40
38
18
27
32
18
9
31
55
41
20
22
37
34
28
29
38
26
-11
-19
10
16
-8
-29
-32
-30
-37
-45
-39
-22
-27
-44
-43
-36
-22
-19
-23
-12
-5
-3
-6
13
19
26
32
36
39
23
12
22
33
41
40
17
-1
0
10
19
29
16
-9
-20
-18
-1
16
0
-25
-38
-38
-22
-8
3
-10
-33
-33
-13
11
16
14
23
19
-1
6
33
46
44
35
27
25
20
22
36
46
29
-8
-9
-1
-13
-25
-17
-12
-46
-71
-71
-54
-59
-87
-96
-82
-91
-98
-86
-77
-97
-116
-102
-80
-86
-97
-88
-91
-105
-104
-73
-47
-66
-79
-58
-38
-43
-44
0
23
4
-14
12
40
21
12
41
54
30
16
36
48
45
49
55
56
46
51
65
81
87
76
68
68
78
87
90
82
63
43
41
52
46
31
13
-7
-13
-18
-18
-14
-25
-56
-79
-64
-42
-50
-62
-52
-60
-81
-80
-58
-47
-54
-61
-59
-50
-47
-36
-20
-13
-4
0
0
6
14
14
24
31
31
31
26
35
40
39
37
25
21
28
30
26
29
21
9
-2
9
16
15
7
-3
-4
-2
3
4
12
12
2
1
4
6
11
15
8
4
8
13
4
-2
1
2
-1
-5
-2
-5
-22
-25
-16
-8
-11
-31
-41
-39
-40
-43
-38
-37
-53
-58
-49
-52
-47
-48
-55
-47
-40
-29
-25
-20
-11
-7
7
18
30
45
51
43
54
72
67
57
62
71
60
51
55
59
47
28
21
29
21
-4
-6
0
0
-11
-20
-30
-33
-33
-31
-24
-18
-35
-48
-38
-23
-11
-10
-10
-17
-19
-13
0
15
15
1
-8
5
13
17
23
15
2
-2
-5
0
6
-8
-16
-16
-20
-24
-5
0
-14
-28
-30
-13
-6
-10
-10
2
-9
-17
-9
24
30
8
16
25
26
20
32
49
36
15
11
29
35
25
20
24
12
-10
-8
10
5
-11
-22
-23
-25
-28
-26
-13
-8
-27
-41
-33
-23
-25
-22
-11
-8
-14
-16
-10
-5
8
9
6
8
13
17
15
18
27
30
23
14
22
34
41
36
37
31
11
2
21
31
20
-2
-12
-8
-16
-14
0
4
-11
-26
-24
-10
0
5
4
2
-1
9
9
18
26
33
37
24
31
34
35
43
45
52
41
29
30
43
45
34
20
16
26
29
11
3
7
1
-7
-5
4
-1
-23
-38
-32
-16
-18
-27
-26
-29
-37
-41
-20
-8
-18
-26
-24
-12
-20
-14
1
3
-11
-13
1
6
2
-2
4
7
3
3
13
12
5
6
9
9
2
3
6
8
10
5
3
8
9
9
18
18
2
-7
0
12
21
21
6
-3
-3
5
28
36
31
19
14
20
30
41
40
26
15
8
8
11
14
8
-1
-12
-16
-15
-21
-24
-28
-25
-23
-27
-28
-32
-29
-21
-15
-8
-15
-20
-15
-3
7
7
8
3
6
10
19
38
35
27
28
38
40
40
42
41
34
22
28
35
35
19
11
14
11
2
1
5
-1
-10
-6
1
3
-5
-14
-15
-9
-3
-2
2
1
-7
-10
1
16
12
11
21
30
25
25
37
35
25
25
33
35
27
22
22
22
17
13
21
17
15
14
9
11
8
3
4
11
10
3
2
8
5
6
17
18
17
14
11
17
23
24
29
31
29
18
11
15
19
9
0
-3
-8
-13
-14
-10
-9
-13
-17
-20
-24
-27
-23
-19
-20
-21
-22
-25
-27
-16
-17
-26
-22
-13
-18
-22
-22
-13
-7
-5
4
7
-3
-9
-3
15
20
18
17
15
8
3
14
25
20
0
-10
-3
-2
-7
-10
-11
-18
-21
-19
-17
-21
-22
-18
-19
-6
-6
-12
-15
-13
-8
-1
16
23
14
12
10
21
32
34
36
23
11
15
32
33
19
13
17
15
12
19
13
2
-4
-8
2
5
-10
-19
-18
-16
-15
-3
7
-11
-20
-15
-8
2
2
7
10
8
10
11
22
32
31
32
41
42
30
26
32
42
44
46
37
27
18
14
20
23
20
1
-9
-15
-15
-12
-7
-10
-20
-24
-23
-16
-12
-10
-5
-7
-13
-6
1
8
5
5
11
13
14
12
14
12
11
11
17
22
20
15
8
-2
-4
2
1
-5
-12
-16
-20
-20
-13
-18
-21
-13
-9
-15
-10
-4
-3
1
0
5
6
7
3
0
0
-3
-3
-1
8
-2
-11
-13
-16
-13
-10
-7
-13
-23
-30
-28
-19
-22
-22
-18
-21
-26
-26
-26
-20
-15
-13
-11
-13
-17
-18
-10
1
7
1
-8
-17
-14
-7
-3
3
3
-6
-16
-14
-7
-2
5
-1
-11
-17
-12
-7
-8
1
-1
-8
-10
-11
-5
-6
0
0
5
0
-9
-3
2
8
8
9
6
8
2
0
11
17
8
-3
-6
-1
-1
-4
-6
1
-3
-12
-10
-1
-2
-11
-13
-6
-5
-12
-8
5
0
-13
-8
4
11
-1
-2
6
5
4
7
17
24
15
13
18
19
23
24
29
24
15
17
16
18
20
12
13
11
1
-4
3
2
-3
-10
-17
-17
-18
-12
-10
-17
-22
-23
-22
-22
-17
-9
-7
-17
-22
-19
-15
-10
-15
-10
-11
-23
-20
-16
-7
-13
-25
-25
-21
-20
-21
-17
-21
-25
-32
-26
-13
-13
-16
-22
-17
-12
-17
-20
-13
-8
-16
-11
-3
-2
-5
-3
-1
3
-2
-1
-1
-5
-13
-16
-13
-13
-24
-24
-24
-33
-44
-41
-39
-48
-50
-55
-48
-43
-46
-47
-47
-44
-51
-38
-28
-33
-34
-38
-27
-25
-18
-11
-6
-8
-13
0
8
11
5
4
4
8
7
5
4
3
-3
0
4
-2
-12
-16
-20
-21
-16
-20
-21
-29
-35
-32
-28
-32
-36
-35
-36
-36
-32
-29
-30
-29
-26
-19
-21
-21
-16
-15
-14
-12
-14
-11
-6
-11
-15
-12
-11
-14
-19
-8
-7
-9
-16
-18
-10
-9
-6
-8
-6
-11
-15
-13
-11
-10
-13
-10
-3
0
2
3
6
13
8
13
18
23
23
18
23
28
27
18
17
12
6
3
3
1
-1
-11
-12
-16
-16
-20
-24
-32
-37
-37
-36
-33
-38
-41
-44
-38
-32
-32
-34
-30
-31
-28
-23
-16
-11
-12
-14
-11
-5
-3
-3
2
6
4
5
-1
2
-2
-2
-1
1
-4
-12
-14
-19
-17
-20
-15
-13
-19
-28
-25
-18
-16
-19
-19
-19
-21
-23
-18
-18
-16
-13
-17
-16
-17
-18
-14
-11
-11
-10
-12
-15
-21
-17
-21
-22
-25
-23
-31
-39
-32
-29
-24
-28
-32
-36
-36
-31
-27
-19
-23
-29
-26
-23
-24
-16
-11
-7
-5
-6
-5
-3
-2
6
10
6
8
1
-2
1
-1
0
3
1
-7
-13
-11
-8
-12
-14
-16
-15
-19
-20
-19
-21
-21
-20
-18
-14
-15
-11
-5
-8
-8
-3
2
6
8
9
14
9
14
19
20
29
24
21
19
20
22
22
18
13
6
7
12
7
4
0
0
2
-1
-1
-7
-9
-6
-10
-10
-8
-6
-16
-21
-18
-14
-15
-22
-19
-17
-20
-19
-12
-10
-14
-15
-4
-7
-10
-8
-1
-3
-9
-11
-6
3
-2
-4
-6
-11
-8
-8
-8
-9
-16
-11
-11
-5
3
-8
-12
-9
-5
-4
-3
-6
-7
-15
-16
-11
-8
-2
-7
-15
-19
-16
-18
-19
-23
-23
-26
-29
-23
-29
-25
-30
-31
-32
-30
-24
-33
-31
-30
-30
-36
-38
-36
-38
-34
-30
-27
-29
-28
-24
-15
-10
-9
-5
-5
-10
-8
-2
3
4
4
3
-1
-2
-3
5
6
2
-3
-1
-2
-6
-4
-10
-8
-9
-7
-7
-7
-6
-5
-6
-9
-2
0
-2
-6
-6
-8
-9
-5
-7
-6
-10
-8
-9
-10
-14
-13
-12
-14
-18
-20
-13
-15
-18
-18
-21
-20
-16
-20
-15
-16
-16
-12
-12
-8
-5
-2
-3
-3
-1
6
8
11
14
14
12
10
4
9
11
7
5
4
1
0
4
6
2
6
3
2
3
1
2
4
4
2
1
2
1
5
8
4
6
1
11
1
33
50
18
-9
-10
-28
-51
-17
22
32
9
9
-20
-48
-59
-35
-32
-17
9
27
17
7
4
-5
-10
-3
-2
-23
-31
-33
-40
-55
-55
-47
-58
-66
-54
-50
-55
-40
-26
-25
-24
-17
-21
-21
-18
-5
-4
-1
1
-18
-24
-23
-17
-23
-32
-20
-21
-18
-14
-29
-34
-43
-41
-41
-26
-24
-25
-26
-35
-41
-26
-25
-41
-30
-5
19
6
0
-5
-15
-55
-30
-20
-23
-41
-26
-34
-48
-51
-42
-50
-66
-34
-4
-7
28
72
38
6
10
13
-41
-4
23
20
-16
36
15
-21
-18
8
-14
-11
30
29
-5
-1
3
-24
-37
-2
1
-10
-9
32
25
-15
5
28
5
-10
50
35
12
36
49
20
13
57
7
-24
2
1
-43
-21
6
-36
-46
-16
-29
-53
-13
-23
-20
-6
-1
-28
-16
-31
-21
-5
14
5
-14
17
-4
-25
-12
-5
-30
-26
-2
-14
-10
-5
-8
5
2
17
18
12
22
32
7
35
53
-10
3
37
-27
-29
43
-9
-38
-32
12
-20
-70
-10
-10
-42
-36
-18
-23
-46
-31
-28
-44
-18
-12
-73
-33
2
-50
-57
-28
-2
-72
-43
-4
-50
-46
-5
-20
-57
-41
50
-65
-48
81
-7
-80
47
18
-47
-1
21
30
-13
-13
41
4
-3
-8
24
15
-42
-14
9
-7
-29
19
-29
5
-41
-11
3
-33
11
-24
8
-31
-12
-6
-52
13
-22
-2
-5
-16
0
-9
-40
0
9
-21
-25
28
-19
-41
21
-6
-52
25
-18
8
-6
-21
24
-29
-4
20
4
-47
22
14
-16
-3
42
-21
11
27
-28
4
21
-1
1
23
13
-40
10
14
11
-9
-2
11
-24
17
37
-32
5
48
-15
-22
59
-11
-40
47
5
6
-5
-2
24
-9
-9
4
50
-43
23
34
-28
-5
59
-49
-18
97
-36
-48
48
23
-67
7
86
-86
0
79
-108
30
40
-78
1
88
-76
-76
111
-60
-67
46
-36
-27
-35
-12
-50
-1
-43
1
-15
-61
16
-34
-40
-16
20
-42
-21
10
-12
-71
-19
12
-59
6
-49
-12
-4
-69
-34
14
-17
-58
42
2
-85
13
6
-71
3
40
-43
-26
53
-50
-28
26
8
-13
21
-10
-32
32
-9
-86
98
-4
-84
18
42
-81
-25
14
8
-14
-53
27
-11
-51
-30
55
-80
-34
34
-59
-33
12
-61
-38
-2
-41
-31
-4
-78
-10
3
-48
-45
38
-6
-77
12
64
-40
-41
111
12
-61
73
30
-32
34
43
-11
27
37
20
-6
23
48
8
-35
103
-17
-39
49
10
-22
32
10
-18
52
-28
-12
46
-6
-46
24
29
-40
-15
53
-23
-61
57
-23
-38
29
-15
-33
24
6
-25
17
6
-23
1
20
-34
-5
0
-2
-48
-16
7
-23
-53
1
32
-119
6
62
-72
-20
32
-13
-57
1
24
-34
-31
65
7
-81
67
16
-80
18
58
-29
-72
68
-7
-65
-16
66
-23
-56
39
2
-60
-1
39
-93
33
-18
-55
-15
-16
-28
-63
4
5
-97
0
26
-120
-11
20
-74
-26
35
-40
-43
-3
-21
-19
-31
4
-43
-9
10
-63
19
3
-54
-16
18
-2
-41
2
38
-32
-53
30
43
-68
-44
79
-42
-85
63
16
-58
-1
46
-41
-54
13
14
-52
-55
49
-1
-113
7
71
-109
-44
89
-23
-88
30
45
-98
-8
59
-57
-57
3
22
-78
-61
51
-20
-109
12
40
-58
-87
75
-8
-73
0
44
-22
-32
-13
58
-37
-61
55
17
-83
9
44
-86
13
27
-8
-47
56
4
-51
37
39
-18
6
28
46
-16
-6
54
-2
-31
26
34
-23
-37
65
-11
-18
19
27
-2
8
15
17
17
-31
57
9
-48
76
-51
-10
30
-32
-22
33
-23
-19
-4
33
-51
0
46
-81
39
-28
-24
-4
3
-73
31
-22
-21
-42
9
-18
-66
-8
11
-55
-64
64
-56
-38
-10
26
-57
-32
45
-51
-54
-2
16
-70
-60
78
-56
-81
49
-31
-58
5
-23
9
-43
-24
21
-36
-27
19
-49
25
-33
-18
-15
21
-70
-15
37
-74
-17
16
-30
-32
11
-5
-42
-7
14
-16
-43
5
44
-72
-16
41
-17
-50
-22
52
-18
-63
23
-12
-21
-32
-32
79
-54
-69
74
8
-69
-12
117
-33
-95
136
3
-117
86
80
-102
22
90
-38
-9
1
73
-49
-30
106
-54
-20
37
-8
-23
36
6
-19
19
33
-10
-10
20
26
-25
-8
44
21
-35
-18
62
7
-72
41
82
-105
-18
75
-62
-27
14
26
-53
-7
29
10
-83
18
24
-48
-24
-25
57
-90
-75
115
-59
-98
56
11
-42
-79
57
25
-92
-49
116
-59
-105
100
-2
-119
6
57
-66
-62
39
47
-105
-20
116
-35
-114
88
70
-152
11
92
-57
-49
-2
63
-47
-112
89
27
-180
51
72
-91
-78
105
-21
-124
50
28
-75
-24
16
-16
-20
-60
56
-36
-105
67
-2
-87
-27
94
-87
-75
75
-30
-63
0
-5
-49
-3
-53
4
-11
-88
24
-2
-62
-21
39
-35
-97
64
27
-115
17
87
-98
-60
109
-11
-128
66
35
-94
9
23
-18
-28
-13
28
-8
-61
42
19
-33
-6
36
5
-77
61
27
-88
40
36
-21
-26
6
14
-1
-58
8
54
-92
1
6
-17
-59
35
-31
-14
6
-58
-4
27
-92
2
15
-52
-30
-15
-38
-24
-8
9
-68
47
-8
-36
6
-3
13
-65
24
36
-25
-20
44
-18
13
-33
35
68
-86
42
105
-80
-9
113
-26
-61
107
1
-40
-8
62
-54
11
10
1
24
-70
24
48
-76
-15
70
-58
-13
18
8
-20
-39
-11
26
-18
-99
53
2
-111
-4
24
-30
-82
2
11
-65
-31
-9
-44
-3
-71
-13
4
-29
-64
-2
37
-77
-47
68
-46
-60
24
4
1
-42
8
46
-21
-92
103
19
-123
59
80
-85
-48
81
10
-63
-2
62
-11
-61
33
38
-17
-21
-3
42
1
-107
57
38
-126
19
31
-60
-38
36
-31
-71
46
-31
-44
38
-47
-28
0
-19
-16
-41
-12
18
-40
-51
28
-9
-86
21
32
-64
-20
22
12
-72
36
19
-35
-1
-3
-8
52
-70
21
57
-52
-14
70
38
-87
13
75
-20
-61
66
49
-61
-46
124
-31
-54
81
32
-45
4
58
-4
-25
42
-5
1
29
-20
11
40
-27
-6
53
-14
-18
19
38
-29
-4
39
2
-68
38
24
-70
3
21
-2
-52
-14
71
-85
-33
66
-4
-97
64
47
-85
-2
69
-4
-68
58
28
-29
-15
7
44
-45
-28
76
-18
-50
6
50
-38
-46
64
10
-60
21
31
-14
-17
-5
42
-29
-42
44
19
-58
-26
80
-41
-82
57
31
-125
10
69
-89
-36
60
-40
-25
-14
16
-9
-40
38
-20
-19
16
-23
7
-8
8
25
-60
23
16
-40
-21
39
-27
-20
18
-3
-25
-3
-18
24
-1
-47
20
29
-63
-18
66
-35
-51
50
-17
-63
28
8
-55
2
13
-37
-7
11
-47
10
2
-44
25
-10
1
-8
-30
51
-29
-37
53
-3
-2
-53
47
6
-61
3
49
-34
-13
15
-3
-4
-18
17
-2
19
-14
-14
38
-12
-39
33
15
-17
-9
41
-9
-5
10
19
-4
8
-6
43
-19
-3
63
-30
-10
77
-9
-21
65
9
-44
30
51
-70
23
12
-39
6
8
-19
7
-12
14
-14
5
33
-63
36
24
-63
24
14
-17
-29
30
18
-65
30
41
-54
13
42
-22
-21
7
21
-8
-38
32
9
-31
-18
23
14
-42
8
19
-31
6
11
-30
32
-13
-27
22
-11
15
-23
15
23
-51
-3
15
-32
-10
-8
-15
2
-20
9
-46
35
-20
-36
26
26
-63
4
43
-43
-57
53
-7
-57
8
62
-61
-31
51
-21
-68
54
13
-52
-13
60
-48
-53
59
-6
-39
39
7
-16
18
4
-12
28
15
-26
40
17
-8
-20
62
-13
-21
33
38
-40
-6
60
-25
-51
75
9
-68
51
35
-11
-16
37
40
-42
11
61
18
-26
30
27
0
-13
32
16
18
-14
9
39
7
-66
58
35
-62
50
39
-29
8
52
-9
12
47
-3
24
60
-23
28
34
5
24
24
5
18
36
-19
19
32
6
-44
46
31
-28
-5
88
-17
-68
103
-8
-32
31
35
-19
7
19
7
-25
18
16
-14
0
49
-5
-13
28
14
-33
31
35
-29
16
28
1
-3
36
-12
12
42
-1
-19
25
-6
-21
35
-17
-22
44
-7
-36
40
22
-38
11
72
-20
-13
74
29
-46
28
46
-7
-43
68
11
-54
13
37
-41
-30
55
-29
-36
32
8
-29
-9
39
-41
-10
34
-30
14
3
1
12
-4
-15
26
12
7
-18
36
3
-41
41
6
2
-4
29
18
-18
3
-12
24
-3
-28
40
13
-28
22
12
-3
4
13
18
7
-5
25
-3
3
11
-8
-1
-4
6
-1
-17
16
-10
-11
17
-10
36
-1
-11
52
-8
4
34
5
29
5
-5
29
-5
29
13
-17
38
16
15
8
25
37
-21
27
60
-6
15
52
16
3
20
50
5
-6
79
7
-3
42
14
-4
29
-6
32
6
-15
23
24
-29
10
19
13
-13
20
25
-10
5
6
26
-17
21
30
-1
4
25
-14
19
17
-7
15
18
27
-11
3
37
3
3
26
48
-19
2
81
-29
-2
59
6
-2
46
15
-7
32
15
0
18
31
3
20
25
5
16
30
-10
30
24
1
-14
39
9
-46
38
-1
-27
6
10
-19
36
-14
-9
32
2
-5
7
23
-6
-3
6
-3
1
-4
-21
24
23
-30
16
15
-6
-14
6
22
-15
-2
27
-5
-9
14
-4
18
-8
34
1
-13
22
4
-30
13
10
-14
-2
-3
21
7
-4
5
19
20
-24
8
43
-22
-26
44
32
-42
5
37
-7
-42
69
10
-32
36
41
-7
25
18
38
-9
28
71
2
7
69
42
-33
54
52
-10
-7
50
16
10
10
27
48
13
-18
52
55
-21
13
109
-13
-26
83
10
-36
45
43
-23
24
43
16
0
30
33
5
22
19
13
-11
7
8
9
24
-5
-6
39
11
-26
32
41
-18
-25
56
0
-20
24
22
12
-24
21
19
-12
1
19
17
31
-23
24
61
-37
8
53
9
-41
32
49
-46
-11
36
8
-53
25
45
-37
-24
49
18
-60
40
38
-47
6
12
-15
-25
18
-1
-28
-4
7
-9
-22
15
17
-1
-26
44
4
-27
36
24
-33
9
19
-10
-24
26
-7
-11
8
-14
16
13
-27
37
20
-28
26
26
1
-16
30
1
-34
25
35
-21
4
33
-4
-13
37
44
-9
3
51
7
-10
24
15
3
-2
9
11
-33
-6
19
-38
26
34
-27
9
33
2
-14
48
41
-3
23
29
30
15
5
22
46
-4
4
28
29
-38
-11
75
-26
-25
43
15
-21
9
38
9
-24
30
51
-23
-18
74
26
-57
29
57
-30
-29
46
35
-40
-2
57
-6
-32
19
31
-18
-11
37
18
0
-2
26
37
-28
5
66
-5
-20
55
26
-12
7
32
19
-18
15
20
-24
-6
38
-11
-26
36
-5
-21
18
9
-18
-4
26
25
-36
3
56
-29
-24
43
9
-50
6
23
-14
-27
7
7
-6
-33
4
21
-11
-35
35
27
-59
13
56
-26
-29
40
27
-28
-8
38
-6
-14
3
20
8
-27
26
19
-16
-5
33
2
-32
26
25
-45
-4
24
-16
-39
13
10
-18
-18
8
19
-9
-6
14
18
3
14
10
16
2
-4
21
19
-7
3
37
-12
-11
21
25
-20
-10
62
12
-57
47
51
-53
2
66
7
-37
57
22
-8
16
43
24
8
27
28
26
38
5
39
45
-4
-1
57
35
-24
30
53
-21
-21
55
31
-37
10
78
-16
-20
48
37
9
11
39
25
11
9
0
29
24
-33
19
67
-33
-2
54
11
-29
33
41
8
-2
54
34
-27
36
43
-8
5
54
2
-13
22
6
-16
25
26
-26
16
46
-5
-22
56
28
-42
49
62
-9
6
40
30
-4
-2
16
30
-15
-12
27
16
-31
-9
14
-3
-2
10
21
-1
-15
10
21
-14
-3
36
8
-17
37
5
-24
13
29
-30
-8
36
-4
-35
24
4
-10
17
17
29
7
19
14
19
7
9
23
7
11
9
-10
11
11
-23
13
13
-15
10
13
-20
11
54
-24
12
51
-3
-7
32
29
-9
19
38
10
18
14
30
11
7
29
13
16
40
16
7
32
21
4
22
34
9
16
33
17
2
41
22
21
32
42
28
17
35
38
26
41
16
31
54
11
14
67
11
-14
42
47
24
16
44
31
23
12
41
27
12
33
34
6
34
30
-5
24
37
-6
17
23
26
-7
17
48
-17
40
40
-12
48
42
4
30
12
42
13
14
38
42
3
-4
44
38
-27
29
49
-9
0
34
30
-12
16
45
15
3
21
19
14
5
17
34
2
-4
42
7
-10
25
19
-9
11
28
14
-7
24
26
13
1
30
45
-18
11
41
-17
-21
36
0
-6
-7
1
14
-10
-11
19
7
-16
9
20
15
5
16
27
-1
1
28
17
-21
28
13
-27
0
28
-21
-13
19
10
-19
15
17
-14
13
15
2
17
19
6
2
13
24
8
3
24
23
-4
3
23
12
-15
26
41
5
-11
28
13
3
7
13
5
8
16
15
6
19
21
-1
12
21
13
-10
13
45
-2
2
40
20
6
28
31
14
26
6
19
41
4
16
51
8
7
53
30
1
42
46
0
29
66
-15
-3
60
23
-29
52
38
-1
11
27
32
23
9
18
36
10
5
20
43
-7
11
17
27
7
3
18
22
14
5
20
27
14
14
15
18
27
-12
7
31
-8
-16
6
4
-3
-17
3
3
1
-9
-7
8
-3
-11
4
12
1
7
13
24
12
16
9
16
6
1
18
13
3
4
1
0
15
-13
27
18
-1
12
24
1
9
28
4
14
-3
14
-2
-6
-11
22
2
-13
12
12
3
1
20
11
-1
6
22
9
-4
8
32
-11
-19
19
21
-32
2
38
-7
-13
27
27
-13
15
31
15
1
38
13
31
16
27
34
6
32
39
23
18
38
25
19
23
41
21
12
31
33
21
13
36
34
10
26
40
17
1
23
21
2
9
36
18
-1
15
36
18
1
42
54
4
29
50
17
1
22
38
9
-11
28
16
-19
9
-3
10
15
17
21
41
19
28
27
42
27
24
30
40
40
1
40
49
-5
20
46
3
19
31
25
1
29
21
15
38
17
0
30
16
4
23
18
9
4
11
-2
7
16
13
10
10
31
15
1
21
29
7
20
10
24
18
-6
21
13
2
-6
-6
14
10
-24
6
35
-7
-7
15
9
-7
5
22
4
-11
-3
14
-3
3
21
1
12
8
4
6
19
3
2
11
8
-12
3
10
-17
5
18
-4
-14
30
14
-18
15
39
9
0
29
40
-3
-1
27
15
-15
6
14
9
-8
6
16
-3
-10
9
8
2
-7
12
19
-15
-2
24
-3
-13
31
21
-1
24
24
-14
2
27
-4
4
26
4
-9
2
20
-8
-9
18
6
8
13
13
10
15
16
23
24
35
21
28
33
29
9
15
32
22
17
18
31
13
5
16
24
18
26
15
29
27
15
22
28
20
22
39
31
26
29
17
11
27
17
13
17
12
19
15
11
11
21
12
18
26
22
38
26
19
33
34
12
9
33
21
-16
16
34
-8
-12
26
28
-15
1
44
3
-6
19
26
5
-3
19
19
0
-3
30
20
-10
6
37
8
4
22
28
5
-14
31
25
-18
8
32
2
-3
10
20
-2
-8
16
19
-2
-6
12
5
-4
3
11
16
9
-5
7
16
11
-5
12
35
1
8
31
9
8
15
16
17
12
6
10
13
1
-3
11
8
1
1
10
4
-4
4
23
15
3
22
27
2
7
36
13
8
29
31
15
28
36
38
17
22
34
26
13
24
26
15
6
8
34
9
6
26
26
10
10
17
30
9
11
40
33
9
30
37
24
22
24
29
18
17
18
21
16
11
9
27
15
3
5
7
17
14
2
10
11
4
13
24
23
22
26
35
34
15
24
36
27
20
32
36
22
10
26
22
-1
11
35
18
-1
33
40
-4
0
29
22
-1
18
38
12
-3
23
27
-3
4
27
9
-3
9
26
15
-7
14
21
2
-8
14
6
-24
-5
16
-11
-19
8
4
-18
-11
2
-11
-15
-7
2
3
-13
-3
16
2
-13
9
23
1
-8
13
13
5
0
8
8
-10
-4
24
17
-6
5
12
-5
-7
13
14
-7
-10
4
-5
-10
2
-3
-17
-15
2
-3
-10
1
10
-2
-6
-2
18
10
2
20
22
7
5
21
15
3
19
31
14
8
10
12
5
6
10
13
4
8
10
0
-6
6
7
3
9
13
10
3
10
13
9
15
20
16
20
19
15
16
12
12
19
17
8
15
23
13
10
12
17
10
4
11
21
11
13
23
22
23
27
30
27
22
18
22
20
19
16
21
21
12
12
17
9
-1
9
18
2
10
27
16
5
10
12
11
10
16
14
7
11
12
7
7
6
3
16
11
1
1
2
-6
-8
5
0
-3
3
4
-5
-4
1
-4
0
7
2
-1
5
0
-8
1
5
-6
1
15
2
-9
5
4
-8
-1
5
2
-5
9
4
-2
6
13
6
0
10
3
2
8
-1
-3
4
4
-3
0
7
-8
-9
-2
-2
-12
-5
-3
-7
-8
1
-3
-3
1
-14
-15
-9
-9
-12
-8
-3
-2
0
9
2
-2
5
4
-1
0
5
0
1
-1
3
-2
3
4
1
7
5
0
2
7
5
7
11
12
6
9
10
9
7
9
6
9
7
2
3
8
11
5
8
12
10
-1
6
9
-1
-6
2
5
-6
0
9
2
1
5
4
12
2
1
8
4
6
3
11
3
-3
9
13
4
3
10
8
9
11
12
12
13
15
17
13
10
17
23
17
14
22
19
14
13
13
15
14
16
21
19
12
14
16
11
8
14
12
5
9
10
4
-4
1
3
-2
1
6
6
4
1
1
-5
-3
-2
-8
-3
-1
-6
-11
-10
-8
-13
-16
-6
-6
-15
-16
-10
-9
-12
-11
-5
-10
-13
-10
-9
-6
-13
-10
-6
-13
-10
-9
-5
-10
-14
-14
-6
0
-5
-2
1
0
5
5
5
-4
-1
-2
-4
0
-4
-2
-2
-5
-2
-2
-4
-2
0
-4
-8
-2
-1
-4
-11
-2
-7
-6
-4
-11
-11
-14
-16
-12
-14
-15
-9
-11
-14
-11
-4
-2
0
-2
5
1
1
6
3
-1
2
1
0
2
-1
5
5
5
9
4
2
2
5
9
14
9
10
16
13
8
12
13
7
3
2
1
-4
-4
3
6
-3
2
8
4
-3
0
5
-1
-1
2
-2
-4
-4
-4
-3
-3
-1
2
2
2
0
-3
-7
-9
-3
-8
-5
-7
-6
-6
-11
-6
-9
-6
-4
-3
2
-2
-4
-1
-4
-4
-5
-9
-6
-4
-12
-6
-1
-3
-7
-7
-7
-10
-7
-7
-8
-13
-12
-10
-11
-15
-14
-9
-17
-12
-15
-15
-14
-13
-9
-10
-7
-6
-8
-8
-6
-9
-12
-8
-12
-15
-20
-17
-17
-16
-22
-18
-13
-13
-22
-19
-13
-19
-18
-18
-21
-22
-15
-14
-13
-16
-13
-13
-9
-10
-11
-8
-13
-16
-7
-4
-7
-12
-7
-7
-9
-5
-6
-9
-16
-11
-11
-15
-13
-11
-15
-14
-10
-9
-8
-12
-14
-6
-6
-13
-13
-7
-12
-14
-3
-11
-10
-13
-10
-9
-16
-16
-8
-3
-13
-1
-3
-7
-5
-1
-1
-5
0
2
3
-3
-2
-3
-6
-8
-8
-6
-9
-11
-5
-6
-14
-12
-5
-13
-15
-13
-7
-11
-16
-9
-10
-13
-1
-1
-6
-5
-8
-11
-9
-6
-10
-4
-4
-3
-4
-6
-4
-8
-10
0
-4
-9
-4
-2
-7
-10
-4
-1
-5
-9
-8
-7
-7
-7
-5
-6
-6
-1
-4
-6
-9
-4
-5
-11
-1
3
-4
-2
-4
-2
1
-6
-6
-3
-9
-6
-4
-5
-7
-10
-5
-10
-9
-6
-6
-8
-7
-6
-9
-12
-11
-11
-7
-7
-13
-12
-15
-18
-19
-22
-24
-20
-22
-19
-19
-18
-17
-22
-19
-23
-28
-22
-23
-22
-20
-20
-24
-20
-17
-17
-15
-14
-18
-14
-14
-13
-16
-13
-8
-10
-12
-9
-5
-7
-5
-4
-3
-3
0
9
4
-2
3
2
3
-5
-2
0
-7
-2
-3
-5
-7
-3
0
-4
-3
0
1
0
-3
-5
-3
-3
-2
-2
-6
-5
-7
-5
-5
-8
-3
-7
-6
-7
-8
-8
-10
-10
-8
-8
-14
-12
-12
-15
-13
-16
-17
-16
-12
-10
-13
-7
-9
-6
-3
-2
-4
0
4
2
1
6
-2
0
3
-2
-5
-2
0
-5
-1
-5
-7
-5
-1
5
-2
-1
1
5
1
3
8
3
2
7
3
5
5
1
2
-4
-4
-5
-6
-9
-7
-6
-8
-12
-13
-12
-7
-10
-12
-10
-8
-7
-10
-7
-11
-7
-13
-10
-6
-8
0
-7
-4
-3
3
3
1
-1
1
3
-2
1
0
-2
-2
-2
-3
-8
-9
-4
-4
-2
-3
0
7
5
1
3
5
8
4
4
-1
-4
2
1
-3
-2
2
-7
-10
-8
-6
-5
-6
-1
-9
-9
-8
-6
2
-1
-1
-2
-7
-3
0
-4
-7
-11
-11
-9
-8
-8
-6
-6
-9
-4
-5
-1
1
5
6
1
3
4
2
-5
1
2
0
0
2
2
-2
-1
-6
-9
-4
-8
-11
-8
-9
-8
-4
-7
-2
4
2
-2
-2
-3
-4
0
1
-1
-5
-3
-2
-3
-4
-3
-4
2
1
0
0
-2
-3
-3
-5
-5
-6
-5
-3
-10
-9
-11
-13
-16
-15
-6
-9
-7
-6
-5
0
0
1
1
3
4
4
4
-6
-4
2
0
-3
0
2
1
6
3
2
2
0
2
-3
-2
1
-2
-2
-2
-4
-4
-2
-2
0
-1
-3
-6
-5
-7
-9
-6
-7
-2
-8
-3
-5
-11
-12
-10
-8
-16
-12
-17
-17
-21
-21
-15
-12
-13
-11
-7
-7
-10
-10
-7
-12
-11
-8
-10
-6
-7
-10
-7
-7
-4
2
0
-7
-3
-1
3
-1
2
-1
-4
-1
-3
-1
-1
-9
-5
-3
-5
-2
-7
-2
-3
-7
-5
-5
-7
-7
-6
-8
-9
-5
-8
-11
-10
-4
-8
-13
-3
-5
-4
-6
-7
-3
-6
-3
-6
-14
-14
-14
-11
-14
-18
-14
-16
-16
-16
-12
-10
-14
-17
-11
-13
-11
-6
-8
-9
-5
-1
-1
3
2
5
-1
0
2
-3
-1
-4
2
1
-2
-1
1
2
-1
3
5
3
5
3
-3
-1
5
-1
0
-1
4
2
-3
0
-5
0
-4
-5
-3
2
-4
-8
-4
-1
-7
-9
-2
-10
-10
-5
-6
-5
-2
2
1
3
-2
-4
3
0
-6
1
-3
-8
-10
-13
-10
-7
-8
-5
-5
-3
5
6
1
2
1
-3
-1
-2
-1
-4
-7
-6
-6
-7
-6
-5
-11
-9
-10
-7
-12
-12
-9
-11
-9
-9
-6
-4
-9
-6
-3
-9
-9
-11
-8
-5
-10
-11
-12
-10
-9
-7
-6
-11
-15
-13
-9
-10
-10
-6
-7
-12
-10
-7
-9
-11
-11
-14
-12
-10
-10
-7
-7
-5
-6
-8
-2
-5
-7
-8
-9
-9
-7
-7
-5
-3
-8
-3
-3
-1
-2
-3
-1
-3
-7
-7
-6
-7
-9
-7
-9
-11
-13
-7
-11
-16
-11
-17
-15
-15
-19
-24
-22
-22
-20
-25
-24
-19
-25
-23
-22
-21
-18
-18
-21
-16
-13
-12
-10
-14
-11
-13
-13
-12
-16
-11
-9
-12
-8
-6
-7
-4
-2
0
-1
-1
-1
-4
-2
2
-4
-10
-7
-7
-11
-15
-12
-16
-18
-17
-18
-15
-14
-12
-12
-12
-7
-5
-5
0
-1
-4
-5
-6
0
-2
-4
-1
-2
-4
-3
-2
-6
-7
-12
-11
-7
-11
-11
-14
-10
-9
-12
-13
-11
-16
-13
-8
-12
-6
-8
-5
-5
-7
-6
-3
-11
-5
-7
-11
-6
-6
-4
-8
-6
-5
-8
-5
-6
-8
-5
-2
-6
-5
-5
-2
-5
-5
-7
-11
-9
-9
-9
-13
-14
-14
-14
-11
-10
-15
-12
-11
-18
-12
-14
-14
-10
-13
-18
-17
-18
-15
-16
-18
-17
-16
-20
-18
-17
-18
-18
-16
-12
-9
-12
-16
-11
-5
-7
-7
-7
-8
-7
-2
-2
-2
-4
-3
2
-2
-5
-7
-3
0
-2
-6
0
-1
-3
-4
-12
-6
-2
-4
-7
-9
-1
-7
-5
-11
-8
-10
-11
-7
-11
-11
-11
-10
-11
-9
-10
-8
-8
-8
-9
-8
-9
-13
-14
-16
-16
-15
-17
-17
-18
-18
-13
-12
-10
-7
-5
-5
-6
-9
-8
-1
0
0
0
2
0
1
1
-1
-1
0
1
0
-1
-2
3
6
5
5
7
9
6
3
5
8
3
2
-2
-5
-4
-5
-5
-2
-5
-5
-4
-6
1
-5
-2
-3
-4
0
-5
-5
-8
-7
-7
-5
-5
-10
-6
-10
-15
-18
-15
-16
-23
-21
-21
-22
-20
-18
-17
-18
-19
-16
-13
-14
-15
-12
-14
-17
-15
-13
-13
-13
-10
-9
-11
-12
-12
-9
-9
-12
-7
-5
-7
-9
-8
-8
-10
-7
-7
-10
-12
-9
-12
-13
-12
-15
-13
-17
-16
-14
-16
-14
-10
-14
-13
-17
-12
-13
-14
-10
-16
-14
-9
-10
-14
-19
-16
-20
-19
-19
-21
-21
-26
-25
-23
-17
-18
-16
-13
-13
-11
-9
-10
-6
-3
-6
-6
-10
-6
-10
-12
-11
-6
-5
-2
-4
-7
-5
-5
-8
-10
-9
-9
-9
-16
-12
-11
-18
-15
-18
-20
-17
-13
-11
-9
-8
-7
-6
-6
-7
-5
-4
0
-1
-3
-8
-7
-3
-4
-8
-11
-7
-4
-2
-4
-5
-2
-1
-1
2
2
3
4
5
0
3
7
6
4
5
6
5
4
1
3
4
5
4
8
4
6
0
3
-1
-4
0
-4
-6
-6
-1
-4
-7
-1
0
-1
-5
-2
0
-2
-1
-2
-7
-11
-5
-4
-7
-9
-12
-10
-9
-7
-10
-11
-7
-4
-9
-5
-5
-4
-9
-4
-4
-5
-4
-2
-2
1
2
-1
3
0
7
5
10
8
8
5
10
8
4
7
4
4
2
5
4
7
4
1
0
1
-3
-3
-4
-9
-8
-7
-4
-8
-7
-7
-10
-11
-9
-9
-11
-8
-11
-11
-8
-6
-2
0
-1
1
-3
-2
0
-3
-4
-6
-6
-5
1
-3
-4
-2
-4
-7
-4
-4
-4
-5
-4
-4
1
0
0
6
12
12
11
14
11
11
10
10
6
5
3
1
2
-3
1
-1
3
-2
0
-1
-1
3
1
6
8
9
9
11
10
12
12
13
16
17
15
12
12
10
8
10
14
17
16
16
16
15
14
16
13
11
7
5
6
2
4
7
9
9
8
7
3
2
1
8
7
4
7
10
9
8
12
10
10
15
11
9
5
10
8
7
9
5
5
5
7
9
7
2
2
2
6
3
4
5
8
8
6
7
9
12
10
9
12
7
5
7
10
8
6
7
7
6
10
3
3
1
-1
-1
-1
-1
-4
2
6
6
5
7
7
11
11
7
9
4
7
5
6
8
8
7
10
16
12
10
6
5
6
10
6
8
4
-2
2
-1
-1
2
3
2
-1
-5
-2
-6
-6
-5
-3
1
3
2
3
3
5
5
6
8
8
9
7
7
9
6
9
10
9
5
5
7
8
15
10
13
14
22
23
22
21
29
27
25
30
33
36
34
31
33
39
35
35
34
31
28
29
29
25
24
27
29
28
29
16
21
24
19
21
22
25
26
29
23
24
27
24
25
25
24
22
18
18
16
15
14
12
7
7
2
5
4
3
6
4
3
6
7
11
9
10
8
10
15
14
14
10
11
15
10
13
19
17
21
15
12
12
16
14
16
17
10
13
9
4
7
5
9
9
8
13
9
10
5
1
6
6
10
10
9
12
12
11
15
16
15
7
5
10
5
6
5
6
4
2
4
1
1
-4
-3
0
-2
-3
-4
1
-4
-5
-2
0
1
1
4
5
1
3
5
3
-1
2
5
7
4
4
2
4
2
2
5
3
3
4
1
3
-2
2
5
-1
2
2
0
2
-3
-4
-2
-1
0
-1
-1
2
1
2
5
4
8
9
13
12
11
9
10
9
14
15
10
16
7
12
12
14
12
13
12
15
13
13
18
11
16
16
19
21
26
23
23
23
20
24
24
21
17
23
23
21
20
22
23
20
21
19
17
21
23
16
17
21
20
15
11
13
13
12
8
9
13
13
12
12
12
13
16
14
15
17
17
18
20
14
16
14
12
14
13
12
12
13
14
11
14
13
16
15
16
13
12
11
7
10
7
8
10
11
9
9
8
9
11
11
14
12
9
12
8
4
6
11
13
11
11
9
3
2
1
0
4
1
-1
2
3
-1
-1
1
0
-7
-10
-6
-6
-4
-6
-8
-7
-7
-7
-3
-1
0
-4
0
2
1
3
2
4
-1
5
7
10
9
7
10
5
11
12
13
14
16
13
13
16
12
11
15
15
12
16
16
16
13
17
13
11
14
14
13
10
10
10
13
9
10
13
13
14
14
15
13
10
12
14
15
18
17
16
16
23
19
17
20
25
23
20
23
22
18
18
20
19
19
19
16
17
20
24
18
20
20
17
18
18
19
18
11
12
9
9
11
9
5
6
9
8
13
9
11
8
8
9
10
10
9
10
11
10
10
9
10
7
3
5
3
-3
2
-1
-3
-3
-6
-6
-4
-4
-3
-5
-3
-2
0
0
0
-1
-2
2
-1
2
5
3
4
4
2
6
5
1
0
1
1
0
-1
-2
-2
-5
-6
-9
-6
-7
-9
-4
-5
-8
-7
-5
-3
-4
-1
1
0
-6
-5
-4
-7
-6
-5
-8
-15
-8
-11
-11
-17
-17
-17
-14
-11
-14
-18
-14
-12
-14
-13
-15
-15
-18
-10
-13
-15
-8
-8
-6
-6
-2
-4
1
0
0
5
3
8
6
4
4
7
5
5
5
2
6
8
7
7
5
2
2
3
3
5
7
6
7
5
13
11
4
7
10
12
3
4
4
2
3
4
7
6
4
4
1
1
1
6
2
-3
-3
2
0
1
-3
0
0
-4
-2
-2
-4
-3
-2
-1
-2
-1
-3
-3
-3
-4
-3
1
2
-2
-4
-6
-4
-6
-9
-12
-9
-8
-8
-9
-8
-8
-12
-13
-10
-11
-13
-13
-11
-11
-8
-6
-10
-7
-12
-6
-7
-9
-10
-11
-7
-10
-10
-9
-9
-8
-8
-10
-12
-11
-13
-12
-14
-16
-16
-18
-18
-15
-14
-16
-19
-21
-16
-11
-13
-13
-14
-12
-12
-8
-9
-9
-10
-11
-12
-14
-15
-19
-11
-12
-14
-15
-21
-19
-18
-14
-19
-18
-14
-19
-14
-12
-15
-13
-12
-12
-13
-12
-13
-7
-3
-6
-7
-5
-7
-8
-3
-4
-1
-6
-7
-2
-4
-1
-1
-4
-3
-5
-2
-5
-7
-8
-13
-13
-7
1
-3
0
4
6
10
11
13
19
18
19
22
22
26
22
22
25
19
16
15
11
10
13
9
9
7
4
9
10
11
9
8
6
10
12
11
12
12
10
13
15
15
13
13
13
11
13
14
8
10
13
7
10
13
12
9
8
10
7
7
8
3
1
5
4
3
0
2
2
0
2
2
6
5
3
2
3
2
2
1
2
-2
3
5
-1
-1
0
2
0
0
-1
-2
-4
-5
-4
-7
-11
-13
-11
-13
-12
-15
-13
-19
-15
-16
-15
-15
-14
-17
-16
-13
-14
-10
-12
-11
-13
-11
-13
-7
-6
-5
-8
-10
-12
-14
-15
-14
-17
-15
-16
-17
-15
-18
-14
-16
-18
-17
-17
-18
-16
-13
-11
-14
-12
-10
-6
-6
-7
-5
-6
-10
-6
-6
-6
-3
-7
-4
-2
-1
-4
-4
-3
-4
-5
-5
-4
-6
-3
-7
-4
-2
-2
-1
0
6
3
6
4
7
6
1
6
6
3
6
3
5
8
7
9
12
13
11
8
7
3
7
8
7
11
11
10
16
14
7
14
16
14
18
15
15
16
15
20
18
23
23
21
24
19
21
22
