-12
-15
-19
-18
-13
-17
-16
-20
-18
-13
-14
-16
-11
-10
-13
-13
-18
-21
-17
-21
-22
-19
-13
-22
-17
-18
-20
-16
-15
-13
-10
-10
-8
-10
-12
-7
-9
-11
-11
-11
-14
-9
-6
-11
-9
-10
-14
-4
-5
0
6
7
5
6
12
6
11
14
9
8
10
11
10
7
8
7
4
6
6
9
9
6
-1
0
4
1
0
-2
-3
1
-2
-2
3
4
8
4
11
17
10
15
15
7
13
11
13
11
7
12
10
6
10
11
9
5
10
9
5
5
-3
0
-3
-2
3
0
-2
2
3
-1
0
6
1
-3
-2
-2
-1
-3
-3
-1
-2
5
0
-3
-9
-8
-5
-9
-13
-15
-12
-14
-11
-12
-12
-6
-7
-19
-17
-18
-18
-19
-16
-15
-19
-16
-9
-8
-6
-12
-14
-11
-17
-15
-16
-20
-18
-18
-22
-24
-27
-25
-27
-23
-21
-25
-24
-23
-19
-19
-21
-21
-20
-21
-22
-16
-16
-20
-15
-17
-16
-21
-23
-19
-26
-25
-27
-26
-31
-26
-25
-22
-22
-19
-20
-18
-17
-18
-16
-15
-12
-15
-12
-14
-7
-7
-10
-5
-3
-7
-10
-11
-5
-9
-11
-13
-5
-6
-15
-16
-18
-14
-15
-17
-14
-14
-19
-14
-3
-3
-4
2
-3
-2
2
6
2
1
5
-3
-5
0
-4
0
-2
-3
0
-2
-1
-1
3
5
5
-2
-1
2
-3
2
-6
-3
-7
2
2
-1
5
6
2
-1
5
7
7
3
6
6
7
5
6
9
7
1
6
5
3
6
-2
-2
-4
-7
-7
-7
-13
-15
-13
-17
-14
-18
-13
-10
-4
-6
2
6
0
1
3
3
-2
2
0
-5
-5
-5
-8
-13
-14
-11
-17
-12
-11
-11
-8
-7
-10
-7
-4
-10
-4
-4
-9
-8
-4
-5
-4
-3
-8
-7
-4
-4
-6
-2
-2
-7
-1
0
-15
-8
-7
-12
-11
-10
-4
-10
-11
-15
-16
-14
-18
-10
-6
-14
-7
-7
-12
-11
-10
-4
1
2
-4
-8
-4
-4
-5
0
-4
-3
2
1
-1
-4
-4
-8
-5
-10
-12
-10
-10
-7
-15
-11
-12
-11
-4
-6
-12
-6
4
6
-2
12
12
9
10
11
14
12
9
15
17
12
16
8
11
7
0
1
-5
-4
-1
-2
-4
-1
1
0
2
3
-1
0
5
1
5
5
2
9
9
3
3
12
8
2
2
3
4
-3
-6
-1
-6
-12
-10
-12
-10
-16
-16
-10
-20
-13
-11
-20
-16
-19
-15
-23
-22
-18
-13
-18
-13
-12
-21
-17
-10
-14
-16
-15
-9
-9
-12
-7
-12
-10
-14
-13
-18
-23
-16
-17
-15
-20
-22
-23
-24
-33
-35
-30
-28
-27
-22
-23
-21
-15
-19
-16
-14
-18
-16
-11
-19
-14
-11
-14
-18
-18
-13
-15
-19
-18
-20
-22
-27
-22
-19
-21
-18
-19
-12
-22
-29
-23
-33
-26
-30
-22
-26
-35
-29
-17
-24
-30
-32
-26
-26
-31
-22
-28
-24
-23
-28
-14
-6
-20
-15
-7
-9
-14
-20
-8
-12
-8
-3
-13
-12
-8
-14
-11
-18
-10
-15
-10
-7
-13
-16
-6
-21
-15
-22
-12
-11
-11
-2
-7
0
3
0
-10
-3
-7
-4
-12
-12
-7
-12
-12
-12
-17
-13
-7
-6
-11
-14
-6
-6
-15
-18
-6
-19
-16
-20
-23
-15
-15
-7
-15
-6
-1
-15
-9
0
-13
-8
-25
-4
-13
-18
-20
-15
-6
-13
-4
-12
-12
-10
-17
-17
-11
-14
-20
-22
-13
-9
-16
-16
-11
-18
-6
-20
-22
-16
-17
-20
-18
-13
-28
-17
-23
-16
-19
-21
-13
-18
-11
-10
-16
-9
-11
-20
0
-9
-19
-6
-15
-16
-21
-20
-13
-20
-14
-21
-14
-16
-24
-19
-30
-17
-26
-27
-28
-16
-33
-30
-22
-30
-9
-18
-15
-20
-17
-18
-27
-11
-30
-33
-17
-23
-28
-24
-26
-25
-35
-27
-37
-30
-25
-33
-23
-14
-25
-28
-14
-30
-3
-15
-19
-4
-11
-12
-12
-9
-10
-16
-16
-22
-16
-19
-12
-14
-16
-17
-19
-23
-24
-20
-20
-14
-20
-20
-6
-20
-18
-14
-17
-11
-21
-17
-23
-14
-13
-15
-16
-15
-8
-24
-4
-13
-8
-14
-16
-19
-27
-18
-19
-19
-19
-17
-14
-16
-13
-18
-20
-20
-21
-18
-18
-17
-19
-16
-32
-17
-19
-18
-19
-23
-9
-23
-12
-12
-29
-19
-12
-10
-20
-11
-27
-16
1
-17
-14
-22
-12
-19
-11
-18
-15
-22
-15
-14
-33
-10
-41
-31
-13
-39
-28
-27
-24
-27
-19
-29
-25
-21
-26
-25
-35
-9
-20
-25
-28
-24
-13
-25
-19
-8
-21
-10
-18
-13
-12
-12
-20
-14
-20
-20
-18
-20
-5
-26
-20
-25
-21
-23
-27
-24
-28
-21
-21
-13
-13
-18
-8
-5
-7
-12
-16
-12
-16
-25
-15
-19
-18
-20
-15
-15
-26
-16
-26
-24
-21
-20
-8
-26
-22
-10
-20
-30
-15
-17
-33
-25
-14
-17
-10
-12
-13
-4
-14
-10
-19
-9
-13
-27
-13
-11
-3
-20
-12
-11
-11
-16
-27
-18
-21
-23
-22
-19
-21
-18
-29
-16
-14
-30
-12
-16
-14
-19
-23
-10
-19
-10
-16
-14
-10
-11
-12
-20
-15
-5
-32
-17
-13
-23
-9
-20
-22
1
-16
-27
-9
-14
-13
-25
-19
-14
-21
-10
-27
-18
-26
-16
-16
-18
-22
-12
-1
-18
-13
-6
2
-15
-1
-7
-14
-14
-16
-23
-15
-22
-21
-7
-21
-21
-15
-17
-21
-17
0
-16
-3
-17
-20
-10
-23
-10
-31
-13
-8
-23
-18
-17
0
-8
-10
-2
0
-3
-4
5
0
-1
-9
0
-6
-10
-9
4
-11
-7
-11
-2
-4
-21
8
-19
1
-2
-13
2
-24
-15
-12
-17
-8
-10
-18
-2
-12
-14
-16
-14
3
-18
-12
-9
-13
3
4
-10
1
-3
11
-11
-17
2
-11
3
-7
5
-11
-7
3
-14
-9
-2
-7
-8
0
-5
-5
-14
-3
-5
0
1
-8
-5
-4
7
3
-13
4
1
0
-19
2
14
1
6
-8
14
0
-15
-3
-8
-24
-8
-21
-16
-25
-3
-9
-24
-18
-14
6
-12
-2
-10
-3
-2
6
16
-8
4
9
4
0
-6
1
2
-7
-7
-2
5
-6
-5
0
-6
-6
-1
-9
-4
-5
-19
-2
-6
-25
0
-21
-16
-17
-20
-10
-14
-7
-18
-4
-16
-3
-3
-13
-10
1
-8
-5
0
-19
-1
3
-1
-4
-10
-2
-13
-5
2
-5
-6
-1
7
-20
22
-11
3
-5
2
12
-17
19
-1
-2
-2
3
18
-7
-13
1
4
-13
-3
9
-7
4
-11
9
-2
6
-9
-1
11
-2
14
-2
-14
5
11
-1
2
-19
18
7
0
-7
-9
9
-5
-9
-7
-11
-2
-10
2
-11
-9
-8
2
2
4
8
-2
15
-5
17
10
13
4
-5
8
-1
-2
-4
-4
-6
-1
-2
-8
-1
-11
-5
-14
-2
-2
-12
-17
-14
-1
-8
-16
-13
7
-7
-6
-8
-18
6
-23
0
-11
-12
16
-7
8
-10
-8
4
-11
-5
-11
-12
2
-3
-20
-25
2
-25
-23
-13
-9
-23
-8
-17
-10
-11
-25
-13
-19
-12
-18
-11
-3
-7
-5
-5
-15
-12
-8
-4
-13
-5
-5
-18
1
-5
-13
-3
-26
3
-18
-12
-13
-29
-11
-16
-12
-14
-12
-9
-15
-11
5
-11
-7
-7
3
7
-23
10
9
-12
11
-13
-16
22
-12
-10
3
-3
4
-16
-6
-2
-11
-6
2
2
-12
-11
-10
-19
6
-24
-32
1
-17
-14
-6
-6
-9
-10
-3
0
8
-9
-1
6
0
2
-5
-3
15
1
-7
8
-1
5
8
-8
3
14
10
-6
-5
8
8
-1
-5
-4
-7
2
-14
18
-6
-6
-6
-6
-2
-21
-1
4
-5
-7
-2
6
-5
-11
-11
-11
-10
-12
4
-19
-5
-13
-8
-13
-23
0
-5
-20
-19
-5
-14
-16
-15
-10
3
-14
-10
-5
-9
-14
-14
-11
-7
15
-19
-6
8
-10
-1
-11
-1
-7
3
-12
-16
-17
-3
-10
-33
-18
-6
-18
-27
-7
-14
-29
-11
-14
-14
2
-8
-23
-17
-2
-13
-26
-10
-12
-16
-21
-1
-3
-28
-4
-8
-10
5
-10
-14
-18
0
4
-18
-14
-7
-4
6
9
-9
7
10
4
6
-2
7
-2
8
-1
-3
14
7
13
-1
3
14
14
10
-3
8
18
2
18
7
-8
1
1
3
6
-1
-3
6
-9
7
-11
-6
7
2
13
25
1
9
9
-8
6
3
-2
-6
-2
1
2
-5
-11
-1
1
-3
6
1
3
-2
11
18
11
4
22
10
7
22
5
12
6
9
11
10
3
1
16
-2
-11
5
6
7
-13
-13
15
0
-6
-18
2
13
-30
-10
-1
-11
-17
-18
4
2
-11
-3
-11
-10
-9
-5
-24
1
-15
-7
11
-28
2
-3
-16
-11
-16
-9
-15
-18
-13
-9
-7
-4
-4
-5
5
-2
2
-9
9
6
-2
5
-10
-7
17
-5
-1
10
2
14
-16
4
8
-8
-13
-15
6
-14
-4
-9
-2
19
-10
-18
0
-5
5
10
-6
-5
2
-2
-8
2
2
-3
9
7
-4
9
9
-7
-1
15
6
0
7
14
18
24
9
8
11
18
25
12
3
25
19
8
16
6
20
12
23
22
22
22
16
15
10
11
2
11
32
7
-4
16
21
3
-2
14
21
1
10
36
8
2
28
30
-6
-6
22
11
4
11
33
13
11
15
20
24
5
11
24
2
16
-5
7
14
10
-11
7
32
-7
8
12
9
-3
11
2
-3
33
3
3
4
20
13
-24
27
11
6
-4
8
16
-13
2
10
17
0
-15
-4
10
1
-23
-9
-1
16
-1
-11
7
16
-8
-6
4
10
-5
-3
-9
8
3
-3
1
8
2
-5
-4
8
0
-12
-4
3
-1
-5
1
-3
-1
0
2
-4
-3
-20
6
1
-22
-21
8
-1
-21
-1
3
13
1
0
4
-4
12
-10
-14
16
1
-2
-3
9
15
6
4
19
-8
-4
23
6
-3
-5
23
11
12
8
2
31
32
4
9
43
22
26
30
36
33
34
19
18
32
4
8
18
25
4
4
37
3
9
16
12
9
5
28
7
8
12
19
18
3
24
6
13
17
14
13
15
30
12
24
17
31
21
12
29
31
39
17
23
33
28
21
19
8
5
30
13
-3
-4
15
13
1
16
12
27
2
15
-3
3
12
-7
12
-3
16
12
-2
9
17
1
-5
7
19
6
-17
4
19
-5
-8
-12
-2
-2
-21
1
-16
3
-11
-16
-13
-9
1
-4
-13
6
10
-8
14
22
-11
-2
3
15
-3
0
12
-5
-3
0
20
-17
-9
-4
1
-27
-12
-13
-6
-13
-7
-2
-16
7
-2
-4
2
-5
6
9
2
-1
0
4
-7
-2
-13
-3
-12
-22
-4
-13
4
12
-3
-3
3
9
-4
-6
-11
-19
-7
0
6
5
6
18
0
8
4
14
0
12
18
12
22
17
26
21
25
25
27
31
24
3
14
30
21
10
23
26
27
25
28
25
23
20
15
20
23
22
29
24
22
25
30
37
14
13
42
28
10
23
31
17
15
-2
32
7
6
11
8
9
25
20
7
24
22
29
17
32
22
22
7
12
21
23
20
20
23
19
19
23
8
9
23
3
-3
8
8
-1
19
10
-3
4
18
10
-7
13
20
3
3
22
7
5
-1
-10
-7
-7
-3
-11
0
6
10
1
1
4
-5
-8
-6
-2
2
12
-3
11
11
-4
6
6
-5
-2
-4
-7
-8
4
-1
0
13
0
-4
7
-2
-22
-15
-12
-8
-24
-10
-4
0
-5
-11
3
-7
5
-5
-6
-5
9
-9
-13
4
2
-11
-5
-2
-7
-8
-5
3
-3
-4
2
10
10
3
19
11
12
22
20
12
12
16
7
9
13
18
6
16
23
15
10
-3
12
6
-9
3
12
-2
1
-12
2
19
11
9
10
40
34
30
34
46
36
40
36
24
40
29
20
10
10
14
4
5
8
27
14
4
23
17
10
6
11
9
20
22
31
23
20
26
32
36
16
20
31
36
25
28
31
31
15
18
17
6
0
0
5
19
9
6
12
21
22
27
29
10
14
22
23
17
16
9
8
6
0
-13
-6
-9
-17
-11
-20
-14
1
3
1
15
19
15
16
16
6
20
14
5
17
23
12
0
18
6
-9
3
-4
-13
-8
5
1
7
5
-3
-7
-9
-5
-14
-13
-29
-26
-14
1
1
-2
-6
-8
-8
-16
-16
-18
-10
-4
-1
0
7
6
7
11
-6
2
-6
-20
-22
-12
-1
-13
-19
-7
-7
-6
-11
-6
4
2
5
9
22
30
26
14
12
10
8
-11
0
-6
2
4
1
13
26
21
19
13
11
16
17
13
7
3
4
4
2
4
5
24
26
9
2
11
9
4
6
2
8
17
21
26
29
26
26
41
28
12
15
20
9
3
19
11
3
5
9
7
6
10
5
1
-2
3
-7
-8
8
11
7
15
27
33
20
15
20
9
5
1
5
4
0
10
17
15
15
15
16
-3
-5
-5
-14
-19
-15
-25
-18
-7
-16
-3
-1
3
4
16
21
15
13
6
4
-3
-11
-11
-15
-15
-11
-12
-8
-2
-6
-14
-16
-18
-25
-30
-22
-20
-17
-17
-13
-11
-11
-10
-8
-2
-1
2
-2
-5
-3
-12
-5
-5
-9
-5
-7
-13
-15
-15
-17
-16
-17
-19
-21
-19
-18
-12
-11
-7
-4
-4
0
0
0
4
3
-11
-12
-10
-14
-18
-21
-23
-27
-24
-12
-13
-15
-10
-8
-15
-12
-12
-12
-19
-11
1
0
7
8
7
1
2
-6
-18
-30
-39
-44
-54
-54
-49
-43
-32
-11
-1
8
21
30
31
30
33
22
18
13
5
4
6
10
10
10
14
10
9
14
16
14
21
27
33
42
51
62
72
85
103
115
122
127
132
134
128
124
115
105
94
79
71
56
42
36
29
20
13
5
1
-5
-10
-6
-7
-4
1
4
11
19
24
24
25
21
15
7
1
-11
-20
-26
-31
-39
-50
-56
-60
-66
-71
-76
-77
-76
-72
-72
-68
-65
-62
-55
-54
-47
-40
-35
-30
-26
-35
-44
-53
-73
-87
-104
-117
-128
-132
-132
-136
-131
-124
-121
-120
-122
-134
-143
-150
-159
-159
-161
-153
-154
-150
-145
-141
-135
-130
-99
-37
51
128
190
251
334
401
435
424
389
337
280
200
107
30
-32
-82
-137
-165
-180
-174
-166
-184
-193
-199
-187
-182
-170
-150
-111
-58
3
73
142
221
280
317
330
337
329
293
239
172
100
41
-12
-66
-101
-125
-145
-153
-159
-161
-160
-149
-138
-122
-89
-53
-14
38
91
147
197
248
273
289
291
277
253
208
163
111
65
15
-34
-73
-98
-115
-136
-136
-137
-133
-125
-117
-102
-81
-60
-37
-12
14
35
49
54
50
39
17
-7
-35
-70
-95
-118
-135
-147
-152
-151
-148
-144
-146
-149
-155
-155
-157
-152
-140
-125
-118
-110
-102
-95
-93
-106
-121
-144
-155
-176
-209
-239
-255
-262
-263
-231
-117
55
192
276
371
495
592
617
575
494
401
310
195
69
-20
-61
-100
-161
-204
-220
-207
-214
-258
-316
-336
-313
-289
-254
-192
-82
39
155
250
352
439
482
467
410
344
281
208
113
17
-57
-104
-147
-184
-219
-231
-245
-272
-301
-321
-316
-286
-249
-213
-156
-64
38
133
215
281
341
386
394
382
366
346
297
236
180
124
80
30
-37
-92
-127
-153
-182
-201
-194
-175
-142
-103
-58
-9
55
105
138
167
187
201
186
155
115
76
39
-8
-61
-109
-142
-178
-198
-207
-212
-198
-188
-169
-146
-114
-78
-55
-42
-26
-7
12
22
21
8
3
-12
-42
-84
-122
-160
-204
-240
-268
-286
-297
-292
-297
-290
-272
-253
-213
-134
41
242
383
459
548
670
735
703
605
489
366
233
77
-72
-162
-210
-269
-346
-384
-376
-343
-333
-356
-368
-322
-228
-135
-38
91
240
366
456
515
552
577
533
424
296
192
103
-1
-105
-203
-259
-301
-350
-402
-421
-411
-401
-392
-363
-300
-208
-86
26
111
199
292
361
385
373
345
309
253
176
120
105
102
82
37
2
-20
-48
-95
-157
-207
-219
-194
-158
-102
-26
54
117
167
190
205
197
172
124
77
63
65
63
47
27
1
-23
-71
-130
-191
-236
-269
-276
-255
-205
-138
-82
-40
-8
14
18
-20
-78
-133
-160
-177
-167
-142
-108
-61
-37
-26
-37
-55
-98
-168
-228
-272
-297
-286
-266
-246
-210
-179
-142
-123
-124
-121
-31
164
344
417
449
572
702
729
630
499
373
239
59
-127
-235
-267
-288
-340
-374
-345
-277
-218
-210
-227
-206
-115
-10
70
175
317
447
521
534
529
526
472
348
180
52
-39
-120
-211
-287
-326
-344
-362
-395
-409
-371
-315
-272
-206
-116
1
126
244
331
382
416
421
389
327
254
180
104
26
-56
-121
-152
-174
-169
-128
-92
-80
-61
-19
33
66
87
96
114
155
185
196
203
193
168
132
92
61
31
10
-31
-70
-82
-82
-88
-112
-127
-133
-132
-132
-138
-130
-104
-79
-79
-77
-70
-60
-65
-79
-98
-99
-90
-87
-87
-82
-56
-38
-34
-48
-68
-97
-126
-148
-182
-214
-217
-219
-219
-204
-192
-186
-200
-234
-270
-281
-269
-249
-198
-32
253
508
615
627
689
780
721
517
292
162
65
-76
-202
-235
-180
-173
-263
-354
-378
-360
-345
-355
-332
-232
-51
136
293
440
574
656
617
507
419
370
300
178
58
-2
-13
-53
-142
-246
-337
-410
-479
-538
-521
-406
-241
-88
51
210
342
417
436
415
370
299
240
202
174
161
145
100
13
-95
-202
-298
-393
-464
-425
-269
-62
100
232
375
468
493
444
329
227
164
111
69
68
92
89
49
-21
-90
-145
-202
-255
-294
-260
-163
-67
11
80
127
116
70
1
-57
-83
-98
-113
-104
-63
-15
6
-11
-54
-96
-127
-149
-170
-162
-123
-101
-89
-80
-88
-128
-180
-251
-327
-374
-384
-363
-328
-252
-185
-153
-148
-173
-202
-240
-250
-173
52
373
587
645
685
784
798
619
334
100
-32
-161
-296
-377
-319
-249
-297
-410
-470
-448
-417
-388
-331
-201
14
242
423
566
676
722
660
508
353
260
211
135
26
-43
-66
-118
-226
-356
-464
-552
-606
-621
-555
-394
-183
18
182
328
434
470
450
412
381
340
284
236
209
180
101
-10
-150
-293
-422
-511
-541
-520
-436
-313
-178
-45
196
427
566
622
625
655
619
563
432
276
182
81
-46
-162
-233
-283
-340
-401
-398
-360
-258
-142
-71
40
170
272
308
297
282
242
187
102
11
-50
-80
-142
-200
-216
-231
-241
-275
-287
-270
-224
-163
-138
-98
-47
-19
-29
-48
-52
-81
-108
-148
-168
-174
-173
-179
-208
-222
-237
-263
-278
-302
-322
-322
-319
-290
-147
175
523
677
662
647
692
665
448
191
72
67
-6
-142
-192
-140
-153
-325
-513
-573
-504
-416
-340
-208
12
235
376
457
519
562
544
448
315
254
267
273
196
73
-23
-129
-269
-434
-556
-595
-598
-595
-530
-368
-161
13
131
233
322
371
386
383
400
420
381
291
201
139
37
-124
-277
-374
-440
-492
-520
-485
-401
-313
-236
-156
4
247
468
583
642
694
717
670
530
351
184
53
-78
-211
-280
-296
-325
-387
-420
-378
-293
-197
-108
2
142
275
336
339
315
272
198
93
5
-48
-64
-91
-155
-217
-246
-286
-343
-372
-359
-295
-209
-124
-48
27
80
71
37
2
-21
-50
-95
-109
-118
-120
-146
-187
-227
-259
-281
-298
-302
-304
-311
-342
-353
-356
-323
-142
205
581
729
647
595
655
639
420
180
113
131
58
-98
-167
-135
-205
-441
-658
-665
-536
-438
-352
-177
62
249
319
351
421
485
475
410
355
346
370
337
219
57
-92
-235
-418
-567
-596
-557
-530
-512
-443
-298
-136
-27
41
144
255
334
373
422
496
520
432
280
169
93
-26
-197
-325
-357
-374
-434
-475
-439
-352
-292
-254
-168
79
366
528
582
606
670
649
547
390
224
138
61
-67
-186
-240
-281
-377
-456
-427
-337
-210
-116
-47
67
184
225
200
174
166
157
130
103
68
21
-35
-157
-279
-341
-384
-423
-425
-369
-273
-174
-112
-76
-49
-4
-10
-41
-17
24
40
29
18
0
-30
-108
-209
-292
-299
-287
-313
-312
-304
-285
-311
-347
-365
-377
-334
-152
264
688
800
619
543
652
628
384
175
225
321
218
-3
-86
-59
-212
-579
-795
-690
-495
-412
-356
-150
93
210
186
176
284
396
428
432
482
540
522
402
208
30
-94
-228
-400
-497
-451
-395
-427
-484
-465
-381
-313
-257
-129
80
272
349
365
430
506
486
347
207
169
161
64
-93
-172
-182
-277
-459
-558
-514
-432
-399
-359
-250
-1
293
425
464
504
597
618
554
508
410
326
249
98
-32
-97
-183
-331
-437
-412
-350
-311
-277
-253
-181
-65
11
66
140
191
189
176
181
151
68
-22
-113
-171
-155
-145
-181
-211
-231
-253
-273
-274
-250
-222
-167
-124
-92
-22
33
22
-40
-95
-123
-127
-152
-186
-221
-233
-234
-252
-232
-211
-240
-309
-378
-395
-394
-364
-184
230
649
713
498
451
641
671
423
241
348
476
315
34
-44
9
-185
-600
-781
-594
-400
-423
-454
-287
-67
-11
-51
31
253
423
455
486
584
647
580
415
244
148
100
-8
-164
-252
-260
-332
-499
-623
-607
-527
-492
-435
-242
15
188
219
224
300
403
425
367
341
394
415
286
115
61
38
-132
-379
-479
-429
-401
-443
-450
-350
-166
3
132
303
469
555
552
544
567
538
458
351
238
160
72
-58
-213
-344
-414
-470
-493
-457
-369
-262
-182
-108
-2
95
131
146
185
234
245
219
175
119
51
-35
-136
-212
-254
-312
-361
-372
-347
-313
-304
-282
-245
-186
-125
-78
-24
10
3
-13
-20
-19
-38
-94
-133
-154
-158
-161
-210
-281
-353
-405
-425
-442
-412
-184
251
611
585
363
355
546
573
382
328
518
599
363
87
59
81
-204
-620
-711
-468
-324
-412
-450
-283
-144
-188
-216
-34
234
349
337
405
565
633
557
414
323
285
215
95
-29
-98
-172
-349
-543
-595
-516
-447
-463
-438
-275
-104
-25
-17
43
167
269
305
331
418
521
506
341
199
185
157
-17
-218
-268
-251
-304
-389
-353
-197
-88
-52
-25
94
233
287
311
354
424
423
369
347
316
249
139
11
-64
-88
-116
-173
-236
-252
-248
-245
-226
-177
-101
-65
-60
-22
58
114
97
59
60
63
33
-2
-43
-77
-125
-195
-235
-223
-193
-206
-228
-223
-176
-148
-145
-125
-94
-69
-66
-82
-63
-37
-55
-80
-100
-99
-114
-160
-195
-241
-279
-315
-342
-326
-289
-173
131
488
573
348
218
397
561
497
415
519
633
457
119
-1
67
-42
-384
-547
-363
-188
-273
-403
-370
-276
-309
-353
-169
139
306
288
286
391
457
420
364
346
356
352
286
197
121
32
-139
-351
-435
-387
-334
-362
-404
-368
-301
-276
-259
-183
-58
64
146
209
293
402
453
386
292
309
352
283
135
52
20
-92
-241
-263
-149
-52
-68
-125
-92
-15
22
36
87
163
197
217
281
321
309
228
145
123
132
139
95
19
-53
-117
-151
-146
-142
-129
-149
-185
-167
-115
-78
-96
-114
-98
-64
-27
11
37
30
-16
-74
-77
-37
-3
-11
-51
-72
-82
-108
-156
-185
-203
-222
-247
-250
-206
-193
-203
-246
-262
-216
-172
-143
-135
-137
-152
-192
-219
-195
-136
114
482
607
389
176
302
504
439
310
394
546
432
100
0
162
113
-253
-472
-299
-109
-218
-381
-335
-214
-262
-364
-207
111
247
158
115
240
359
366
334
344
383
390
326
256
248
202
32
-216
-334
-273
-229
-293
-364
-354
-335
-371
-398
-337
-218
-99
-6
58
159
307
419
394
309
348
440
415
288
223
223
125
-51
-136
-56
30
-49
-180
-202
-126
-85
-81
-27
30
53
59
102
189
246
229
195
195
231
252
214
149
71
23
-4
-28
-42
-50
-116
-224
-275
-229
-183
-197
-239
-242
-198
-156
-115
-71
-31
-36
-58
-43
16
83
96
46
-8
-16
-4
-42
-105
-142
-167
-197
-220
-229
-198
-219
-263
-281
-258
-197
-182
-169
-170
-192
-188
-207
-219
-211
-105
228
553
526
243
179
429
557
435
408
580
632
349
55
133
282
90
-265
-326
-125
-129
-365
-457
-341
-291
-417
-446
-198
53
50
-59
7
214
333
346
365
416
448
407
338
344
397
343
133
-90
-133
-107
-196
-329
-369
-353
-398
-472
-461
-390
-322
-256
-194
-108
17
167
254
238
251
373
475
449
385
389
354
212
87
169
292
192
-16
-137
-93
-61
-107
-122
-123
-122
-167
-172
-30
80
82
54
82
185
255
260
224
185
190
191
177
203
184
77
-86
-202
-184
-138
-157
-237
-296
-288
-281
-280
-232
-172
-153
-154
-136
-71
18
43
8
-34
-22
29
26
-16
-70
-108
-128
-176
-194
-155
-149
-206
-249
-234
-193
-184
-202
-229
-272
-274
-267
-251
-212
-77
229
441
334
130
213
481
543
426
453
622
598
310
142
290
374
114
-164
-133
-6
-111
-346
-395
-303
-314
-420
-389
-186
-66
-143
-213
-136
44
189
252
278
315
354
331
287
337
442
431
274
121
102
87
-46
-170
-196
-186
-250
-345
-386
-386
-377
-364
-349
-305
-181
-32
23
11
78
227
297
280
311
412
455
412
398
407
390
313
217
190
190
133
16
-65
-83
-137
-191
-201
-181
-156
-144
-124
-66
7
44
55
70
113
160
212
217
190
192
184
115
45
11
-2
-42
-109
-165
-196
-206
-242
-281
-271
-240
-209
-185
-166
-126
-82
-69
-68
-42
-8
-2
-20
-20
-13
-42
-83
-111
-127
-128
-135
-131
-131
-160
-194
-209
-223
-239
-250
-244
-233
-203
-1
279
361
186
91
269
454
442
405
505
583
429
199
211
362
306
58
-68
15
22
-136
-256
-260
-260
-342
-382
-276
-152
-151
-227
-250
-167
-38
77
140
157
185
199
184
211
318
423
396
287
238
253
204
81
-4
-4
-21
-98
-169
-234
-272
-307
-359
-383
-330
-204
-132
-157
-148
-37
62
75
96
217
338
314
291
403
509
492
390
333
353
354
298
206
157
114
-9
-101
-115
-113
-123
-173
-208
-186
-129
-104
-122
-105
-41
24
86
119
145
171
160
115
113
145
136
80
14
-35
-71
-88
-122
-171
-194
-213
-224
-219
-209
-195
-191
-209
-186
-125
-80
-85
-99
-86
-99
-125
-124
-110
-98
-99
-106
-88
-75
-91
-108
-132
-174
-213
-227
-219
-207
-71
186
319
191
34
135
343
364
302
386
516
452
235
189
328
334
136
-14
57
118
-6
-146
-174
-175
-242
-304
-239
-116
-92
-171
-259
-253
-153
-41
36
58
85
132
119
83
136
256
303
239
203
244
256
176
79
48
44
26
-20
-82
-150
-187
-230
-300
-329
-244
-141
-169
-235
-189
-69
-36
-59
18
165
239
231
250
330
377
345
297
319
377
369
307
255
212
146
76
14
-30
-55
-88
-133
-153
-140
-138
-146
-153
-135
-89
-39
-11
13
48
56
41
67
103
104
80
40
11
-10
-26
-57
-89
-116
-146
-164
-177
-179
-164
-162
-180
-195
-171
-130
-118
-120
-110
-96
-103
-120
-130
-123
-114
-127
-129
-111
-101
-108
-121
-144
-185
-206
-212
-209
-208
-134
90
287
244
68
79
268
355
305
340
481
505
338
216
289
365
234
44
40
123
90
-54
-151
-177
-217
-274
-263
-164
-85
-132
-245
-299
-239
-116
-29
-11
18
92
114
76
85
195
282
246
198
251
323
287
169
98
94
87
68
27
-23
-59
-108
-208
-288
-244
-150
-160
-243
-241
-132
-71
-109
-99
6
94
108
128
221
312
309
231
228
317
373
358
324
297
258
192
127
100
101
70
-9
-59
-54
-57
-98
-151
-172
-151
-122
-108
-97
-60
-57
-88
-84
-26
32
39
17
2
2
6
-5
-17
-21
-25
-46
-75
-77
-64
-56
-98
-151
-143
-99
-97
-120
-126
-106
-123
-166
-184
-167
-152
-167
-172
-156
-131
-134
-139
-148
-170
-188
-196
-185
-174
-133
25
209
253
140
99
239
338
319
308
401
483
415
306
324
388
316
140
70
131
149
59
-52
-124
-175
-233
-272
-227
-160
-156
-229
-304
-304
-233
-152
-134
-132
-54
43
70
79
140
213
212
170
203
293
338
287
219
179
165
152
110
47
12
1
-74
-186
-222
-166
-167
-251
-294
-212
-116
-123
-165
-126
-35
6
16
77
192
244
204
183
250
340
354
327
316
323
305
255
200
182
155
88
26
-1
3
-22
-100
-174
-188
-169
-159
-171
-159
-128
-124
-149
-140
-89
-42
-35
-50
-40
-4
19
-1
-27
-32
-34
-49
-65
-49
-13
-23
-77
-113
-101
-95
-115
-131
-119
-122
-142
-166
-177
-163
-159
-173
-171
-154
-137
-132
-148
-174
-185
-192
-199
-189
-159
-131
-81
44
162
160
89
118
230
290
279
302
399
441
374
314
346
363
275
170
158
182
136
41
-31
-81
-130
-180
-210
-203
-198
-214
-256
-293
-284
-231
-192
-201
-170
-86
-7
22
50
119
172
166
170
227
288
318
304
283
256
244
222
171
111
83
69
6
-73
-94
-91
-142
-227
-231
-175
-146
-161
-162
-123
-78
-63
-39
19
81
105
113
167
234
283
296
291
271
270
281
275
254
211
173
123
70
34
20
-5
-63
-111
-130
-123
-135
-155
-160
-164
-167
-149
-114
-84
-76
-84
-91
-82
-54
-32
-34
-44
-47
-42
-24
-17
-17
-15
-29
-56
-67
-61
-54
-75
-99
-116
-123
-134
-149
-145
-140
-139
-153
-153
-151
-151
-150
-157
-161
-164
-169
-166
-164
-170
-174
-117
26
142
143
82
120
223
259
244
283
384
419
357
316
362
381
298
189
160
176
145
84
21
-28
-82
-141
-189
-206
-202
-207
-238
-279
-282
-248
-219
-227
-213
-142
-59
-8
29
94
138
138
131
163
226
291
307
287
273
281
275
211
140
114
117
68
-3
-13
-2
-47
-146
-182
-142
-109
-107
-113
-91
-65
-53
-57
-33
31
78
98
134
197
239
249
233
214
218
237
243
230
218
198
158
111
77
57
32
-5
-46
-60
-51
-52
-82
-116
-131
-133
-131
-120
-108
-100
-104
-120
-122
-97
-76
-76
-82
-72
-58
-53
-49
-47
-40
-56
-58
-44
-36
-36
-65
-85
-90
-90
-84
-68
-59
-72
-99
-109
-109
-111
-116
-141
-150
-159
-167
-174
-194
-210
-219
-229
-195
-79
55
84
27
39
143
209
210
250
334
384
359
322
364
409
354
250
205
206
188
157
95
44
-17
-88
-147
-193
-208
-214
-252
-303
-317
-279
-242
-254
-260
-211
-143
-99
-55
7
60
79
94
133
183
226
261
273
261
264
270
240
187
155
155
133
79
42
37
2
-82
-129
-122
-97
-92
-113
-120
-109
-94
-84
-75
-48
-7
23
54
79
121
159
159
144
144
186
209
197
182
165
156
134
116
108
103
77
39
10
8
1
-38
-69
-98
-102
-96
-101
-118
-121
-117
-128
-137
-129
-100
-90
-97
-117
-105
-70
-55
-62
-60
-43
-38
-46
-52
-54
-55
-60
-64
-65
-49
-41
-64
-94
-103
-91
-80
-87
-96
-99
-108
-124
-148
-152
-153
-161
-177
-183
-165
-86
12
50
27
40
125
192
197
205
260
298
292
275
316
357
332
253
200
195
181
148
100
53
7
-44
-97
-144
-165
-167
-196
-248
-273
-248
-208
-204
-210
-180
-130
-91
-65
-16
26
41
50
75
112
154
195
209
197
205
237
225
175
144
149
136
77
38
47
41
-15
-69
-60
-40
-60
-95
-104
-81
-67
-70
-62
-36
-12
-2
6
36
61
77
85
79
91
117
131
127
109
103
112
110
102
89
80
57
29
14
9
0
-24
-51
-71
-84
-89
-93
-105
-111
-112
-111
-107
-97
-99
-105
-103
-102
-101
-91
-77
-69
-67
-71
-73
-76
-75
-75
-68
-60
-48
-44
-49
-53
-65
-73
-81
-76
-75
-78
-84
-96
-101
-106
-125
-130
-133
-149
-164
-146
-70
13
61
61
82
150
198
201
204
233
261
259
254
283
314
306
242
183
165
153
123
68
29
-6
-32
-71
-105
-110
-111
-141
-199
-208
-183
-162
-167
-171
-138
-96
-70
-53
-20
6
20
23
44
81
120
145
155
156
175
201
177
149
139
140
115
67
51
54
38
-2
-37
-32
-24
-39
-66
-70
-60
-56
-48
-46
-32
-28
-20
-10
13
42
65
66
58
71
91
108
102
103
109
103
95
91
89
72
38
16
15
17
0
-28
-55
-76
-93
-92
-93
-93
-97
-106
-111
-113
-101
-95
-100
-107
-106
-99
-83
-75
-75
-87
-97
-105
-104
-88
-83
-83
-84
-80
-74
-71
-69
-78
-81
-82
-84
-87
-93
-95
-100
-104
-109
-115
-124
-135
-159
-176
-157
-94
-6
52
56
87
158
200
203
211
243
268
268
274
305
340
330
271
225
205
182
140
83
34
0
-24
-59
-80
-85
-87
-119
-164
-178
-179
-166
-168
-167
-136
-93
-63
-36
-16
5
13
27
43
72
108
132
144
154
187
209
199
178
167
160
130
105
96
93
74
37
12
4
11
-6
-34
-60
-61
-54
-53
-56
-53
-49
-43
-29
-15
13
28
29
20
31
59
79
78
79
89
91
91
90
86
80
56
35
27
26
28
3
-22
-50
-58
-58
-63
-76
-86
-93
-104
-113
-108
-89
-92
-111
-121
-108
-91
-89
-99
-103
-102
-108
-101
-97
-85
-79
-82
-93
-86
-73
-63
-63
-73
-77
-83
-89
-95
-100
-101
-99
-108
-119
-120
-127
-146
-167
-177
-134
-52
20
40
45
89
143
165
166
194
223
234
230
237
266
279
259
216
197
195
174
130
74
36
13
-11
-47
-60
-54
-63
-102
-139
-138
-132
-144
-164
-159
-125
-83
-57
-40
-16
1
16
26
48
81
107
122
130
151
195
217
207
189
182
176
157
131
117
101
77
55
46
54
59
37
4
-13
-21
-23
-29
-36
-47
-39
-20
-9
6
26
39
31
24
36
59
78
72
67
74
96
108
105
101
92
73
52
38
40
30
8
-18
-28
-19
-21
-33
-51
-62
-74
-89
-100
-101
-96
-99
-104
-104
-98
-92
-98
-109
-120
-122
-115
-102
-101
-92
-84
-78
-67
-59
-47
-41
-47
-58
-64
-63
-61
-65
-56
-52
-51
-67
-89
-96
-107
-120
-136
-99
-31
20
30
42
86
134
141
141
168
190
202
193
196
216
223
214
195
185
183
163
119
63
26
5
-24
-49
-58
-54
-64
-90
-111
-118
-124
-134
-150
-154
-131
-98
-68
-48
-28
-2
22
29
41
63
81
88
96
121
157
179
173
171
172
164
148
133
125
118
101
93
100
105
95
71
52
32
20
9
-7
-29
-40
-41
-38
-24
-12
1
3
-1
-2
15
35
41
33
36
58
75
90
95
95
89
77
69
56
54
36
16
1
0
1
-8
-19
-31
-38
-56
-70
-82
-87
-93
-92
-97
-93
-92
-106
-107
-116
-117
-118
-118
-117
-119
-114
-112
-105
-96
-81
-65
-60
-57
-57
-59
-56
-53
-40
-29
-29
-39
-52
-63
-70
-76
-60
-24
11
38
50
80
116
132
135
136
147
157
166
164
166
167
161
147
136
139
133
112
77
42
21
3
-24
-45
-60
-73
-84
-87
-82
-79
-81
-93
-97
-98
-88
-74
-59
-48
-27
-9
4
20
29
38
49
54
60
83
104
106
101
106
117
114
108
106
118
123
113
110
119
125
109
91
75
61
53
42
24
12
5
-8
-19
-17
-13
-8
-6
-10
-8
9
15
14
17
33
47
47
53
60
68
68
64
62
59
49
36
26
22
16
13
3
-9
-10
-12
-24
-42
-45
-50
-52
-56
-60
-62
-69
-84
-91
-85
-84
-81
-86
-87
-85
-83
-83
-92
-87
-75
-71
-70
-64
-51
-44
-44
-46
-31
-16
-8
-13
-12
-12
-20
-26
-26
-4
13
37
55
76
103
125
136
136
137
141
137
131
126
128
133
127
118
123
126
115
94
71
54
35
16
-11
-23
-31
-51
-60
-60
-58
-57
-60
-67
-74
-71
-73
-70
-57
-44
-31
-17
3
18
30
41
42
47
56
69
73
72
76
78
83
83
93
97
105
114
113
110
105
100
82
65
53
39
24
17
6
0
-14
-23
-27
-27
-24
-32
-36
-34
-38
-40
-38
-36
-22
-8
-5
2
9
14
17
22
25
24
18
12
9
9
10
0
-7
-17
-24
-21
-34
-49
-58
-67
-76
-84
-92
-91
-91
-105
-114
-113
-109
-106
-104
-103
-100
-96
-101
-98
-88
-85
-84
-85
-70
-63
-51
-39
-33
-26
-8
-7
-13
-16
-13
-8
-21
-18
3
34
48
58
75
100
115
121
123
128
131
121
120
112
105
99
96
94
89
86
78
62
51
30
16
-2
-24
-34
-41
-47
-58
-64
-63
-61
-63
-63
-58
-50
-46
-50
-45
-34
-19
-11
0
16
34
53
60
65
75
79
82
81
84
96
96
95
91
94
101
97
95
93
88
70
54
38
31
21
11
-3
-6
-7
-14
-20
-28
-25
-24
-29
-31
-34
-32
-31
-33
-34
-24
-15
-13
-5
-4
5
3
2
4
6
6
2
-4
-8
-8
-12
-14
-18
-20
-27
-34
-44
-54
-62
-74
-86
-92
-97
-104
-113
-118
-122
-121
-118
-118
-114
-107
-97
-90
-89
-80
-71
-62
-63
-64
-54
-46
-40
-33
-23
-17
-19
-21
-17
-20
-25
-27
-26
-20
0
15
25
39
54
69
73
82
87
86
85
81
72
72
69
66
64
65
64
68
70
65
55
39
21
8
-3
-9
-12
-16
-17
-26
-31
-34
-39
-37
-33
-36
-34
-30
-31
-28
-23
-11
-3
10
25
44
57
64
70
73
79
90
95
96
101
97
95
92
92
89
83
72
56
51
38
29
19
8
1
-7
-11
-19
-27
-30
-28
-28
-24
-23
-25
-22
-30
-31
-31
-28
-25
-22
-15
-11
-12
-11
-9
-9
-6
-10
-12
-13
-8
-13
-21
-25
-28
-26
-31
-43
-46
-52
-60
-67
-76
-77
-75
-81
-82
-80
-90
-88
-87
-88
-88
-81
-73
-69
-62
-53
-45
-42
-35
-34
-35
-27
-28
-27
-19
-16
-19
-20
-23
-19
-24
-31
-32
-30
-30
-26
-23
-12
-2
3
6
10
25
31
37
43
49
49
49
48
50
56
55
56
49
55
57
50
41
34
30
27
20
12
9
2
-12
-27
-36
-40
-42
-44
-49
-48
-43
-44
-49
-43
-36
-29
-24
-16
-6
6
15
23
38
49
55
66
69
78
76
72
70
63
63
56
48
36
30
23
19
19
14
13
0
-13
-18
-18
-24
-27
-29
-28
-26
-33
-33
-35
-37
-38
-36
-31
-30
-30
-27
-29
-28
-29
-28
-25
-16
-15
-18
-10
-10
-6
-9
-10
-14
-16
-22
-29
-33
-41
-46
-59
-64
-69
-68
-65
-67
-73
-72
-70
-65
-65
-61
-48
-48
-47
-36
-22
-16
-10
-11
-4
-3
1
8
7
9
4
6
4
9
11
4
2
1
-3
0
0
-1
1
-2
2
8
12
16
13
14
19
30
37
43
51
56
62
61
64
62
63
64
62
60
58
55
52
49
43
42
36
25
11
0
0
-13
-19
-21
-24
-24
-29
-24
-17
-21
-19
-13
-7
3
6
9
11
17
26
30
24
32
34
33
34
33
33
26
28
22
15
11
12
2
1
-2
-12
-16
-18
-21
-26
-26
-28
-30
-35
-38
-37
-41
-47
-53
-56
-52
-56
-61
-56
-57
-53
-50
-51
-45
-34
-34
-33
-30
-29
-24
-23
-25
-26
-24
-21
-25
-24
-24
-26
-27
-29
-31
-29
-27
-26
-31
-28
-27
-28
-22
-25
-25
-27
-27
-29
-26
-22
-24
-26
-23
-19
-13
-8
-6
-6
-10
-9
-8
-3
7
12
12
13
20
26
31
33
38
46
49
50
45
50
55
50
52
52
57
56
56
51
48
50
45
42
43
41
37
36
29
24
25
22
22
20
18
10
5
3
-3
-5
-9
-14
-12
-11
-14
-8
-4
-7
0
1
4
8
9
14
18
20
19
22
27
22
22
25
24
27
12
11
8
1
1
-5
-8
-4
-9
-19
-22
-21
-20
-21
-24
-30
-32
-30
-34
-38
-41
-50
-50
-51
-53
-53
-50
-50
-52
-51
-47
-43
-37
-33
-31
-25
-25
-19
-19
-16
-10
-13
-9
-9
-5
-3
-6
-7
-3
-1
-3
0
2
0
-1
-2
-3
-6
-6
-5
-6
-5
-11
-10
-12
-18
-17
-17
-9
-11
0
9
12
17
18
25
27
30
33
35
38
38
42
41
41
39
43
44
39
41
37
37
36
34
33
27
27
19
17
13
10
8
7
7
6
9
9
13
12
9
8
5
8
13
10
13
14
14
14
15
14
15
11
12
12
8
12
11
12
14
12
8
7
3
4
0
5
9
10
12
13
13
10
13
8
3
7
11
13
15
19
11
10
13
9
9
6
2
2
1
-3
-4
-9
-10
-13
-17
-18
-23
-22
-22
-28
-30
-35
-33
-31
-29
-25
-18
-17
-20
-14
-15
-9
-10
-7
-7
-6
-3
-6
-4
-6
-8
-5
-5
-6
-3
-9
-2
-3
-7
-8
-14
-19
-20
-21
-18
-22
-24
-23
-24
-20
-21
-19
-18
-16
-15
-12
-9
-12
-11
-9
-10
-13
-11
-7
-7
1
2
2
6
7
12
12
15
10
10
14
14
8
7
13
10
6
4
5
2
0
4
5
1
6
6
6
4
7
2
-1
0
1
4
8
9
8
7
6
3
7
6
4
10
10
14
14
15
15
11
11
13
17
15
19
20
21
24
23
24
25
22
16
22
18
19
18
16
14
14
10
6
9
2
-1
-6
-7
-6
-11
-10
-17
-16
-15
-15
-17
-16
-17
-16
-17
-20
-16
-20
-17
-15
-18
-16
-12
-8
-9
-4
-6
-4
-7
-4
1
1
3
1
1
2
4
-2
3
2
7
2
5
7
6
4
-2
-2
-6
-6
-3
-5
-9
-8
-15
-19
-21
-20
-19
-22
-24
-22
-19
-21
-24
-26
-24
-24
-25
-24
-18
-18
-14
-12
-14
-15
-15
-17
-21
-21
-19
-18
-16
-19
-21
-16
-19
-20
-21
-23
-20
-23
-21
-22
-20
-17
-19
-18
-20
-20
-16
-18
-22
-20
-21
-19
-17
-14
-8
-16
-15
-9
-9
-6
-7
-3
0
-1
0
3
5
3
0
5
9
11
11
12
8
6
9
8
6
3
9
6
4
6
6
5
3
2
-4
-1
-3
-4
-6
-7
-9
-8
-7
-11
-14
-21
-25
-26
-27
-27
-34
-38
-39
-39
-38
-29
-29
-32
-22
-22
-18
-13
-13
-12
-10
-10
-9
-2
-4
-7
-6
-3
2
5
4
3
-2
-4
-2
0
5
5
7
2
3
0
-1
1
0
-4
1
0
2
-3
0
-3
-10
-9
-7
-1
-3
-4
-4
-4
-11
-8
-6
-6
-7
-9
-5
-4
-5
-9
-8
-12
-14
-9
-8
-13
-15
-8
-9
-11
-16
-16
-16
-19
-19
-18
-17
-18
-15
-15
-13
-13
-11
-11
-9
-10
-9
-14
-13
-12
-13
-10
-12
-8
-6
-7
-6
-5
-6
-3
1
3
1
-1
0
0
4
3
2
4
3
0
4
2
3
5
2
0
0
1
-1
-1
0
1
0
0
-1
1
-5
-5
-5
-7
-9
-11
-14
-19
-19
-24
-27
-27
-31
-29
-31
-34
-34
-34
-32
-28
-27
-17
-20
-23
-20
-24
-19
-19
-19
-17
-18
-19
-21
-16
-12
-16
-13
-13
-12
-8
-9
-10
-7
-6
-5
-7
-10
-10
-6
-3
-7
-8
-13
-10
-9
-12
-12
-14
-12
-11
-2
3
4
0
1
-2
3
5
6
5
5
-1
4
5
6
4
7
2
-3
0
0
-6
-8
-9
-10
-10
-13
-11
-11
-7
-11
-8
-8
-11
-7
-4
-6
-6
-10
-6
-8
-6
-9
-8
-3
-9
-6
-4
-2
-4
-2
-5
-6
0
1
1
-2
-2
-2
-1
2
2
3
5
6
5
3
5
3
3
5
7
8
6
4
6
7
11
8
6
9
8
4
-1
-1
-5
-7
-13
-11
-12
-13
-13
-12
-15
-24
-30
-30
-30
-33
-32
-32
-30
-34
-35
-32
-26
-27
-25
-16
-14
-15
-11
-9
-7
-8
-8
-3
-3
0
1
3
4
-2
1
4
1
3
4
3
2
3
5
5
6
12
8
6
2
1
5
5
6
8
6
6
6
3
4
6
5
5
4
5
7
4
2
0
5
8
5
5
3
5
5
3
-3
-4
-4
-6
-9
-5
-3
-11
-4
-5
-2
-3
-2
3
0
-1
-3
-2
1
2
3
1
2
-4
-4
-3
-6
-3
-3
0
-3
2
7
9
7
7
11
16
20
22
20
22
23
19
24
22
27
23
18
19
17
10
12
8
6
4
3
5
6
6
1
1
2
4
-2
0
-8
-10
-10
-15
-14
-19
-21
-23
-27
-27
-29
-29
-32
-32
-34
-35
-29
-29
-29
-27
-30
-20
-20
-20
-19
-19
-17
-13
-10
-14
-7
-4
-6
-5
-8
-13
-10
-12
-12
-12
-10
-17
-17
-16
-16
-15
-15
-13
-10
-15
-16
-15
-17
-9
-8
-7
-5
-4
-5
-2
-2
-2
-9
-9
-5
-6
-5
-7
-13
-10
-4
-6
-6
-3
-5
-11
-3
2
-4
-1
-2
2
-2
-4
-1
-3
-3
-4
-2
-4
-9
-6
-3
-7
-8
-4
-4
-2
-2
-1
-3
-6
-1
4
3
6
5
4
6
7
6
10
10
12
13
10
14
18
21
20
15
15
18
17
18
21
18
16
16
13
15
11
15
14
14
13
14
13
6
9
7
6
7
4
-3
-9
-11
-13
-17
-16
-17
-19
-18
-18
-21
-18
-19
-18
-19
-27
-23
-22
-19
-18
-21
-14
-12
-14
-14
-12
-12
-10
-11
-10
-8
-8
-6
-3
-5
-3
-1
-2
-3
-10
-13
-8
-5
-1
-3
1
-1
3
-3
0
0
-2
-1
-2
-3
-6
-6
-7
-3
-8
-6
-5
-8
-7
-3
-5
-8
-4
-8
-4
-4
-4
0
0
-1
-6
-5
-4
-7
-5
-9
-10
-4
-9
-7
-1
-2
-2
2
3
2
1
0
3
5
-1
-2
-4
2
2
0
3
3
6
6
7
9
12
13
10
9
12
11
11
12
12
12
13
15
14
16
15
16
13
15
17
16
15
11
15
17
17
12
13
15
14
12
9
11
9
5
3
-1
-2
-6
-13
-10
-12
-17
-18
-13
-6
-11
-12
-15
-12
-14
-13
-12
-13
-13
-22
-16
-11
-5
-10
-7
-7
-7
-5
-3
-5
-10
-9
-3
-5
0
8
5
6
11
12
10
16
16
15
13
17
18
14
15
18
20
20
20
18
19
17
15
13
15
15
12
12
11
10
8
11
5
2
3
6
3
-2
-5
-6
-4
-4
0
0
-3
-2
-2
4
5
1
0
2
-1
-5
-5
-8
-6
-4
-5
-6
-2
0
1
3
2
6
8
8
5
5
8
6
8
8
8
12
13
13
11
14
15
14
15
15
18
16
15
20
18
15
20
18
21
20
21
20
18
14
13
11
11
15
8
8
8
11
12
8
3
7
7
2
7
-1
1
2
-5
-7
-10
-12
-10
-8
-11
-9
-14
-10
-10
-16
-13
-16
-17
-17
-16
-11
-7
-4
-9
-4
0
-2
-3
-3
1
0
3
8
9
4
13
15
14
18
17
15
16
14
12
15
12
10
14
13
7
8
4
3
4
-2
2
4
-1
3
1
-1
-5
-3
2
3
8
11
9
5
9
12
8
7
4
1
3
2
-1
-2
-1
-6
-8
-12
-9
-10
-14
-7
-8
-6
-5
-6
-3
-1
-2
-1
1
-1
0
-1
1
-1
-6
-1
2
-2
-3
-2
-2
-4
-1
1
2
1
2
4
3
3
7
6
3
9
4
5
4
4
7
2
0
-1
-4
1
1
-3
1
2
2
1
0
1
0
4
4
2
2
-1
2
0
-2
0
-2
-8
-5
0
-11
-8
7
6
-2
-4
2
1
5
6
4
6
10
6
3
8
4
5
6
3
7
11
10
11
19
13
19
22
23
22
20
23
21
27
26
30
34
32
33
32
36
29
30
28
31
33
26
24
28
29
28
35
28
26
30
29
26
24
25
23
24
31
28
28
25
28
26
24
26
28
30
19
25
21
21
22
22
18
16
18
18
21
14
15
16
21
15
11
13
9
11
10
10
7
9
11
8
8
13
15
12
11
2
5
5
3
4
-2
5
3
5
4
1
0
1
2
0
-1
-7
-7
-7
-4
-4
-9
-11
-5
-5
-6
-10
-9
-1
-7
-4
-6
-7
-4
-5
-4
-8
-9
-11
-8
-6
-5
-4
-7
-6
-4
-3
-6
-8
-10
-9
-10
-7
-9
-8
-10
-8
-4
-7
-1
-4
-1
4
4
5
11
10
9
15
16
14
18
11
11
16
13
14
14
15
14
19
17
14
15
21
19
16
20
15
19
19
19
15
18
21
20
19
13
18
15
15
15
18
18
22
25
28
26
21
22
21
23
23
21
21
24
19
21
20
18
22
21
18
21
23
24
23
19
14
17
16
15
14
9
11
12
12
12
8
8
6
6
5
1
0
6
4
5
9
9
8
9
14
12
12
12
10
12
13
12
9
10
8
6
10
8
8
7
8
6
4
1
0
5
3
-2
-3
-5
-9
-11
-7
-5
-4
-5
-5
-4
-6
-5
-8
-9
-8
-10
-10
-13
-12
-11
-11
-13
-12
-17
-18
-13
-13
-12
-10
-9
-11
-5
-7
-10
-2
-3
-3
4
4
5
9
7
7
9
12
15
15
17
18
18
12
15
10
8
8
7
8
7
9
8
11
12
12
15
11
10
14
9
10
11
7
11
7
8
8
7
8
11
13
10
10
6
6
4
8
5
6
4
3
2
0
5
4
4
10
13
13
14
14
16
18
15
16
17
14
9
11
13
13
17
13
13
12
11
16
15
14
20
20
23
25
23
25
30
27
26
27
24
20
23
25
24
22
25
21
17
18
15
19
13
11
10
14
10
8
13
9
6
9
5
9
11
8
10
11
12
10
9
8
7
9
6
13
11
6
14
11
11
14
15
12
11
15
16
17
16
13
17
16
15
12
12
12
16
11
10
12
11
9
7
8
9
10
13
14
14
16
14
9
11
10
6
5
0
1
0
1
2
1
3
-1
-7
-8
-2
-4
-6
-2
-3
1
0
1
1
-1
3
1
-3
-2
1
0
0
3
2
1
5
3
0
3
3
2
-1
-3
1
4
1
0
3
2
4
-4
2
-1
4
-1
3
5
0
0
-2
4
6
10
8
10
11
9
14
16
15
16
18
21
17
13
17
15
13
17
15
15
16
16
18
18
21
16
22
20
22
24
25
22
19
19
18
20
19
18
18
18
15
16
13
12
8
12
6
4
8
7
7
7
9
13
14
13
16
18
21
18
16
18
20
22
26
25
23
21
18
19
21
23
24
21
18
19
24
24
21
22
20
21
18
18
