-5
-7
-2
-2
-1
1
-1
-4
-7
-2
-3
-4
0
0
-4
-2
-4
-3
-4
-5
-7
-5
-3
-6
-2
3
-1
-1
-1
-5
-4
-7
-8
-9
-11
-9
-10
-5
-2
0
-5
-7
-4
-6
-5
-3
-6
1
2
-2
2
5
6
5
5
4
3
1
-2
-5
-6
-1
-5
-7
-10
-9
-8
-6
-3
-5
-7
-5
-4
-3
-5
-7
-6
-5
-4
-6
-4
3
5
2
-1
4
2
0
4
-1
-2
0
4
-2
0
-1
-5
-4
-9
-9
-10
-7
-8
-12
-11
-5
0
0
-1
3
4
-1
2
2
-1
-2
-2
-2
-4
-6
-9
-8
-10
-5
-7
-9
-8
-9
-2
-1
3
3
6
3
2
10
8
9
11
10
10
8
15
11
10
11
14
15
13
13
11
11
9
3
0
2
8
10
8
10
6
5
-1
-7
-6
-6
-5
-2
-3
-2
-6
-9
-6
-6
-9
-8
-7
-3
-9
-13
-9
-11
-7
-8
-10
-6
-9
-9
-9
-8
-9
-12
-11
-10
-9
-12
-15
-16
-14
-15
-11
-16
-14
-13
-16
-15
-13
-13
-11
-4
-12
-10
-11
-7
-7
-10
-6
-9
-9
-11
-15
-16
-15
-18
-15
-15
-14
-18
-17
-18
-19
-17
-18
-12
-14
-14
-19
-18
-17
-19
-20
-19
-22
-25
-22
-29
-23
-26
-23
-26
-30
-28
-24
-24
-26
-25
-26
-25
-24
-24
-26
-22
-22
-18
-25
-25
-22
-22
-19
-16
-12
-13
-11
-10
-10
-9
-13
-11
-7
-11
-8
-13
-16
-13
-13
-12
-14
-16
-15
-18
-17
-16
-12
-10
-15
-13
-13
-12
-14
-17
-13
-22
-18
-18
-22
-18
-18
-13
-13
-12
-8
-7
-11
-9
-10
-4
2
-1
2
4
-1
0
3
2
0
6
5
0
3
4
-1
3
-5
-2
1
-1
1
2
3
9
10
6
11
7
7
7
10
7
8
4
2
5
-2
-3
1
-4
-10
-9
-9
-12
-13
-16
-13
-14
-17
-15
-11
-15
-12
-16
-15
-12
-15
-15
-16
-10
-15
-15
-19
-21
-20
-23
-17
-15
-12
-14
-14
-14
-18
-12
-15
-20
-16
-16
-13
-16
-17
-17
-16
-13
-17
-13
-17
-21
-28
-24
-19
-18
-17
-17
-18
-19
-14
-16
-11
-16
-18
-19
-19
-19
-25
-24
-20
-19
-20
-14
-20
-21
-17
-19
-17
-20
-17
-19
-18
-19
-16
-12
-19
-16
-16
-17
-12
-12
-14
-12
-15
-13
-10
-11
-10
-16
-21
-16
-14
-14
-16
-17
-14
-15
-12
-14
-13
-19
-19
-19
-20
-17
-19
-20
-17
-12
-12
-11
-8
-12
-15
-13
-15
-13
-16
-18
-17
-18
-14
-13
-16
-13
-10
-9
-3
-4
0
2
4
6
5
8
9
8
8
12
9
10
8
6
6
-1
4
3
1
-2
1
1
-3
-2
4
0
3
5
6
1
-1
0
-5
-3
-2
-3
-4
-12
-12
-12
-13
-14
-12
-13
-18
-19
-21
-24
-27
-25
-24
-23
-23
-20
-20
-21
-18
-21
-18
-18
-18
-15
-11
-13
-12
-12
-13
-14
-10
-6
-7
-5
-3
-4
-4
-1
-4
-8
-6
-9
-8
-11
-12
-9
-10
-4
-7
-4
-7
-6
-5
-7
-7
-6
-5
-7
-9
-6
0
-7
-8
-10
-10
-12
-15
-13
-11
-11
-13
-14
-17
-15
-16
-12
-15
-14
-9
-9
-7
-6
-8
-6
-4
-4
-1
-2
-3
-3
-5
0
-4
-6
-8
-6
-5
-9
-6
-9
-10
-13
-12
-11
-14
-16
-16
-17
-13
-15
-15
-16
-16
-14
-16
-15
-17
-16
-13
-17
-18
-15
-16
-17
-16
-20
-12
-13
-13
-11
-11
-6
-6
-6
-7
-14
-15
-16
-16
-14
-16
-13
-12
-12
-10
-12
-12
-8
-9
-11
-8
-11
-8
-9
-6
-4
-5
-2
-2
3
2
-2
-4
-8
-9
-5
-10
-7
-8
-14
-9
-12
-13
-9
-15
-7
-7
-4
-7
-10
-10
-6
-4
-7
-1
-2
-1
1
1
0
2
-1
-1
6
3
-1
3
-1
2
0
-6
-2
-4
-7
-9
-14
-12
-8
-9
-13
-15
-13
-12
-5
-1
-2
-2
0
-3
-8
-8
-14
-11
-15
-18
-16
-18
-18
-16
-15
-16
-18
-19
-19
-18
-14
-14
-18
-20
-17
-16
-16
-12
-12
-10
-9
-8
-6
-2
-3
-1
-3
-3
-5
-7
-4
-10
-5
-6
-6
-4
-5
-5
-5
-7
-9
-6
-7
-6
-4
-7
-6
-2
-5
-8
-9
-4
-4
-6
-9
-13
-14
-15
-16
-14
-16
-21
-17
-20
-18
-17
-15
-15
-14
-12
-13
-10
-12
-10
-10
-7
-9
-9
-6
-8
-7
-11
-7
-3
0
-3
-6
-1
-1
-2
-4
-2
2
-2
-3
-1
-1
-1
2
1
7
4
1
3
3
5
4
7
2
1
6
-1
0
-1
-3
-6
-2
-1
-5
0
-1
0
2
0
5
4
4
7
4
6
6
5
2
3
2
3
3
2
3
2
1
0
0
0
3
3
2
4
7
4
10
11
7
7
8
9
6
5
5
1
-1
-5
-7
-7
-14
-17
-20
-16
-13
-14
-12
-13
-11
-6
-3
-5
-3
-3
-5
-7
-4
-4
-8
-4
-2
-3
5
-2
-2
-2
-1
0
-4
-1
-1
3
4
9
8
9
12
11
14
12
12
12
11
9
7
4
2
1
2
0
1
4
0
0
2
-1
-2
0
-2
0
2
1
1
0
3
3
0
-3
-2
-4
-4
0
-4
-3
-2
-1
2
0
-1
-4
-5
-4
-2
-1
5
2
-1
-1
2
2
-1
1
1
4
3
4
-3
0
2
0
3
2
4
4
3
2
2
2
-1
3
3
-1
4
2
2
0
-1
-1
-3
0
-3
-3
-4
-2
0
1
5
6
2
3
9
10
13
13
16
18
17
20
17
17
17
13
13
12
10
9
5
4
6
2
5
3
6
7
10
7
7
8
5
5
4
3
6
4
1
1
-1
1
-1
-1
-5
-7
-6
-8
-10
-6
-8
-11
-7
-9
-7
-9
-10
-7
-6
-6
-4
-4
-5
-8
-9
1
-7
-4
0
0
5
4
10
8
12
14
16
18
17
19
20
19
19
18
18
12
13
12
9
9
10
7
7
5
6
5
4
7
7
6
6
10
10
7
2
5
6
3
0
2
0
-2
-2
-6
-7
-5
-5
-7
-4
-6
-4
-9
-3
0
-5
-7
-11
-10
-13
-7
-3
-5
-6
-2
-4
-10
-4
-2
-4
-3
-4
-1
-2
-3
0
3
4
5
6
6
6
3
-1
5
3
4
4
6
3
2
5
-1
2
2
2
0
4
1
2
-1
-4
-1
-4
-4
-4
-5
-3
-1
0
-2
2
5
2
5
4
6
4
3
5
4
2
7
8
5
9
11
7
9
12
10
13
11
10
10
12
12
11
10
9
10
10
5
0
1
1
-2
-4
-5
-9
-15
-12
-13
-15
-12
-12
-9
-7
-9
-11
-5
-4
-6
-5
0
3
1
8
2
1
3
1
1
2
6
3
4
5
3
4
5
7
5
8
13
14
13
14
14
13
14
13
12
10
10
12
13
11
9
7
7
6
2
2
2
-1
-2
-4
-4
-6
-8
-7
-6
-7
-6
-6
-3
-3
-5
-8
-6
-5
-9
-8
-4
-6
-7
-7
-9
-7
-1
-3
-5
-1
-1
-1
-4
-5
-6
-2
-7
-7
-7
-10
-10
-14
-15
-16
-8
-12
-13
-11
-9
-10
-11
-5
-3
-10
-10
-5
-8
-6
-7
-11
-10
-7
-8
-10
-8
-11
-11
-11
-9
-8
-9
-11
-10
-9
-9
-9
-2
2
3
2
7
6
5
6
8
10
4
8
10
11
7
4
7
8
7
2
2
-4
-9
-3
-2
1
1
0
2
3
3
3
5
5
1
-4
0
2
1
1
4
1
-1
-6
-11
-4
-4
-7
-5
-8
-9
-6
-7
-7
-6
-3
-7
-5
0
2
3
3
6
5
7
6
2
3
7
6
4
-2
3
5
3
7
1
2
9
7
6
8
7
4
5
5
3
7
5
1
1
-2
-7
-10
-7
-10
-12
-8
-8
-8
-9
-4
-9
-7
-7
-6
-5
-6
-5
-3
0
-2
2
1
-2
0
-1
0
1
0
-1
0
-3
-3
-7
-6
-5
-11
-11
-12
-8
-9
-7
-4
-2
-1
1
-4
-4
-3
-6
-13
-14
-15
-14
-13
-12
-13
-16
-19
-16
-14
-19
-20
-27
-28
-25
-26
-25
-24
-26
-28
-25
-20
-22
-22
-20
-16
-13
-11
-9
-5
0
-3
0
-2
-1
1
0
-2
1
2
-1
-3
-9
-7
-7
-7
-4
-1
-1
-1
0
0
0
1
-1
1
0
-1
-1
1
4
1
1
-3
0
-1
-1
0
-1
1
1
4
5
1
3
5
4
1
5
6
5
6
3
0
1
0
-2
-4
-4
-2
-8
-7
-5
-7
-8
-4
-8
-5
-2
-2
3
2
4
-2
-3
-4
-4
-3
-5
0
0
1
2
2
8
6
9
7
6
4
9
11
10
7
3
9
5
9
6
7
9
11
14
7
2
1
4
-1
-3
3
1
3
6
4
5
6
1
3
6
11
9
11
10
7
4
3
5
-3
0
3
0
-3
-7
-9
-5
0
3
3
-3
1
-1
2
2
3
3
1
5
-1
3
5
3
3
-1
-2
3
1
-2
-2
-2
2
-3
1
1
0
-3
-1
-2
1
-1
-2
2
-2
-2
-4
-4
0
-4
-8
-7
-5
-8
-6
-6
-7
1
-2
-1
0
2
-2
-2
5
6
4
-1
0
1
3
5
-2
2
0
-6
-2
1
-1
2
3
2
1
2
5
5
2
0
6
4
10
10
10
4
1
-1
-2
1
-2
-5
-6
-11
-9
-8
-8
-9
-7
-5
-2
-10
-13
-14
-13
-3
-3
-4
1
-1
1
1
-1
-1
-4
1
8
12
12
9
14
15
19
19
18
23
20
22
26
23
21
23
27
28
27
28
30
28
30
28
31
28
31
33
33
30
25
27
24
20
24
23
23
24
20
21
21
18
20
21
19
17
19
21
14
13
11
13
11
8
6
3
-2
-7
-8
-10
-11
-15
-17
-19
-22
-27
-27
-30
-31
-31
-36
-33
-38
-36
-39
-41
-44
-48
-43
-44
-46
-46
-38
-41
-40
-38
-40
-39
-41
-47
-46
-49
-50
-44
-46
-45
-41
-40
-38
-30
-35
-32
-31
-36
-33
-34
-25
-28
-25
-26
-28
-28
-32
-41
-46
-50
-57
-59
-62
-50
-40
-28
-10
1
5
5
13
34
50
66
73
69
64
61
71
77
75
78
76
70
71
71
64
50
49
50
53
51
51
53
47
47
45
41
38
38
40
40
33
26
19
13
11
13
17
12
12
11
9
12
11
5
7
12
13
12
6
1
0
1
-1
3
4
2
4
2
-1
-9
-4
-1
-5
1
-3
-2
-5
-4
1
-4
-4
-3
4
6
5
5
3
1
3
4
8
2
-5
-2
-2
-1
-3
-4
-8
-10
-8
-7
-14
-18
-19
-21
-23
-28
-28
-30
-30
-35
-35
-39
-43
-42
-43
-51
-55
-53
-62
-66
-64
-71
-69
-72
-71
-68
-74
-78
-72
-66
-68
-67
-70
-79
-85
-87
-96
-99
-95
-89
-78
-59
-33
-20
-28
-34
-14
12
39
66
70
57
57
74
87
88
83
85
83
90
97
96
82
66
64
66
66
61
60
51
49
51
50
41
33
36
36
39
35
28
15
5
9
9
3
-9
-11
-10
-10
-12
-23
-34
-40
-34
-25
-24
-22
-30
-33
-35
-32
-23
-22
-15
-7
-12
-13
-3
2
-5
2
6
3
1
9
13
11
11
12
17
19
23
22
18
24
26
28
30
31
33
29
31
32
31
27
26
26
19
19
13
6
-2
1
-4
-14
-20
-25
-27
-31
-28
-33
-42
-48
-53
-54
-58
-65
-70
-74
-79
-81
-83
-80
-76
-81
-79
-83
-81
-81
-74
-66
-69
-73
-75
-72
-73
-76
-79
-84
-98
-106
-95
-84
-66
-35
-10
0
-15
-20
7
40
74
96
94
80
79
92
106
108
101
93
94
101
113
107
81
71
68
71
76
80
74
66
69
64
58
45
38
46
51
50
42
20
11
7
5
7
2
-11
-16
-8
-7
-11
-31
-43
-39
-32
-30
-32
-41
-50
-47
-38
-31
-35
-33
-25
-17
-16
-11
-10
-16
-14
-5
3
4
2
6
13
11
16
19
17
23
30
34
26
29
28
37
44
43
44
37
40
41
39
40
35
34
28
28
23
16
9
5
5
-3
-13
-17
-23
-29
-35
-39
-47
-57
-57
-62
-65
-74
-79
-88
-85
-86
-90
-85
-88
-90
-91
-87
-83
-85
-86
-85
-87
-85
-74
-71
-73
-77
-79
-85
-97
-100
-103
-115
-122
-113
-100
-78
-54
-24
-18
-38
-30
5
47
87
107
95
77
88
108
118
116
112
105
105
115
122
116
92
81
73
81
84
86
78
69
68
66
65
48
44
48
55
53
40
27
11
6
11
3
-12
-18
-19
-13
-8
-7
-34
-47
-35
-28
-28
-43
-47
-49
-54
-46
-37
-43
-40
-26
-19
-18
-17
-9
-7
-11
-1
7
1
6
12
22
19
19
25
27
27
34
38
35
35
38
43
40
44
46
46
51
49
48
46
45
43
32
25
20
16
17
10
5
1
-7
-17
-17
-18
-22
-30
-34
-41
-49
-48
-53
-64
-69
-65
-68
-71
-73
-71
-70
-67
-74
-77
-82
-77
-63
-54
-56
-66
-70
-77
-76
-73
-78
-94
-108
-108
-112
-118
-126
-119
-106
-78
-38
-6
-1
-18
-13
21
64
101
118
108
97
106
123
130
128
123
116
120
136
142
129
110
98
89
90
96
93
92
90
93
88
73
55
53
60
68
69
53
34
21
21
17
6
-4
-10
-4
4
0
-15
-36
-48
-33
-26
-35
-42
-48
-54
-60
-59
-57
-59
-56
-34
-16
-25
-29
-28
-17
-9
8
18
15
16
17
17
18
21
25
31
31
35
43
39
38
44
49
52
52
52
50
55
58
53
44
41
37
34
25
15
8
4
-5
-11
-22
-28
-31
-33
-34
-49
-54
-66
-72
-68
-74
-81
-89
-98
-98
-95
-98
-101
-98
-93
-87
-91
-97
-103
-101
-95
-89
-92
-97
-101
-94
-97
-108
-130
-141
-142
-153
-154
-154
-148
-138
-101
-43
-13
-31
-53
-27
25
85
127
134
114
108
140
162
160
154
141
141
151
176
172
147
126
119
118
116
113
105
96
100
109
99
73
57
60
72
80
75
59
36
36
39
28
8
-3
-2
-5
2
8
-13
-49
-60
-38
-27
-43
-58
-59
-71
-81
-72
-72
-86
-85
-66
-47
-52
-55
-50
-42
-37
-22
2
4
2
17
28
28
35
52
57
54
61
66
65
64
72
76
74
72
75
78
77
77
78
79
69
68
66
62
57
49
48
37
24
14
2
-5
-10
-13
-26
-48
-62
-73
-78
-79
-85
-95
-106
-105
-101
-111
-116
-113
-110
-105
-104
-103
-110
-111
-103
-99
-106
-115
-115
-109
-108
-108
-120
-148
-166
-168
-154
-179
-228
-232
-168
-92
-46
-11
-31
-48
-12
67
122
148
163
181
193
205
204
171
145
164
193
189
166
154
156
145
130
102
79
75
101
127
124
93
72
66
66
71
68
65
67
76
74
49
21
-10
-10
0
2
-17
-24
-13
-12
-32
-71
-79
-76
-65
-56
-44
-56
-92
-105
-84
-62
-63
-58
-31
-8
10
24
34
41
49
76
102
100
92
92
95
95
93
81
60
51
56
48
39
39
41
46
55
61
58
51
64
71
79
82
71
58
40
31
21
5
-19
-36
-50
-61
-78
-96
-109
-121
-127
-131
-132
-130
-119
-111
-111
-115
-112
-101
-103
-99
-102
-110
-115
-121
-127
-142
-149
-156
-152
-153
-161
-156
-163
-186
-212
-225
-229
-226
-210
-132
23
189
240
151
89
140
246
275
240
257
335
361
287
154
29
-38
-24
43
71
22
-43
-40
19
47
3
-33
2
97
177
211
212
177
110
86
109
118
85
53
44
30
-13
-71
-132
-192
-206
-149
-86
-83
-106
-84
-44
-51
-74
-49
9
32
33
55
78
41
-19
-26
6
13
-14
-23
1
16
6
-17
-20
0
24
56
101
128
127
129
151
160
134
116
141
162
139
106
101
107
100
84
62
35
24
34
44
56
40
21
13
5
4
-6
-20
-30
-33
-23
-28
-53
-88
-106
-100
-102
-126
-142
-129
-108
-101
-109
-121
-120
-109
-102
-99
-89
-80
-94
-118
-133
-121
-128
-143
-150
-151
-144
-138
-128
-122
-124
-131
-143
-164
-180
-183
-154
-100
20
203
329
260
89
86
233
292
196
149
265
342
256
101
-7
-75
-132
-119
-26
46
0
-72
-26
88
101
24
21
122
213
253
276
263
159
53
42
66
32
-37
-64
-64
-77
-103
-155
-240
-284
-228
-110
-38
-43
-19
57
85
25
1
73
126
94
73
117
117
17
-96
-102
-57
-56
-86
-85
-40
-14
-33
-36
-1
39
57
116
208
241
208
193
218
207
151
103
99
103
100
81
52
23
5
-4
0
6
-2
7
33
59
64
44
25
13
8
17
6
-13
-28
-43
-67
-109
-156
-172
-169
-169
-169
-161
-133
-117
-112
-108
-100
-81
-82
-97
-88
-69
-79
-124
-150
-160
-166
-192
-199
-175
-158
-151
-140
-120
-107
-121
-152
-169
-173
-151
-100
67
299
396
274
130
146
213
170
75
92
234
303
213
66
-28
-102
-186
-167
-37
40
-8
-26
90
207
177
58
26
116
202
239
249
236
158
36
-23
-40
-79
-145
-169
-131
-94
-94
-155
-228
-256
-201
-102
-45
-12
59
152
155
90
54
61
52
12
24
66
41
-64
-133
-111
-101
-168
-204
-135
-31
-3
-22
15
92
111
100
144
220
256
257
265
270
225
136
76
53
28
-15
-33
-18
-6
-17
-36
-41
-46
-34
17
84
121
111
100
110
105
79
28
-12
-21
-28
-50
-90
-141
-178
-197
-200
-210
-216
-191
-147
-95
-65
-56
-57
-60
-69
-70
-54
-44
-56
-95
-118
-120
-137
-176
-199
-192
-183
-179
-173
-154
-147
-164
-171
-159
-141
-139
-105
54
315
437
313
157
170
259
214
95
78
212
287
197
68
-11
-80
-187
-194
-65
51
22
-16
93
246
250
124
69
149
222
225
229
253
203
65
-38
-47
-63
-148
-230
-225
-140
-94
-134
-201
-225
-173
-97
-57
-19
72
158
152
94
77
99
41
-58
-75
2
19
-96
-187
-160
-125
-183
-240
-201
-92
-31
-23
34
136
164
128
160
247
279
246
223
251
248
166
71
19
-3
-41
-49
-33
-16
-23
-35
-17
-4
-1
15
69
122
138
139
128
113
74
21
-18
-41
-73
-105
-131
-156
-202
-233
-258
-266
-249
-217
-163
-117
-92
-64
-30
-21
-46
-66
-60
-52
-65
-106
-134
-138
-170
-225
-252
-241
-248
-244
-213
-153
-107
-127
-151
-131
-101
-119
-129
39
346
508
387
188
193
277
203
31
-10
164
284
218
87
27
-27
-159
-203
-86
65
58
-5
116
323
351
180
63
125
210
209
192
224
200
76
-48
-80
-77
-160
-262
-262
-143
-43
-75
-169
-197
-130
-53
-44
-25
79
191
183
103
91
112
35
-99
-121
-22
4
-109
-195
-135
-65
-126
-217
-190
-83
-28
-40
5
120
223
245
252
316
332
279
238
269
257
180
114
58
25
-35
-95
-114
-102
-72
-38
-3
-3
1
40
101
148
142
123
129
140
118
69
6
-66
-129
-179
-207
-248
-283
-294
-283
-265
-271
-258
-209
-149
-103
-61
-39
-10
-9
-37
-50
-45
-73
-150
-172
-168
-175
-217
-266
-263
-230
-224
-252
-232
-194
-189
-213
-215
-137
84
363
444
333
255
344
398
246
43
50
245
296
175
66
29
-59
-213
-220
-59
32
-58
-79
136
353
327
153
102
201
263
252
250
266
201
80
13
-14
-75
-188
-249
-215
-142
-114
-146
-189
-199
-135
-57
-24
-13
71
173
176
127
132
151
66
-65
-90
-6
-12
-146
-202
-123
-70
-160
-255
-205
-83
-41
-65
-21
92
153
126
212
394
422
340
276
307
312
228
120
72
118
54
-27
-48
-45
-59
-116
-90
-26
21
20
56
152
215
204
151
129
139
132
73
1
-36
-66
-131
-216
-260
-265
-286
-341
-340
-262
-200
-188
-168
-102
-19
1
-68
-89
-27
-3
-57
-113
-146
-161
-187
-244
-259
-244
-270
-298
-258
-208
-211
-238
-248
-222
-175
-135
39
340
480
363
229
274
342
254
67
25
199
304
211
64
0
-75
-209
-238
-102
41
7
-45
98
316
351
188
68
120
240
294
271
257
211
110
11
-55
-102
-165
-231
-261
-188
-88
-92
-187
-246
-188
-59
-12
-26
46
175
195
127
117
138
85
-47
-99
-13
15
-99
-191
-143
-90
-152
-235
-214
-94
-42
-57
-19
76
130
112
150
330
450
407
339
317
313
259
179
99
65
57
4
-8
-23
-66
-106
-125
-80
-40
16
71
121
167
193
206
174
127
99
82
54
5
-43
-101
-161
-231
-278
-299
-333
-348
-307
-221
-156
-134
-124
-88
-53
-63
-84
-60
-10
-27
-79
-121
-126
-145
-197
-245
-267
-252
-255
-230
-203
-214
-223
-252
-252
-242
-121
180
446
439
243
226
358
363
182
53
176
321
284
131
46
-3
-168
-288
-196
6
33
-97
-76
159
325
237
83
80
192
281
303
311
279
171
48
-3
-3
-49
-147
-225
-229
-162
-110
-167
-271
-282
-168
-49
-22
-5
77
128
91
81
146
159
32
-83
-36
50
-12
-169
-209
-125
-96
-180
-236
-189
-123
-97
-69
9
87
90
112
280
438
424
341
303
314
298
242
151
86
46
-7
-6
-30
-77
-141
-154
-79
-19
5
15
84
176
234
226
177
151
139
131
87
37
-18
-81
-141
-197
-208
-245
-318
-362
-307
-201
-161
-166
-171
-109
-32
-27
-80
-101
-45
-34
-78
-124
-121
-126
-187
-265
-279
-228
-231
-245
-232
-172
-149
-194
-239
-233
-55
235
439
370
186
201
358
391
203
61
145
281
258
95
11
-8
-109
-205
-137
36
60
-43
-44
145
301
241
106
87
193
287
309
270
195
112
43
3
-26
-58
-108
-170
-203
-173
-133
-182
-289
-286
-138
-14
4
12
61
83
36
34
115
140
25
-65
-12
51
-32
-169
-187
-121
-104
-172
-199
-143
-104
-111
-93
-8
62
72
128
304
421
391
326
303
307
274
217
151
114
71
11
-23
-57
-97
-135
-119
-77
-46
-18
26
91
138
166
166
158
129
110
93
61
19
-58
-122
-174
-203
-224
-261
-299
-336
-314
-241
-194
-179
-173
-117
-43
-50
-90
-92
-62
-54
-85
-120
-145
-158
-192
-234
-238
-263
-323
-362
-322
-257
-237
-224
-66
243
407
253
45
116
373
471
328
212
292
382
265
44
-50
-45
-106
-176
-97
41
17
-143
-152
65
233
190
81
124
267
324
293
267
252
155
47
39
98
86
-70
-204
-206
-128
-128
-244
-337
-295
-163
-83
-72
-28
35
9
-38
33
174
172
16
-75
4
92
7
-157
-203
-128
-93
-142
-197
-211
-202
-200
-151
-57
4
-1
-3
138
355
416
346
284
284
324
326
269
167
106
96
80
28
-61
-141
-165
-135
-77
-37
-45
-40
-2
96
158
161
142
103
122
120
91
21
-76
-125
-162
-170
-201
-278
-332
-328
-280
-256
-254
-231
-191
-130
-78
-90
-87
-52
-44
-69
-103
-102
-123
-186
-250
-274
-254
-280
-335
-343
-302
-274
-302
-298
-172
92
350
361
174
78
233
423
392
237
205
307
311
156
10
-30
-69
-163
-154
-1
83
-47
-196
-106
135
263
202
127
171
258
309
299
240
156
88
87
109
99
25
-111
-222
-243
-179
-135
-204
-288
-274
-153
-76
-72
-57
-34
-36
-6
115
194
115
-46
-82
24
80
-11
-116
-115
-84
-103
-163
-199
-195
-173
-114
-32
61
99
60
59
135
221
263
268
262
251
250
237
183
85
20
37
70
67
17
-35
-59
-45
-19
-4
10
28
55
77
75
60
54
50
26
3
1
-7
-65
-137
-151
-130
-155
-230
-265
-232
-194
-196
-216
-199
-145
-129
-168
-175
-125
-93
-139
-194
-182
-135
-133
-184
-197
-177
-177
-207
-224
-198
-172
-193
-242
-271
-257
-198
-34
214
339
194
-39
-26
203
350
300
205
233
290
233
96
20
13
-22
-49
21
114
59
-123
-184
-33
144
198
130
90
130
168
181
166
148
99
44
44
90
109
5
-159
-244
-184
-85
-102
-209
-270
-237
-179
-134
-69
-8
-34
-99
-56
79
114
1
-98
-63
24
53
12
-47
-89
-144
-157
-117
-76
-100
-162
-172
-81
26
69
117
152
172
197
250
300
292
259
237
224
192
120
55
5
3
15
9
-4
-55
-101
-79
-12
36
42
52
58
50
52
52
44
26
-7
-25
-39
-74
-130
-198
-236
-267
-259
-220
-191
-189
-222
-226
-198
-167
-157
-160
-146
-112
-107
-130
-164
-173
-161
-171
-184
-192
-194
-212
-256
-276
-272
-254
-222
-145
43
224
221
26
-79
118
399
464
323
212
231
248
164
67
66
100
62
17
42
55
-40
-167
-130
53
190
199
125
58
44
108
208
234
160
77
72
107
90
24
-33
-68
-92
-99
-97
-147
-240
-281
-216
-112
-59
-57
-90
-156
-168
-69
68
79
-34
-101
-60
-2
-10
-38
-30
-15
-37
-81
-78
-35
-32
-63
-54
21
88
94
78
70
74
116
189
217
178
139
152
176
159
104
65
75
89
97
100
95
47
1
24
76
79
30
-13
-22
-14
-15
-23
-27
-50
-74
-80
-69
-78
-112
-138
-143
-134
-128
-134
-135
-142
-161
-154
-124
-95
-129
-187
-209
-193
-188
-202
-206
-185
-165
-181
-213
-218
-189
-154
-109
-88
-109
-166
-208
-208
-165
-22
208
329
171
-98
-108
173
396
362
205
141
165
163
122
118
152
126
59
45
86
57
-56
-87
27
172
220
142
19
-50
-4
124
216
193
90
9
-19
-11
28
77
45
-55
-117
-82
-57
-136
-221
-188
-88
-26
-30
-70
-161
-253
-205
-35
78
13
-112
-141
-100
-63
-35
14
29
-45
-116
-75
48
84
-5
-68
14
121
111
38
23
59
96
153
196
174
92
44
81
134
149
122
104
99
94
103
133
129
80
47
76
120
73
-26
-83
-58
-6
2
-52
-113
-130
-130
-129
-129
-116
-117
-144
-170
-166
-138
-119
-121
-134
-141
-103
-72
-118
-207
-230
-177
-146
-178
-254
-284
-242
-207
-195
-195
-192
-210
-239
-216
-175
-174
-197
-168
0
226
242
12
-149
44
402
512
317
108
89
160
189
196
227
204
55
-61
-5
119
100
-27
-48
84
195
143
27
-30
15
123
229
248
134
-20
-71
15
138
178
94
-46
-133
-124
-72
-70
-116
-132
-108
-103
-105
-87
-93
-165
-187
-62
72
22
-164
-240
-135
-12
9
-35
-54
-64
-104
-126
-63
54
109
39
-29
-6
52
80
97
121
111
108
120
119
84
73
119
147
136
108
80
65
73
104
153
165
120
61
38
78
115
105
52
-1
-26
-28
-28
-57
-87
-112
-119
-115
-108
-108
-135
-175
-181
-126
-96
-107
-133
-169
-159
-103
-69
-99
-162
-186
-171
-153
-163
-185
-215
-228
-220
-193
-170
-185
-235
-247
-196
-166
-187
-230
-200
-129
-47
84
169
92
-79
-49
214
429
379
177
74
121
198
224
234
218
116
-6
-12
88
128
57
-1
29
99
94
22
-27
-2
74
147
158
94
15
-25
3
73
123
108
7
-112
-120
-34
10
-49
-132
-147
-118
-120
-109
-71
-81
-151
-183
-100
-32
-86
-173
-165
-79
-43
-77
-104
-88
-81
-90
-47
35
64
7
-53
-4
103
136
98
65
66
84
108
136
137
114
92
92
97
85
85
101
127
123
100
99
102
80
58
82
125
112
34
-26
-21
16
19
-26
-65
-73
-62
-76
-91
-100
-108
-125
-155
-162
-144
-126
-141
-165
-181
-160
-137
-138
-157
-174
-175
-176
-184
-196
-206
-198
-189
-188
-200
-221
-220
-208
-186
-178
-187
-194
-224
-240
-212
-122
42
134
43
-120
-94
175
386
343
163
84
141
225
280
299
244
120
17
43
147
171
86
-8
-2
51
59
20
-17
-9
35
86
82
27
-19
-15
26
63
94
83
-6
-113
-104
6
60
-13
-126
-154
-118
-92
-77
-64
-98
-175
-192
-114
-52
-105
-178
-176
-124
-101
-102
-92
-102
-123
-134
-71
11
24
-42
-73
12
106
103
53
41
67
95
141
162
136
86
66
91
111
109
85
83
101
109
90
63
52
72
97
105
85
48
16
8
22
34
29
3
-29
-44
-45
-54
-74
-98
-122
-134
-143
-151
-150
-158
-168
-189
-198
-187
-166
-162
-178
-185
-186
-180
-189
-191
-175
-170
-180
-191
-211
-220
-204
-174
-167
-185
-213
-237
-231
-231
-223
-172
-50
73
44
-106
-130
74
311
328
167
57
101
219
302
322
262
148
38
49
168
226
143
13
-26
33
69
27
-9
5
31
32
16
-1
-14
-25
-8
40
75
59
-26
-111
-95
20
82
-8
-139
-164
-108
-60
-53
-64
-89
-164
-217
-164
-81
-103
-193
-206
-149
-99
-102
-134
-142
-131
-109
-83
-28
11
-7
-43
-20
42
65
60
81
112
108
103
118
127
101
89
101
112
95
72
85
104
105
72
44
51
67
67
68
67
47
24
-1
0
18
24
7
-17
-37
-43
-62
-83
-79
-77
-96
-134
-155
-152
-140
-138
-157
-186
-189
-185
-176
-191
-203
-188
-185
-195
-206
-193
-170
-167
-191
-211
-192
-153
-131
-137
-145
-147
-159
-193
-214
-183
-135
-133
-156
-99
28
63
-68
-134
64
310
305
104
24
159
292
301
234
202
186
135
107
167
220
156
42
-1
41
65
52
34
20
2
-10
-3
-10
-16
1
25
11
-29
-42
-34
-29
-11
24
-2
-81
-135
-96
-25
-20
-60
-94
-125
-184
-192
-107
-38
-82
-182
-211
-171
-121
-107
-101
-93
-85
-87
-93
-62
-24
-6
-12
7
45
63
68
98
124
105
90
118
147
142
143
139
130
119
116
120
107
90
88
82
59
36
35
52
61
49
28
13
20
31
29
19
-11
-34
-30
-22
-27
-53
-85
-110
-134
-150
-154
-162
-160
-180
-223
-242
-220
-192
-204
-220
-205
-177
-175
-192
-183
-161
-145
-157
-174
-165
-152
-157
-152
-125
-118
-149
-188
-190
-176
-159
-167
-187
-187
-117
-4
35
-40
-95
20
232
303
198
117
169
274
331
334
292
215
138
140
211
249
174
61
11
27
59
63
40
3
-34
-33
-6
-8
-37
-28
25
47
12
-16
-7
-2
-3
14
21
-34
-111
-115
-59
-36
-73
-106
-120
-147
-167
-119
-52
-76
-172
-204
-120
-40
-54
-102
-104
-78
-68
-75
-47
16
47
20
-13
13
68
88
112
144
142
129
144
169
173
176
173
161
123
92
102
121
120
85
56
48
62
73
64
54
48
45
44
40
49
57
46
20
-7
-4
2
-11
-37
-63
-89
-120
-155
-172
-171
-160
-187
-235
-257
-220
-172
-170
-197
-208
-186
-164
-147
-141
-145
-154
-153
-145
-125
-111
-104
-113
-140
-143
-121
-106
-125
-164
-182
-160
-137
-146
-167
-113
3
43
-39
-109
30
260
310
170
75
157
282
321
300
283
226
154
132
179
213
159
80
50
49
41
20
4
-7
-23
-28
-20
-25
-41
-7
38
24
-35
-45
16
37
-4
-33
-26
-47
-88
-86
-49
-56
-109
-114
-87
-112
-153
-108
-28
-57
-169
-182
-96
-41
-67
-82
-49
-36
-57
-59
-12
27
36
21
7
20
48
90
128
141
115
101
137
174
181
172
180
158
108
103
152
173
129
74
65
71
69
84
102
92
50
19
29
56
67
55
35
13
3
7
14
-17
-59
-84
-95
-107
-142
-166
-169
-172
-194
-218
-214
-187
-166
-163
-172
-169
-156
-139
-124
-111
-103
-109
-111
-104
-101
-105
-112
-110
-107
-117
-128
-116
-98
-94
-100
-108
-116
-130
-134
-110
-85
-78
-39
40
51
-25
-20
165
327
267
108
90
228
320
291
219
181
171
169
173
165
118
65
71
88
54
-5
-10
42
47
-4
-28
-11
-6
-28
-20
12
-11
-52
-46
-10
-20
-57
-59
-52
-71
-84
-52
-34
-65
-90
-54
-17
-60
-108
-60
6
-36
-106
-89
-10
6
-36
-53
-40
-26
-13
14
29
15
3
20
42
58
69
89
109
116
111
121
153
169
150
132
127
111
82
95
128
130
100
67
57
54
67
92
101
64
26
21
44
63
49
12
-15
-17
-10
-7
-28
-56
-79
-92
-109
-117
-120
-128
-141
-162
-171
-165
-153
-134
-120
-124
-129
-123
-113
-116
-113
-92
-72
-81
-105
-98
-78
-78
-92
-97
-87
-81
-88
-76
-56
-54
-70
-87
-72
-51
-43
-50
-64
-70
-53
-7
43
48
15
6
85
208
220
129
80
160
245
248
204
171
149
128
153
169
127
84
88
105
73
17
4
37
57
28
-30
-64
-45
-17
-14
-16
-18
-30
-39
-21
-9
-20
-19
-4
-24
-61
-51
-4
8
-17
-7
7
-26
-63
-9
66
33
-54
-56
20
40
-1
-21
2
14
1
0
5
4
20
53
54
31
24
66
105
100
85
93
128
155
125
97
119
147
136
106
106
118
107
86
89
76
52
46
58
51
16
4
13
10
-9
-13
-18
-31
-41
-35
-39
-72
-92
-88
-70
-84
-100
-108
-117
-116
-108
-105
-115
-118
-101
-84
-89
-95
-83
-74
-75
-71
-67
-61
-56
-50
-48
-55
-60
-48
-46
-54
-50
-37
-29
-32
-36
-36
-34
-29
-29
-32
-54
-75
-80
-65
-49
-42
-36
-32
-23
-6
25
55
48
33
61
107
109
78
72
102
115
93
96
111
100
57
44
69
94
83
43
36
42
34
27
24
33
34
34
31
21
16
40
62
54
20
15
42
50
34
21
38
56
48
24
9
18
34
32
26
17
11
7
12
12
-1
1
9
-1
-17
-9
10
8
-12
-8
11
25
15
11
24
30
37
46
51
50
51
55
68
68
63
52
57
63
59
56
47
50
58
63
62
56
46
47
51
59
48
42
38
36
22
1
10
19
21
13
3
-8
-17
-25
-26
-19
-29
-43
-50
-40
-31
-48
-64
-61
-42
-37
-49
-53
-63
-63
-54
-45
-49
-62
-70
-58
-55
-64
-57
-57
-57
-60
-55
-51
-52
-58
-63
-65
-79
-93
-114
-131
-127
-103
-84
-81
-73
-51
-31
-23
-3
37
65
74
84
95
105
124
144
150
142
133
135
138
146
145
145
138
118
102
110
116
118
100
94
110
111
95
83
89
104
97
81
73
61
48
43
43
38
28
18
10
7
0
-2
-16
-26
-18
-3
3
-22
-45
-41
-25
-11
-8
-28
-50
-52
-36
-39
-56
-60
-57
-61
-64
-48
-40
-44
-36
-15
3
2
5
24
29
28
38
47
50
52
61
63
60
56
65
75
74
69
69
86
90
80
66
73
81
78
62
56
60
59
53
42
26
18
15
17
23
2
-23
-29
-28
-29
-37
-48
-48
-52
-54
-58
-64
-59
-51
-58
-76
-81
-73
-57
-57
-67
-72
-69
-72
-71
-75
-73
-73
-83
-88
-90
-81
-80
-94
-104
-106
-112
-124
-128
-118
-109
-103
-101
-89
-67
-42
-13
10
29
44
66
102
127
139
140
139
157
178
195
197
182
163
158
169
169
154
147
143
133
112
104
115
129
121
93
76
75
82
76
65
54
46
32
16
17
24
15
1
-8
-13
-16
-13
-14
-22
-35
-37
-33
-38
-53
-49
-35
-40
-57
-72
-56
-45
-49
-56
-63
-68
-63
-49
-49
-58
-49
-36
-24
-21
-17
2
14
21
32
50
58
55
58
76
82
78
78
91
100
96
88
91
100
102
103
104
100
93
95
99
90
71
59
66
68
52
39
30
20
12
6
-1
-18
-31
-35
-34
-46
-56
-54
-48
-55
-65
-61
-66
-73
-69
-66
-62
-63
-59
-61
-66
-75
-78
-63
-63
-59
-62
-74
-85
-84
-73
-70
-75
-70
-62
-46
-45
-40
-31
-26
-24
-31
-24
-27
-32
-29
-22
-13
-2
0
17
40
50
58
68
92
118
141
154
147
137
134
152
174
172
146
119
114
124
135
121
89
77
77
80
75
53
43
41
51
54
44
36
30
30
30
29
20
5
-10
-13
-7
-2
-15
-26
-26
-23
-20
-27
-40
-46
-31
-21
-34
-43
-50
-42
-38
-34
-21
-17
-17
-23
-27
-30
-26
-10
3
-9
-21
-17
-6
1
11
36
36
26
34
57
72
68
70
72
80
79
86
89
88
93
89
88
81
69
60
69
63
47
26
23
36
37
28
19
20
18
18
16
18
15
9
5
-1
-12
-13
-12
-17
-34
-39
-30
-30
-43
-55
-56
-50
-54
-68
-75
-74
-60
-54
-49
-43
-43
-41
-31
-19
-8
-6
-6
2
4
13
13
14
21
19
16
18
24
33
37
36
29
19
17
11
6
1
-5
6
10
11
24
40
48
52
54
68
79
92
105
104
95
91
98
108
103
92
91
86
71
60
65
60
55
52
48
41
28
20
28
39
35
28
22
18
21
19
21
25
19
11
16
23
13
6
11
21
23
12
10
12
6
-5
-6
4
1
-8
-15
-15
-16
-7
4
6
0
-1
1
0
-3
1
5
3
-4
-7
-2
11
19
12
4
3
10
16
13
12
15
23
29
19
19
23
30
35
39
34
33
39
43
38
29
23
27
35
35
23
13
7
9
11
12
17
15
9
0
6
9
9
1
-1
4
9
6
2
3
10
23
16
2
-6
-2
7
6
1
-6
-6
1
6
7
3
-4
-16
-3
6
2
-6
-4
2
4
1
5
4
0
0
0
-4
-8
0
-3
-10
-24
-28
-29
-40
-45
-47
-46
-42
-42
-41
-26
-5
3
5
7
20
47
66
76
75
77
86
89
103
116
119
122
110
100
105
109
109
102
94
89
84
75
70
75
74
78
69
56
60
61
62
58
42
41
41
46
40
29
27
25
26
23
22
18
7
2
-7
-12
-12
-20
-32
-38
-40
-43
-47
-49
-52
-54
-52
-45
-46
-54
-54
-40
-36
-41
-37
-35
-30
-26
-16
-11
-10
-8
-2
1
4
10
21
27
34
42
40
48
58
65
67
71
80
85
92
87
88
95
94
91
90
90
86
79
70
69
72
69
59
49
42
46
41
30
27
27
28
15
6
3
6
7
0
-6
-16
-22
-21
-25
-32
-36
-38
-39
-38
-37
-38
-48
-47
-42
-38
-36
-41
-39
-40
-34
-30
-35
-31
-32
-24
-26
-34
-29
-22
-14
-15
-12
-6
4
0
4
2
-1
0
4
3
-9
-9
2
17
25
39
51
62
64
65
80
97
99
105
111
107
106
102
105
102
92
93
97
94
81
77
77
75
70
66
58
53
48
46
41
44
42
37
40
38
30
22
20
24
19
11
5
-4
-6
-9
-8
-17
-21
-22
-24
-35
-45
-43
-38
-45
-58
-62
-58
-47
-39
-41
-46
-43
-31
-23
-24
-19
-10
-1
1
2
8
19
22
35
41
38
44
49
48
42
46
48
53
48
43
48
46
50
47
49
52
53
49
45
42
45
44
34
34
33
34
28
22
19
16
14
10
9
5
0
-9
-6
-4
-9
-18
-23
-22
-21
-24
-30
-25
-29
-41
-44
-41
-38
-47
-49
-46
-41
-41
-44
-44
-41
-32
-27
-24
-28
-31
-19
-9
-10
-8
0
6
4
3
6
13
13
17
25
25
23
21
28
35
29
28
29
26
24
21
16
8
8
1
-1
-8
-15
-12
-16
-16
-7
2
13
22
27
34
47
54
67
81
93
90
79
81
91
97
95
92
81
79
80
73
65
60
56
57
55
47
42
45
44
40
43
42
35
34
41
40
36
26
26
29
28
21
19
17
11
5
2
8
3
-4
-9
-5
-6
-11
-16
-9
0
3
0
-1
-3
1
7
6
5
-5
2
8
5
3
9
6
3
3
9
16
13
19
17
16
17
19
21
22
26
30
33
35
38
39
42
38
37
38
39
35
34
39
37
33
28
26
30
31
32
30
27
22
18
15
15
14
8
11
11
6
2
-2
-8
-11
-18
-15
-13
-20
-26
-28
-28
-30
-30
-27
-20
-14
-12
-12
-15
-13
-12
-12
-15
-11
-6
-13
-15
-16
-16
-16
-21
-20
-23
-20
-17
-14
-10
-8
-6
4
10
8
9
20
24
18
13
19
19
10
12
16
16
13
10
11
15
18
22
24
26
36
44
52
49
55
63
74
85
85
79
79
80
80
86
82
78
81
75
74
66
59
57
58
54
49
39
34
33
26
30
25
26
15
10
11
7
7
3
-3
-6
-13
-20
-16
-22
-24
-22
-24
-25
-29
-32
-28
-20
-15
-21
-25
-23
-23
-14
-4
-1
1
-1
3
13
24
25
24
22
27
32
31
35
33
40
46
47
41
39
41
47
55
50
45
41
45
46
41
39
41
44
40
37
42
46
46
37
30
25
27
20
17
8
1
4
3
1
-1
0
-6
-4
-7
-8
-8
-12
-15
-13
-8
-14
-19
-17
-18
-19
-17
-17
-19
-21
-18
-11
-6
-7
-9
-6
-2
1
3
10
8
10
9
7
8
5
1
2
9
10
15
18
18
20
27
28
29
29
26
25
28
32
29
28
27
30
32
34
27
29
28
19
12
7
8
7
7
6
0
0
0
4
5
10
20
27
32
36
40
40
43
45
54
54
58
56
54
50
51
52
52
52
52
57
50
50
54
50
46
47
51
52
50
46
41
42
50
48
41
35
31
29
28
27
27
27
27
23
19
20
20
20
23
20
18
16
7
11
16
12
13
12
13
13
14
18
21
21
21
23
23
27
29
25
23
23
22
17
12
7
-1
-5
-2
-4
-12
-17
-16
-11
-6
-12
-13
-11
-10
-3
0
1
1
7
12
13
9
11
16
20
19
19
21
21
23
27
22
17
23
21
16
15
10
11
11
7
5
1
0
6
1
1
-1
0
2
4
7
-4
-6
-2
0
-1
-9
-9
-7
-7
-4
-2
-2
-2
-5
-3
-2
-6
-2
1
4
0
-13
-15
-11
-13
-18
-23
-26
-23
-20
-18
-18
-23
-19
-2
6
-4
-8
-4
9
17
15
12
14
17
19
18
9
11
16
21
17
20
26
30
36
54
72
87
82
74
80
94
102
100
97
85
80
78
64
48
44
47
48
41
26
15
12
19
23
25
23
24
25
20
15
12
21
25
23
20
13
8
5
3
1
-7
-11
-8
-11
-20
-22
-26
-29
-18
-9
-8
-10
-18
-19
-7
0
10
9
9
11
13
10
14
12
19
20
17
15
15
21
21
21
26
30
30
30
34
35
35
34
27
30
33
30
25
24
25
24
23
17
16
13
16
12
10
9
5
1
-6
-7
-9
-10
-11
-8
-6
-16
-23
-23
-26
-29
-27
-31
-33
-30
-20
-12
-11
-6
-5
-2
7
9
6
3
4
5
10
4
-8
-12
-7
-5
-12
-12
-17
-12
-8
0
0
-2
2
4
11
14
12
19
18
11
9
2
3
9
13
12
10
6
9
6
7
13
11
8
10
12
6
4
9
12
13
12
8
11
11
10
11
7
7
9
13
11
11
13
10
9
11
11
7
3
4
8
9
6
6
11
12
16
14
12
15
16
12
8
8
8
4
4
5
4
2
0
-2
-2
3
3
-1
2
8
3
11
11
18
21
21
24
27
32
32
30
30
27
25
22
23
23
19
21
14
12
14
14
18
15
8
6
8
5
0
-3
-5
-5
-13
-18
-13
-11
-11
-10
-16
-18
-18
-12
-10
-14
-17
-12
-13
-9
-5
-4
-8
-10
-5
0
1
2
8
8
6
3
7
2
10
11
14
15
9
9
21
23
21
22
18
19
22
21
16
24
29
22
21
20
13
9
9
15
17
11
5
0
-7
-6
-6
-4
-1
-4
3
7
5
1
0
-1
0
-1
-8
-8
1
6
1
-9
-9
-3
-2
-4
-2
-4
5
15
15
13
11
18
26
27
31
30
26
30
31
30
31
32
28
27
30
26
20
17
18
19
16
11
10
21
18
19
21
17
13
9
12
14
8
4
-1
-5
-2
-4
-6
-8
-8
-7
-10
-10
-9
-2
-4
-9
-6
-12
-15
-10
-2
-9
-11
-14
-16
-16
-15
-19
-21
-19
-17
-13
-14
-15
-12
-7
-4
-6
-7
-4
-4
0
2
-1
0
-1
1
4
4
6
10
17
19
18
16
18
20
17
18
15
22
20
17
10
12
13
10
10
13
15
11
12
13
13
15
11
8
12
17
17
13
15
13
13
16
14
12
8
7
11
7
4
2
1
6
5
6
8
0
1
5
5
1
-5
-3
-2
-8
-12
-10
-7
0
-2
1
1
5
7
4
13
14
15
19
10
0
0
2
7
12
10
8
3
-1
-5
-7
3
3
1
0
-2
-3
2
-3
-2
4
10
10
8
6
3
2
4
9
3
0
2
2
-1
-1
-3
0
-3
-7
-6
-7
-7
-12
-13
-7
-11
-17
-19
-20
-14
-15
-22
-17
-19
-20
-23
-25
-30
-29
-28
-27
-24
-25
-26
-24
-21
-18
-19
-20
-14
-14
-13
-15
-11
-12
-8
-4
-6
-3
-3
-5
-4
-3
-3
-1
-8
-9
-9
-7
-7
-2
-1
-1
7
8
8
5
4
-2
8
7
6
7
4
4
2
5
4
8
2
5
7
9
10
13
16
16
19
14
18
23
23
18
16
19
15
19
16
10
14
10
11
8
5
5
9
9
8
11
8
11
11
15
16
16
11
11
11
11
14
12
6
6
6
6
5
5
7
12
15
17
18
19
25
27
29
24
22
19
16
19
15
17
19
17
18
20
23
21
19
18
20
21
20
17
12
8
8
8
4
5
2
1
1
1
-2
-2
-4
-9
-7
-7
-6
-8
-4
-5
0
-3
-10
-13
-11
-15
-12
-6
-11
-14
-14
-9
-11
-13
-14
-17
-13
-13
-18
-22
-20
-19
-22
-26
-27
-29
-27
-24
-22
-24
-21
-21
-22
-19
-10
-15
-13
-6
-6
-3
-4
-9
-10
-9
-7
-3
-11
-12
-9
-9
-12
-13
-12
-13
-9
-7
-4
-11
-12
-9
-4
-6
-8
-8
-9
-9
-5
-12
-17
-12
-9
-10
-11
-12
-15
-14
-13
-11
-14
-8
-9
-8
-8
-8
-5
-8
-6
-7
-11
-15
-9
-10
-8
-7
-6
-15
-16
-11
-13
-11
-9
-11
-11
-10
-16
-16
-14
-15
-12
-8
-8
-8
-7
-11
-3
-6
-9
-6
-8
-5
-13
-12
-11
-9
-12
-9
-8
-3
-5
-3
0
-1
9
6
6
12
8
7
6
10
10
6
8
7
5
2
1
-3
-2
-2
-5
-5
-4
-4
-7
-7
-12
-6
-8
-10
-13
-11
-16
-13
-13
-19
-22
-25
-22
-23
-19
-20
-20
-26
-24
-27
-18
-20
-20
-20
-19
-20
-21
-16
-23
-22
-22
-22
-25
-23
-22
-20
-22
-23
-24
-28
-31
-29
-26
-25
-23
-25
-24
-26
-26
-25
-26
-26
-23
-23
-24
-22
-21
-22
-27
-22
-18
-19
-21
-22
-25
-26
-24
-28
-27
-24
-24
-30
-31
-31
-33
-31
-33
-33
-34
-33
-29
-31
-27
-27
-30
-36
-37
-38
-37
-30
-31
-34
-30
-35
-37
-35
-29
-26
-28
-29
-31
-33
-30
-30
-28
-22
-22
-22
-22
-18
-17
-16
-15
-19
-19
-14
-18
-16
-19
-21
-21
-17
-14
-13
-16
-9
-9
-15
-9
-10
-9
-7
-7
-4
-6
-7
-6
-4
-2
-5
-12
-10
-11
-13
-10
-9
-11
-11
-9
-7
-9
-5
-5
-6
-5
-8
-4
-4
-2
-7
-14
-13
-13
-16
-17
-18
-20
-19
-22
-22
-22
-23
-20
-17
-15
-15
-12
-9
-11
-10
-8
-7
-8
-9
-5
-7
-10
-18
-15
-14
-10
-14
-18
-14
-15
-8
-12
-14
-6
-2
-4
-5
-7
-11
-12
-12
-9
-13
-19
-18
-20
-21
-25
-23
-27
-31
-30
-29
-29
-30
-28
-26
-29
-28
-32
-27
-30
-37
-35
-38
-33
-37
-39
-37
-39
-40
-43
-40
-38
-39
-39
-35
-35
-38
-36
-34
-34
-33
-32
-24
-29
-29
-29
-31
-28
-23
-25
-21
-26
-23
-23
-19
-15
-21
-16
-20
-20
-17
-14
-16
-12
-10
-19
-10
-13
-14
-13
-20
-15
-15
-16
-17
-15
-16
-15
-12
-10
-8
-10
-12
-10
-8
-8
-14
-16
-15
-13
-16
-22
-22
-25
-23
-21
-22
-19
-26
-25
-24
-23
-23
-24
-21
-14
-15
-16
-15
-11
-11
-9
-5
-3
4
2
-5
-8
-8
0
-5
-6
-4
-5
-8
-8
-8
-4
-3
-1
-3
-3
-2
-8
0
2
-2
-2
-1
-4
-6
-9
-8
-4
-7
-10
-10
-11
-11
-10
-9
-8
-7
-7
-7
-8
-8
-11
-12
-18
-15
-18
-17
-18
-24
-22
-21
-17
-18
-18
-23
-23
-23
-24
-20
-27
-27
-28
-29
-29
-30
-30
-30
-37
-34
-34
-35
-33
-32
-31
-36
-34
-30
-31
-29
-30
-35
-33
-31
-31
-28
-28
-30
-32
-30
-33
-36
-32
-28
-26
-25
-22
-25
-29
-29
-31
-27
-27
-25
-26
-24
-17
-15
-14
-18
-15
-13
-15
-12
-13
-17
-16
-19
-21
-19
-23
-22
-25
-23
-21
-23
-17
-17
-19
-20
-21
-21
-24
-20
-19
-15
-20
-21
-17
-13
-14
-17
-17
-20
-26
-22
-22
-19
-21
-21
-14
-15
-19
-20
-20
-19
-19
-16
-13
-16
-9
-9
-11
-12
-8
-9
-8
-6
-14
-12
-15
-16
-11
-7
-11
-12
-9
-11
-9
-10
-8
-9
-12
-7
-9
-6
-7
-5
-3
-6
-5
-7
-7
-8
-6
-4
-5
-6
-6
-7
-10
-15
-17
-13
-13
-14
-13
-13
-10
-7
-10
-15
-14
-17
-16
-16
-17
-20
-20
-19
-22
-25
-21
-24
-27
-25
-23
-25
-21
-21
-21
-17
-20
-19
-21
-19
-21
-23
-18
-22
-25
-23
-26
-25
-22
-26
-25
-25
-26
-33
-33
-27
-29
-29
-29
-30
-35
-34
-33
-33
-34
-34
-32
-29
-21
-21
-21
-19
-21
-21
-24
-25
-22
-30
-27
-21
-22
-20
-22
-21
-22
-15
-17
-17
-17
-15
-12
-11
-10
-15
-15
-11
-12
-7
-13
-18
-17
-17
-17
-15
-13
-17
-16
-15
-13
-10
-7
-7
-10
-9
-7
-11
-15
-13
-15
-13
-12
-12
-10
-12
-18
-20
-16
-23
-26
-26
-26
-27
-25
-20
-18
-18
-18
-17
-19
-15
-13
-10
-12
-9
-10
-10
-8
-6
-5
-1
-6
-4
-1
-1
-3
-7
-7
-4
1
0
-4
-5
-3
-4
-2
-4
-4
-3
-7
-10
-11
-11
-13
-13
-13
-10
-8
-9
-7
-13
-11
-8
-5
-3
-1
5
2
-1
-2
-3
0
2
3
-2
-7
-12
-11
-10
-18
-16
-16
-19
-17
-17
-19
-14
-16
-15
-16
-14
-16
-17
-17
-17
-19
-24
-24
-24
-24
-24
-23
-24
-27
-30
-30
-27
-28
-27
-27
-31
-26
-26
-26
-26
-24
-25
-24
-19
-21
-17
-14
-10
-10
-10
-10
-9
-6
-6
-4
-9
-1
0
-5
-4
2
-2
-2
-1
-3
-2
-1
-4
-8
-12
-12
-9
-8
-8
-11
-15
-10
-11
-13
-9
-10
-13
-17
-18
-18
-14
-12
-12
-14
-15
-14
-13
-18
-15
-18
-19
-21
-20
-14
-15
-16
-13
-15
-9
-9
-14
-10
-10
-7
-10
-6
0
-4
-6
-2
-8
-5
-6
-1
-1
-3
-4
-8
-6
-5
-3
-6
-4
-1
0
-2
-3
-3
-3
-1
3
2
1
6
5
4
10
9
13
14
12
8
6
5
1
3
4
1
-3
3
3
-5
-1
1
-1
-1
-5
-5
-2
-5
-5
-5
-8
-12
-4
-9
-11
-12
-9
-13
-10
-8
-10
-13
-13
-13
-12
-12
-10
-10
-13
-9
-12
-10
-11
-9
-4
-6
-3
-5
-8
-8
-5
-7
-6
-7
-11
-9
-8
-10
-6
-5
-8
-7
-7
-9
-6
-2
-4
2
-2
-2
-5
-2
-4
-2
-2
-11
-11
-14
-12
-15
-15
-14
-14
-15
-15
-11
-12
-14
-21
-17
-17
-16
-18
-16
-14
-18
-19
-20
-19
-20
-19
-19
-20
-23
-25
-22
-25
-24
-23
-23
-21
-21
-30
-26
-23
-28
-28
-25
-20
-18
-20
-18
-19
-18
-18
-22
-21
-17
-14
-13
-9
-9
-14
-7
-4
-8
-4
-3
-5
-7
-4
-1
-1
-2
-1
-4
3
3
-4
-4
-6
0
1
0
-1
0
6
-1
2
3
4
3
2
1
3
4
1
2
-1
2
4
1
-2
-1
-4
-3
-6
-5
0
0
-3
2
2
3
1
1
3
5
6
0
2
1
3
6
12
9
10
13
7
5
3
4
3
5
7
2
5
6
3
5
2
-2
5
-2
-1
-4
-2
2
-2
-1
1
-3
-1
2
2
0
-2
-1
-4
-5
-7
-5
-6
-9
-3
-4
-4
-7
-7
-9
-14
-11
-15
-17
-14
-15
-13
-8
-7
-6
-8
-7
-7
-7
-8
-9
-10
-8
-7
-7
-8
-9
-3
-6
-10
-11
-13
-12
-16
-13
-12
-13
-10
-14
-14
-15
-15
-18
-20
-18
-21
-19
-20
-23
-21
-22
-21
-20
-22
-19
-22
-25
-23
-23
-20
-20
-13
-11
-14
-16
-18
-15
-18
-11
-7
-10
-6
-6
-6
-5
-6
-7
-4
-8
-4
-5
-3
4
1
4
5
4
6
2
1
-1
2
0
-8
-5
0
5
3
6
4
7
8
9
6
8
7
7
7
3
6
8
6
5
3
3
-2
2
3
-1
-3
-1
-2
-3
-1
-4
-1
-3
-5
-1
1
-4
-2
3
3
-1
-3
-3
-2
-1
1
0
-1
2
-1
1
-4
-6
-6
-6
-7
-8
-9
-14
-13
-11
-13
-10
-10
-7
-8
-9
-8
-7
-4
-6
-3
-7
-7
-7
-11
-5
-4
-5
-6
-8
-6
-3
-4
-4
-9
-7
0
-1
2
2
3
3
6
3
2
0
1
0
-2
-3
-3
-9
-6
-7
-11
-10
-8
-9
-9
-7
-11
-5
-7
-6
-9
-11
-12
-13
-14
-16
-16
-21
-16
-16
-12
-9
-8
-9
-5
0
-5
0
1
1
1
4
0
4
4
0
2
1
6
6
8
8
4
7
6
8
8
6
9
6
8
2
9
5
3
8
2
2
8
10
5
8
6
6
7
5
3
0
4
6
4
4
5
5
4
3
4
2
0
-3
-2
2
4
4
-2
-3
-3
-3
-6
-13
-11
-19
-16
-12
-7
-4
0
1
2
5
4
3
2
4
0
-2
2
0
-3
-4
-1
-1
1
-3
-3
-3
-1
-2
-4
2
-4
-4
3
3
3
3
0
4
5
-1
6
3
7
7
6
3
0
2
2
3
0
2
6
10
10
10
7
6
3
-2
-1
-4
-1
-4
-3
-3
1
4
2
0
2
0
3
3
-2
3
0
5
-2
-2
4
2
2
-2
-1
-2
-2
-3
-3
-1
0
-2
0
1
-1
-5
-4
-2
-9
-8
-11
-9
-10
-9
-5
-7
-4
-8
-7
-1
-7
-7
-4
-3
-5
-7
-1
-2
-5
-4
-1
2
-3
-5
-2
0
1
3
1
3
4
-1
2
1
-1
-1
-5
-2
2
1
-1
-2
1
-4
-2
2
1
2
1
-3
-4
-4
0
3
7
9
5
10
8
8
12
12
15
16
15
17
16
16
19
19
19
12
16
14
17
19
18
16
18
24
21
24
22
22
21
19
17
19
21
18
17
17
17
15
17
14
13
16
16
12
12
10
10
11
14
13
14
14
15
13
14
14
10
13
11
14
12
9
10
12
17
20
23
22
22
19
20
21
19
22
24
24
23
27
24
23
22
24
25
23
23
24
18
20
24
23
27
21
23
23
22
25
25
25
23
19
18
15
10
12
10
6
9
7
2
5
2
4
7
6
1
0
0
4
2
0
0
-5
-2
0
-4
-8
-6
-2
-6
-5
-8
-8
-10
-13
-10
-13
-18
-13
-16
-19
-17
-14
-8
-10
-12
-11
-10
-11
-15
-11
-8
-8
-9
-8
-7
-8
-13
-9
-5
-1
2
1
5
5
6
7
6
9
9
8
8
7
9
11
10
16
14
15
17
16
21
23
22
23
19
14
18
19
19
19
23
18
25
29
25
24
17
21
21
19
19
23
23
21
21
16
20
17
16
15
14
15
15
14
18
16
18
21
21
20
21
25
22
21
21
22
21
18
18
21
20
22
24
24
29
26
23
25
24
21
22
22
24
24
21
19
21
23
23
22
19
21
24
23
21
24
21
20
25
20
24
26
28
22
21
19
15
16
17
13
13
6
6
7
2
6
9
12
3
4
5
4
1
2
3
1
2
-3
0
-3
-4
-6
-5
-6
-7
-3
-8
-9
-6
-8
-4
-8
-7
-4
-4
-5
0
-7
-4
-4
-4
2
-4
0
2
4
2
-3
2
4
2
7
6
0
1
1
4
1
1
3
3
4
7
4
3
6
6
9
9
11
13
8
11
10
13
18
15
12
10
11
10
11
10
11
9
7
9
15
14
13
17
17
18
17
16
20
20
20
21
20
21
27
25
28
29
26
25
26
25
25
26
22
25
25
29
30
30
32
29
28
29
23
29
22
21
19
20
19
22
22
19
19
22
18
9
10
9
13
15
18
17
16
16
15
12
15
19
16
16
19
16
14
13
14
11
11
8
9
11
9
8
6
4
7
5
7
-1
5
7
10
15
13
11
10
9
6
7
6
4
3
1
5
8
6
7
11
13
12
11
8
10
8
6
5
6
9
5
6
8
1
-2
-2
4
0
-3
-1
-4
-3
-5
-3
0
-3
-1
3
0
-4
-4
-2
-2
-3
-6
-8
-9
-13
-12
-12
-11
-5
-5
-3
-4
-3
0
0
-7
1
5
3
4
4
7
7
6
6
2
2
4
2
-3
3
4
9
13
15
13
14
10
6
9
10
7
4
4
7
7
6
4
4
1
9
5
6
10
13
12
10
17
10
11
12
9
8
9
13
15
11
10
11
16
12
15
14
19
24
21
22
24
22
20
16
16
21
19
28
26
21
25
28
27
29
32
32
31
33
31
29
26
22
23
24
22
21
19
16
16
17
14
10
9
10
13
12
13
12
14
15
11
10
13
15
15
15
14
13
11
9
6
12
11
8
8
11
14
7
6
4
9
10
11
5
2
2
6
5
7
8
2
6
6
2
10
6
7
11
10
14
15
15
15
16
16
13
14
19
13
13
12
7
5
11
11
4
5
4
1
-1
5
3
4
-3
-2
1
-1
1
3
1
0
0
2
2
3
2
4
11
5
5
3
0
3
2
3
1
