18
18
18
15
15
13
13
12
8
9
9
7
5
7
7
5
7
10
7
5
4
2
2
4
-3
-8
-9
-10
-12
-12
-10
-11
-11
-11
-9
-7
-10
-11
-9
-9
-10
-7
-9
-6
-4
-7
-4
-8
-8
-6
-8
-4
-1
-1
-1
-2
-1
0
-3
-2
1
-3
-4
-1
-5
-1
-2
-2
-2
-8
-4
-3
-3
-2
-6
-7
-12
-14
-12
-11
-9
-11
-15
-16
-18
-14
-18
-14
-16
-21
-12
-14
-19
-19
-18
-20
-18
-19
-18
-16
-15
-16
-17
-15
-15
-13
-12
-15
-10
-6
-3
-6
-2
-1
0
3
4
5
5
8
2
7
7
4
4
4
6
3
2
3
8
6
6
5
-1
1
1
-1
3
5
2
1
-3
3
1
0
6
4
4
4
5
6
6
9
14
14
15
14
11
17
15
14
20
19
20
20
19
22
17
18
20
16
18
16
19
20
22
20
18
22
22
25
26
22
19
20
16
19
13
12
13
7
8
7
4
5
6
4
2
-3
-3
-2
-1
1
-2
1
0
-4
-1
0
3
2
2
-4
1
4
3
2
2
2
4
6
6
8
9
7
8
14
15
14
17
14
16
18
15
16
17
15
16
16
20
19
17
23
21
20
21
20
20
20
19
17
15
18
18
15
21
14
13
11
11
13
11
13
12
15
16
14
14
13
15
16
14
17
12
16
17
16
13
13
14
18
21
16
20
22
22
21
21
20
19
16
17
16
20
23
18
21
21
20
17
20
21
19
17
17
19
17
17
18
15
12
12
7
10
7
11
12
12
10
9
15
10
8
12
9
9
9
10
11
15
14
15
16
17
15
20
18
19
21
16
21
25
27
23
28
27
28
31
29
31
25
24
19
15
16
19
17
14
12
14
12
11
10
11
8
9
14
7
11
7
6
5
0
5
3
3
0
-1
0
-5
0
-3
-4
-8
-2
1
-5
2
0
3
3
2
3
3
9
2
4
3
3
6
5
6
4
3
4
10
5
3
2
0
1
1
-2
-4
-4
-7
-7
-11
-9
-11
-9
-11
-12
-13
-9
-12
-14
-14
-11
-12
-12
-12
-16
-13
-9
-9
-6
-9
-6
-8
-9
-11
-12
-7
-11
-6
-5
-2
-2
0
-1
-3
-1
-2
0
5
7
2
1
2
6
0
3
6
4
7
2
4
1
2
2
0
-1
-1
0
1
1
0
1
5
6
2
-1
-2
2
2
2
-1
-2
-2
-1
-1
3
0
2
5
6
9
8
10
6
7
3
11
9
7
7
7
8
6
14
11
13
16
13
13
15
18
17
17
16
20
23
23
16
20
21
21
19
15
19
15
15
16
12
12
4
4
7
5
2
6
2
2
1
2
7
6
4
3
2
-2
-1
4
4
5
3
1
0
-1
-1
7
2
2
2
5
10
9
11
5
12
9
9
9
11
12
8
8
6
8
8
3
8
8
8
9
5
9
10
10
11
6
7
7
5
5
6
1
5
2
6
4
2
7
4
2
2
4
2
4
1
6
1
1
6
3
6
5
3
5
8
12
14
13
13
13
12
12
12
16
14
12
14
13
7
11
12
14
16
11
12
15
17
14
11
16
20
13
17
12
12
13
11
13
11
12
12
11
10
9
8
9
7
9
8
4
6
3
2
2
4
4
6
6
3
2
4
1
5
9
3
10
6
4
8
11
14
12
15
17
15
16
19
17
18
16
18
14
12
15
12
9
7
8
7
3
2
0
-1
1
-3
-4
1
-5
-5
-6
-8
-5
-4
-7
-9
-10
-11
-12
-11
-13
-14
-16
-20
-17
-19
-18
-19
-15
-15
-19
-17
-20
-18
-18
-17
-16
-20
-17
-18
-20
-16
-11
-12
-12
-9
-8
-9
-8
-8
-8
-8
-6
-8
-10
-11
-9
-12
-15
-16
-19
-20
-20
-20
-21
-19
-21
-20
-17
-14
-11
-12
-9
-12
-11
-11
-11
-14
-15
-10
-12
-13
-14
-10
-8
-8
-10
-15
-13
-11
-11
-13
-8
-8
-6
-3
-3
-2
-7
-8
-5
-7
-3
-6
-7
-6
-8
-6
-6
-10
-6
-5
-4
-6
-8
-6
-6
-4
-4
-5
-9
-6
-6
-10
-10
-10
-11
-9
-7
-6
1
-1
1
0
1
5
5
6
4
3
6
5
6
9
6
6
13
10
5
8
8
11
12
10
9
8
11
10
12
14
15
15
12
7
9
12
11
4
5
4
-1
-2
3
3
-5
-2
2
-3
2
3
1
2
5
3
5
2
-3
1
3
3
3
4
1
4
9
8
8
5
2
11
10
7
10
7
6
8
8
8
10
11
9
8
10
10
9
10
13
13
12
10
12
14
18
18
16
15
13
11
10
11
9
12
12
13
11
14
13
8
13
11
9
14
11
11
11
8
10
7
8
7
7
11
8
12
10
8
10
11
10
10
8
3
6
5
2
4
2
4
9
3
7
13
10
10
12
12
12
11
14
9
8
5
5
9
4
6
4
4
4
4
2
2
3
-1
-3
0
-2
-2
-4
-1
-1
0
-1
-2
1
1
3
3
1
-1
-1
1
2
0
5
5
4
4
3
3
-1
-2
3
-1
2
2
5
5
5
5
7
6
6
3
3
5
2
9
1
3
-2
-1
-4
-9
-9
-12
-12
-17
-12
-17
-16
-14
-16
-8
-14
-13
-13
-13
-14
-15
-16
-14
-16
-14
-11
-10
-11
-11
-8
-10
-8
-7
-9
-10
-6
-9
-9
-8
-8
-7
-7
-11
-9
-10
-10
-9
-15
-12
-8
-11
-5
-4
-4
-4
-5
-1
-1
1
-2
-5
-9
-13
-14
-17
-17
-16
-13
-16
-19
-16
-19
-18
-21
-18
-20
-17
-17
-18
-16
-21
-21
-18
-17
-18
-17
-19
-20
-18
-20
-22
-25
-22
-21
-26
-24
-26
-23
-17
-18
-16
-12
-9
-9
-8
-8
-10
-3
-8
-9
-8
-6
-3
-4
0
1
-2
2
1
3
-1
-2
1
5
0
2
6
7
9
10
12
13
8
6
5
6
4
4
3
7
8
7
10
13
12
10
10
9
16
17
18
20
21
20
20
19
16
20
20
24
23
25
26
24
25
22
23
24
25
25
23
18
18
16
17
20
22
22
23
22
23
29
25
21
21
18
17
17
19
15
16
18
10
13
10
12
11
12
13
12
13
13
15
13
15
11
9
15
14
16
16
15
20
20
21
21
19
17
17
18
17
20
15
17
16
14
17
13
18
16
16
17
18
16
20
17
17
16
9
12
10
11
8
11
19
11
11
13
12
15
14
12
6
7
10
10
12
10
10
13
14
16
15
19
27
21
20
26
18
19
18
21
20
19
19
10
13
8
7
6
2
7
4
5
2
1
0
-1
-2
2
0
0
0
-5
-3
-5
-7
-7
-11
-11
-10
-14
-13
-16
-12
-15
-10
-12
-17
-15
-16
-21
-21
-27
-24
-20
-22
-25
-20
-21
-23
-20
-19
-11
-14
-16
-11
-12
-12
-6
-9
-8
-9
-9
-8
-14
-17
-19
-21
-27
-26
-31
-38
-35
-38
-39
-43
-42
-43
-40
-37
-37
-35
-28
-28
-24
-21
-26
-23
-26
-30
-27
-29
-31
-30
-38
-39
-39
-43
-37
-36
-37
-33
-31
-28
-28
-25
-24
-24
-21
-16
-13
-14
-7
-6
-8
-9
-5
-5
-5
-4
-6
-14
-11
-9
-12
-10
-12
-13
-10
-12
-12
-14
-12
-13
-10
-6
-7
-5
-4
-5
-11
-5
-1
-2
-5
-1
-1
-5
-7
-9
-13
-12
-14
-16
-9
-9
-6
-5
-3
-3
-1
-1
-2
-1
2
3
4
8
9
14
15
13
14
16
15
17
20
18
20
20
20
19
20
15
20
24
19
25
21
21
23
23
20
20
22
21
23
22
19
25
28
26
29
35
33
33
35
31
31
36
33
36
34
35
35
36
37
33
32
31
31
30
25
26
23
23
27
23
19
24
25
24
29
24
34
32
30
30
28
31
25
30
30
29
30
29
26
22
24
25
20
19
19
18
16
13
14
16
15
14
18
22
21
26
26
24
22
26
23
23
23
20
16
12
11
11
12
12
12
9
11
11
10
9
8
7
6
7
6
8
6
4
3
-4
-1
3
-1
-2
-5
-3
-5
-5
0
2
3
3
3
3
7
10
2
5
4
5
6
4
4
4
2
1
0
-5
-6
-5
0
-5
-2
-2
-2
1
2
4
3
5
2
1
-1
-4
-6
-6
-5
-3
0
-1
0
7
4
4
0
0
2
3
0
2
4
-1
1
-8
-4
-3
-3
-1
0
1
4
4
2
1
-6
-10
-6
-7
-8
-6
-10
-8
-6
-6
-10
-10
-11
-10
-12
-14
-17
-14
-18
-18
-13
-14
-18
-20
-17
-15
-17
-18
-19
-23
-17
-16
-17
-15
-14
-13
-14
-10
-10
-16
-18
-15
-15
-22
-22
-21
-17
-21
-17
-17
-16
-21
-22
-19
-20
-24
-28
-26
-31
-29
-32
-32
-30
-31
-33
-33
-34
-32
-30
-29
-28
-27
-29
-29
-25
-30
-29
-31
-22
-23
-25
-20
-19
-14
-21
-19
-17
-17
-19
-16
-14
-13
-7
-4
-8
-10
-5
-14
-13
-8
-7
-5
-5
-7
-5
-3
-1
0
-1
-4
-3
1
-2
-7
-5
-10
-6
-3
-3
6
6
9
16
15
18
21
23
24
25
26
27
23
22
27
32
34
33
32
38
42
42
42
46
49
51
50
52
56
52
55
57
58
55
58
51
52
51
51
47
46
48
49
50
50
49
44
45
43
42
43
42
38
35
38
38
39
40
38
36
37
37
32
35
33
28
27
25
21
22
19
16
10
10
13
5
3
0
-6
-5
-7
-11
-13
-11
-12
-13
-13
-16
-16
-12
-16
-20
-25
-30
-28
-28
-27
-24
-26
-26
-29
-33
-32
-32
-33
-34
-39
-45
-46
-46
-45
-48
-49
-55
-52
-48
-42
-38
-36
-41
-42
-37
-39
-35
-35
-43
-43
-44
-48
-48
-48
-49
-53
-46
-39
-27
-17
2
28
59
80
91
98
105
112
124
133
132
120
103
99
103
112
103
93
80
68
70
76
73
59
44
36
30
27
26
20
11
3
6
20
23
26
20
25
27
28
42
34
37
38
32
34
41
41
41
33
33
37
38
36
31
31
30
28
19
17
15
8
7
8
3
-4
-9
-6
-11
-6
-11
-14
-13
-11
-8
-3
-3
-7
-1
-4
0
-1
-5
-10
-18
-21
-22
-23
-31
-35
-40
-42
-46
-51
-55
-60
-62
-62
-62
-70
-76
-83
-86
-86
-94
-97
-104
-106
-112
-113
-111
-118
-121
-124
-128
-128
-126
-125
-130
-129
-128
-125
-116
-113
-109
-111
-110
-108
-102
-97
-92
-93
-82
-58
-25
15
54
68
73
95
117
141
154
152
132
103
99
118
126
114
99
86
89
105
119
125
105
85
67
63
64
54
34
6
-7
-2
9
12
11
15
11
14
24
27
20
11
0
-5
-4
-1
-7
-20
-26
-28
-23
-22
-21
-23
-19
-17
-16
-9
-6
-1
2
8
15
20
22
18
23
26
32
26
20
19
22
28
29
34
30
30
32
38
41
39
32
24
21
22
20
14
16
14
17
19
25
26
28
30
23
23
23
9
-4
-9
-14
-20
-28
-32
-42
-43
-43
-41
-46
-47
-54
-58
-57
-56
-62
-69
-77
-88
-85
-92
-96
-103
-109
-115
-118
-117
-124
-126
-127
-123
-126
-120
-118
-123
-120
-119
-114
-110
-107
-108
-114
-114
-109
-103
-94
-75
-45
-17
24
56
78
98
116
141
162
177
170
158
145
144
152
159
148
139
128
124
139
152
154
137
119
103
99
94
81
57
33
16
9
12
4
1
-3
-4
-3
4
11
8
-6
-18
-23
-25
-31
-31
-38
-48
-51
-46
-38
-32
-23
-23
-16
-12
0
15
15
11
17
20
22
20
16
12
13
8
9
6
5
8
6
13
16
22
25
30
35
34
38
30
26
28
23
21
23
20
17
16
17
17
19
17
-2
-4
-9
-15
-26
-31
-46
-58
-60
-63
-68
-76
-72
-81
-75
-78
-77
-86
-90
-87
-95
-94
-100
-97
-104
-107
-112
-114
-110
-118
-119
-117
-116
-112
-118
-117
-117
-118
-115
-113
-118
-120
-116
-119
-120
-124
-122
-121
-110
-89
-55
-16
18
44
61
81
119
157
180
189
177
161
164
179
186
175
157
153
151
156
179
189
179
159
143
140
134
112
92
64
32
15
10
5
-7
-13
-17
-18
-6
9
13
1
-11
-14
-10
-13
-20
-29
-39
-52
-53
-41
-37
-32
-28
-21
-13
-1
16
19
15
19
24
26
28
31
27
21
19
24
27
27
31
27
32
34
36
44
43
40
41
42
38
39
35
33
30
25
26
23
21
16
17
11
13
11
6
3
-7
-5
-30
-27
-26
-54
-37
-70
-76
-58
-86
-69
-83
-89
-88
-100
-76
-99
-96
-90
-113
-91
-106
-99
-112
-116
-104
-132
-119
-120
-124
-106
-118
-130
-123
-119
-107
-105
-113
-121
-125
-116
-121
-125
-123
-135
-137
-134
-128
-113
-92
-64
-34
9
31
54
81
111
147
162
166
163
155
164
175
179
172
159
163
164
168
182
195
177
156
150
149
139
111
83
49
22
1
-6
-17
-26
-31
-31
-27
-14
0
7
2
-6
-1
-1
-8
-15
-27
-37
-44
-54
-46
-45
-46
-41
-37
-25
-11
7
10
15
15
24
28
23
26
24
22
18
20
26
27
26
29
36
45
52
54
59
63
62
68
70
66
64
63
55
47
52
52
42
43
51
51
44
37
37
31
22
10
8
4
-13
-9
-25
-23
-50
-42
-46
-80
-55
-56
-77
-90
-91
-79
-85
-94
-92
-98
-90
-106
-108
-99
-106
-78
-104
-110
-91
-104
-105
-112
-100
-99
-109
-98
-112
-107
-109
-106
-96
-103
-100
-100
-98
-94
-100
-96
-102
-90
-67
-48
-18
5
37
64
91
124
157
184
195
190
192
201
208
213
200
188
187
180
178
181
188
181
160
144
141
144
125
99
70
50
39
28
25
15
0
-3
-5
7
14
19
24
15
18
19
28
19
1
-3
-14
-24
-26
-24
-19
-23
-24
-13
5
18
21
31
33
40
50
48
49
40
38
33
23
25
26
19
11
19
29
36
35
35
43
49
55
43
37
32
18
25
16
-12
12
17
-24
-4
-7
13
-8
-17
-10
-11
-3
-33
-29
-29
-58
-62
-62
-81
-67
-87
-87
-90
-81
-84
-83
-98
-120
-68
-92
-105
-99
-99
-102
-89
-103
-128
-111
-126
-99
-113
-114
-107
-118
-89
-123
-126
-102
-128
-118
-119
-125
-120
-122
-120
-134
-125
-124
-134
-132
-139
-134
-130
-103
-81
-71
-35
-3
25
50
74
112
140
155
162
164
165
167
165
156
141
128
122
116
110
105
115
116
97
85
88
87
67
53
40
20
9
-5
-13
-18
-20
-29
-24
-7
-4
0
11
10
5
9
18
9
12
4
-17
-19
-17
-10
-16
-16
-7
-8
11
30
34
41
53
60
58
61
61
60
58
39
35
38
36
27
33
41
52
44
30
69
46
59
69
35
65
36
50
32
0
58
-18
24
21
17
20
-36
34
-5
16
12
-27
1
-6
-32
-51
-5
-67
-97
-65
-43
-76
-69
-93
-85
-54
-108
-38
-107
-110
-24
-106
-80
-72
-49
-73
-110
-55
-94
-66
-58
-72
-79
-108
-63
-92
-96
-68
-117
-94
-83
-98
-110
-99
-86
-100
-94
-94
-91
-80
-93
-89
-83
-63
-38
-10
13
40
74
104
130
156
186
197
200
196
193
198
186
178
158
144
135
126
125
116
122
117
105
99
99
97
76
59
45
24
18
4
-1
-1
-8
-2
-6
10
27
28
33
29
28
35
36
37
33
22
15
13
7
13
14
-2
-2
17
21
37
49
52
59
61
72
63
66
58
45
46
26
34
20
-2
-3
22
12
9
28
9
33
29
53
32
19
20
5
-16
-14
-19
-31
-24
-52
-42
-42
0
-25
-65
1
-52
-72
-41
-64
-65
-110
-85
-97
-82
-88
-108
-83
-158
-113
-117
-130
-103
-121
-115
-127
-118
-140
-129
-119
-115
-124
-134
-135
-130
-131
-140
-137
-136
-142
-146
-137
-138
-150
-156
-152
-148
-160
-158
-157
-161
-165
-158
-160
-155
-145
-130
-91
-60
-26
5
54
100
130
156
179
213
213
203
196
193
189
164
143
122
110
100
81
75
73
80
68
48
43
40
40
21
0
2
-8
-22
-36
-49
-41
-45
-51
-56
-44
-24
-24
-18
-17
-9
5
1
-1
-3
-9
-10
-19
-19
-11
-14
-4
2
18
36
46
48
52
53
58
60
62
58
48
52
35
20
25
33
27
18
20
47
55
45
53
52
43
24
45
15
0
29
-18
-25
-22
-32
-23
-41
-42
-47
-20
-14
-46
-67
-71
-66
-75
-55
-73
-79
-53
-95
-90
-72
-89
-95
-79
-93
-82
-106
-99
-84
-101
-82
-84
-87
-99
-94
-108
-91
-111
-117
-133
-146
-142
-163
-163
-169
-164
-182
-177
-179
-178
-165
-165
-158
-150
-149
-143
-131
-93
-27
26
64
110
186
265
309
339
380
410
406
389
360
335
306
250
200
163
136
104
74
54
57
65
55
37
24
24
17
-12
-35
-47
-51
-58
-67
-61
-44
-20
-11
4
29
55
77
83
81
90
89
86
80
77
72
66
62
68
82
92
92
91
96
103
109
100
84
69
55
47
32
23
12
7
1
-3
1
5
2
3
-3
1
21
11
7
-15
-11
-18
-30
-32
-44
-44
-42
-46
-51
-43
-62
-77
-77
-76
-82
-85
-91
-102
-103
-75
-51
-63
-67
-86
-98
-82
-87
-113
-119
-132
-145
-150
-166
-179
-193
-209
-209
-212
-215
-220
-243
-251
-241
-230
-244
-246
-254
-261
-256
-257
-255
-263
-264
-264
-262
-253
-241
-223
-174
-65
35
106
183
293
427
516
554
581
614
611
557
485
420
359
268
162
84
34
-3
-50
-99
-124
-113
-112
-135
-170
-179
-163
-169
-193
-194
-176
-157
-138
-116
-57
16
69
98
143
184
228
248
226
204
195
177
138
100
79
64
42
29
44
67
74
72
60
62
72
64
33
-1
-16
-27
-40
-53
-47
-43
-27
-15
12
42
61
63
49
47
40
32
-5
-40
-65
-72
-88
-103
-107
-109
-106
-112
-108
-110
-114
-127
-144
-144
-151
-158
-172
-187
-185
-176
-162
-160
-154
-145
-133
-132
-136
-137
-144
-151
-162
-178
-189
-187
-210
-245
-264
-267
-278
-297
-311
-328
-331
-323
-317
-312
-298
-286
-281
-263
-241
-220
-200
-175
-120
1
160
269
347
458
614
743
793
796
800
787
715
593
476
378
260
119
-1
-68
-101
-133
-179
-212
-194
-156
-150
-178
-200
-184
-162
-162
-160
-118
-58
-4
56
131
248
335
379
404
421
440
440
389
299
237
192
139
81
33
10
3
5
9
33
62
66
51
34
40
50
30
-7
-23
-6
23
53
71
103
139
174
199
210
213
197
156
103
60
31
-17
-83
-131
-155
-158
-164
-172
-183
-173
-156
-148
-152
-155
-154
-165
-180
-185
-173
-162
-158
-161
-139
-106
-79
-79
-90
-92
-92
-93
-123
-153
-183
-218
-248
-269
-287
-309
-337
-362
-377
-373
-365
-365
-369
-353
-320
-292
-281
-277
-266
-244
-217
-213
-183
-92
70
246
364
456
603
786
905
921
886
859
808
685
518
349
214
77
-80
-195
-244
-257
-275
-304
-322
-280
-222
-214
-255
-278
-238
-188
-164
-139
-59
53
150
242
342
452
531
545
501
456
409
339
220
74
-31
-87
-128
-174
-208
-194
-142
-99
-59
-11
36
57
47
35
54
79
80
66
73
116
181
222
240
250
260
260
226
178
126
66
-1
-70
-116
-133
-146
-168
-184
-180
-154
-139
-155
-178
-182
-173
-174
-189
-202
-192
-175
-153
-138
-115
-93
-79
-82
-92
-90
-96
-129
-173
-210
-231
-228
-252
-280
-290
-296
-292
-304
-321
-337
-347
-366
-390
-394
-389
-376
-373
-361
-325
-286
-255
-225
-203
-171
-121
-29
119
306
456
546
659
818
956
986
921
843
758
637
468
288
127
-19
-141
-239
-294
-308
-300
-300
-307
-278
-223
-170
-177
-195
-164
-86
0
70
138
234
348
448
520
570
585
549
461
337
226
121
-1
-146
-255
-296
-292
-274
-254
-229
-157
-60
10
65
105
130
151
169
192
226
256
271
282
296
334
367
342
281
227
166
113
45
-36
-103
-140
-155
-148
-123
-98
-67
-45
-32
-15
-13
-27
-63
-103
-115
-117
-117
-131
-134
-136
-105
-72
-66
-65
-78
-93
-108
-134
-155
-183
-214
-231
-241
-234
-228
-239
-258
-260
-260
-266
-283
-320
-343
-358
-359
-361
-371
-352
-310
-273
-235
-219
-211
-193
-189
-189
-173
-113
64
311
474
571
693
888
1054
1064
951
832
719
554
340
133
-25
-138
-240
-306
-312
-276
-216
-191
-210
-199
-136
-86
-99
-153
-133
-21
108
202
302
424
539
630
661
643
584
467
297
93
-79
-194
-285
-384
-448
-425
-337
-231
-163
-123
-48
34
119
177
193
217
250
294
356
417
455
469
452
416
400
342
238
108
-34
-125
-172
-209
-236
-236
-208
-138
-47
15
57
82
78
72
60
35
3
-45
-75
-85
-73
-60
-72
-99
-120
-136
-162
-198
-253
-303
-326
-322
-298
-270
-238
-197
-161
-123
-107
-107
-131
-189
-236
-285
-306
-333
-353
-356
-353
-329
-315
-302
-312
-326
-329
-347
-352
-359
-363
-355
-338
-260
-73
223
514
690
786
899
1071
1134
1025
827
633
487
308
122
-37
-126
-159
-172
-170
-162
-139
-121
-138
-178
-194
-149
-100
-89
-60
50
254
434
536
582
614
642
621
522
355
160
-5
-156
-284
-373
-409
-415
-403
-356
-270
-164
-109
-96
-95
-49
65
171
248
328
403
506
601
641
626
544
437
309
184
68
-40
-151
-233
-249
-232
-171
-114
-92
-49
1
51
96
96
84
86
112
135
154
149
132
109
80
46
-11
-94
-191
-267
-331
-357
-376
-386
-368
-325
-255
-176
-119
-89
-75
-74
-78
-87
-114
-172
-224
-259
-285
-292
-308
-337
-342
-333
-343
-360
-398
-435
-450
-467
-457
-430
-402
-349
-275
-215
-128
-32
115
361
623
774
817
835
886
906
793
605
424
290
167
28
-93
-148
-154
-136
-117
-123
-138
-125
-87
-47
-15
24
91
162
230
332
450
547
578
535
474
418
351
236
77
-102
-225
-278
-323
-365
-392
-387
-342
-269
-195
-128
-83
-48
-7
61
179
295
374
441
486
527
553
512
418
293
180
93
9
-78
-134
-170
-170
-120
-91
-59
-11
21
68
124
163
189
203
212
219
221
205
161
100
31
-31
-91
-154
-216
-278
-317
-326
-317
-303
-281
-261
-225
-179
-141
-109
-81
-68
-70
-71
-86
-118
-160
-215
-261
-279
-300
-333
-375
-392
-386
-373
-376
-403
-406
-400
-370
-354
-371
-354
-313
-257
-199
-146
-90
42
266
538
753
821
822
843
857
799
623
428
313
229
128
27
-25
-29
-6
-2
-33
-70
-103
-101
-67
-26
37
99
177
272
375
483
558
565
514
433
344
266
183
66
-58
-160
-204
-207
-219
-244
-273
-272
-234
-183
-144
-112
-83
-46
28
139
258
349
411
456
475
474
429
327
211
104
25
-27
-87
-136
-157
-147
-123
-92
-76
-58
-21
19
83
142
182
220
236
242
249
227
174
102
12
-64
-124
-183
-248
-297
-336
-353
-339
-317
-310
-291
-271
-226
-177
-148
-113
-90
-72
-61
-77
-110
-157
-208
-269
-326
-375
-422
-443
-452
-450
-442
-428
-428
-415
-395
-371
-346
-339
-326
-294
-259
-238
-191
-144
-40
162
431
702
818
784
748
773
752
601
401
286
260
228
151
80
71
89
84
31
-44
-117
-146
-113
-44
48
132
199
254
334
442
511
479
383
295
240
201
151
79
0
-80
-124
-138
-152
-194
-244
-276
-266
-210
-147
-104
-99
-77
-14
149
366
517
579
559
530
510
453
321
167
41
1
16
-32
-93
-122
-122
-88
-66
-87
-96
-75
2
114
226
298
315
302
292
286
256
167
32
-93
-149
-175
-212
-261
-318
-355
-358
-327
-305
-297
-295
-273
-210
-133
-71
-48
-55
-54
-50
-59
-93
-176
-253
-311
-340
-378
-428
-450
-455
-402
-338
-326
-353
-381
-365
-345
-328
-328
-345
-340
-340
-288
-208
-64
189
499
751
805
740
717
739
687
535
393
366
384
350
264
204
198
173
103
-25
-135
-184
-160
-72
18
115
219
289
317
372
444
456
372
265
215
205
196
153
96
44
-6
-47
-108
-173
-242
-290
-305
-283
-214
-127
-81
-63
-52
12
77
173
356
512
620
587
482
420
366
260
120
7
-11
38
-5
-80
-114
-116
-76
-50
-93
-81
-3
76
195
267
335
358
307
256
212
198
142
38
-94
-161
-168
-206
-262
-356
-417
-420
-399
-378
-346
-314
-260
-192
-123
-32
1
-3
-42
-94
-109
-142
-204
-310
-376
-418
-436
-452
-487
-471
-453
-407
-386
-392
-371
-342
-320
-304
-300
-324
-321
-264
-169
15
296
620
812
789
686
635
637
581
421
296
315
374
356
272
203
163
119
13
-102
-184
-189
-102
-8
111
234
329
370
341
338
364
365
285
180
148
154
170
148
95
24
-53
-116
-197
-268
-319
-326
-317
-277
-195
-109
-53
-46
-59
-33
18
86
196
383
561
600
528
391
325
259
149
33
-34
7
57
24
-82
-114
-93
-55
-51
-63
-32
71
170
238
296
316
320
257
173
142
120
87
-15
-130
-211
-233
-257
-325
-386
-424
-392
-346
-324
-292
-249
-206
-150
-109
-62
-28
-64
-138
-192
-246
-262
-285
-351
-394
-418
-426
-450
-490
-508
-478
-438
-401
-369
-352
-322
-298
-329
-373
-359
-300
-108
193
541
804
827
719
646
656
628
508
396
410
491
492
402
282
213
152
32
-114
-210
-203
-93
35
135
234
334
388
355
303
307
347
333
247
203
204
240
232
161
59
-60
-150
-232
-296
-335
-334
-308
-268
-195
-116
-53
-38
-61
-55
1
95
179
214
245
325
371
374
329
237
184
126
82
52
34
51
60
5
-53
-56
-31
4
25
55
105
188
233
260
248
240
245
202
152
96
49
3
-44
-110
-174
-221
-271
-299
-316
-325
-339
-350
-357
-322
-275
-223
-152
-140
-107
-86
-102
-137
-202
-259
-310
-346
-405
-446
-455
-452
-420
-410
-411
-412
-412
-406
-402
-407
-368
-323
-313
-317
-305
-236
-84
210
571
811
766
558
487
575
639
551
457
501
583
559
406
260
187
140
22
-140
-207
-124
39
155
193
211
275
332
282
215
219
301
349
328
305
283
272
234
156
38
-78
-161
-215
-267
-280
-244
-207
-210
-215
-178
-132
-133
-159
-154
-71
33
117
123
165
401
543
619
457
258
234
227
234
173
117
138
212
114
-66
-152
-120
-49
-13
-18
19
174
250
327
253
189
259
215
164
87
73
71
64
16
-105
-184
-268
-281
-339
-379
-375
-392
-374
-323
-261
-199
-150
-162
-168
-154
-152
-202
-270
-321
-313
-296
-320
-344
-402
-428
-437
-473
-478
-446
-387
-357
-362
-386
-343
-294
-300
-316
-340
-265
-115
177
548
789
734
488
383
466
582
539
493
544
614
585
408
240
139
112
8
-151
-234
-139
92
224
220
133
120
173
180
142
136
235
317
345
324
277
241
192
117
-8
-125
-166
-168
-195
-221
-205
-185
-203
-225
-205
-169
-158
-163
-138
-59
37
117
108
150
241
378
466
404
323
266
279
291
284
220
195
189
110
-8
-104
-76
-22
31
34
69
115
188
259
216
201
198
215
195
149
134
104
86
31
-42
-143
-206
-215
-256
-296
-330
-342
-344
-326
-289
-253
-201
-165
-144
-145
-151
-170
-228
-276
-294
-282
-295
-305
-346
-410
-458
-506
-509
-478
-447
-404
-393
-395
-363
-346
-358
-374
-356
-262
-72
256
608
826
756
517
405
476
598
616
603
652
683
585
370
169
80
84
54
-65
-159
-75
133
279
233
104
38
56
118
129
179
288
385
407
325
241
180
156
124
27
-95
-157
-143
-134
-163
-198
-216
-256
-288
-268
-229
-199
-175
-113
-42
21
74
90
62
45
68
165
286
374
443
380
288
227
159
115
105
114
107
97
66
30
14
45
97
97
57
87
155
201
249
238
183
142
132
123
82
56
44
7
-71
-141
-189
-243
-266
-282
-305
-309
-291
-242
-209
-200
-181
-212
-241
-261
-277
-292
-301
-285
-285
-318
-364
-414
-474
-492
-490
-464
-444
-410
-364
-352
-325
-308
-298
-325
-360
-377
-342
-191
102
482
729
733
512
296
277
431
579
639
706
745
685
472
247
114
97
146
126
39
-23
84
239
264
147
-13
-77
-39
42
118
206
307
391
369
246
103
35
66
103
82
0
-54
-57
-71
-120
-190
-230
-247
-239
-222
-223
-223
-175
-73
-19
-27
-34
-25
-6
40
126
220
304
373
406
352
271
234
201
163
136
127
115
106
106
81
48
24
30
35
34
70
121
153
165
153
128
98
93
95
78
55
35
13
-30
-73
-121
-180
-216
-223
-222
-231
-231
-232
-234
-263
-271
-283
-290
-286
-288
-283
-304
-309
-311
-303
-324
-340
-364
-386
-366
-337
-322
-322
-312
-326
-311
-320
-325
-334
-364
-369
-339
-248
-102
150
429
610
577
389
261
313
479
626
694
715
698
608
449
254
114
122
225
270
191
89
68
100
71
-29
-100
-90
12
109
156
157
181
253
296
244
132
57
76
143
177
142
80
24
-17
-60
-125
-177
-181
-137
-104
-148
-238
-267
-200
-101
-33
-1
-2
13
80
158
196
219
289
349
345
282
203
150
143
176
201
168
130
121
96
45
11
2
12
41
82
97
70
52
63
66
48
35
32
36
37
31
1
-36
-55
-55
-84
-133
-155
-153
-146
-148
-158
-177
-203
-215
-232
-257
-282
-289
-270
-254
-247
-245
-259
-270
-274
-266
-262
-254
-230
-213
-217
-240
-270
-293
-319
-327
-321
-325
-329
-328
-307
-253
-137
62
282
410
345
159
66
153
343
492
547
556
546
507
395
206
72
87
195
248
206
146
104
83
31
-36
-92
-65
55
171
187
119
56
59
111
153
154
137
130
143
150
117
65
31
22
39
35
-14
-63
-66
-55
-81
-118
-122
-88
-31
17
19
-22
-24
46
120
142
134
147
169
180
178
141
97
92
131
148
131
105
110
96
67
52
33
26
47
85
85
47
19
29
42
47
65
78
99
110
101
62
22
20
23
19
-3
-20
-38
-60
-82
-104
-132
-157
-166
-167
-180
-192
-195
-179
-173
-174
-173
-174
-179
-185
-186
-198
-211
-224
-237
-262
-281
-290
-289
-284
-271
-258
-252
-245
-234
-205
-152
-71
14
122
188
119
-7
-50
76
250
338
332
281
254
252
242
161
75
99
195
259
265
237
209
178
154
124
73
61
134
225
248
202
145
117
124
143
155
138
113
118
120
100
66
32
26
49
58
30
-14
-34
-41
-54
-54
-32
-9
7
36
21
-37
-63
-24
28
55
67
64
43
28
49
53
19
15
56
85
84
82
93
89
78
77
72
48
55
84
79
38
15
16
19
32
56
65
49
43
45
26
-4
-7
8
11
-15
-30
-43
-66
-86
-97
-116
-132
-122
-100
-95
-111
-118
-122
-135
-156
-172
-189
-203
-217
-229
-246
-253
-249
-246
-246
-260
-269
-265
-272
-258
-226
-221
-217
-207
-187
-165
-133
-75
22
72
16
-54
-36
78
187
224
180
128
136
190
214
169
137
180
236
256
245
220
197
184
191
165
124
134
197
234
219
168
123
111
127
158
155
124
107
117
120
94
56
19
13
48
57
27
5
-2
-9
-18
-27
-28
-33
-31
-14
-34
-69
-59
-12
2
-1
5
-4
-9
1
25
21
2
16
40
40
39
41
33
16
19
24
13
20
41
61
37
17
24
24
20
27
42
38
31
35
26
6
-1
3
-3
-33
-56
-72
-85
-83
-80
-71
-79
-83
-80
-82
-102
-121
-121
-131
-151
-171
-184
-193
-195
-194
-196
-207
-208
-212
-217
-231
-232
-215
-207
-213
-229
-239
-244
-246
-236
-219
-203
-143
-39
19
-33
-124
-123
-6
140
209
199
156
158
214
245
204
158
188
262
312
309
280
249
233
241
221
167
143
202
273
284
227
159
136
156
189
195
157
117
120
129
114
73
44
54
86
103
75
38
18
13
6
-6
-6
-7
10
30
12
-42
-72
-36
2
14
9
13
11
23
36
9
-31
-31
5
31
32
27
31
25
31
36
22
17
46
73
57
20
12
21
32
38
48
53
48
53
45
12
-23
-29
-30
-37
-49
-56
-60
-65
-70
-85
-102
-116
-115
-113
-119
-145
-156
-156
-164
-169
-179
-193
-190
-183
-182
-191
-205
-207
-205
-219
-247
-260
-264
-257
-246
-245
-260
-275
-272
-263
-265
-253
-227
-160
-50
4
-62
-139
-96
58
183
207
167
134
152
215
252
203
168
219
284
309
281
244
219
208
212
191
153
142
198
249
232
173
110
93
119
153
146
117
100
120
135
104
57
30
38
73
74
43
17
6
4
-3
-13
-32
-36
-8
13
-14
-45
-34
2
19
23
12
-5
-2
24
27
-10
-32
-7
28
34
33
24
14
23
34
32
22
29
59
84
71
62
66
68
68
74
73
64
60
53
37
18
2
6
-4
-22
-39
-57
-64
-72
-83
-90
-104
-115
-116
-116
-126
-131
-133
-139
-149
-158
-152
-153
-151
-154
-158
-177
-190
-195
-207
-218
-220
-220
-229
-234
-240
-261
-291
-310
-309
-294
-265
-222
-171
-82
-29
-74
-142
-127
6
143
196
175
141
148
199
237
210
182
225
286
310
296
265
238
219
214
196
161
153
196
239
220
159
108
95
118
148
154
122
96
100
111
92
63
39
43
71
70
45
12
2
-2
-8
-21
-24
-19
3
21
-4
-48
-59
-28
-1
12
17
19
19
23
19
-18
-45
-29
14
31
25
23
28
28
32
40
28
28
53
73
65
43
39
48
48
40
45
42
40
39
33
8
-8
-8
-16
-29
-51
-59
-63
-65
-67
-74
-83
-89
-85
-86
-99
-123
-133
-129
-137
-146
-140
-148
-153
-167
-185
-200
-211
-193
-187
-203
-227
-237
-233
-229
-221
-229
-245
-246
-241
-242
-255
-245
-216
-180
-102
-20
-34
-122
-139
-24
120
196
191
156
135
172
244
246
193
201
271
298
272
243
232
210
207
202
159
116
141
208
216
162
100
65
66
98
127
116
87
93
115
104
59
23
14
37
57
51
28
7
11
9
-6
-25
-40
-35
-11
-5
-36
-53
-40
-10
-1
-7
-22
-37
-23
6
4
-19
-18
17
46
49
42
36
37
35
44
29
20
34
67
77
46
24
19
22
23
30
32
26
27
26
7
-15
-27
-25
-26
-42
-50
-50
-50
-50
-57
-73
-98
-100
-107
-111
-117
-131
-126
-133
-142
-143
-154
-167
-171
-172
-180
-182
-181
-177
-178
-186
-204
-214
-226
-225
-225
-246
-254
-258
-247
-240
-236
-232
-208
-127
-33
-46
-118
-124
-15
118
189
185
138
127
182
253
244
200
220
277
298
282
249
227
213
212
207
160
120
142
197
197
150
100
74
84
118
138
120
95
99
119
111
75
42
41
59
76
60
27
5
1
-2
-21
-32
-37
-24
-8
-17
-43
-68
-56
-26
-16
-20
-26
-30
-19
3
2
-15
-18
11
26
20
12
11
19
31
37
23
5
13
39
35
13
-10
-2
15
19
18
17
8
15
18
5
-10
-19
-12
-13
-15
-25
-37
-41
-51
-66
-85
-108
-111
-104
-100
-125
-145
-151
-146
-151
-160
-170
-194
-203
-189
-184
-192
-198
-206
-219
-224
-238
-246
-241
-243
-234
-245
-270
-278
-275
-280
-284
-281
-269
-232
-129
-38
-68
-152
-140
-19
107
171
153
109
103
165
219
196
149
180
246
266
243
208
195
186
191
181
142
113
153
206
196
139
86
80
109
156
177
148
112
118
130
104
63
39
49
76
89
75
33
7
3
-7
-24
-36
-45
-24
-1
-12
-50
-66
-48
-34
-24
-17
-17
-16
-4
14
0
-21
-13
15
25
22
20
20
21
27
24
10
4
17
43
38
20
14
25
39
41
43
45
38
49
55
36
14
16
25
18
-4
-19
-23
-29
-33
-43
-60
-80
-74
-67
-79
-103
-118
-122
-133
-131
-135
-146
-149
-154
-162
-177
-184
-178
-182
-196
-219
-227
-226
-220
-218
-242
-269
-287
-286
-279
-271
-272
-266
-230
-138
-35
-41
-136
-167
-56
93
184
172
112
94
146
212
196
140
162
237
275
251
209
185
181
189
184
132
94
130
204
223
170
112
87
103
138
161
134
93
99
128
118
77
40
37
52
63
46
11
-8
-13
-15
-30
-44
-48
-44
-33
-45
-75
-87
-75
-52
-41
-40
-37
-37
-30
-26
-40
-50
-44
-21
-15
-15
-11
-4
-1
-1
-3
-12
-8
5
19
16
0
-5
14
26
25
26
30
35
30
25
16
2
1
6
-4
-31
-44
-49
-52
-54
-68
-87
-94
-90
-85
-93
-118
-125
-130
-140
-145
-148
-154
-159
-166
-173
-179
-188
-194
-205
-222
-239
-242
-237
-239
-247
-259
-262
-276
-278
-273
-282
-284
-279
-277
-266
-213
-106
-34
-88
-176
-158
-34
92
146
117
58
58
128
177
147
113
162
221
227
203
176
169
176
196
178
116
91
146
204
188
133
82
72
102
144
153
112
78
89
102
69
30
10
29
57
67
40
0
-13
-8
-14
-33
-53
-50
-28
-11
-33
-68
-74
-64
-50
-43
-40
-37
-34
-22
-18
-44
-58
-43
-26
-13
-18
-17
-16
-16
-9
-3
-10
-9
16
32
27
15
17
25
29
29
36
36
45
55
46
28
20
17
14
2
-5
-13
-11
-12
-17
-34
-55
-55
-56
-59
-65
-79
-89
-101
-113
-123
-133
-136
-143
-158
-170
-175
-175
-178
-189
-205
-213
-209
-202
-205
-217
-236
-248
-254
-255
-242
-239
-250
-266
-251
-196
-104
-34
-62
-132
-129
-18
104
159
138
94
100
155
201
186
159
198
254
260
227
199
196
200
210
193
139
111
151
207
199
143
100
93
110
142
144
112
89
100
113
87
46
24
31
54
57
35
4
-13
-17
-23
-41
-57
-62
-48
-41
-63
-91
-99
-79
-61
-61
-68
-67
-61
-52
-55
-71
-78
-64
-42
-36
-40
-36
-23
-17
-23
-27
-32
-32
-15
5
-6
-11
-10
2
3
-10
-8
0
8
9
8
-3
-14
-14
-10
-20
-29
-41
-39
-42
-50
-54
-74
-83
-90
-97
-106
-120
-126
-128
-137
-150
-152
-160
-163
-170
-176
-180
-183
-186
-200
-220
-234
-247
-247
-249
-244
-246
-256
-268
-285
-287
-286
-271
-264
-271
-247
-162
-58
-41
-126
-181
-115
27
137
160
119
89
122
183
182
134
143
213
258
243
200
181
183
199
196
149
101
113
186
219
182
110
76
89
123
149
135
102
96
115
109
67
34
37
65
79
58
32
6
6
9
-9
-35
-36
-20
-1
-12
-59
-84
-75
-54
-44
-41
-41
-38
-29
-21
-35
-58
-46
-13
1
-9
-12
-3
9
16
11
-1
-2
16
42
43
33
28
33
39
33
34
37
52
62
58
35
11
7
20
20
2
-14
-16
-13
-15
-27
-51
-65
-62
-53
-49
-69
-85
-95
-103
-108
-118
-131
-130
-131
-135
-148
-161
-170
-180
-186
-201
-218
-228
-236
-230
-227
-236
-245
-253
-250
-250
-244
-241
-244
-234
-177
-77
-15
-58
-126
-110
3
114
153
125
87
101
160
190
153
134
182
234
229
199
179
181
192
202
172
111
98
148
202
185
123
89
87
105
133
138
107
86
106
117
86
47
36
50
67
71
53
24
17
17
6
-15
-41
-39
-13
-15
-41
-71
-74
-55
-41
-43
-52
-55
-48
-27
-31
-61
-67
-41
-23
-23
-30
-25
-11
-1
0
-8
-16
-3
21
34
26
13
16
22
20
18
16
21
31
31
14
-4
-14
-11
-4
-14
-33
-36
-35
-31
-40
-53
-63
-66
-54
-45
-58
-80
-84
-89
-100
-118
-126
-131
-138
-156
-173
-180
-193
-197
-200
-209
-221
-231
-230
-232
-229
-234
-241
-234
-234
-226
-218
-228
-228
-229
-202
-112
-21
-26
-111
-145
-70
52
129
125
82
68
113
170
161
122
141
204
230
199
179
172
176
191
184
128
85
114
184
200
146
99
78
86
112
135
115
82
84
114
99
57
32
38
58
68
62
37
19
19
15
-7
-33
-31
-8
3
-23
-58
-71
-69
-54
-39
-31
-38
-35
-24
-28
-44
-54
-30
-6
-5
-4
1
9
22
32
22
11
12
32
48
39
28
25
25
23
17
17
24
29
34
19
1
1
10
24
13
-1
-8
-2
4
3
-13
-26
-34
-31
-26
-38
-54
-68
-74
-87
-99
-105
-117
-119
-127
-141
-148
-152
-153
-161
-163
-180
-191
-184
-173
-172
-181
-194
-201
-193
-191
-189
-193
-191
-187
-164
-88
1
2
-77
-110
-29
79
155
162
123
108
142
203
183
144
173
234
246
215
193
189
190
198
190
132
93
127
192
190
141
103
90
92
113
138
117
86
95
117
97
57
36
53
67
65
61
35
18
10
0
-16
-42
-37
-10
-8
-47
-77
-79
-72
-56
-38
-39
-53
-46
-27
-26
-45
-49
-29
-16
-28
-26
-25
-15
-13
-13
-19
-35
-28
-8
-1
-7
-13
-18
-17
-10
-10
-1
5
13
21
7
-6
-8
-5
-2
-14
-26
-32
-39
-27
-27
-38
-56
-59
-62
-67
-69
-76
-80
-93
-104
-118
-128
-132
-126
-127
-139
-156
-159
-160
-167
-176
-182
-187
-189
-186
-193
-207
-210
-202
-199
-196
-200
-196
-201
-207
-194
-126
-17
1
-71
-120
-70
38
123
148
118
87
119
184
174
128
147
211
224
198
183
179
180
192
201
148
88
108
176
191
149
114
102
96
118
146
130
93
101
132
117
78
56
67
76
74
70
58
32
21
29
12
-24
-25
7
14
-10
-30
-34
-30
-22
-5
-8
-24
-14
5
3
-22
-30
-15
-9
-12
-11
-14
-9
-3
5
-6
-30
-24
-7
-1
-4
-4
1
0
-2
-1
-5
-2
14
25
16
-6
-10
-1
-5
-10
-16
-29
-29
-23
-22
-38
-56
-58
-58
-61
-64
-62
-67
-72
-84
-98
-109
-110
-100
-105
-123
-134
-140
-145
-148
-151
-161
-174
-180
-184
-183
-182
-179
-175
-174
-185
-192
-191
-190
-174
-113
-15
16
-54
-115
-73
24
109
143
118
80
108
169
169
120
123
184
208
186
173
159
158
172
182
135
71
89
154
178
144
114
102
91
96
123
114
82
90
118
107
60
40
48
55
56
52
45
25
16
25
1
-35
-24
5
15
-9
-32
-44
-52
-42
-18
-19
-34
-21
-10
-16
-39
-48
-31
-29
-26
-19
-18
-20
-12
5
-5
-20
-14
3
9
7
4
6
2
8
5
-1
4
17
23
9
-7
-6
-3
-3
-10
-23
-27
-37
-29
-33
-44
-50
-49
-44
-52
-62
-63
-66
-72
-82
-95
-106
-113
-99
-104
-126
-136
-134
-138
-146
-162
-164
-163
-163
-167
-180
-191
-184
-162
-160
-175
-178
-171
-166
-162
-140
-73
-4
0
-48
-77
-39
49
123
141
102
83
119
157
150
125
140
176
187
181
170
154
153
167
163
114
84
110
149
149
123
102
84
74
94
107
88
75
88
97
73
48
44
49
52
50
50
35
19
22
23
3
-13
7
25
11
-13
-27
-34
-36
-15
-15
-30
-42
-30
-20
-33
-50
-43
-33
-28
-22
-25
-21
-26
-13
-8
-23
-24
-13
0
-7
-11
-13
-12
-9
-4
-15
-19
-11
3
3
-13
-19
-14
-5
-11
-24
-35
-36
-33
-24
-34
-47
-46
-43
-43
-52
-60
-68
-66
-68
-74
-87
-92
-89
-91
-102
-117
-124
-119
-113
-126
-134
-143
-154
-152
-150
-160
-163
-159
-153
-151
-155
-156
-158
-153
-129
-81
-35
-13
-27
-47
-40
12
77
113
116
110
119
132
141
141
140
159
179
178
166
157
156
158
145
129
109
103
123
135
124
107
96
87
89
96
99
96
100
99
89
80
77
75
70
69
67
66
59
51
43
31
18
18
19
17
6
-7
-13
-24
-27
-29
-27
-25
-22
-19
-22
-34
-37
-27
-25
-24
-22
-21
-18
-12
-11
-16
-22
-19
-17
-17
-18
-24
-21
-16
-15
-20
-22
-17
-7
-8
-9
-20
-15
-11
-7
-17
-29
-31
-32
-29
-36
-41
-48
-46
-44
-50
-62
-69
-68
-70
-80
-84
-87
-93
-94
-107
-114
-121
-121
-120
-124
-130
-132
-147
-149
-150
-158
-155
-148
-145
-140
-143
-153
-148
-148
-120
-75
-34
-14
-23
-28
-16
35
88
114
114
113
124
133
139
138
140
150
159
156
148
139
132
127
115
99
89
92
93
95
89
82
71
69
71
74
67
65
71
66
63
51
47
46
42
44
42
40
33
20
11
-1
-7
-5
3
-4
-16
-31
-37
-37
-38
-42
-39
-38
-34
-28
-36
-39
-40
-36
-35
-34
-30
-26
-22
-21
-31
-32
-31
-26
-22
-21
-25
-33
-27
-28
-31
-34
-32
-28
-28
-28
-27
-31
-27
-27
-31
-38
-42
-40
-43
-51
-56
-59
-62
-64
-64
-64
-70
-71
-75
-86
-91
-92
-93
-91
-97
-104
-112
-119
-115
-112
-107
-113
-121
-124
-129
-127
-131
-128
-131
-127
-124
-129
-130
-127
-121
-103
-74
-54
-50
-38
-28
-18
11
37
59
77
88
93
93
97
110
117
123
124
125
129
127
125
120
109
104
103
101
95
90
90
88
79
77
78
76
76
81
79
75
74
72
68
65
65
66
63
57
52
37
35
31
28
22
14
16
14
13
5
-4
-2
-7
-7
-7
-13
-16
-22
-23
-33
-35
-34
-29
-22
-21
-26
-30
-37
-35
-33
-34
-30
-31
-28
-34
-36
-36
-36
-37
-35
-33
-34
-34
-35
-30
-34
-34
-37
-46
-42
-44
-47
-52
-48
-50
-53
-54
-54
-54
-61
-62
-65
-64
-66
-68
-72
-71
-82
-88
-85
-89
-82
-81
-83
-89
-93
-95
-98
-93
-95
-98
-94
-87
-87
-92
-91
-92
-86
-83
-79
-70
-56
-38
-23
-15
-12
-6
18
43
53
58
66
78
86
92
96
99
102
114
117
111
111
106
113
109
105
103
96
93
95
85
79
82
79
79
77
69
76
75
72
71
66
56
55
54
55
54
51
44
32
29
23
23
21
14
9
6
3
-4
-12
-17
-17
-22
-25
-28
-34
-31
-31
-39
-42
-39
-39
-38
-32
-35
-42
-38
-36
-34
-36
-42
-41
-39
-33
-38
-35
-37
-38
-31
-36
-38
-37
-33
-32
-35
-41
-40
-42
-42
-42
-44
-43
-50
-51
-51
-53
-60
-59
-62
-64
-63
-65
-64
-69
-67
-74
-73
-77
-83
-76
-75
-72
-74
-77
-84
-84
-88
-88
-77
-84
-89
-91
-95
-89
-89
-77
-82
-79
-77
-71
-52
-35
-27
-27
-21
-11
5
16
28
37
53
57
62
66
73
77
90
97
86
84
78
88
85
84
80
81
79
73
76
69
71
69
73
78
74
66
72
74
74
75
64
58
63
66
63
52
48
48
50
46
34
31
26
29
24
13
1
-4
0
-3
-13
-24
-19
-22
-25
-31
-41
-42
-37
-37
-37
-44
-44
-44
-45
-47
-51
-53
-53
-51
-57
-55
-54
-52
-55
-53
-55
-53
-47
-46
-43
-45
-47
-46
-47
-44
-44
-44
-40
-43
-43
-39
-37
-37
-36
-34
-38
-35
-37
-34
-34
-36
-36
-37
-36
-39
-40
-45
-46
-48
-45
-42
-49
-50
-53
-55
-57
-56
-53
-51
-50
-52
-56
-61
-59
-57
-52
-55
-57
-54
-52
-53
-38
-27
-24
-18
-17
-5
-2
13
22
27
33
36
46
47
56
64
66
68
67
70
74
75
75
76
76
82
86
82
82
79
83
87
86
85
82
83
82
81
80
69
70
65
58
56
48
45
43
37
30
24
19
11
5
4
-3
-8
-13
-10
-17
-21
-27
-34
-35
-39
-37
-38
-35
-36
-40
-39
-42
-42
-36
-40
-42
-40
-37
-41
-38
-41
-43
-38
-39
-40
-40
-38
-37
-37
-35
-40
-35
-28
-26
-28
-24
-25
-25
-24
-21
-20
-24
-14
-16
-15
-14
-14
-15
-7
-1
-8
-14
-15
-20
-23
-12
-9
-10
-17
-27
-28
-26
-26
-24
-23
-24
-23
-28
-34
-41
-41
-35
-37
-40
-39
-38
-39
-40
-47
-47
-46
-37
-29
-31
-25
-24
-21
-15
-19
-17
-4
3
4
6
9
14
18
19
20
24
30
33
38
38
35
38
42
50
49
53
57
62
60
55
59
60
65
65
64
63
58
56
56
51
47
43
38
36
24
19
14
9
6
-6
-13
-13
-12
-19
-26
-29
-32
-31
-34
-38
-37
-40
-42
-45
-47
-47
-48
-49
-46
-43
-50
-47
-47
-48
-49
-52
-48
-55
-46
-51
-53
-47
-50
-47
-44
-43
-40
-36
-34
-32
-27
-24
-27
-25
-23
-19
-19
-13
-11
-11
-15
-13
-8
-13
-11
-15
-13
-13
-14
-14
-19
-21
-28
-33
-33
-29
-27
-35
-43
-45
-48
-50
-48
-48
-51
-51
-52
-52
-50
-50
-49
-46
-46
-45
-40
-39
-40
-37
-35
-31
-28
-26
-25
-24
-23
-18
-11
-11
-6
2
-1
-2
4
6
12
15
16
19
20
21
23
27
31
30
34
40
37
43
43
39
39
39
41
43
41
40
35
31
31
32
28
25
20
18
12
12
8
3
-2
-3
-5
-10
-12
-15
-19
-22
-27
-27
-24
-27
-32
-34
-31
-31
-30
-30
-36
-36
-33
-33
-32
-34
-32
-37
-37
-37
-38
-32
-28
-28
-35
-31
-31
-30
-26
-35
-35
-28
-28
-26
-25
-23
-23
-20
-17
-16
-18
-19
-15
-14
-7
-8
-9
-11
-17
-13
-12
-12
-6
-11
-17
-16
-17
-23
-18
-17
-20
-20
-17
-20
-25
-26
-28
-23
-23
-23
-21
-22
-23
-23
-22
-18
-18
-16
-15
-15
-8
-12
-12
-8
-6
-3
-10
-6
-3
-2
2
-1
-5
-2
2
5
4
3
3
-3
4
3
1
0
0
1
7
0
0
3
-1
2
1
2
3
0
0
-4
1
6
3
-2
-5
-3
-7
-4
-8
-10
-13
-19
-13
-17
-22
-21
-21
-21
-24
-28
-29
-32
-34
-30
-28
-30
-26
-21
-23
-26
-24
-19
-17
-17
-21
-20
-19
-23
-15
-19
-24
-18
-20
-22
-23
-30
-24
-29
-30
-30
-32
-31
-28
-25
-29
-31
-31
-26
-25
-26
-22
-21
-22
-21
-21
-23
-28
-26
-28
-28
-31
-31
-28
-30
-35
-43
-42
-38
-37
-36
-38
-40
-45
-43
-44
-47
-46
-45
-45
-40
-39
-45
-44
-44
-43
-43
-38
-39
-34
-33
-31
-33
-31
-26
-23
-25
-25
-23
-21
-15
-17
-18
-23
-23
-21
-20
-25
-23
-17
-15
-16
-18
-13
-8
-8
-8
-9
-6
-4
0
-3
-9
-6
-2
-5
-8
-10
-7
-7
-6
-6
-11
-9
-12
-14
-15
-17
-17
-19
-19
-25
-26
-27
-28
-27
-26
-29
-31
-29
-25
-27
-28
-26
-16
-19
-21
-24
-21
-15
-12
-11
-19
-16
-16
-10
-14
-10
-15
-17
-10
-10
-13
-10
-10
-13
-10
-7
-7
-5
-4
1
1
1
-6
-2
9
5
3
1
3
2
-2
-4
-6
-5
-3
0
-1
-2
4
-3
-1
-7
-10
-6
-8
-11
-9
-10
-13
-10
-13
-13
-14
-12
-9
-9
-14
-11
-7
-12
-13
-11
-12
-10
-8
-10
-7
-6
-4
-1
3
3
3
10
11
14
11
11
7
6
7
5
10
13
10
5
8
7
7
7
8
9
8
9
3
-2
4
7
4
-2
-3
-11
-7
-4
-6
-7
-7
-11
-12
-9
-11
-10
-9
-13
-14
-11
-10
-15
-13
-12
-11
-11
-7
-9
-7
-12
-10
-8
-6
-2
-4
-4
-6
-2
-2
-3
1
-3
0
1
-2
4
-1
0
3
4
7
10
10
9
11
12
13
13
7
14
13
10
13
11
5
8
10
5
7
1
1
4
0
-3
-3
-2
-6
-9
-7
-10
-10
-11
-17
-17
-20
-20
-18
-21
-22
-31
-24
-22
-23
-21
-22
-23
-25
-26
-25
-24
-21
-21
-18
-18
-20
-14
-11
-15
-11
-8
-13
-9
-9
-8
-6
-9
-6
-6
-4
-4
-2
-5
-8
-9
-8
-8
-13
-10
-11
-12
-13
-14
-14
-13
-10
-11
-17
-18
-19
-19
-16
-22
-20
-24
-26
-23
-30
-22
-19
-22
-25
-24
-23
-25
-24
-25
-29
-34
-29
-24
-26
-21
-25
-26
-27
-30
-28
-31
-29
-31
-30
-30
-29
-23
-26
-30
-24
-22
-18
-14
-18
-15
-10
-11
-11
-9
-7
-5
-5
-4
-4
-1
-1
-1
0
1
1
-1
4
3
2
0
1
5
4
3
1
3
5
7
7
9
6
4
4
5
2
2
0
-2
-2
-3
-9
-10
-10
-12
-14
-14
-12
-16
-17
-17
-19
-20
-20
-25
-21
-19
-19
-15
-17
-18
-18
-15
-8
-8
-8
-7
-3
-1
-5
-2
-1
-5
-9
-7
-7
-3
-7
-3
-3
-1
-1
-6
-1
0
1
4
0
0
-1
-2
1
-2
-6
-5
1
3
-3
-3
-5
-8
-4
0
-3
-2
-4
-12
-12
-11
-8
-12
-12
-11
-13
-14
-13
-15
-15
-16
-16
-15
-15
-17
-20
-13
-17
-14
-12
-9
-5
-7
-8
-9
-4
-8
1
0
0
1
3
7
1
2
3
0
2
6
5
7
1
-1
11
10
15
13
8
14
14
15
17
21
20
27
30
25
35
36
29
27
29
31
32
30
32
26
29
26
20
24
23
21
23
22
24
22
22
21
18
19
17
19
13
11
15
12
12
12
13
9
13
15
10
11
14
17
12
16
11
11
13
12
15
16
15
14
7
13
16
10
15
20
18
17
17
14
14
13
13
9
7
6
4
9
8
3
0
0
-4
1
-1
-7
-8
-11
-14
-15
-16
-15
-17
-17
-23
-25
-23
-30
-29
-28
-31
-32
-34
-31
-35
-36
-38
-34
-37
-38
-32
-31
-30
-32
-32
-28
-32
-30
-27
-29
-27
-30
-25
-22
-27
-26
-24
-27
-17
-19
-15
-14
-13
-15
-12
-10
-12
-3
-7
-8
-6
-5
-3
-3
-5
-5
-7
-8
-6
-3
-7
-7
-9
-10
-10
-6
-5
-9
-8
-5
-8
-8
-7
-11
-6
-11
-8
-10
-11
-11
-15
-13
-13
-15
-11
-9
-10
-5
-5
-2
-3
-5
-2
-3
-2
0
2
3
4
9
12
8
9
10
15
12
13
11
11
7
5
10
14
13
12
12
9
6
3
6
3
5
2
3
5
4
5
7
5
3
4
4
2
4
3
6
3
0
-2
-7
-2
-5
-8
-8
-8
-9
-14
-12
-14
-22
-23
-22
-22
-17
-17
-19
-17
-18
-17
-19
-17
-15
-15
-18
-12
-12
-8
-7
-6
-3
-9
-3
3
-2
-1
3
4
2
4
4
4
3
6
6
2
2
5
5
4
7
6
11
3
0
4
1
0
-3
-4
-4
-2
-3
-3
-2
-3
-3
-4
-4
-4
-5
-4
-7
-7
-6
-9
-13
-14
-13
-15
-16
-16
-16
-14
-15
-10
-7
-9
-7
-4
-3
-1
-3
-1
1
0
0
5
9
9
12
16
13
15
19
20
17
18
16
18
16
16
17
15
21
22
18
19
22
22
21
19
19
20
21
19
17
15
18
15
18
11
7
7
5
4
5
1
-3
-2
1
-2
-9
-5
-8
-7
-6
-5
-7
-11
-6
-11
-10
-4
-8
-9
-7
-11
-9
-12
-12
-10
-9
-11
-13
-9
-10
-10
-7
-7
-4
-2
-3
1
-7
-6
-1
-7
-6
-3
-5
-3
3
4
8
10
9
13
9
8
3
5
8
6
8
8
8
3
4
5
3
4
3
3
1
0
0
-1
-1
-4
-8
-5
-10
-13
-10
-15
-12
-19
-18
-15
-19
-16
-18
-24
-20
-21
-25
-20
-25
-22
-24
-26
-22
-24
-26
-26
-24
-21
-24
-21
-14
-16
-12
-15
-13
-9
-9
-7
-5
-1
-4
2
2
2
3
0
-1
-4
0
2
0
3
8
7
-2
4
4
0
1
4
1
-2
0
-5
-1
-1
-6
-4
-7
-5
-7
-6
-6
-9
-7
-10
-7
-9
-9
-12
-14
-11
-11
-5
-11
-9
-8
-6
-4
-4
-2
-4
-3
1
2
6
5
4
4
4
5
5
1
7
7
4
9
7
5
11
16
14
18
14
16
20
19
16
12
16
15
13
14
12
11
11
6
5
8
3
1
-5
-6
-5
0
-3
0
-3
-4
-4
-5
-5
-6
-4
-8
-9
-8
-8
-9
-14
-12
-13
-11
-14
-14
-9
-13
-12
-9
-8
-6
-8
-8
-6
-8
-11
-7
-10
-7
-8
-9
-8
-8
-8
-6
-7
-9
-12
-14
-15
-18
-16
-21
-25
-25
-27
-32
-25
-24
-26
-31
-32
-34
-30
-35
-34
-31
-35
-33
-34
-32
-35
-37
-37
-38
-37
-38
-37
-38
-36
-36
-37
-38
-39
-38
-41
-42
-37
-36
-33
-35
-32
-32
-26
-24
-23
-22
-20
-20
-23
-20
-17
-9
-9
-7
-6
-2
-3
0
-2
-3
1
-2
3
4
0
1
0
-2
-3
3
0
2
8
7
6
11
11
10
11
11
11
16
17
15
12
11
13
15
18
16
13
10
9
5
6
8
6
8
3
2
6
10
11
10
15
8
13
13
11
8
15
16
19
23
19
18
17
19
16
10
11
11
7
5
9
10
5
7
8
10
10
12
10
10
7
12
10
13
19
16
16
21
20
16
17
17
15
9
9
5
2
2
-2
-4
-1
-3
-1
1
-3
-2
2
0
3
0
-1
0
-1
-6
-7
-5
-5
-8
-15
-14
-19
-21
-24
-29
-28
-36
-35
-31
-33
-33
-31
-33
-28
-25
-28
-21
-21
-22
-22
-17
-14
-14
-17
-15
-12
-13
-14
-15
-17
-18
-19
-19
-21
-24
-25
-24
-24
-23
-24
-26
-18
-17
-10
-12
-10
-9
-9
-1
0
1
-5
3
7
0
3
-3
-7
-3
-9
-8
-10
-14
-15
-15
-18
-16
-15
-13
-13
-10
-4
-6
2
5
7
10
8
10
10
12
10
10
18
11
7
9
7
6
-1
-3
-3
-6
-5
-10
-5
-2
3
2
9
8
11
15
16
19
13
18
19
17
14
14
10
8
8
4
-1
-2
-7
-11
-12
-17
-16
-17
-20
-19
-13
-9
-6
-3
2
5
5
3
1
6
4
2
-1
-7
-7
-6
-6
-9
-16
-15
-17
-19
-18
-18
-21
-24
-20
-21
-20
-17
-12
-10
-11
-3
1
-4
-1
1
2
-3
-5
-9
-10
-13
-16
-17
-18
-20
-25
-22
-28
-26
-25
-26
-25
-21
-17
-15
-13
-14
-10
-1
0
-3
-1
2
3
-1
-6
-6
-10
-13
-16
-20
-22
-23
-25
-27
-28
-30
-26
-27
-29
-27
-27
-29
-27
-21
-20
-19
-19
-13
-16
-15
-11
-10
-13
-15
-13
-18
-19
-18
-17
-18
-14
-14
-19
-18
-12
-13
-10
-7
-9
-6
-2
2
6
10
13
13
13
12
13
10
15
11
8
13
14
17
16
10
13
15
14
14
18
16
14
21
19
19
16
16
15
17
18
21
23
20
18
18
15
12
16
12
10
9
7
6
5
-1
-1
-7
-9
-5
-7
-5
-2
-2
3
6
9
10
16
15
16
21
21
24
24
27
26
25
23
22
21
20
20
19
13
15
13
15
15
13
17
15
17
22
21
19
26
27
20
21
22
21
17
16
19
11
6
5
2
