-3
-2
-4
0
0
-8
-6
-4
-5
-5
-1
-5
-4
-5
-2
4
0
-1
-2
0
-4
-3
-1
-3
-2
3
2
1
5
3
6
6
8
7
10
11
11
11
13
12
12
14
13
12
13
16
17
17
15
15
18
10
11
14
8
13
13
17
16
12
18
16
17
20
16
16
19
19
17
15
14
13
10
9
10
8
9
9
5
2
1
-4
0
-1
0
-4
-1
0
1
-3
-1
-2
-3
4
1
4
3
0
0
-3
0
0
0
-1
1
0
-1
-2
-6
-8
-5
-3
-6
-7
-5
-5
-4
-8
-3
-7
-8
-8
-12
-12
-14
-12
-19
-22
-20
-22
-25
-25
-28
-29
-31
-29
-35
-30
-30
-34
-38
-30
-32
-35
-26
-29
-28
-31
-27
-26
-26
-20
-21
-21
-21
-18
-20
-17
-16
-12
-13
-12
-11
-14
-12
-8
-6
-7
-12
-12
-3
-7
-6
-6
-5
-6
-9
-14
-13
-10
-8
-10
-11
-8
-12
-5
-3
-2
-4
-7
-3
-2
-3
-5
-4
-6
-3
-3
-5
-1
2
-1
-4
2
1
3
5
-2
2
9
8
5
5
8
6
6
6
8
13
11
10
11
12
12
17
20
20
21
22
20
22
27
22
21
21
19
15
17
13
13
17
14
14
12
19
14
15
19
15
18
11
14
14
16
15
12
12
14
17
13
10
7
8
8
7
8
4
4
1
2
-2
-1
-1
0
-2
-5
-2
-9
-10
-11
-13
-14
-16
-15
-10
-11
-11
-7
-16
-13
-13
-15
-18
-14
-12
-15
-15
-16
-14
-16
-15
-14
-19
-16
-17
-23
-20
-21
-24
-22
-23
-26
-25
-27
-26
-26
-24
-25
-22
-23
-24
-27
-27
-24
-25
-21
-20
-22
-24
-25
-25
-23
-18
-22
-21
-19
-16
-16
-17
-17
-20
-14
-15
-17
-11
-14
-15
-16
-17
-13
-15
-14
-14
-14
-7
-10
-9
-10
-11
-12
-18
-15
-15
-13
-16
-16
-16
-12
-9
-19
-14
-11
-8
-9
-9
-9
-5
-9
-11
-8
-9
-13
-10
-9
-9
-6
1
3
-2
3
6
6
6
4
4
8
8
9
7
6
6
7
6
5
4
-1
6
6
11
9
9
8
11
14
9
13
9
10
10
8
11
5
7
6
0
1
1
1
0
2
3
-1
-1
1
0
-4
-4
-6
-4
-3
-2
2
0
1
-2
-6
-3
-8
-6
-4
-7
-10
-12
-9
-7
-5
-9
-11
-6
-8
-8
-7
-8
-11
-17
-10
-16
-17
-16
-23
-20
-20
-25
-24
-27
-27
-22
-23
-25
-28
-25
-23
-21
-24
-23
-24
-23
-25
-24
-27
-26
-26
-29
-26
-27
-21
-25
-28
-24
-23
-24
-24
-23
-20
-20
-19
-15
-18
-20
-19
-17
-22
-19
-14
-19
-14
-11
-8
-13
-10
-11
-18
-16
-16
-17
-15
-16
-19
-17
-12
-14
-14
-16
-19
-21
-19
-16
-17
-15
-13
-16
-16
-16
-16
-13
-16
-13
-10
-7
-5
-8
-6
-2
0
4
3
2
-2
1
6
7
6
4
6
4
11
11
11
12
13
10
11
15
17
17
14
19
13
15
19
19
19
16
17
16
17
17
15
17
18
16
16
14
13
14
11
10
9
7
6
2
1
3
4
7
-1
-1
0
-5
2
1
-1
1
0
1
0
2
0
2
0
-1
-2
-4
-6
-3
-7
-4
-4
-1
-2
-8
-7
-16
-10
-12
-15
-12
-20
-16
-14
-16
-19
-15
-15
-16
-16
-12
-13
-14
-16
-22
-18
-19
-19
-23
-22
-18
-20
-24
-26
-22
-21
-21
-22
-20
-23
-26
-25
-24
-24
-26
-24
-25
-23
-26
-20
-20
-22
-23
-21
-20
-23
-22
-20
-19
-13
-15
-17
-16
-16
-9
-13
-7
-10
-8
-8
-7
-4
-6
-9
-9
-11
-7
-5
-11
-6
-10
-7
-7
-5
-7
-4
-2
-7
-4
0
-1
-2
1
-1
0
3
2
3
1
4
6
0
4
4
8
11
6
8
7
7
8
10
12
12
8
11
6
14
17
18
17
11
17
17
19
19
17
15
14
17
16
19
18
14
9
3
7
9
9
3
7
5
7
7
7
9
9
10
8
8
11
15
15
13
11
17
13
17
17
14
16
13
13
14
13
10
4
8
13
8
9
8
5
7
4
2
5
9
7
5
2
1
4
0
-1
-3
-5
-1
-4
-1
-2
-3
-5
-8
-5
-9
-8
-9
-7
-4
-8
-7
-6
-10
-10
-11
-12
-9
-15
-12
-17
-17
-16
-20
-18
-19
-21
-22
-20
-19
-16
-21
-20
-21
-20
-19
-17
-18
-22
-20
-19
-22
-25
-22
-22
-22
-19
-23
-17
-23
-20
-19
-22
-13
-15
-9
-11
-8
-7
-6
-5
-7
-1
0
1
4
1
1
3
3
4
5
5
3
4
2
3
0
0
3
6
2
5
7
7
9
8
13
10
11
14
10
13
17
14
16
14
14
19
14
19
20
17
18
18
14
16
14
11
10
9
9
11
9
11
9
11
10
8
11
15
11
12
8
6
9
6
6
5
7
7
6
9
13
11
11
8
13
16
13
16
17
20
22
18
19
17
17
20
16
18
14
18
20
14
15
15
13
13
10
8
10
7
5
6
-2
0
-1
-3
-7
-9
-10
-14
-11
-15
-15
-19
-18
-17
-20
-19
-23
-26
-29
-27
-26
-26
-31
-30
-29
-30
-30
-30
-26
-28
-26
-29
-30
-30
-28
-28
-30
-31
-34
-31
-30
-29
-30
-25
-26
-21
-15
-14
-17
-18
-16
-17
-19
-17
-12
-13
-12
-16
-14
-16
-14
-11
-6
-9
-3
-6
-8
-5
-5
-2
-5
-3
-8
-14
-13
-13
-14
-9
-10
-10
-13
-11
-12
-9
-12
-11
-10
-9
-9
-10
-6
-6
-9
-6
-1
-6
-6
-5
-3
-5
-5
-5
-2
2
-1
3
3
3
5
4
2
5
3
6
8
5
4
7
9
9
9
12
12
14
12
10
11
12
14
13
13
13
13
14
19
11
14
16
11
11
11
10
6
7
8
15
11
10
9
11
13
14
12
14
16
14
14
11
10
10
9
8
10
7
3
8
3
4
1
-2
-1
-2
1
0
7
6
7
1
1
1
0
-1
-6
-8
-7
-11
-7
-9
-12
-14
-10
-12
-15
-16
-19
-18
-20
-20
-19
-23
-20
-21
-17
-16
-17
-17
-19
-21
-20
-18
-20
-18
-13
-15
-17
-18
-20
-17
-21
-24
-20
-23
-22
-22
-22
-21
-20
-18
-18
-17
-14
-16
-17
-14
-11
-13
-12
-8
-7
-8
-6
-8
-4
-4
-3
-4
-6
-3
-3
-2
-2
-1
-1
-4
-5
-6
-5
-7
-6
-7
-3
-7
-8
-6
-8
-7
-5
-3
-5
-1
-1
2
0
0
1
3
-2
-2
1
-3
2
2
7
7
8
8
4
6
1
8
7
2
2
8
9
8
11
10
9
11
10
7
9
13
11
6
10
12
14
10
10
12
10
9
12
13
7
9
15
15
16
15
14
17
18
18
18
15
18
15
12
11
9
9
11
6
4
4
4
3
7
4
-1
4
3
4
6
1
3
6
3
-2
-2
1
1
0
0
1
3
-1
0
-2
-3
3
3
0
-1
-3
-4
-3
-5
-5
-7
-5
-8
-3
-4
-7
-5
-8
-5
-6
-7
-5
-2
-3
-8
-12
-6
-7
-9
-9
-9
-9
-11
-10
-10
-9
-7
-10
-9
-11
-8
-8
-7
-8
-9
-13
-12
-12
-11
-11
-11
-9
-8
-3
-6
-11
-13
-9
-9
-5
-9
-7
-8
-4
-4
-2
-2
-4
1
1
4
6
2
6
6
2
1
3
1
-2
1
-6
-1
2
1
-2
-2
-3
-2
-2
-2
-1
1
1
4
2
1
6
2
1
1
4
4
4
4
7
7
10
9
7
8
10
9
14
17
13
15
13
17
12
15
11
13
15
18
17
17
17
15
14
7
14
13
19
19
13
17
19
18
15
19
17
16
15
17
19
18
16
19
15
14
16
12
11
6
8
9
5
2
-2
2
-2
2
1
0
-1
0
-3
-5
-4
-6
-6
-6
-6
-4
-7
-9
-8
-13
-14
-18
-9
-10
-15
-11
-11
-10
-9
-5
-5
-6
-9
-10
-10
-6
-5
-15
-12
-13
-17
-11
-11
-10
-7
-11
-9
-13
-11
-14
-12
-9
-13
-10
-15
-14
-12
-17
-21
-20
-19
-18
-17
-15
-17
-15
-12
-16
-16
-11
-15
-16
-16
-19
-13
-10
-11
-13
-14
-18
-19
-19
-18
-14
-15
-14
-9
-4
-10
-11
-8
-5
-4
-4
-3
-1
-2
-1
3
-1
-2
-1
-3
-2
-5
-1
4
-1
4
4
4
5
7
5
1
3
3
5
8
6
6
7
7
8
9
6
6
4
0
0
1
-1
-1
-4
-4
-4
-6
-4
-4
-2
-4
-4
-1
-2
-2
-9
-8
-6
-7
-6
-9
-10
-4
-6
-1
2
2
1
3
5
3
3
5
9
11
13
10
7
9
14
11
12
9
7
7
6
1
5
5
6
7
6
4
2
5
1
1
3
3
-2
-5
-1
-2
-2
-1
-2
0
-5
-2
-2
-8
-8
-5
-3
-7
-4
-9
-14
-13
-12
-13
-18
-16
-18
-19
-15
-23
-22
-21
-21
-21
-20
-22
-25
-19
-23
-21
-19
-18
-19
-23
-22
-18
-17
-21
-18
-15
-16
-16
-18
-18
-17
-15
-17
-15
-11
-13
-8
-13
-11
-9
-9
-12
-11
-12
-15
-12
-11
-9
-11
-8
-12
-9
-5
-5
-12
-17
-16
-18
-15
-11
-11
-9
-8
-8
-9
-12
-5
-3
-4
-7
-8
-4
-4
-7
-2
-1
-4
-3
-2
0
-5
-1
-2
-9
-6
-6
-6
-9
-11
-10
-9
-11
-7
-7
-11
-11
-6
-5
-8
-10
-7
-8
-10
-5
-3
-4
-9
-6
-3
-5
-3
3
2
-1
3
2
7
3
6
8
3
6
2
3
4
-2
3
10
6
5
7
6
2
2
11
7
7
13
11
11
8
12
12
4
10
13
8
11
16
13
11
7
8
7
6
2
1
5
1
-1
1
4
-2
1
4
5
5
4
8
2
-3
5
-3
-3
-3
-1
-7
-9
1
-8
-15
-5
-4
-10
-7
-16
-15
-15
-12
-14
-11
-10
-10
-14
-6
-4
-8
-3
-5
-4
-3
1
-1
-1
6
-3
-3
7
2
2
6
3
2
0
5
8
5
4
3
4
2
10
-1
4
11
-3
-7
4
2
-4
-1
1
-4
-13
-7
-3
-9
-12
-6
-6
-5
-6
-3
-3
-5
-5
0
-9
-2
2
-9
-3
-7
-4
-3
-6
-1
4
4
-1
0
5
-5
-8
10
4
-8
5
0
-11
-3
1
-1
9
8
3
7
8
1
6
10
7
13
14
2
7
11
2
2
8
5
1
1
10
3
0
12
10
7
16
13
4
6
9
8
7
9
3
13
6
3
20
3
-2
17
9
-3
12
8
-5
4
6
4
3
0
-5
1
1
-5
2
-1
-5
-10
-3
1
-10
-10
-2
-10
-16
-6
-6
-18
-19
-2
-10
-17
0
-2
-16
0
11
-11
-5
5
-11
-8
3
5
-7
2
5
-8
-3
4
-6
-1
3
-8
-6
10
-4
-14
7
0
-10
4
8
0
-7
7
-1
-9
2
2
-1
-3
-2
2
-9
0
4
-17
-6
3
-15
-18
-5
-6
-16
-2
4
-10
-4
-7
-5
-3
-10
-10
-15
-9
-15
-17
-1
-13
-16
-4
-8
-11
-9
0
-10
-1
4
-9
-10
1
-10
-20
0
-9
-18
4
-12
-5
5
-10
6
1
-1
5
1
-13
1
6
-13
7
8
5
5
5
14
2
5
13
4
4
7
9
4
1
4
0
2
3
7
-1
7
10
0
4
7
5
2
11
11
12
10
15
15
11
14
10
4
13
0
4
5
1
-5
0
-5
-1
-1
-9
4
-9
-7
5
-9
-9
6
-6
-5
1
-7
-8
-5
-6
-8
-7
-3
-8
-10
-10
-3
-11
-16
-3
-5
-20
-3
-6
-20
-5
-7
-19
-11
-5
-19
-17
-3
-13
-29
-21
0
-39
-24
-1
-18
-30
-7
-3
-28
-3
-3
-21
-18
-6
-18
-9
-4
-15
-7
-7
-9
-12
-2
-13
-4
-4
-11
-1
-13
-8
-11
-7
-31
3
-10
-33
-10
-11
-20
-17
-12
-10
-23
-17
-5
-24
-17
-16
-25
-9
-21
-21
-12
-11
-25
-9
-8
-16
-1
-12
-4
-12
-9
-1
-12
-6
-4
-2
1
-9
8
4
1
6
13
5
2
8
2
2
13
-1
6
6
-2
3
1
6
-2
3
14
0
-5
7
-3
-3
15
5
3
13
-1
0
8
2
-2
5
6
3
0
5
3
4
-2
7
10
4
8
0
10
-1
8
10
-5
13
12
-9
7
16
-6
11
7
8
8
-5
2
5
-6
-11
11
-3
-9
-2
4
-10
-3
0
0
-1
-10
4
-4
-10
-4
8
-15
0
1
-9
3
0
-5
9
-8
-3
8
-2
0
8
-5
3
7
-9
8
14
-17
6
7
-19
0
-12
-19
10
-15
-18
10
2
-25
10
8
-25
-1
6
-12
-7
-3
-17
-14
-4
-17
-9
-7
-24
-13
-12
-27
-21
-13
-13
-22
-16
-17
-19
-20
-18
-9
-26
-29
-16
-24
-22
-22
-25
-4
-28
-21
-1
-14
-27
-3
-12
-23
-11
-15
-15
-4
-13
-11
1
-17
-5
2
-6
0
-8
4
-9
-8
2
-1
1
-10
11
-5
-10
11
0
-13
4
10
-4
-14
11
-2
-22
9
-4
-17
16
-5
-2
-1
8
4
3
7
10
-4
-7
15
5
-2
22
17
-2
13
17
-1
0
15
-9
0
15
-5
-9
14
2
-12
3
9
-10
1
11
0
3
2
14
-9
-3
21
-10
6
19
0
7
18
-3
0
8
-6
-6
2
8
-14
5
7
-15
5
9
2
3
5
14
1
1
24
2
1
24
22
-2
11
27
-1
8
21
-5
17
8
-5
7
-1
9
17
-3
11
15
-10
11
5
-10
0
1
-12
-9
-6
-8
-11
-13
10
-22
-11
4
-19
-19
9
-11
-8
11
-1
-5
-4
7
1
-6
-12
2
-11
-20
13
-2
-22
5
5
-14
-7
21
-1
12
17
13
11
16
18
19
12
8
-7
15
14
-8
17
25
-2
6
24
8
4
18
9
-7
14
5
-6
6
8
-6
15
14
2
15
17
1
29
5
4
22
9
-2
23
7
2
22
13
7
15
11
4
10
12
7
11
13
5
15
19
8
18
32
9
20
39
23
9
36
31
24
25
39
15
14
20
28
11
16
7
24
13
7
33
12
-1
28
29
-16
18
25
-5
7
18
18
3
14
20
-2
18
0
7
12
1
7
8
17
-7
17
25
-4
11
28
12
-4
32
13
-3
13
30
1
-4
35
10
-3
33
33
-16
31
10
-5
14
0
2
12
0
4
23
-3
-5
30
-13
4
22
-6
11
12
12
12
17
-6
20
9
3
4
21
6
-4
17
18
-11
27
26
1
30
12
29
17
15
28
18
25
15
30
28
20
4
41
17
7
41
24
24
26
38
25
8
54
32
3
59
22
3
49
14
17
37
22
24
35
23
28
27
15
32
17
15
30
6
25
15
15
27
19
29
32
24
38
21
46
30
23
41
33
34
5
44
41
3
36
44
26
25
35
37
15
13
45
34
27
39
41
23
26
53
23
32
43
47
13
46
34
14
43
31
30
43
17
39
16
19
12
22
26
21
19
35
12
14
28
35
7
30
35
-1
25
24
17
25
15
21
8
18
4
16
23
-2
30
18
11
14
24
7
20
8
9
9
5
-1
24
8
2
24
10
1
26
8
18
5
25
3
16
13
0
9
20
12
21
19
16
27
0
23
24
2
7
33
7
-5
16
9
5
3
30
24
18
18
34
35
15
28
42
21
3
36
19
-2
17
24
-7
-1
28
12
-2
11
12
11
5
18
32
20
0
23
29
-6
-1
53
12
-8
33
24
-13
10
37
16
25
14
47
22
-10
29
25
0
17
37
22
-18
8
49
-13
-2
50
15
8
20
38
27
-7
40
56
13
31
46
28
30
10
57
43
26
43
79
33
9
62
46
-16
69
46
8
40
23
25
29
9
42
31
-26
43
16
25
8
35
40
10
25
77
24
13
36
58
20
6
64
26
-15
31
48
-5
-5
48
32
-33
32
51
-31
13
43
34
18
3
71
27
-14
51
70
-10
-7
55
15
-23
14
21
-4
-16
16
23
-16
-6
44
28
-9
26
59
6
-2
54
52
-30
22
39
-11
-42
33
26
-45
-17
40
5
-62
34
38
-44
-1
60
19
-28
25
58
-25
2
20
19
-33
-35
18
3
-52
-10
11
-36
-50
4
12
-42
-24
27
-6
-45
5
41
-39
-12
22
13
-18
2
33
-12
0
34
13
12
7
14
42
16
13
36
8
8
47
9
-4
10
-6
3
10
2
-3
-7
17
9
-2
5
0
16
28
-6
36
19
-34
8
31
-6
4
35
25
-4
13
37
17
18
58
33
30
23
7
24
21
14
38
28
5
26
22
5
28
36
35
17
40
6
38
19
5
48
21
6
27
23
21
-10
9
33
-10
13
23
-4
19
3
7
26
8
12
16
36
4
20
26
13
22
45
21
15
34
9
2
25
15
13
-8
3
14
-21
7
17
-1
-5
2
35
-20
-4
30
1
16
35
25
13
7
18
23
2
6
17
-1
0
4
-5
-5
-7
-10
-3
-1
5
3
-3
-6
5
15
14
8
20
4
13
19
-7
2
23
-5
-7
21
-13
-12
10
2
5
15
21
28
-2
8
30
16
2
17
17
-6
-7
-14
11
-15
-10
23
-7
-19
7
5
2
9
26
37
11
4
42
18
-15
36
27
-7
-4
12
5
-26
1
22
-12
-6
8
6
-16
-28
15
-3
-12
-2
4
-15
-30
3
5
-24
-21
5
-44
-46
-7
-21
-35
-21
-7
-10
-17
-1
12
-10
-17
6
7
-11
-13
10
-19
-36
-9
-6
-30
-22
-5
-20
-30
1
9
-16
-6
31
38
29
57
63
59
69
101
115
93
103
127
118
109
129
135
114
115
127
117
106
102
101
82
73
87
80
53
46
42
22
17
24
21
-1
-6
9
-3
-12
-6
-1
-8
-6
12
0
-15
-3
-3
-13
-12
-16
-15
-33
-43
-32
-52
-86
-77
-73
-106
-109
-100
-128
-156
-156
-150
-156
-165
-166
-167
-197
-207
-197
-185
-202
-214
-229
-242
-258
-255
-247
-171
-25
47
18
-20
34
108
152
262
352
328
282
305
346
333
291
301
290
232
201
178
113
12
-41
-38
-25
-27
-61
-130
-193
-199
-158
-121
-99
-97
-112
-122
-92
-49
-19
-20
3
42
65
74
93
104
106
126
184
248
248
205
174
185
214
213
223
210
153
87
54
60
37
-11
-30
-49
-75
-96
-115
-125
-139
-132
-93
-56
-62
-59
-51
-39
-12
27
54
46
23
12
12
14
19
19
5
-32
-61
-71
-100
-131
-145
-159
-178
-189
-211
-246
-310
-352
-366
-396
-425
-398
-275
-113
-64
-128
-168
-78
66
176
288
378
346
277
325
442
484
442
408
400
363
307
281
233
133
46
50
91
56
-58
-173
-229
-204
-131
-95
-123
-181
-235
-243
-180
-81
-21
-42
-58
-21
7
29
57
90
109
125
171
244
266
186
128
182
262
298
265
241
188
79
69
160
173
65
-20
-36
-76
-103
-88
-98
-152
-177
-165
-134
-127
-143
-149
-132
-62
-11
24
17
-31
-28
24
73
104
92
49
-5
-29
-7
4
-40
-61
-83
-132
-177
-212
-229
-247
-262
-267
-316
-371
-441
-518
-546
-490
-262
-36
-75
-275
-321
-123
76
206
371
441
318
220
331
527
581
516
473
462
420
353
313
287
193
97
99
158
119
-86
-261
-247
-145
-82
-84
-142
-224
-316
-310
-157
1
6
-114
-160
-66
-10
20
92
145
125
85
156
272
257
131
113
278
374
287
238
269
200
83
180
348
267
55
-20
-9
-11
-10
-2
-45
-125
-204
-199
-140
-108
-135
-163
-116
-72
-53
-41
-49
-33
17
71
101
112
82
17
-4
55
100
59
-14
-46
-71
-115
-126
-119
-168
-245
-276
-266
-300
-363
-427
-461
-510
-595
-599
-386
-130
-136
-339
-406
-206
-3
116
290
392
286
168
296
536
598
541
503
473
421
385
382
361
256
149
133
165
117
-34
-193
-240
-155
-56
-90
-197
-272
-328
-319
-213
-83
-57
-177
-252
-191
-86
-12
20
47
48
-1
49
191
244
153
61
141
261
263
230
241
206
128
143
259
275
131
12
12
66
55
10
-36
-133
-215
-175
-83
-76
-142
-204
-208
-182
-100
-17
-17
-55
-60
-8
45
79
101
94
68
71
101
100
46
-17
-19
-3
-36
-73
-117
-179
-250
-256
-221
-243
-320
-411
-480
-495
-526
-581
-633
-543
-255
-134
-296
-467
-334
-50
121
261
381
330
165
210
506
750
728
565
470
461
469
464
503
484
306
141
153
225
146
-72
-167
-84
-9
-79
-185
-217
-268
-368
-327
-118
-32
-218
-393
-309
-144
-80
-61
-6
-6
-117
-130
83
274
202
23
58
235
240
140
194
301
220
73
147
323
253
41
56
199
144
-23
-31
22
-48
-121
-92
-61
-127
-229
-236
-137
-42
-56
-114
-133
-108
-62
4
80
120
96
35
30
87
120
99
72
84
62
-30
-78
-59
-67
-129
-172
-187
-235
-328
-371
-350
-354
-424
-507
-549
-638
-735
-713
-401
-116
-223
-534
-564
-228
25
157
331
380
177
46
287
669
801
671
512
432
431
476
557
611
494
270
143
198
253
137
-31
-61
15
14
-125
-254
-273
-287
-316
-221
-67
-115
-380
-476
-281
-82
-50
-70
-60
-125
-236
-131
201
345
160
-33
55
202
177
189
335
335
116
29
208
307
177
96
178
177
53
22
70
45
-36
-31
11
-25
-106
-153
-136
-81
-39
-41
-95
-129
-99
-33
34
83
97
54
6
18
115
172
140
102
74
26
-30
-12
43
5
-99
-153
-164
-205
-276
-265
-239
-279
-368
-430
-457
-510
-593
-604
-577
-509
-303
-186
-337
-551
-386
-15
154
210
290
230
60
135
536
821
744
517
385
373
449
575
682
619
339
91
92
245
276
145
24
-27
-108
-218
-246
-166
-160
-274
-325
-261
-235
-355
-433
-303
-164
-178
-228
-180
-155
-217
-179
51
220
106
-101
-56
163
224
177
245
306
133
-71
68
357
367
165
55
86
60
46
192
288
137
-75
-117
-12
74
74
24
-48
-103
-135
-114
-40
11
-22
-79
-55
28
35
-2
19
88
123
89
80
95
57
2
30
103
80
-32
-109
-108
-114
-123
-102
-110
-221
-340
-338
-261
-255
-323
-415
-488
-565
-611
-558
-384
-160
-180
-398
-510
-270
13
133
237
306
187
39
205
559
728
657
523
405
352
398
525
625
557
328
98
83
231
272
158
46
-18
-114
-212
-177
-71
-93
-239
-308
-234
-196
-289
-295
-162
-133
-244
-264
-127
-80
-155
-122
47
90
-33
-70
56
145
107
105
194
186
56
35
175
242
152
97
132
97
19
73
189
164
54
25
27
22
71
136
76
-18
-20
1
-6
29
78
14
-89
-84
-16
8
22
39
11
-60
-75
23
89
56
-16
-40
-41
-61
-42
15
-8
-102
-158
-159
-147
-141
-136
-165
-226
-275
-277
-272
-237
-224
-282
-367
-398
-400
-417
-421
-345
-195
-143
-243
-353
-246
-49
55
113
191
153
23
61
296
457
430
349
265
190
187
293
393
400
295
113
0
63
176
190
149
121
5
-148
-129
43
125
53
-40
-94
-146
-163
-73
59
75
-49
-155
-159
-116
-48
44
94
9
-114
-135
-50
50
93
83
38
-23
-50
-13
71
136
106
38
-6
-7
33
76
115
117
82
55
41
75
114
129
132
124
96
41
23
52
76
64
36
4
-47
-91
-66
-10
-4
-34
-63
-81
-95
-87
-43
-8
-29
-72
-88
-78
-61
-42
-47
-74
-90
-91
-96
-85
-49
-39
-74
-100
-80
-55
-69
-63
-36
-44
-82
-89
-56
-51
-88
-118
-141
-173
-200
-207
-207
-209
-203
-200
-217
-226
-202
-169
-153
-128
-90
-68
-66
-48
-6
47
84
75
63
70
89
104
132
176
178
131
111
126
150
164
177
178
138
107
115
120
127
141
143
103
71
73
80
76
81
75
31
2
20
25
-7
-16
-2
-17
-47
-47
-30
-38
-58
-52
-58
-69
-73
-58
-62
-88
-93
-78
-66
-66
-58
-55
-56
-65
-63
-50
-28
-6
-6
-7
3
-4
-21
-11
30
43
19
4
2
4
0
12
37
38
10
-3
18
50
63
58
51
49
40
33
62
96
82
32
10
24
30
28
32
25
-21
-69
-73
-40
-26
-49
-70
-88
-116
-128
-120
-105
-96
-120
-157
-182
-179
-173
-181
-176
-179
-216
-257
-260
-219
-197
-198
-192
-185
-183
-172
-124
-69
-40
-38
-34
-1
18
28
59
107
125
102
92
113
135
141
149
163
165
146
141
155
169
173
170
168
164
159
150
147
150
141
126
110
100
79
48
26
17
0
-36
-57
-65
-80
-117
-144
-141
-138
-168
-199
-205
-199
-198
-198
-188
-185
-184
-181
-170
-135
-91
-69
-82
-73
-36
-5
18
45
82
94
77
81
109
129
132
134
133
123
96
87
103
103
89
66
56
45
28
26
15
-11
-27
-21
-28
-43
-55
-59
-66
-71
-72
-68
-63
-74
-74
-60
-56
-70
-61
-45
-46
-56
-60
-50
-53
-56
-62
-60
-63
-69
-74
-75
-70
-65
-69
-74
-68
-70
-65
-65
-56
-50
-44
-37
-27
-35
-45
-30
-9
12
12
11
12
12
25
52
77
72
61
56
59
65
74
81
60
33
16
15
18
17
5
-8
-35
-56
-58
-37
-27
-49
-68
-68
-67
-77
-68
-43
-35
-61
-70
-48
-30
-29
-22
-1
14
2
-16
5
39
38
29
41
56
49
25
22
37
38
35
34
33
20
-4
-9
13
18
5
-6
-9
-18
-33
-30
-24
-23
-27
-32
-39
-44
-43
-34
-17
-22
-28
-37
-40
-35
-41
-33
-19
-13
-24
-44
-48
-42
-41
-46
-48
-55
-62
-69
-78
-75
-69
-72
-75
-69
-61
-62
-60
-45
-20
-15
-15
-14
-6
5
14
30
47
46
34
41
53
64
65
55
49
48
38
38
45
37
14
-9
-7
1
-13
-29
-42
-46
-71
-85
-71
-61
-75
-93
-93
-88
-89
-82
-69
-72
-80
-73
-58
-44
-44
-43
-34
-29
-25
-23
-6
3
-5
-8
1
8
6
15
17
12
10
9
7
1
-4
-7
-1
-3
-19
-36
-32
-22
-32
-38
-36
-28
-20
-24
-29
-15
4
1
-1
8
10
4
5
21
28
12
-5
-2
4
-4
-10
-9
-8
-19
-37
-44
-35
-26
-32
-45
-54
-65
-72
-68
-63
-62
-63
-68
-69
-56
-46
-44
-41
-33
-28
-24
-13
3
12
3
2
7
19
33
33
28
23
16
18
27
33
26
12
1
-12
-8
-1
-1
-17
-44
-50
-46
-45
-44
-46
-50
-56
-63
-57
-32
-21
-35
-52
-43
-29
-28
-16
8
-4
-30
-33
-12
12
9
2
-1
-18
-30
-25
3
11
-13
-34
-39
-42
-54
-57
-46
-45
-66
-85
-88
-85
-87
-85
-76
-68
-76
-90
-93
-69
-37
-15
-14
-18
-19
-12
4
26
47
47
37
30
38
46
48
46
53
51
30
23
27
22
7
5
8
0
-21
-34
-36
-45
-42
-34
-41
-50
-56
-56
-45
-25
-22
-25
-35
-36
-23
-5
11
7
-2
-8
-5
4
14
17
11
-9
-18
-22
-13
-6
-23
-34
-32
-34
-44
-51
-44
-39
-47
-59
-49
-33
-37
-44
-47
-38
-26
-25
-21
-15
-14
-20
-15
3
16
14
5
2
7
8
11
21
24
11
1
-2
-4
-2
-5
-4
-13
-29
-40
-39
-41
-39
-40
-42
-55
-68
-70
-63
-50
-51
-61
-57
-55
-48
-43
-35
-19
-23
-23
-22
-16
2
14
20
17
11
6
12
24
28
20
6
-1
2
6
3
-5
-17
-31
-40
-47
-40
-34
-33
-45
-59
-68
-63
-50
-41
-40
-41
-36
-37
-24
-11
-2
0
6
13
15
10
14
28
28
20
21
22
16
16
18
8
7
11
3
-6
-17
-16
-20
-21
-20
-22
-26
-39
-43
-41
-36
-33
-39
-37
-36
-39
-38
-27
-20
-26
-33
-26
-20
-20
-10
-4
-7
-27
-30
-19
-16
-6
-4
-7
-18
-36
-31
-12
6
4
-9
-19
-27
-26
-10
7
12
-3
-19
-22
-12
5
13
7
-6
-9
-4
2
5
6
1
3
1
-3
1
2
-3
-12
-14
-15
-4
-9
-23
-28
-31
-25
-34
-38
-38
-40
-45
-39
-36
-41
-47
-50
-38
-33
-32
-36
-33
-30
-31
-27
-19
-14
-24
-36
-40
-26
-23
-21
-18
-14
-14
-24
-32
-32
-26
-22
-18
-21
-27
-37
-42
-30
-13
-8
-21
-24
-20
-23
-25
-22
-10
-10
-20
-27
-19
-8
-12
-13
-14
-15
-16
-17
-21
-21
-21
-20
-20
-23
-26
-29
-31
-33
-33
-31
-31
-33
-41
-36
-25
-26
-21
-16
-12
-11
-12
1
9
15
15
15
18
16
13
12
20
24
21
13
5
1
5
13
10
15
0
-14
-11
-3
1
-9
-12
-18
-20
-22
-16
-9
-9
-18
-15
-10
-8
-1
7
7
0
-8
-2
10
12
6
2
5
-4
-11
-16
-8
-9
-17
-22
-22
-28
-28
-22
-21
-25
-37
-37
-39
-43
-34
-29
-35
-40
-40
-41
-30
-19
-11
-13
-20
-19
-14
-7
0
5
8
8
2
-1
0
1
10
3
-11
-15
-18
-24
-29
-32
-30
-31
-46
-52
-55
-60
-64
-54
-53
-57
-59
-67
-64
-58
-51
-46
-42
-34
-26
-20
-14
-12
-4
2
7
6
8
13
18
18
15
11
14
21
14
7
3
0
-8
-17
-10
-12
-24
-31
-37
-37
-40
-43
-42
-43
-49
-52
-40
-36
-37
-33
-21
-14
-14
-9
-1
-2
0
7
20
21
19
14
13
16
10
11
13
5
-2
-10
-16
-23
-25
-27
-32
-39
-52
-51
-44
-47
-59
-54
-41
-31
-33
-35
-25
-12
-2
5
16
22
13
11
22
37
43
40
31
31
28
27
29
32
25
7
4
7
6
-3
-20
-20
-25
-22
-18
-21
-26
-30
-33
-29
-16
-13
-16
-18
-17
-8
5
9
6
2
10
22
28
32
28
28
21
24
31
29
28
19
16
15
9
11
10
7
-7
-17
-12
-14
-11
-15
-21
-30
-31
-31
-25
-19
-27
-32
-33
-28
-29
-23
-12
-12
-22
-28
-19
-5
-6
-5
-6
-6
-10
-15
-5
-2
1
-7
-14
-15
-16
-17
-22
-21
-18
-23
-30
-32
-37
-33
-25
-22
-20
-22
-25
-28
-23
-13
5
9
-6
-6
2
8
13
18
25
15
4
11
18
13
6
-2
-5
-5
-7
-6
-7
-18
-29
-33
-26
-20
-21
-29
-35
-37
-40
-40
-29
-22
-32
-33
-32
-25
-20
-10
4
6
5
9
15
16
21
29
38
43
37
29
24
29
33
36
43
38
24
9
9
18
22
21
15
0
-18
-20
-5
0
-4
-12
-14
-15
-20
-13
1
9
3
3
8
14
19
19
23
32
34
28
25
23
26
20
19
23
24
13
4
0
2
1
2
5
-2
-8
-14
-2
2
7
12
8
8
7
14
23
32
31
31
28
23
29
28
32
26
19
17
13
7
4
2
-3
-8
-11
-11
-17
-25
-22
-20
-25
-23
-23
-27
-31
-31
-21
-15
-22
-23
-26
-23
-16
-6
5
6
6
4
7
16
27
37
35
34
31
32
37
44
48
48
41
39
39
37
37
36
29
19
13
8
3
-1
-7
-12
-14
-17
-23
-24
-24
-20
-24
-22
-17
-25
-27
-16
-1
-1
4
4
2
3
1
6
15
15
7
1
-2
-2
3
4
1
-4
-10
-9
-11
-5
-3
-2
-7
-9
-6
-1
9
5
6
18
26
24
28
36
40
43
41
46
56
58
51
50
53
53
46
46
48
41
38
33
32
28
20
16
7
1
-3
-5
-4
-15
-19
-21
-18
-12
-16
-21
-23
-20
-13
-1
-2
-1
5
10
15
26
31
35
37
38
51
57
61
60
63
59
65
65
54
55
52
51
44
37
34
23
21
20
16
21
13
6
4
1
-3
-1
7
6
1
0
6
9
9
11
15
11
9
13
16
18
17
16
14
15
14
11
11
11
3
0
-2
-3
-5
-7
-9
-7
-8
-10
-8
-4
-6
-12
-3
1
4
5
7
10
15
22
23
23
27
26
32
34
37
32
26
23
17
20
13
14
7
0
-7
-10
-5
-8
-12
-19
-24
-27
-25
-16
-19
-17
-15
-23
-19
-15
-11
-2
0
1
2
7
12
23
38
45
45
47
52
53
58
64
65
64
58
55
49
50
45
42
45
40
34
26
23
22
21
17
11
5
1
-1
-5
-3
-3
-3
-7
-8
-9
-9
-3
-2
0
1
4
4
5
9
10
15
15
16
16
18
13
9
13
17
17
22
22
19
19
14
18
19
26
26
20
17
14
14
20
22
23
19
17
26
24
32
33
31
32
36
35
37
44
40
39
30
31
30
28
26
22
13
6
2
6
7
5
-3
-10
-11
-13
-12
-14
-16
-18
-18
-16
-11
-7
-4
1
2
5
11
18
25
32
33
38
42
42
46
43
44
43
42
39
32
30
28
27
24
27
29
24
14
14
10
12
13
9
6
-1
-2
0
-2
3
2
-1
-3
-7
-7
-8
-6
-8
-12
-6
-7
-2
-4
-5
0
1
7
4
11
1
1
3
2
6
2
5
7
6
4
4
11
6
-1
1
6
6
2
3
0
1
8
12
13
16
16
20
18
20
26
24
21
26
25
27
22
19
23
18
12
8
13
7
3
4
0
3
3
5
5
6
4
3
1
3
7
11
8
10
18
18
19
23
27
28
29
30
32
33
32
31
29
34
32
36
36
32
28
21
22
19
20
16
13
9
8
6
2
-1
-4
-1
-1
-2
2
-6
-12
-15
-7
-2
1
-1
1
0
5
14
13
13
16
16
16
19
21
20
17
21
16
12
11
11
10
3
0
0
-3
-9
-11
-15
-9
-10
-17
-15
-16
-15
-12
-5
-2
-7
-3
0
-5
2
9
9
9
9
12
9
9
11
10
9
6
0
2
-4
-3
0
-5
-9
-9
-13
-14
-14
-11
-7
-8
-4
0
2
3
4
11
13
17
22
22
24
26
26
32
36
38
40
35
35
33
36
35
29
29
30
28
26
23
19
13
3
10
11
3
2
-4
-4
-10
-11
-9
-10
-12
-17
-17
-16
-20
-20
-20
-19
-17
-14
-9
-1
1
3
1
4
14
20
19
21
22
22
21
24
19
20
20
23
25
18
15
15
13
17
19
14
12
9
9
7
12
16
14
15
12
11
10
12
19
21
28
26
23
23
18
21
15
13
12
10
8
3
3
-5
-8
-7
-1
-3
-6
-10
-11
-11
-6
-1
0
-1
1
2
1
6
15
19
21
21
19
23
27
28
28
26
26
22
25
23
21
24
16
18
18
17
18
18
20
16
19
23
24
20
14
8
9
13
10
5
7
2
0
-2
-5
-4
-7
-14
-11
-7
-8
-6
-5
-6
-2
2
5
7
10
13
10
14
24
27
24
25
25
46
32
-9
-27
-32
-53
-47
-16
-3
-14
-8
-5
-22
-35
-25
-11
-14
8
20
17
8
13
-8
20
81
76
50
45
20
-25
-22
-3
-10
-24
7
26
1
-16
0
-13
-18
6
23
9
8
17
-4
-13
-2
22
18
18
17
13
1
-4
9
18
16
9
27
23
13
14
37
37
27
30
27
9
2
10
14
28
30
17
3
10
6
-1
6
17
16
6
9
10
-1
9
1
-4
-14
-12
-17
-20
-20
-11
-11
-30
-5
-4
-13
-3
22
56
38
39
43
24
18
62
80
64
51
52
-2
-32
-22
-26
-36
-22
-6
-34
-46
-27
-25
-33
25
95
101
95
93
59
21
17
44
37
33
21
5
-11
-25
-25
-22
-22
-27
-30
-45
-40
-51
-45
-21
-28
-6
21
-19
-36
-9
-36
-38
12
11
-47
-28
-2
-42
-34
18
8
-47
-15
14
-25
-23
24
-2
-11
15
37
10
14
36
19
5
3
22
5
-12
17
0
-1
-5
-7
19
2
-22
-5
0
-47
-12
8
-20
-34
-28
-33
-25
-42
-38
16
-30
-60
-19
-1
-57
-32
41
-14
-44
5
-7
-49
2
-1
-11
5
-21
-15
15
5
-40
10
47
-45
7
34
-17
-32
27
26
-21
-5
53
-39
-16
39
21
-17
-17
78
10
-52
80
14
-43
29
71
-23
14
68
-27
-1
68
8
-65
42
59
-56
-25
114
-50
-98
91
-19
-37
14
51
-30
-28
-2
-22
-4
-9
-16
28
-15
-55
15
24
-40
17
48
-19
-24
12
42
-20
7
66
32
-50
26
63
-55
0
86
14
-32
26
38
-42
2
36
27
-12
-6
39
-24
-42
37
-18
-41
10
-16
-42
11
-32
2
-45
-7
21
-92
19
36
-64
-15
28
-6
-82
63
28
-84
88
16
-61
12
10
-40
-6
10
3
-27
-34
-5
-10
-73
11
19
-68
-39
48
-71
-56
34
-20
-62
13
7
-44
-11
6
-38
-26
14
-13
-14
-8
38
-50
28
-17
-39
40
-20
-45
18
-23
-43
-21
19
-38
-16
62
-61
-18
-1
-22
-42
41
-20
-25
-24
11
-32
-13
-18
4
-9
-17
34
-30
-4
3
18
-12
1
33
17
-65
57
24
-106
66
31
-87
35
28
-26
-46
43
-24
-40
46
-28
-17
5
-27
-12
-11
6
-10
-15
2
-27
9
8
-47
27
-5
-46
14
18
-31
4
-10
-25
43
-53
-30
31
-15
-41
21
6
-35
-21
22
0
-32
31
20
-51
9
39
-73
27
28
-58
2
26
1
-61
24
35
-67
34
22
-31
-2
2
19
-41
35
-6
-42
40
-24
4
-4
-22
-4
-10
-35
-11
-24
-28
-42
10
-32
-59
9
2
-103
23
29
-76
-25
46
-63
-21
48
-28
17
13
-17
27
2
-23
18
40
-27
-20
63
9
-78
41
10
-82
25
-5
-20
-4
-17
-16
-2
-44
0
22
-22
-11
-1
-22
-44
14
7
-61
20
4
-46
-21
18
-67
1
-4
-36
-15
1
-41
-11
3
-8
-7
-2
-8
-19
-4
2
9
-3
-13
-29
-10
8
-8
-42
36
-47
-43
34
-59
-19
28
-63
-27
16
-24
-46
20
26
-45
-11
64
-27
8
12
3
28
-7
5
19
-21
14
-7
-16
15
0
-65
8
20
-39
-33
40
-39
-25
20
17
-25
-4
26
-21
19
-31
20
12
-4
25
5
12
7
-5
44
12
-56
59
62
-64
-20
43
16
-128
84
41
-76
-27
46
-23
-75
1
30
-34
-50
13
2
-27
-32
45
-46
-41
36
-32
-19
11
-17
-3
-13
-20
13
23
-46
24
22
-41
-7
29
52
-45
-15
74
-33
-39
51
17
-82
34
41
-78
-4
73
-83
-17
56
-27
-39
13
-4
-24
-33
-18
35
-46
-58
60
-24
-90
92
-33
-51
12
14
-58
5
56
-55
-64
60
-40
-58
28
3
-47
-40
32
-34
-14
5
-2
-4
42
-35
12
60
-36
-24
57
51
-38
-6
99
-33
9
9
7
36
-51
36
69
-20
11
30
34
-23
43
24
-11
45
-14
26
6
-9
45
-5
9
15
-12
31
-50
23
41
-22
-56
56
14
-56
25
60
-39
-4
24
19
13
-9
28
13
3
9
0
33
14
7
19
-12
39
-7
-2
39
13
-12
31
27
-21
37
3
3
12
19
-16
-2
-9
-15
8
-24
19
-25
1
0
0
8
0
-2
32
3
-2
30
51
-55
25
73
-22
-1
48
-8
-47
21
51
-58
-19
25
-40
-31
-11
24
-49
-13
27
-45
7
21
-35
12
5
-39
24
16
-8
-12
49
-11
-19
20
3
-29
-12
2
-25
-32
-8
-31
-62
22
-35
-45
-16
1
-40
-39
26
-5
-85
17
8
-51
-27
11
-52
-24
-21
-36
-8
-14
-31
-17
6
-32
-28
25
21
-49
46
8
-23
7
7
28
-10
-2
44
-17
-6
-21
71
-44
-46
80
-9
-61
52
13
-43
-4
23
11
-36
7
17
-46
-30
28
3
-32
28
13
-12
25
20
-2
4
58
-26
33
38
5
2
8
42
-9
-19
111
-46
-14
103
-29
-22
74
39
-51
44
75
-40
4
53
25
-20
24
31
9
-19
29
9
18
8
18
-8
53
-47
-27
59
-17
14
15
40
3
-17
26
46
19
-18
32
22
-32
-17
21
-6
-31
8
12
-15
-44
-8
27
-15
-55
57
9
-119
54
27
-82
6
48
1
-55
36
41
-60
-9
57
-33
-26
5
6
-27
-60
29
-41
-8
-27
-52
35
-52
-81
51
-54
-35
7
-27
-18
-76
-23
35
-52
-53
34
-19
-94
34
0
-72
-19
2
-12
-78
20
-7
-68
-3
30
-92
25
16
-56
-73
92
-30
-143
124
-18
-124
5
61
-82
-75
50
24
-90
-9
33
-21
-50
13
28
-33
-37
67
-40
-11
21
-25
-19
44
-63
6
41
-47
-20
30
0
-35
19
5
24
-45
44
21
-51
-9
24
2
-25
11
8
-38
7
-9
29
-31
47
-49
-1
50
-28
-7
78
-3
50
-12
44
36
-12
-13
84
-1
-60
49
37
-52
-27
108
-44
-26
70
-13
-31
36
-16
13
-4
12
14
28
-19
-11
42
-14
-41
49
43
-57
0
61
-33
-56
69
23
-46
13
50
-34
-11
52
4
-32
61
12
-1
24
-9
57
1
-54
84
32
-100
54
76
-87
-2
88
-44
1
3
12
-13
-8
4
-25
3
-24
-44
65
-30
-44
44
-14
-32
-1
34
12
-47
18
23
-46
-3
8
-2
-39
-7
1
-20
-63
38
-5
-53
8
55
-68
-4
63
-64
24
31
-29
30
10
-20
17
18
11
-22
23
23
-55
7
45
-47
-18
46
-18
-66
75
-27
-54
48
8
-52
7
30
-47
-12
9
-9
1
-19
13
1
-5
22
-37
37
12
-45
18
17
-1
-30
50
-42
-1
19
17
-19
63
1
-23
36
14
32
-1
18
39
17
-18
27
38
-35
-3
49
3
-43
42
-2
2
40
-26
48
24
-7
4
78
-11
-19
45
42
-49
25
44
2
-29
26
22
-50
0
23
8
-27
13
27
-27
-38
68
29
-13
20
48
-6
-12
13
48
-4
4
33
13
0
-14
33
13
15
-1
35
13
-20
36
-16
13
18
-22
26
34
-9
-15
10
20
-53
18
22
-5
-22
17
-12
-45
7
-6
-16
-6
14
-16
-44
-10
1
-27
-3
-11
19
-20
-15
-29
25
-36
0
-4
17
-7
-55
74
-48
-7
22
13
-12
9
32
-41
-3
43
-37
10
-6
16
-16
-64
42
-1
-74
12
13
-19
-22
-17
42
-58
-40
11
5
-40
4
9
9
-35
9
23
-19
26
12
30
13
-4
32
0
-24
29
39
-24
17
32
-13
-10
-9
58
-41
12
54
-11
17
-1
31
21
-23
70
28
-23
66
15
0
43
31
24
22
77
3
-1
60
-20
17
38
-11
0
45
-32
-5
33
21
-73
62
31
-41
21
53
-11
-17
63
30
9
25
67
-25
5
23
17
-28
23
28
-23
5
51
-33
-8
31
9
-28
49
9
-17
31
28
-14
15
29
4
-12
41
-3
-30
32
-2
-18
4
36
2
-28
18
-2
-17
2
4
19
-32
-30
40
-39
-18
27
-33
25
2
-39
16
-1
-47
-2
34
-35
-25
45
-43
-10
-5
-27
12
-18
-36
46
-37
-58
44
-41
-54
22
4
-38
-8
30
-27
-54
35
25
-61
20
0
-29
-36
-11
-2
-39
-18
16
-25
-2
-12
8
4
-22
19
37
-26
9
31
-11
-3
13
-1
-16
4
2
5
-29
-16
-2
-10
-29
7
14
-20
6
18
-5
-3
-14
35
23
-12
32
27
-41
8
19
7
12
0
28
-19
21
3
19
-7
17
32
-10
39
1
-3
0
-15
24
18
-11
10
13
-6
0
36
1
8
28
-10
16
6
-3
20
-7
7
21
-7
20
13
-1
16
15
29
8
36
-14
35
18
-29
30
-7
-2
26
11
17
12
-10
9
12
-26
1
24
-40
-42
39
-29
-48
20
33
-55
12
52
-24
6
8
28
-6
-8
1
11
1
-68
44
-3
-47
4
18
-47
10
-31
-24
3
-78
6
19
-18
-49
30
16
-63
5
71
-47
-10
15
36
-30
-16
36
20
-53
31
35
-25
-7
10
-7
-11
-25
15
13
-62
-4
20
-48
-61
43
-27
-49
-14
-1
-24
-13
-49
20
-8
-74
6
33
-89
-11
29
-45
-28
-7
-1
-12
-22
3
-21
21
-18
7
22
3
-7
26
6
-7
17
32
0
3
8
17
-9
-8
32
-18
18
2
-3
22
19
-11
14
60
3
-32
54
24
-47
15
48
-20
-21
46
2
-38
52
13
-21
69
8
-10
45
4
-13
25
29
0
14
53
-21
-5
23
26
-41
13
51
-43
-19
68
-34
-12
44
12
-17
18
37
-16
11
24
-5
11
8
0
25
-8
38
13
-11
0
25
-11
2
-2
7
5
-31
-1
3
24
-49
12
46
-42
5
25
5
-25
29
0
-2
10
11
-13
12
14
-5
-17
33
-10
-49
12
7
-31
-30
44
-22
-45
-2
31
-41
-33
22
10
-53
-12
31
-43
-34
17
-6
-29
-15
-6
14
-30
-7
18
9
-37
-3
18
-14
-48
-20
34
-52
-59
29
-10
-94
10
50
-63
-31
49
6
-46
11
33
-40
-33
34
-2
-42
-10
5
-10
-24
20
-16
-34
1
-28
-41
15
-46
-15
18
-41
-15
39
-17
5
16
7
10
10
12
21
-6
21
24
10
50
-7
35
-2
58
3
29
19
17
20
6
29
20
20
-18
88
-39
4
37
-21
-14
9
29
-32
15
20
-13
1
16
15
5
21
4
3
4
-6
-15
0
17
-36
14
1
-24
-43
38
-5
-48
23
25
-26
-8
47
-20
0
13
38
14
-14
51
16
-25
55
33
-27
59
16
6
43
20
8
20
23
-19
30
31
-20
-12
16
-1
-39
-5
28
-35
-22
58
-45
-37
31
-6
-47
20
27
-32
-42
20
-16
-67
26
15
-78
10
-3
-38
-39
17
-25
-31
3
16
-27
-7
40
-27
11
41
-41
39
29
-27
-4
13
-23
-28
2
8
-21
-32
17
-32
-32
-6
13
-41
-8
8
-24
1
-17
-26
22
-15
20
5
-5
19
-11
2
21
-8
-11
11
3
-25
-8
6
-26
-25
12
17
-52
38
1
-36
6
23
-20
7
20
6
-11
24
15
-2
22
34
-3
21
26
-20
31
12
-3
-1
54
-16
4
35
-4
-21
26
8
-19
7
27
-21
15
-3
15
0
12
-17
18
13
-12
10
38
-11
-7
37
-12
-18
11
-17
-14
17
-25
-15
1
1
-13
3
34
-22
8
34
-14
18
17
9
1
20
-20
16
7
-13
-4
13
2
-27
-13
16
-40
-39
21
-8
-20
-14
50
6
-46
29
59
-50
3
71
22
-63
44
44
-38
-1
39
3
-23
7
2
6
-14
-12
12
10
-22
0
12
-27
-31
-17
4
-49
-29
32
-22
-59
18
17
-74
18
24
-16
-25
17
8
-26
-37
48
9
-43
13
18
-16
-15
-18
2
-12
-33
-31
13
-14
-65
26
-4
-44
-17
22
0
-23
8
30
-5
-27
35
29
-38
12
59
-20
-15
45
21
-32
-8
26
-9
-8
31
-5
-2
9
-8
2
18
27
-14
26
30
-19
-10
25
7
0
28
13
17
16
-5
-4
28
-14
5
15
41
-23
-26
22
11
-44
22
53
-51
-20
55
-13
-51
37
27
-17
3
41
-8
-11
-14
13
-3
-17
5
15
1
-27
24
20
-23
25
17
27
-1
28
4
12
-18
36
23
-4
22
28
-6
-9
29
-23
4
-12
35
-20
-7
29
-27
-3
19
-6
11
8
-8
11
36
-43
27
23
-36
0
42
-28
-14
-1
-21
-24
-23
2
-6
-28
1
3
-33
0
5
11
-12
-3
20
2
-25
1
0
12
-20
17
48
-30
-15
40
-1
-28
24
23
20
-17
18
-9
-5
-5
-16
13
-15
-19
-3
-3
-32
-10
-6
5
-19
13
0
-21
2
14
-14
-13
27
-34
-13
-6
-25
-18
3
-24
-32
-2
12
-40
-5
21
-20
-2
17
25
2
16
25
40
3
11
45
17
5
30
4
35
8
-8
18
30
-27
-13
31
9
-37
1
41
-44
-19
25
-20
-20
12
-7
7
19
9
13
38
-1
5
32
-9
-6
19
6
-19
-20
11
-3
-44
33
28
-48
39
38
-23
10
33
9
-18
28
35
-31
1
36
-42
6
10
13
-8
-16
20
11
-40
20
37
-14
6
8
25
-11
-14
25
0
5
-4
3
25
0
-19
12
5
-50
11
30
-33
-30
16
-19
-47
15
-5
-20
-12
0
6
-31
2
26
-29
-1
8
-11
9
-25
5
4
-43
22
-3
-12
-2
22
-8
-8
1
-1
-7
-10
0
4
0
-47
21
-7
-30
16
30
-1
-11
10
7
-33
3
29
-18
-14
-1
-4
-13
-19
6
14
-38
5
33
0
-21
27
24
-29
19
45
9
0
32
-5
-6
-5
17
2
12
-4
7
24
-20
5
46
-10
17
57
-8
-1
16
0
-4
2
41
35
-3
21
30
-11
15
15
25
8
31
39
-6
24
-12
-6
44
5
18
50
-3
-10
36
-16
2
33
24
-10
15
34
-11
-26
5
37
-13
8
31
4
-27
17
17
6
4
31
30
7
4
15
11
0
21
21
20
-2
8
7
-16
-3
1
27
7
-36
27
21
-19
-15
36
26
-24
8
25
13
-37
15
19
1
-34
33
10
-37
-7
17
-8
-18
-4
-13
11
-6
-13
22
25
-21
-7
37
5
-25
42
14
-28
-17
39
3
-38
7
26
-29
-10
20
1
-13
-21
33
28
-12
7
41
9
-2
14
20
1
-17
5
25
-15
-28
17
-5
-27
23
48
-27
-25
50
-23
4
34
16
25
23
14
27
14
1
26
39
10
8
42
-6
-12
15
18
5
-5
31
29
-22
29
27
-10
7
13
29
16
17
25
10
18
-10
17
39
10
-1
31
20
-17
17
32
28
21
33
22
14
21
21
24
33
13
22
22
18
16
24
-3
29
31
14
23
13
3
9
14
4
22
25
-5
14
35
8
6
7
37
16
-5
18
33
12
-2
36
57
-16
17
50
8
-1
22
18
12
-4
1
4
1
-5
13
19
3
6
7
26
-17
4
38
-2
-20
40
6
-17
22
8
-1
-4
6
1
8
4
-35
35
7
-42
35
22
-21
-3
46
6
-1
32
27
-1
10
13
17
4
-4
16
4
-8
-4
15
7
-3
-6
22
11
-23
12
40
-14
-22
40
22
-11
-19
30
1
-35
20
17
-19
18
0
2
22
6
-7
24
35
-24
19
61
-14
-9
45
3
-8
0
8
-5
9
10
15
13
-12
4
20
6
17
-5
22
11
-25
8
14
-10
11
25
21
4
34
33
-11
9
10
7
-27
-6
26
-32
-24
22
-9
-27
19
38
14
6
20
19
-10
2
16
19
8
0
4
12
-16
-11
17
-5
-27
2
14
-42
-26
23
-2
-33
20
37
-10
-24
27
18
-16
-16
17
20
-43
-23
43
-18
-44
14
-5
-26
-26
-11
-3
-12
-41
8
7
-43
-18
9
7
-37
6
37
-30
-22
28
-2
-37
17
28
-21
-13
38
-7
-34
7
13
-7
7
15
-14
-8
-9
-30
14
1
-14
-6
0
10
-19
5
12
7
12
13
2
7
-8
-37
0
10
-22
-40
21
-18
-47
-14
-5
-14
-33
-18
21
-14
-27
14
10
-7
3
43
-8
-4
24
-4
-7
14
-1
-7
-21
-14
-12
-32
-21
9
-2
-16
-8
4
-5
-12
-7
-3
8
-11
-23
1
-12
-29
-9
12
-9
2
3
13
-12
1
8
-2
4
4
-8
10
4
-10
-1
-4
-16
3
15
-17
-7
11
3
-19
1
25
-12
-21
28
11
-17
-5
21
-20
-24
-9
2
4
-28
-7
18
-33
-20
16
-3
-8
1
11
9
-11
-4
-2
-20
-19
-10
8
-30
-18
-16
-38
-29
-17
-19
-20
-41
-34
-17
-18
-20
-7
25
-31
-3
48
5
12
24
37
18
-5
27
26
-25
-12
8
-20
-44
-18
-21
-24
-30
-34
-5
-37
-42
-19
-19
-16
-35
-7
5
-33
-26
14
-16
-45
4
14
-15
-26
-10
-12
-20
-43
-2
7
-22
-17
-20
-12
-54
-31
1
-20
-23
-16
-7
-23
-20
-27
10
5
-16
17
15
-22
3
22
-17
-4
17
12
-9
-5
10
5
-25
-1
30
-8
-9
27
15
1
-6
18
21
-3
-6
22
9
-17
-4
9
16
-28
9
20
-11
-12
8
14
-22
-6
10
-15
-26
9
-10
-33
-3
-14
-29
-27
-11
0
-25
-1
0
-15
-13
17
14
5
32
11
-6
10
-1
-2
23
-1
3
4
-9
-17
-4
4
-23
-1
-4
-5
-16
-3
6
-25
-21
6
-35
-23
15
-12
-40
-11
3
-43
-26
14
-10
-26
-6
11
-10
-46
-4
1
-19
-16
-3
-10
-23
-19
-21
-10
-29
-23
6
-10
-27
-13
-22
-25
-19
-5
6
-9
-4
-8
1
-17
-4
15
-11
-11
9
-6
-9
-22
-14
-3
-23
1
-1
-17
-9
-21
-26
8
-7
-16
5
-4
-35
-30
-3
-25
-28
-4
-6
-13
-15
-24
-20
-23
-33
-9
3
-5
-9
-21
-8
-19
-36
0
2
-17
-4
16
-8
-22
2
-5
-9
16
13
6
14
-7
14
7
-21
12
8
-17
5
0
-14
-10
-16
-7
-9
-2
4
2
-2
-7
-10
-23
-10
-7
-15
2
-1
-11
-24
-6
1
-12
-10
6
13
-2
-1
5
-6
-21
4
3
5
2
-2
-8
-31
2
-25
-29
6
-5
-22
-2
1
-19
-35
-4
-8
-27
-12
-18
-22
-34
-43
-18
-7
-30
-23
6
-16
-36
-7
-4
-19
-15
19
20
-25
6
12
-14
-24
-4
-8
-24
-25
8
-14
-41
-9
-9
-23
-35
2
-7
-19
-17
-9
-8
-18
-21
-13
-4
-31
-24
-6
-17
-49
-15
-3
-30
-28
8
0
-21
-5
8
-7
-20
-12
-6
-20
-23
5
-18
-23
-5
-12
-26
-8
1
-20
-8
-4
-6
-6
-4
-4
-3
6
-7
12
13
-11
-14
4
-1
-14
-4
-1
-19
-25
-15
-16
-17
-17
2
6
-14
-3
3
-4
8
20
19
18
17
0
5
22
11
3
20
4
-19
4
16
-10
-4
15
4
-14
15
14
0
2
7
4
8
-9
-11
21
-5
-12
18
23
-1
-7
21
22
-10
-4
41
5
-19
20
31
-7
-1
24
6
-14
-4
14
1
-14
-7
7
-6
-19
2
7
-16
-9
11
12
11
1
17
10
-26
-1
20
-13
-29
5
-6
-29
-23
-17
-14
-19
4
8
-10
-3
-1
-20
-5
0
-16
0
16
-20
-22
4
-9
-24
-5
7
-7
-1
-3
-7
-12
-11
-6
14
2
-1
4
3
-21
-25
-9
-5
-18
-14
10
-16
-23
-1
-4
-23
-9
11
-8
-16
-6
-13
-30
-14
-8
-27
-25
-13
-22
-38
-27
-18
-21
-23
-6
-2
-11
-24
-13
-14
-24
-13
-5
-10
-3
-4
-7
-8
-9
5
3
7
13
8
7
-8
8
6
-2
2
4
4
-11
-9
-7
-20
-17
-7
0
-3
-1
-2
-13
-1
0
-9
1
16
3
3
1
2
-14
-14
-4
-10
-6
-6
0
-9
-18
-16
-9
-4
1
15
16
-3
6
4
-6
-4
16
16
6
3
2
-15
-30
-16
-14
-16
-15
-16
-16
-32
-40
-26
-27
-29
-23
-16
-24
-33
-28
-32
-28
-25
-5
-4
-16
-9
-10
-13
-20
-10
-11
-17
-14
-11
-28
-26
-21
-27
-20
-17
-20
-28
-25
-21
-27
-17
-17
-16
-17
-12
-9
-13
-7
-7
-7
-12
-18
-11
-13
-17
-15
-19
-23
-20
-25
-29
-27
-24
-24
-24
-26
-29
-28
-31
-28
-24
-25
-26
-24
-23
-27
-26
-16
-18
-21
-15
-22
-21
-17
-18
-15
-21
-16
-12
-17
-22
-19
-15
-19
-14
-13
-20
-16
-7
-16
-10
1
1
-3
-8
-1
-9
-6
1
-2
-13
-8
-3
-11
-14
-9
-11
-9
-8
-7
1
-4
-5
3
3
12
8
15
21
6
7
13
7
2
10
9
3
9
2
-2
5
-1
1
4
1
3
1
-5
-9
-4
-5
-7
-7
-7
-9
-11
-9
-12
-10
-7
-9
-8
-16
-15
-13
-20
-21
-16
-20
-20
-14
-13
-17
-22
-17
-11
-12
-13
-13
-11
-16
-14
-13
-15
-12
-16
-13
-12
-18
-20
-14
-18
-25
-16
-14
-28
-23
-16
-11
-23
-20
-12
-21
-26
-22
-20
-31
-27
-19
-17
-21
-24
-25
-25
-35
-30
-23
-27
-25
-27
-23
-26
-32
-30
-28
-28
-28
-19
-22
-32
-25
-23
-24
-29
-19
-16
-22
-16
-16
-19
-16
-17
-14
-14
-15
-15
-14
-20
-27
-26
-22
-20
-20
-18
-19
-17
-22
-23
-20
-16
-20
-23
-20
-22
-24
-23
-25
-25
-21
-16
-21
-18
-13
-15
-20
-15
-10
-7
-3
3
3
-4
-5
0
0
3
4
-1
-4
-11
-11
-9
-5
-9
-8
-1
-2
-10
-7
-3
-16
-8
0
-3
-1
-1
-1
-6
-3
-7
-1
2
1
2
4
4
-1
-6
-3
-4
-2
-5
-3
-4
-9
-5
-9
-12
-10
-4
-9
-6
-4
-11
-12
-6
-5
-8
-6
-3
-3
-6
-8
-10
-7
-3
-5
-9
-5
-9
-18
-21
-18
-27
-28
-21
-25
-23
-29
-26
-35
-35
-31
-38
-38
-34
-27
-29
-34
-29
-29
-31
-23
-22
-23
-23
-24
-25
-24
-26
-23
-15
-16
-20
-17
-19
-28
-29
-26
-27
-28
-24
-25
-37
-29
-28
-35
-30
-29
-27
-27
-28
-24
-24
-24
-19
-20
-24
-22
-17
-15
-17
-19
-16
-19
-16
-17
-13
-11
-16
-19
-16
-16
-22
-15
-8
-13
-12
-6
-11
-21
-15
-16
-16
-15
-11
-14
-19
-18
-18
-14
-18
-19
-15
-13
-16
-22
-19
-17
-21
-18
-14
-14
-15
-13
-7
-9
-8
-9
-4
-5
-2
-1
-4
-5
-6
-1
-5
-2
-2
0
5
0
0
7
1
-3
4
3
1
-1
0
-4
-7
-7
1
-1
-3
-3
-1
-6
-1
-3
-6
-2
-3
-3
0
-3
-12
-11
-10
-11
-10
-9
-17
-20
-17
-24
-24
-21
-15
-20
-22
-16
-17
-17
-13
-16
-13
-11
-9
-9
-12
-16
-14
-11
-10
-11
-9
-6
-5
-6
-13
-13
-12
-12
-7
-8
-10
-7
-10
-13
-13
-16
-13
-16
-16
-13
-14
-16
-15
-18
-18
-21
-22
-20
-18
-22
-25
-24
-24
-22
-22
-24
-25
-25
-20
-19
-25
-16
-12
-18
-17
-16
-15
-13
-14
-14
-12
-12
-13
-16
-17
-18
-17
-15
-12
-15
-15
-10
-11
-11
-14
-12
-14
-8
-8
-9
-10
-10
-4
-9
-13
-9
-8
-10
-7
-5
-7
-3
-7
-11
-4
-6
-9
-5
-2
-12
-8
0
2
-3
-1
2
2
0
2
7
4
6
7
7
10
9
7
14
12
9
12
10
10
9
10
10
8
12
14
11
7
15
14
10
10
13
11
12
12
14
15
13
16
11
12
11
10
7
10
14
11
11
10
9
8
11
5
5
9
4
2
3
1
2
-1
0
0
-5
-1
-3
-6
-8
-8
-8
-6
-9
-10
-6
-5
-8
-8
0
-6
-5
0
-5
-7
-9
-12
-11
-13
-10
-11
-11
-11
-7
-6
-8
-3
-5
-8
-6
-3
-9
-9
-6
-4
-5
-10
-14
-11
-14
-15
-10
-6
-13
-11
-11
-16
-13
-12
-8
-12
-16
-12
-19
-17
-15
-16
-13
-17
-13
-17
-17
-14
-16
-13
-15
-17
-14
-13
-18
-18
-11
-10
-8
-9
-12
-6
-12
-10
-8
-11
-12
-12
-7
-13
-6
-9
-9
-6
-2
-9
-9
-9
-9
-4
-5
-5
-3
-5
-6
-3
0
-1
-8
-4
-1
-4
-2
-3
3
1
2
-1
-2
-1
1
-2
-4
2
3
0
4
