6
6
4
3
5
1
2
2
4
2
0
-3
-7
-3
-4
-5
-7
-6
-7
-6
-6
-6
-5
-9
-7
-8
-9
-7
-7
-10
-12
-9
-11
-9
-13
-9
-8
-7
-8
-11
-5
-7
-10
-12
-8
-9
-7
-4
-3
-4
-1
-1
0
5
0
-4
-2
-3
-1
-1
2
1
0
0
0
-5
-10
-8
-8
-1
-3
-10
-7
-9
-4
-6
-8
-4
-7
-4
-2
-7
-2
-1
-3
-6
1
1
1
1
-2
-2
1
4
1
0
1
-2
-3
2
2
6
3
5
8
6
11
6
5
13
10
10
12
16
12
15
15
17
19
13
12
14
17
16
17
14
12
13
6
7
9
4
10
11
6
7
11
13
11
14
12
9
15
14
12
13
10
9
6
10
11
10
8
3
8
5
7
8
4
6
7
8
5
4
5
5
6
6
8
7
7
7
7
7
8
2
0
1
2
5
4
7
9
6
8
8
7
2
-2
2
1
2
-2
-1
-3
-4
-6
-3
-4
-3
-3
-5
-5
-5
-5
-6
-9
-2
-7
-11
-5
-2
-1
-2
-1
-2
-4
-4
-2
-1
-1
-3
-6
-6
-2
-8
-7
-6
-5
0
-3
-3
2
-1
-3
-1
2
2
6
4
3
4
-1
0
-2
-5
-2
-3
0
4
4
8
8
6
3
4
2
6
6
5
4
5
6
1
4
5
5
2
3
2
1
3
-3
0
7
3
5
4
3
3
4
10
11
8
6
7
10
4
11
11
9
11
5
7
6
12
9
10
10
12
14
12
16
15
14
12
11
8
6
5
9
10
9
12
14
13
15
12
14
13
12
14
14
17
11
12
8
7
9
5
7
5
5
4
7
3
5
9
9
8
5
4
4
6
7
6
7
9
4
10
11
8
6
8
6
8
6
5
5
1
2
1
-1
-3
-3
-6
-10
-12
-7
-8
-12
-10
-15
-13
-9
-10
-9
-6
-6
-7
-7
-7
-7
-7
-6
-5
-6
-6
-7
-7
-9
-2
-1
-4
-3
-5
-3
-2
-1
0
2
0
-1
-5
-1
-2
-7
-7
-9
-7
-10
-10
-9
-9
-6
-5
-4
-3
-5
-6
-4
-6
-7
-5
-3
-3
-7
-2
-3
-3
0
1
4
1
2
0
5
5
6
8
7
9
10
10
12
11
5
2
3
4
1
3
0
7
10
9
13
11
11
7
6
6
8
7
12
10
8
10
15
14
14
17
12
16
16
14
11
5
7
7
5
10
11
9
11
9
13
16
11
13
16
15
10
14
9
10
11
7
6
5
5
6
12
11
14
12
15
14
15
19
20
23
22
18
17
18
19
18
16
13
20
16
12
16
14
10
8
5
8
6
6
1
3
8
7
8
6
6
3
6
2
3
-2
-3
3
-1
-2
-2
-5
0
-7
-10
-5
-5
-4
-6
-5
-5
-9
-10
-7
-11
-15
-5
-9
-10
-9
-10
-4
-4
-3
-4
-5
-6
-3
-10
-7
-6
-7
-8
-13
-9
-7
-10
-12
-8
-8
-8
-11
-10
-3
-3
-4
-6
-6
-5
-7
-9
-10
-8
-9
-8
-8
-8
-8
-6
-7
-7
-7
-7
-4
-5
-1
-5
-1
1
0
2
2
4
3
2
0
6
5
6
8
9
10
11
10
9
12
11
8
10
9
9
9
12
11
13
11
8
13
12
10
7
8
6
7
4
1
0
0
1
4
4
8
7
6
8
13
17
15
16
15
20
13
9
15
11
11
4
5
11
6
10
8
6
8
5
1
5
9
4
8
11
12
10
9
14
12
13
15
9
10
8
5
8
5
1
3
0
-1
2
0
-2
-2
-4
-7
-5
-8
-8
-8
-13
-8
-6
-12
-13
-14
-13
-15
-13
-10
-15
-10
-16
-15
-15
-13
-14
-12
-12
-17
-19
-18
-18
-22
-22
-21
-21
-23
-22
-28
-25
-26
-28
-33
-30
-34
-33
-33
-29
-26
-26
-27
-27
-17
-23
-24
-25
-23
-21
-19
-21
-20
-14
-12
-18
-18
-15
-20
-17
-17
-13
-12
-11
-11
-12
-12
-16
-12
-13
-12
-13
-15
-13
-14
-10
-12
-6
-9
-10
-6
-7
-6
-10
-9
-11
-3
-6
-9
-7
-5
-1
-4
-8
-7
-5
-7
-7
-10
-8
-10
-6
-8
-8
-6
1
-3
-4
1
0
3
3
5
10
10
14
20
18
14
14
17
15
12
14
11
14
14
15
16
12
10
11
14
13
12
13
15
14
11
9
11
15
13
9
11
12
15
12
11
9
6
3
1
3
-3
-1
-1
-3
-2
-4
-6
-9
-9
-7
-4
-3
-6
-6
-7
-9
-7
-6
-4
-5
-13
-14
-11
-10
-9
-9
-6
-4
-3
-7
-3
-6
-9
-6
-10
-10
-7
-10
-11
-10
-10
-9
-11
-9
-7
-14
-11
-12
-15
-18
-18
-12
-15
-16
-19
-16
-17
-14
-15
-20
-22
-16
-13
-18
-16
-18
-16
-17
-19
-15
-14
-15
-19
-17
-14
-14
-11
-15
-15
-15
-12
-12
-12
-9
-7
-3
-5
-4
-5
-8
-7
-7
-6
-8
-5
-6
-10
-10
-9
-5
-4
-4
-7
-3
-6
-11
-8
-7
-11
-7
-2
-5
-6
-4
-6
-6
-7
-3
-3
-3
-2
-8
-5
-7
-9
-5
-7
-8
-6
-11
-16
-11
-8
-10
-5
-5
-7
-9
-7
-4
-4
-5
-7
-6
-6
-5
-7
-7
-4
-2
-2
-3
-2
-2
3
-1
-2
-1
-2
-4
-1
-3
-4
-2
-6
-1
-2
-1
-3
-11
-8
-6
-8
-8
-4
-5
-7
-2
-3
-6
-12
-11
-9
-9
-8
-10
-13
-15
-12
-11
-11
-10
-15
-14
-17
-19
-18
-20
-18
-18
-18
-15
-10
-13
-13
-14
-13
-13
-13
-14
-9
-9
-10
-13
-11
-11
-16
-13
-16
-15
-18
-14
-16
-18
-13
-19
-16
-15
-18
-16
-17
-21
-15
-15
-18
-17
-20
-19
-21
-22
-21
-17
-19
-20
-16
-17
-16
-16
-14
-15
-12
-13
-19
-14
-16
-15
-16
-19
-23
-22
-19
-15
-14
-9
-7
-10
-7
-7
-8
-11
-5
-11
-7
-7
-8
-6
-4
-4
-5
-2
-9
-5
-4
-4
-4
-4
-6
-6
-8
-8
-6
-7
-4
-10
-7
-6
-10
-11
-9
-8
-8
-10
-12
-9
-8
-6
-2
-3
-3
-7
-7
1
1
2
3
2
4
3
4
2
1
0
-1
2
-1
0
-2
-4
-3
2
0
2
1
-1
1
-7
-2
2
-1
-8
-3
-2
-6
0
-4
-4
-6
-6
-6
-8
-4
-7
-10
-10
-14
-13
-13
-10
-10
-15
-16
-13
-9
-8
-10
-15
-14
-12
-11
-11
-10
-13
-11
-11
-7
-8
-9
-7
-6
-9
-13
-9
-6
-9
-10
-10
-10
-6
-10
-12
-16
-19
-26
-20
-22
-27
-27
-25
-28
-31
-30
-30
-26
-29
-29
-27
-24
-29
-24
-25
-27
-28
-32
-28
-30
-26
-25
-26
-26
-29
-30
-25
-25
-23
-25
-27
-25
-25
-25
-25
-20
-19
-19
-16
-14
-9
-15
-16
-9
-12
-8
-5
-4
-2
-2
3
-1
1
-2
0
0
0
5
0
3
2
-2
0
1
-2
-3
-11
-9
-7
-4
-2
-2
0
-1
-2
0
0
2
-2
1
3
3
5
1
5
5
10
10
8
7
12
7
6
5
7
12
8
8
8
9
8
9
14
13
10
11
10
11
8
11
12
17
12
14
11
9
13
13
13
11
10
11
10
9
9
4
8
5
2
7
2
-2
2
0
-4
0
-2
3
2
3
3
3
9
7
8
9
8
9
6
7
6
3
2
3
5
3
5
4
5
3
1
5
0
0
-1
-3
-5
-7
-5
-9
-9
-7
-14
-11
-11
-16
-18
-19
-15
-17
-20
-20
-22
-28
-27
-28
-26
-20
-27
-28
-28
-22
-21
-23
-22
-26
-23
-24
-27
-24
-23
-21
-20
-22
-19
-18
-17
-13
-10
-11
-15
-15
-11
-12
-7
-1
-6
-5
-7
-8
-10
-9
-5
-4
-8
-6
-6
-7
-8
-3
-11
-13
-7
-12
-13
-11
-13
-15
-11
-11
-15
-12
-8
-10
-7
-9
-9
-7
-7
-8
-10
-8
-2
-3
-7
-4
0
-3
-2
2
1
0
3
1
0
0
1
3
10
6
10
10
6
7
10
11
10
13
12
9
12
10
7
10
6
11
13
11
10
11
11
11
8
8
8
3
7
6
4
5
1
1
0
2
2
5
5
3
6
10
5
5
4
3
4
-1
-3
-4
-5
-3
-3
-2
-4
-2
-1
1
1
3
5
5
5
4
8
11
10
8
9
10
6
2
2
2
2
1
-2
-4
-5
-5
-10
-9
-11
-12
-15
-14
-16
-16
-16
-16
-12
-10
-13
-15
-16
-16
-10
-15
-15
-16
-14
-13
-11
-13
-14
-12
-12
-14
-12
-16
-16
-12
-15
-12
-12
-16
-13
-10
-8
-7
-9
-7
-5
-4
-4
-4
-7
-3
0
1
2
-2
-1
2
2
3
0
1
-2
-4
-2
-3
-4
-1
-1
-3
2
2
0
3
2
1
3
2
3
7
10
6
6
6
6
5
3
-1
0
1
-1
1
0
3
-1
1
2
-2
1
3
0
2
4
5
10
6
9
9
9
10
11
10
6
11
8
5
5
10
12
10
6
5
7
11
11
10
12
6
7
12
11
11
12
7
10
8
7
3
-1
2
3
2
2
4
5
4
4
9
6
10
2
3
2
2
2
-1
1
-3
-1
1
-1
-5
-6
-8
-8
-9
-11
-10
-11
-16
-14
-11
-12
-13
-11
-16
-9
-8
-10
-11
-9
-12
-12
-10
-13
-11
-9
-8
-10
-6
-6
-4
-5
-7
-8
-8
-8
-6
-9
-8
-4
-4
-6
-5
-4
-5
-5
-2
-1
-1
-3
-2
-5
0
0
2
2
0
2
1
1
2
-2
-5
-5
-8
-5
-6
-3
1
-2
-6
-4
-1
-2
-3
-1
1
0
3
4
3
1
8
1
-2
5
5
4
2
5
6
3
4
9
8
8
5
8
6
6
5
10
11
8
10
8
11
9
6
7
6
7
9
12
11
15
14
11
14
14
15
10
11
14
11
11
13
17
18
16
17
14
15
14
11
12
14
13
13
15
14
13
12
10
8
10
7
6
1
5
4
0
-1
3
1
1
4
1
2
0
1
2
6
3
5
-1
-3
-3
-4
-6
-1
3
0
2
0
-2
-3
-2
-5
-3
-6
-5
-5
-6
-7
-10
-9
-10
-7
-8
-12
-9
-9
-11
-13
-11
-12
-14
-14
-13
-17
-15
-14
-17
-11
-14
-14
-10
-14
-13
-11
-11
-12
-8
-11
-11
-11
-10
-12
-15
-14
-14
-16
-17
-19
-16
-11
-14
-14
-10
-7
-8
-11
-7
-14
-14
-8
-6
-10
-11
-11
-8
-13
-17
-13
-12
-13
-11
-8
-10
-10
-10
-6
-8
-11
-7
-9
-8
-11
-10
-7
-6
-3
-4
-5
0
1
-6
-7
-3
-5
-5
-5
-6
-5
-4
-1
-2
0
0
0
-4
2
-1
-5
0
1
0
-6
1
-2
0
2
4
12
11
12
12
9
7
16
13
11
12
10
7
10
14
10
13
13
12
12
10
10
10
14
11
9
6
3
6
8
6
10
8
9
4
4
8
4
5
2
3
5
2
4
6
0
1
1
-5
1
-1
-1
-4
-2
3
3
2
-4
-2
2
-2
3
0
1
3
-4
-1
-1
-5
0
5
-1
-4
-2
-3
-6
-5
-5
-9
-8
-6
-8
-8
-6
-6
-9
-6
-6
-5
-1
1
-2
-1
0
-1
1
4
0
-2
-2
-1
0
-5
-2
-6
-9
-9
-9
-8
-11
-10
-11
-8
-13
-12
-11
-13
-15
-12
-12
-7
-9
-14
-8
-11
-9
-9
-7
-7
-5
-4
-5
-2
-1
-3
-3
-1
-1
-1
-1
-3
-1
-1
-1
3
-2
-2
1
2
2
1
1
1
4
3
5
5
0
3
4
3
8
7
7
8
3
9
10
13
19
18
17
14
13
17
20
18
18
15
15
17
11
12
13
15
15
16
16
17
21
20
16
20
18
11
14
17
15
17
19
23
24
23
26
27
26
24
21
25
24
19
23
21
18
19
20
25
22
20
24
17
17
15
14
15
18
21
21
21
26
24
19
19
12
11
9
11
7
7
8
5
4
6
6
4
9
10
7
5
3
3
8
8
8
9
13
12
13
14
17
17
17
19
16
14
14
12
11
13
16
14
11
10
11
11
11
9
6
10
12
9
14
12
11
13
13
14
11
6
8
4
4
6
2
2
-1
0
-2
-1
-3
-7
-8
-7
-3
-3
-7
-6
-1
-1
-3
0
-3
-5
-3
-4
3
3
6
12
14
17
14
17
21
23
28
27
29
26
26
26
26
27
26
31
29
31
30
25
28
27
27
29
28
24
21
20
22
22
19
19
21
18
14
23
12
19
12
50
112
96
30
35
96
130
133
118
67
22
69
104
101
57
10
-30
-23
25
33
-24
-49
-48
-46
-11
7
-4
-36
-22
9
32
36
14
3
28
58
48
41
33
25
24
61
66
16
-9
1
18
28
21
-10
-29
-24
-13
-11
-3
-9
-45
-52
-20
3
-8
-18
-20
-26
-5
5
-9
-13
-1
-10
-10
0
-3
-17
-14
0
-6
-25
-32
-41
-33
-12
-13
-32
-48
-45
-45
-37
-31
-31
-31
-20
-16
-18
-2
26
40
46
43
36
50
78
97
94
82
62
57
73
89
88
61
42
31
22
30
34
18
-1
-8
-4
2
6
8
3
6
18
21
24
24
30
46
63
59
51
57
69
83
85
83
75
65
67
82
83
74
54
40
42
49
45
30
18
4
0
5
9
-7
-16
-19
-24
-18
-12
-17
-12
-4
7
4
12
18
14
23
31
34
18
5
4
10
10
2
-18
-22
-28
-34
-35
-42
-50
-71
-74
-74
-78
-74
-91
-129
-138
-138
-156
-180
-165
-27
106
42
-165
-122
174
318
213
183
215
146
135
363
496
290
76
96
189
208
206
157
30
-88
-65
31
50
-49
-131
-128
-92
-65
-37
-73
-130
-80
23
15
-48
-7
29
11
77
192
134
-10
25
178
193
123
124
123
49
-8
91
179
86
-78
-88
-5
-9
-61
-53
-49
-138
-162
-67
-8
-59
-108
-74
-34
-6
25
37
27
45
101
128
119
110
114
128
139
151
147
99
53
75
128
108
24
3
13
-14
-17
23
3
-95
-124
-56
-21
-51
-69
-73
-86
-84
-39
-11
-37
-83
-75
-43
-38
-67
-81
-76
-88
-103
-114
-124
-140
-158
-157
-139
-143
-172
-218
-234
-215
-190
-159
-58
56
2
-154
-89
195
343
238
159
201
199
222
385
499
348
134
127
243
278
239
185
92
-17
-19
69
87
1
-85
-92
-59
-46
-41
-63
-99
-71
7
15
-35
-32
7
32
81
147
109
10
23
141
190
151
119
114
65
27
89
175
122
-31
-74
-7
8
-8
18
19
-68
-122
-47
35
39
8
-18
-30
-1
45
71
75
68
48
46
87
110
97
91
84
70
76
92
70
52
75
78
36
10
20
6
-6
6
10
-42
-73
-71
-53
-36
-59
-101
-123
-109
-107
-89
-88
-129
-176
-164
-147
-161
-169
-171
-189
-207
-195
-187
-207
-229
-242
-233
-208
-144
-7
74
-45
-168
9
296
307
173
192
253
212
261
449
458
228
102
193
285
262
191
126
43
-39
-25
44
33
-101
-178
-133
-91
-106
-121
-140
-158
-108
-34
-51
-98
-66
-16
6
71
127
64
-25
47
202
218
136
109
146
110
72
162
243
129
-49
-26
114
111
29
26
20
-63
-74
35
80
3
-66
-41
2
8
17
39
22
12
37
76
72
53
78
110
96
90
116
104
71
107
172
135
48
43
83
63
51
59
18
-60
-78
-37
-19
-64
-105
-116
-126
-136
-128
-122
-157
-192
-188
-162
-184
-229
-231
-197
-182
-214
-253
-276
-270
-243
-215
-151
-27
83
-14
-160
-25
313
425
274
205
259
283
325
493
571
375
141
149
314
367
273
150
53
-35
-50
29
46
-81
-212
-214
-160
-139
-153
-195
-227
-189
-111
-96
-134
-129
-83
-40
27
82
61
-14
1
128
233
202
124
116
129
118
152
244
196
6
-41
98
147
38
-11
17
-19
-76
-51
11
-14
-90
-104
-60
-51
-96
-94
-36
-17
-48
-43
-2
11
30
76
83
58
59
91
109
119
147
123
57
56
101
97
38
15
11
-32
-79
-66
-43
-87
-162
-169
-134
-169
-220
-217
-186
-230
-269
-234
-212
-265
-282
-206
-173
-252
-302
-255
-212
-228
-224
-21
201
115
-187
-148
285
535
383
251
291
268
262
495
704
535
183
88
258
406
368
223
84
-44
-94
-5
94
6
-188
-262
-202
-141
-113
-150
-236
-236
-121
-74
-125
-126
-65
-44
-4
112
139
24
-20
125
273
252
173
163
167
114
131
269
301
82
-70
76
202
91
-4
53
25
-99
-92
9
-1
-101
-134
-106
-93
-114
-129
-96
-58
-65
-80
-48
-20
-10
49
108
66
30
82
130
133
157
169
91
40
94
137
89
23
-10
-50
-86
-95
-81
-101
-175
-241
-235
-215
-247
-275
-267
-286
-339
-315
-259
-290
-331
-283
-262
-327
-354
-291
-252
-268
-161
75
161
-77
-219
88
495
485
283
288
335
277
375
665
683
316
65
180
368
368
261
147
-6
-141
-103
56
61
-153
-316
-254
-163
-145
-163
-184
-231
-205
-103
-68
-101
-87
-36
11
91
153
105
33
112
267
293
226
203
217
177
142
247
337
180
-45
5
206
182
4
-19
24
-57
-115
-19
41
-89
-194
-138
-71
-76
-100
-98
-104
-107
-61
-9
-12
-27
9
68
83
74
112
139
124
157
217
189
88
81
151
148
95
57
6
-62
-81
-40
-41
-117
-195
-215
-220
-218
-211
-221
-271
-324
-314
-273
-274
-300
-269
-235
-282
-344
-316
-267
-283
-314
-238
-21
141
14
-230
-119
323
549
371
209
237
283
351
561
687
473
137
61
261
440
363
121
-45
-89
-102
-49
21
-57
-272
-367
-266
-149
-149
-234
-293
-247
-150
-124
-139
-118
-84
-61
27
123
92
3
36
178
257
231
181
157
153
153
196
267
240
47
-52
84
191
85
-34
-13
-23
-102
-88
-13
-49
-150
-170
-127
-110
-122
-139
-134
-103
-93
-98
-61
-19
0
30
61
66
67
114
155
167
187
183
126
105
160
176
107
68
56
7
-39
-32
-15
-63
-136
-186
-180
-168
-204
-240
-234
-247
-297
-295
-242
-247
-297
-273
-231
-261
-311
-300
-285
-303
-287
-89
160
152
-167
-275
149
603
555
277
208
287
357
521
739
680
316
44
167
485
545
275
15
-47
-42
-27
50
57
-137
-356
-321
-127
-44
-169
-303
-271
-133
-78
-118
-116
-70
-60
-9
126
172
64
3
112
266
304
239
158
151
168
181
255
301
168
-46
-35
162
212
48
-41
-29
-72
-84
-3
24
-101
-201
-157
-87
-78
-118
-160
-145
-112
-83
-63
-55
-49
-47
13
64
45
44
88
112
135
165
146
97
92
140
145
106
71
17
-18
-13
-8
-28
-75
-141
-189
-182
-155
-192
-246
-274
-313
-332
-296
-273
-318
-356
-329
-322
-332
-316
-295
-350
-404
-382
-246
32
210
1
-338
-193
373
666
450
197
189
302
443
641
745
558
162
12
300
620
504
131
-54
-26
-9
17
84
14
-237
-387
-248
-41
-74
-277
-342
-189
-77
-131
-158
-97
-81
-71
62
192
125
-17
11
208
365
331
199
148
178
186
238
357
342
75
-107
45
268
220
31
-45
-67
-108
-80
45
57
-111
-241
-182
-64
-49
-101
-121
-110
-101
-78
-34
0
18
30
40
54
96
124
115
132
190
204
143
83
115
167
149
97
58
17
-37
-54
-9
-3
-98
-195
-206
-175
-189
-223
-236
-267
-320
-314
-261
-254
-304
-311
-276
-286
-332
-319
-286
-320
-363
-315
-99
141
100
-241
-324
124
594
527
197
107
252
394
527
684
631
295
18
170
564
637
279
-34
-30
58
69
89
88
-92
-319
-295
-72
13
-168
-344
-285
-122
-90
-158
-154
-109
-112
-62
72
104
-12
-69
58
245
287
180
95
130
184
206
261
320
183
-52
-48
204
299
108
-62
-60
-35
-29
36
72
-52
-206
-199
-62
-5
-73
-146
-140
-88
-60
-61
-35
6
21
16
34
87
112
108
125
184
220
163
101
132
194
187
128
84
45
15
6
28
17
-60
-159
-197
-156
-122
-183
-266
-287
-296
-307
-290
-283
-334
-367
-334
-315
-359
-390
-395
-408
-417
-281
21
163
-116
-456
-201
458
706
362
60
140
354
526
708
768
514
127
56
434
777
595
126
-73
37
142
165
171
54
-220
-356
-196
30
-1
-241
-378
-270
-128
-139
-187
-170
-159
-158
-67
29
-9
-82
-33
98
178
173
115
70
111
183
235
266
219
61
-25
99
264
227
55
-41
-45
-26
45
108
33
-150
-241
-135
-3
-12
-131
-205
-175
-126
-97
-74
-57
-64
-75
-54
5
59
73
64
95
153
152
96
103
169
194
154
99
65
44
42
60
57
5
-80
-162
-177
-125
-108
-192
-277
-305
-321
-317
-294
-289
-329
-360
-370
-389
-393
-374
-393
-440
-442
-355
-96
113
-65
-418
-284
340
662
385
76
115
353
549
688
729
550
230
119
419
785
683
218
-33
78
223
240
198
85
-143
-282
-192
10
43
-181
-390
-318
-135
-114
-196
-197
-164
-177
-139
-36
-4
-59
-73
12
132
175
103
41
105
181
196
223
233
128
9
82
246
246
111
24
7
7
50
124
99
-62
-197
-143
5
21
-103
-179
-156
-145
-129
-69
-29
-66
-124
-103
-22
50
69
46
55
100
124
108
128
170
165
133
110
91
88
82
57
33
11
-48
-134
-147
-99
-130
-231
-282
-275
-296
-327
-324
-324
-377
-416
-387
-365
-396
-433
-415
-424
-482
-480
-287
6
57
-264
-477
-121
457
574
229
6
147
392
575
681
662
438
161
175
536
804
559
95
-43
139
259
223
157
41
-182
-295
-136
71
1
-276
-390
-240
-115
-166
-218
-187
-189
-209
-123
-18
-54
-133
-94
47
132
93
27
48
117
142
168
245
220
40
-28
149
292
168
-9
35
123
46
-29
54
103
-13
-116
-71
-32
-57
-64
-45
-61
-108
-132
-100
-27
20
-41
-95
-56
12
49
79
107
98
67
68
136
206
208
129
62
88
138
127
96
67
9
-53
-62
-49
-82
-148
-217
-255
-260
-271
-282
-310
-359
-398
-379
-341
-349
-381
-363
-362
-427
-469
-412
-352
-285
-94
28
-155
-387
-174
353
559
284
15
118
397
549
595
617
507
265
179
459
764
613
209
33
140
243
250
237
134
-119
-283
-147
74
31
-212
-340
-263
-202
-199
-169
-162
-236
-261
-150
-71
-120
-158
-81
7
12
-7
24
54
53
65
141
211
128
-16
4
180
248
93
-42
20
124
67
-19
27
62
-36
-105
-44
14
-24
-74
-91
-74
-44
-39
-58
-74
-41
-9
-14
-18
3
46
72
65
69
112
134
101
107
164
169
116
97
121
117
75
31
13
7
-18
-65
-118
-133
-156
-198
-217
-234
-271
-313
-332
-332
-307
-293
-328
-376
-345
-302
-326
-366
-361
-390
-438
-391
-165
73
14
-327
-424
41
553
483
89
-12
223
444
558
652
612
351
132
278
690
822
454
56
50
250
337
318
246
35
-202
-193
28
156
5
-230
-327
-248
-138
-105
-134
-200
-258
-252
-171
-121
-129
-116
-84
-78
-82
-32
16
23
20
39
86
105
48
-4
66
189
163
3
-66
5
56
80
127
76
-85
-149
-4
150
134
-18
-147
-117
28
118
78
-21
-110
-94
26
122
78
-30
-41
25
93
149
133
49
17
77
164
186
120
14
-34
34
104
76
-2
-93
-158
-142
-73
-81
-191
-264
-270
-283
-275
-256
-284
-320
-332
-340
-353
-316
-270
-300
-364
-373
-364
-384
-390
-380
-248
-11
13
-309
-489
-79
457
465
94
-77
121
396
549
609
581
399
166
244
663
877
542
98
69
315
442
394
288
115
-88
-128
68
248
116
-213
-332
-184
-53
-86
-152
-202
-278
-280
-182
-123
-159
-206
-208
-162
-93
-62
-97
-97
-36
2
16
35
26
-6
30
123
130
39
-10
54
168
180
85
29
46
84
140
174
102
-17
5
114
146
97
40
-16
-38
30
108
80
5
-40
-47
15
106
107
33
-7
7
31
90
136
72
-27
-38
11
40
30
-17
-89
-129
-111
-107
-118
-137
-194
-229
-222
-225
-233
-235
-256
-289
-286
-265
-268
-265
-250
-280
-316
-298
-301
-377
-412
-353
-246
-67
5
-248
-478
-189
360
472
120
-121
46
370
549
559
508
419
258
234
538
826
636
192
81
306
453
413
302
162
1
-64
55
204
128
-146
-301
-194
-74
-104
-175
-218
-276
-311
-229
-169
-222
-258
-231
-205
-193
-163
-120
-94
-101
-115
-80
16
48
-24
-29
83
137
52
-4
101
202
178
119
110
134
129
169
259
261
109
7
120
280
265
110
27
53
103
124
134
104
19
-52
-20
86
134
53
-62
-82
-13
68
89
37
-31
-74
-66
-8
55
33
-75
-142
-102
-36
-45
-89
-113
-133
-180
-184
-153
-146
-184
-219
-227
-249
-251
-207
-185
-245
-287
-262
-232
-281
-359
-380
-346
-322
-284
-133
-52
-231
-411
-166
326
422
60
-151
92
448
565
500
457
399
307
344
605
789
573
205
145
372
510
433
287
162
40
4
102
195
119
-111
-257
-198
-98
-96
-175
-268
-320
-306
-261
-258
-273
-240
-236
-286
-292
-214
-138
-127
-153
-153
-107
-29
4
-29
-5
96
119
36
14
133
232
182
126
186
234
174
148
250
328
247
105
87
193
278
243
114
29
35
76
95
96
49
-56
-109
-49
43
56
-38
-131
-119
-25
37
5
-59
-74
-57
-32
-3
16
-21
-77
-85
-27
28
-4
-90
-127
-98
-73
-70
-106
-170
-195
-190
-176
-173
-176
-216
-287
-284
-203
-181
-268
-361
-366
-348
-349
-334
-246
-88
-80
-316
-422
-55
401
371
-28
-154
153
497
586
488
410
377
349
401
608
746
548
211
175
417
535
412
237
134
86
64
86
128
75
-96
-228
-199
-116
-152
-236
-276
-279
-284
-307
-332
-325
-248
-210
-281
-341
-282
-165
-106
-125
-157
-141
-61
15
19
19
71
107
60
54
160
254
203
121
181
272
238
178
235
298
236
131
133
227
265
194
79
32
84
121
78
24
-17
-71
-71
-9
29
-16
-87
-120
-99
-16
42
11
-58
-86
-53
-5
29
32
-16
-61
-56
-20
6
-9
-60
-86
-77
-92
-122
-128
-116
-128
-166
-224
-252
-195
-137
-182
-283
-312
-260
-225
-233
-249
-274
-334
-379
-354
-277
-157
-49
-81
-272
-345
-46
374
396
35
-144
147
526
575
396
319
357
368
385
510
602
448
215
200
354
398
287
200
158
76
28
64
97
7
-107
-111
-106
-177
-210
-142
-116
-235
-326
-264
-191
-224
-253
-182
-153
-254
-299
-154
0
-46
-192
-175
-12
62
-18
-31
82
126
19
-31
110
241
164
13
69
236
232
104
109
220
220
133
121
167
188
182
149
87
73
119
122
67
29
16
-4
5
25
10
-29
-45
-48
-34
0
6
-49
-100
-74
-21
4
-24
-74
-88
-67
-49
-47
-26
-35
-113
-159
-95
-29
-58
-120
-140
-137
-152
-152
-108
-86
-147
-225
-216
-135
-96
-131
-177
-192
-169
-173
-192
-179
-162
-173
-215
-180
-29
46
-90
-227
-84
212
269
53
-81
95
352
361
178
116
253
368
315
224
235
274
262
234
224
182
134
158
196
142
55
52
109
82
3
-12
26
8
-56
-58
-33
-47
-101
-125
-95
-79
-103
-135
-134
-126
-101
-86
-109
-145
-136
-67
-38
-73
-98
-61
-10
-9
-21
-11
9
11
7
25
56
75
75
79
94
107
116
157
189
158
104
138
222
221
143
117
160
163
113
85
96
73
15
-12
9
35
17
-29
-49
-25
3
-2
-17
-23
-19
-18
-21
-27
-18
-2
-30
-64
-62
-32
-33
-60
-65
-56
-81
-102
-72
-43
-59
-96
-90
-69
-61
-67
-54
-46
-63
-76
-70
-44
-38
-62
-80
-59
-41
-57
-90
-101
-89
-94
-115
-142
-151
-142
-101
-69
-88
-142
-156
-91
-7
16
-23
-51
-29
48
110
119
76
60
104
147
143
111
96
113
134
123
79
48
73
114
112
59
30
58
88
87
58
49
64
69
53
47
63
82
78
59
52
76
74
54
62
80
78
49
34
55
74
71
53
38
34
46
61
45
19
6
26
37
13
-4
2
16
3
-10
-2
8
-8
-19
0
23
18
-2
-1
5
6
24
47
36
7
7
36
62
61
46
43
48
50
53
70
96
78
22
16
75
103
63
22
33
44
25
19
49
60
12
-32
-22
18
20
-14
-17
-11
-33
-50
-41
-18
-14
-46
-80
-84
-55
-35
-57
-83
-77
-63
-69
-81
-72
-60
-64
-86
-95
-79
-77
-98
-109
-100
-108
-141
-152
-126
-111
-133
-139
-113
-103
-122
-128
-80
-36
-52
-87
-71
-13
7
-19
-19
15
34
23
24
63
88
72
52
89
144
153
101
84
137
188
173
133
135
169
173
147
133
155
171
130
97
107
127
113
75
59
55
47
40
32
18
8
-13
-32
-37
-28
-24
-57
-94
-102
-79
-59
-74
-102
-100
-85
-74
-73
-63
-48
-55
-63
-47
-15
0
-3
-12
-8
6
18
32
42
44
27
23
39
60
68
64
60
54
58
75
92
95
74
44
44
74
96
74
44
41
57
58
47
41
33
32
33
25
21
11
6
6
3
-4
-22
-28
-24
-11
-17
-40
-62
-58
-39
-39
-57
-71
-71
-71
-78
-87
-86
-84
-98
-117
-118
-102
-88
-96
-115
-121
-109
-92
-103
-116
-116
-106
-97
-89
-85
-76
-62
-52
-42
-33
-3
30
43
31
25
58
103
118
89
80
94
108
113
119
125
108
84
80
113
127
97
65
78
93
83
59
55
64
49
33
27
31
23
10
10
8
10
6
0
-2
-5
0
8
-3
-24
-22
-3
0
-22
-38
-35
-21
-19
-23
-26
-32
-42
-39
-12
5
-2
-23
-22
3
19
24
27
32
34
36
31
47
72
84
72
47
50
73
93
96
86
72
67
79
91
98
89
80
75
76
74
81
75
60
53
51
53
35
22
20
19
1
-22
-22
-16
-29
-50
-61
-44
-35
-65
-85
-65
-44
-55
-73
-70
-50
-40
-49
-42
-30
-32
-39
-33
-3
8
-9
-29
-21
16
26
12
2
12
12
10
19
34
29
4
-2
18
30
9
-8
-3
9
7
-3
-10
-5
8
-2
-11
-12
2
7
-4
-19
-15
6
12
7
-11
-4
21
27
20
15
12
19
25
39
38
18
5
11
33
39
23
10
6
11
17
24
30
18
9
16
31
43
41
27
21
34
49
55
51
46
47
54
51
44
57
74
68
39
31
50
60
50
43
48
41
20
26
61
72
31
-1
8
27
31
16
0
-6
-6
-15
-17
-12
-5
-13
-31
-38
-28
-13
-18
-31
-31
-27
-28
-30
-19
-3
-5
-18
-23
0
19
16
12
19
33
29
25
44
66
56
30
31
62
63
37
35
48
50
22
17
26
23
9
1
0
-6
-15
-24
-18
-10
-18
-30
-37
-25
-4
5
-21
-41
-31
1
5
-11
-18
-12
-4
-6
2
10
18
5
-6
10
30
28
12
12
22
16
6
21
33
21
-2
-3
17
25
16
8
8
15
19
17
23
25
28
30
25
21
17
20
37
42
29
16
16
32
36
33
32
19
8
9
25
34
16
-11
-10
7
11
-3
-9
-9
-16
-22
-11
2
0
-20
-25
-12
0
-4
-8
0
-4
-18
-21
-8
-4
-13
-23
-17
-20
-24
-15
-2
1
-9
-11
-1
14
14
12
10
22
32
32
26
35
47
43
31
29
42
44
35
25
26
27
18
15
12
15
11
3
-5
0
2
7
-4
-19
-18
-10
0
-7
-18
-22
-15
-14
-11
-7
-10
-16
-20
-11
-1
2
-7
-11
-9
6
9
3
-1
-2
8
12
1
-2
2
8
5
1
6
10
10
-4
-2
7
14
11
11
13
6
10
23
25
18
13
12
19
25
31
19
10
5
9
13
11
12
3
-5
-5
-8
-3
-6
-20
-24
-16
-14
-20
-21
-19
-11
-17
-25
-15
-8
-7
-4
-6
-4
-2
-6
2
9
1
-16
-11
17
19
-2
-8
4
14
15
6
1
-1
-2
-1
3
10
-7
-18
-13
5
9
-13
-18
-15
-5
-1
0
-4
-12
-15
-11
-4
12
6
-7
-11
-3
13
16
11
1
3
6
9
9
6
7
2
1
1
5
10
10
12
10
-3
-6
0
15
5
-13
-22
-10
-2
-11
-13
-19
-21
-18
-18
-17
-5
-12
-20
-27
-25
-21
-14
-10
-17
-25
-26
-9
2
2
-2
-5
-1
11
24
29
20
11
15
26
31
21
12
18
10
1
4
13
6
-7
-15
-10
-9
-10
-14
-13
-12
-18
-16
-7
3
-5
-15
-19
0
11
3
1
-3
-1
0
3
1
8
9
2
-6
-1
13
15
-4
-11
-5
1
2
8
5
-6
-15
-11
2
-6
-15
-23
-17
-8
-11
-17
-23
-26
-15
-17
-34
-33
-27
-15
-18
-32
-32
-14
-6
-17
-21
-13
-7
-8
-3
0
4
-5
-12
5
17
17
4
-6
6
16
9
0
1
7
-6
-7
-1
-1
-9
-20
-16
-9
-8
-19
-22
-14
-5
-12
-25
-24
-8
-7
-12
-13
-9
5
0
-9
-3
11
5
-10
-11
4
8
-4
-8
0
9
4
-10
-7
13
12
-2
-12
-5
-1
-11
-15
-13
-14
-21
-20
-12
-8
-22
-27
-20
-6
-8
-13
-14
-7
2
2
2
5
8
5
10
17
23
17
12
12
24
27
20
15
19
21
13
6
8
14
17
8
-2
1
2
5
3
1
5
7
6
2
3
6
2
2
-1
0
4
0
7
3
-1
2
7
15
10
4
5
9
14
12
14
12
4
0
-3
13
16
11
8
-3
-2
-3
6
8
-1
-21
-26
-14
-3
0
-20
-21
-24
-18
-10
-9
-7
-17
-18
-13
-5
-2
-7
-7
-4
-7
-3
4
13
11
-4
-6
-1
7
12
11
3
-1
-4
-4
3
-1
0
-11
-21
-14
-9
-12
-22
-24
-21
-23
-25
-22
-23
-22
-30
-41
-30
-24
-18
-19
-27
-20
-19
-10
1
4
5
-3
1
13
20
21
13
17
16
6
12
23
16
-2
-12
-2
12
6
-6
-22
-17
-6
-6
-14
-17
-14
-18
-31
-25
-11
-7
-16
-28
-25
-14
-5
-6
-8
-12
-17
-9
-2
2
0
-2
4
7
16
11
13
11
18
30
25
10
0
17
24
24
16
11
12
12
15
18
16
5
2
9
11
11
4
-1
0
5
7
3
-2
-6
-8
2
4
-4
-15
-10
1
7
7
4
3
2
7
12
19
10
-1
7
17
14
10
7
-3
-9
-5
1
-2
-8
-16
-15
-14
-14
-10
-17
-27
-29
-26
-25
-21
-17
-20
-22
-21
-12
-7
-1
-3
-7
-4
1
5
4
5
6
8
8
3
4
3
8
7
1
-5
-11
-11
-10
-6
-11
-17
-17
-19
-22
-22
-25
-28
-25
-29
-35
-34
-35
-35
-40
-40
-37
-38
-41
-42
-33
-34
-32
-28
-27
-25
-25
-25
-19
-12
-11
-11
-7
-4
-6
-6
-1
6
0
-8
-7
6
7
-2
-7
0
0
-5
-1
8
6
-4
-6
-4
9
12
3
-7
-5
8
10
3
3
4
6
7
8
9
4
-3
0
11
10
-1
-9
7
9
0
-8
-8
5
4
-3
-3
-1
-6
-8
-7
-2
0
-6
-16
-12
-1
-7
-15
-13
-4
-7
-12
-13
-13
-8
-8
-11
-9
-8
-7
-10
-1
1
1
-11
-7
3
2
-1
-7
-4
2
0
-7
-6
-7
-6
-7
-11
-15
-12
-16
-26
-24
-21
-19
-24
-30
-29
-15
-25
-24
-23
-21
-24
-30
-32
-34
-32
-32
-34
-37
-33
-35
-34
-35
-38
-34
-35
-38
-33
-27
-29
-31
-38
-37
-32
-31
-34
-41
-43
-43
-44
-48
-42
-40
-39
-44
-43
-40
-37
-31
-39
-35
-34
-28
-28
-36
-32
-29
-27
-31
-28
-27
-14
-18
-22
-25
-22
-18
-20
-12
-11
-13
-18
-19
-12
-1
-8
-11
-8
-4
-2
-2
1
-5
-11
-13
-13
-5
-3
-7
-10
-13
-17
-17
-20
-19
-20
-30
-27
-27
-27
-30
-24
-24
-28
-32
-25
-24
-26
-27
-25
-18
-17
-19
-19
-9
-12
-12
-13
-8
-3
-7
-15
-14
-12
-11
-10
-18
-16
-21
-21
-15
-11
-14
-17
-15
-16
-14
-12
-13
-14
-17
-20
-13
-5
-8
-7
-14
-17
-15
-14
-6
-8
-13
-17
-10
-8
-11
-9
-9
-7
-15
-20
-19
-14
-14
-16
-23
-24
-18
-24
-23
-17
-22
-32
-37
-37
-28
-24
-34
-41
-41
-36
-37
-37
-34
-33
-37
-43
-37
-21
-20
-31
-38
-34
-26
-30
-34
-28
-26
-29
-32
-29
-18
-24
-30
-28
-19
-16
-22
-22
-15
-10
-13
-23
-20
-10
-11
-14
-21
-17
-12
-15
-19
-17
-20
-21
-19
-22
-25
-26
-23
-26
-26
-21
-29
-29
-26
-25
-24
-29
-31
-31
-25
-30
-30
-27
-29
-32
-33
-25
-26
-35
-38
-34
-23
-28
-32
-32
-27
-22
-24
-24
-26
-27
-25
-18
-15
-11
-13
-16
-10
-1
3
5
5
6
6
9
10
13
10
7
9
14
13
12
12
12
9
10
8
4
-2
-3
-7
-6
-9
-13
-15
-15
-16
-22
-21
-20
-16
-17
-19
-25
-26
-18
-14
-13
-15
-18
-11
-6
-5
-6
-7
-4
-5
-2
-2
-3
0
-3
-4
-1
2
7
-2
-3
0
2
2
-1
0
1
5
-4
-9
1
-1
-3
-5
-6
-4
-7
-12
-16
-14
-11
-19
-18
-18
-18
-15
-24
-22
-21
-25
-30
-28
-26
-25
-29
-33
-32
-27
-26
-29
-30
-32
-29
-33
-33
-33
-35
-40
-46
-49
-52
-52
-52
-60
-71
-66
-62
-62
-64
-61
-59
-60
-63
-61
-49
-49
-54
-56
-48
-39
-35
-42
-39
-40
-34
-29
-25
-22
-23
-27
-19
-10
-11
-9
-16
-4
-2
0
0
-1
-6
-7
-8
-18
-18
-25
-27
-36
-41
-42
-46
-55
-54
-52
-51
-51
-53
-47
-41
-40
-45
-47
-39
-32
-35
-31
-26
-23
-24
-29
-26
-17
-13
-16
-12
-8
-5
-5
-10
1
3
5
5
7
14
9
5
7
13
12
8
4
0
1
3
0
1
-2
-2
-2
4
2
-1
-3
-9
-3
-2
-2
0
-2
2
4
2
5
5
5
-2
-4
1
1
-3
-7
-10
-12
-11
-9
-10
-13
-18
-22
-22
-23
-24
-27
-29
-33
-33
-35
-32
-32
-35
-41
-39
-35
-36
-36
-37
-37
-35
-34
-37
-31
-34
-30
-22
-23
-27
-27
-26
-28
-26
-23
-28
-33
-29
-24
-23
-23
-21
-21
-19
-20
-21
-25
-20
-26
-29
-32
-29
-32
-37
-39
-41
-43
-44
-48
-48
-48
-47
-53
-57
-46
-46
-49
-51
-45
-41
-42
-44
-46
-40
-42
-34
-36
-30
-27
-26
-27
-26
-25
-25
-25
-27
-26
-24
-25
-30
-29
-31
-33
-38
-34
-36
-35
-38
-37
-37
-35
-35
-29
-26
-26
-20
-16
-19
-17
-11
-7
-8
-1
25
60
36
-30
-27
25
51
9
-27
-21
17
36
9
-15
-12
10
22
6
-9
-4
7
10
1
-12
-4
7
3
-13
-21
-7
7
-3
-23
-23
-8
-4
-7
-10
-17
-13
-4
-2
-3
-10
-18
-7
6
-2
-11
-2
13
4
-13
-12
6
13
-11
-21
-2
8
-4
-15
6
77
79
-8
-102
-86
4
58
100
114
48
-64
-52
41
72
-10
-96
-116
-95
-111
-165
-179
-118
-62
-65
-80
-99
-128
-143
-67
0
-15
-28
-32
-47
-59
-39
-9
10
2
-21
-24
-21
-28
-51
-72
-42
24
27
-28
-53
-49
-54
-42
2
9
-47
-66
-26
-29
-59
-30
-6
-31
-59
-36
-18
-57
-64
-25
-3
7
-6
-27
-49
-55
-8
30
24
-5
-35
-37
-5
14
-7
-7
26
-10
-42
-20
11
-26
-63
-17
31
7
-28
-25
-38
-28
4
21
2
-17
-25
-27
-17
0
3
-10
1
11
-17
-32
-9
1
-9
-3
18
5
-36
-50
-21
11
16
0
-10
-16
-4
-3
-16
7
26
7
-19
-8
8
-3
-14
1
10
-10
-15
-9
-18
-28
-10
8
3
-15
-28
-21
5
15
11
4
-4
-8
-15
-8
-5
-7
-7
-2
-5
-12
-12
-8
-2
7
7
-2
-17
-19
-20
-8
6
2
-12
-20
-3
-1
-22
-28
-16
-14
-12
-15
-10
-21
-35
-27
-17
-12
-19
-21
-21
-20
-26
-20
-14
-22
-26
-17
-11
-23
-37
-31
-20
-23
-17
-14
-13
-27
-32
-13
-9
-18
-25
-21
-21
-25
-21
-12
-10
-15
-13
-10
-16
-21
-13
-8
-3
-2
-12
-16
-2
2
-3
-1
-5
-12
-21
-13
-6
-11
-10
-12
-14
-15
-10
-10
-18
-19
-22
-19
-13
-14
-16
-24
-18
-6
-16
-32
-30
-21
-23
-19
-15
-20
-20
-25
-25
-19
-12
-12
-18
-19
-13
-8
-11
-15
-16
-19
-13
-5
-5
-7
-14
-11
-4
0
2
8
3
-5
4
7
7
6
9
10
7
9
14
10
7
11
15
17
22
14
4
6
6
3
3
5
2
-7
-2
4
-2
-16
-12
0
4
-4
-14
-13
-18
-12
-9
-15
-20
-20
-12
-7
-9
-20
-21
-16
-14
-18
-23
-24
-21
-26
-21
-16
-12
-14
-18
-13
-9
-13
-16
-20
-18
-21
-23
-19
-17
-14
-20
-19
-11
-1
-3
-12
-13
-4
-3
-7
-7
-3
-4
-9
-13
-6
-1
-3
-4
-5
-2
-3
-5
-2
-10
-7
1
1
-3
-6
-7
-9
1
-3
-7
-6
-5
-10
-16
-18
-19
-19
-19
-16
-19
-27
-31
-28
-18
-14
-17
-15
-24
-23
-20
-15
-16
-10
1
-6
-11
-9
-3
-6
-8
-9
-10
-10
-9
-6
-5
0
0
-2
2
7
6
3
8
13
9
3
10
13
9
7
6
16
15
6
14
26
27
21
12
7
18
15
6
9
14
15
6
9
14
9
0
4
9
9
5
-1
7
12
10
10
9
14
12
5
6
9
8
2
11
22
18
1
3
19
16
16
19
22
16
14
17
19
23
27
22
16
8
6
14
18
18
22
19
19
24
19
25
27
22
21
23
22
17
17
26
26
19
22
23
21
12
12
20
17
7
4
0
2
-4
-13
-6
3
1
-5
-4
-6
-6
-5
0
3
-7
-6
-8
-4
-6
-7
-3
-6
-6
-6
-9
-7
-7
-10
2
1
-3
0
3
5
1
4
12
15
-1
-7
-4
1
0
2
7
5
2
-1
3
2
1
-4
-4
2
4
-1
-7
-3
-1
-1
1
-2
1
2
-4
-2
4
6
3
-4
-4
-8
-15
-16
-13
-5
-4
-12
-16
-13
-14
-21
-17
-15
-16
-17
-16
-15
-15
-11
-12
-7
-7
-4
-7
-7
-5
-8
-4
0
4
0
-4
0
6
10
12
3
6
10
12
16
25
26
18
14
15
19
23
17
14
12
17
19
15
15
10
13
11
12
13
11
13
16
9
9
8
1
4
-3
-3
0
-2
5
5
3
7
5
-4
-5
4
9
12
6
-1
-2
1
4
0
2
-4
-10
-8
-3
1
-4
-2
5
-1
3
2
4
7
-1
-1
3
7
5
-3
1
6
3
-1
-6
-4
-3
-2
-2
-3
-5
-2
-1
1
2
-3
-2
0
9
5
1
0
2
5
3
5
4
2
-2
-2
0
3
-2
-1
1
4
1
1
6
5
2
4
5
5
2
5
2
5
4
4
4
6
11
11
14
13
13
10
9
9
9
13
5
5
3
1
1
-3
4
2
1
3
1
4
9
6
6
11
2
3
3
4
6
-3
-4
2
1
0
-6
-5
-1
-2
-3
-3
2
0
-3
-4
2
1
-2
-7
1
8
4
0
2
6
6
9
9
15
13
8
13
19
15
9
19
14
13
14
18
23
19
21
20
22
24
24
22
18
23
22
18
15
17
17
10
3
4
1
3
-4
-9
-1
-1
0
-10
-6
-3
-8
-12
-10
-10
-15
-11
-5
-3
-4
-8
-3
-3
-5
-4
-9
1
-5
-8
-8
-1
0
-5
-9
-6
-5
-7
-3
-6
2
5
4
1
0
-2
1
3
2
3
5
5
0
4
7
7
15
12
11
14
13
13
16
11
15
14
11
11
9
11
8
9
12
10
3
-1
1
2
2
2
-1
1
0
0
-1
-3
4
5
3
-3
-5
-5
-3
-6
-6
-3
-4
-3
-6
-5
-3
-9
-5
-1
-5
-3
-5
-2
1
2
10
10
13
12
8
12
13
11
8
7
6
12
10
6
9
17
14
11
8
6
7
8
9
11
9
6
9
9
8
8
4
13
13
10
11
2
3
5
10
13
10
11
7
9
14
13
14
14
13
10
4
5
11
4
8
8
12
10
8
12
8
8
9
13
13
8
8
10
9
10
12
18
12
8
9
10
12
14
8
5
10
8
2
4
6
9
4
-1
0
0
0
-2
-4
-4
-6
-4
-1
0
1
1
-6
-4
-1
0
3
-2
-3
-4
-4
-3
2
5
0
-4
-7
-2
1
-2
-5
-1
2
3
2
1
2
3
10
10
8
8
9
6
7
9
11
14
14
12
11
11
14
17
19
22
18
23
19
16
21
18
19
17
16
8
12
13
14
11
7
3
3
8
5
7
7
2
4
4
1
3
6
3
5
10
8
7
9
5
2
4
6
6
5
7
4
5
2
-1
-3
2
4
4
0
-3
0
-1
4
5
6
8
11
8
12
11
12
14
13
20
16
14
14
18
13
9
16
13
11
8
10
8
9
7
9
12
5
7
8
4
4
1
7
8
5
4
-2
-3
-1
-1
-3
-3
-1
-3
-6
-8
-7
-1
-7
-10
-6
-7
-1
-3
-4
2
-3
-3
-2
-2
1
4
4
-4
0
1
0
0
-2
1
3
6
7
7
13
8
8
12
13
16
15
15
14
13
9
9
11
11
8
10
10
8
10
9
13
11
14
8
4
5
6
10
6
3
7
7
7
10
6
11
7
7
16
12
13
17
12
15
14
13
15
17
18
13
14
12
12
9
14
14
6
9
6
9
4
8
8
3
9
10
9
8
6
4
4
-2
2
2
1
2
2
-4
-2
-3
-1
2
-3
1
-1
-1
-4
-1
3
-4
-3
-6
-6
-4
-7
-10
-7
-4
-6
-6
-6
-5
-3
-4
-1
-3
-4
-3
-7
-5
-7
-3
-4
-2
2
4
2
4
2
9
11
10
6
7
13
11
11
13
13
15
8
12
9
14
13
11
12
2
1
3
6
0
2
3
1
4
4
2
4
6
8
9
7
7
3
7
9
7
6
2
5
4
6
8
12
12
10
10
13
8
9
13
15
13
8
14
10
12
14
14
15
6
11
11
12
15
13
10
14
8
6
8
4
1
1
11
9
8
11
9
11
11
8
12
15
15
16
14
14
17
21
24
16
18
14
15
16
12
12
11
13
11
13
10
9
10
10
13
9
8
11
10
12
16
18
13
14
5
5
14
10
11
7
10
6
1
5
9
8
6
11
9
12
8
7
5
4
1
0
1
-3
-2
-1
4
5
4
1
1
1
4
8
6
5
3
5
3
5
5
6
7
6
4
2
-1
2
2
3
5
5
9
11
11
15
11
12
11
8
9
8
12
4
4
12
11
11
7
5
8
5
9
6
6
5
3
5
5
9
8
6
0
4
3
0
6
8
3
6
3
2
4
5
0
3
0
1
4
3
5
-2
9
8
7
8
7
13
12
14
14
16
17
16
17
17
15
12
10
14
10
11
12
11
9
8
9
8
8
10
6
2
4
6
7
6
4
-1
-2
-2
-4
0
1
1
-4
3
7
3
8
6
3
3
4
3
9
12
7
8
11
8
8
11
13
13
13
14
13
7
8
10
12
10
12
14
5
10
12
11
14
13
10
9
11
6
0
8
10
8
9
4
3
5
5
2
6
9
8
8
7
8
7
4
7
10
10
4
0
-2
2
2
-3
0
8
3
-5
-2
-3
-2
-5
-4
-5
-3
0
-2
-1
1
8
2
8
9
3
8
10
9
6
9
6
4
3
5
1
-1
-3
1
-1
-2
-7
-7
0
2
-2
-1
-1
1
1
1
1
3
4
6
7
9
8
15
12
14
18
15
17
13
12
12
14
14
16
16
11
10
11
12
16
15
14
14
14
8
9
10
18
12
2
5
3
5
3
6
4
3
1
1
-2
-3
0
2
3
0
2
1
5
12
13
11
9
13
12
10
8
7
9
9
8
9
6
13
11
10
13
11
8
10
9
10
16
13
16
15
14
13
17
18
12
12
16
13
13
14
12
10
11
9
11
8
1
4
3
3
4
-2
0
-3
-1
1
2
1
0
4
5
2
1
-2
3
-1
1
1
5
8
8
9
6
9
10
10
6
3
4
7
7
7
8
8
6
5
10
9
7
6
5
7
3
0
-7
-8
-1
-3
-5
-3
-8
-3
-3
-5
-1
-3
0
-7
-7
-2
-2
0
-1
-1
2
2
-1
-2
-2
3
5
8
5
2
5
7
6
10
5
4
5
-1
2
6
4
2
0
1
-3
-3
-1
5
1
1
0
2
2
2
4
6
6
6
7
6
8
6
6
4
4
6
-1
0
7
4
5
4
5
3
1
1
-1
0
-1
-1
-2
0
0
1
-1
-2
0
-2
0
-1
0
1
2
2
0
4
3
-1
-2
-4
-4
-1
3
5
4
3
5
-1
3
4
2
3
4
4
2
3
7
6
8
4
4
5
3
5
6
2
5
7
7
8
7
3
4
5
2
3
-1
1
-1
3
5
