-2
-1
1
2
1
4
0
2
4
9
6
9
8
6
12
11
11
8
13
8
8
13
14
15
15
18
17
18
20
19
18
15
20
21
19
18
21
17
13
18
15
19
17
17
16
17
19
16
14
14
17
13
9
10
14
13
15
13
14
15
16
20
19
23
19
18
17
19
17
17
18
16
16
14
17
17
14
13
16
11
16
18
17
17
14
16
17
19
22
21
19
21
23
22
20
25
19
20
20
16
18
17
15
16
15
14
15
20
17
17
17
14
15
11
15
16
10
15
17
14
11
12
10
14
11
14
9
6
12
8
6
5
6
2
-3
-2
-1
-4
-1
-2
-6
-4
-7
-5
-5
-5
-3
-1
-6
-3
1
0
0
-1
0
-2
3
0
4
3
1
2
-2
-1
0
-1
3
7
4
7
7
6
2
5
3
2
2
5
8
3
1
-2
1
-4
-3
0
-1
-2
-1
-3
-3
-1
-1
-3
1
-1
1
1
-1
-1
0
1
-1
-4
-6
-5
-11
-5
-3
-4
-6
-6
-2
-3
-2
-2
-1
2
3
4
5
5
5
5
8
12
11
12
10
14
11
12
13
16
13
10
10
9
7
9
10
13
16
19
20
23
21
21
22
19
24
19
17
15
14
15
15
14
15
9
10
10
13
8
7
7
4
4
2
6
4
5
4
7
5
9
8
5
7
2
3
0
-1
-1
-4
-7
-6
-2
-9
-10
-4
-5
-6
-5
-5
-3
-8
-4
0
2
-6
-5
-1
-4
-3
-1
-1
-6
-5
-5
-6
-11
-7
-7
-8
-14
-11
-4
-10
-13
-6
-2
-7
-12
-7
-6
-10
-12
-7
-7
-10
-11
-12
-10
-12
-15
-15
-10
-14
-17
-13
-11
-14
-14
-11
-13
-15
-19
-20
-18
-17
-16
-17
-14
-11
-11
-13
-11
-11
-13
-15
-12
-15
-17
-13
-10
-12
-16
-11
-12
-13
-18
-19
-18
-18
-17
-17
-10
-10
-12
-14
-13
-9
-8
-9
-7
-6
-9
-10
-12
-11
-6
-8
-11
-11
-4
-4
-2
-4
-3
3
1
-1
5
4
-4
3
1
0
5
6
6
7
10
8
8
10
8
8
12
11
11
12
8
9
10
10
6
6
11
12
8
1
0
-1
-4
-5
-3
-3
-4
-5
-6
-6
-4
-9
-13
-12
-9
-10
-9
-15
-10
-7
-10
-13
-10
-7
-10
-15
-11
-11
-11
-8
-8
-6
-8
-9
-4
-1
-5
-5
0
-5
-7
-4
-3
-3
-7
-7
-5
-8
-8
-2
0
-4
-6
0
-2
-7
-5
2
0
-7
-9
-5
-6
-10
-10
-12
-7
-11
-14
-8
-8
-10
-13
-7
-9
-15
-12
-6
-7
-12
-13
-10
-5
-10
-10
-6
-9
-11
-12
-11
-14
-21
-20
-19
-20
-9
-11
-14
-11
-11
-9
-11
-9
-11
-3
-3
-4
-8
-1
0
1
2
-1
0
-4
-4
-9
-8
-10
-12
-11
-12
-15
-16
-17
-16
-13
-10
-1
-3
-1
5
4
1
2
5
1
-2
-1
-1
-2
-2
-3
-5
-4
-6
-3
0
-1
-3
-4
-2
-5
-4
-2
-1
-4
-7
-4
2
-3
1
4
-1
0
-1
-4
2
-1
-3
3
-3
-3
-4
-3
-4
-3
-3
-5
-6
-10
-6
-9
-9
-7
-9
-12
-15
-10
-15
-14
-16
-18
-19
-14
-12
-15
-16
-19
-11
-18
-14
-15
-14
-19
-25
-22
-24
-24
-25
-24
-22
-24
-24
-26
-24
-24
-27
-25
-22
-25
-25
-27
-28
-28
-27
-32
-34
-34
-31
-29
-23
-25
-28
-29
-28
-28
-31
-26
-30
-29
-27
-27
-29
-27
-24
-23
-27
-30
-30
-29
-30
-30
-30
-36
-32
-30
-25
-27
-28
-30
-29
-31
-35
-33
-29
-30
-31
-30
-30
-33
-29
-26
-32
-27
-28
-32
-36
-27
-28
-35
-32
-31
-29
-28
-28
-28
-31
-30
-29
-31
-33
-31
-30
-33
-28
-30
-28
-29
-30
-24
-25
-24
-25
-26
-24
-20
-18
-20
-25
-24
-18
-16
-20
-14
-16
-19
-15
-16
-11
-14
-13
-16
-15
-15
-13
-14
-21
-19
-16
-16
-18
-19
-18
-23
-22
-24
-29
-30
-31
-28
-26
-25
-26
-26
-25
-23
-25
-25
-26
-27
-31
-29
-29
-25
-30
-30
-27
-32
-28
-28
-28
-29
-30
-29
-24
-25
-26
-27
-27
-25
-22
-24
-26
-24
-29
-27
-23
-25
-29
-27
-27
-27
-28
-32
-24
-25
-26
-26
-27
-29
-30
-29
-30
-29
-31
-30
-29
-28
-27
-28
-25
-29
-30
-29
-26
-29
-29
-33
-35
-39
-37
-36
-36
-34
-34
-39
-34
-32
-37
-36
-37
-38
-38
-41
-42
-44
-39
-41
-38
-37
-39
-35
-34
-32
-31
-33
-32
-25
-25
-24
-27
-26
-27
-27
-26
-29
-30
-31
-30
-31
-30
-26
-30
-29
-29
-32
-25
-26
-31
-31
-30
-37
-29
-30
-32
-25
-31
-28
-28
-30
-29
-26
-29
-31
-31
-30
-26
-28
-28
-31
-31
-34
-34
-33
-32
-31
-28
-30
-34
-28
-31
-31
-30
-25
-30
-30
-27
-27
-23
-23
-20
-19
-21
-21
-16
-18
-18
-14
-17
-13
-15
-15
-15
-20
-21
-22
-21
-26
-22
-24
-24
-22
-20
-21
-26
-21
-23
-27
-24
-28
-29
-30
-31
-29
-28
-24
-25
-30
-28
-27
-28
-29
-28
-29
-27
-22
-23
-24
-22
-21
-21
-24
-21
-19
-20
-24
-26
-24
-28
-31
-29
-29
-30
-35
-35
-29
-30
-33
-33
-32
-32
-36
-34
-34
-40
-38
-36
-37
-35
-33
-31
-29
-33
-34
-27
-26
-27
-28
-29
-26
-31
-26
-28
-24
-23
-26
-20
-25
-26
-25
-23
-27
-25
-24
-23
-25
-26
-20
-20
-23
-17
-18
-20
-16
-15
-19
-21
-17
-17
-18
-16
-16
-17
-21
-20
-20
-21
-17
-20
-22
-21
-18
-21
-25
-25
-28
-28
-28
-24
-27
-23
-23
-24
-22
-23
-22
-21
-16
-28
-27
-23
-25
-26
-24
-28
-24
-20
-25
-23
-26
-21
-18
-18
-22
-18
-19
-19
-16
-15
-20
-17
-12
-10
-14
-14
-13
-15
-12
-15
-13
-12
-12
-10
-10
-8
-12
-7
-9
-7
-9
-9
-9
-9
-11
-11
-12
-17
-17
-16
-15
-18
-14
-15
-14
-12
-15
-16
-12
-12
-9
-5
-12
-15
-9
-10
-12
-10
-10
-9
-8
-8
-14
-15
-16
-13
-12
-13
-10
-10
-10
-13
-12
-11
-14
-15
-15
-14
-16
-14
-17
-17
-21
-24
-21
-18
-19
-20
-23
-22
-23
-24
-23
-22
-20
-25
-28
-27
-22
-24
-23
-20
-24
-28
-20
-19
-23
-26
-24
-23
-20
-17
-15
-19
-15
-12
-19
-18
-20
-16
-15
-15
-12
-14
-12
-12
-14
-13
-16
-14
-13
-15
-16
-12
-13
-15
-13
-16
-15
-17
-19
-19
-21
-20
-20
-21
-20
-21
-21
-21
-25
-26
-25
-26
-25
-23
-25
-27
-23
-26
-24
-23
-20
-20
-21
-21
-24
-26
-26
-27
-25
-23
-27
-19
-23
-27
-25
-19
-22
-21
-22
-19
-17
-18
-15
-19
-14
-15
-17
-13
-12
-13
-13
-12
-11
-11
-13
-16
-15
-17
-17
-20
-17
-18
-15
-12
-18
-13
-15
-12
-13
-17
-18
-16
-16
-16
-14
-17
-20
-20
-18
-19
-23
-25
-20
-21
-25
-24
-27
-25
-25
-23
-26
-27
-29
-24
-26
-26
-26
-26
-22
-23
-20
-23
-21
-20
-22
-23
-24
-21
-20
-22
-18
-20
-24
-23
-24
-23
-19
-21
-22
-18
-21
-23
-17
-21
-18
-20
-18
-17
-19
-18
-18
-17
-17
-19
-24
-20
-22
-16
-15
-17
-16
-16
-13
-14
-12
-14
-20
-19
-15
-17
-16
-12
-12
-11
-12
-11
-13
-14
-12
-14
-12
-10
-9
-10
-11
-11
-11
-12
-11
-12
-10
-10
-14
-14
-18
-22
-20
-19
-21
-22
-25
-27
-26
-27
-26
-33
-29
-27
-26
-26
-30
-28
-27
-25
-29
-26
-24
-24
-19
-22
-21
-20
-22
-18
-16
-16
-16
-15
-16
-15
-11
-13
-15
-14
-18
-21
-19
-15
-12
-15
-17
-17
-17
-22
-16
-13
-15
-17
-15
-10
-9
-13
-14
-15
-16
-14
-18
-16
-15
-21
-19
-20
-22
-25
-21
-20
-23
-24
-26
-29
-26
-23
-21
-18
-18
-15
-18
-21
-15
-10
-15
-16
-15
-17
-16
-17
-15
-17
-16
-19
-19
-17
-17
-20
-21
-16
-19
-18
-19
-19
-18
-16
-17
-20
-18
-14
-21
-15
-14
-19
-16
-16
-21
-23
-16
-20
-19
-19
-18
-14
-17
-19
-16
-13
-10
-9
-13
-10
-9
-7
-12
-13
-13
-14
-10
-15
-13
-14
-15
-12
-13
-13
-15
-13
-12
-15
-11
-7
-10
-8
-5
-10
-5
-2
-5
-6
-8
-6
-9
-14
-8
-10
-12
-8
-13
-11
-11
-14
-14
-17
-14
-16
-16
-16
-21
-19
-17
-22
-25
-21
-23
-19
-18
-25
-21
-17
-19
-21
-18
-21
-19
-16
-17
-18
-18
-19
-16
-17
-15
-17
-16
-15
-19
-22
-17
-16
-18
-19
-19
-15
-19
-16
-15
-16
-14
-14
-14
-16
-13
-11
-11
-14
-15
-16
-21
-22
-19
-19
-25
-22
-27
-27
-28
-25
-22
-26
-22
-25
-21
-16
-15
-13
-11
-12
-12
-11
-13
-11
-16
-13
-15
-19
-13
-12
-12
-15
-13
-13
-15
-16
-18
-16
-17
-17
-16
-15
-18
-20
-22
-20
-15
-18
-18
-19
-18
-20
-20
-24
-26
-23
-21
-20
-25
-24
-31
-27
-26
-25
-19
-23
-20
-19
-21
-20
-16
-13
-10
-15
-16
-14
-18
-14
-13
-13
-16
-8
-13
-14
-9
-6
-6
-8
-2
-3
3
-3
-4
-3
-7
-3
-5
-4
-5
-4
-6
-5
-4
-10
-7
-9
-8
-4
-8
-11
-14
-12
-13
-11
-10
-10
-11
-11
-13
-11
-13
-15
-14
-18
-18
-15
-14
-18
-20
-19
-18
-18
-25
-18
-21
-22
-17
-16
-15
-18
-13
-16
-14
-16
-16
-18
-11
-17
-20
-19
-22
-19
-18
-21
-20
-22
-21
-16
-18
-17
-14
-15
-16
-15
-15
-11
-12
-16
-14
-13
-14
-19
-19
-19
-14
-17
-15
-13
-14
-16
-15
-13
-13
-12
-15
-10
-11
-10
-9
-13
-10
-6
-8
-8
-1
-5
-6
-2
-6
-6
-8
-6
-5
-3
-5
-9
-6
-10
-9
-8
-6
-7
-11
-6
-7
-8
-6
-6
-1
-5
-7
-7
-8
-6
-9
-12
-9
-7
-6
-7
-7
-8
-8
-7
-5
-9
-11
-9
-8
-10
-8
-9
-10
-4
-3
-4
-3
-6
-5
-2
-8
-7
-4
-4
-3
-7
-3
-3
-6
-5
-2
-3
0
1
3
6
6
7
6
3
4
4
3
0
2
4
10
7
7
6
5
5
5
7
5
5
1
3
3
0
2
-1
-5
-1
-3
-3
-1
-5
-7
-2
-3
1
4
2
3
0
3
1
-1
-2
-3
-5
-4
-5
-8
-2
-9
-8
-11
-15
-16
-15
-13
-16
-14
-13
-15
-18
-15
-16
-12
-13
-15
-16
-14
-13
-12
-13
-11
-14
-14
-13
-14
-13
-14
-13
-13
-13
-13
-13
-13
-10
-9
-10
-9
-5
-9
-3
-4
-4
-8
-9
-14
-9
-8
-11
-13
-8
-6
-4
-6
-7
-4
-3
-5
-10
-7
-8
-8
-6
-8
-12
-10
-13
-13
-11
-11
-10
-15
-15
-10
-10
-12
-12
-10
-10
-8
-5
-5
-1
-4
-2
0
2
-1
2
6
10
8
17
20
34
31
37
111
-40
-73
107
23
-59
75
-17
-95
76
61
-63
35
111
104
-24
-79
52
35
-27
13
-10
-49
-7
-9
-47
-51
2
28
-44
-23
37
-21
-2
40
10
28
72
26
77
98
128
96
-96
-8
127
-13
-71
15
-38
-80
-18
-56
-73
11
34
-31
-4
21
-22
17
51
33
93
103
-80
-19
78
-22
-45
-15
-47
-45
-19
-14
-46
-55
9
2
-38
3
10
-17
-13
-6
13
-12
-29
28
21
-32
3
-4
-17
5
-24
-18
-1
-37
-20
-5
-16
-33
-27
0
10
-41
90
10
-138
27
29
-44
-21
-7
2
138
73
-46
-16
32
47
29
55
14
-31
56
-10
-108
-25
18
-27
16
-43
-107
-50
-77
-75
4
-37
-21
34
-13
-45
-37
16
24
19
15
106
40
-71
-20
9
-37
-46
60
-5
-120
25
2
-133
-35
4
-40
15
47
17
52
117
-33
-68
35
31
18
7
-41
-33
-30
-91
-5
-58
-44
39
33
-54
-83
-1
-62
-10
32
-39
2
36
18
-46
19
15
-22
67
60
42
56
107
8
3
-17
10
60
9
7
-22
-60
-84
-80
-74
-78
0
-18
-39
-70
-19
-12
-35
7
51
70
18
10
43
8
-35
9
34
30
8
32
13
-97
-51
32
-43
-69
-34
41
-52
-84
-63
-56
-62
-54
16
18
-98
-69
14
-32
-81
-48
11
-5
-45
-24
-52
-25
-39
-64
21
-16
-32
7
-3
-81
-76
14
-27
-29
-4
-20
-28
-29
-42
-5
-3
-50
5
41
-9
-35
23
2
-42
12
-7
-19
-21
-52
4
7
-36
-89
4
12
-95
-21
12
-36
-12
28
-8
-32
-17
-4
39
13
-37
-15
43
1
-31
30
20
-24
-47
-11
-13
-48
-52
-30
17
-19
-44
24
25
-47
-32
48
25
-22
-11
19
30
-11
-19
29
19
-44
-13
32
-6
-51
-12
45
1
-51
-19
24
5
-33
10
33
-13
-9
20
23
1
-18
9
-9
-28
-18
-5
-10
7
31
31
23
-4
61
90
26
17
95
54
-17
5
21
-18
-56
-19
51
25
-46
-18
24
-14
-33
24
78
34
-4
15
31
5
-4
31
76
83
46
38
12
-25
-10
36
64
9
-32
-4
-28
-82
-74
-4
-10
-38
-11
2
-32
-67
-36
-5
5
5
15
23
-25
-63
-31
25
-15
-26
21
40
-20
-50
4
21
-4
-13
35
20
-49
-38
-18
-18
-36
-29
33
9
-33
-18
20
4
-9
17
63
50
11
9
32
28
10
46
70
59
27
-1
-25
-23
-9
-4
-4
-16
3
0
-16
-24
-5
13
-14
3
35
38
-42
-52
-3
5
-21
-24
24
24
1
-19
1
3
-13
-3
35
66
14
-37
-6
13
-25
-61
0
29
15
-4
-21
-18
-35
-30
11
57
49
23
30
36
4
18
75
86
83
85
82
24
-36
-33
13
27
-6
-6
0
-29
-67
-50
-24
-11
13
35
46
22
-23
-26
7
41
82
75
51
63
16
-3
40
29
8
34
40
37
7
-48
-51
-25
-14
42
56
15
31
18
-22
-19
11
33
40
19
-4
20
6
-55
-54
19
69
61
43
26
30
25
19
41
66
64
48
53
31
-9
-44
-35
6
32
38
25
-6
-19
-4
-17
-22
7
31
44
42
37
6
-23
-18
1
30
43
34
11
-29
-41
-46
-56
-28
-23
-15
9
5
-49
-51
-22
-13
-2
-2
15
34
12
-26
-33
-38
-20
15
6
-16
-4
8
-5
-35
-53
-41
-3
22
27
25
4
-30
-39
-20
11
28
7
-21
12
26
-3
-48
-75
-45
29
81
31
-32
-14
52
78
30
22
53
84
98
57
17
8
-12
-11
17
30
30
33
-22
-72
-9
44
16
-29
-27
5
52
18
-60
-89
-53
24
43
38
30
-20
-43
14
44
12
-34
-14
55
41
8
-1
3
17
4
9
54
69
39
-13
-24
53
32
-29
-25
-14
28
25
4
-15
-27
-32
16
32
40
51
6
2
15
58
73
46
64
110
90
54
13
9
65
106
94
38
19
-2
10
33
-8
10
4
-31
-28
-36
-27
-50
-58
-57
-38
-3
30
38
17
-66
-42
71
47
42
-24
-50
46
86
15
-21
-26
-30
7
34
69
15
-40
-5
1
16
34
-6
-22
26
26
11
-29
-24
24
-6
-62
-65
51
67
-8
-105
-38
94
42
5
-44
-16
12
63
77
16
-58
-77
-2
53
47
0
-24
-63
-37
-21
14
12
-10
-29
-39
7
29
42
-16
-45
2
22
58
34
-2
-18
-17
19
33
52
15
-24
-43
-12
23
10
26
10
-9
-37
-3
59
113
42
-48
-21
32
102
86
44
-69
-48
61
102
51
-70
-89
-25
55
73
-3
-41
-54
-51
42
86
50
-76
-65
28
79
67
13
-25
-32
58
82
82
-6
-46
2
51
60
44
53
2
1
-4
28
46
39
34
-27
12
58
50
21
12
2
14
15
44
43
33
20
-12
0
24
41
32
69
35
-4
-6
-2
28
51
23
-9
14
28
-3
7
11
9
4
8
40
21
25
7
-27
-19
4
55
24
-23
-47
31
19
-36
-1
-26
-12
-20
57
9
11
-79
-55
-17
35
51
-28
-43
-83
12
27
56
-46
-88
-29
55
56
-20
-33
-71
-10
5
29
-20
-27
0
-36
-19
-33
19
-39
-11
-51
-58
-10
-9
-3
-41
-13
-39
-8
-18
7
10
-41
-14
42
22
-21
11
-4
23
17
21
30
2
10
23
31
22
29
-5
-2
-1
-1
29
26
-14
-42
-22
25
45
29
-44
-36
-26
15
63
-1
-34
-64
21
48
45
1
-32
-5
39
62
40
37
23
59
47
48
55
67
63
52
58
58
68
75
69
34
56
70
67
53
49
58
43
37
44
56
66
43
5
36
58
88
37
9
34
54
60
40
19
32
16
-4
71
51
-6
-21
-22
37
35
-30
-72
-45
46
16
-89
-105
-49
-2
-7
-78
-123
-68
14
-40
-92
-122
-45
24
-25
-117
-108
-67
7
22
-61
-96
-96
-65
13
23
-88
-113
-117
-30
45
-23
-119
-153
-87
8
11
-70
-160
-172
-58
32
-46
-124
-169
-92
-29
-61
-96
-128
-127
-106
-78
-97
-130
-162
-186
-193
-137
-25
63
56
-19
-92
-59
93
255
294
197
105
147
283
376
335
193
116
207
367
415
278
74
-18
64
200
235
111
-47
-91
-31
32
14
-83
-157
-133
-42
15
-9
-77
-140
-107
1
87
107
98
106
130
158
175
187
220
262
267
233
210
187
176
162
131
87
68
85
74
24
-39
-113
-112
-40
-27
-56
-85
-108
-171
-100
-22
-40
-124
-143
-69
-10
28
-52
-146
-136
-64
39
43
-56
-114
-107
-9
44
-19
-151
-129
-1
55
-38
-151
-157
-121
-42
-25
-124
-135
-131
-131
-127
-104
-128
-163
-172
-125
-93
-141
-164
-185
-169
-186
-200
-233
-231
-223
-227
-187
-62
65
60
-72
-159
-61
196
420
408
219
89
185
411
541
439
240
169
309
495
492
266
26
-6
151
314
279
73
-130
-156
-47
32
-8
-142
-217
-168
-60
-36
-114
-214
-233
-148
-44
-3
-37
-70
-71
-47
-21
-2
15
57
101
106
80
64
96
171
229
235
209
196
232
271
258
180
123
144
211
233
144
0
-77
-43
20
28
-69
-164
-162
-82
-55
-101
-171
-183
-116
-35
49
-12
-121
-154
-18
82
44
-59
-65
-13
12
39
-47
-111
-118
-40
-43
-42
-118
-149
-143
-161
-114
-134
-170
-190
-153
-151
-190
-228
-183
-133
-194
-225
-197
-144
-127
-189
-259
-263
-220
-222
-260
-340
-337
-182
50
120
-70
-312
-282
55
407
495
274
20
52
346
618
588
330
161
286
567
694
492
142
-23
117
396
480
273
-42
-171
-68
92
102
-50
-208
-223
-111
-32
-84
-219
-305
-257
-142
-64
-64
-124
-167
-162
-134
-93
-32
19
44
39
11
-6
21
67
90
85
111
191
276
278
179
75
95
249
390
393
233
69
50
143
208
141
-11
-105
-50
35
3
-156
-307
-305
-169
-37
-36
-155
-268
-247
-105
-27
-22
-56
-94
-39
30
22
-28
-66
-106
-53
1
33
-19
-106
-177
-174
-135
-106
-130
-168
-183
-178
-187
-214
-208
-232
-215
-202
-215
-229
-213
-231
-264
-313
-329
-293
-273
-318
-423
-471
-332
-62
78
-65
-347
-397
-76
344
503
315
27
12
321
656
701
447
218
295
610
803
649
284
66
188
463
587
390
51
-125
-39
129
157
18
-167
-227
-154
-76
-99
-208
-302
-303
-224
-144
-111
-145
-210
-246
-226
-145
-39
24
6
-55
-80
-28
63
114
87
38
51
152
261
290
204
115
140
288
429
420
276
121
114
237
320
257
106
-10
1
80
83
-33
-185
-227
-131
-29
-39
-163
-278
-270
-158
-46
-28
-82
-142
-135
-52
-13
-2
-32
-49
-23
0
-14
-56
-62
-97
-160
-146
-55
-22
-108
-225
-304
-262
-152
-119
-174
-267
-328
-306
-240
-222
-284
-353
-354
-305
-297
-370
-473
-510
-438
-273
-88
-18
-165
-377
-371
-59
322
460
310
104
105
338
593
649
500
368
457
680
774
600
320
204
331
538
589
399
109
-50
-7
113
145
46
-100
-183
-187
-163
-167
-230
-293
-298
-248
-182
-156
-193
-279
-327
-279
-131
0
10
-80
-168
-140
-14
101
125
64
32
83
176
209
160
130
201
344
419
365
243
196
262
354
375
294
198
153
154
139
85
19
-6
10
6
-42
-112
-161
-165
-137
-113
-97
-92
-114
-148
-163
-143
-89
-38
-17
-43
-81
-95
-60
-9
-50
-110
-98
-57
-26
-52
-166
-252
-229
-144
-90
-134
-233
-271
-253
-234
-263
-318
-334
-280
-246
-313
-410
-464
-447
-433
-417
-404
-305
-134
-61
-232
-451
-372
70
481
484
168
-54
109
496
741
659
441
381
565
756
702
444
268
348
548
609
449
201
22
5
102
172
131
6
-130
-234
-259
-207
-144
-164
-263
-342
-321
-236
-202
-262
-351
-348
-216
-67
-44
-170
-288
-239
-49
116
119
6
-80
-26
122
205
189
130
154
279
399
384
268
191
258
414
491
420
250
136
158
249
279
195
72
-7
-13
12
-7
-72
-132
-139
-100
-62
-77
-140
-187
-175
-96
-17
-7
-75
-155
-159
-91
-16
-11
-62
-125
-146
-108
-70
-86
-138
-162
-127
-104
-141
-192
-215
-193
-177
-189
-227
-258
-260
-283
-307
-306
-300
-322
-396
-470
-478
-407
-244
-86
-99
-341
-501
-276
229
496
296
-28
-54
281
625
701
535
372
425
635
759
648
453
389
484
586
560
433
255
101
71
189
289
220
-1
-216
-277
-166
-11
-14
-216
-415
-403
-229
-139
-223
-369
-414
-309
-161
-114
-217
-340
-330
-178
-13
24
-67
-165
-173
-45
124
192
116
18
-5
128
335
427
337
159
133
295
491
507
316
114
112
300
395
275
38
-94
-11
139
169
-9
-199
-234
-115
9
14
-110
-241
-241
-133
-26
-28
-129
-218
-213
-107
-28
-64
-169
-233
-185
-89
-33
-90
-199
-248
-187
-110
-106
-159
-241
-253
-202
-156
-196
-290
-340
-332
-256
-216
-270
-395
-488
-502
-440
-367
-304
-211
-150
-261
-502
-458
-5
451
400
8
-176
79
484
661
584
437
414
534
645
636
541
490
531
571
530
443
351
236
152
208
344
316
60
-198
-245
-89
97
89
-142
-396
-419
-242
-109
-142
-257
-332
-328
-280
-235
-219
-254
-266
-215
-127
-76
-114
-198
-212
-83
109
195
75
-82
-101
94
366
459
340
143
133
299
487
521
394
259
231
318
349
285
163
86
108
139
124
13
-132
-172
-96
7
14
-100
-257
-288
-168
-29
-11
-134
-241
-245
-145
-59
-82
-160
-196
-159
-119
-117
-167
-210
-195
-139
-107
-138
-203
-262
-271
-208
-135
-150
-265
-363
-362
-274
-228
-268
-398
-489
-496
-437
-391
-345
-244
-197
-327
-525
-394
61
385
201
-159
-160
194
522
562
449
376
406
490
572
620
606
561
493
445
460
498
459
304
206
285
382
273
6
-123
-29
123
136
-29
-248
-353
-256
-111
-86
-179
-282
-353
-368
-297
-192
-166
-249
-337
-310
-198
-124
-156
-225
-208
-67
57
33
-88
-124
-6
170
323
315
194
87
150
371
549
540
351
191
216
406
509
411
225
98
142
210
204
86
-39
-58
-14
26
-22
-122
-195
-167
-70
-27
-94
-205
-250
-180
-60
-24
-121
-227
-243
-157
-85
-82
-142
-211
-209
-158
-109
-144
-203
-240
-220
-165
-152
-194
-280
-313
-292
-245
-240
-282
-374
-461
-479
-437
-410
-388
-288
-208
-322
-587
-521
-22
384
190
-254
-283
119
479
513
420
354
324
346
488
677
712
563
384
356
479
589
542
343
206
278
401
296
49
-21
90
154
76
-59
-187
-253
-192
-87
-71
-180
-318
-398
-374
-231
-104
-164
-364
-472
-366
-186
-114
-190
-301
-313
-193
-54
-34
-103
-142
-70
38
201
258
176
60
120
376
551
507
277
159
276
534
588
389
181
110
223
320
318
157
-18
-69
-12
66
55
-44
-188
-199
-102
-34
-94
-205
-240
-179
-94
-103
-192
-249
-205
-133
-117
-142
-192
-225
-193
-120
-89
-140
-214
-244
-203
-118
-93
-176
-281
-298
-225
-151
-165
-269
-361
-397
-371
-352
-372
-420
-376
-236
-178
-370
-561
-328
154
321
-13
-276
-108
264
462
467
430
346
264
310
574
785
694
408
263
394
591
647
493
284
210
307
354
251
148
129
107
31
6
-3
-93
-186
-165
-90
-106
-228
-347
-367
-267
-157
-170
-333
-468
-420
-258
-149
-188
-312
-392
-342
-181
-53
-67
-186
-217
-153
37
216
197
98
32
200
381
458
385
269
256
355
484
420
311
205
206
268
276
216
49
-15
3
60
47
-47
-146
-197
-130
-66
-89
-182
-247
-237
-187
-142
-172
-226
-245
-220
-197
-200
-195
-205
-206
-180
-173
-187
-219
-220
-192
-153
-145
-203
-271
-274
-220
-204
-219
-272
-323
-354
-373
-381
-393
-425
-358
-209
-174
-419
-627
-318
219
319
-119
-379
-100
306
441
399
377
290
184
282
618
825
606
259
196
443
652
627
435
238
217
337
403
293
182
162
114
48
62
82
-31
-151
-109
-19
-83
-245
-304
-242
-157
-142
-224
-357
-413
-322
-185
-142
-228
-348
-397
-304
-119
-10
-94
-246
-263
-116
36
129
196
98
-10
21
257
495
480
303
147
232
456
559
432
262
215
234
293
287
215
103
32
36
46
36
-27
-118
-142
-87
-69
-150
-229
-214
-163
-147
-185
-244
-259
-227
-195
-190
-206
-221
-247
-245
-186
-156
-204
-249
-256
-209
-160
-170
-235
-294
-263
-197
-188
-234
-299
-345
-338
-319
-346
-397
-442
-406
-220
-102
-290
-622
-487
114
415
37
-395
-258
188
440
430
386
283
113
165
556
884
677
209
94
407
680
648
453
251
170
267
405
390
247
131
53
49
126
153
-1
-175
-139
-10
-45
-220
-294
-239
-181
-193
-250
-329
-386
-355
-243
-182
-242
-360
-425
-333
-144
-28
-143
-313
-308
-123
44
131
155
12
-85
16
329
537
436
196
74
264
558
616
390
206
197
279
377
370
247
73
21
83
132
107
-17
-134
-131
-40
-34
-145
-204
-180
-131
-123
-162
-227
-244
-196
-149
-145
-193
-235
-259
-203
-117
-130
-214
-268
-240
-179
-136
-177
-264
-303
-259
-202
-206
-236
-300
-351
-354
-322
-329
-383
-431
-410
-226
-128
-321
-634
-466
133
381
-32
-451
-276
200
438
382
315
219
60
142
575
902
620
100
48
453
731
635
408
228
159
246
411
432
261
79
-2
45
161
173
2
-171
-134
-26
-72
-218
-251
-191
-195
-254
-285
-307
-349
-335
-244
-199
-294
-408
-415
-281
-109
-83
-236
-370
-287
-83
44
78
106
6
-73
42
313
522
423
198
85
247
532
598
420
235
183
220
337
403
305
98
-31
12
100
141
46
-106
-169
-121
-77
-114
-143
-162
-187
-209
-215
-214
-211
-194
-188
-200
-223
-239
-242
-191
-122
-147
-240
-272
-221
-135
-112
-184
-270
-287
-222
-175
-201
-248
-292
-309
-315
-313
-342
-362
-383
-314
-150
-171
-454
-622
-184
362
278
-291
-459
-24
393
460
351
276
119
44
352
835
851
311
-46
226
675
754
524
298
161
180
370
512
411
159
4
13
149
250
152
-82
-174
-63
-5
-109
-204
-184
-166
-237
-285
-275
-299
-339
-310
-237
-271
-392
-432
-346
-190
-115
-209
-365
-351
-166
3
17
12
28
-56
-28
138
390
420
251
101
143
383
520
464
282
199
205
285
371
359
222
39
25
110
186
137
-1
-107
-102
-47
-43
-79
-128
-159
-186
-181
-173
-187
-180
-184
-198
-223
-232
-226
-204
-170
-156
-205
-258
-243
-192
-141
-145
-209
-256
-271
-223
-164
-170
-219
-314
-342
-311
-246
-262
-354
-434
-423
-213
-83
-259
-580
-446
121
341
-59
-428
-195
245
391
321
308
228
44
152
633
879
489
14
119
562
721
543
361
256
182
279
488
502
255
27
34
185
290
215
-1
-124
-45
43
-32
-125
-132
-134
-209
-243
-193
-201
-294
-314
-234
-216
-296
-354
-306
-212
-143
-178
-274
-294
-166
-54
-8
-34
4
34
20
106
222
370
323
198
169
301
471
474
378
260
228
268
348
392
300
138
43
95
177
177
66
-61
-96
-61
-22
-44
-102
-157
-193
-193
-168
-156
-181
-199
-211
-213
-207
-193
-180
-178
-172
-179
-218
-223
-174
-138
-157
-195
-210
-216
-204
-186
-151
-173
-247
-316
-295
-222
-226
-329
-407
-397
-312
-148
-145
-367
-570
-294
226
268
-183
-411
-78
306
378
302
278
175
52
280
737
804
326
7
284
677
671
461
348
272
216
340
535
450
165
16
110
240
236
122
-21
-68
-20
2
-58
-109
-127
-172
-227
-214
-173
-236
-325
-282
-189
-223
-340
-352
-266
-193
-179
-212
-251
-239
-145
-56
-13
-17
41
41
63
131
246
383
309
227
203
358
496
460
367
270
261
305
391
391
260
104
72
149
222
197
53
-66
-73
-3
30
-12
-85
-160
-188
-155
-105
-115
-168
-211
-222
-191
-171
-157
-165
-174
-181
-201
-189
-155
-128
-143
-178
-196
-189
-171
-151
-154
-200
-226
-240
-232
-223
-249
-290
-356
-368
-363
-268
-131
-200
-457
-546
-124
281
129
-324
-353
68
338
314
263
258
118
74
411
800
647
142
47
431
679
548
384
332
239
192
365
517
362
79
17
145
240
201
76
-41
-73
-33
-18
-61
-98
-138
-207
-238
-196
-180
-268
-314
-253
-218
-302
-365
-311
-235
-221
-221
-238
-266
-243
-151
-63
-31
-75
-47
107
128
118
132
287
383
289
239
280
383
426
409
334
277
258
287
333
303
204
73
72
153
175
82
-33
-67
-55
-27
-20
-59
-142
-188
-181
-135
-97
-154
-230
-245
-192
-150
-152
-176
-200
-208
-192
-166
-139
-143
-183
-196
-172
-131
-149
-177
-178
-171
-169
-185
-198
-204
-220
-253
-298
-304
-292
-288
-187
-152
-298
-480
-280
150
200
-150
-342
-62
254
310
270
267
172
71
279
666
705
304
66
304
599
586
442
369
270
180
309
513
445
161
28
120
236
235
147
30
-56
-54
-3
-3
-58
-133
-200
-220
-194
-176
-218
-275
-267
-241
-273
-314
-288
-237
-229
-224
-222
-237
-236
-158
-67
-57
-92
-59
91
119
86
95
242
362
284
221
248
340
400
393
336
271
233
277
336
324
207
59
59
150
185
92
-42
-94
-76
-24
-14
-77
-170
-209
-182
-122
-101
-165
-236
-242
-183
-137
-150
-182
-211
-206
-162
-136
-121
-150
-179
-177
-142
-114
-129
-165
-166
-164
-168
-172
-195
-186
-203
-245
-299
-322
-269
-259
-200
-165
-283
-456
-361
76
255
-63
-383
-205
199
363
276
207
148
67
217
582
737
387
35
192
568
646
467
346
280
210
281
495
502
227
27
98
256
274
186
76
-26
-45
10
40
-10
-101
-167
-194
-196
-163
-169
-231
-265
-256
-256
-277
-262
-224
-218
-243
-238
-216
-202
-149
-88
-79
-116
-108
-10
181
164
60
54
217
405
341
261
231
293
396
452
383
267
201
266
367
351
230
54
65
170
191
105
-21
-73
-66
-13
10
-56
-166
-195
-153
-95
-87
-176
-226
-213
-158
-127
-151
-183
-204
-185
-126
-120
-154
-151
-156
-148
-122
-115
-126
-163
-165
-149
-148
-149
-172
-185
-190
-222
-259
-286
-266
-258
-256
-183
-216
-361
-397
-103
191
55
-278
-278
71
319
287
190
171
115
166
442
670
501
133
127
448
619
503
351
286
229
250
410
485
293
71
72
222
273
191
82
7
-20
9
40
-8
-90
-143
-154
-157
-156
-157
-206
-245
-223
-212
-242
-260
-221
-192
-199
-195
-189
-183
-139
-91
-50
-71
-69
-23
127
186
108
97
149
348
378
312
268
242
339
431
420
346
232
199
303
338
301
149
51
87
112
133
67
-33
-85
-77
-35
-39
-101
-148
-169
-178
-124
-121
-165
-200
-202
-146
-137
-167
-167
-140
-114
-129
-146
-108
-105
-124
-113
-106
-104
-154
-160
-123
-112
-130
-177
-194
-179
-182
-196
-232
-292
-314
-285
-167
-111
-289
-439
-320
42
170
-98
-300
-148
136
260
234
200
125
48
237
544
595
304
80
249
506
530
419
322
238
198
280
437
397
165
50
121
223
214
137
60
-6
-38
-15
-2
-24
-79
-139
-177
-190
-164
-158
-190
-218
-232
-260
-258
-219
-171
-182
-231
-223
-201
-154
-101
-73
-85
-123
-102
10
196
157
50
32
173
396
362
278
209
226
366
439
382
279
171
198
308
312
225
54
6
88
131
100
-18
-109
-110
-67
-40
-64
-140
-191
-204
-151
-94
-141
-190
-196
-166
-138
-137
-128
-117
-134
-125
-107
-86
-66
-85
-79
-88
-101
-93
-85
-65
-102
-141
-141
-138
-129
-144
-184
-215
-251
-273
-280
-234
-82
-119
-378
-480
-155
254
145
-277
-331
1
271
292
222
184
49
47
383
674
506
94
39
372
568
486
357
259
183
197
384
504
315
63
48
201
286
214
111
31
-28
-14
36
42
-14
-114
-165
-163
-137
-115
-144
-193
-217
-240
-233
-190
-153
-160
-215
-221
-179
-153
-109
-83
-57
-79
-96
-21
75
146
130
108
130
178
250
314
316
267
216
241
330
373
315
215
165
184
221
223
161
65
-4
6
59
58
-9
-96
-135
-111
-70
-75
-126
-176
-190
-162
-133
-126
-147
-168
-166
-139
-114
-99
-110
-123
-108
-85
-74
-76
-73
-73
-83
-85
-87
-83
-86
-95
-117
-133
-139
-130
-133
-166
-196
-227
-235
-244
-254
-130
-71
-229
-437
-302
139
248
-97
-347
-123
208
312
224
186
115
46
234
545
578
237
12
210
514
527
359
238
187
202
298
422
352
138
47
120
250
247
127
25
-7
20
36
14
-2
-48
-119
-146
-130
-90
-89
-143
-183
-207
-187
-152
-140
-146
-177
-196
-173
-120
-78
-63
-83
-89
-75
-4
93
143
121
46
99
209
317
331
224
177
207
297
363
317
202
130
143
224
246
149
38
-21
27
81
59
-12
-92
-119
-85
-45
-52
-106
-169
-174
-141
-104
-89
-126
-157
-154
-132
-95
-82
-82
-92
-122
-105
-64
-33
-39
-75
-96
-84
-72
-52
-61
-79
-122
-149
-121
-102
-96
-153
-194
-203
-191
-196
-209
-254
-235
-116
-146
-269
-328
-99
133
39
-182
-179
38
203
221
170
131
58
121
336
477
348
103
94
300
445
396
264
172
156
220
326
351
214
79
64
160
230
169
65
8
4
26
36
13
-27
-89
-111
-98
-89
-88
-120
-152
-158
-163
-144
-143
-134
-136
-143
-117
-117
-98
-64
-8
13
-21
-16
55
140
165
125
104
151
202
245
235
183
155
164
213
229
173
100
80
111
139
110
38
-11
-12
18
18
-19
-65
-100
-102
-72
-57
-79
-127
-144
-115
-87
-84
-99
-108
-99
-88
-85
-68
-64
-73
-83
-77
-59
-53
-54
-64
-77
-75
-71
-74
-80
-83
-85
-92
-105
-100
-101
-106
-119
-124
-126
-139
-141
-145
-160
-164
-113
-62
-68
-154
-149
-10
110
95
-10
-46
45
186
260
219
107
66
148
301
355
245
119
113
215
314
313
223
123
109
187
262
244
142
51
58
128
154
106
34
-5
-3
11
25
19
-26
-78
-91
-60
-39
-54
-75
-102
-94
-74
-72
-47
-57
-65
-59
-43
-8
7
3
0
16
35
67
88
100
96
87
109
143
162
150
116
106
131
152
140
107
66
64
75
84
65
12
-19
-15
10
24
-10
-50
-71
-63
-32
-23
-51
-93
-102
-74
-50
-56
-70
-84
-77
-66
-51
-39
-47
-62
-67
-51
-33
-32
-44
-53
-58
-58
-58
-55
-54
-65
-72
-79
-76
-57
-52
-68
-86
-81
-69
-74
-81
-83
-88
-103
-117
-99
-64
-76
-101
-109
-71
-13
2
-5
-19
-8
41
92
123
104
71
88
142
189
193
144
111
138
181
202
179
135
112
125
152
154
126
93
70
68
85
88
67
30
12
20
21
13
-4
-18
-26
-34
-26
-28
-33
-27
-35
-26
-15
-9
-10
-17
-4
18
41
36
20
21
44
78
87
61
41
51
71
93
84
56
35
35
48
61
44
18
-5
-9
10
5
27
27
7
-37
-47
-9
13
-26
-84
-90
-69
-46
-83
-112
-97
-75
-61
-80
-59
-37
-49
-50
-38
-7
-8
-42
-50
-31
-20
-32
-49
-45
-53
-67
-60
-39
-38
-55
-75
-74
-58
-50
-46
-58
-71
-81
-80
-55
-43
-65
-89
-91
-74
-59
-38
-38
-66
-65
-39
2
19
5
-8
-2
37
78
90
82
68
79
117
143
137
116
111
135
152
152
141
131
129
129
126
116
113
98
91
85
76
59
47
49
40
30
17
-2
2
10
13
10
7
-13
1
20
33
41
20
21
31
45
65
62
51
51
48
62
70
67
66
46
48
55
57
59
41
24
15
21
22
18
13
-3
-14
-17
-11
-7
-13
-31
-41
-37
-33
-31
-35
-34
-37
-42
-40
-24
-20
-25
-33
-41
-24
-15
-10
-12
-28
-33
-30
-19
-11
-19
-37
-45
-30
-19
-35
-50
-34
-31
-37
-42
-27
-4
-36
-55
-39
-8
11
-20
-32
-27
-6
5
4
-4
-19
-34
-11
19
5
-25
-45
-18
7
-9
-29
-30
-21
-14
-12
-11
-15
-18
3
20
17
9
12
35
46
40
39
43
50
64
64
63
58
58
68
68
73
60
50
49
52
60
53
44
41
42
42
43
43
44
51
48
45
52
62
71
67
63
60
63
72
80
78
63
58
67
75
72
57
45
47
48
49
49
39
26
14
26
40
20
14
8
8
5
3
2
-26
-31
-33
-18
-21
-50
-59
-54
-33
-23
-41
-40
-38
-34
-38
-34
-15
-39
-46
-31
-12
-15
-36
-39
-29
-9
-18
-29
-14
-7
-6
-10
-3
7
-7
-5
6
8
-7
-18
-3
6
-2
-20
-11
1
-5
-6
-2
-5
-11
-15
2
5
-7
-16
-15
-8
-10
-11
-20
-25
-22
-26
-28
-25
-27
-30
-31
-25
-26
-23
-32
-25
-14
-15
-18
-11
-1
6
4
8
20
17
20
17
14
21
33
32
30
31
44
58
56
53
60
62
69
77
81
72
73
81
82
88
81
77
81
81
80
79
80
80
76
69
65
71
67
59
59
57
53
50
49
51
41
36
39
33
31
21
16
24
22
16
8
4
1
-1
6
7
-3
-12
-10
-2
-2
-4
-11
-18
-19
-25
-19
-9
-13
-25
-31
-22
-10
-9
-14
-10
-12
-13
-2
5
-7
-8
2
8
5
0
1
5
12
23
17
11
16
26
25
24
24
19
27
23
19
9
8
14
15
17
10
3
6
12
11
9
2
-2
5
8
1
-6
-7
-4
-11
-6
-5
-6
-8
-6
-5
-6
-5
-6
-4
1
-3
-8
-1
-3
6
3
-3
-7
-10
2
5
3
-7
-8
4
9
5
1
5
8
11
22
26
23
26
34
42
42
38
35
44
54
56
52
50
47
53
50
52
49
41
48
46
47
43
37
34
31
31
27
17
17
24
28
24
12
15
15
11
12
12
8
-3
-4
-6
-2
-3
-7
-15
-19
-19
-21
-15
-16
-21
-23
-14
-9
-12
-14
-13
-5
-7
-3
-3
1
6
8
9
13
25
19
10
21
26
23
24
35
33
26
27
39
42
29
23
30
42
49
37
29
27
28
25
23
26
11
-8
-7
11
11
-3
-9
-8
-7
-1
10
0
-11
-12
-2
5
0
-11
-17
-7
1
7
1
1
3
5
13
15
4
3
10
9
8
9
7
7
9
5
8
10
16
18
19
21
17
20
19
28
27
24
23
25
31
34
30
30
25
27
28
28
23
21
26
22
20
16
16
8
10
9
9
12
6
3
10
11
7
0
3
12
8
0
-2
2
5
-2
-6
-3
-6
-8
-2
4
7
0
-4
-2
5
6
7
4
-2
4
13
12
6
3
10
14
17
16
16
20
19
23
28
27
17
21
23
24
22
17
17
19
24
19
20
23
17
17
15
17
11
4
7
12
10
3
2
-1
0
0
-5
-5
-3
-9
-3
-3
-6
-7
-3
1
1
3
4
5
6
18
19
14
13
16
28
24
25
22
22
25
31
36
32
27
25
22
22
26
27
29
27
22
28
30
29
27
28
27
26
29
35
39
28
28
31
35
38
31
28
30
32
27
26
20
15
18
9
9
8
6
3
-1
7
6
1
-3
-1
4
6
-3
-7
-3
-10
-8
-4
-3
-8
-17
-11
-8
-8
-9
-9
-7
-2
3
-3
-3
-4
3
1
-7
-2
-2
-4
-4
-1
2
3
-2
5
12
6
3
-1
4
9
10
4
1
2
3
6
4
1
-4
-3
1
-3
-8
-11
-13
-14
-13
-13
-16
-24
-25
-23
-19
-19
-27
-25
-21
-18
-21
-18
-26
-24
-21
-17
-13
-18
-22
-20
-10
-5
-1
-10
-11
-3
7
8
3
6
5
4
12
17
15
9
9
15
17
14
14
14
16
12
16
16
17
18
22
24
19
16
21
28
30
31
25
21
24
26
28
27
20
16
18
23
23
13
11
9
6
11
10
8
4
-1
1
11
12
5
1
5
13
14
12
8
9
8
14
15
10
10
3
8
16
14
10
10
16
14
21
20
15
10
13
20
18
16
10
10
18
24
21
22
19
19
16
21
19
15
14
7
8
6
2
-1
-4
-2
-8
-12
-15
-14
-12
-15
-18
-30
-29
-27
-26
-22
-26
-29
-32
-29
-25
-22
-19
-28
-23
-23
-18
-14
-16
-17
-11
-8
-9
-4
-7
-6
-2
1
3
1
4
4
9
16
18
10
8
17
20
15
10
11
8
7
8
12
2
0
2
3
4
0
-3
-2
1
-7
-3
-1
-4
-9
-11
-9
-11
-17
-10
-9
-14
-14
-16
-12
-19
-16
-18
-19
-16
-18
-14
-10
-8
-5
-7
-6
-2
-2
1
2
1
3
6
9
12
13
12
12
12
15
17
15
14
11
13
16
17
16
20
23
21
23
27
29
30
25
27
24
23
25
26
27
18
16
13
16
18
18
15
9
3
8
7
12
-1
-7
-5
-3
-1
-1
-4
-9
-11
-10
-5
-10
-9
-8
-8
0
0
0
-1
3
5
4
4
7
7
8
11
11
15
11
12
16
17
18
16
16
20
18
23
22
15
14
12
11
14
10
5
8
7
8
3
-1
-5
-2
-4
-1
-5
-7
-7
-6
-6
-6
-3
-10
-7
-10
-14
-11
-8
-8
-8
-8
-12
-13
-11
-7
-10
-12
-5
-5
-5
-1
-3
-6
-9
-3
2
-6
-8
-4
-3
-3
3
4
-5
-9
-3
-1
-2
2
0
-3
-1
1
7
8
4
-2
6
10
13
15
13
16
16
17
24
23
18
21
18
24
25
24
25
18
17
17
16
17
15
13
12
8
3
5
7
-1
0
3
5
10
11
8
7
6
12
13
11
13
18
15
14
18
22
23
18
20
23
28
26
29
31
32
33
38
44
41
40
38
40
48
48
42
44
45
37
37
45
41
36
36
40
42
39
33
32
28
30
25
22
19
13
14
16
15
9
7
9
5
8
9
7
4
-1
-2
1
1
-2
-5
0
2
1
4
1
-1
3
2
2
3
0
-3
-2
-4
-4
-1
-3
-3
1
2
-2
-2
0
2
5
-1
1
4
5
5
1
4
1
3
10
19
19
19
14
16
19
20
18
9
13
14
6
8
5
-1
-4
-7
-5
-7
-12
-11
-13
-14
-11
-9
-9
-11
-11
-8
-6
-10
-10
-10
-7
-5
-4
-2
-3
-7
-3
-1
3
2
3
8
6
9
15
16
15
17
19
27
31
32
31
36
40
41
46
42
45
50
47
49
47
44
44
41
50
50
44
44
46
47
41
43
38
45
42
41
35
38
39
35
36
37
36
30
29
32
33
39
36
30
38
36
38
40
36
38
39
45
45
37
40
34
37
41
38
36
33
31
30
35
29
31
22
23
24
24
26
22
26
29
30
35
31
29
28
31
29
32
34
28
31
28
32
26
21
22
21
25
21
23
24
22
15
18
17
17
16
14
10
11
7
6
9
10
2
2
5
2
2
3
4
1
3
5
2
8
8
3
9
5
9
11
11
14
14
17
18
17
23
25
22
17
19
21
20
20
19
17
17
19
19
16
14
17
14
16
14
14
16
14
18
14
15
17
14
20
18
15
13
14
15
14
15
14
14
11
16
19
19
16
20
20
18
21
23
23
22
23
22
22
24
20
20
16
22
23
24
22
24
23
22
21
24
24
20
20
19
23
26
24
22
21
26
27
26
24
25
25
26
29
28
27
27
26
29
34
28
25
24
29
26
26
24
21
23
22
24
25
23
21
19
23
20
15
17
17
13
15
14
10
10
15
14
5
8
8
10
12
6
9
6
6
7
7
6
4
5
7
9
10
12
14
13
18
19
24
27
20
21
24
27
28
26
23
22
20
21
19
14
14
11
8
11
10
5
4
7
6
9
5
6
6
2
7
8
6
7
10
10
7
10
11
14
12
12
9
12
14
8
11
6
4
8
8
11
10
11
9
11
13
11
9
4
6
8
8
5
5
8
12
8
10
11
8
11
8
13
14
16
12
6
10
10
7
7
1
2
1
6
10
8
10
10
13
11
8
10
11
15
16
16
15
20
18
19
22
21
18
17
16
17
14
12
19
16
16
19
19
16
18
22
24
28
28
28
23
24
26
30
33
31
32
29
31
33
31
32
33
33
33
34
33
35
36
34
30
28
27
26
24
22
12
14
15
11
15
13
13
12
13
11
12
16
13
11
15
15
19
19
12
14
15
18
14
14
14
14
16
14
15
19
15
16
18
19
20
18
18
21
22
20
17
15
14
17
16
12
11
6
6
6
6
7
5
6
6
7
5
-2
2
7
2
1
-1
-1
3
0
1
-2
-2
-6
-5
-7
-6
-8
-7
-4
-3
-1
-1
-2
-4
-5
-3
-3
-1
-4
-5
-5
-5
-5
-2
1
2
3
3
3
-1
2
6
4
3
6
1
6
2
4
9
8
9
9
12
15
19
17
20
17
20
21
22
20
17
17
19
21
18
21
21
20
20
22
23
21
20
15
15
15
17
13
16
14
10
9
10
12
12
11
16
16
15
16
13
16
17
18
18
18
22
23
21
25
28
24
25
24
24
20
22
20
16
17
17
19
19
19
23
24
20
19
20
24
24
21
18
18
18
12
13
10
4
0
6
3
1
0
-1
2
0
0
2
-1
-1
-4
-4
-5
-5
-7
-3
-5
-10
-9
-11
-8
-7
-6
-9
-6
-7
-9
-5
-9
-7
-10
-9
-6
-7
-12
-14
-12
-12
-11
-9
-12
-8
-9
-10
-13
-12
-5
-7
-3
-5
-1
1
-1
-3
-5
-4
0
0
-1
-4
-7
-8
-3
-6
-8
-7
-10
-10
-6
-1
-1
1
1
-2
1
3
0
-4
-4
-7
-12
-13
-11
-8
-12
-11
-10
-9
-12
-10
-9
-10
-10
-7
-3
-2
2
3
4
1
6
7
4
1
3
3
4
9
3
8
5
5
11
12
9
12
14
14
17
11
15
19
18
16
12
12
14
16
15
13
12
14
12
6
9
8
6
8
3
5
0
0
4
1
0
-4
-3
-3
-6
-6
-5
-5
-1
-8
-9
-7
-8
-8
-12
-13
-12
-9
-14
-15
-15
-20
-17
-16
-15
-10
-7
-4
-5
-9
-6
-1
-2
1
1
2
1
4
3
7
10
6
9
4
1
9
7
0
-1
0
0
-2
-4
0
-5
-6
-4
-6
-8
-10
-9
-7
-9
-9
-6
-8
-11
-12
-9
-15
-14
-15
-17
-17
-20
-20
-21
-23
-23
-24
-27
-27
-27
-30
-26
-27
-19
-21
-23
-20
-16
-15
-15
-11
-9
-8
-6
-8
-7
-6
-5
-9
-12
-11
-8
-6
-10
-10
-9
-5
-3
-5
-6
-5
-7
-6
-6
-9
-4
-4
-6
-5
-4
-5
-2
-10
-9
-5
-10
-9
-9
-11
-12
-13
-15
-7
-10
-12
-10
-13
-16
-13
-11
-14
-11
-10
-11
-11
-10
-11
-11
-12
-13
-10
-6
-9
-6
-8
-7
-8
-7
-4
-6
-3
-4
-11
-7
-2
-2
-4
-2
-5
-2
2
-2
0
2
1
-3
2
2
-4
-2
0
-2
-2
1
1
-3
-4
1
3
5
2
-3
1
2
1
1
3
4
4
2
2
0
2
2
0
3
-2
1
0
-1
-4
-5
-3
-4
-6
-9
-4
-9
-14
-4
-9
-5
-7
-6
-5
-11
-9
-10
-10
-13
-8
-12
-7
-9
-11
-11
-12
-7
-13
-14
-11
-10
-10
-11
-15
-10
-5
-10
-11
-9
-7
-6
-10
-7
-5
-7
-5
-4
-3
-6
-4
-5
-7
-11
-10
-13
-15
-17
-17
-18
-21
-18
-18
-21
-24
-25
-24
-22
-25
-20
-22
-25
-21
-21
-16
-19
-21
-25
-25
-23
-21
-24
-25
-22
-23
-20
-25
-22
-25
-21
-20
-19
-19
-20
-19
-18
-17
-19
-15
-17
-17
-13
-13
-9
-5
-3
-7
-3
0
-2
-4
-4
-3
-4
-3
-1
0
1
-3
-3
-2
-4
2
-2
-1
0
-3
-4
-1
-7
-7
-7
-9
-8
-9
-7
-7
-6
-10
-14
-20
-19
-18
-21
-21
-18
-19
-17
-21
-20
-20
-23
-17
-14
-18
-19
-20
-20
-21
-18
-14
-17
-17
-16
-11
-9
-8
-9
-16
-14
-11
-10
-11
-9
-11
-10
-9
-12
-9
-10
-6
-4
-7
-9
-11
-11
-11
-10
-6
-4
-9
-5
-8
-4
-9
-13
-12
-12
-10
-12
-11
-12
-12
-12
-10
-14
-13
-11
-8
-8
-10
-10
-8
-5
-8
-8
-7
-8
-9
-9
-6
-7
-8
-10
-7
-6
-12
-9
-9
-6
-3
-7
-4
0
-5
-3
0
3
-1
0
-1
0
2
2
0
-1
-1
-3
-3
-2
3
-2
-5
-8
-7
-2
-6
-7
-10
-7
-7
-11
0
-4
-5
1
-2
3
-2
-2
2
-5
-3
-3
0
-3
-7
-6
-5
-5
-5
-5
-8
-8
-9
-9
-4
-6
-7
-12
-9
-7
-5
-3
-5
-3
-4
-1
1
3
-1
-4
-7
-7
-6
-6
-6
-10
-12
-18
-15
-15
-14
-18
-22
-18
-12
-6
-8
-6
-9
-9
-9
-9
-6
-1
-5
-8
-6
0
0
-3
-1
2
0
4
0
-2
2
-2
-4
-5
-8
-8
-16
-18
-15
-15
-9
-13
-15
-10
-16
-11
-14
-15
-15
-18
-15
-18
-17
-16
-16
-14
-19
-20
-16
-19
-16
-16
-15
-10
-14
-12
-12
-14
-10
-12
-11
-13
-13
-11
-16
-13
-13
-14
-13
-7
-9
-8
-9
-13
-10
-12
-15
-9
-10
-8
-8
-6
-6
-3
-4
-7
-3
-1
-5
-1
-2
-3
-3
-7
-9
-7
-4
-11
-15
-14
-13
-15
-16
-21
-18
-18
-23
-17
-17
-20
-21
-17
-16
-11
-9
-9
-6
-8
-6
-6
-8
-3
-5
-3
-3
0
-2
-4
