-5
-4
-1
-4
-1
5
2
6
7
4
7
2
2
5
4
6
7
8
6
5
9
9
5
3
0
-2
-3
2
3
0
0
2
-3
-5
-5
-4
-2
-4
-1
-4
-2
1
6
0
-1
4
0
2
3
4
-1
5
4
4
10
5
9
9
8
7
7
8
11
11
12
11
10
11
14
17
17
16
14
11
9
13
12
12
12
11
10
12
17
10
10
10
9
12
9
9
8
9
11
10
9
10
8
7
3
1
3
1
-1
-5
-6
-7
1
-3
-6
-3
-3
-1
-1
-1
-1
4
2
5
4
5
3
7
6
7
9
10
6
5
7
3
8
10
10
11
13
13
8
8
9
5
4
4
2
-2
-3
-2
0
2
0
1
8
6
7
5
5
2
8
5
1
3
1
-1
5
0
-3
3
-1
2
1
3
0
1
1
-4
-2
0
-3
-2
-2
-5
-4
-3
-5
-9
-3
-2
-6
-9
-7
-5
-5
-2
-4
-9
-7
-4
-3
-1
-4
0
-2
-3
2
-2
-1
-6
-1
0
-1
-1
-2
3
2
6
4
3
0
0
2
1
2
1
-1
-4
-1
-6
-8
-4
-4
-4
0
2
3
3
5
6
7
6
10
11
8
13
13
12
10
10
15
17
10
8
7
9
12
13
12
9
6
10
9
5
7
4
8
9
8
4
2
3
6
4
1
2
3
1
-1
-1
-3
-2
-5
-5
-6
-8
-3
-2
-7
-6
-6
-4
-4
-7
-2
-2
-3
0
-1
-5
-2
2
0
2
5
6
-1
-2
-3
-6
-4
-6
-4
-5
-3
-4
0
-3
-3
-5
-1
1
-1
1
-3
-4
-5
-6
-4
-5
-6
-3
-8
-8
-10
-14
-13
-11
-6
-9
-8
-7
-9
-9
-7
-8
-8
-8
-10
-12
-10
-7
-7
-4
-6
-5
-4
-6
-5
-3
-7
-5
-7
-9
-12
-10
-8
-13
-13
-5
-7
-8
-3
-3
-3
-3
-4
-6
-4
-3
-4
-2
-5
-4
-2
-7
-8
-8
-5
-6
-8
-5
-6
-1
2
0
1
2
2
3
4
8
0
2
1
-1
0
-3
-1
1
-1
-4
0
-1
-2
0
-2
-1
1
2
4
3
0
1
-1
0
0
3
1
1
6
7
6
3
7
4
3
9
5
5
5
4
3
5
3
3
3
2
-2
-4
1
-9
-9
-4
-7
-8
-7
-6
-6
-8
-8
-5
-1
-1
-2
-7
-5
-2
-3
-4
-8
-3
-9
-4
-6
-4
-4
-7
-3
-5
-7
-7
-6
-8
-6
-6
-10
-5
-6
-5
-6
-8
-5
-9
-1
-5
-3
-1
-5
-5
-5
-10
-8
-3
-10
-9
-5
-8
-6
-1
-3
0
2
-1
-1
1
4
-3
-4
-3
-6
-5
-8
-5
-8
-9
-12
-12
-10
-12
-11
-9
-11
-15
-11
-14
-14
-13
-16
-10
-12
-17
-19
-21
-12
-15
-11
-8
-14
-12
-10
-3
-3
-2
-6
-5
-8
-9
-4
-6
-3
-5
-9
-7
-2
-3
-7
-4
-5
-5
-1
-2
-6
-8
-3
-5
-5
-3
-3
-2
-5
-3
-1
-5
-5
-10
-8
-8
-6
-6
-5
-4
-2
-2
-7
-6
-4
0
-5
-3
-3
-10
-2
-1
-4
-2
-6
-8
-5
-6
-9
-5
-3
-5
-2
-6
-1
-4
-3
-3
-2
-3
-4
-5
0
-1
-3
-3
-2
-4
-5
-9
-9
-5
-6
-5
-5
-5
-6
-7
-8
-9
-8
-7
-5
-8
-7
-6
-4
-3
-3
1
-2
0
-3
1
-3
-6
-3
-10
-6
-9
-6
-4
-6
-3
-2
-4
-6
-7
-9
-9
-11
-9
-9
-12
-19
-14
-15
-14
-19
-14
-10
-10
-6
-7
-8
-6
-6
-7
-5
-4
-6
-3
0
-6
-4
-7
-3
-7
-8
-5
-7
-7
-6
-7
-10
-9
-9
-8
-7
-5
-7
-7
-11
-11
-7
-7
-7
-5
-7
-4
-3
-4
-2
-7
-6
-5
-4
-4
-6
-7
-6
-4
-5
-7
-8
-4
-4
-6
0
-7
-7
-9
-7
-6
-9
-4
-6
-3
-3
-3
-2
5
2
0
2
4
2
0
3
4
6
8
6
5
4
4
4
4
5
7
8
12
12
8
12
8
6
8
5
1
2
2
4
7
1
3
4
1
3
1
5
-1
1
-2
-5
-3
-3
-5
-7
-4
-9
-4
-8
-6
-8
-12
-6
-7
-9
-14
-8
-8
-7
-7
-4
-7
-8
0
-5
-4
-4
-3
0
-6
-5
-8
-8
-8
-7
-5
-10
-10
-9
-14
-12
-13
-10
-8
-9
-9
-9
-6
-9
-8
-7
-10
-14
-13
-10
-9
-9
-8
-10
-8
-14
-17
-14
-11
-16
-18
-10
-14
-16
-17
-12
-13
-16
-11
-14
-13
-8
-10
-7
-8
-7
-5
-5
-6
-3
-1
-1
-3
2
3
4
-1
4
2
1
7
4
2
1
5
3
8
6
3
5
6
8
8
10
8
8
8
9
9
8
8
7
12
11
9
8
13
10
7
12
13
9
10
13
13
11
14
17
10
17
16
10
18
14
11
12
12
10
12
12
15
15
12
11
14
11
12
11
8
12
8
7
12
16
8
7
10
10
7
5
4
9
6
5
6
5
3
-1
5
5
4
1
3
1
-2
4
-1
-1
4
1
6
13
5
1
1
4
6
-1
2
10
10
6
10
12
6
3
2
2
3
1
0
1
5
6
-2
-6
3
-3
-11
-5
-3
-6
-11
-5
1
-6
-12
-6
1
-5
-11
-10
-6
-3
-9
-11
4
-3
-11
-6
-2
-4
-10
-7
-3
-9
-16
-13
-3
-7
-17
-14
-9
-9
-14
-15
-8
-11
-15
-13
-4
-4
-11
-11
-4
-3
-3
-9
-4
-6
-9
-6
-3
4
-9
-8
4
-2
-5
-3
-5
-3
-2
-3
-6
-2
-4
-4
-3
-2
5
1
-6
-5
-12
-15
-7
-1
-9
-8
-3
-4
-6
-2
-1
-1
2
8
8
-2
5
12
5
2
14
16
3
13
12
7
-6
9
8
2
4
12
8
-4
6
12
6
2
13
15
4
0
11
18
5
-1
10
14
0
-9
10
7
-7
1
9
1
-7
7
11
0
-1
11
17
0
-3
16
8
-7
5
21
-6
-13
12
7
-16
-7
16
3
-19
5
12
-17
-5
17
-3
-18
2
7
-10
-15
3
5
-12
-9
5
2
-11
-3
5
0
-7
1
9
2
-7
0
10
-6
-16
1
0
-10
-1
2
-5
-1
-7
0
7
-2
-4
-2
-3
0
-1
-4
-10
1
7
-9
-10
9
9
-7
-15
6
12
-22
-23
13
3
-32
-14
10
7
-26
-17
6
2
-26
-21
5
-4
-24
-21
10
0
-25
-7
9
1
-19
0
9
1
-9
-3
11
1
-8
3
6
-1
1
7
1
-7
6
1
-8
-1
18
9
-18
4
28
-5
-17
18
24
-6
-5
21
27
-4
-6
15
15
4
-14
7
24
-11
-15
6
12
-24
-13
25
-10
-23
9
8
-21
-17
21
-2
-21
-3
20
-5
-20
11
11
-12
-16
8
6
-18
-9
9
-6
-8
-3
-8
-11
-10
-20
-9
-8
-6
-8
-14
-7
12
-17
-27
12
-2
-31
-27
15
0
-42
-16
30
-10
-37
-16
28
-24
-40
5
7
-25
-19
3
-15
-29
-5
-19
-13
-16
-1
-13
-14
-2
-11
-19
-16
8
-4
-10
-4
6
5
-25
-5
26
-3
-24
-3
18
-9
-26
-10
20
-24
-19
-4
3
-10
-17
-14
1
-15
-15
-18
1
-5
-25
-14
6
-10
-25
-9
1
-12
-21
-13
2
-28
-14
-7
-16
-13
-18
-6
-13
-18
-28
-3
-9
-16
-13
-3
-13
-11
8
-4
-12
3
-2
-6
-5
9
-11
-3
22
-8
-3
23
-3
-12
17
12
-17
2
23
-1
-15
9
19
-16
-17
17
9
-19
-1
15
-6
-16
5
1
-4
-17
9
3
-11
3
3
4
-10
5
-2
2
-9
-7
-2
0
-10
-16
11
-11
-20
-3
-1
-13
-13
9
-3
-19
-2
23
-16
-18
13
15
-11
-19
21
19
-31
-12
34
-1
-39
4
22
-27
-27
17
2
-29
-7
2
-10
-29
-1
3
-31
-17
13
-9
-20
-13
10
-26
-19
2
-11
-40
-17
10
-28
-48
-4
2
-37
-34
11
-17
-43
-9
0
-28
-33
5
-16
-43
1
0
-32
-17
8
-9
-31
1
5
-24
-21
1
2
-19
-12
11
-1
-30
-6
-4
-25
-5
4
-15
-25
-4
8
-26
-18
3
-13
-32
-5
15
-18
-36
10
-7
-29
-14
-5
-13
-38
-25
-1
-33
-29
0
-17
-14
-26
-6
-13
-12
-13
-3
-15
-14
-7
1
-25
-5
12
-19
-23
17
3
-33
-16
23
-10
-39
7
20
-18
-20
14
13
-8
-17
19
-1
-10
-7
4
-6
-7
-11
3
-15
-4
-7
-6
-5
-9
-3
-5
-20
-3
3
-24
-25
23
-9
-44
1
23
-22
-29
13
5
-24
-20
10
-7
-24
-13
2
-5
-25
-23
9
-13
-20
-6
-9
-13
-13
-20
-3
-18
-14
-10
-10
-14
-29
-4
-8
-25
-17
0
-14
-19
3
-4
-19
-2
-1
-13
-17
-4
-6
-9
-26
9
-5
-30
-7
-3
-4
-37
-7
17
-35
-18
6
-14
-24
-20
-7
-16
-28
-15
-3
-18
-24
-7
-10
-31
-7
-10
-23
-18
-12
-14
-26
-23
6
-23
-46
18
-5
-46
-2
2
-20
-35
-11
4
-18
-29
-12
7
-14
-32
5
4
-29
-15
4
-25
-12
-10
-23
-7
-8
-15
-17
-18
2
-27
-30
-1
-3
-53
-10
-16
-17
-13
-22
-24
5
-14
-27
10
-10
-16
-13
11
-10
-4
-2
1
-9
3
2
-10
0
3
1
-17
2
20
-17
-15
4
25
-27
-26
29
4
-40
-7
25
3
-42
16
34
-34
-11
43
-9
-33
23
24
-33
-16
17
-15
-29
-2
0
-31
-12
-5
2
-33
-15
10
-10
-23
-4
11
-15
-20
-8
10
-19
-32
26
-8
-36
-2
4
-39
-24
-3
-13
-32
-17
16
-16
-36
3
33
-31
-30
29
8
-41
-14
23
-5
-34
-2
15
-6
-40
-4
16
-36
-24
2
-7
-33
-11
0
-27
-21
11
-22
-18
-4
-13
-18
-2
2
-29
-7
-1
-7
-21
-14
16
-4
-31
-2
17
-26
-32
30
-16
-31
13
24
-18
-28
42
0
-39
-3
34
-14
-43
27
6
-40
-12
8
0
-16
-32
2
4
-15
-32
9
12
-34
-8
12
-10
-8
-11
12
6
-17
-14
19
0
-37
5
12
-2
-35
23
-4
-16
-1
7
-9
-11
16
-4
-5
15
10
-11
-10
16
-7
3
-11
10
18
-7
-8
8
14
-19
-2
11
-8
-16
-5
-11
-2
-10
-27
-5
23
-27
-35
20
10
-35
-20
48
-4
-41
11
28
-22
-57
37
10
-38
-22
27
-17
-33
-4
1
-20
-15
13
-24
-17
10
-3
-14
-37
20
-6
-54
11
18
-10
-38
7
14
-28
-27
13
-2
-41
-6
6
-24
-34
3
-7
-49
-3
-6
-34
-8
-7
-22
-13
-2
14
-28
-15
8
-10
-24
-15
6
-14
-34
-6
11
-36
-20
-4
7
-23
-27
19
-23
-23
-3
-7
-11
-20
18
-22
-15
-5
25
-39
-9
33
-23
-9
5
8
-31
5
8
-14
-21
27
-22
-1
-6
-6
11
-13
-1
-9
6
-11
3
-2
-17
10
-15
-17
15
-4
-22
-2
-4
-13
-10
-16
-8
-17
0
-23
8
2
-14
-4
6
-2
2
8
-10
20
12
-7
-3
21
3
-18
2
26
-14
-9
5
28
-26
-10
3
1
0
-13
-5
16
-2
-41
3
11
-18
-26
16
5
-8
-10
0
5
-25
14
-18
-3
-6
5
-9
-20
23
-24
-8
-2
-21
7
-13
-8
0
-6
5
-13
-1
1
-6
-23
9
-11
2
-33
10
-10
-17
-3
-18
-3
1
-24
-26
29
-19
-27
2
15
-32
-28
30
-23
-29
-10
-9
6
-45
-18
14
-31
-30
9
-18
-27
-20
-9
-21
-6
-21
-25
15
-15
-35
-6
-8
-34
-35
12
-21
-28
-18
11
-33
-31
7
-19
-31
-23
-12
-15
-12
-42
-7
5
-32
-51
32
-33
-41
-23
21
-39
-47
-3
5
-42
-47
15
-15
-58
2
3
-31
-32
7
-28
-15
-4
-50
21
-7
-39
-16
9
-24
-30
-2
-13
-13
-22
-3
-2
-30
-5
-1
-9
-25
12
-7
-2
-7
-14
10
-6
-33
16
16
-40
-26
36
-8
-54
5
21
-31
-41
11
24
-50
-33
59
-9
-67
33
36
-64
-3
40
-19
-30
0
32
-34
-33
40
0
-55
-5
43
-42
-33
15
9
-40
-3
19
-19
-16
4
-7
1
-16
-18
10
-29
-1
9
-26
2
-4
-7
-10
-39
49
-19
-43
31
16
-56
-9
44
-24
-56
17
32
-61
-17
35
-1
-57
14
39
-31
-34
44
3
-44
6
18
-10
-33
8
3
-17
-32
10
18
-40
-12
21
-3
-38
-1
18
-29
-16
-5
8
-42
-9
23
-43
-14
-5
4
-27
0
5
-11
-25
-8
13
-29
-41
5
10
-60
-19
42
-55
-33
10
13
-54
10
6
-1
-49
30
12
-36
-6
5
26
-53
6
37
-35
-10
6
17
-14
-23
19
7
-4
-14
9
28
-28
-13
33
-7
-37
11
34
-39
-18
28
-8
-36
13
-1
-25
12
13
-23
-4
20
5
-18
2
27
-23
-16
26
3
-36
10
16
-10
-36
17
25
-54
-2
18
9
-46
6
44
-30
-35
50
-18
-20
-8
29
-16
-6
16
2
17
-27
11
19
-29
1
24
-7
-12
25
6
-20
5
11
-4
-15
19
-13
10
4
2
18
-30
31
-7
-36
18
27
-61
15
35
-47
4
5
-1
-5
-19
3
14
-24
-20
5
8
-39
-11
2
-21
-11
-38
10
-15
-32
3
-10
-27
-9
2
-20
-13
-1
-8
-9
-15
8
2
-31
-2
30
-31
-27
42
-12
-25
19
-24
7
3
-36
20
21
-53
15
34
-44
12
20
1
-30
28
-4
0
-17
9
13
-27
-11
45
-16
-46
50
-7
-44
23
-18
13
-40
7
19
-16
2
-8
13
2
-15
14
17
-2
3
10
17
6
-11
25
32
-19
19
18
8
-2
28
29
-13
6
71
-31
-27
72
31
-86
52
70
-46
-19
62
16
-49
44
34
-20
8
47
22
-9
22
51
-14
-9
50
19
-49
35
51
-29
-22
54
24
-37
-11
59
-4
-54
28
40
-31
-34
45
33
-64
-4
66
-52
-63
53
4
-85
18
59
-79
-26
58
-1
-65
23
65
-40
-24
43
29
-38
-13
73
-26
-39
44
36
-60
-2
63
-41
-52
73
-33
-47
27
9
-53
-13
34
-36
-29
8
-14
-9
-34
-17
32
-37
-30
25
-31
-39
7
-36
-3
-10
-7
-24
22
-22
1
-14
12
18
-33
-12
13
19
-49
-26
78
-59
-31
25
22
-55
30
5
-6
-11
-1
22
-22
4
9
-7
-30
32
6
-26
-5
53
-18
-23
34
3
-14
29
-31
10
30
-9
-46
59
14
-52
37
21
10
-35
22
40
-13
-10
34
39
-29
27
43
-16
37
35
-33
39
24
18
-23
34
45
-22
22
36
39
-28
51
23
13
-7
30
24
-2
16
24
23
-5
14
42
-19
-1
64
-5
-28
50
11
-17
7
18
9
0
-16
37
9
-31
44
28
-15
-1
53
-20
-19
62
-34
15
29
-22
20
20
-9
-2
36
-30
13
21
-1
-24
17
37
-55
38
19
-20
-37
69
-23
-57
52
6
-47
5
30
-30
-17
19
11
-22
-15
54
-52
-9
19
-16
-33
15
-11
-5
-26
19
6
-71
17
31
-68
-3
46
-39
-36
45
-8
-37
3
46
-51
-30
51
-20
-29
1
22
-12
-18
43
6
-21
12
-17
27
-29
-15
28
-3
-42
15
40
-61
7
50
-31
-1
41
-22
16
26
-24
24
15
-19
19
28
-24
10
24
-25
26
-6
-1
9
1
29
-18
9
17
6
-18
38
25
-39
44
14
-39
12
54
-58
18
29
28
-60
38
70
-70
28
85
-33
-5
55
22
-33
44
56
-44
30
33
22
-44
68
-5
-23
66
12
-6
20
46
-12
38
30
5
20
7
10
34
1
-1
42
-16
26
-19
50
-14
-30
66
-19
-26
75
-34
5
25
-10
42
-29
38
19
4
5
13
46
-35
29
42
-20
10
39
21
-71
96
-5
-38
32
38
-41
-22
104
-67
-23
60
-7
-72
38
52
-93
3
60
-52
-41
70
-41
-36
56
-35
7
-5
-12
7
3
-17
7
-6
15
-15
20
16
-20
8
0
9
-36
6
16
-30
-8
25
-20
-38
59
-39
-25
36
-13
3
50
-53
25
54
-94
54
26
-47
-24
65
-45
-41
84
-24
-43
47
15
-38
36
3
7
25
-38
56
1
-36
21
32
-21
-12
64
-24
15
-8
41
15
-33
40
38
-17
20
58
-46
16
35
15
-11
20
24
7
16
6
63
-15
-5
71
8
-18
48
31
-40
62
53
-52
2
88
-37
-50
90
22
-52
1
68
-17
-46
60
14
-33
-8
41
-15
-29
35
21
-5
-11
38
33
-46
31
74
-34
3
64
39
-66
20
94
-38
-33
55
88
-88
-2
114
-45
-65
88
39
-96
40
72
-64
-3
56
-18
-23
18
11
-32
-47
16
4
-42
-37
39
-13
-97
51
8
-61
-10
53
-17
-71
42
29
-78
2
28
-47
-7
-17
2
-33
-22
12
-30
-16
-21
-5
-31
-12
-22
-11
-22
-41
-3
-26
-38
-25
-8
-47
-29
13
-12
-39
13
16
-63
25
2
-23
-1
6
-4
-8
21
6
-2
6
-1
-6
15
-6
6
-1
-8
12
11
6
0
8
11
2
7
-8
5
5
-16
-1
10
-26
-11
14
-10
-8
5
5
-19
-11
30
1
-9
25
21
-21
55
36
-1
15
68
-6
3
52
9
-4
-4
22
7
-34
4
35
-20
-8
38
24
-35
17
36
-15
-22
41
25
-37
16
49
-14
-8
40
31
2
36
48
14
-16
15
45
-16
11
55
-8
-9
41
6
-2
35
21
15
23
17
8
15
-6
-5
35
-7
8
32
-25
-10
10
-25
-16
2
-15
-33
-28
-6
-47
-34
0
-24
-11
15
1
11
11
32
16
8
26
38
-16
-15
23
-32
-59
-17
-4
-52
-83
-7
-40
-100
-56
-19
-56
-97
-10
5
-107
-15
33
-65
-53
10
-25
-59
-21
6
-43
-58
-4
12
-41
-46
50
2
-59
13
43
-35
-15
52
36
-14
14
69
20
3
77
64
7
24
64
24
-2
50
47
7
26
46
35
6
26
42
31
27
35
48
24
27
40
47
29
35
64
41
33
53
34
28
38
31
10
-6
17
-20
-28
-12
-27
-57
-43
-31
-69
-53
-40
-64
-71
-61
-53
-53
-50
-50
-56
-50
-60
-58
-37
-54
-72
-53
-45
-83
-73
-70
-89
-83
-99
-89
-80
-128
-122
-113
-150
-152
-127
-102
-122
-95
-26
-6
-8
31
74
74
102
176
188
177
195
225
208
179
213
188
153
142
137
110
72
53
30
1
-27
-18
-24
-65
-74
-87
-89
-81
-72
-75
-72
-55
-56
-47
-15
-21
-29
18
16
12
46
44
44
65
81
105
136
128
141
148
136
143
150
138
116
108
92
77
50
23
1
-19
-35
-47
-55
-88
-102
-103
-116
-102
-90
-99
-98
-97
-97
-92
-82
-84
-80
-74
-75
-69
-84
-89
-92
-111
-118
-129
-137
-157
-170
-169
-170
-180
-196
-220
-242
-261
-244
-250
-228
-151
-103
-51
-14
4
9
68
145
181
243
284
279
267
282
282
273
253
243
229
181
160
118
67
10
-13
-3
-25
-49
-62
-100
-144
-128
-103
-98
-98
-75
-76
-77
-50
-21
-2
4
28
67
75
74
94
96
92
105
147
158
122
108
100
67
66
88
94
85
80
55
20
5
18
13
21
36
18
-3
-25
-38
-48
-51
-25
-5
-18
-27
-33
-47
-47
-23
7
13
5
3
-6
-27
-29
-12
-11
-16
-43
-54
-91
-125
-127
-146
-171
-179
-201
-232
-259
-290
-291
-300
-295
-280
-290
-308
-338
-331
-322
-295
-219
-132
-48
6
26
30
72
167
248
309
378
379
350
338
349
344
319
302
290
235
172
119
58
-11
-60
-64
-65
-104
-151
-196
-227
-229
-203
-147
-126
-149
-156
-135
-128
-88
-20
17
27
64
84
80
100
116
131
164
182
195
193
140
94
79
85
98
112
100
40
-4
-7
-35
-35
-29
-32
-54
-58
-59
-83
-92
-81
-57
-39
-16
2
-17
-27
-19
16
59
75
93
77
49
48
65
80
68
76
46
3
-26
-58
-74
-95
-114
-124
-150
-197
-244
-269
-274
-294
-282
-265
-291
-328
-335
-331
-334
-334
-317
-318
-277
-171
-78
-8
23
32
66
185
295
364
407
410
388
380
426
476
436
367
333
290
229
181
146
75
-29
-70
-52
-93
-185
-229
-253
-269
-244
-183
-175
-225
-259
-228
-164
-100
-31
-2
-10
-10
41
93
124
159
167
169
198
222
205
170
144
122
122
136
128
82
18
-25
-36
-20
-14
-35
-84
-131
-129
-117
-100
-91
-99
-107
-100
-62
-29
-23
-23
6
35
57
84
109
85
60
85
114
114
115
75
27
5
-19
-32
-49
-81
-129
-163
-180
-209
-244
-258
-279
-301
-308
-315
-315
-340
-338
-308
-303
-308
-331
-342
-355
-330
-245
-129
-18
25
-13
-4
93
216
311
397
461
421
365
403
492
498
440
420
396
308
223
202
178
84
-11
-29
-15
-106
-221
-236
-231
-249
-237
-187
-197
-279
-309
-228
-131
-82
-50
-24
-33
-39
14
104
160
172
174
184
209
213
214
208
188
183
180
173
117
80
61
22
-5
59
61
-64
-118
-103
-101
-106
-47
-29
-99
-147
-123
-52
-21
-24
-8
18
10
14
66
108
92
64
107
131
110
89
66
53
15
-2
8
-20
-87
-145
-150
-161
-209
-230
-256
-307
-327
-331
-312
-322
-351
-360
-344
-340
-351
-331
-337
-378
-380
-284
-161
-76
-13
-28
-29
32
166
311
376
396
374
364
394
471
521
481
400
345
320
271
230
203
123
6
-44
-37
-80
-179
-239
-249
-251
-263
-256
-261
-305
-325
-286
-189
-132
-142
-153
-138
-102
-40
50
112
99
69
73
137
208
218
211
197
166
150
170
171
150
126
99
72
81
76
11
-38
-35
-17
-23
-21
-42
-105
-151
-121
-51
-21
-41
-73
-75
-59
-25
24
75
66
15
34
87
96
94
83
61
42
19
26
30
-14
-74
-86
-90
-129
-166
-190
-213
-247
-272
-287
-281
-318
-341
-318
-295
-308
-317
-323
-364
-367
-343
-285
-188
-80
-30
-70
-75
10
175
290
341
382
354
307
340
481
570
502
413
377
335
266
259
295
228
69
-10
0
-40
-129
-178
-171
-199
-269
-284
-260
-295
-345
-300
-200
-175
-222
-225
-182
-141
-99
-19
41
19
-27
7
100
164
191
184
154
115
129
168
197
192
170
113
95
108
116
116
71
62
35
19
-7
-20
-4
-47
-61
-44
-39
-76
-99
-57
-31
-31
-21
4
-20
-30
2
55
81
42
21
21
17
16
34
53
2
-62
-68
-72
-97
-124
-136
-166
-214
-245
-243
-237
-274
-301
-284
-284
-300
-307
-303
-307
-338
-347
-330
-309
-257
-142
-18
-57
-127
-57
114
210
240
322
350
269
257
418
544
473
365
377
377
294
277
344
315
139
33
97
112
3
-74
-48
-77
-179
-184
-121
-150
-237
-226
-140
-141
-202
-195
-145
-127
-128
-73
-15
-38
-91
-38
64
105
101
100
81
54
90
173
185
150
133
117
100
149
202
202
136
103
121
118
133
128
129
87
12
20
60
35
-9
-7
-5
-47
-74
-46
-22
-55
-71
-48
-37
-77
-90
-37
-30
-59
-64
-41
-66
-103
-83
-47
-63
-129
-140
-125
-156
-182
-157
-142
-207
-265
-240
-209
-226
-244
-225
-232
-292
-312
-264
-246
-289
-293
-198
-105
-86
-117
-111
-39
47
119
188
229
189
149
210
367
424
353
296
282
255
228
295
352
263
116
70
112
129
101
69
32
-33
-89
-67
-14
-31
-91
-122
-115
-111
-125
-110
-90
-97
-118
-103
-80
-76
-77
-58
-28
-9
-6
-15
-26
-9
47
78
68
56
63
55
53
105
188
175
96
113
162
157
148
213
220
114
68
124
156
113
100
98
30
-41
-30
28
33
-29
-87
-97
-106
-112
-64
-18
-58
-140
-137
-88
-74
-68
-42
-48
-108
-130
-75
-31
-41
-62
-67
-78
-105
-86
-46
-53
-93
-114
-118
-122
-121
-86
-74
-109
-155
-167
-154
-157
-167
-166
-166
-128
-70
-96
-147
-99
1
16
13
77
89
13
29
173
245
170
123
148
135
111
170
256
219
96
43
89
138
151
139
107
48
-5
2
70
100
58
-13
-45
-38
-36
-17
15
14
-58
-109
-97
-50
-26
-31
-29
-35
-59
-71
-51
-8
17
5
-14
-19
-9
-16
-8
21
48
24
-26
-12
33
41
30
71
80
23
-6
43
99
60
31
54
39
-24
-12
51
43
-21
-42
-13
-24
-46
-11
23
-10
-57
-28
7
4
21
32
24
9
4
29
49
34
27
26
13
11
21
20
5
-11
-13
-20
-29
-23
-23
-38
-55
-77
-73
-62
-66
-80
-80
-91
-128
-136
-118
-126
-159
-170
-166
-188
-211
-180
-132
-132
-166
-158
-125
-112
-96
-54
-11
-19
-38
-7
43
52
44
65
84
60
66
110
126
106
96
112
124
129
145
153
147
145
149
160
183
191
179
156
161
166
162
160
160
146
102
79
94
85
50
36
22
-13
-49
-52
-53
-68
-95
-118
-138
-150
-162
-156
-148
-164
-179
-182
-172
-166
-150
-127
-114
-101
-96
-77
-53
-28
4
17
28
34
46
70
91
103
106
99
90
95
106
111
112
109
88
70
63
76
74
62
42
24
6
-5
10
13
-8
-33
-50
-59
-53
-49
-52
-66
-87
-94
-84
-57
-53
-68
-86
-92
-83
-76
-69
-69
-86
-107
-109
-105
-101
-96
-107
-133
-150
-153
-160
-166
-165
-175
-177
-163
-150
-131
-133
-118
-76
-44
-29
-5
26
38
46
93
143
153
141
144
166
178
178
194
206
183
155
152
163
156
140
132
120
104
88
86
88
68
43
43
44
21
3
1
-5
-19
-30
-24
-22
-37
-45
-43
-50
-51
-50
-51
-53
-46
-46
-57
-54
-49
-53
-52
-38
-15
-19
-43
-22
-10
-12
-3
17
24
11
11
24
33
32
36
49
48
34
32
44
47
46
56
57
48
40
44
48
50
47
41
40
41
35
21
24
23
6
-6
-15
-21
-33
-44
-48
-54
-63
-79
-87
-94
-93
-97
-104
-104
-104
-108
-112
-112
-99
-96
-98
-79
-64
-70
-67
-49
-39
-35
-25
-13
-14
-11
-2
12
11
2
2
7
2
-17
-17
-17
-27
-41
-38
-32
-32
-35
-32
-26
-22
-19
-12
-4
-4
-7
0
12
14
9
9
22
21
23
33
44
33
29
42
52
49
49
55
54
46
50
57
56
55
54
51
46
41
48
44
39
31
30
26
8
3
3
-1
-10
-20
-20
-23
-30
-25
-19
-7
-8
-1
10
7
6
21
34
32
27
28
31
21
24
35
29
16
3
2
6
-8
-9
-6
-12
-24
-30
-22
-23
-33
-37
-31
-38
-45
-43
-38
-32
-41
-47
-42
-35
-27
-16
-7
-4
-8
-2
9
23
30
31
30
32
31
36
45
41
38
34
26
17
13
13
15
7
-9
-13
-23
-28
-36
-39
-45
-56
-65
-61
-62
-68
-64
-63
-64
-68
-60
-48
-41
-48
-46
-45
-42
-35
-34
-28
-27
-29
-32
-41
-34
-30
-36
-33
-44
-47
-39
-38
-38
-38
-38
-34
-31
-28
-18
-16
-12
-9
-3
3
6
12
19
26
24
32
45
54
54
62
70
73
71
68
73
74
78
73
63
54
48
51
44
40
40
21
9
14
19
6
-7
-12
-19
-33
-29
-18
-25
-35
-43
-40
-43
-44
-32
-29
-32
-40
-31
-19
-11
-5
-7
2
7
3
17
28
29
23
22
24
23
24
25
31
27
16
10
11
12
6
8
7
-5
-7
-6
1
-1
-5
-1
-3
-6
-2
7
8
11
12
15
8
6
11
20
20
15
11
10
7
4
9
10
6
-1
1
1
-4
-9
-6
-4
-1
1
-7
-13
-13
-8
-6
-8
-12
-12
-17
-18
-8
-6
-9
-9
-3
-1
-3
-3
5
4
2
9
15
14
12
14
20
25
21
25
23
16
13
11
16
13
15
9
-5
-9
-4
-2
-4
-4
-9
-9
-9
-13
-12
-2
-4
-8
-3
2
-5
-13
2
8
3
1
14
14
7
12
19
21
13
11
17
17
14
13
12
7
-2
1
2
3
-2
-2
-4
-9
-14
-14
-11
-18
-23
-27
-24
-26
-24
-18
-18
-21
-22
-16
-11
-12
-6
-3
-5
-3
4
19
22
18
16
22
24
28
36
35
33
39
35
27
30
43
41
33
29
27
27
17
18
26
20
7
2
6
7
2
5
5
0
-1
-8
-9
-3
-11
-11
-4
-6
-10
-11
-3
-7
-11
-9
0
1
-6
-2
3
-1
-2
-2
2
-5
-6
5
-1
-11
-15
-10
-12
-12
-4
-11
-22
-19
-15
-8
-3
0
-6
-4
-4
4
16
25
20
21
26
27
30
40
44
40
45
41
42
43
41
49
44
35
30
29
28
24
20
13
11
2
-7
-6
-2
-15
-24
-22
-23
-28
-28
-26
-30
-31
-29
-21
-18
-19
-20
-17
-13
-11
-6
3
9
3
2
9
18
18
24
37
36
32
35
42
36
36
33
38
31
20
18
14
12
8
7
6
-4
-5
-7
-8
-5
-8
-10
-12
-10
-9
-4
3
1
4
6
13
15
14
23
20
20
23
28
22
18
14
8
11
3
5
2
-4
-9
-11
-11
-15
-15
-17
-18
-20
-17
-10
-6
-11
-11
-8
-7
-2
2
5
12
14
18
20
20
27
33
35
37
39
39
35
32
37
35
40
28
27
28
16
16
15
16
11
2
5
3
0
-4
-4
-3
-11
-6
0
-4
-8
-5
2
2
5
18
21
18
15
25
31
34
40
40
37
34
36
38
39
35
27
29
36
27
21
22
24
16
17
18
8
-2
-2
-4
-6
-5
-4
-1
-6
-10
-3
1
1
10
10
11
13
16
19
22
16
16
21
19
31
24
25
19
12
10
12
12
6
0
-8
-5
-3
-10
-10
-10
-17
-18
-11
-8
-8
-5
-5
-3
-2
-1
10
17
12
12
17
21
22
23
26
28
22
24
28
30
28
24
24
24
23
26
27
16
9
5
8
11
2
6
5
-2
-4
-1
4
-3
-1
-1
-2
1
-2
1
5
7
9
11
14
10
14
19
21
24
28
29
27
29
30
29
29
24
16
10
11
10
5
7
2
-2
3
0
4
4
4
-4
-3
6
4
2
0
1
-1
0
8
10
4
0
2
7
8
9
11
5
6
2
9
13
9
4
1
6
6
4
10
12
15
10
9
13
10
11
22
22
15
16
14
16
20
24
24
29
20
16
20
17
21
19
16
10
7
6
12
8
10
12
12
5
1
1
-3
1
-2
-1
-2
-1
-3
-6
2
3
3
4
13
9
4
6
11
17
15
13
12
20
19
22
24
24
23
22
28
30
26
19
22
15
13
13
14
9
5
3
1
1
-5
-4
-6
-6
-9
-8
-14
-17
-19
-17
-10
-13
-16
-16
-13
-8
-5
-1
-1
0
3
4
9
10
13
15
10
7
3
10
5
3
10
7
0
-1
-4
3
8
8
10
5
3
6
7
13
18
15
17
16
10
15
24
21
24
24
21
16
15
13
16
13
9
1
2
-2
-8
-5
-4
-7
-16
-19
-21
-24
-23
-17
-16
-22
-22
-22
-18
-17
-15
-6
-6
-11
-7
-3
-2
2
3
8
12
15
20
24
26
26
26
29
27
32
31
28
32
32
35
35
30
27
27
24
22
16
14
12
10
5
8
10
8
6
4
4
-2
-3
3
3
5
10
5
5
7
12
19
13
14
13
6
8
7
8
9
3
3
1
-4
-6
-9
-8
-9
-20
-20
-16
-17
-18
-10
-10
-10
-7
-5
2
2
9
9
17
17
18
20
24
27
30
33
32
32
28
27
30
23
20
24
11
4
1
-1
-3
-10
-12
-16
-26
-30
-26
-23
-27
-30
-27
-27
-25
-26
-19
-17
-18
-11
-10
-6
-4
4
7
9
9
16
19
14
14
17
22
28
32
29
30
25
27
33
30
27
25
21
20
15
13
14
8
3
-2
1
-2
-8
-7
-12
-21
-17
-13
-12
-9
-9
-7
-9
-3
2
-1
5
1
3
4
2
3
-1
-3
-2
-6
-1
-5
-9
-11
-14
-15
-17
-13
-17
-14
-12
-10
-11
-8
-5
-8
-5
0
2
8
14
16
18
15
17
20
24
26
27
27
25
24
24
28
29
24
19
16
18
17
15
12
6
7
8
4
0
-3
-4
-5
-9
-8
-6
-8
-8
-8
-6
-3
-2
2
4
7
5
8
19
19
18
20
20
23
25
29
25
21
27
27
28
31
26
25
24
17
16
11
6
4
0
1
0
-3
-6
-7
-7
-10
-7
-2
-6
-5
-5
-4
-5
-4
-5
-6
-3
-10
-8
-5
-3
-7
-4
-1
-3
-6
-8
2
3
-2
-4
-3
-6
-5
-3
-5
-8
-12
-12
-8
-6
-4
-12
-13
-10
-14
-8
-6
-7
-7
-7
-6
-8
-9
-5
-3
-3
-3
-1
-1
-2
4
7
3
1
-1
-6
-5
-5
-7
-4
-3
-10
-10
-11
-7
-10
-7
-3
-9
-10
-10
-6
-9
-4
-1
0
-2
-1
6
4
9
9
9
17
17
21
27
24
24
25
27
27
27
29
30
21
16
19
14
19
16
18
17
8
11
8
8
3
3
-3
-3
-3
-6
-3
-5
-2
-5
-1
-5
-6
-1
-1
-3
-3
-6
-6
-4
-4
-4
-3
0
-5
-6
-7
-6
-6
-1
-1
-1
-7
-6
-7
-5
-2
-1
0
-6
-5
-5
-1
4
12
9
12
14
13
14
12
13
9
11
13
13
11
10
10
7
10
9
8
7
5
9
3
3
1
-2
-4
-8
-6
-4
-6
-7
-12
-18
-17
-17
-12
-11
-8
-11
-14
-9
-5
-8
-11
-8
-7
-5
-6
-6
-7
-3
2
2
4
3
3
2
5
2
2
0
-4
-5
-13
-17
-15
-16
-16
-20
-23
-22
-18
-20
-17
-16
-21
-20
-18
-14
-13
-11
-2
-2
-3
-4
0
4
1
1
-4
-1
-3
-7
-7
-4
-8
-10
-12
-14
-11
-12
-13
-10
-13
-12
-14
-15
-12
-11
-12
-10
-11
-15
-13
-12
-6
-8
-8
-5
-2
-3
-7
-3
-7
-5
-3
-4
-5
-3
-2
-1
1
1
-1
-4
-7
-5
-3
-2
-5
-6
-7
-4
-1
-5
-3
-1
5
3
47
51
19
-12
-29
-57
-62
-27
1
12
27
48
34
14
14
20
21
36
51
80
59
35
12
-18
-47
-25
-13
-14
-7
17
7
-12
1
-2
-28
-40
-23
-40
-61
-36
-18
-33
-26
-7
-1
-24
-13
-10
-42
-51
30
58
12
-7
-17
-68
-99
-41
-32
-10
43
49
-6
-14
-23
-40
-5
28
28
-4
-8
-59
-32
5
9
-7
32
-11
-58
-36
3
-24
-34
15
-1
-52
-37
8
-16
2
36
24
-25
-12
-25
-29
-39
-26
-48
-14
15
10
-19
-37
-40
-54
-29
-7
6
9
4
-37
-42
-20
-18
-29
2
20
-10
-28
-4
-10
-27
3
22
-2
-8
5
-15
-15
17
10
-21
-5
4
-18
-8
12
13
1
12
24
-15
-11
46
12
5
57
57
-3
26
35
-12
-10
38
29
-11
-13
0
-22
-65
-33
-5
-24
-33
-7
-6
-40
-28
-40
-19
5
-30
-17
-7
-5
-12
-36
41
-14
-61
3
0
-60
-10
35
-30
-31
17
2
-61
-5
35
-38
-24
27
-5
-3
-8
2
-25
-26
-5
-17
6
-14
-22
15
-19
-54
-15
16
-41
-29
-5
-31
-40
-38
-17
-30
-66
-5
-32
-56
-33
-26
-70
-44
12
-33
-53
17
-52
-56
9
-19
-19
-34
2
-59
-19
-19
-41
16
-49
-1
-18
-33
-4
-43
-4
-13
0
-19
-37
30
-45
-58
7
17
-53
12
2
-41
-20
-10
14
-47
-10
23
-11
-51
24
-10
-59
-19
47
-50
-9
22
-23
-44
-22
16
-5
-36
14
-6
-76
24
5
-13
-53
22
19
-34
-20
42
-40
-17
52
-27
-18
38
-14
-37
13
36
-71
47
51
-84
25
22
-24
-20
20
-8
-18
11
-6
-38
25
18
-37
12
21
-50
-3
14
-20
-12
30
1
-35
-20
18
-53
43
51
-18
-34
22
-44
-13
15
-23
31
-16
-11
13
23
12
7
11
10
33
6
42
-34
28
-7
-9
43
-25
-18
30
-16
-26
55
-18
-6
-16
21
-43
-10
-6
-39
5
-5
-70
42
-19
-108
26
10
-39
-49
52
-44
-28
-2
-22
12
-13
-52
4
11
-33
-37
7
20
-50
-47
14
52
-123
-46
73
-63
-90
46
1
-72
-52
24
-40
-93
23
-7
-31
-31
-2
-28
-53
13
-4
-6
-49
50
-7
-39
34
-41
-11
63
-96
-7
54
-66
-106
78
54
-125
-25
71
-17
-164
33
82
-141
-83
130
-85
-71
18
-13
-93
8
-4
-71
23
-24
-69
-45
31
-45
-52
-8
61
-115
-24
81
-31
-26
2
85
-73
3
100
-32
-31
85
15
-46
26
78
-24
-14
16
73
-68
-8
104
-73
19
20
-10
7
35
-40
24
26
-20
-1
42
-44
-9
66
-41
-22
19
23
-11
-37
31
46
-70
63
23
-37
29
41
-16
-37
84
-56
-32
18
3
-88
43
6
-60
11
2
-42
23
-90
39
11
-57
6
38
-12
-20
41
1
-7
24
42
-49
14
31
-14
-33
7
55
-82
-40
45
16
-70
-27
79
-73
-27
65
-102
2
11
-89
35
-15
-70
13
22
-75
-20
46
-33
-66
87
-65
11
-39
-25
36
-40
-49
64
-20
-72
6
39
-39
-79
63
18
-63
-67
93
-9
-138
52
45
-77
-76
53
18
-158
54
8
-49
-53
33
-9
-115
37
-12
-28
-20
24
-32
19
-15
-51
25
21
-63
-45
116
-55
-86
89
43
-152
78
70
-68
-25
71
15
-55
5
87
-47
-5
38
17
-2
1
3
16
48
-11
18
70
10
-23
40
45
-3
22
12
81
-33
8
64
16
6
-20
90
-19
-29
68
-34
16
42
-62
46
8
-4
-27
14
11
19
-67
77
18
-36
6
107
-52
-47
138
21
-76
88
78
-40
-6
80
44
-43
-21
131
8
-127
140
35
-73
1
100
-45
4
39
-21
23
75
-107
13
125
-92
-73
129
8
-131
32
83
-61
-57
63
30
-115
37
54
-92
-10
21
-3
-90
59
-9
-69
14
-17
-33
-23
10
-55
0
-7
-47
-24
-2
-9
-51
-28
34
-18
-91
51
0
-60
-31
78
-57
-40
65
-21
-60
52
23
-41
-38
92
45
-144
58
102
-86
-99
164
-22
-139
106
15
-76
13
38
-55
14
23
-14
-14
54
-49
10
-18
-23
16
-42
-10
14
-54
18
-22
-21
29
-31
29
-12
-24
73
-46
19
12
76
-34
-13
104
24
-60
37
120
-46
-9
51
82
-75
32
102
-37
-16
95
8
-29
65
57
-1
-13
108
-12
-34
96
15
-11
30
72
-30
34
58
4
20
91
-3
-5
110
18
-70
87
71
-71
3
141
-76
-58
106
1
-105
91
33
-70
15
64
-35
-36
72
-11
-32
51
-17
-19
10
0
-23
1
8
-21
-9
-11
53
-95
41
31
-82
36
10
-41
-18
15
-30
-57
23
-9
-74
-17
19
-57
-49
18
27
-117
34
70
-109
-24
82
-62
-68
70
24
-113
70
-45
-13
17
-53
-19
82
-92
-89
148
-74
-105
62
39
-124
18
0
-16
-27
-51
-2
16
-70
-40
60
-61
-100
90
-59
-68
34
6
-66
-37
76
-76
-44
40
-11
-37
-9
-4
-15
-13
-36
-23
50
-16
-86
116
-27
-87
79
19
-44
54
36
-56
49
34
-17
2
10
43
13
-72
51
80
-71
-44
138
12
-92
117
54
-45
52
63
-12
49
-1
28
30
28
24
23
32
3
29
10
28
19
9
56
13
-15
85
17
-36
59
49
-33
4
36
38
-55
28
103
-68
57
14
34
8
43
42
-12
84
39
-21
51
54
-49
78
-7
54
12
10
24
53
-27
19
62
3
-22
56
62
-66
22
57
-15
-23
19
3
12
-49
22
-24
55
-97
-21
94
-47
-128
110
18
-142
22
93
-90
-105
95
23
-203
39
115
-142
-121
177
-63
-176
80
60
-137
-70
168
-129
-52
21
40
-113
9
2
-6
-43
-32
44
-38
-78
28
18
-97
-21
97
-81
-52
83
-7
-25
-48
30
42
-66
-101
137
0
-168
45
133
-169
-39
146
-75
-90
82
-5
-74
1
51
-13
-78
53
24
-45
-53
44
20
-74
-18
94
-38
-68
58
45
-32
-32
104
-5
-14
25
44
18
-35
60
-1
21
25
8
42
31
-42
48
68
-71
46
126
-78
5
109
10
-61
49
123
-47
-13
134
25
-74
103
77
-40
47
99
-14
33
34
70
18
17
94
24
9
89
38
-32
93
57
-26
32
117
-40
8
136
-41
-17
138
-7
-28
92
46
-30
23
85
14
-45
106
47
-109
79
60
-64
13
66
9
-40
39
63
-38
-22
85
-6
-29
-2
66
-60
-28
89
-69
-17
52
-9
-7
28
-44
65
-16
-24
30
15
-13
-2
29
4
-18
4
34
-18
-39
60
-4
-32
20
-10
30
-15
-27
52
18
-59
24
29
-56
50
-16
6
-12
38
-17
-28
63
-1
-59
42
71
-76
6
48
20
-66
43
40
-4
-45
81
20
-82
85
5
-45
39
52
-38
61
-6
25
46
-27
3
116
-64
-13
103
-11
-1
3
53
30
-9
44
26
56
-15
42
35
0
50
26
6
73
30
-13
88
28
5
71
57
4
72
45
34
56
49
29
84
14
60
45
24
65
9
20
106
-58
34
132
-71
44
110
-12
-8
137
23
-30
128
42
-12
81
48
23
44
54
26
80
-13
36
82
23
-15
74
96
-38
8
152
-55
-5
104
28
-17
23
112
-19
-39
93
33
-64
45
83
-16
-57
114
1
-67
49
81
-87
18
86
-75
-2
71
-63
-6
52
-29
-48
61
-14
-76
78
-13
-45
30
2
-40
13
1
-7
-51
69
-7
-93
69
17
-86
7
48
-28
-49
49
55
-95
12
28
0
-79
18
30
-1
-108
65
34
-86
8
69
-16
-51
42
34
-27
-31
70
-2
-6
-30
38
23
-89
27
57
-24
-41
36
61
-59
-8
94
-16
-39
84
4
-27
48
8
-21
57
12
-25
62
33
-46
35
62
4
10
70
23
31
26
15
63
0
54
2
32
78
-53
28
80
-18
-5
77
63
-47
24
165
-45
-23
152
48
-90
111
82
-28
-3
126
22
-68
102
80
-25
40
87
63
-28
96
58
-2
65
61
7
54
59
4
26
76
-3
25
67
30
0
65
52
-4
50
33
41
-2
41
72
-26
1
136
-77
-11
116
-7
-72
90
30
-41
-5
68
9
-20
41
40
-4
-11
24
25
-9
-23
79
-18
-66
60
23
-78
18
40
-23
-19
34
-8
-4
-36
33
1
-18
16
11
-7
-23
-31
41
0
-135
81
66
-172
-13
121
-132
-19
60
6
-46
-19
62
12
-79
46
75
-105
11
50
-19
-51
13
31
-18
-43
35
28
-18
-7
40
20
-13
41
38
-18
14
54
-35
34
21
-13
29
-6
16
51
-6
8
56
21
-9
68
49
10
22
63
42
-1
35
87
-42
18
101
-7
-8
72
36
-14
58
40
3
25
62
3
30
27
22
22
14
21
46
14
-21
79
29
-14
65
69
-4
46
66
59
23
7
116
60
-53
88
145
-119
49
176
-36
-42
176
40
-72
102
112
-56
49
111
32
30
48
62
37
30
28
33
47
21
-4
41
51
-10
-4
68
40
-43
69
46
-19
16
63
-5
-6
87
12
-25
22
77
-78
1
97
-45
-59
115
-45
-52
70
26
-55
22
63
-65
-10
63
-36
-53
48
-35
-31
-7
16
-62
31
-10
-49
3
17
-18
-44
47
14
-64
23
24
-19
-35
-5
45
-50
-65
86
-13
-69
25
25
-18
-29
47
5
-36
26
21
-25
17
-16
18
14
-40
13
38
-33
-4
58
24
-45
73
42
-20
22
72
7
16
40
41
31
-26
45
71
-47
32
77
-3
6
61
28
3
51
40
9
16
54
-3
-18
69
18
-15
27
40
13
-8
28
33
39
19
22
55
13
41
37
30
69
38
31
50
22
47
32
16
58
56
15
27
77
27
13
69
44
32
86
-13
53
48
13
38
51
50
19
16
58
43
-2
51
68
33
3
84
-6
36
76
-1
57
31
71
19
13
20
88
-14
-33
85
65
-71
17
79
-8
-17
50
11
29
15
-32
59
10
-20
4
45
-33
1
-8
-11
3
-11
-26
30
-22
-19
45
-30
-3
37
1
-30
46
-30
-16
-1
-16
-20
-9
-13
-14
-24
0
7
-64
26
41
-47
-28
95
-13
-89
88
19
-68
38
22
-50
18
-32
5
0
-17
18
-32
29
12
-38
41
28
-25
12
38
13
-28
46
41
-47
40
72
-13
-20
63
64
-40
22
88
7
-31
77
9
-13
53
28
-23
41
41
10
-32
76
29
-40
69
70
5
23
61
28
57
3
76
65
14
36
74
21
34
37
31
69
3
26
106
6
-8
97
64
1
35
106
14
-12
88
72
-7
21
86
40
-20
24
110
-12
-25
86
63
-36
22
90
28
-6
52
108
-22
29
62
57
-17
25
93
7
-34
87
19
-20
34
28
37
-35
54
19
13
1
39
39
-26
19
89
-49
-26
82
18
-45
9
97
-36
-48
58
80
-82
-1
113
3
-97
64
75
-115
0
65
-37
-52
19
4
-29
-29
15
9
-46
-1
29
-24
-39
8
-18
-24
-24
1
-5
-65
-5
6
-65
-17
-2
-23
-49
12
4
-56
27
36
-50
2
62
-20
-17
29
33
-36
14
44
-6
-21
41
29
-48
55
10
-16
31
27
10
14
36
-26
40
9
-19
57
0
-8
56
10
-21
67
6
-26
85
17
-39
72
49
-45
31
78
-21
12
55
43
-6
17
50
37
-34
32
89
-20
12
77
38
-21
39
72
17
-12
66
76
-37
1
91
30
-70
71
101
-43
-1
112
49
-51
68
106
-6
6
118
28
-20
55
47
-2
9
55
23
-13
45
41
3
8
50
29
34
1
43
34
-36
23
60
-31
-39
96
-13
-41
39
40
-38
-31
77
12
-61
26
69
-28
-45
63
27
-69
22
58
-39
-19
14
-4
-13
-39
20
-1
-26
8
7
-27
-16
19
-3
-10
-16
4
1
-45
-18
25
-34
-43
19
-23
-23
-39
-12
-9
-30
-46
10
-5
-46
-8
-5
4
-24
-23
-9
8
-16
-27
2
13
-18
-21
-9
33
-18
-25
-6
27
-30
-40
33
-2
-23
-9
43
-3
-35
2
42
-15
-23
21
47
-23
-16
67
27
-51
23
85
-6
-54
42
74
-82
-57
104
47
-122
36
136
-83
-77
131
38
-94
55
105
-31
-18
69
38
-43
17
52
23
-19
17
56
-21
-18
61
38
-25
42
58
8
19
46
32
4
44
71
-9
9
40
20
-10
7
50
14
-22
45
36
-3
0
39
43
-28
38
67
-39
17
68
-33
-15
77
-8
-23
53
32
-42
26
64
-27
5
61
2
-16
35
41
-28
1
60
-24
-17
32
6
-18
6
14
3
-10
-19
30
-1
-10
-11
6
6
-47
-5
25
-15
-39
2
30
-65
-16
31
-59
-37
15
-7
-46
-4
32
-49
-60
60
-3
-98
20
49
-93
-44
39
-33
-77
11
36
-68
-44
28
-28
-59
-1
5
-45
-26
-11
-7
-36
-51
23
-12
-71
6
21
-54
-34
32
-12
-22
-9
22
18
-50
7
26
-34
-17
20
-10
-40
0
32
-48
-13
52
5
-49
38
53
-49
2
46
4
-23
24
32
-42
25
16
-27
19
7
13
0
11
28
9
-6
23
54
-5
9
69
14
4
44
23
4
29
21
10
45
7
3
57
11
-10
57
30
-41
47
50
-42
26
54
-32
-4
12
9
8
-14
11
31
-12
-30
49
15
-17
2
56
15
-6
26
31
-4
-11
31
29
-32
0
36
-14
-25
25
32
-18
1
26
26
-15
-4
22
10
-19
7
18
-13
11
18
-18
15
23
-19
0
6
28
-12
-13
28
0
-39
-5
30
-27
-29
28
-5
-64
22
6
-73
-5
32
-50
-42
29
-2
-75
-4
54
-37
-41
10
8
-34
-62
-5
18
-49
-56
31
9
-93
-20
31
-70
-47
57
-30
-64
21
-7
-47
-17
22
-10
-39
-5
-1
-38
-31
-12
-9
-25
-23
1
10
-24
-12
10
-2
-13
7
12
-3
-4
-6
-11
14
-20
-32
11
-3
-34
-15
4
-19
-12
4
-8
2
21
0
15
17
17
7
10
31
-3
-5
19
12
-23
-13
26
6
-39
17
40
-28
0
36
-2
-6
30
13
4
22
8
4
12
-5
-10
11
-6
0
22
3
-17
9
31
-5
-11
64
27
-29
30
50
-14
-13
38
27
-32
6
10
-41
-4
-11
-11
11
3
-12
-8
10
15
-28
12
19
-16
-3
6
-13
-13
-1
-8
-14
14
-7
-27
19
7
-34
1
30
-36
-32
33
-8
-66
29
26
-67
-20
49
-40
-54
24
23
-44
-8
36
-24
-28
8
17
4
-13
10
18
-17
-31
1
-7
-31
-9
15
-12
-34
-7
-1
-40
-20
17
-15
-22
3
-2
-24
-10
9
-14
-23
11
-3
-27
-31
-7
-24
-38
-6
-3
-36
-19
17
-16
-12
19
16
-18
2
34
1
-22
28
24
-17
7
6
0
2
-8
1
25
-16
-23
9
11
-18
-9
25
14
-5
9
38
8
1
14
31
7
15
17
11
20
-8
9
29
29
1
13
36
1
8
29
28
9
28
27
7
22
13
21
12
10
23
4
15
-8
-5
31
7
-5
9
42
8
-25
41
44
-5
17
48
25
-4
11
39
21
-14
4
48
-2
-30
32
29
-14
-4
56
24
-24
31
46
-9
-8
24
28
-4
-13
27
42
-24
-12
68
16
-31
37
63
-26
-15
56
40
-30
3
46
-1
-16
17
14
-8
-21
-1
1
-14
-13
-12
11
1
-9
5
27
-3
-10
14
20
-12
-3
11
-15
-11
2
-4
-2
-1
13
14
-2
13
12
12
33
14
25
11
11
8
-16
5
20
-28
-7
28
-24
-59
16
9
-65
-16
55
-28
-33
29
20
-11
-2
37
18
2
12
31
14
-7
6
42
-2
1
33
36
-18
-18
32
22
-50
9
43
-25
-46
33
18
-40
-4
32
1
-25
10
23
9
8
26
36
16
41
19
19
33
23
9
16
21
-7
2
-9
-8
13
-14
-7
11
4
-14
5
22
1
27
29
0
34
38
-8
36
31
13
10
28
30
4
2
15
25
0
8
27
10
13
4
18
23
15
7
23
23
2
8
24
10
11
11
4
2
8
9
-4
15
26
9
12
23
25
5
26
23
22
27
12
13
15
9
-10
2
11
2
6
23
1
19
12
-1
38
24
-5
37
37
10
4
28
21
-16
-21
18
3
-29
4
24
-20
-5
25
-1
7
16
16
23
4
11
28
-2
-5
28
14
-21
10
17
-11
-4
4
6
-5
-6
21
14
-9
5
22
3
1
31
6
10
21
-3
-2
25
-3
-18
30
3
-14
-3
11
0
0
13
18
14
3
20
22
-2
11
21
11
4
21
18
-4
1
12
6
0
5
2
8
-5
4
16
10
3
19
16
-1
6
16
8
7
18
0
9
5
8
8
18
18
16
14
20
33
15
8
38
32
-4
25
42
10
4
28
26
12
11
31
26
8
8
30
35
10
22
38
27
18
18
19
30
-1
6
23
7
8
10
15
1
1
9
7
-2
3
8
6
5
11
19
7
-5
13
20
-13
-4
19
9
-15
8
16
-6
-4
7
16
13
-4
1
20
-2
-11
15
14
-3
-2
13
6
-9
-3
9
11
0
-2
8
-1
-7
-4
8
10
-3
4
9
0
-12
1
12
-6
-17
4
-1
-23
-16
9
-7
-17
5
19
0
-11
-1
3
-7
-24
-2
9
-22
-20
4
-8
-19
-2
6
-10
-2
12
3
-16
8
13
-7
6
7
-10
-11
2
0
-1
6
2
-9
-2
5
-6
5
11
10
-2
5
7
1
11
7
5
13
4
-8
1
2
-3
-6
1
10
-4
1
8
3
-1
10
13
5
5
8
11
4
2
-1
4
9
-1
2
12
-1
-4
12
7
-5
10
25
-10
4
27
3
-3
14
13
-5
-1
8
9
3
3
11
13
-1
1
6
6
8
9
8
10
9
4
7
8
7
6
6
10
-3
-2
3
1
1
1
5
1
-2
0
0
-1
-2
-10
-11
3
-8
-15
4
-1
-7
-7
-1
4
-4
-4
7
2
-6
-1
-3
-8
-11
0
-12
-11
8
1
-11
-3
11
-4
-3
9
16
-4
-2
16
0
-4
5
6
2
2
3
0
3
2
1
6
-5
-12
1
-1
-13
-9
-1
-15
-18
-5
-12
-23
-19
-10
-22
-16
-6
-10
-12
-10
-5
-13
-10
-2
-11
-13
-4
-10
-18
-14
-9
-22
-16
-7
-18
-15
-15
-5
-14
-12
-1
-2
0
-7
1
-8
-18
-8
-3
-13
-15
-1
5
-5
-6
3
1
-4
-2
4
-4
-8
-4
-2
-11
-9
-4
-8
-9
-7
-9
-11
-4
-7
-18
-3
2
-18
-1
-2
-16
-9
0
-6
-15
-2
2
-11
-11
-4
-9
-22
-21
-7
-5
-18
-4
1
-11
-15
-11
-9
-22
-18
-10
-5
-16
-20
-11
-18
-22
-12
-7
-12
-16
-12
-5
1
-2
-4
2
4
0
-6
-1
-7
-12
-6
-7
-17
-10
-14
-23
-19
-18
-16
-16
-10
-12
-7
-15
-14
-6
-8
-13
-14
-14
-24
-23
-21
-18
-23
-26
-23
-20
-24
-23
-12
-7
-16
-7
-5
-13
-14
-8
-5
-15
-6
-7
-15
-20
-12
-12
-19
-13
-9
-14
-14
-8
-10
-12
-7
-2
-5
-7
-7
-9
-17
-15
-7
-15
-21
-15
-17
-20
-19
-11
-11
-13
-15
-11
-14
-19
-9
-7
-17
-13
-12
-16
-20
-16
-20
-22
-10
-17
-16
-17
-15
-16
-13
-9
-16
-20
-14
-18
-27
-24
-21
-25
-26
-23
-17
-19
-25
-17
-12
-13
-13
-9
-9
-15
-13
-15
-12
-18
-14
-10
-13
-16
-15
-3
-7
-15
-17
-12
-7
-14
-4
1
-9
-7
-15
-6
-10
-17
-13
-15
-20
-20
-17
-15
-21
-20
-17
-14
-15
-14
-2
-1
-3
2
-4
-4
1
4
-1
2
5
-3
-6
-5
-9
-5
-7
-5
-1
-2
-10
-16
-11
-10
-14
-7
1
-9
-11
-5
-10
-10
-3
1
-8
-9
2
-4
-15
-7
-2
-13
-9
2
4
-5
-6
-5
-7
-6
-9
-7
-5
-6
-5
-2
2
-6
0
3
-3
1
-2
-3
-8
-8
-11
-18
-15
-9
-10
-13
-17
-7
-7
-6
1
1
-7
-5
-2
-2
-3
-6
-4
-4
-1
-4
-8
-13
-15
-20
-15
-10
-14
-7
0
-1
-1
2
7
4
4
10
4
0
0
-9
-11
-11
-19
-17
-12
-20
-18
-13
-21
-20
-12
-10
-6
-2
-1
4
-1
0
-2
7
0
-4
-4
-9
-10
-12
-8
-3
1
-5
3
11
2
9
22
18
9
9
13
0
-3
6
-5
-13
-8
-5
-8
-12
-10
-2
1
2
14
19
14
19
27
22
20
21
22
13
5
0
-4
-13
-17
-13
-11
-12
-13
-9
2
3
8
18
16
13
11
11
14
9
7
11
3
0
-5
-5
-8
-13
-3
2
0
2
11
13
7
13
22
23
17
15
17
9
1
6
9
-1
0
0
-3
-7
-5
-1
-1
5
11
17
17
17
16
9
6
6
6
10
7
5
5
4
6
6
8
13
4
8
15
19
18
12
18
19
13
17
13
11
13
12
11
5
0
-2
-5
-5
0
-3
-3
0
2
9
4
6
11
14
11
13
14
5
4
6
6
5
7
0
-3
-4
-10
-15
-6
-1
-9
-8
-3
-5
0
-2
-3
0
-2
-5
1
3
-2
2
11
9
-1
1
1
-3
-13
-4
-4
-4
-6
-11
-8
-16
-14
-5
-2
0
10
9
10
10
13
9
6
7
1
0
-4
-1
-10
-13
-10
-5
0
1
2
5
5
12
10
14
15
15
17
19
15
12
5
1
0
-6
-2
-6
-6
3
2
3
10
11
11
15
21
12
11
18
15
12
11
7
3
4
7
2
2
1
0
2
-2
7
9
5
10
12
14
11
11
17
16
15
17
14
8
2
-1
-1
4
10
9
9
10
7
4
8
12
16
19
23
26
22
24
27
30
30
28
23
21
18
16
12
4
8
10
8
10
14
11
6
8
13
10
9
13
9
14
15
12
4
-2
-3
-6
-7
-5
-8
-11
-9
-15
-10
-7
-4
1
2
7
5
13
10
9
8
4
-1
-4
-4
-8
-8
-15
-8
-13
-11
-11
-4
5
2
0
3
9
4
9
12
11
6
4
-5
-11
-11
-9
-8
-13
-14
-17
-16
-15
-4
-2
6
4
7
16
9
12
10
7
8
6
2
-7
-8
-18
-25
-19
-20
-18
-16
-6
-1
10
15
15
17
15
16
10
14
8
1
-1
-5
-11
-9
-14
-16
-12
-5
-5
-4
3
3
10
11
20
23
20
17
22
17
8
9
9
-3
-8
-4
-7
-16
-15
-7
-4
0
4
16
23
16
21
27
22
14
15
14
7
3
-4
-12
-7
-1
-3
0
-3
-4
-1
-2
3
13
13
16
12
10
9
-3
-2
-2
-12
-11
-16
-18
-17
-18
-12
-15
-9
-8
-3
4
5
7
10
8
6
7
3
-4
-8
-5
-11
-10
-7
-15
-12
-7
-7
-2
6
6
6
5
2
-2
-4
-6
-7
-8
-13
-18
-22
-29
-28
-31
-30
-28
-26
-23
-27
-22
-18
-16
-15
-18
-14
-11
-14
-19
-19
-20
-23
-20
-22
-26
-30
-30
-32
-24
-22
-22
-19
-14
-7
0
-8
-3
-4
-10
-9
-14
-14
-19
-22
-25
-20
-21
-15
-15
-12
-12
-13
-4
-1
5
9
3
0
-3
2
2
-2
-1
-1
-6
-5
-10
-9
-7
-11
-3
-5
-6
3
-3
-2
-4
-1
5
12
15
8
9
1
-1
-6
-5
-4
-9
-6
-6
-13
-14
-3
1
2
4
10
11
12
11
12
17
14
14
12
7
4
10
8
-2
-4
-7
-14
-11
-9
-5
-3
7
7
1
2
7
11
13
20
30
20
14
8
4
4
-1
5
9
6
-5
-2
-2
1
6
9
9
8
12
9
7
6
5
5
4
5
-2
-11
-14
-19
-20
-20
-23
-19
-25
-19
-20
-22
-16
-10
-10
-10
-8
-2
4
-2
-4
-13
-21
-26
-25
-28
-28
-27
-23
-29
-24
-20
-28
-23
-16
-7
-15
-16
-20
-21
-24
-30
-26
-28
-28
-30
-30
-31
-36
-40
-40
-40
-35
-30
-28
-25
-16
-14
-15
-8
-8
-12
-14
-17
-18
-21
-24
-30
-28
-32
-34
-31
-32
-28
-27
-27
-23
-17
-15
-12
-9
-10
-12
-13
-13
-12
-21
-16
-13
-14
-12
-13
-4
-6
-6
-10
-11
-7
-12
-10
-4
-6
-7
-5
-5
-5
-9
-10
-4
1
3
5
-3
-4
-5
-8
-5
-1
-1
-4
0
0
-2
-3
3
7
2
2
-3
-3
-5
-3
0
5
11
8
7
2
-3
-3
1
3
-1
-1
-6
-8
-5
-3
4
2
2
1
1
1
3
6
8
9
7
4
2
0
-2
0
3
-3
-5
-13
-11
-14
-13
-7
-4
-6
-5
-3
-1
7
5
13
12
6
1
-9
-8
-13
-27
-25
-20
-25
-21
-15
-15
-12
-13
-9
-8
-4
0
-1
-1
-2
-7
-9
-11
-12
-19
-18
-20
-27
-24
-21
-24
-27
-22
-27
-23
-14
-14
-14
-13
-15
-11
-5
-5
-8
-15
-20
-18
-25
-23
-27
-29
-27
-26
-16
-17
-13
-9
-4
-7
-4
0
-2
-7
-9
-6
-9
-14
-16
-14
-21
-21
-21
-23
-18
-15
-15
-16
-17
-7
-12
-6
1
0
-3
-4
5
2
-2
-3
1
-7
-13
-14
-17
-13
-19
-13
-7
-2
4
6
8
10
11
11
13
11
16
7
-1
-2
-2
-10
-8
-5
-4
-4
-2
1
-2
0
3
6
6
4
3
6
5
8
3
0
4
6
5
5
5
1
3
2
5
8
8
12
14
13
16
18
10
14
7
8
8
8
6
-3
-10
-10
-6
-11
-13
-8
-5
-5
-6
4
3
-6
-1
3
0
-5
-2
2
-4
-8
-9
-10
-13
-14
-13
-17
-18
-18
-16
-12
-11
-12
-12
-8
-6
-6
-8
-12
-15
-12
-12
-16
-18
-23
-30
-28
-23
-27
-24
-22
-14
-11
-12
-7
-6
-8
-9
-8
-12
-15
-13
-15
-20
-19
-21
-21
-22
-24
-19
-22
-15
-13
-14
-10
-2
3
0
2
5
5
3
0
-3
-3
-9
-12
-14
-18
-19
-19
-16
-13
-8
-6
-1
4
6
4
4
5
2
0
1
1
-4
-11
-12
-11
-17
-16
-17
-12
-14
-12
-8
-2
6
7
12
18
16
11
11
8
8
8
5
6
6
1
3
3
2
2
4
8
8
10
16
20
17
20
22
15
13
13
6
1
-2
-8
-7
-10
-9
-7
-5
-3
3
2
0
0
1
4
4
2
2
-5
-5
-3
-9
-14
-11
-11
-13
-14
-11
-12
-11
-11
-8
-6
-5
-6
-4
-3
-6
-9
-11
-11
-13
-14
-19
-23
-26
-27
-24
-21
-18
-14
-13
-14
-12
-7
-10
-8
-3
-6
-4
-10
-11
-13
-19
-16
-17
-23
-22
-30
-33
-30
-29
-27
-31
-29
-26
-28
-26
-22
-23
-25
-28
-25
-24
-21
-21
-25
-29
-29
-29
-34
-40
-37
-33
-27
-23
-21
-14
-18
-23
-16
-14
-15
-14
-18
-20
-20
-22
-16
-15
-12
-10
-13
-15
-21
-20
-16
-10
-7
-6
-9
-7
-9
-8
-9
-8
0
-4
0
0
0
0
3
2
-3
0
-7
-4
-2
0
3
-1
0
-5
-5
-1
1
3
1
-2
-5
-6
-7
-4
5
12
11
2
6
6
-1
2
4
5
2
1
-2
0
-2
1
3
6
11
7
9
9
12
9
4
1
0
2
4
4
2
5
8
0
-3
0
1
3
6
3
-3
-6
-3
-4
5
14
13
13
10
7
4
7
5
3
3
-3
-11
-14
-17
-15
-19
-14
-8
-6
-10
-7
-3
-6
-3
-6
-3
-11
-16
-17
-17
-20
-24
-20
-23
-27
-26
-26
-23
-23
-27
-31
-32
-27
-25
-22
-15
-12
-13
-13
-13
-14
-18
-20
-21
-25
-27
-31
-36
-32
-29
-27
-19
-17
-18
-20
-19
-18
-12
-18
-18
-19
-22
-26
-26
-23
-21
-16
-12
-11
-13
-12
-8
-8
-11
-13
-11
-9
-8
-7
-5
-6
-2
-3
-1
-3
-5
-6
-8
-13
-13
-16
-18
-17
-14
-11
-6
-1
-1
-2
-1
3
7
6
9
12
8
6
10
5
2
7
5
8
10
8
10
7
7
4
4
4
4
8
3
3
1
7
11
15
16
17
13
15
12
11
9
7
9
6
9
8
12
16
17
17
20
22
15
19
16
18
12
7
6
3
0
-4
-4
0
1
-4
-6
0
0
-3
8
11
13
11
14
11
9
13
12
13
8
4
0
-7
-8
-12
-16
-15
-12
-15
-7
-6
-9
-5
-2
0
-1
-1
-4
-1
-7
-14
-12
-19
-20
-24
-21
-16
-16
-16
-16
-10
-8
-6
-5
4
3
-7
-7
-8
-13
-21
-26
-24
-21
-19
-19
-17
-13
-10
-5
-3
-3
-1
-2
-3
0
4
3
3
6
1
-9
-11
-13
-10
-10
-12
-14
-15
-19
-16
-11
0
5
5
7
5
3
5
6
8
3
1
-5
-10
-10
-12
-13
-9
0
2
3
6
8
10
9
7
7
5
5
6
4
2
3
1
1
-3
-3
-1
1
1
2
4
3
4
5
13
18
19
18
16
19
11
10
13
10
9
4
0
3
1
3
2
6
15
18
18
19
22
19
12
9
8
6
2
4
1
3
-1
-1
0
-1
-1
0
1
7
12
13
5
2
1
-2
3
5
5
-2
-3
-6
-8
-15
-11
-14
-12
-10
-8
-7
-11
-8
-4
-4
-4
3
1
0
-2
-4
-4
-4
-7
-9
-10
-8
-10
-16
-17
-15
-16
-13
-15
-12
-6
-1
-4
-6
-8
-12
-12
-13
-10
-5
-6
-5
-3
-7
-9
-11
-1
-2
1
2
2
-2
-4
0
-6
-2
1
3
4
3
1
-3
-8
-11
-13
-8
-8
-1
-1
-6
-5
0
3
3
9
13
11
8
9
8
4
2
-3
2
4
3
2
4
5
8
12
7
11
14
9
3
6
7
5
3
7
7
13
16
15
12
10
7
6
9
13
14
16
18
19
20
24
22
22
28
26
23
17
12
9
10
14
12
12
9
16
16
20
27
28
22
18
19
22
20
19
16
16
17
13
15
19
14
15
21
13
13
13
11
11
9
6
10
10
14
18
12
11
10
9
3
-3
-8
-7
-7
-10
-6
-4
-1
-3
5
10
16
11
7
3
2
2
-4
-5
-6
-10
-9
-8
-6
-5
-11
-13
-6
-5
-2
-4
-3
0
-2
3
4
2
7
6
8
8
1
-1
-1
1
-6
-8
-7
-5
-6
-1
6
4
12
14
16
20
19
15
10
12
4
5
6
3
-1
0
1
-2
-3
3
6
7
16
18
18
20
18
14
11
14
12
7
2
3
-2
-6
-7
-11
-10
-9
-3
-6
-2
3
8
11
15
19
23
21
26
21
21
13
12
8
-2
-7
-6
-4
-4
1
1
8
17
19
24
33
37
42
43
37
31
28
19
17
14
16
10
11
9
11
11
13
17
16
21
18
25
24
27
27
29
27
26
23
14
21
15
12
10
5
5
3
3
8
12
15
20
29
29
31
37
33
34
26
25
25
21
15
11
4
2
6
2
8
12
14
16
16
14
13
11
9
8
13
11
13
18
11
9
6
2
4
1
-2
-1
-3
-5
0
4
4
5
4
6
14
13
12
15
6
4
2
6
12
8
7
-1
3
6
8
9
9
8
6
11
6
9
4
-1
1
5
10
12
7
4
3
0
-1
-1
3
1
1
3
3
2
7
2
4
3
2
9
11
9
6
6
7
13
14
17
11
12
14
9
7
10
12
12
12
15
19
15
16
19
21
18
19
20
18
21
22
23
24
19
15
24
25
26
23
20
14
16
11
6
14
14
13
22
21
20
21
21
26
22
24
23
22
18
16
16
21
24
22
24
27
30
28
32
29
28
25
22
20
22
26
31
36
36
33
32
31
30
27
22
18
15
14
5
3
5
13
13
21
24
27
26
16
22
18
21
16
18
20
13
13
13
17
11
11
8
6
6
3
1
3
1
-4
4
9
14
15
18
16
17
13
7
9
4
2
2
7
1
3
1
7
16
15
