-30
-27
-29
-31
-29
-27
-28
-25
-23
-26
-26
-27
-26
-25
-33
-32
-31
-33
-27
-31
-32
-27
-27
-23
-24
-28
-24
-19
-18
-16
-12
-17
-16
-14
-13
-16
-21
-14
-19
-22
-18
-19
-19
-24
-27
-28
-28
-29
-28
-26
-25
-26
-25
-23
-29
-30
-31
-28
-28
-29
-24
-36
-33
-28
-27
-27
-29
-26
-21
-18
-20
-24
-19
-20
-23
-22
-20
-15
-20
-16
-19
-25
-21
-20
-21
-22
-26
-26
-23
-26
-27
-23
-26
-21
-22
-21
-18
-23
-19
-23
-20
-22
-21
-22
-27
-27
-27
-27
-24
-27
-27
-26
-29
-20
-21
-18
-17
-22
-22
-22
-23
-19
-22
-26
-27
-26
-27
-28
-28
-23
-21
-20
-24
-27
-26
-25
-18
-27
-23
-20
-20
-19
-20
-15
-22
-19
-21
-19
-13
-15
-15
-20
-20
-22
-17
-16
-15
-17
-14
-9
-9
-14
-13
-11
-15
-17
-14
-13
-14
-15
-13
-12
-14
-13
-19
-17
-16
-17
-17
-18
-15
-17
-16
-17
-17
-24
-23
-24
-20
-20
-13
-12
-13
-14
-12
-11
-11
-12
-5
-1
-7
-7
-5
-5
-6
-2
-4
-7
-8
-9
-11
-10
-10
-8
-11
-9
-11
-11
-9
-8
-11
-13
-11
-13
-15
-13
-13
-14
-13
-16
-12
-12
-9
-9
-10
-7
-9
-9
-9
-10
-7
-6
-12
-9
-13
-12
-12
-13
-9
-12
-12
-16
-17
-16
-15
-15
-14
-13
-12
-12
-11
-17
-16
-17
-14
-15
-19
-16
-14
-10
-14
-15
-17
-15
-16
-19
-19
-21
-18
-19
-21
-20
-17
-22
-20
-23
-24
-22
-21
-21
-18
-19
-15
-13
-14
-9
-11
-6
-5
-5
-4
-4
0
-1
-4
-4
-5
-9
-9
-8
-11
-7
-11
-12
-10
-13
-14
-10
-16
-19
-15
-15
-18
-20
-13
-15
-17
-19
-17
-18
-17
-16
-17
-15
-11
-12
-14
-12
-13
-15
-15
-15
-16
-12
-13
-12
-7
-12
-11
-9
-8
-9
-10
-5
-9
-10
-11
-9
-10
-8
-6
-8
-9
-12
-13
-13
-12
-14
-15
-10
-14
-15
-18
-16
-16
-18
-11
-15
-17
-17
-14
-15
-17
-17
-17
-17
-16
-14
-17
-21
-18
-17
-14
-12
-12
-15
-16
-18
-12
-11
-12
-16
-16
-13
-14
-14
-15
-13
-18
-13
-10
-8
-10
-12
-9
-11
-12
-11
-12
-11
-12
-6
-13
-10
-13
-16
-9
-12
-5
-10
-10
-11
-15
-14
-11
-10
-8
-7
-10
-4
-6
-6
-4
-2
0
-2
-1
-3
-6
-5
-6
0
-6
-5
-5
-10
-10
-11
-9
-8
-6
-10
-8
-6
-10
-10
-11
-9
-6
-5
-5
-5
-8
-9
-11
-9
-5
-6
-7
-4
-1
-4
-4
-2
-4
-2
0
-5
-3
-4
-7
-5
-5
-6
-9
-10
-8
-9
-6
-2
-6
-7
-6
-5
-5
-8
-8
-11
-11
-5
-7
-5
-3
-2
-2
-4
-6
-3
-7
-9
-5
-9
-7
-9
-11
-8
-9
-10
-14
-12
-15
-16
-16
-14
-20
-22
-25
-25
-23
-22
-19
-29
-25
-23
-24
-24
-20
-20
-22
-20
-22
-23
-17
-21
-21
-20
-20
-19
-19
-21
-27
-19
-21
-19
-20
-26
-25
-20
-19
-21
-22
-20
-22
-22
-17
-15
-13
-18
-20
-18
-16
-16
-14
-13
-15
-13
-10
-10
-8
-13
-10
-5
-10
-11
-12
-11
-7
-5
-8
-4
-3
-4
-6
-5
-4
-8
-8
-10
-14
-15
-13
-13
-14
-13
-19
-19
-10
-11
-13
-14
-17
-14
-17
-17
-14
-12
-10
-10
-9
-10
-9
-9
-12
-13
-11
-11
-14
-16
-13
-12
-16
-17
-18
-21
-17
-14
-15
-15
-12
-12
-12
-9
-12
-14
-17
-15
-14
-16
-15
-16
-16
-22
-23
-23
-24
-26
-28
-24
-27
-27
-31
-26
-26
-30
-26
-29
-28
-30
-27
-25
-25
-22
-29
-32
-25
-26
-27
-25
-29
-29
-30
-29
-28
-33
-32
-30
-25
-27
-28
-28
-26
-24
-23
-20
-21
-20
-24
-26
-22
-18
-15
-11
-9
-3
4
8
13
23
28
36
44
51
56
57
64
68
70
72
71
74
74
70
70
68
64
66
61
61
63
57
52
43
41
37
30
27
21
13
9
-1
0
-2
-6
-8
-13
-16
-18
-15
-18
-20
-19
-19
-19
-18
-18
-24
-26
-26
-29
-32
-29
-35
-39
-40
-45
-49
-49
-53
-55
-61
-59
-65
-65
-65
-66
-64
-62
-58
-60
-58
-54
-49
-52
-52
-46
-47
-47
-44
-46
-43
-45
-39
-38
-41
-32
-35
-34
-36
-38
-39
-41
-46
-45
-50
-55
-53
-54
-61
-61
-62
-63
-58
-62
-66
-63
-66
-68
-68
-66
-63
-50
-27
-18
-12
-10
9
28
46
56
69
85
89
100
101
105
100
98
97
100
97
90
81
72
66
63
61
49
43
31
25
14
5
-7
-15
-23
-24
-18
-27
-30
-36
-41
-43
-37
-35
-36
-34
-37
-38
-35
-27
-17
-13
-8
-7
-3
4
8
13
13
21
27
35
37
36
33
29
32
31
32
33
28
19
16
15
10
10
5
-5
-6
-8
-5
-12
-19
-24
-25
-28
-28
-27
-26
-25
-28
-26
-25
-25
-21
-19
-23
-24
-25
-26
-26
-32
-33
-30
-38
-37
-46
-53
-58
-59
-60
-69
-69
-68
-75
-80
-76
-77
-73
-76
-79
-74
-73
-71
-77
-84
-84
-82
-84
-85
-85
-90
-83
-86
-86
-82
-80
-76
-70
-72
-68
-60
-54
-57
-62
-56
-58
-57
-57
-58
-45
-32
-22
-21
-17
-6
15
30
41
55
67
77
89
96
101
103
102
101
104
105
99
91
79
75
73
66
62
58
51
42
34
29
23
14
5
-3
-6
-7
-11
-22
-30
-30
-30
-24
-27
-31
-34
-33
-26
-27
-21
-19
-19
-15
-7
-5
-3
7
9
14
24
27
25
28
31
35
34
34
35
32
30
32
29
28
22
20
15
8
11
8
4
-3
-8
-11
-11
-13
-15
-17
-24
-29
-37
-37
-34
-33
-34
-35
-38
-41
-41
-47
-41
-49
-50
-45
-51
-54
-48
-57
-66
-58
-51
-57
-71
-68
-65
-62
-74
-92
-78
-77
-92
-98
-91
-83
-96
-100
-95
-93
-97
-102
-98
-96
-96
-98
-98
-92
-90
-92
-91
-82
-80
-74
-70
-73
-76
-70
-66
-68
-56
-25
-12
-30
-35
-2
28
34
32
46
65
71
76
83
93
96
97
93
101
109
102
95
86
89
90
83
79
66
63
64
58
45
40
35
23
14
16
13
-1
-11
-19
-19
-20
-17
-25
-28
-34
-30
-28
-23
-22
-20
-21
-22
-16
-9
-9
-7
-1
-3
10
17
21
19
23
27
30
37
42
43
44
46
43
44
44
42
36
27
28
23
11
8
1
-2
-6
-7
-10
-14
-17
-17
-13
-20
-16
-6
-8
-19
-18
-12
-9
-29
-33
-20
-15
-28
-46
-37
-47
-38
-49
-68
-55
-43
-56
-70
-76
-71
-58
-80
-95
-76
-50
-71
-87
-83
-70
-60
-77
-95
-74
-62
-80
-99
-94
-79
-76
-93
-103
-87
-79
-94
-96
-85
-77
-84
-85
-78
-74
-77
-84
-88
-86
-70
-54
-46
-55
-49
-23
3
6
8
28
49
63
66
83
98
97
87
92
109
113
105
89
89
92
88
88
85
79
66
66
58
51
52
40
30
21
24
15
4
-9
-17
-17
-18
-17
-20
-29
-34
-31
-30
-30
-27
-20
-25
-25
-21
-17
-11
-10
-10
-1
7
11
10
15
22
26
34
38
46
46
43
46
45
50
49
51
45
38
40
37
27
18
13
13
11
4
0
0
-1
-9
-13
-13
0
-18
-24
-21
-1
-30
-46
-17
-33
-50
-52
-35
-51
-57
-63
-53
-64
-72
-63
-56
-78
-87
-66
-59
-93
-94
-68
-60
-92
-86
-65
-75
-73
-79
-86
-67
-59
-85
-92
-74
-62
-70
-90
-82
-55
-64
-84
-81
-58
-53
-60
-67
-52
-41
-54
-57
-46
-40
-57
-65
-58
-58
-37
-23
-22
-33
-28
9
24
16
22
47
62
60
74
82
94
88
84
91
106
110
94
82
89
92
81
77
77
71
68
56
46
46
39
23
14
11
11
3
-13
-17
-14
-18
-20
-19
-19
-27
-35
-31
-30
-21
-21
-23
-26
-25
-14
-7
-6
-5
2
7
17
22
18
13
24
27
20
30
40
39
33
28
34
33
26
20
21
17
13
4
-3
9
-4
-21
-14
7
-12
-13
-22
0
-9
-12
-17
-19
-7
-21
-39
-22
-12
-53
-31
-25
-54
-61
-45
-29
-61
-89
-52
-20
-66
-81
-64
-44
-60
-64
-66
-64
-61
-48
-67
-56
-52
-58
-54
-44
-58
-70
-43
-59
-57
-54
-51
-57
-40
-48
-53
-52
-41
-44
-50
-50
-32
-39
-45
-49
-32
-32
-47
-47
-36
-36
-43
-45
-21
-2
-18
-36
-5
29
31
17
32
62
72
64
68
79
93
80
71
85
95
94
79
70
75
76
73
73
61
54
47
43
35
28
26
15
3
3
4
-3
-14
-24
-21
-15
-15
-17
-25
-25
-19
-19
-17
-11
-16
-18
-9
-6
-12
10
17
12
5
5
27
34
13
7
27
40
31
24
34
34
20
19
31
23
2
13
25
0
-7
15
15
-19
-2
8
-9
-26
-6
26
-31
-46
3
16
-43
-25
-24
-41
-16
-27
-60
-44
-15
-39
-64
-55
-37
-39
-67
-61
-52
-59
-52
-56
-69
-69
-42
-46
-75
-89
-35
-30
-71
-68
-43
-20
-41
-67
-54
-28
-46
-64
-55
-37
-26
-60
-58
-33
-34
-38
-50
-51
-33
-27
-45
-50
-35
-32
-33
-43
-48
-36
-30
-53
-55
-19
-1
-19
-27
-9
18
30
17
22
45
63
63
58
74
89
86
71
81
98
100
85
75
79
81
71
73
69
59
53
43
37
33
28
16
15
5
9
6
-2
-5
-5
-10
-2
6
-7
-13
-3
-7
-8
-5
-9
1
-11
-24
-3
18
-13
-11
8
12
5
2
7
13
10
9
26
9
21
31
0
0
23
28
-9
-15
20
11
-8
-8
-10
-1
16
-29
-9
-8
-13
8
-23
-64
-12
16
-15
-62
-29
-7
8
-35
-76
-15
22
-38
-78
-26
8
-38
-64
-51
-31
-42
-41
-73
-54
-44
-52
-43
-75
-80
-10
-30
-85
-58
-9
-22
-58
-67
-32
3
-41
-65
-38
7
-29
-57
-45
-8
-7
-52
-51
-33
-1
-40
-58
-38
0
-29
-69
-43
-24
-29
-67
-66
-25
-25
-46
-24
-11
-13
-14
1
20
30
26
43
55
55
65
84
86
82
79
90
96
96
82
79
87
72
66
70
66
52
45
46
40
39
29
19
16
16
12
20
8
13
-1
-2
14
10
4
-3
-10
19
23
-34
-6
43
5
-28
-15
46
30
-27
-14
46
36
-6
-19
42
45
-7
-8
23
47
9
0
-9
35
4
2
-23
-3
5
14
-30
-36
3
4
-20
-27
-14
3
-3
-29
-9
0
-30
-7
-7
-41
-30
-10
-33
-53
-41
-33
-44
-56
-60
-49
-41
-57
-82
-47
-45
-65
-68
-64
-52
-36
-70
-97
-37
-24
-83
-96
-31
-34
-48
-92
-34
-41
-39
-60
-44
-47
-19
-60
-55
-40
-16
-44
-67
-34
-17
-43
-50
-44
-34
-19
-41
-60
-26
-7
-46
-59
-28
-25
-37
-49
-40
-2
13
-25
-32
17
48
10
6
53
74
46
35
63
88
73
55
68
85
86
67
51
53
67
57
44
39
43
36
25
22
15
21
34
4
-3
24
20
1
20
-13
15
16
15
2
6
8
-4
8
19
10
18
2
18
38
0
-3
24
53
-9
10
24
42
15
29
10
28
24
18
32
5
-9
31
41
-22
-12
34
20
-3
-16
-16
32
20
-71
-20
52
-18
-37
-34
10
-4
-23
-37
-28
4
6
-53
-51
10
-25
-59
-41
-29
-52
-21
-76
-56
-32
-40
-84
-51
-24
-66
-81
-41
-15
-78
-84
-23
-23
-71
-67
-16
-22
-75
-47
-8
-33
-65
-54
-3
-16
-91
-44
9
-14
-74
-40
0
-8
-51
-45
-13
-22
-36
-26
-38
-15
-21
-43
-37
-18
-23
-20
-8
16
12
1
8
36
42
39
36
61
77
61
68
82
71
58
78
92
73
64
72
77
67
51
53
94
72
15
34
81
53
-10
35
59
30
-5
45
35
14
23
23
0
39
34
12
24
20
29
32
21
39
41
16
24
41
35
27
27
21
48
28
22
21
46
21
14
20
46
25
8
16
43
7
9
20
20
12
-4
-9
3
32
-34
-24
-1
43
-29
-45
-3
40
-39
-72
51
-14
-60
-4
-16
-63
5
-54
-28
-33
-73
-33
-32
-66
-57
-35
-73
-37
-45
-31
-84
-41
-18
-60
-75
-65
-34
-15
-73
-117
10
-10
-73
-75
-28
-9
-10
-81
-55
3
6
-59
-52
-10
16
-37
-72
-18
8
-24
-51
-3
-9
-14
-18
-8
-28
-9
-18
-43
-13
7
-33
-3
35
4
-8
23
58
40
38
69
79
73
82
97
111
95
87
122
105
98
102
84
79
106
84
51
78
95
59
28
62
63
33
30
37
37
49
32
14
33
34
32
9
29
36
22
12
37
15
3
22
50
21
-3
0
56
56
-40
-28
78
53
-42
-6
78
37
-13
9
42
32
21
-8
-8
63
22
-25
18
41
5
-2
17
-1
31
7
-22
17
22
-11
-3
-1
-16
14
-28
-34
7
-27
-59
-15
-26
-54
-22
-53
-72
-25
-21
-85
-74
-40
-16
-88
-97
-42
4
-83
-108
-33
-17
-65
-73
-42
-46
-35
-50
-61
-58
15
-47
-83
-21
4
-34
-51
-72
-11
30
-53
-84
-15
23
-23
-78
-49
29
-2
-65
-45
-2
24
-26
-62
-10
17
-10
-40
-10
35
51
-23
-8
60
78
30
31
91
99
69
68
115
107
72
88
106
99
85
91
91
77
83
76
75
77
77
45
62
58
47
45
42
40
41
26
50
48
13
26
65
41
18
10
60
70
-8
-13
76
78
-3
-5
66
74
32
-6
65
78
5
14
58
48
11
24
38
21
48
54
-3
21
58
47
-13
21
64
59
-26
31
65
2
-19
52
30
-46
9
46
-7
-36
15
13
-8
-31
4
-20
-23
-4
-25
-78
-9
22
-86
-84
34
-46
-101
-12
-43
-93
-24
-32
-110
-63
24
-85
-125
5
12
-127
-93
37
-25
-141
-24
31
-47
-109
1
-12
-53
-30
-25
-56
-37
-10
-27
-67
-55
-15
-20
-74
-52
-14
-18
-56
-49
-29
-18
-30
-45
-60
-1
37
2
-35
3
62
42
22
50
93
85
73
68
101
126
112
72
89
137
119
83
86
93
92
82
76
57
65
94
45
13
56
95
50
24
37
60
72
38
13
23
84
39
-19
29
99
11
-34
29
104
52
-7
6
87
60
-6
20
63
56
58
9
-6
90
83
-12
-19
95
90
2
-17
52
64
53
-43
22
108
29
-43
46
55
18
-37
57
64
-52
-35
88
-8
-53
32
-21
-41
74
-23
-119
41
52
-68
-75
-48
39
17
-151
-110
76
-33
-171
-64
5
-54
-120
-63
-31
-50
-68
-76
-48
9
-48
-135
-18
61
-111
-121
47
-11
-138
-27
24
-71
-109
16
-10
-97
-59
21
-55
-98
-26
-3
-81
-85
-35
-44
-63
-70
-58
-47
-51
-57
-27
17
10
-19
-25
54
78
39
45
93
104
76
101
114
114
110
111
102
102
136
110
56
70
109
93
64
67
66
52
23
24
75
55
-1
8
54
53
-2
-16
49
42
-32
5
56
44
-15
-18
11
60
29
4
27
40
17
34
16
33
51
21
11
62
48
28
33
33
53
67
31
40
60
22
20
67
58
-3
27
68
49
-34
23
62
31
-7
26
1
17
14
7
-24
-45
20
85
-62
-100
31
74
-57
-113
22
49
-66
-125
3
-16
-84
-31
-35
-151
-9
42
-130
-168
26
4
-127
-122
-1
-31
-94
-48
-69
-45
-30
-66
-63
-36
-55
-49
-21
-68
-56
-7
-61
-92
-39
-49
-68
-76
-59
-60
-41
-76
-86
-66
-59
-79
-84
-69
-24
7
-42
-64
5
65
44
18
56
100
105
75
82
148
147
103
99
138
148
123
101
98
95
95
103
89
70
60
55
41
28
33
51
13
-17
-3
20
19
-25
-33
7
21
-31
-26
26
2
-28
-30
12
29
17
0
-5
4
27
27
13
19
38
37
28
32
44
65
50
39
59
72
58
55
53
59
70
54
60
67
35
35
59
44
43
39
24
11
14
17
22
-21
12
21
2
-64
-5
47
-32
-55
-12
18
-38
-68
-14
-43
-70
-53
-7
-75
-102
-42
-6
-112
-105
-11
-8
-124
-108
-16
7
-110
-118
-34
7
-92
-126
-61
-20
-91
-109
-81
-56
-72
-104
-100
-76
-56
-111
-119
-81
-79
-125
-116
-111
-118
-125
-126
-110
-17
24
-68
-110
20
112
73
24
102
164
130
79
158
243
207
132
162
222
226
155
138
167
172
126
121
154
130
52
39
65
74
40
27
0
-18
-29
-22
-21
-43
-49
-61
-72
-68
-44
-43
-75
-71
-50
-24
-22
-10
-18
-27
-6
36
65
51
56
69
69
86
113
122
127
110
118
128
132
132
117
119
118
121
103
83
67
51
31
23
39
12
-23
-38
-25
-34
-33
-17
-48
-42
-27
-43
-64
-5
-14
-60
-27
-2
-19
-36
-57
-27
-12
-60
-44
-14
-63
-97
-31
-58
-116
-58
-47
-123
-103
-63
-91
-105
-114
-101
-68
-104
-141
-124
-86
-107
-145
-142
-92
-87
-135
-145
-114
-92
-116
-141
-128
-93
-102
-158
-159
-100
-24
7
1
-27
-28
39
132
130
117
178
219
175
171
250
309
259
194
232
305
279
191
189
234
198
149
155
183
134
47
27
67
76
37
13
-23
-58
-53
-45
-55
-77
-82
-88
-109
-121
-88
-81
-112
-124
-86
-45
-43
-55
-53
-51
-32
13
59
51
43
62
57
74
124
159
148
129
141
165
169
179
169
160
161
155
142
131
109
71
50
63
56
21
-13
-42
-62
-79
-69
-54
-91
-108
-128
-114
-114
-69
-93
-117
-53
-95
-100
-39
-25
-95
-84
-33
5
-94
-109
-12
-65
-137
-53
-20
-91
-122
-122
-75
-91
-146
-104
-68
-148
-155
-102
-134
-141
-128
-166
-178
-136
-144
-186
-199
-179
-169
-192
-211
-202
-177
-190
-236
-149
17
38
-112
-142
59
211
133
69
212
295
208
145
278
419
350
224
236
333
346
255
221
274
262
184
167
201
168
73
27
60
71
38
3
-49
-103
-105
-75
-82
-106
-126
-136
-174
-183
-130
-103
-140
-165
-134
-96
-92
-89
-80
-81
-66
-31
14
33
35
28
32
56
118
160
149
133
135
156
182
209
222
213
186
176
176
186
176
144
102
97
98
69
41
4
-24
-47
-41
-39
-66
-108
-131
-135
-128
-119
-121
-124
-141
-175
-181
-132
-116
-153
-158
-109
-97
-156
-140
-57
-82
-159
-94
-41
-72
-115
-140
-80
-65
-117
-119
-104
-115
-140
-188
-175
-103
-122
-222
-236
-145
-159
-253
-232
-164
-204
-259
-244
-210
-209
-248
-269
-241
-155
-39
-18
-123
-165
-15
145
161
115
183
236
189
166
278
427
396
250
222
327
363
294
256
280
272
191
158
204
188
96
31
56
78
56
-1
-59
-102
-107
-67
-65
-98
-132
-162
-200
-203
-137
-88
-137
-194
-184
-131
-106
-91
-69
-81
-99
-69
-4
24
33
35
40
52
95
154
164
128
120
164
212
233
229
198
187
186
191
208
209
162
101
86
90
90
66
26
-11
-45
-49
-37
-50
-84
-120
-135
-142
-128
-124
-140
-162
-174
-160
-151
-155
-153
-157
-175
-158
-137
-140
-153
-144
-136
-126
-114
-121
-110
-89
-119
-122
-108
-114
-115
-149
-151
-119
-147
-183
-187
-183
-200
-213
-224
-230
-220
-235
-269
-271
-256
-267
-284
-293
-289
-247
-130
-61
-136
-230
-120
102
159
54
72
204
211
137
199
402
442
275
185
302
402
344
266
295
328
239
154
199
236
153
55
50
90
58
2
-42
-84
-110
-85
-78
-130
-177
-182
-199
-230
-190
-121
-151
-235
-244
-173
-129
-128
-116
-112
-132
-130
-65
-13
-3
10
22
28
51
119
164
145
126
156
198
234
251
242
207
192
215
242
243
215
155
112
119
126
114
83
42
-3
-29
-12
1
-38
-93
-114
-116
-114
-102
-102
-134
-170
-169
-143
-128
-126
-136
-161
-160
-132
-114
-125
-135
-141
-139
-131
-116
-105
-108
-126
-128
-110
-86
-74
-118
-158
-147
-102
-120
-161
-180
-159
-201
-238
-211
-192
-224
-262
-255
-244
-250
-280
-292
-286
-285
-259
-122
-26
-126
-272
-143
143
210
61
59
203
218
126
209
441
482
269
151
278
417
368
281
301
319
214
132
192
257
173
55
43
76
54
6
-34
-69
-91
-73
-77
-131
-174
-170
-191
-219
-168
-103
-158
-259
-249
-162
-124
-119
-104
-131
-177
-162
-64
-1
8
11
13
-3
28
127
181
156
135
151
185
221
262
263
242
225
229
252
261
232
181
152
158
160
135
93
47
2
-12
8
19
-25
-89
-121
-120
-101
-86
-91
-131
-174
-180
-152
-130
-113
-120
-156
-171
-142
-117
-113
-117
-115
-113
-126
-111
-96
-112
-127
-117
-106
-102
-113
-136
-150
-152
-128
-118
-148
-160
-181
-215
-213
-168
-171
-227
-253
-253
-258
-270
-268
-268
-285
-285
-180
-63
-101
-247
-196
59
187
71
33
186
247
142
170
402
513
334
174
265
427
411
318
339
365
264
146
194
299
253
121
65
84
64
24
11
-10
-48
-83
-94
-128
-155
-147
-160
-219
-209
-143
-168
-262
-268
-187
-147
-166
-150
-136
-186
-203
-119
-33
-17
-21
-21
-34
-18
74
153
149
125
118
132
159
218
265
260
225
200
211
246
265
246
194
162
150
134
118
106
74
24
5
13
-5
-45
-75
-87
-88
-79
-81
-111
-148
-161
-147
-131
-112
-112
-146
-178
-166
-136
-116
-113
-127
-136
-151
-144
-115
-106
-116
-128
-128
-125
-127
-126
-139
-148
-140
-138
-150
-178
-182
-183
-197
-196
-193
-208
-230
-236
-226
-232
-242
-246
-269
-295
-241
-88
-4
-107
-254
-134
143
221
86
82
230
235
126
222
477
508
276
153
302
443
378
305
331
338
218
129
215
311
222
79
55
91
72
28
14
-14
-55
-81
-88
-111
-128
-130
-168
-210
-172
-122
-174
-261
-238
-160
-149
-158
-127
-136
-199
-189
-91
-21
-33
-41
-23
-33
-20
68
154
143
99
92
122
165
219
261
257
209
183
195
239
266
247
201
156
131
124
129
118
85
38
15
14
-6
-32
-53
-63
-71
-74
-78
-91
-121
-133
-128
-112
-93
-106
-140
-168
-164
-129
-113
-123
-128
-148
-166
-166
-134
-112
-122
-140
-151
-140
-135
-132
-136
-133
-130
-148
-162
-170
-175
-187
-185
-190
-207
-233
-235
-230
-244
-270
-266
-269
-278
-298
-232
-66
-14
-167
-267
-52
217
193
30
115
287
229
125
303
556
488
212
183
394
481
363
310
378
353
188
143
287
354
203
60
78
118
70
24
40
12
-54
-79
-89
-107
-108
-107
-160
-197
-150
-118
-191
-247
-175
-115
-153
-163
-114
-127
-188
-161
-51
-17
-47
-55
-39
-27
20
101
135
108
93
111
136
183
234
244
217
208
210
221
245
267
245
202
177
164
146
135
133
88
48
43
27
-13
-32
-22
-36
-65
-81
-84
-97
-112
-106
-106
-107
-102
-119
-142
-146
-115
-111
-127
-127
-123
-141
-165
-147
-122
-128
-145
-151
-144
-147
-155
-150
-154
-148
-153
-180
-198
-206
-199
-207
-210
-222
-238
-259
-255
-237
-238
-255
-268
-280
-293
-298
-220
-44
8
-147
-269
-80
219
239
73
115
274
238
127
285
563
524
236
166
363
490
395
323
381
366
196
127
274
372
230
64
63
116
71
22
33
18
-54
-97
-103
-107
-118
-122
-163
-208
-169
-131
-189
-244
-189
-123
-139
-158
-112
-111
-176
-154
-49
0
-25
-37
-25
-27
5
95
165
153
113
97
128
194
256
266
236
217
200
214
252
275
258
212
170
150
146
151
147
100
58
46
33
14
-6
-9
-23
-45
-51
-47
-61
-87
-100
-97
-84
-76
-89
-113
-122
-115
-109
-111
-94
-95
-125
-146
-140
-110
-107
-120
-129
-136
-152
-161
-159
-140
-140
-164
-185
-204
-205
-204
-196
-203
-224
-238
-250
-250
-242
-252
-272
-285
-298
-301
-303
-194
-36
-51
-232
-248
24
231
142
48
188
283
171
155
401
585
430
208
255
435
451
363
372
423
321
155
182
319
320
166
78
97
75
15
20
33
-24
-86
-106
-128
-146
-127
-127
-195
-217
-158
-152
-226
-226
-152
-136
-178
-149
-102
-138
-175
-117
-42
-40
-37
-18
-20
-30
23
108
144
135
118
112
141
197
245
257
242
231
208
213
242
257
226
183
153
125
110
110
93
53
14
4
-7
-25
-42
-54
-71
-81
-79
-74
-82
-102
-117
-113
-94
-78
-82
-95
-110
-123
-128
-118
-94
-97
-127
-153
-162
-154
-137
-137
-148
-168
-187
-197
-193
-174
-176
-194
-218
-236
-239
-245
-242
-247
-255
-278
-297
-289
-280
-300
-311
-306
-309
-322
-213
-40
-31
-217
-248
15
221
158
85
213
288
186
169
380
552
456
271
254
363
411
383
382
382
287
167
171
244
248
175
105
45
-17
-26
22
-11
-97
-124
-117
-163
-201
-166
-148
-217
-250
-200
-174
-211
-215
-180
-172
-168
-116
-95
-139
-139
-80
-45
-48
-1
53
26
-14
41
131
165
159
161
150
155
204
246
256
250
238
212
197
228
247
229
188
143
116
106
116
95
50
18
12
0
-21
-30
-39
-58
-70
-65
-51
-41
-49
-78
-84
-65
-48
-37
-39
-45
-66
-91
-82
-59
-60
-72
-93
-120
-122
-119
-106
-123
-140
-156
-175
-189
-185
-175
-191
-219
-232
-232
-239
-244
-256
-271
-280
-284
-282
-296
-312
-311
-315
-315
-207
-44
-11
-154
-214
-21
192
210
173
247
300
250
227
360
526
544
431
335
331
385
425
425
387
321
237
191
175
169
156
126
51
-49
-77
-39
-66
-132
-163
-161
-190
-219
-207
-201
-240
-253
-218
-194
-196
-183
-172
-192
-174
-103
-62
-82
-82
-48
-35
-31
25
81
76
52
72
120
150
188
201
166
142
179
224
223
223
220
184
153
174
199
190
158
110
55
36
54
64
41
-5
-30
-40
-38
-38
-40
-49
-55
-62
-61
-43
-29
-33
-43
-45
-32
-22
-16
-19
-34
-52
-58
-58
-60
-67
-85
-101
-127
-132
-128
-131
-151
-170
-185
-191
-197
-200
-204
-223
-234
-247
-254
-266
-272
-277
-280
-283
-290
-308
-326
-339
-323
-322
-278
-121
-4
-60
-179
-125
90
245
251
251
289
313
315
335
423
531
537
447
364
344
381
413
399
325
240
219
210
141
68
57
49
-9
-79
-103
-104
-142
-189
-217
-226
-221
-205
-210
-247
-279
-254
-208
-188
-170
-156
-149
-139
-109
-77
-53
-21
6
24
21
45
92
114
98
100
113
144
155
192
252
212
178
148
156
245
277
222
137
73
99
149
134
114
51
-3
2
-43
-30
2
-20
-53
-83
-94
-49
-28
-27
-47
-71
-47
-3
1
-4
-21
-30
-15
-1
5
7
-17
-38
-49
-63
-64
-57
-77
-98
-134
-144
-129
-137
-157
-186
-201
-193
-179
-195
-219
-241
-264
-265
-260
-262
-250
-257
-276
-303
-315
-308
-271
-272
-279
-163
-4
61
-26
-106
12
222
337
335
330
364
392
402
434
493
520
516
485
412
358
360
395
374
268
185
183
188
146
56
-34
-68
-67
-57
-75
-133
-189
-213
-234
-252
-237
-175
-149
-197
-243
-240
-198
-141
-80
-49
-62
-71
-29
21
24
33
78
116
123
120
137
148
151
158
179
189
202
210
188
153
132
157
180
176
153
124
95
73
60
65
66
53
18
-8
-22
-24
-30
-36
-26
-25
-23
-26
-39
-47
-38
-21
-9
-3
2
0
-19
-33
-29
-18
-10
-11
-27
-55
-80
-86
-85
-94
-109
-117
-132
-145
-151
-167
-188
-199
-198
-195
-198
-200
-209
-219
-230
-242
-240
-226
-211
-218
-249
-271
-264
-262
-266
-266
-270
-279
-218
-69
56
45
-53
-66
64
226
338
364
333
298
307
391
470
474
431
395
383
372
340
319
297
246
188
144
122
103
76
43
-40
-125
-146
-98
-60
-86
-143
-200
-245
-236
-168
-102
-107
-155
-171
-152
-118
-77
-44
-29
-16
1
14
30
46
71
93
93
104
127
142
155
153
149
126
107
121
142
176
200
201
171
124
120
139
172
194
162
112
80
78
82
78
49
9
-7
10
27
16
-7
-37
-50
-43
-9
10
9
4
-18
-27
-14
1
15
37
46
29
-16
-19
3
-14
-55
-56
-35
-41
-92
-126
-116
-107
-100
-125
-151
-134
-125
-156
-187
-167
-151
-171
-164
-183
-177
-163
-204
-217
-187
-175
-191
-196
-208
-219
-217
-210
-168
-54
42
49
16
2
50
135
224
294
302
260
235
279
357
393
366
308
264
263
292
310
281
209
129
100
108
120
117
82
20
-47
-63
-47
-35
-50
-73
-89
-106
-114
-112
-99
-97
-87
-71
-66
-71
-62
-44
-15
4
8
0
-2
17
45
68
75
76
59
53
72
105
135
138
117
93
79
93
121
138
134
113
99
85
85
91
89
83
62
47
40
34
30
25
10
1
3
18
45
40
9
5
53
31
26
68
48
60
66
75
57
23
48
37
63
68
-10
2
9
-13
19
-36
-52
-21
-51
-41
-96
-93
-29
-58
-83
-102
-107
-82
-71
-95
-112
-105
-100
-104
-112
-116
-107
-111
-125
-104
-116
-118
-102
-128
-143
-122
-132
-140
-128
-134
-136
-109
-45
8
22
5
-10
1
32
97
160
189
177
151
149
168
205
227
226
211
192
195
206
198
179
143
126
121
105
108
105
73
29
-10
-21
-25
-28
-24
-20
-27
-43
-61
-73
-73
-67
-47
-30
-17
-24
-32
-23
-15
-9
5
16
7
9
10
20
37
43
49
41
39
59
76
88
81
67
64
64
80
87
92
82
74
62
61
79
88
86
74
62
56
67
70
67
57
63
77
78
84
93
70
69
71
87
112
77
72
59
46
61
83
64
52
35
29
43
25
-3
-15
-7
2
-33
-75
-55
-28
-54
-86
-53
-85
-118
-109
-99
-84
-90
-105
-120
-145
-122
-80
-81
-93
-120
-124
-112
-128
-101
-91
-124
-133
-132
-133
-130
-120
-132
-144
-137
-108
-27
45
55
41
26
18
51
132
218
247
229
202
202
221
237
248
250
227
198
195
204
199
163
114
83
74
74
61
45
19
-10
-31
-48
-51
-56
-61
-63
-60
-55
-48
-65
-79
-75
-55
-30
-23
-25
-21
-31
-19
8
15
10
-12
-16
-7
9
26
35
42
34
30
43
47
53
52
45
47
57
73
81
81
69
57
65
71
80
85
79
79
74
74
76
79
78
83
99
106
100
105
84
70
68
61
103
96
61
30
31
22
-8
28
27
-19
-23
-40
-56
-42
-63
-82
-101
-109
-71
-68
-95
-111
-105
-104
-109
-127
-122
-101
-93
-94
-115
-102
-126
-131
-123
-133
-103
-96
-104
-121
-127
-122
-127
-141
-136
-149
-166
-157
-128
-127
-159
-156
-111
-22
54
86
86
76
73
114
185
254
291
282
270
275
292
320
324
282
239
214
212
226
204
167
119
74
39
8
1
-14
-44
-69
-70
-73
-84
-100
-121
-119
-113
-100
-81
-80
-88
-85
-53
-19
-13
-18
-23
-20
5
32
56
61
47
34
26
42
66
80
67
56
56
70
85
92
78
47
39
50
70
94
113
112
100
86
74
70
87
107
124
127
125
111
94
92
93
104
111
105
88
77
71
62
61
47
27
-8
-26
-19
-31
-42
-56
-69
-93
-121
-126
-122
-125
-127
-133
-146
-147
-149
-142
-142
-138
-126
-141
-140
-119
-93
-89
-90
-97
-116
-123
-126
-131
-122
-137
-143
-127
-139
-168
-185
-193
-209
-221
-224
-209
-189
-148
-69
26
96
113
115
120
152
210
283
339
359
356
359
385
408
407
372
316
257
225
231
235
220
171
107
47
-2
-39
-72
-86
-103
-119
-133
-146
-162
-165
-154
-152
-140
-138
-138
-127
-96
-47
-5
13
10
2
6
32
80
124
134
115
88
82
92
106
116
117
99
91
86
83
79
83
67
44
35
30
35
51
59
59
54
44
36
40
55
69
79
72
72
77
88
99
99
95
91
77
67
72
75
66
46
23
5
-15
-26
-42
-58
-69
-90
-95
-108
-127
-145
-173
-178
-171
-171
-180
-193
-189
-173
-160
-158
-159
-159
-164
-163
-160
-163
-151
-146
-153
-145
-147
-160
-168
-189
-215
-220
-221
-217
-224
-230
-231
-233
-193
-89
40
132
164
168
191
233
299
366
394
388
376
391
439
471
462
412
329
259
216
199
195
158
111
60
15
-33
-73
-99
-130
-155
-170
-177
-183
-180
-146
-107
-88
-90
-99
-108
-91
-44
14
64
80
83
93
110
145
174
175
150
114
106
113
126
137
130
106
78
62
48
44
36
19
2
-13
-19
-6
15
40
46
38
28
29
43
68
95
110
113
120
126
141
155
158
147
130
122
119
123
123
106
71
37
9
-19
-42
-59
-83
-108
-136
-151
-159
-171
-183
-189
-197
-207
-207
-200
-180
-158
-146
-142
-141
-137
-130
-117
-113
-124
-137
-152
-161
-156
-154
-163
-180
-205
-229
-241
-255
-280
-302
-319
-327
-320
-266
-155
-14
87
129
158
196
251
317
369
392
388
390
429
472
487
464
424
364
297
228
171
127
83
46
12
-27
-70
-105
-131
-150
-183
-214
-241
-241
-208
-153
-101
-82
-82
-77
-59
-25
19
50
67
68
97
140
180
214
230
220
187
159
140
123
109
96
92
74
52
40
27
13
-7
-31
-65
-86
-96
-80
-42
-3
22
32
36
46
75
108
124
129
138
150
176
202
228
237
218
198
179
163
149
127
98
71
36
5
-25
-57
-85
-110
-138
-165
-199
-217
-221
-218
-216
-213
-206
-206
-194
-179
-160
-138
-118
-105
-98
-89
-71
-58
-63
-68
-85
-107
-124
-152
-177
-206
-223
-229
-239
-257
-292
-322
-333
-341
-330
-262
-137
-8
76
125
190
276
347
399
410
389
383
405
453
478
466
431
391
346
276
203
131
65
-3
-55
-103
-154
-191
-186
-172
-192
-235
-271
-274
-248
-201
-164
-139
-112
-72
-11
48
85
110
124
136
147
168
195
213
243
256
243
204
166
147
128
98
54
2
-40
-54
-51
-51
-58
-83
-106
-114
-121
-116
-113
-96
-62
-24
17
51
83
119
160
182
181
182
194
210
224
229
217
210
211
210
195
164
118
78
38
1
-34
-61
-87
-106
-123
-145
-167
-187
-195
-201
-205
-215
-216
-209
-190
-166
-153
-135
-116
-94
-70
-60
-67
-74
-77
-81
-88
-88
-93
-110
-126
-150
-178
-202
-228
-243
-276
-312
-349
-375
-380
-368
-309
-188
-56
32
93
170
274
361
411
426
423
422
432
444
454
438
410
400
369
301
213
137
83
12
-74
-155
-230
-261
-252
-236
-248
-269
-276
-262
-239
-217
-189
-160
-125
-82
-32
22
74
131
190
214
213
214
225
243
250
249
221
193
168
151
118
69
23
-21
-53
-86
-121
-147
-149
-151
-153
-161
-162
-156
-126
-93
-66
-43
-15
33
80
123
160
186
210
230
234
236
236
231
231
212
194
175
161
145
114
76
30
-15
-49
-83
-118
-146
-169
-181
-185
-184
-185
-181
-171
-165
-169
-177
-170
-157
-138
-120
-100
-76
-61
-47
-33
-34
-35
-50
-73
-96
-126
-146
-163
-182
-203
-219
-236
-257
-267
-284
-306
-329
-349
-358
-355
-307
-181
-41
55
126
220
344
430
471
484
485
482
469
439
409
379
375
381
345
270
191
140
92
8
-98
-191
-251
-282
-297
-305
-308
-289
-253
-212
-204
-186
-144
-99
-73
-63
-36
20
90
154
209
241
266
296
318
304
273
256
231
190
145
106
71
33
-7
-50
-92
-126
-143
-160
-184
-207
-221
-221
-208
-197
-173
-142
-98
-49
0
40
84
127
162
184
198
217
228
234
233
219
204
194
181
159
127
92
59
23
-20
-62
-99
-132
-154
-181
-198
-210
-217
-206
-197
-184
-173
-168
-146
-136
-131
-117
-109
-91
-72
-53
-39
-26
-22
-32
-47
-69
-88
-106
-124
-153
-189
-211
-234
-253
-275
-300
-312
-329
-338
-354
-368
-371
-371
-348
-269
-143
-22
62
153
275
393
457
489
511
523
512
478
432
392
364
346
319
272
209
161
119
44
-58
-155
-218
-277
-331
-370
-375
-355
-316
-282
-253
-211
-153
-91
-55
-44
-21
24
76
119
157
200
242
282
309
317
314
308
292
249
181
123
77
34
-11
-67
-101
-118
-128
-146
-164
-170
-175
-191
-209
-217
-204
-172
-130
-89
-45
9
69
121
160
192
220
234
237
228
215
208
207
193
173
155
136
116
84
39
-9
-47
-87
-137
-175
-210
-223
-225
-218
-211
-194
-173
-161
-147
-143
-129
-113
-103
-93
-89
-73
-49
-29
-20
-19
-18
-30
-48
-77
-105
-133
-166
-195
-226
-253
-268
-271
-283
-297
-307
-314
-328
-349
-367
-375
-375
-353
-283
-154
-30
59
160
300
429
502
532
551
561
542
493
438
397
362
321
289
246
190
155
129
60
-33
-115
-180
-254
-330
-376
-388
-369
-354
-326
-282
-217
-145
-82
-40
-18
15
59
87
103
124
160
192
221
255
289
319
336
321
271
213
162
118
52
-26
-88
-120
-138
-158
-163
-156
-143
-133
-141
-160
-161
-144
-126
-112
-89
-52
-3
57
105
154
208
247
265
263
254
243
230
202
163
135
112
100
83
59
37
16
-19
-61
-105
-144
-172
-198
-222
-228
-217
-188
-159
-134
-109
-89
-72
-68
-69
-59
-57
-49
-47
-49
-46
-36
-27
-28
-46
-66
-83
-114
-153
-199
-237
-267
-290
-312
-322
-324
-329
-324
-328
-334
-339
-344
-343
-334
-293
-187
-69
16
98
234
381
474
523
563
596
597
540
470
413
367
316
262
208
158
136
122
78
-5
-71
-129
-195
-275
-336
-359
-367
-371
-361
-326
-258
-178
-104
-40
9
58
108
135
136
143
163
175
177
197
235
269
296
305
286
253
219
171
102
18
-48
-100
-143
-176
-190
-180
-156
-145
-140
-127
-105
-83
-68
-67
-56
-28
-4
31
64
109
171
220
252
268
280
277
264
232
189
154
115
83
52
28
11
1
-21
-43
-67
-87
-108
-137
-164
-183
-185
-181
-168
-149
-125
-99
-75
-56
-40
-24
-15
-7
-14
-25
-36
-40
-44
-60
-69
-77
-89
-109
-139
-163
-197
-229
-256
-290
-317
-334
-348
-350
-355
-348
-336
-322
-304
-287
-233
-120
-13
63
135
251
391
479
522
563
598
603
555
493
449
401
347
279
210
156
121
91
39
-26
-82
-126
-182
-253
-303
-324
-340
-357
-363
-329
-270
-201
-135
-68
-7
50
107
143
158
172
193
201
189
195
218
241
252
247
246
228
203
170
112
49
-20
-78
-131
-177
-203
-208
-204
-188
-166
-139
-105
-77
-55
-37
-16
2
19
35
63
96
133
174
211
238
267
280
275
256
229
195
158
115
74
34
6
-15
-39
-55
-66
-81
-89
-103
-122
-128
-132
-142
-145
-136
-127
-111
-95
-76
-56
-40
-27
-18
-16
-20
-25
-37
-53
-66
-81
-99
-115
-126
-145
-164
-180
-190
-208
-226
-241
-257
-271
-285
-300
-313
-322
-333
-325
-321
-309
-259
-163
-57
28
115
238
367
456
499
536
570
573
531
475
425
380
327
263
214
167
134
105
67
19
-24
-69
-125
-198
-258
-290
-313
-338
-348
-321
-269
-205
-139
-70
-4
53
96
126
140
155
161
163
156
155
175
197
209
221
234
237
222
195
159
105
45
-12
-75
-132
-160
-177
-180
-177
-157
-133
-104
-71
-51
-27
-10
-9
-3
7
18
40
72
104
134
167
197
228
244
248
243
225
194
161
115
77
46
13
-6
-29
-44
-53
-59
-60
-72
-81
-90
-111
-119
-130
-134
-135
-134
-130
-116
-102
-83
-61
-48
-42
-38
-33
-45
-47
-62
-81
-98
-122
-138
-151
-164
-170
-181
-197
-205
-221
-229
-239
-245
-252
-257
-264
-269
-267
-264
-252
-216
-140
-40
35
103
205
325
416
458
489
523
533
491
432
388
347
296
231
174
143
122
102
77
45
11
-17
-66
-133
-185
-220
-253
-288
-307
-292
-250
-200
-156
-97
-35
17
62
95
116
125
141
132
120
117
136
153
155
166
187
205
201
198
176
142
92
34
-11
-56
-95
-126
-144
-151
-139
-120
-95
-72
-47
-30
-16
-10
-3
3
11
24
31
48
69
90
123
146
167
188
182
179
175
163
141
113
83
54
32
11
-10
-27
-38
-40
-51
-59
-68
-83
-99
-118
-130
-144
-149
-149
-141
-136
-129
-118
-102
-93
-80
-71
-61
-62
-70
-76
-90
-96
-106
-127
-145
-161
-169
-178
-188
-188
-194
-191
-190
-187
-188
-200
-213
-226
-242
-246
-230
-173
-91
-23
41
138
259
364
424
472
514
528
505
444
393
350
291
221
168
140
130
119
104
81
61
40
0
-54
-111
-153
-200
-250
-289
-293
-273
-240
-206
-158
-98
-39
16
60
95
117
131
127
107
101
109
110
121
137
156
184
190
193
196
180
149
108
61
14
-23
-64
-97
-116
-118
-120
-111
-96
-78
-49
-31
-23
-16
-7
5
8
11
24
36
55
74
92
114
139
157
167
181
184
176
160
134
117
97
68
37
6
-18
-41
-66
-87
-96
-103
-112
-120
-125
-130
-132
-132
-136
-143
-140
-144
-146
-137
-131
-119
-106
-103
-94
-83
-82
-83
-87
-101
-115
-132
-148
-168
-181
-188
-188
-183
-181
-170
-161
-162
-166
-178
-186
-201
-214
-190
-134
-85
-39
25
141
253
325
379
440
492
494
456
416
383
333
270
209
161
143
118
98
79
70
64
43
4
-46
-78
-109
-159
-212
-236
-238
-233
-237
-210
-164
-111
-60
-19
26
66
107
119
117
119
129
135
126
126
138
149
148
149
149
153
134
119
100
73
43
19
-14
-43
-67
-83
-95
-105
-97
-86
-65
-56
-35
-12
12
29
36
52
65
71
74
84
96
113
126
132
147
163
173
172
170
162
147
123
81
42
7
-23
-55
-87
-111
-125
-135
-143
-146
-143
-133
-130
-132
-134
-133
-136
-145
-149
-150
-141
-138
-132
-120
-106
-96
-87
-85
-83
-88
-101
-112
-120
-134
-144
-156
-164
-168
-168
-167
-170
-186
-199
-210
-218
-225
-200
-144
-90
-44
22
127
230
296
343
400
444
452
427
392
368
335
279
224
184
155
134
108
83
69
59
33
-3
-37
-66
-99
-141
-188
-213
-217
-219
-220
-201
-165
-120
-82
-44
-6
36
68
87
97
110
123
128
124
123
135
138
136
130
129
131
125
98
86
75
60
35
7
-17
-36
-55
-74
-85
-88
-83
-70
-66
-53
-27
-9
6
16
28
49
55
57
69
86
100
110
126
148
170
184
187
184
175
157
128
92
56
26
-9
-52
-88
-113
-129
-140
-149
-154
-152
-146
-147
-145
-142
-140
-142
-151
-157
-156
-148
-142
-133
-115
-101
-84
-69
-67
-65
-64
-76
-85
-98
-114
-122
-137
-150
-157
-165
-176
-181
-195
-216
-230
-240
-250
-250
-224
-163
-113
-65
3
104
196
252
309
370
415
422
401
385
369
334
280
224
189
157
127
100
72
55
40
14
-17
-44
-61
-93
-136
-173
-202
-207
-216
-223
-216
-187
-156
-124
-85
-35
15
45
80
98
118
133
133
130
129
131
129
121
112
110
112
103
91
88
86
68
46
26
8
-12
-32
-56
-74
-76
-80
-78
-70
-55
-35
-18
-6
13
32
51
63
72
86
100
115
121
135
150
162
168
166
167
158
142
117
85
57
27
-13
-51
-78
-100
-116
-132
-139
-146
-147
-144
-142
-135
-130
-124
-126
-125
-124
-112
-106
-97
-85
-79
-68
-65
-62
-58
-57
-63
-72
-82
-87
-98
-111
-119
-132
-145
-152
-168
-185
-199
-207
-220
-229
-231
-209
-156
-105
-63
-13
85
175
240
298
354
407
428
415
396
380
349
297
240
197
167
134
97
68
49
39
15
-16
-48
-62
-80
-122
-162
-181
-191
-203
-216
-214
-192
-163
-139
-110
-68
-19
19
48
70
95
119
132
125
122
125
117
103
90
92
89
79
73
74
71
66
54
36
22
8
-8
-31
-50
-59
-61
-64
-63
-52
-35
-19
-11
8
29
49
62
75
88
106
114
120
127
134
152
157
152
148
144
134
113
92
71
44
12
-18
-47
-69
-85
-103
-120
-123
-128
-127
-120
-120
-109
-100
-99
-96
-93
-83
-79
-80
-82
-78
-76
-77
-72
-73
-75
-72
-75
-86
-85
-90
-99
-111
-121
-132
-148
-159
-172
-179
-186
-193
-209
-214
-213
-206
-189
-140
-89
-45
5
76
172
232
277
326
373
398
394
381
367
343
304
251
202
164
140
107
74
45
25
9
-21
-44
-56
-70
-99
-135
-156
-170
-186
-202
-208
-200
-186
-163
-136
-102
-57
-11
27
62
87
111
121
123
120
116
111
95
87
90
91
82
80
81
81
77
73
60
55
42
32
9
-10
-22
-29
-36
-45
-39
-32
-23
-15
-3
14
40
54
67
76
87
103
113
115
118
122
126
121
116
110
98
88
72
58
39
23
-2
-25
-47
-67
-87
-104
-116
-121
-123
-120
-112
-112
-104
-103
-98
-96
-96
-96
-104
-108
-112
-117
-123
-121
-121
-116
-112
-110
-108
-99
-97
-98
-106
-115
-125
-133
-137
-148
-153
-159
-163
-165
-157
-155
-144
-104
-53
-15
11
69
142
206
246
285
331
368
372
361
349
334
310
259
214
174
149
117
82
55
42
36
11
-11
-25
-33
-50
-81
-111
-128
-145
-164
-182
-180
-171
-157
-134
-105
-68
-28
7
32
57
81
96
92
84
84
77
70
62
56
59
64
61
61
73
81
83
75
71
68
62
51
30
12
8
-9
-18
-22
-25
-19
-15
-7
5
25
38
50
69
80
91
103
104
101
106
103
94
87
86
79
67
58
50
40
27
9
-13
-27
-46
-64
-80
-91
-101
-100
-99
-103
-98
-94
-93
-96
-96
-101
-105
-111
-123
-127
-129
-132
-131
-133
-129
-122
-121
-114
-116
-110
-111
-119
-122
-127
-126
-129
-132
-131
-125
-120
-123
-119
-115
-109
-101
-70
-27
3
34
81
142
196
229
275
311
337
341
329
321
310
283
241
197
167
145
117
89
67
62
54
36
19
4
-7
-32
-63
-91
-114
-134
-162
-173
-179
-174
-155
-134
-106
-73
-38
-3
24
46
66
85
85
75
79
75
69
65
68
73
82
86
86
95
105
104
104
99
94
86
70
57
38
23
11
-8
-22
-32
-40
-31
-23
-6
10
25
43
60
74
81
94
93
93
98
94
92
94
92
88
80
76
68
58
47
33
16
-4
-19
-35
-54
-66
-78
-85
-95
-101
-104
-114
-114
-122
-124
-126
-127
-128
-135
-133
-132
-131
-130
-128
-122
-118
-118
-109
-103
-101
-96
-91
-91
-93
-92
-94
-95
-90
-89
-93
-98
-95
-91
-98
-95
-68
-36
-8
19
63
121
170
211
254
294
324
332
323
311
297
269
235
197
170
152
126
103
90
83
78
56
42
28
11
-6
-41
-71
-93
-111
-133
-154
-155
-151
-136
-117
-96
-64
-36
-3
26
44
62
71
76
80
83
84
83
82
86
94
107
117
123
135
143
150
146
139
138
127
102
72
52
26
8
-11
-23
-27
-28
-23
-12
-2
15
34
43
60
69
76
83
83
85
87
85
84
82
77
79
77
72
67
58
49
38
18
6
-7
-21
-41
-60
-74
-80
-90
-104
-108
-115
-117
-120
-129
-127
-132
-138
-141
-149
-147
-141
-139
-138
-129
-120
-115
-109
-101
-87
-85
-84
-80
-77
-71
-67
-62
-60
-57
-57
-56
-54
-53
-53
-52
-40
-21
7
30
60
101
141
177
208
236
259
271
269
259
246
227
203
175
152
134
109
97
85
71
63
56
46
38
23
7
-11
-33
-56
-74
-94
-111
-123
-127
-125
-109
-95
-77
-52
-27
-4
14
31
45
52
57
62
63
76
81
90
100
115
129
139
148
153
152
152
140
129
116
91
70
47
28
9
0
-11
-9
-1
2
14
30
43
57
66
81
90
91
94
93
89
84
80
78
75
62
65
67
63
62
55
53
40
29
17
0
-19
-36
-53
-71
-79
-92
-96
-107
-112
-117
-123
-128
-131
-131
-133
-136
-134
-131
-127
-125
-119
-112
-105
-98
-90
-84
-85
-80
-76
-67
-58
-47
-43
-38
-29
-16
-6
-2
5
12
14
11
8
8
10
16
26
38
60
80
100
123
142
160
177
182
188
182
176
163
147
127
108
94
81
75
66
57
50
45
44
39
28
18
6
-4
-19
-36
-46
-60
-68
-73
-68
-65
-62
-47
-39
-30
-14
-3
10
22
36
48
57
60
66
70
77
82
87
94
95
103
103
102
102
97
96
93
84
78
70
63
54
48
44
38
37
38
44
52
57
60
63
68
70
72
68
66
67
61
60
54
52
45
34
30
27
25
21
13
5
2
-5
-16
-22
-32
-39
-51
-59
-70
-83
-88
-90
-93
-96
-94
-93
-88
-88
-84
-82
-75
-71
-69
-66
-63
-58
-55
-50
-46
-47
-48
-39
-34
-32
-29
-23
-15
-10
-5
1
1
4
6
6
9
11
12
17
16
20
19
21
33
37
44
57
62
68
77
83
93
98
104
112
116
116
111
108
100
93
86
77
64
56
48
44
29
27
16
6
3
-12
-15
-21
-23
-29
-33
-34
-34
-32
-24
-16
-4
3
12
27
30
42
44
56
59
60
60
58
60
55
53
51
54
49
53
54
58
59
60
60
58
60
56
53
46
39
44
40
31
33
31
36
37
37
39
44
40
34
33
22
16
9
-7
-15
-18
-24
-27
-30
-26
-29
-26
-25
-26
-24
-26
-32
-32
-40
-47
-47
-52
-52
-54
-56
-56
-51
-48
-47
-44
-41
-42
-41
-42
-44
-44
-45
-47
-45
-42
-40
-34
-30
-19
-8
0
4
8
11
17
20
28
25
27
30
31
35
40
42
46
53
56
60
65
68
65
68
65
71
65
62
60
58
58
56
55
50
54
48
53
53
52
50
46
47
44
42
39
39
32
27
32
29
27
25
23
25
24
26
29
27
27
26
26
24
19
20
15
14
18
12
11
11
7
7
11
16
19
25
31
38
43
50
52
55
58
60
59
57
50
53
49
42
43
39
37
33
28
22
13
5
-2
-13
-23
-31
-40
-47
-52
-51
-52
-50
-47
-44
-39
-35
-30
-26
-22
-21
-23
-21
-28
-31
-34
-36
-34
-35
-25
-29
-25
-23
-16
-15
-14
-13
-18
-21
-25
-29
-33
-40
-43
-40
-32
-26
-24
-17
-13
-8
-2
1
4
11
10
14
14
17
17
16
26
25
28
30
34
37
39
45
44
44
42
41
38
27
32
22
16
17
16
21
17
18
21
23
25
27
28
33
31
30
25
22
22
18
11
5
1
-6
-10
-8
-9
-8
-5
1
1
10
19
21
26
27
32
30
28
24
24
27
20
21
16
17
22
21
29
34
35
40
43
48
46
47
49
45
41
37
35
31
29
27
24
20
21
17
14
11
8
7
-3
-14
-20
-28
-38
-40
-48
-51
-51
-49
-49
-51
-45
-41
-40
-39
-37
-38
-31
-30
-33
-32
-30
-31
-29
-27
-26
-26
-20
-22
-16
-13
-18
-20
-18
-22
-24
-29
-30
-29
-25
-29
-29
-24
-20
-16
-13
-9
-10
-9
-4
4
11
18
27
34
39
38
42
43
44
46
46
41
37
33
26
26
24
19
16
15
16
15
13
10
8
5
1
-4
-8
-10
-12
-17
-15
-15
-10
-6
-7
-6
-10
-4
-1
-2
-1
-3
-1
6
3
5
15
14
20
28
31
34
37
42
46
45
43
41
41
38
40
39
39
44
46
51
55
61
67
71
69
70
72
72
72
63
65
56
46
42
38
26
22
21
17
14
7
0
-7
-12
-23
-25
-38
-42
-46
-56
-56
-56
-55
-52
-49
-44
-42
-37
-29
-29
-25
-23
-21
-20
-22
-21
-20
-18
-22
-17
-18
-16
-18
-20
-21
-26
-26
-31
-30
-31
-32
-30
-32
-31
-31
-28
-25
-22
-18
-14
-11
-9
-10
-8
-7
-7
-6
-8
-11
-6
-3
0
0
3
10
9
9
10
13
9
8
6
8
10
12
9
7
4
-2
-5
-9
-9
-14
-17
-18
-20
-19
-25
-30
-28
-31
-30
-20
-19
-18
-15
-11
-11
-9
-11
-4
-5
-6
0
5
13
17
19
22
23
21
23
20
22
17
17
11
13
16
17
23
27
34
42
52
58
59
63
67
67
65
62
62
51
44
36
31
29
23
23
19
15
10
9
1
1
-4
-13
-15
-20
-21
-26
-31
-30
-28
-27
-29
-27
-26
-23
-24
-27
-26
-24
-22
-24
-21
-20
-19
-21
-22
-20
-20
-21
-24
-27
-28
-30
-34
-36
-36
-36
-34
-28
-26
-24
-20
-20
-21
-20
-22
-22
-26
-24
-25
-29
-25
-22
-19
-17
-11
-8
-9
-8
-7
-7
-9
-12
-18
-21
-23
-23
-23
-24
-23
-17
-21
-25
-24
-30
-30
-35
-33
-36
-39
-41
-45
-46
-47
-43
-41
-40
-34
-33
-30
-27
-25
-21
-26
-26
-25
-27
-28
-30
-28
-26
-20
-19
-15
-12
-8
-3
8
8
7
10
13
10
14
18
19
21
22
26
29
33
37
38
34
38
42
43
39
34
39
47
43
45
41
40
41
34
28
22
19
15
13
7
3
-3
-9
-15
-18
-20
-23
-23
-27
-29
-29
-27
-28
-28
-29
-28
-28
-23
-19
-19
-20
-20
-16
-17
-15
-13
-12
-13
-13
-15
-16
-18
-12
-16
-17
-17
-12
-10
-10
-9
-10
-8
-5
-7
-12
-13
-11
-12
-15
-15
-16
-14
-7
-8
-6
-6
-2
-3
-3
-1
2
-1
-3
-3
-7
-11
-14
-18
-25
-27
-25
-31
-29
-29
-30
-30
-31
-27
-25
-26
-28
-28
-29
-29
-33
-35
-36
-33
-37
-35
-33
-30
-33
-31
-30
-32
-31
-33
-34
-32
-29
-29
-26
-29
-27
-22
-24
-23
-22
-14
-8
-7
-1
2
4
7
13
18
17
14
18
19
20
23
23
19
17
17
19
18
18
19
17
23
18
18
16
12
10
5
4
-2
-4
-9
-14
-17
-19
-20
-22
-26
-26
-25
-28
-29
-31
-30
-32
-36
-31
-29
-27
-25
-24
-22
-20
-16
-18
-16
-17
-17
-18
-16
-20
-15
-15
-14
-10
-10
-4
-1
-3
-6
-4
-4
-6
-3
-2
0
-1
-1
1
1
0
4
0
0
2
3
1
0
-4
-7
-8
-15
-13
-16
-17
-14
-16
-18
-19
-20
-15
-17
-17
-16
-14
-14
-20
-18
-17
-19
-21
-23
-28
-30
-34
-35
-36
-37
-41
-36
-39
-37
-29
-25
-27
-24
-17
-13
-16
-16
-11
-14
-19
-14
-16
-18
-14
-13
-14
-11
-6
-4
-4
0
0
3
10
9
8
11
13
13
14
15
17
12
19
17
15
18
13
17
17
16
14
11
10
7
6
3
0
-4
-4
-8
-14
-16
-17
-19
-17
-17
-20
-23
-21
-26
-26
-30
-33
-28
-32
-29
-26
-24
-19
-17
-16
-12
-13
-9
-7
-8
-11
-16
-15
-14
-18
-18
-19
-16
-13
-15
-12
-8
-7
-6
-1
1
0
2
4
4
2
4
3
7
7
7
5
5
7
9
9
9
8
6
4
1
3
-3
0
-4
-8
-11
-12
-15
-16
-16
-18
-17
-19
-18
-19
-21
-19
-20
-18
-16
-13
-15
-14
-10
-13
-13
-15
-15
-17
-11
-9
-9
-9
-9
-7
-9
-5
-6
-8
-9
-5
-3
-7
-5
-4
-7
-4
-3
-6
-8
-4
-7
-7
-2
-1
3
5
11
14
18
19
22
25
25
31
29
28
28
24
18
16
13
11
10
9
3
2
-1
-3
-2
-7
-5
-9
-7
-10
-12
-11
-16
-15
-19
-18
-19
-18
-16
-20
-21
-18
-14
-18
-19
-19
-15
-15
-18
-15
-18
-17
-18
-18
-18
-23
-21
-17
-12
-13
-8
-12
-8
-3
-3
0
-2
0
2
4
4
6
5
8
14
10
8
11
10
10
8
14
10
8
4
8
7
9
8
2
3
0
-3
-6
-5
-10
-9
-8
-11
-13
-11
-15
-12
-9
-11
-13
-10
-7
-5
-3
-2
-6
-6
-3
-3
-2
0
0
0
5
7
9
9
10
12
15
14
11
9
11
12
7
8
3
8
14
15
17
16
19
20
22
24
23
25
25
24
25
29
30
33
33
33
33
41
40
36
38
36
31
23
26
21
19
13
8
8
5
0
-4
-3
-7
-6
-7
-12
-14
-9
-9
-14
-14
-18
-21
-23
-22
-22
-18
-19
-18
-11
-15
-16
-17
-17
-16
-17
-23
-24
-26
-26
-22
-22
-17
-12
-7
-4
-4
-2
-6
-5
-5
-6
-6
-2
-3
-3
-4
-7
-5
-5
-5
-5
-4
-3
-6
-6
1
-5
-3
-9
-6
-7
-11
-12
-13
-13
-14
-16
-20
-16
-22
-24
-27
-29
-22
-23
-20
-22
-26
-26
-20
-19
-21
-16
-15
-10
-13
-15
-12
-14
-12
-14
-12
-15
-12
-7
-10
-7
-4
-8
-6
-4
-4
2
-9
-3
-1
-2
-7
-2
-2
-1
7
7
8
9
9
7
11
14
12
11
18
15
16
22
17
20
18
19
19
19
20
16
15
14
15
12
12
10
8
10
3
0
-3
-9
-8
-14
-15
-15
-15
-23
-22
-19
-21
-18
-23
-25
-28
-26
-24
-25
-23
-21
-24
-20
-20
-22
-22
-25
-21
-20
-24
-20
-21
-16
-15
-15
-14
-17
-12
-13
-15
-13
-9
-9
-8
-6
-8
-7
-4
-2
-5
-7
-2
-1
-1
-3
-7
-7
-13
-12
-11
-14
-17
-16
-16
-16
-17
-16
-17
-23
-26
-29
-25
-25
-30
-31
-30
-27
-33
-32
-35
-41
-38
-41
-36
-38
-37
-31
-27
-30
-26
-18
-15
-18
-16
-10
-14
-11
-10
-6
-4
-4
-4
-1
3
3
2
1
4
-1
7
8
10
11
11
15
20
17
13
18
14
18
12
10
11
6
10
7
7
11
7
6
11
7
7
10
5
8
4
6
8
5
0
-2
-6
-5
-5
-13
-15
-21
-26
-25
-21
-25
-24
-20
-17
-15
-14
-11
-14
-11
-11
-11
-9
-13
-14
-18
-20
-18
-12
-14
-15
-9
-6
-5
-4
-4
-10
-3
0
-1
2
3
1
4
6
4
5
5
0
3
6
0
0
-1
-4
-4
-1
-8
-8
-9
-13
-8
-6
-7
-11
-16
-14
-16
-21
-25
-23
-29
-25
-21
-20
-19
-23
-19
-22
-23
-23
-23
-29
-27
-28
-33
-30
-32
-30
-32
-30
-28
-25
-23
-24
-25
-21
-15
-10
-11
-7
-9
-7
-11
-11
-9
-14
-10
-13
-10
-13
-12
-10
-9
-4
-1
1
6
6
9
10
12
13
8
11
6
4
6
5
3
5
3
3
3
2
5
3
5
0
-1
1
4
0
-5
-3
-1
-3
-2
0
-7
-8
-9
-10
-14
-13
-14
-15
-18
-17
-18
-19
-18
-12
-7
-6
-8
-10
-1
-3
-5
-3
-5
-7
-6
-4
-5
-2
1
1
5
2
4
3
8
11
12
14
12
11
13
12
9
15
12
10
12
10
11
14
10
13
12
12
11
6
9
4
2
2
2
-6
-3
-5
-2
-4
-4
1
-3
-4
-4
-2
-7
-1
-5
-2
-7
-5
-8
-11
-9
-9
-16
-15
-11
-13
-14
-12
-11
-12
-11
-14
-8
-8
-6
1
2
3
3
4
0
0
-1
-3
-1
-3
0
-1
-2
-5
-4
-3
0
4
5
8
12
11
12
10
8
3
2
5
4
1
-3
-3
1
-2
-1
0
0
1
3
1
-3
-3
-5
-5
-8
-13
-15
-16
-20
-23
-19
-19
-14
-16
-17
-13
-13
-10
-10
-7
-6
-8
-9
-8
-9
-10
-10
-10
-12
-6
-5
-8
-6
-6
-9
-7
-4
-5
-2
2
5
0
-1
1
1
-1
1
-2
-2
-4
-6
-2
0
0
-2
-4
-5
-3
-4
-1
0
2
1
-1
0
-3
-2
-7
-5
-9
-12
-7
-13
-12
-10
-10
-10
-8
-9
-11
-8
-8
-10
-9
