-2
-5
-1
-4
-5
-5
-7
-9
-8
-10
-6
-8
-6
-8
-7
-8
-11
-9
-15
-11
-6
-12
-13
-12
-11
-12
-15
-15
-13
-13
-14
-13
-11
-14
-14
-15
-18
-19
-18
-18
-15
-20
-21
-21
-25
-23
-25
-24
-33
-29
-21
-23
-22
-16
-18
-16
-14
-15
-17
-12
-13
-17
-14
-16
-19
-17
-16
-15
-21
-22
-22
-22
-19
-19
-20
-21
-20
-24
-20
-18
-19
-20
-18
-17
-21
-20
-18
-19
-17
-18
-20
-19
-16
-13
-15
-13
-10
-8
-11
-6
-5
-1
-3
-6
-4
-4
-1
-1
-3
-1
-2
2
4
5
5
4
5
2
-3
-3
-1
-2
-2
2
4
4
3
6
8
10
6
5
6
7
4
3
5
0
3
1
-2
-1
-2
2
-2
-2
-1
1
0
-1
2
2
1
0
1
-4
-5
-3
-4
-4
-1
-4
2
-2
0
3
5
3
2
0
0
4
-1
1
0
-2
-4
0
-2
-2
-3
-3
-1
-10
-8
-4
-9
-9
-12
-10
-12
-14
-13
-16
-18
-17
-22
-20
-21
-23
-17
-17
-21
-22
-21
-21
-23
-23
-19
-18
-21
-20
-16
-14
-19
-16
-18
-19
-14
-19
-18
-17
-18
-19
-15
-17
-13
-15
-17
-16
-15
-12
-13
-15
-16
-13
-11
-11
-8
-8
-7
-6
-8
-9
-10
-15
-14
-16
-20
-21
-15
-17
-16
-12
-13
-10
-8
-9
-8
-7
-8
-12
-11
-8
-8
-4
-7
-4
-4
-1
1
-4
-4
-9
-7
-1
0
-3
-5
-6
-7
-4
-4
-1
-3
2
2
5
3
2
0
-1
-1
-4
-7
-7
-4
-9
-13
-6
-9
-12
-3
-5
-5
-7
-8
-8
-7
-7
-11
-9
-12
-11
-11
-14
-19
-18
-18
-22
-22
-22
-20
-21
-21
-24
-22
-24
-20
-25
-26
-19
-21
-18
-18
-22
-16
-18
-19
-14
-16
-13
-11
-9
-10
-9
-8
-10
-7
-13
-13
-9
-10
-8
-10
-12
-9
-12
-9
-7
-6
-6
-6
-7
-9
-7
-9
-5
-8
-7
-13
-13
-15
-11
-11
-8
-5
-10
-6
-3
0
-5
-8
-3
-9
-5
-6
-7
-4
-4
-3
-8
-12
-7
-7
-12
-8
-8
-8
-9
-10
-7
-10
-9
-8
-5
-6
-6
-6
-7
-8
-6
-8
-11
-6
-5
-4
-3
-7
-4
-7
-8
-5
-5
-6
-4
-4
-7
-3
-3
-5
-4
-3
-2
-1
-4
-2
2
-1
2
2
2
1
4
5
6
10
7
11
8
8
11
16
12
15
17
12
15
16
16
12
11
13
16
11
8
12
13
13
13
13
15
11
15
15
13
15
14
12
11
9
11
8
11
11
8
10
8
7
2
3
4
-1
-1
-4
-8
-8
-3
-2
-8
-3
-2
-1
-1
4
5
5
7
9
10
6
7
6
10
7
8
4
6
3
1
3
1
8
10
7
4
3
7
8
6
7
0
-3
-1
-2
-5
-7
-5
-8
-10
-10
-7
-5
-6
-3
-5
-7
-13
-13
-10
-11
-9
-12
-13
-14
-14
-16
-16
-15
-20
-18
-16
-19
-20
-22
-19
-18
-20
-20
-17
-18
-20
-20
-21
-23
-21
-20
-18
-23
-20
-20
-21
-20
-24
-23
-20
-15
-21
-17
-16
-21
-20
-18
-19
-18
-16
-17
-15
-14
-15
-17
-18
-13
-17
-18
-15
-15
-18
-14
-13
-13
-7
-10
-12
-18
-17
-12
-13
-10
-11
-9
-5
-4
-6
-5
-5
-3
-3
-4
-3
-6
-5
-5
-4
-2
1
-4
-5
-4
-1
-8
-11
-6
-10
-10
-5
-5
-5
-5
-2
0
4
1
-3
-2
-3
1
3
5
7
9
10
13
10
11
11
12
9
9
12
7
6
6
8
9
8
10
7
12
11
11
11
11
12
15
12
10
14
9
10
10
11
12
13
12
10
11
11
8
11
11
10
14
15
13
10
13
15
13
13
8
10
5
0
4
8
8
3
1
1
1
-3
-1
1
2
3
-4
-3
1
1
3
6
2
2
2
1
3
-1
-5
-7
-6
-10
-4
-5
-6
-9
-12
-9
-7
-3
-1
-1
0
-3
-3
-4
-3
0
-4
-3
-5
-7
-16
-15
-12
-10
-8
-7
-9
-1
-6
-4
-3
-2
0
-5
-1
-6
-5
-3
-1
-3
0
-2
0
1
0
4
3
5
4
5
3
9
11
6
7
10
11
9
7
10
11
9
13
11
9
8
7
8
9
5
4
6
2
2
0
0
-2
-4
-3
-4
-2
-2
-4
-5
-1
-4
-2
0
2
-2
-3
0
-5
-9
-10
-5
-5
-6
-5
-5
-4
-7
-10
-8
-8
-6
-10
-9
-8
-8
-9
-6
-9
-12
-9
-11
-10
-10
-13
-11
-11
-10
-11
-9
-11
-11
-9
-8
-9
-10
-17
-14
-14
-20
-18
-20
-18
-15
-22
-22
-19
-22
-24
-21
-21
-27
-23
-25
-27
-27
-29
-30
-32
-31
-31
-34
-35
-37
-32
-32
-32
-27
-26
-26
-23
-22
-22
-22
-25
-25
-24
-23
-24
-25
-23
-23
-22
-20
-22
-21
-20
-18
-16
-14
-12
-11
-9
-12
-11
-9
-8
-6
-6
-6
-10
-10
-13
-16
-17
-17
-13
-13
-14
-14
-9
-10
-8
-8
-5
-2
-2
-1
3
2
1
-1
1
-1
-2
-1
-4
1
-3
-6
-4
-4
-3
-4
-2
-4
-1
4
5
4
6
12
8
4
9
10
6
8
10
8
6
7
7
9
14
11
8
9
11
9
10
10
8
11
8
12
10
12
11
7
10
6
6
0
-6
-6
-2
-6
-11
-3
-1
-3
-4
-1
1
-4
-5
2
3
6
8
5
6
5
3
6
9
13
16
12
13
14
12
13
16
14
11
15
12
12
12
10
11
9
12
8
4
9
8
10
8
9
12
10
10
6
5
6
9
10
4
4
5
3
4
0
-3
1
-1
2
0
3
0
-4
-4
-8
-9
-11
-9
-9
-9
-12
-9
-8
-7
-7
-8
-9
-9
-4
-4
-7
-6
-6
-9
-7
-9
-11
-12
-8
-7
-10
-9
-9
-6
-5
-8
-9
-11
-10
-11
-18
-15
-14
-13
-12
-12
-13
-14
-12
-12
-17
-19
-12
-12
-12
-14
-11
-7
-9
-9
-6
-3
-8
-12
-8
-7
-4
-8
-9
-6
-10
-12
-12
-16
-17
-14
-18
-14
-12
-12
-16
-17
-16
-15
-13
-15
-18
-22
-18
-19
-17
-11
-11
-13
-13
-11
-10
-10
-11
-9
-7
-11
-8
-11
-12
-12
-16
-21
-18
-15
-14
-19
-16
-11
-13
-12
-12
-10
-13
-12
-11
-10
-11
-9
-10
-15
-19
-17
-15
-15
-16
-16
-17
-18
-14
-15
-15
-13
-18
-14
-15
-13
-10
-11
-10
-13
-12
-15
-15
-21
-18
-22
-21
-22
-21
-18
-25
-20
-19
-17
-19
-20
-18
-20
-14
-15
-15
-15
-17
-15
-15
-15
-17
-14
-12
-14
-13
-13
-13
-15
-17
-22
-22
-22
-23
-19
-22
-20
-18
-18
-20
-21
-16
-15
-19
-18
-15
-12
-10
-14
-9
-7
-8
-12
-10
-4
-5
-8
-6
2
-2
-1
4
6
6
-1
2
0
-2
-2
2
3
-4
-3
-5
0
1
-3
3
0
-1
0
-5
2
-6
-2
3
4
3
0
8
6
6
9
2
8
11
9
12
12
9
5
3
2
2
-1
1
3
0
2
2
3
7
4
6
10
6
1
2
-1
-3
-3
-1
-2
1
-2
-4
2
3
3
0
2
3
2
3
5
5
1
-1
-1
-5
-1
0
-2
-1
-4
-2
-5
3
0
-4
-2
0
-1
-4
-3
-6
-7
-7
-9
-8
-9
-7
-8
-7
-7
-7
-3
-5
-7
-4
-4
-6
-2
-7
-6
-8
-7
-9
-12
-14
-16
-17
-16
-18
-23
-20
-25
-25
-27
-27
-23
-21
-23
-23
-22
-23
-21
-24
-22
-24
-22
-22
-24
-26
-25
-26
-25
-25
-24
-24
-24
-20
-24
-25
-25
-20
-23
-23
-27
-29
-28
-26
-30
-27
-26
-25
-23
-21
-20
-18
-21
-23
-19
-18
-19
-15
-14
-12
-8
-9
-8
-3
-8
-15
-14
-8
-11
-13
-9
-6
-4
-7
-8
-8
-4
-2
2
-6
-5
1
-1
1
5
4
3
-2
3
2
3
7
4
4
2
0
1
2
2
4
-4
0
2
-1
-6
-5
0
0
1
0
0
-1
2
2
5
4
-2
1
1
-2
5
7
3
7
7
6
7
9
10
7
8
7
6
4
2
3
1
3
1
-1
-7
-6
-7
-4
-1
-5
-4
-6
-4
-3
0
-5
-4
-2
-2
-1
-2
1
0
0
0
-4
-3
-5
-6
-11
-13
-10
-11
-11
-9
-7
-6
-4
0
-3
-3
-2
-3
-3
2
-2
1
3
3
0
-1
4
0
3
1
-1
-1
-2
2
1
5
-1
2
5
4
5
5
8
9
5
7
10
9
13
14
11
10
10
10
10
11
14
11
15
16
15
11
15
17
17
15
23
23
18
19
22
20
22
21
19
23
16
20
19
19
18
18
14
16
21
18
21
17
21
19
23
20
20
25
19
19
18
22
20
20
22
15
18
19
19
18
15
12
15
14
11
9
10
9
10
7
12
13
9
12
12
14
15
16
22
18
18
15
16
13
11
9
8
11
11
11
8
9
8
5
8
7
7
4
2
1
4
9
10
8
8
6
8
6
5
5
0
3
7
6
7
4
1
3
1
0
1
4
4
-3
-3
-1
-7
-3
-2
-10
-11
-6
-4
-5
-3
-3
0
-2
-5
-2
-2
-1
2
-1
-3
-4
-1
-10
-17
-20
-14
-11
-16
-11
-6
-8
-9
-7
-9
-7
-7
-8
-12
-10
-6
-8
-6
-5
-7
-4
-3
-2
0
-9
-7
-2
-5
-7
-11
-9
-14
-11
-10
-9
-8
-6
-5
-6
-4
-7
-5
-2
-2
-2
3
3
-1
-2
-2
-1
-2
4
6
2
4
-1
3
0
4
6
2
9
9
12
14
11
8
12
12
17
12
11
16
17
18
19
19
18
20
20
18
21
22
18
24
20
23
24
16
15
21
15
16
16
10
13
11
10
12
13
14
15
17
13
10
11
9
14
8
9
5
5
6
0
5
4
6
5
4
8
10
6
11
11
10
11
13
14
11
13
12
16
16
13
14
15
18
19
17
22
17
15
11
9
15
8
8
10
7
10
10
7
6
7
6
4
2
5
3
5
5
4
4
2
-1
-1
2
1
-2
-1
-2
-5
-3
-8
-5
-4
5
4
1
7
1
7
10
10
11
11
14
10
10
10
9
10
8
7
8
10
10
8
7
9
9
10
11
12
11
13
15
20
15
14
17
17
21
19
14
11
12
11
9
10
10
12
7
7
6
6
3
6
6
9
7
5
10
7
10
8
3
10
8
6
9
9
12
10
7
5
7
5
4
5
4
6
4
2
5
3
7
6
5
8
4
6
8
8
11
9
16
13
13
17
13
12
14
17
12
9
7
11
7
9
10
9
9
7
11
9
10
9
8
9
11
15
9
11
9
9
7
9
9
9
9
7
9
10
10
11
16
10
12
17
16
13
14
16
19
17
13
18
19
17
17
18
16
16
17
14
13
8
10
10
7
5
10
10
11
14
7
7
7
8
5
6
3
5
6
7
7
1
5
2
4
5
1
-1
3
6
4
6
1
0
3
3
3
1
2
4
5
8
4
4
1
2
-3
-5
-5
-2
0
0
-3
-5
-3
-4
-4
-5
-3
-5
0
-4
-3
-1
1
4
4
0
8
7
5
4
9
12
9
12
6
10
12
13
14
12
13
11
13
14
16
13
19
17
22
20
23
25
24
24
20
24
18
20
16
16
14
15
18
19
16
15
13
11
9
8
8
9
8
8
7
10
8
10
8
10
12
10
9
8
12
11
9
7
9
12
4
5
3
8
8
6
7
1
3
4
6
3
5
5
3
7
1
-1
3
3
3
0
-3
0
0
-2
-1
-6
-4
0
-6
-4
1
-2
-5
-8
-5
-7
-9
-7
-7
-5
-7
-7
-10
-7
-8
-9
-15
-14
-8
-2
6
12
27
40
54
64
67
65
61
50
39
44
28
10
-22
-56
-80
-99
-99
-60
-13
5
13
10
11
17
19
9
13
22
14
21
30
18
18
26
33
38
37
35
14
3
-9
-30
-47
-46
-38
-40
-40
-60
-76
-78
-78
-85
-98
-109
-106
-97
-82
-59
-61
-51
-53
-58
-47
-45
-41
-38
-27
-23
-21
-16
-7
-7
-8
-7
-9
-10
-7
-5
-6
-3
7
15
18
25
26
27
18
4
3
4
8
6
13
26
39
46
50
47
47
50
56
56
56
69
77
96
107
111
106
103
97
84
71
62
60
62
67
68
65
63
63
63
41
26
21
15
12
2
1
-3
-10
-16
-29
-38
-45
-60
-70
-75
-66
-47
-33
-22
-14
-10
-20
-40
-66
-79
-88
-95
-92
-87
-82
-77
-85
-96
-110
-129
-137
-150
-153
-145
-136
-125
-117
-116
-120
-129
-144
-154
-163
-166
-166
-172
-184
-197
-208
-202
-175
-118
-55
-3
38
87
154
218
255
272
287
313
330
335
339
339
341
329
315
299
276
237
179
118
66
25
-12
-61
-101
-128
-140
-146
-165
-194
-208
-218
-224
-215
-197
-167
-136
-110
-76
-28
19
56
79
99
132
166
184
192
198
210
214
213
197
179
166
154
133
122
122
116
98
69
51
38
21
-12
-48
-72
-85
-92
-95
-97
-94
-84
-78
-71
-58
-41
-31
-19
-6
18
45
62
71
77
90
98
88
70
47
19
-10
-41
-68
-100
-127
-153
-175
-184
-190
-204
-217
-231
-236
-233
-237
-253
-255
-263
-267
-264
-261
-245
-235
-225
-212
-217
-224
-247
-267
-284
-288
-260
-199
-118
-56
6
94
215
307
346
358
387
410
403
383
383
399
384
359
357
376
372
320
248
184
124
58
-25
-108
-165
-196
-216
-232
-237
-224
-215
-225
-233
-225
-202
-201
-215
-211
-168
-110
-67
-31
14
68
110
147
174
199
207
198
187
181
181
182
167
148
149
164
177
172
158
148
139
123
94
66
40
11
-10
-27
-32
-35
-48
-57
-53
-34
-27
-32
-36
-34
-28
-28
-23
-22
-21
-6
9
19
28
27
22
9
-9
-16
-28
-54
-82
-102
-111
-119
-134
-147
-167
-181
-193
-212
-235
-264
-293
-320
-339
-350
-355
-355
-357
-358
-364
-374
-385
-401
-403
-356
-277
-198
-142
-55
80
230
336
394
462
524
561
553
543
543
523
479
434
427
439
419
375
324
281
231
164
62
-43
-132
-206
-277
-327
-347
-345
-333
-334
-310
-264
-217
-213
-227
-214
-192
-171
-164
-142
-99
-38
30
100
168
230
275
295
298
293
280
248
200
158
141
132
124
114
119
134
147
145
124
106
78
37
-5
-40
-65
-93
-116
-118
-105
-85
-67
-58
-37
-14
4
10
8
9
8
9
16
19
23
26
28
25
19
16
-2
-28
-60
-87
-110
-138
-166
-194
-212
-223
-241
-254
-269
-289
-312
-336
-348
-356
-359
-363
-365
-368
-378
-403
-423
-447
-464
-452
-398
-311
-238
-168
-67
86
238
332
395
469
542
574
564
555
550
519
462
431
437
432
401
355
315
291
254
190
86
-8
-88
-166
-247
-316
-358
-375
-391
-393
-360
-300
-259
-252
-235
-191
-152
-144
-144
-137
-110
-70
-27
18
75
130
187
231
271
309
311
298
266
236
207
164
112
67
40
39
45
57
59
64
77
78
84
75
52
10
-24
-41
-58
-74
-94
-96
-74
-44
-17
7
29
50
68
83
90
77
58
35
18
9
-9
-33
-55
-69
-74
-74
-78
-95
-124
-142
-160
-184
-204
-234
-266
-298
-320
-329
-340
-351
-352
-350
-332
-322
-316
-328
-354
-377
-397
-424
-438
-400
-324
-263
-220
-113
53
202
295
366
471
571
615
604
603
604
559
489
447
444
433
381
338
328
333
307
245
172
109
50
-28
-114
-198
-264
-311
-366
-395
-377
-341
-322
-316
-275
-198
-144
-126
-113
-84
-52
-41
-29
-3
24
46
74
113
172
216
238
249
269
288
285
246
203
163
116
72
24
-1
-11
-13
-9
10
42
67
77
78
87
99
95
63
27
11
-8
-26
-42
-43
-32
-20
-1
37
74
96
100
102
107
103
71
26
-21
-58
-94
-133
-166
-182
-189
-191
-191
-175
-164
-171
-188
-205
-210
-233
-272
-314
-340
-355
-367
-377
-376
-354
-335
-343
-354
-359
-363
-392
-403
-368
-303
-260
-246
-175
-31
110
190
267
388
517
581
599
632
656
627
557
513
504
468
385
317
296
289
257
205
155
120
80
31
-31
-90
-147
-219
-289
-339
-356
-363
-390
-403
-363
-304
-255
-223
-178
-118
-70
-40
-1
36
43
42
45
75
100
101
94
109
148
173
179
188
191
178
158
131
98
72
33
-9
-24
-24
-18
-19
-14
18
59
89
98
99
102
99
79
55
27
2
-22
-46
-44
-27
-11
1
19
51
83
94
85
75
56
26
-24
-65
-105
-146
-187
-215
-228
-230
-233
-230
-212
-199
-187
-190
-199
-211
-226
-256
-283
-311
-336
-355
-371
-379
-401
-423
-435
-438
-443
-426
-366
-292
-250
-208
-108
35
145
209
301
417
518
558
588
639
671
633
588
592
597
537
454
406
396
360
285
219
177
126
55
-7
-53
-107
-179
-245
-295
-325
-346
-373
-397
-390
-359
-325
-309
-276
-226
-173
-139
-98
-45
-1
12
21
58
95
105
91
105
136
153
154
153
176
186
172
154
139
124
80
29
8
13
3
-21
-21
6
44
68
90
122
147
156
163
160
154
126
92
72
51
48
35
16
15
35
49
51
46
49
53
42
23
-4
-30
-71
-118
-153
-180
-214
-249
-265
-263
-260
-254
-252
-243
-229
-227
-227
-235
-244
-266
-293
-318
-337
-355
-379
-407
-444
-458
-461
-475
-472
-402
-311
-261
-231
-129
34
159
215
297
441
555
588
603
677
724
672
605
604
622
551
437
389
385
346
242
181
160
124
42
-24
-54
-95
-169
-260
-306
-336
-372
-424
-456
-444
-415
-388
-368
-317
-242
-184
-146
-100
-25
24
23
25
68
117
117
97
114
149
168
163
174
207
221
203
187
189
180
133
76
52
50
36
0
-11
16
39
57
71
111
140
151
164
182
197
177
136
108
91
65
33
-11
-28
-32
-31
-28
-25
-9
3
2
3
2
-24
-63
-104
-145
-183
-226
-271
-296
-303
-304
-302
-291
-273
-261
-246
-230
-223
-228
-237
-257
-274
-290
-310
-331
-355
-389
-420
-434
-441
-459
-441
-366
-291
-246
-192
-79
72
188
259
362
503
595
623
662
722
731
666
606
603
586
491
387
348
333
269
194
155
141
94
22
-29
-58
-117
-209
-284
-326
-366
-417
-460
-479
-467
-447
-418
-370
-315
-259
-207
-157
-88
-19
16
22
46
85
109
101
96
117
136
138
145
169
192
192
187
195
202
178
131
97
88
67
31
12
10
17
20
43
77
108
126
137
170
193
190
162
130
111
85
44
2
-25
-49
-62
-61
-49
-37
-34
-22
-11
-3
-8
-35
-63
-87
-124
-168
-201
-231
-260
-287
-296
-288
-287
-291
-287
-273
-258
-253
-256
-263
-266
-273
-288
-303
-314
-339
-387
-429
-450
-465
-491
-484
-413
-333
-292
-230
-89
81
191
271
394
539
627
641
675
728
710
629
571
567
526
417
325
305
285
218
147
122
112
53
-16
-48
-68
-129
-226
-289
-318
-361
-420
-467
-472
-454
-440
-412
-356
-290
-226
-178
-114
-34
31
52
60
98
138
142
117
119
141
147
138
147
179
196
189
191
210
219
194
155
135
124
102
58
33
35
29
30
44
78
100
105
123
155
176
165
137
124
117
81
36
9
-16
-38
-58
-57
-54
-54
-54
-48
-28
-11
-18
-31
-35
-52
-82
-107
-130
-157
-192
-226
-244
-256
-276
-296
-296
-282
-272
-271
-272
-267
-262
-271
-277
-279
-287
-315
-362
-401
-416
-446
-478
-471
-400
-327
-283
-228
-98
65
185
267
383
540
626
654
695
752
754
675
610
595
558
440
326
285
273
195
116
97
92
45
-22
-43
-46
-107
-201
-262
-286
-330
-409
-458
-473
-466
-467
-451
-402
-335
-283
-236
-163
-74
-7
24
42
80
127
132
118
122
140
137
123
126
147
157
140
134
158
171
157
131
122
129
112
67
48
48
28
10
9
27
40
37
52
89
118
120
108
110
114
96
61
41
18
-11
-46
-56
-60
-76
-90
-83
-67
-54
-60
-64
-57
-62
-81
-106
-121
-149
-187
-218
-242
-257
-285
-309
-317
-311
-309
-316
-310
-301
-293
-294
-288
-285
-284
-289
-310
-338
-368
-394
-420
-446
-435
-383
-323
-288
-229
-108
43
161
252
374
509
596
640
688
738
731
655
596
581
526
400
298
259
226
153
91
80
69
24
-23
-26
-31
-94
-173
-218
-241
-296
-370
-408
-425
-442
-455
-434
-388
-341
-299
-247
-168
-84
-27
17
59
105
140
151
152
153
154
139
127
127
138
132
122
130
160
173
159
154
160
166
147
130
112
108
89
66
70
75
69
62
67
90
99
81
75
76
68
40
17
6
-14
-36
-52
-52
-45
-56
-66
-56
-39
-34
-41
-37
-35
-39
-49
-61
-70
-94
-121
-144
-160
-182
-214
-235
-251
-253
-266
-276
-276
-274
-276
-271
-267
-261
-261
-266
-270
-297
-331
-361
-383
-402
-396
-350
-295
-261
-213
-94
56
164
242
366
504
599
640
689
745
735
673
624
609
555
432
336
305
267
194
132
113
104
56
12
12
1
-61
-143
-179
-200
-254
-327
-371
-391
-416
-425
-408
-373
-337
-303
-254
-182
-103
-42
1
41
93
142
158
162
172
183
179
170
168
178
167
148
153
170
169
161
157
170
185
177
166
165
168
152
127
110
103
83
54
30
41
44
11
-2
0
3
-16
-27
-20
-18
-32
-37
-27
-13
-22
-32
-22
-5
-2
-21
-24
-18
-24
-45
-71
-87
-102
-132
-156
-175
-196
-227
-250
-268
-280
-290
-309
-310
-311
-309
-308
-306
-301
-290
-284
-278
-290
-316
-339
-355
-376
-388
-362
-315
-277
-248
-174
-36
84
157
246
372
496
563
600
662
708
669
607
593
572
486
356
294
277
209
129
80
72
33
-25
-46
-39
-65
-141
-196
-206
-227
-287
-343
-375
-384
-412
-429
-409
-383
-357
-328
-276
-198
-130
-77
-36
23
100
142
161
177
199
207
195
189
196
192
166
150
168
177
167
146
158
181
183
179
173
185
178
159
154
156
145
111
80
88
84
48
12
-5
-12
-36
-54
-62
-62
-65
-71
-52
-27
-22
-25
-11
14
20
4
-2
-2
-14
-40
-64
-80
-100
-131
-162
-175
-182
-206
-224
-234
-229
-235
-251
-254
-257
-255
-257
-261
-264
-267
-275
-278
-292
-314
-337
-362
-381
-385
-346
-299
-267
-234
-161
-27
91
168
261
385
491
559
608
672
711
675
625
613
600
518
405
341
307
245
162
113
95
53
-12
-39
-30
-62
-133
-190
-204
-226
-288
-345
-372
-388
-414
-426
-407
-378
-356
-323
-272
-191
-120
-71
-21
37
100
144
171
191
208
220
215
210
222
217
192
177
179
182
169
155
161
171
181
177
176
188
184
168
158
157
148
111
75
69
50
19
-22
-36
-37
-63
-81
-73
-60
-59
-60
-44
-7
2
0
17
34
40
22
8
3
-14
-49
-75
-84
-99
-129
-150
-152
-159
-176
-189
-199
-195
-200
-216
-225
-231
-240
-249
-257
-260
-262
-270
-271
-271
-284
-308
-332
-338
-347
-354
-315
-266
-234
-202
-125
-5
98
161
241
360
466
523
566
625
659
629
581
574
552
465
359
301
270
196
118
77
53
10
-43
-59
-57
-93
-158
-193
-204
-235
-291
-331
-356
-375
-393
-397
-383
-361
-339
-310
-259
-196
-134
-87
-32
34
101
149
171
193
219
229
216
211
207
188
158
136
134
131
112
100
107
125
133
130
147
158
156
149
146
150
128
84
61
50
22
-18
-60
-72
-89
-108
-118
-113
-99
-96
-81
-45
-13
-7
2
21
34
25
8
-8
-25
-43
-75
-93
-111
-128
-145
-153
-147
-152
-154
-161
-164
-160
-162
-170
-189
-200
-217
-240
-260
-270
-277
-283
-289
-299
-308
-324
-339
-344
-341
-330
-276
-230
-206
-158
-62
54
128
193
288
403
485
529
580
641
648
606
584
585
550
457
375
345
300
221
154
118
86
28
-18
-30
-43
-99
-157
-185
-194
-235
-284
-309
-320
-337
-354
-342
-323
-303
-285
-249
-195
-129
-79
-37
13
73
128
163
181
207
220
219
211
214
210
183
154
144
142
126
108
107
118
130
136
141
165
176
170
166
173
168
139
100
82
63
21
-26
-56
-63
-93
-118
-119
-101
-98
-99
-75
-44
-22
-17
-2
13
19
9
-6
-13
-34
-63
-87
-102
-113
-134
-143
-142
-142
-145
-149
-153
-153
-163
-172
-183
-201
-218
-236
-248
-264
-277
-286
-292
-296
-296
-318
-344
-353
-352
-365
-354
-298
-244
-222
-189
-86
41
114
165
259
393
478
507
560
629
642
587
561
574
543
436
348
325
292
205
128
102
77
14
-47
-54
-60
-114
-174
-193
-191
-227
-275
-296
-308
-323
-339
-333
-313
-293
-285
-261
-208
-144
-96
-60
-18
47
105
133
152
177
197
192
182
181
182
151
119
112
122
118
108
108
133
160
166
179
198
205
188
179
170
153
108
58
25
-4
-42
-94
-116
-128
-135
-147
-144
-120
-104
-94
-70
-37
-20
-15
-8
0
3
-5
-22
-37
-45
-64
-79
-82
-87
-99
-110
-110
-110
-106
-118
-131
-136
-146
-161
-180
-211
-230
-249
-280
-301
-318
-326
-335
-338
-327
-327
-343
-347
-335
-331
-330
-299
-238
-197
-181
-133
-20
86
133
186
298
408
464
492
559
625
607
558
552
569
503
390
323
304
247
143
78
55
17
-62
-102
-99
-110
-165
-211
-203
-193
-228
-270
-282
-283
-297
-316
-307
-290
-280
-272
-243
-176
-116
-79
-44
16
78
130
153
173
206
216
203
194
191
176
142
115
120
132
123
110
123
154
178
185
194
212
217
207
189
176
150
103
54
26
-1
-44
-82
-108
-111
-118
-123
-110
-87
-69
-54
-21
9
30
30
39
54
51
32
10
-3
-22
-37
-62
-72
-74
-89
-94
-96
-93
-86
-103
-111
-118
-129
-145
-177
-198
-215
-238
-272
-294
-301
-312
-321
-315
-299
-289
-305
-305
-290
-286
-291
-270
-211
-177
-171
-133
-26
71
106
155
261
377
432
463
531
596
583
532
529
545
487
363
297
278
221
117
44
35
-8
-77
-115
-99
-99
-159
-198
-182
-175
-211
-261
-269
-262
-291
-321
-317
-292
-293
-297
-266
-202
-149
-121
-85
-24
40
82
106
136
168
178
162
160
164
147
109
86
100
116
111
103
125
157
177
171
190
212
205
184
169
161
133
75
24
-4
-33
-82
-129
-145
-151
-157
-163
-145
-113
-91
-75
-43
1
20
14
20
34
32
8
-16
-27
-41
-56
-77
-82
-80
-93
-101
-92
-81
-84
-102
-113
-116
-127
-154
-183
-200
-230
-260
-290
-302
-307
-317
-322
-306
-277
-265
-272
-271
-257
-249
-257
-250
-198
-153
-157
-144
-56
43
91
122
214
331
403
431
485
566
587
547
523
536
505
398
316
292
249
159
69
44
27
-37
-87
-86
-70
-103
-152
-147
-125
-149
-199
-212
-208
-228
-262
-269
-247
-239
-249
-242
-188
-136
-108
-78
-30
31
82
110
135
169
184
179
174
179
168
137
110
112
128
126
118
129
158
184
194
210
226
231
225
205
189
163
116
58
22
-14
-59
-104
-132
-141
-149
-153
-140
-116
-92
-72
-45
-14
11
23
25
31
37
22
-7
-24
-35
-54
-72
-88
-88
-96
-104
-110
-96
-93
-104
-119
-125
-128
-144
-167
-193
-210
-237
-263
-285
-298
-309
-322
-316
-299
-283
-286
-294
-285
-272
-273
-281
-240
-192
-175
-172
-114
-17
44
73
135
247
330
370
410
487
528
505
478
495
491
408
317
282
256
180
94
52
38
-13
-69
-76
-68
-87
-136
-146
-122
-128
-163
-189
-187
-198
-228
-240
-236
-232
-239
-244
-212
-163
-130
-104
-72
-10
40
74
104
133
163
170
167
170
171
155
128
125
140
146
136
136
152
177
185
191
203
214
211
187
173
159
119
67
23
-7
-42
-93
-129
-145
-150
-159
-168
-146
-122
-108
-84
-50
-10
2
5
22
42
42
23
3
-5
-15
-41
-59
-64
-70
-86
-96
-92
-79
-85
-96
-95
-97
-106
-131
-163
-184
-209
-241
-269
-290
-304
-315
-321
-314
-300
-304
-313
-306
-287
-281
-276
-231
-188
-165
-148
-81
12
68
97
161
257
330
365
400
471
494
467
449
461
451
372
299
277
251
180
110
80
67
23
-29
-36
-30
-58
-108
-114
-101
-115
-152
-171
-171
-184
-210
-221
-208
-209
-216
-212
-178
-138
-111
-88
-54
1
41
72
101
125
148
156
156
166
170
155
142
149
161
165
161
166
187
205
210
217
227
229
218
203
194
174
128
81
53
19
-24
-64
-98
-115
-127
-136
-131
-115
-102
-94
-63
-30
-3
13
20
40
50
41
29
20
13
-1
-17
-25
-34
-45
-61
-61
-56
-58
-64
-83
-88
-98
-119
-140
-167
-189
-219
-245
-269
-289
-303
-313
-313
-300
-288
-296
-301
-289
-276
-272
-265
-230
-181
-160
-145
-93
-6
51
78
137
231
307
340
374
442
476
457
434
444
440
374
302
268
249
189
118
82
69
24
-26
-41
-35
-56
-105
-115
-101
-109
-147
-174
-176
-192
-218
-234
-229
-223
-234
-232
-201
-166
-141
-122
-87
-41
3
39
67
96
118
124
125
134
145
134
122
129
134
140
136
146
160
176
191
199
201
205
205
189
173
154
115
69
33
-5
-41
-79
-113
-133
-148
-158
-154
-139
-118
-100
-74
-38
-5
12
25
39
48
47
36
26
13
-1
-15
-29
-35
-41
-50
-53
-48
-47
-51
-60
-68
-68
-81
-105
-123
-145
-173
-197
-216
-232
-252
-267
-270
-266
-261
-256
-256
-256
-243
-234
-236
-225
-188
-150
-134
-115
-60
16
68
104
176
262
320
351
393
451
473
451
441
447
430
367
305
281
258
196
135
110
88
44
5
-1
-2
-34
-72
-78
-76
-99
-128
-145
-158
-175
-203
-215
-213
-215
-222
-218
-190
-163
-141
-122
-82
-38
0
37
60
95
114
123
134
140
146
137
127
134
145
148
152
162
178
201
203
213
226
221
216
203
187
159
113
67
29
-4
-48
-91
-117
-137
-147
-151
-150
-128
-113
-96
-67
-32
-7
4
18
39
49
42
28
18
12
-1
-21
-33
-35
-41
-58
-63
-60
-60
-68
-79
-79
-85
-100
-121
-140
-152
-179
-203
-223
-239
-255
-272
-274
-268
-264
-264
-255
-249
-245
-245
-238
-228
-217
-191
-160
-137
-117
-74
-11
46
87
143
213
272
311
350
395
422
418
405
404
399
349
301
270
237
187
134
102
77
42
7
-7
-12
-27
-63
-75
-72
-89
-118
-138
-146
-170
-195
-206
-209
-211
-218
-215
-200
-168
-145
-121
-88
-46
-7
24
58
84
103
111
118
124
132
127
117
125
133
135
135
142
162
171
182
186
186
195
188
168
151
127
89
50
10
-26
-59
-97
-124
-138
-143
-155
-148
-133
-116
-96
-72
-42
-16
-3
6
20
27
23
11
4
-7
-21
-41
-51
-50
-64
-73
-71
-65
-65
-71
-70
-66
-68
-82
-95
-108
-124
-149
-175
-192
-211
-231
-248
-257
-256
-258
-247
-238
-221
-208
-206
-202
-195
-189
-188
-170
-145
-128
-124
-99
-42
-2
35
75
143
209
254
298
354
391
393
391
398
396
359
313
277
250
199
151
115
82
45
7
-9
-12
-30
-53
-66
-73
-73
-87
-104
-115
-125
-143
-153
-163
-165
-171
-179
-167
-146
-127
-109
-90
-56
-17
13
41
67
95
106
112
119
129
128
122
122
125
135
130
128
139
149
158
167
173
181
178
162
149
134
111
73
34
7
-26
-63
-86
-107
-123
-130
-130
-114
-98
-82
-60
-34
-9
10
23
36
39
36
31
26
9
-9
-24
-32
-42
-49
-55
-52
-51
-45
-46
-44
-41
-44
-48
-60
-76
-93
-120
-140
-162
-184
-206
-227
-238
-246
-246
-238
-228
-217
-193
-180
-169
-170
-163
-162
-174
-177
-174
-163
-157
-155
-136
-99
-55
-14
30
98
160
209
257
309
351
369
369
371
364
338
292
248
214
170
122
82
46
17
-9
-27
-29
-34
-45
-53
-48
-46
-55
-71
-82
-92
-114
-131
-148
-161
-180
-192
-189
-171
-155
-134
-107
-78
-39
-1
30
56
81
96
104
109
106
104
96
86
81
84
85
87
94
103
116
125
127
134
132
113
96
80
56
26
-7
-38
-58
-82
-98
-107
-105
-98
-90
-68
-42
-14
1
23
40
51
56
57
60
52
36
20
7
-5
-21
-31
-39
-42
-46
-48
-49
-46
-46
-57
-60
-66
-73
-89
-109
-123
-141
-164
-180
-190
-198
-201
-206
-202
-193
-186
-177
-164
-153
-142
-136
-140
-146
-151
-164
-171
-182
-182
-174
-165
-147
-123
-68
-21
28
80
144
213
261
301
329
352
351
343
326
301
258
203
161
129
85
45
12
-11
-25
-32
-26
-21
-22
-24
-25
-18
-18
-26
-46
-59
-74
-94
-108
-121
-127
-130
-128
-117
-99
-74
-58
-32
3
32
50
66
80
89
92
93
91
78
73
62
57
60
57
52
51
52
57
60
57
57
52
40
36
21
9
-11
-27
-34
-44
-49
-51
-52
-43
-31
-19
-4
7
29
38
50
63
69
68
60
58
52
42
27
13
1
-12
-22
-38
-45
-53
-66
-73
-75
-80
-90
-95
-101
-103
-109
-112
-118
-122
-123
-131
-133
-135
-137
-143
-142
-139
-138
-139
-139
-135
-131
-129
-129
-125
-124
-132
-129
-137
-132
-124
-117
-98
-75
-45
-11
26
68
110
149
192
228
262
279
290
293
293
276
253
225
189
167
137
107
87
64
46
36
24
22
15
9
4
-5
-10
-19
-32
-40
-55
-66
-75
-81
-83
-91
-88
-86
-83
-75
-65
-48
-29
-9
2
18
34
45
57
59
68
72
72
72
71
67
55
49
35
28
20
12
-1
-8
-18
-31
-32
-31
-40
-47
-42
-39
-38
-37
-31
-26
-20
-12
-10
0
6
10
22
24
34
33
35
39
37
37
33
32
23
9
-1
-9
-24
-36
-50
-66
-78
-86
-97
-107
-105
-110
-115
-120
-121
-119
-120
-124
-126
-128
-127
-129
-137
-139
-139
-142
-147
-144
-138
-134
-127
-118
-107
-98
-92
-83
-75
-75
-76
-75
-70
-59
-45
-40
-22
5
35
65
95
125
157
188
212
230
242
247
248
244
230
211
189
167
143
125
105
84
73
58
49
41
37
29
25
25
15
12
7
5
-8
-22
-30
-39
-42
-51
-55
-58
-55
-52
-44
-28
-15
2
22
39
56
74
86
96
101
107
101
98
91
80
66
50
40
29
21
14
6
4
1
-3
3
8
6
9
9
11
10
10
7
11
13
10
4
7
7
10
19
19
22
26
32
35
40
39
35
33
24
19
11
0
-16
-27
-40
-51
-59
-66
-74
-78
-77
-80
-77
-79
-78
-82
-79
-85
-86
-89
-93
-95
-103
-103
-107
-100
-101
-98
-91
-78
-62
-51
-38
-29
-18
-2
2
8
18
15
18
15
13
8
8
7
5
5
8
16
17
29
40
54
69
80
97
109
119
126
134
140
138
137
134
128
116
106
101
92
82
79
73
59
53
43
43
38
27
25
17
15
8
6
7
0
0
0
6
7
11
16
21
30
38
40
46
51
51
52
55
56
51
49
43
42
39
33
22
17
6
5
-5
-9
-10
-13
-17
-16
-14
-18
-18
-20
-16
-18
-20
-17
-17
-10
-4
-3
-4
2
6
8
13
13
21
20
20
19
14
13
8
7
2
-6
-7
-11
-21
-29
-36
-40
-50
-58
-59
-62
-64
-67
-67
-69
-66
-66
-65
-59
-59
-54
-48
-44
-37
-33
-34
-27
-21
-21
-17
-17
-16
-12
-10
-6
-1
-3
2
8
12
17
16
16
21
20
21
20
16
23
21
23
22
22
26
30
33
33
41
47
48
54
62
62
66
67
60
60
62
60
59
59
59
56
57
61
61
60
60
62
63
61
62
60
51
47
39
35
30
30
24
20
16
9
14
12
14
15
19
24
24
28
25
22
17
13
14
8
7
4
-5
-9
-7
-6
-12
-15
-14
-13
-14
-15
-21
-20
-22
-25
-28
-28
-30
-32
-30
-34
-28
-24
-23
-16
-9
-2
4
8
12
10
6
3
-2
-5
-15
-20
-27
-26
-36
-40
-34
-37
-37
-33
-24
-17
-9
-6
-1
1
5
4
3
1
-1
-3
-6
-13
-15
-15
-14
-8
-6
-1
4
7
16
24
33
35
40
38
38
36
34
33
26
22
17
10
6
3
0
2
2
5
4
10
12
10
13
18
16
19
11
14
14
10
14
14
18
14
25
25
27
33
37
49
53
60
62
59
60
55
52
49
46
44
36
32
33
27
31
27
30
32
30
32
28
24
21
18
14
4
-2
-8
-8
-13
-18
-14
-21
-19
-15
-13
-10
-7
-7
-5
-6
-7
-5
-10
-8
-10
-10
-12
-16
-18
-13
-13
-13
-7
-5
2
9
13
11
14
11
13
9
7
8
-2
-6
-10
-17
-20
-17
-17
-19
-17
-13
-7
-1
1
2
6
9
10
8
9
2
-4
-5
-11
-15
-16
-13
-12
-7
-2
-2
7
12
15
23
26
29
28
28
23
24
20
15
16
10
4
-2
-8
-8
-15
-14
-12
-8
-11
-7
-4
-11
-10
-12
-13
-9
-10
-11
-17
-16
-11
-5
-1
-1
4
8
17
21
30
40
37
41
41
43
43
37
34
32
28
28
24
19
23
20
24
20
21
20
19
19
11
14
13
4
0
-5
-11
-10
-16
-13
-10
-14
-14
-16
-19
-21
-18
-18
-21
-19
-15
-17
-18
-17
-21
-19
-17
-20
-18
-16
-12
-9
-10
-4
-3
-4
2
5
9
11
11
10
8
6
6
2
-4
-7
-14
-11
-15
-17
-14
-14
-13
-9
-12
-8
-8
-6
-7
-6
-14
-13
-7
-12
-15
-15
-14
-12
-9
-6
0
-1
6
8
8
13
17
15
14
12
11
8
11
12
8
9
3
0
-1
-2
-7
-10
-10
-10
-14
-13
-19
-25
-27
-28
-32
-35
-34
-36
-33
-35
-30
-24
-20
-10
-7
-6
-1
2
4
11
15
23
27
28
28
27
32
37
36
37
33
33
36
33
33
32
33
31
30
24
25
25
22
21
17
8
2
1
-1
-1
-3
-4
-4
-4
-2
-3
2
1
1
1
3
3
-2
-3
-4
0
1
2
5
3
6
7
12
17
17
21
22
23
24
27
34
33
30
30
36
33
31
31
28
27
25
20
20
22
14
14
12
10
9
4
3
-3
-6
-5
-7
-8
-7
-7
-7
-6
-4
1
5
8
15
16
19
21
19
25
28
25
25
28
21
15
13
14
11
11
13
11
4
3
-4
-10
-10
-13
-15
-15
-20
-24
-23
-26
-28
-27
-26
-26
-24
-20
-17
-12
-7
-5
-4
1
5
1
7
12
13
9
8
14
9
12
14
13
19
20
17
16
18
19
15
16
16
8
9
10
11
4
-1
-7
-10
-11
-17
-19
-17
-20
-23
-18
-17
-18
-12
-14
-16
-14
-12
-12
-11
-7
-6
-4
-5
-4
1
-2
-1
0
3
4
6
13
15
21
26
36
42
40
41
42
43
38
33
34
32
31
26
23
18
13
12
9
10
4
-1
2
4
-4
-6
-5
-2
-8
-4
4
2
4
6
9
12
18
20
20
24
25
26
27
30
32
28
27
27
25
24
20
17
12
6
5
0
-3
-12
-12
-12
-17
-15
-17
-19
-22
-25
-23
-24
-27
-26
-23
-25
-23
-23
-22
-17
-14
-14
-13
-11
-11
-5
-2
-5
-3
1
0
1
-1
8
9
13
17
17
20
16
16
17
17
18
15
14
13
9
6
6
5
3
-1
-3
-2
0
-2
-2
-4
-2
0
-3
-3
-1
-3
-4
-5
0
-2
-9
-7
-10
-8
-3
1
3
2
4
8
15
17
17
18
23
25
25
22
20
23
19
19
18
16
11
10
10
10
10
13
8
6
8
12
7
7
3
6
7
7
9
5
9
9
15
18
23
28
27
35
39
40
40
43
46
46
47
47
46
44
43
38
38
30
30
24
27
25
27
26
22
20
16
18
19
16
14
9
9
3
-3
-2
-4
-1
-8
-5
-11
-15
-8
-7
-5
-7
-3
-5
-6
-6
-3
-1
-4
-3
-6
-1
-5
-6
-3
-3
0
1
3
5
7
8
4
2
2
-3
-8
-10
-12
-14
-18
-14
-21
-23
-22
-25
-24
-26
-24
-25
-24
-22
-22
-19
-20
-20
-20
-18
-15
-18
-16
-17
-17
-14
-16
-15
-12
-5
-3
-2
-3
-6
-2
-4
-2
-1
-2
-2
-1
-2
-2
2
0
1
1
-1
-1
0
0
-4
-6
-6
-3
-5
-5
-5
-6
-3
-2
-2
1
-1
4
5
6
13
16
18
16
20
20
23
28
24
27
25
24
23
16
16
19
18
14
13
15
15
8
4
2
0
2
0
5
6
3
4
-3
2
-1
-4
-6
-6
-6
-14
-8
-9
-7
-10
-12
-16
-12
-6
-9
-10
-8
-6
-10
-7
-7
-6
-4
0
2
9
10
11
12
12
10
13
13
15
17
14
18
12
8
4
5
-3
-7
-8
-6
-10
-14
-10
-12
-10
-14
-14
-13
-9
-16
-12
-14
-12
-15
-14
-9
-16
-12
-19
-15
-14
-18
-16
-20
-18
-15
-9
-8
-11
-6
-4
-4
-3
0
-7
-6
-12
-8
-10
-11
-16
-20
-15
-16
-9
-8
-6
-4
0
3
5
4
7
9
12
13
15
13
17
18
19
19
20
22
21
22
25
28
28
30
27
28
29
25
18
19
17
19
15
10
6
3
3
-2
-4
-3
-7
-9
-7
-8
-7
-7
-11
-13
-10
-13
-17
-20
-25
-23
-24
-26
-22
-20
-18
-17
-15
-16
-12
-13
-12
-10
-11
-2
-1
5
4
8
9
7
9
11
11
16
19
12
14
16
14
9
9
7
7
10
7
4
4
3
3
-4
-4
0
-4
-4
-3
-1
-2
3
2
-1
5
3
5
7
6
6
7
3
4
6
8
5
-1
3
3
2
2
7
7
3
9
4
3
1
-3
-2
-3
-4
-4
-10
-11
-7
-12
-5
-2
-2
1
3
5
4
8
7
7
12
10
9
8
12
15
12
16
15
15
14
15
19
17
19
21
18
18
