-11
-11
-11
-7
-10
-6
-8
-8
-7
-3
-1
-1
-4
-2
1
2
0
4
1
1
2
3
6
7
7
5
6
4
7
0
1
6
-2
4
6
2
-2
-4
-4
-4
-4
-7
-5
-6
-8
-5
-4
-6
-5
-3
-1
-4
-6
-3
-2
-2
0
-6
-3
-10
-6
-6
-8
-7
-13
-14
-15
-15
-17
-14
-16
-8
-12
-11
-7
-8
-8
-6
-6
-5
-2
-3
-3
-5
-5
-5
-7
-10
-9
-6
-1
-4
-3
-6
-9
-12
-14
-14
-12
-14
-14
-13
-15
-12
-10
-11
-10
-7
-4
1
-4
-5
-6
-3
-6
-6
-5
-7
-8
-9
-8
-9
-9
-8
-6
-9
-7
-8
-13
-7
-6
-10
-8
-4
-7
-12
-10
-10
-8
-9
-15
-13
-15
-15
-13
-13
-13
-10
-9
-11
-13
-14
-12
-14
-15
-19
-15
-15
-13
-10
-9
-13
-13
-13
-14
-13
-11
-13
-18
-13
-15
-13
-11
-11
-13
-10
-6
-13
-17
-12
-12
-12
-11
-14
-17
-12
-14
-14
-14
-14
-15
-16
-12
-13
-10
-17
-15
-18
-15
-19
-16
-12
-9
-8
-5
-7
-4
-2
-9
-7
-7
-3
-6
-5
-5
-5
-5
-4
-8
-10
-8
-13
-12
-10
-10
-12
-16
-15
-16
-17
-19
-19
-21
-20
-16
-19
-21
-20
-15
-15
-10
-11
-10
-16
-17
-13
-13
-16
-17
-15
-11
-12
-14
-17
-19
-17
-17
-17
-14
-18
-17
-11
-13
-13
-10
-11
-11
-4
-6
-7
-6
-4
0
-8
-6
-3
-7
-8
-7
-3
-7
-5
-5
-3
-5
-2
-6
-7
-4
-5
-7
-6
1
-3
-1
-5
-2
-4
-5
-3
-4
0
-1
-1
-2
-1
-3
-4
-2
-2
-4
0
-3
-1
-3
-3
-1
-6
-5
-5
-3
-1
-3
-2
0
1
-7
-6
-3
-7
-6
-6
-7
-9
-5
-4
-9
-11
-9
-8
-6
-2
-2
-2
-3
-2
-4
-6
-3
-2
-2
-2
-4
-2
-5
-7
-8
-7
-9
-9
-12
-14
-10
-9
-9
-9
-9
-6
-9
-11
-5
-3
0
1
1
3
7
0
5
4
0
3
-4
-4
-2
-4
-5
0
-5
-3
-3
-3
-3
-2
-3
-6
-6
-8
-6
-5
-5
0
-1
2
3
-4
-4
-2
-2
0
4
-3
-5
-3
-4
-3
-2
-1
-2
-4
-2
-6
-9
-1
-2
1
3
-1
0
3
3
6
8
4
7
6
4
3
6
2
6
4
-2
4
3
4
-1
0
-2
-1
-1
-4
-3
-3
-1
-2
-1
-7
-4
-6
-2
-7
-6
-1
1
0
-1
1
2
1
2
4
5
4
6
4
1
2
3
0
2
3
7
6
2
0
4
3
5
8
4
3
0
2
2
2
2
4
1
4
3
6
5
-2
2
0
2
-1
-7
0
1
-3
-1
-5
-7
-2
-1
-7
-6
-4
-7
-4
-4
-6
-3
-3
-8
-3
-1
0
0
2
2
1
2
-1
4
4
7
5
6
2
5
5
4
4
1
8
5
3
0
-3
-4
-8
-7
-5
-2
-2
0
-2
-5
-5
3
4
5
9
9
6
10
12
9
10
6
1
1
0
-1
-2
-4
-7
-11
-8
-8
-10
-10
-7
-6
-5
-5
-10
-6
-2
-6
-4
-2
-4
-2
0
-2
-3
0
3
2
2
2
3
2
3
8
7
9
5
3
6
6
9
12
9
6
9
9
10
8
13
9
11
4
7
12
11
12
13
13
15
14
7
11
11
11
4
6
6
5
9
5
3
3
7
9
12
9
12
11
10
13
10
10
8
8
7
9
7
5
7
5
5
9
9
9
13
14
18
15
15
15
15
12
8
11
8
3
5
5
2
6
4
-1
1
-6
-7
-9
-4
-2
-5
0
0
-4
2
4
1
4
-1
2
4
2
0
1
3
-1
3
-1
-3
-4
-3
-7
-10
-6
2
0
3
7
5
12
9
11
17
13
13
16
15
14
13
10
13
9
7
9
8
6
5
4
2
3
3
0
2
5
0
0
-2
-3
-3
4
1
3
5
4
5
0
6
5
6
5
6
8
6
7
5
0
4
4
7
9
8
9
12
10
12
12
13
14
10
13
11
10
6
5
7
8
8
7
13
12
5
7
5
4
3
4
2
0
-3
-1
3
1
4
1
3
4
4
4
4
7
7
7
9
7
8
6
6
3
1
3
3
4
2
5
3
5
4
5
4
4
2
4
5
7
11
6
7
7
5
8
6
5
2
-1
-2
-2
-3
-1
-1
-2
-4
-4
-4
-5
-3
-7
-8
-8
-11
-8
-3
-8
-10
-6
1
-2
-5
-6
-8
-6
-10
-11
-17
-14
-5
-6
-9
-14
-10
-1
1
-3
-2
3
5
6
6
5
11
20
11
8
8
8
18
12
4
7
9
7
5
-1
-3
2
7
4
-1
-3
7
8
1
-1
2
10
11
10
1
7
15
17
13
2
2
10
11
5
-5
-9
5
11
5
-8
-11
2
17
9
-1
-7
4
17
12
3
-6
1
18
19
8
1
0
14
23
18
2
2
11
22
23
11
-1
3
16
18
10
-2
0
3
13
9
-1
-8
-3
5
9
2
-4
-4
3
7
2
-2
-3
6
11
8
-2
-1
-1
1
2
-5
-12
-9
-7
-1
-3
-11
-15
-11
-3
0
-3
-6
-5
-2
5
5
2
-3
-7
-6
1
4
-3
-6
-3
-1
6
5
-2
-6
-4
3
4
3
0
-1
7
3
3
1
-2
-7
-2
-1
-2
-1
-7
-5
-7
-6
-4
-6
-7
-8
-8
-3
-2
0
-2
-1
-1
0
0
-3
-4
-8
-3
0
0
-1
0
2
3
0
-3
4
-2
1
0
-2
-1
1
7
3
3
6
8
7
5
8
9
12
12
10
9
11
8
9
9
5
9
9
9
13
11
8
6
13
11
9
8
13
16
13
15
16
13
15
14
13
12
12
13
12
9
10
10
6
6
4
8
9
8
9
9
10
9
11
13
13
14
12
12
12
12
10
9
11
11
12
9
8
4
9
7
7
10
2
6
6
5
6
10
12
10
12
11
13
11
12
10
17
15
12
15
10
9
6
8
5
3
5
6
5
1
1
0
6
4
6
6
2
2
4
0
0
0
1
1
-2
-1
2
-1
-9
-12
-10
-8
-8
-4
-9
-7
-8
-7
-5
-2
2
2
2
4
4
11
10
10
13
11
9
6
8
3
0
0
-7
-2
-1
-3
-5
-6
-6
2
4
6
6
3
2
3
8
6
6
6
8
10
10
6
4
6
5
6
5
6
8
11
7
11
10
10
6
5
9
8
13
6
5
4
7
6
5
6
9
7
11
12
11
12
7
15
13
14
12
8
14
14
15
10
10
13
8
10
12
11
8
13
14
16
15
12
16
16
18
16
15
17
15
14
15
16
15
12
11
10
10
11
11
10
12
14
13
17
14
12
13
11
18
14
14
13
8
8
11
10
8
15
12
11
10
16
15
15
13
14
13
10
13
12
14
16
17
15
13
15
14
12
14
16
15
14
15
15
18
11
8
12
7
6
7
6
8
6
2
3
5
4
4
4
4
3
1
4
4
5
3
5
5
8
10
10
8
10
11
8
7
11
8
6
9
5
6
10
13
10
12
9
10
14
13
19
14
13
16
11
14
15
17
19
16
20
18
17
20
18
18
15
22
22
18
16
17
16
20
21
22
29
27
28
26
26
24
25
27
24
26
27
27
25
30
27
28
29
25
25
26
28
32
32
32
31
30
37
34
35
30
30
30
30
31
27
28
24
26
22
22
24
27
24
22
24
26
23
20
21
19
21
22
23
26
24
19
19
23
22
23
23
16
13
17
17
16
18
17
15
14
16
18
16
21
18
13
12
17
13
13
15
10
13
14
13
17
15
15
15
16
16
16
14
11
15
14
6
8
10
4
5
6
8
11
12
12
13
16
17
17
15
14
15
18
16
10
14
15
10
15
14
14
13
14
15
15
15
18
15
16
19
20
21
19
24
28
20
21
22
20
16
20
21
21
16
18
17
9
16
16
18
18
19
18
12
12
13
7
11
12
12
8
9
10
7
9
5
12
12
11
13
15
16
17
20
17
20
22
18
23
21
19
19
24
27
28
32
33
32
34
33
36
37
34
37
34
33
33
30
27
25
27
21
22
23
19
23
21
22
17
16
19
20
23
22
23
20
23
21
18
18
20
16
13
13
13
13
14
10
17
13
12
16
14
14
15
17
13
12
13
9
17
24
17
17
19
13
14
16
16
20
20
17
16
17
17
20
15
17
17
10
10
12
11
10
12
9
11
7
4
6
6
1
3
-1
1
0
0
-2
-1
-1
-3
-1
1
-1
1
-1
-4
0
0
1
1
0
-3
-4
-10
-9
-4
0
4
2
2
1
-3
-1
5
-3
1
-4
-3
-4
-11
-9
-5
-10
-14
-13
-15
-15
-16
-13
-13
-14
-16
-10
-6
-8
-8
-8
-4
-1
0
-6
-1
-1
1
-1
0
5
4
9
10
9
11
11
17
18
18
22
18
21
23
20
23
22
20
19
20
21
22
20
25
22
26
23
24
25
21
22
21
19
21
23
25
21
21
21
18
17
20
23
19
19
18
17
19
16
15
17
11
8
9
5
5
5
3
5
6
3
4
7
8
11
8
12
10
11
13
11
9
6
7
9
10
10
6
2
2
2
2
-2
-3
-2
-3
-1
-5
-3
-8
-9
-6
-10
-6
-5
-4
-5
-4
-3
-3
0
-2
0
-1
3
1
-2
-3
-4
-3
-6
-4
0
6
2
1
3
0
1
-1
2
2
-1
0
2
-3
-6
-4
-5
-10
-12
-15
-15
-13
-14
-15
-15
-17
-20
-21
-20
-17
-20
-20
-22
-18
-17
-21
-19
-19
-22
-25
-20
-26
-29
-26
-26
-24
-21
-23
-21
-26
-26
-23
-23
-24
-22
-22
-21
-17
-20
-22
-18
-15
-15
-10
-9
-11
-10
-5
-4
-2
4
2
5
7
5
4
3
8
8
8
5
8
8
6
6
5
7
5
9
11
5
7
7
9
5
3
7
6
6
8
6
5
8
5
2
3
4
1
0
-3
-6
-5
-7
-4
-2
-9
-3
-2
2
0
-4
-3
-3
-7
-6
-2
-3
-2
-4
-1
-4
-3
-3
-2
0
6
-2
1
-1
-2
2
-3
2
0
-1
-4
-6
-3
-5
-2
-4
-4
-5
-9
-10
-13
-11
-10
-9
-8
-9
-12
-13
-14
-13
-14
-10
-14
-9
-13
-17
-12
-14
-10
-10
-15
-15
-13
-16
-13
-16
-11
-11
-16
-17
-16
-15
-18
-17
-19
-18
-22
-21
-18
-21
-21
-25
-25
-22
-23
-18
-19
-15
-14
-19
-17
-16
-16
-17
-18
-22
-22
-24
-22
-21
-22
-21
-20
-21
-15
-16
-11
-12
-13
-10
-14
-15
-9
-9
-7
-10
-12
-10
-7
-7
-9
-12
-14
-12
-13
-9
-11
-13
-12
-10
-7
-5
-8
-8
-6
-7
-10
-5
-3
-4
-2
1
5
3
3
7
11
7
9
9
7
10
7
11
8
8
8
10
8
0
6
-1
1
0
-2
-1
-6
-5
-3
-5
0
-2
-8
-5
-9
-8
-10
-7
-6
-7
-6
-4
-4
-8
-4
-3
-3
2
0
-6
-1
0
-5
-6
-1
-6
-3
-9
-11
-8
-13
-2
-8
-3
-1
-7
-2
-5
-5
-8
-7
-3
-4
-6
-5
-5
-5
-7
-7
-8
-8
-7
-9
-10
-9
-14
-14
-16
-13
-14
-20
-17
-18
-19
-17
-20
-23
-16
-19
-16
-18
-18
-13
-18
-15
-14
-12
-15
-21
-14
-14
-16
-11
-10
-10
-11
-14
-11
-11
-14
-16
-17
-27
-24
-22
-22
-23
-24
-24
-25
-17
-19
-22
-19
-19
-21
-17
-19
-15
-17
-20
-17
-15
-13
-13
-14
-16
-17
-15
-16
-19
-15
-13
-11
-16
-15
-15
-14
-6
-5
-8
-3
-3
-4
-2
1
2
1
2
5
5
9
7
4
5
5
7
8
7
8
13
6
9
11
11
9
5
7
7
11
12
9
16
14
15
18
16
21
16
17
17
15
13
13
12
8
8
8
9
6
1
7
3
3
3
4
4
2
1
0
4
3
5
2
1
2
7
3
1
-1
-4
-6
-3
-3
-5
-5
-8
-9
-11
-11
-7
-9
-11
-8
-15
-16
-13
-16
-19
-16
-19
-18
-18
-18
-12
-13
-13
-14
-13
-14
-16
-16
-19
-16
-12
-15
-16
-19
-15
-16
-14
-10
-9
-5
-11
-14
-18
-14
-13
-12
-12
-13
-13
-8
-10
-10
-1
-12
0
55
-46
-130
28
39
-103
-46
19
-67
-55
9
-37
-60
-7
-12
-55
-30
-5
-43
-50
-12
-28
-41
-17
-19
-30
-31
-26
-23
-24
-39
-8
-36
92
160
-191
-158
172
36
-136
20
9
-92
6
28
-83
-46
43
-21
-64
21
18
-52
-15
22
-24
-17
2
11
4
-22
4
35
-24
-10
45
4
-3
55
54
97
280
4
-236
73
104
-72
45
30
-130
-66
31
-42
-102
-10
47
-49
-28
54
-42
-63
33
22
-25
-21
24
75
-17
-11
107
24
-42
53
171
-30
-111
87
59
-45
4
25
27
35
129
100
-88
-24
29
8
131
31
-85
-11
-32
13
2
-117
-40
46
8
-57
-95
-37
-50
-73
-1
-17
-45
21
-8
-17
10
-28
34
57
10
128
111
-51
-23
-1
5
44
11
-62
-4
110
-48
-176
-27
-32
-65
15
-7
-141
-43
99
-59
-123
11
47
16
47
29
-56
-61
-15
-15
-32
-39
24
1
-61
-33
-36
-42
-35
-17
-9
-37
-12
-9
-50
-51
19
-2
-11
-57
-53
34
-10
-87
-36
-19
-60
-58
-36
-82
-101
-30
-28
-93
-82
-54
-54
-45
-39
-26
-27
-30
-23
-3
-32
-39
17
8
-41
-8
2
-23
-35
13
-2
-13
-18
-16
-2
-34
-34
18
-16
-51
-9
14
-22
-32
19
13
-30
1
8
-29
-14
24
38
-11
-14
-2
27
-27
-23
35
12
-20
9
53
-22
-74
19
35
-32
-14
35
5
-22
-15
29
17
-10
0
12
-12
-50
-17
6
-7
-26
-8
-22
-41
-48
-25
-18
-31
3
6
-46
-50
2
38
-14
-31
18
-9
-49
-3
-10
-19
-12
-10
20
-2
-40
-13
14
2
-3
-3
-24
-16
0
12
20
-10
-31
-7
2
-41
-17
21
-22
-44
-16
1
-21
-38
-17
-11
-33
-34
-5
-2
-52
-59
8
14
-25
-12
-7
-16
-30
-16
-6
-27
-32
-6
11
-13
-56
-11
52
22
9
40
49
9
-18
27
50
3
-4
52
49
-24
-22
22
13
19
52
58
22
-6
8
16
29
13
19
42
3
4
5
-15
-1
27
20
39
59
27
1
-11
12
34
49
19
7
50
21
-12
24
56
25
16
61
51
34
28
27
29
19
16
45
66
37
10
23
23
-8
18
50
48
27
10
-14
-21
-7
9
35
44
31
27
24
-4
-2
37
41
35
60
45
26
6
19
64
53
66
78
62
34
20
38
53
46
32
31
15
-6
-39
-14
10
2
5
7
7
-29
-30
-10
7
7
12
29
20
-1
-3
29
32
16
29
35
28
19
20
37
31
15
30
21
4
9
10
0
-29
-35
-10
-19
-16
-8
-4
-13
-18
4
20
20
17
2
-16
25
39
32
28
11
2
2
30
16
-9
-8
8
21
17
1
-21
-18
-6
23
49
22
-19
-30
-6
17
26
16
4
6
1
-12
-8
-16
-27
-12
20
6
-5
0
-16
-2
35
43
43
30
26
48
33
23
12
47
73
45
45
45
35
9
29
75
73
47
31
36
38
30
26
38
26
15
8
14
20
-20
-27
-7
-1
12
10
1
-7
-16
-20
2
23
2
-6
-2
11
18
33
45
32
35
66
100
100
87
65
101
137
121
137
151
146
123
148
146
119
124
126
126
122
134
88
75
99
100
107
101
92
81
93
102
100
99
89
77
95
94
72
69
75
58
63
94
61
28
30
44
20
27
33
9
-12
-36
-44
-23
-14
-52
-69
-64
-54
-72
-63
-63
-48
-47
-19
-55
-35
-14
-55
7
1
56
-4
23
-22
-1
-10
-1
37
23
22
-42
-18
-22
3
-24
-32
-57
-78
-84
-69
-76
-101
-110
-124
-87
-85
-99
-122
-105
-93
-98
-81
-58
-49
-50
-41
-52
-45
-46
-52
-33
-18
-23
-45
-30
-42
-60
-41
3
89
161
150
122
137
207
245
270
309
314
343
366
341
307
307
289
292
293
290
273
182
139
110
107
133
95
68
59
29
40
39
44
80
82
98
144
164
201
204
208
254
253
285
292
261
259
230
208
208
169
151
116
76
73
29
-7
-43
-79
-78
-79
-92
-104
-136
-156
-144
-154
-125
-119
-137
-131
-122
-87
-88
-101
-100
-84
-58
-26
-28
-28
-16
-24
-26
-2
40
24
1
-10
-18
-20
-25
-55
-74
-91
-120
-114
-129
-148
-173
-182
-163
-162
-168
-173
-183
-154
-135
-139
-153
-143
-141
-136
-123
-105
-85
-111
-125
-163
-186
-183
-149
-39
69
146
91
30
47
155
327
371
362
327
366
438
466
412
330
320
384
457
419
341
229
155
147
145
148
101
72
14
-37
-49
-62
-65
-104
-113
-103
-50
-6
-20
-75
-114
-58
13
92
98
77
72
112
196
236
250
252
272
306
342
327
282
215
198
217
225
198
107
44
-15
-40
-46
-49
-67
-111
-129
-132
-128
-131
-138
-145
-142
-111
-35
3
-60
-93
-66
-21
10
43
24
-34
-22
24
57
42
-26
-78
-49
-18
12
-15
-80
-123
-138
-49
-36
-89
-117
-87
-54
-58
-71
-97
-61
-18
-26
-61
-67
-14
-19
-33
-75
-88
-39
-18
-41
-81
-71
-77
-92
-94
-78
-72
-85
-114
-133
-131
-133
-146
-159
-96
-10
81
89
25
-33
11
149
268
305
244
206
234
339
390
348
250
219
272
370
403
315
176
83
102
169
201
131
26
-38
-14
36
48
-16
-100
-103
-44
24
41
-5
-65
-81
-32
36
76
55
18
9
52
89
97
89
50
36
71
151
186
161
114
88
103
132
166
160
96
60
41
73
125
86
23
-43
-16
42
75
38
4
-37
-63
-21
3
30
-9
-51
-66
-26
1
7
-21
-23
-2
-3
20
19
12
-1
1
1
24
17
9
18
21
15
16
8
7
1
5
18
16
-19
-43
-19
-2
1
-14
-37
-69
-27
0
-20
-67
-82
-87
-71
-51
-52
-92
-106
-113
-115
-91
-96
-89
-113
-133
-126
-119
-131
-163
-190
-156
-59
27
34
-32
-77
-61
48
167
207
166
114
141
232
304
294
214
149
179
288
361
321
195
86
77
148
210
180
74
-5
-3
56
91
38
-58
-110
-63
34
81
33
-63
-115
-79
11
49
20
-36
-47
1
39
40
2
-29
-22
31
88
88
39
4
24
103
199
226
180
114
87
138
205
217
148
60
8
68
152
118
19
-77
-99
-2
91
63
-72
-144
-123
-6
72
-1
-121
-131
-45
8
29
-34
-80
-108
-53
27
16
-16
-56
-81
-46
-6
-2
-23
-58
-62
-69
-65
-34
-9
-55
-157
-137
-75
-50
-38
-106
-172
-153
-97
-86
-105
-110
-129
-167
-136
-75
-55
-105
-178
-219
-171
-115
-130
-199
-281
-268
-155
28
108
40
-126
-170
-19
226
369
323
179
110
239
436
503
390
224
179
322
493
506
324
94
19
133
284
296
139
-46
-114
-28
77
56
-69
-191
-192
-80
26
16
-109
-222
-201
-62
43
46
-20
-73
-43
19
61
63
32
26
59
100
126
113
71
49
71
146
226
270
268
222
167
139
178
229
243
196
106
53
44
55
38
-32
-125
-136
-50
32
0
-115
-205
-175
-61
20
-5
-91
-121
-54
32
10
-27
-90
-122
-44
63
25
-44
-169
-157
-19
-15
-66
-119
-118
-89
-81
-93
-120
-132
-148
-137
-102
-82
-112
-168
-152
-146
-114
-135
-122
-101
-125
-159
-164
-143
-122
-119
-177
-227
-246
-246
-254
-246
-199
-75
39
22
-99
-169
-72
155
342
364
237
147
228
413
532
461
292
219
331
510
550
380
132
20
123
292
331
184
-40
-138
-66
58
74
-60
-205
-220
-107
5
-5
-138
-254
-237
-104
29
58
-23
-98
-87
-6
62
70
31
18
57
118
141
99
43
31
75
137
179
181
187
197
218
215
194
182
192
225
240
189
99
31
15
27
28
-23
-101
-92
-40
-60
-109
-158
-166
-109
-31
17
-47
-107
-85
-63
-7
-37
-19
-56
-55
-30
-8
-27
-137
-130
-123
-46
-35
-40
-109
-166
-166
-90
-71
-142
-211
-150
-79
-97
-158
-213
-229
-198
-167
-176
-159
-188
-219
-254
-238
-233
-253
-289
-321
-345
-345
-297
-204
-83
-35
-109
-224
-213
-16
239
366
290
147
115
270
489
576
468
307
297
445
607
568
338
122
102
272
424
378
137
-100
-135
-3
123
91
-92
-241
-223
-90
0
-75
-235
-326
-245
-78
21
-16
-132
-204
-159
-33
66
73
23
-3
26
98
135
118
71
67
112
195
238
233
213
214
240
263
279
278
282
273
255
195
125
95
76
63
18
-44
-94
-107
-95
-123
-174
-226
-203
-113
-36
-87
-204
-160
-72
-21
-34
-38
-53
-72
-15
48
20
-76
-98
-85
-32
12
-29
-121
-201
-181
-126
-86
-105
-194
-274
-236
-166
-120
-205
-323
-344
-248
-148
-165
-269
-353
-349
-264
-199
-268
-407
-480
-456
-353
-176
-22
-11
-182
-364
-295
29
383
479
289
69
91
368
648
684
463
268
340
613
773
621
272
48
149
431
584
406
42
-204
-151
66
171
49
-193
-318
-245
-101
-73
-203
-364
-397
-276
-115
-56
-141
-271
-321
-248
-100
20
44
-15
-71
-56
28
111
140
109
84
121
209
273
249
204
207
280
359
382
330
265
247
264
271
230
164
106
81
53
11
-52
-110
-134
-153
-166
-183
-206
-209
-205
-206
-185
-160
-115
-69
-94
-97
-76
-18
-7
-15
1
3
38
-17
-50
-48
-72
-108
-91
-65
-106
-140
-163
-211
-210
-189
-169
-196
-239
-277
-278
-249
-207
-232
-305
-316
-291
-267
-305
-368
-440
-459
-392
-212
1
40
-166
-403
-349
65
482
565
298
28
77
413
716
715
481
317
440
703
788
560
236
122
295
550
570
313
-15
-165
-85
79
131
16
-155
-270
-266
-209
-179
-212
-279
-314
-290
-211
-154
-185
-279
-351
-295
-130
44
77
-44
-172
-157
2
166
209
105
22
61
203
298
288
240
248
321
381
379
325
283
271
290
282
243
189
113
44
-10
-22
-16
-22
-85
-185
-250
-229
-164
-151
-194
-251
-247
-183
-129
-145
-191
-174
-87
-18
-27
-94
-116
-95
-52
5
-7
-56
-101
-150
-150
-104
-118
-175
-208
-180
-154
-185
-272
-304
-282
-256
-266
-312
-331
-326
-323
-354
-405
-468
-498
-519
-425
-186
56
-4
-375
-605
-311
324
705
532
74
-91
222
686
862
658
405
408
655
842
726
428
264
359
558
630
485
207
-29
-89
21
181
208
38
-229
-402
-369
-183
-57
-135
-333
-444
-351
-180
-123
-240
-381
-370
-177
20
28
-147
-303
-241
-3
205
217
52
-90
-61
112
283
317
268
239
266
319
345
349
357
359
352
336
299
254
181
98
53
74
115
76
-63
-214
-255
-161
-63
-78
-196
-288
-281
-192
-123
-139
-187
-190
-142
-99
-109
-141
-155
-124
-68
-44
-61
-115
-185
-199
-172
-98
-69
-119
-217
-276
-272
-236
-228
-256
-271
-293
-333
-385
-390
-373
-352
-377
-413
-453
-489
-534
-519
-361
-84
49
-194
-536
-493
70
617
618
176
-102
134
610
857
747
535
475
604
746
740
602
474
457
505
521
480
353
139
-42
-39
143
267
124
-226
-473
-410
-143
20
-99
-376
-529
-414
-207
-130
-232
-343
-340
-242
-126
-89
-142
-213
-197
-69
87
136
36
-109
-113
73
309
375
292
177
160
247
376
472
483
416
309
248
257
330
318
222
121
85
105
67
-52
-180
-186
-63
22
-46
-210
-319
-277
-128
-18
-31
-134
-214
-208
-141
-74
-54
-79
-124
-152
-136
-116
-120
-155
-172
-155
-128
-147
-221
-274
-295
-250
-209
-203
-287
-366
-381
-340
-323
-335
-348
-369
-408
-470
-537
-561
-537
-432
-203
-22
-177
-622
-730
-181
557
673
156
-297
-118
425
777
771
614
517
472
526
670
775
730
579
480
469
539
530
337
88
49
281
425
214
-211
-432
-284
8
117
-64
-368
-561
-491
-261
-88
-113
-279
-439
-473
-329
-117
-46
-174
-305
-259
-80
39
-20
-155
-154
35
245
260
138
86
145
273
389
470
472
392
277
246
325
468
481
293
117
90
166
190
103
-28
-95
-44
-25
-93
-187
-215
-166
-103
-75
-108
-171
-206
-167
-89
-20
-12
-93
-167
-161
-92
-43
-48
-107
-176
-181
-143
-128
-165
-212
-234
-218
-203
-220
-264
-288
-319
-335
-318
-266
-267
-350
-448
-467
-454
-443
-485
-468
-244
-59
-233
-685
-707
-57
603
485
-154
-433
-20
529
708
622
538
430
292
361
730
993
809
416
258
443
668
653
389
155
178
356
368
126
-126
-148
-3
77
12
-151
-341
-452
-351
-113
-7
-193
-498
-602
-434
-146
-8
-152
-412
-507
-328
-85
0
-100
-249
-272
-143
41
103
112
111
98
114
211
366
425
380
282
277
364
460
414
266
210
238
265
200
95
16
-11
14
0
-58
-144
-186
-188
-132
-79
-117
-207
-250
-193
-105
-55
-89
-175
-214
-174
-101
-77
-89
-131
-178
-194
-162
-130
-139
-181
-228
-246
-201
-173
-210
-299
-351
-328
-273
-233
-288
-375
-439
-439
-420
-429
-459
-405
-236
-143
-361
-682
-531
92
473
159
-330
-304
181
533
549
469
433
327
235
466
895
969
573
221
333
645
757
618
402
272
255
318
337
246
126
59
32
28
6
-68
-193
-244
-140
-39
-129
-348
-435
-314
-159
-120
-186
-318
-407
-354
-167
-33
-84
-255
-373
-285
-61
95
35
-20
-9
25
69
211
413
459
326
180
211
401
585
525
329
206
206
262
293
283
179
28
-53
-54
-12
-9
-75
-179
-203
-178
-167
-198
-204
-170
-168
-175
-186
-191
-184
-154
-127
-120
-136
-182
-221
-190
-107
-88
-165
-257
-278
-225
-149
-142
-212
-295
-325
-307
-259
-233
-290
-381
-422
-429
-444
-461
-391
-187
-122
-409
-772
-531
190
525
25
-528
-373
214
539
484
416
341
146
86
490
1022
952
351
35
363
778
797
568
390
304
268
359
440
393
224
66
38
108
158
49
-127
-176
-61
-5
-159
-332
-317
-185
-131
-183
-249
-336
-392
-312
-113
-45
-204
-396
-410
-210
10
53
-128
-187
-78
40
87
154
271
293
222
176
247
368
473
425
316
270
254
261
304
349
277
91
-15
16
110
134
41
-104
-172
-147
-107
-82
-83
-125
-224
-255
-192
-107
-88
-151
-222
-230
-172
-125
-132
-149
-166
-191
-208
-189
-164
-168
-192
-220
-235
-250
-268
-291
-271
-249
-294
-369
-412
-405
-424
-428
-425
-284
-157
-282
-643
-691
-78
482
239
-465
-577
-2
516
514
321
250
133
33
316
891
1008
397
-101
157
742
859
578
350
254
202
281
492
523
282
2
-33
121
218
137
-47
-147
-99
-43
-117
-235
-237
-157
-161
-246
-277
-287
-326
-308
-161
-84
-237
-427
-409
-197
-14
-27
-167
-204
-135
-43
53
194
267
158
28
104
312
448
430
284
188
218
307
372
358
281
151
43
84
188
200
82
-55
-111
-66
-4
-1
-65
-128
-162
-168
-130
-86
-91
-145
-180
-182
-159
-143
-137
-150
-152
-156
-181
-191
-173
-156
-161
-184
-213
-236
-239
-238
-239
-238
-253
-303
-358
-359
-351
-381
-434
-450
-309
-136
-230
-593
-669
-101
427
192
-447
-501
72
497
429
277
266
151
39
337
894
928
282
-121
257
799
792
472
325
299
222
290
539
562
240
-49
14
234
285
136
-38
-105
-64
-23
-66
-140
-153
-144
-201
-266
-232
-208
-278
-295
-195
-168
-318
-420
-318
-148
-112
-192
-294
-275
-69
43
10
-71
-6
123
192
225
206
170
194
299
336
314
252
188
213
279
294
177
69
81
123
128
85
-3
-78
-60
-16
-8
-71
-144
-178
-162
-90
-74
-138
-211
-216
-164
-104
-90
-161
-217
-193
-140
-120
-135
-166
-206
-190
-157
-153
-218
-264
-263
-224
-211
-265
-331
-352
-324
-359
-406
-412
-375
-237
-184
-352
-610
-419
150
333
-144
-533
-208
328
454
249
194
223
114
163
590
923
570
-1
71
629
830
532
342
372
312
233
422
624
418
44
-16
214
331
202
56
-7
-49
-63
-43
-35
-74
-132
-189
-247
-231
-162
-183
-262
-250
-201
-269
-355
-278
-156
-167
-257
-272
-243
-96
21
-31
-120
-86
105
214
217
152
84
135
311
382
277
186
151
192
279
307
201
44
28
105
139
100
10
-85
-87
-19
1
-55
-133
-164
-153
-108
-77
-128
-190
-198
-173
-137
-126
-159
-205
-206
-173
-156
-160
-160
-207
-227
-200
-169
-178
-239
-274
-276
-237
-221
-281
-342
-354
-356
-398
-396
-389
-343
-220
-251
-478
-610
-216
267
155
-384
-485
-1
388
332
162
182
160
64
269
731
787
238
-95
298
770
670
355
323
359
235
258
551
597
215
-72
91
349
288
99
24
-4
-80
-85
-1
10
-109
-204
-224
-215
-173
-150
-199
-259
-253
-243
-285
-277
-181
-172
-262
-302
-241
-180
-17
3
-123
-194
-55
207
257
156
37
16
205
416
385
211
84
111
237
369
348
130
-31
32
163
213
122
-13
-104
-63
40
44
-53
-137
-165
-143
-66
-51
-118
-198
-196
-141
-107
-114
-161
-193
-175
-145
-144
-143
-163
-195
-186
-158
-168
-212
-235
-240
-243
-244
-253
-292
-298
-327
-395
-438
-396
-354
-219
-187
-398
-678
-481
171
369
-176
-628
-308
294
451
228
144
138
24
118
610
902
459
-137
61
684
803
444
272
368
291
189
439
665
365
-44
1
327
360
135
55
69
-33
-114
-37
46
-41
-189
-217
-203
-204
-165
-165
-215
-247
-265
-283
-279
-209
-160
-234
-295
-263
-209
-173
-29
8
-115
-189
-73
228
323
167
15
25
248
448
391
257
118
76
240
410
391
147
-74
-3
173
232
154
-18
-132
-100
2
52
7
-109
-198
-187
-82
-19
-97
-191
-223
-179
-126
-109
-123
-179
-206
-179
-137
-118
-140
-166
-167
-161
-176
-190
-202
-209
-231
-253
-277
-292
-307
-333
-393
-401
-387
-275
-164
-309
-572
-544
-16
342
-9
-510
-362
187
439
260
154
194
115
107
468
814
570
22
8
558
795
504
271
357
373
244
353
601
466
77
6
276
377
180
68
101
53
-83
-69
44
25
-126
-211
-212
-207
-174
-154
-194
-271
-300
-292
-262
-210
-186
-243
-320
-287
-215
-164
-152
-52
-73
-194
-151
34
264
252
32
-65
75
306
438
323
138
40
87
320
468
301
28
-83
70
276
279
125
-72
-140
-38
96
128
9
-165
-226
-141
-8
21
-98
-215
-233
-168
-94
-77
-118
-180
-225
-213
-144
-90
-111
-184
-222
-213
-188
-160
-165
-220
-270
-299
-280
-246
-217
-301
-414
-445
-379
-331
-309
-209
-276
-507
-568
-149
258
92
-414
-460
48
430
333
105
110
169
179
378
692
619
198
57
446
746
586
352
335
372
336
382
495
449
230
131
213
275
220
156
125
54
-25
-39
-20
-23
-25
-78
-201
-278
-200
-91
-133
-231
-275
-305
-299
-221
-151
-190
-288
-315
-261
-221
-150
-103
-94
-89
-146
-97
41
210
246
109
5
106
294
429
363
170
98
178
334
400
297
114
11
75
232
276
129
-49
-116
-19
102
94
-35
-170
-201
-111
-29
-27
-130
-250
-244
-155
-88
-120
-196
-228
-211
-183
-145
-131
-165
-224
-257
-204
-162
-162
-202
-273
-290
-272
-232
-230
-277
-364
-406
-406
-340
-333
-293
-243
-389
-551
-390
52
145
-221
-447
-145
188
246
175
176
142
70
248
576
585
267
162
382
549
464
430
501
389
214
316
546
474
205
181
330
246
87
187
298
108
-125
-29
121
-7
-131
-31
-47
-274
-314
-73
-12
-258
-351
-233
-230
-314
-223
-119
-256
-405
-299
-144
-202
-230
-150
-53
-116
-199
-53
129
176
121
95
84
152
281
425
345
140
123
260
388
372
256
117
62
125
262
275
113
-56
-77
38
106
80
-27
-148
-179
-88
1
-33
-167
-234
-192
-137
-101
-111
-163
-224
-222
-150
-82
-121
-206
-227
-191
-161
-169
-171
-187
-247
-282
-232
-197
-219
-309
-370
-352
-321
-304
-340
-267
-208
-351
-500
-290
119
110
-281
-406
-3
288
186
93
214
234
78
205
597
620
229
112
414
591
424
361
505
423
162
235
558
523
166
87
299
275
70
137
294
114
-167
-66
161
37
-165
-92
-20
-205
-306
-101
-14
-260
-386
-228
-157
-291
-306
-174
-209
-357
-311
-160
-183
-252
-177
-17
-84
-210
-73
163
206
86
45
117
226
296
368
289
137
144
299
401
310
153
110
154
189
220
191
85
-23
-20
78
104
27
-64
-111
-109
-77
-36
-55
-152
-218
-192
-136
-106
-136
-192
-228
-215
-156
-98
-129
-196
-236
-202
-130
-116
-163
-241
-255
-225
-188
-204
-245
-294
-347
-327
-320
-301
-363
-335
-225
-260
-413
-380
-18
141
-136
-373
-84
263
241
81
147
280
200
213
469
577
317
165
397
608
441
277
431
523
326
208
386
489
280
136
261
284
101
83
260
214
-82
-138
86
120
-63
-136
-80
-155
-251
-129
-15
-200
-393
-292
-142
-204
-319
-256
-215
-313
-327
-201
-159
-240
-260
-147
-14
-87
-127
6
145
162
104
112
207
256
282
322
257
210
249
327
345
241
143
156
210
220
167
85
42
40
70
72
13
-54
-87
-63
-48
-76
-110
-138
-159
-151
-145
-153
-161
-180
-178
-168
-169
-169
-155
-162
-188
-202
-172
-143
-168
-205
-249
-258
-220
-173
-210
-296
-365
-330
-277
-270
-358
-308
-174
-264
-434
-337
67
162
-177
-375
-30
307
254
87
166
283
178
223
518
614
290
110
391
656
487
280
392
479
306
225
425
490
233
94
249
310
138
83
217
175
-62
-83
105
108
-73
-119
-65
-132
-195
-87
-22
-202
-343
-247
-117
-165
-255
-239
-224
-263
-229
-149
-161
-224
-211
-122
-25
19
-69
-12
93
162
202
192
196
227
272
340
342
257
271
286
298
291
238
202
189
176
161
139
110
87
59
45
20
-19
-35
-34
-35
-69
-125
-129
-110
-103
-124
-171
-184
-164
-149
-136
-152
-168
-173
-181
-154
-137
-141
-169
-214
-210
-186
-194
-211
-217
-250
-271
-299
-290
-282
-299
-346
-301
-167
-236
-410
-353
9
138
-137
-338
-77
245
233
106
148
231
177
248
490
529
266
164
399
570
443
325
385
390
283
279
414
393
196
166
285
241
95
139
249
126
-73
-21
106
38
-72
-37
-42
-194
-209
-41
-31
-249
-319
-191
-144
-234
-249
-187
-244
-315
-213
-110
-199
-275
-184
-75
-101
-67
63
2
-35
75
248
299
193
156
234
314
369
371
287
243
231
321
370
277
178
149
179
189
187
142
63
1
21
68
38
-23
-74
-78
-84
-94
-71
-80
-137
-180
-172
-131
-111
-133
-151
-168
-180
-155
-113
-109
-139
-188
-187
-163
-136
-141
-176
-210
-222
-210
-204
-225
-264
-298
-300
-313
-225
-128
-238
-416
-303
55
128
-143
-263
3
219
181
139
232
245
149
268
526
491
236
226
453
512
347
314
442
393
235
284
429
346
165
219
331
203
61
176
271
111
-55
37
127
1
-69
16
-16
-195
-196
-22
-41
-249
-281
-165
-172
-267
-232
-161
-253
-325
-214
-135
-213
-262
-161
-109
-157
-125
22
68
-51
-1
155
243
206
168
205
250
279
334
348
246
186
241
329
305
191
128
150
157
150
141
92
20
-15
23
40
-1
-54
-86
-98
-102
-91
-85
-129
-172
-175
-154
-138
-136
-145
-162
-186
-182
-139
-109
-138
-187
-203
-179
-144
-139
-179
-225
-236
-220
-194
-207
-255
-302
-306
-285
-279
-259
-176
-217
-353
-314
-39
117
-65
-222
-63
171
188
157
227
265
167
197
441
521
318
202
372
498
383
308
425
431
250
223
394
418
239
180
275
240
114
152
267
167
-35
-9
125
71
-45
-11
-4
-147
-204
-59
-6
-182
-295
-210
-150
-221
-236
-179
-209
-305
-257
-144
-150
-218
-181
-131
-72
-17
-52
-15
55
141
174
156
138
192
275
327
285
207
248
293
298
285
241
172
162
206
217
154
85
68
72
74
52
13
-14
-50
-65
-56
-66
-96
-129
-138
-135
-139
-139
-139
-156
-162
-158
-154
-132
-132
-141
-147
-150
-147
-143
-122
-140
-184
-189
-155
-148
-184
-214
-217
-206
-199
-227
-250
-266
-264
-249
-160
-120
-249
-343
-177
111
95
-146
-189
71
218
163
150
226
194
135
292
474
389
179
231
417
414
294
330
413
298
183
288
403
295
159
213
266
147
97
227
244
55
-39
83
129
1
-39
25
-51
-186
-125
-3
-87
-249
-229
-133
-164
-225
-176
-152
-232
-241
-132
-92
-161
-142
-50
-29
-44
3
105
133
110
132
191
220
238
274
286
243
216
275
329
291
210
185
197
199
206
181
126
65
64
97
95
30
-27
-32
-35
-38
-33
-49
-98
-131
-111
-74
-89
-131
-138
-125
-124
-122
-108
-102
-130
-145
-120
-101
-106
-125
-128
-133
-146
-122
-109
-128
-164
-170
-148
-143
-144
-160
-191
-212
-194
-179
-191
-221
-137
-68
-193
-313
-131
164
89
-185
-167
122
200
121
147
223
140
73
280
466
330
124
207
389
345
241
331
372
210
133
296
377
227
128
211
213
91
117
234
166
-20
-34
81
71
-31
-32
-18
-121
-179
-81
-12
-124
-233
-191
-141
-151
-152
-133
-172
-210
-159
-77
-72
-109
-111
-76
-48
25
101
74
31
62
187
268
238
192
197
229
283
311
283
227
180
206
251
231
161
115
111
105
96
91
63
12
-12
-16
-3
-12
-46
-68
-86
-95
-91
-81
-79
-105
-146
-140
-103
-85
-97
-119
-127
-113
-95
-72
-68
-88
-117
-108
-60
-31
-57
-93
-91
-67
-31
-44
-52
-58
-67
-46
-42
-43
-76
-86
-67
-69
-102
-69
-3
-58
-158
-113
65
87
-40
-69
40
89
93
139
167
105
76
199
279
217
149
190
232
207
196
238
233
160
158
199
201
151
144
156
114
71
93
122
74
11
1
24
21
-3
-24
-38
-78
-89
-60
-37
-69
-114
-101
-76
-69
-85
-81
-83
-36
-33
-62
-39
20
68
35
24
43
94
130
148
116
93
115
161
192
157
113
93
123
146
137
98
65
56
66
71
44
15
-9
-16
-11
-10
-18
-46
-63
-55
-50
-58
-73
-82
-87
-99
-90
-77
-75
-97
-103
-85
-70
-69
-75
-63
-61
-61
-48
-31
-22
-38
-44
-27
-10
-6
-15
-23
-26
-24
-9
0
-20
-34
-33
-27
-25
-26
-27
-38
-50
-43
-34
-40
-73
-55
-11
-20
-62
-63
1
33
17
9
36
46
63
96
105
93
94
129
150
142
132
144
145
137
143
148
141
111
107
125
128
107
88
83
78
67
58
60
41
34
27
19
17
16
11
-11
-18
-21
-15
-4
1
-31
-43
-7
21
22
-6
-10
13
35
55
50
31
36
62
84
89
65
55
68
78
83
73
66
57
54
57
51
37
22
16
7
-6
-10
-15
-29
-49
-55
-63
-73
-83
-80
-87
-113
-117
-98
-89
-98
-103
-93
-90
-84
-68
-52
-60
-64
-47
-22
-23
-32
-24
-22
-16
-7
2
-4
-14
-7
3
1
-12
-4
-2
-11
-19
-25
-21
-18
-20
-32
-25
-26
-30
-30
-20
-16
-23
-33
-33
-32
-25
-15
-20
-40
-47
-22
-6
-14
-36
-28
-5
8
2
-7
9
24
31
34
38
42
50
55
63
57
63
74
74
80
81
88
89
88
89
95
96
89
80
78
89
87
82
73
70
67
65
66
58
59
60
55
52
52
54
52
47
46
50
55
57
67
57
43
46
83
98
106
82
31
23
84
113
2
-29
20
-6
-44
-19
-9
-70
-72
6
-7
-61
-66
-19
-11
-41
-29
-21
-67
-69
-20
-11
-60
-75
-30
-35
-42
-25
7
-22
-43
-19
3
-12
-17
-1
-25
-27
-24
-11
-13
-3
-15
-30
-27
1
15
-4
-26
-37
-9
13
6
-22
-34
-33
-8
0
-7
-23
-31
-17
-11
-11
-19
-16
-16
-23
-29
-15
-5
-14
-22
-21
-19
-16
-2
3
-13
-23
-15
-5
1
-5
-14
-30
-24
-3
3
-10
-14
-6
1
2
3
10
17
8
6
17
24
23
14
14
16
22
26
31
34
31
36
49
46
49
55
62
60
53
56
65
61
59
47
53
62
55
61
61
45
38
50
48
34
30
37
27
6
7
12
-3
-13
-10
-9
-20
-28
-26
-17
-19
-26
-27
-13
-14
-23
-13
2
-4
-8
8
11
8
5
22
28
16
16
25
26
18
18
25
22
22
24
11
4
17
15
9
3
25
26
3
-8
5
23
0
0
-6
9
-15
-12
-19
-8
-16
-12
-12
-16
-14
-27
-14
-15
-14
-21
-9
-25
-19
-28
-13
-17
-32
-39
-25
-7
-21
-30
-36
-26
-24
-25
-30
-27
-32
-27
-26
-23
-24
-27
-22
-19
-30
-33
-28
-19
-20
-35
-29
-22
-28
-25
-15
-12
-22
-28
-17
-6
-4
-8
-11
-8
3
12
16
9
9
19
23
25
27
28
25
24
20
23
26
25
10
0
1
2
2
-7
-11
-22
-20
-13
-10
-9
-16
-26
-23
-5
-9
-16
-21
-3
-1
-7
0
12
18
7
9
18
19
13
13
15
9
8
15
19
8
-1
3
7
0
2
5
-1
-8
-1
10
10
-3
-2
13
15
10
7
8
7
6
7
17
17
7
4
8
15
4
6
13
16
5
3
7
6
3
5
9
-4
-8
-1
5
-1
-9
-3
-2
-5
-13
-10
-1
-8
-14
-9
-2
-3
-12
-13
-4
-10
-16
-14
-9
-11
-17
-12
1
-4
-13
-7
-2
-5
-5
-2
-1
-7
-11
-7
-3
-5
-4
-3
-3
-6
-3
6
4
0
0
1
3
2
6
8
-1
-3
-1
-5
-4
-3
4
-10
-16
-10
-10
-8
-12
-12
-15
-16
-11
-10
-11
-5
-2
-4
-6
-3
3
1
-7
-5
-2
-1
-1
-4
-9
-17
-12
-14
-13
-18
-22
-19
-24
-23
-25
-25
-23
-27
-26
-19
-22
-19
-16
-17
-17
-15
-13
-16
-14
-12
-9
-8
-8
-6
3
6
2
3
3
12
8
3
-1
5
3
-7
-4
-5
-12
-15
-2
-2
-2
-12
-6
-1
-3
-9
-9
-1
-5
-11
-17
-17
-16
-9
-10
-12
-14
-11
-2
-4
-7
-4
-7
-6
3
11
1
-10
2
16
13
3
5
9
14
10
14
12
2
3
12
11
9
4
5
1
-6
-1
6
12
5
-3
-1
-1
-1
-2
-4
-8
-11
-9
-5
-7
-7
-8
-2
-10
-10
-1
0
-3
-4
0
10
10
7
5
5
8
13
16
15
16
8
11
9
9
6
-3
-9
-8
-14
-11
-18
-31
-32
-27
-29
-34
-42
-34
-33
-37
-36
-28
-24
-25
-23
-25
-22
-24
-16
-18
-19
-23
-23
-14
-17
-18
-18
-24
-24
-19
-18
-19
-19
-27
-25
-16
-21
-19
-20
-30
-27
-21
-19
-26
-30
-32
-32
-33
-38
-34
-38
-42
-39
-33
-33
-33
-30
-25
-24
-16
-15
-16
-16
-12
-7
-10
-10
-16
-8
-5
-2
-7
-5
-2
3
11
-2
-4
-1
4
-1
-4
-6
-4
-9
-10
-10
-13
-19
-21
-14
-15
-18
-19
-23
-19
-19
-17
-14
-17
-19
-14
-7
-12
-9
-7
-5
-3
-3
2
4
1
4
8
10
9
6
7
15
9
4
8
5
12
10
7
3
-2
-1
3
-1
-16
-15
-11
-6
-19
-22
-16
-13
-18
-19
-14
-14
-16
-8
-7
-11
-21
-19
-14
-15
-19
-23
-16
-13
-8
-3
-9
-10
-7
-1
3
-5
-7
-11
-7
-11
-16
-8
-11
-18
-16
-7
-7
-14
-13
-8
-12
-21
-25
-21
-20
-28
-26
-21
-19
-18
-19
-14
-20
-20
-15
-12
-11
-16
-18
-19
-19
-15
-17
-11
-19
-24
-16
-5
-7
-21
-21
-19
-19
-16
-16
-15
-23
-27
-20
-17
-18
-30
-29
-28
-28
-32
-32
-28
-33
-32
-28
-24
-25
-27
-21
-18
-18
-18
-15
-12
-9
-10
-8
-4
-2
-1
-5
-3
0
1
-3
-2
0
0
-2
-1
-3
-2
-9
-11
-4
-6
-8
-8
-15
-12
-7
-9
-12
-11
-10
-12
-12
-15
-11
-9
-10
-14
-11
-8
-4
-6
-2
-2
-4
-5
4
5
2
6
6
8
1
2
9
8
0
2
5
4
2
2
7
5
-1
1
3
1
-1
-3
-8
-3
-6
-7
-4
-4
-8
-7
-3
-3
-5
-9
-5
-1
-2
-6
-5
-2
-6
-8
-6
-10
-10
-11
-11
-8
-11
-12
-15
-22
-16
-14
-15
-18
-17
-15
-12
-17
-16
-10
-15
-19
-16
-19
-21
-21
-23
-22
-28
-29
-23
-17
-23
-30
-24
-17
-21
-19
-14
-8
-13
-17
-7
-11
-17
-17
-15
-17
-20
-16
-15
-22
-28
-26
-23
-21
-26
-27
-24
-27
-31
-32
-35
-35
-38
-32
-32
-32
-30
-36
-28
-30
-30
-27
-27
-24
-28
-26
-20
-23
-22
-29
-26
-27
-29
-23
-25
-28
-24
-16
-15
-15
-15
-16
-14
-14
-11
-11
-16
-21
-19
-14
-15
-19
-20
-19
-12
-11
-13
-20
-22
-20
-22
-20
-16
-16
-16
-16
-14
-14
-13
-4
-3
-6
-8
-2
2
3
3
-4
-1
1
5
6
2
1
5
6
12
10
8
8
11
13
13
14
13
8
12
16
13
7
3
6
-2
-5
-3
1
-3
-10
-9
-6
-3
-10
-12
-7
-5
-2
-1
3
-1
-6
-1
1
0
-4
-4
1
0
-5
-4
-2
-5
-9
-10
-11
-11
-11
-9
-15
-15
-15
-18
-19
-21
-22
-26
-28
-27
-20
-15
-21
-20
-18
-19
-18
-17
-16
-21
-21
-23
-21
-26
-22
-27
-24
-24
-28
-28
-27
-21
-19
-14
-13
-14
-14
-11
-14
-15
-15
-12
-13
-21
-21
-18
-24
-26
-25
-26
-29
-27
-28
-25
-28
-29
-26
-26
-20
-20
-18
-23
-25
-23
-22
-19
-20
-24
-23
-18
-22
-30
-33
-31
-26
-27
-25
-22
-24
-23
-26
-24
-17
-19
-20
-17
-17
-18
-14
-11
-10
-13
-14
-9
-7
-7
-5
-5
-6
-9
-6
-4
-5
-6
-7
-8
-7
-3
-3
-1
1
1
-1
-1
2
5
9
5
5
8
8
7
8
7
7
7
9
3
3
2
-4
-4
-6
-5
-6
-8
-10
-11
-12
-12
-11
-12
-17
-17
-15
-14
-17
-16
-15
-16
-14
-21
-17
-18
-24
-24
-21
-21
-24
-25
-26
-20
-21
-21
-14
-15
-13
-8
-10
-10
-14
-16
-16
-11
-13
-9
-8
-7
-3
-2
1
-2
-1
-5
-2
-1
0
-4
-4
-1
-3
-6
-3
0
-1
-7
-5
-3
-8
-8
-7
-11
-16
-17
-16
-16
-17
-19
-22
-25
-26
-18
-22
-24
-25
-22
-23
-24
-25
-16
-18
-23
-19
-16
-12
-15
-16
-11
-9
-10
-15
-6
-5
-8
-6
-1
-2
-6
-6
0
-6
-11
-3
0
-5
-5
1
-1
-2
-4
-1
2
-3
-7
-5
-5
-11
-11
-7
-8
-12
-12
-10
-10
-12
-8
-7
-13
-17
-12
-9
-12
-14
-17
-17
-19
-21
-17
-13
-20
-15
-15
-15
-15
-8
-12
-16
-11
-14
-13
-12
-9
-12
-14
-12
-10
-5
-5
-7
-8
-8
-1
0
-6
-1
2
0
-1
-2
0
-3
-6
-5
-3
-2
-2
0
1
4
3
8
8
5
8
13
10
6
6
2
3
-1
-4
-5
-9
-8
-12
-12
-15
-16
-18
-19
-19
-20
-26
-22
-19
-22
-27
-30
-26
-26
-22
-18
-17
-20
-24
-19
-9
-9
-11
-12
-4
-5
-4
-4
-8
-3
-7
-4
-1
-3
-7
-4
2
2
1
1
6
1
-2
6
6
6
2
7
7
0
0
3
2
-5
-3
-3
-2
-4
-1
1
1
-4
-2
2
-5
-5
-8
-3
-4
-4
-9
-8
-6
-12
-10
-10
-16
-20
-22
-18
-16
-19
-20
-28
-29
-29
-25
-21
-22
-25
-25
-22
-20
-17
-14
-12
-15
-14
-9
-12
-8
-10
-11
-9
-6
0
1
3
2
8
7
6
9
13
13
11
12
14
19
15
18
14
15
15
14
17
22
18
17
16
10
10
10
7
6
3
2
-4
-6
-8
-10
-8
-8
-4
-6
-12
-13
-12
-7
-8
-7
-4
-4
-3
-1
-2
-1
-1
-1
0
2
4
3
-1
-1
0
1
3
0
2
7
1
3
3
3
2
3
8
7
9
10
10
10
7
7
10
9
10
10
7
6
4
6
5
3
0
-2
1
-3
-3
-1
-3
-1
-4
-3
-5
-4
-3
-6
-6
-9
-7
-11
-13
-13
-14
-14
-19
-24
-23
-24
-24
-23
-24
-23
-23
-21
-20
-16
-19
-20
-13
-14
-13
-11
-10
-7
-3
1
-5
-2
4
0
-2
-2
0
-2
-1
-1
0
-4
-4
0
-4
-7
-11
-7
-6
-8
-10
-12
-15
-19
-22
-19
-22
-25
-25
-26
-29
-32
-28
-34
-32
-29
-29
-28
-26
-27
-29
-24
-20
-22
-23
-24
-26
-19
-18
-16
-15
-15
-12
-8
-6
-12
-10
-5
-5
-6
-6
-8
-2
-4
-6
1
0
0
-1
-2
-4
-6
1
0
-2
-1
-2
-1
-2
1
-2
-4
-2
1
-3
-1
1
-3
-2
-5
-2
-5
-9
-11
-13
-13
-7
-8
-13
-11
-13
-13
-8
-7
-6
-11
-15
-15
-13
-13
-13
-21
-19
-19
-22
-19
-24
-23
-22
-25
-21
-23
-22
-20
-24
-20
-21
-19
-21
-13
-13
-16
-12
-13
-7
-7
-10
-9
-2
1
0
-3
-7
-3
-4
-3
-5
-5
-6
-6
-7
-6
-11
-10
-11
-16
-12
-13
-16
-16
-16
-16
-13
-8
-12
-14
-16
-17
-18
-19
-15
-18
-19
-18
-25
-19
-19
-21
-18
-23
-20
-18
-15
-16
-20
-19
-22
-21
-18
-14
-15
-18
-17
-14
-12
-9
-9
-17
-10
-12
-12
-12
-14
-11
-13
-8
-9
-9
-11
-11
-12
-13
-13
-14
-13
-13
-12
-11
-10
-11
-7
-8
-5
-3
2
3
-1
7
1
-1
-1
-4
-3
-2
-5
-4
-2
-3
-3
-3
-3
-7
-6
-6
-4
-10
-10
-9
-12
-7
-10
-11
-15
-11
-10
-9
-10
-8
-7
-5
-9
-10
-4
-6
-3
-4
-3
-5
-5
-4
-8
-12
-13
-11
-9
-4
-4
-9
-3
-5
-4
-5
-6
-6
-8
-8
-3
-7
-13
-15
-14
-16
-19
-16
-17
-19
-25
-24
-25
-25
-25
-28
-28
-27
-26
-27
-23
-22
-22
-22
-23
-20
-21
-18
-18
-18
-16
-20
-14
-17
-19
-11
-9
-10
-11
-13
-10
-12
-12
-11
-11
-10
-6
-9
-11
-13
-13
-14
-8
-10
-13
-10
-11
-12
-9
-6
-11
-8
-10
-14
-14
-15
-13
-12
-16
-13
-17
-16
-18
-19
-18
-20
-19
-19
-16
-14
-17
-19
-17
-13
-16
-19
-17
-16
-13
-19
-18
-18
-21
-19
-21
-21
-21
-20
-21
-21
-20
-18
-15
-19
-17
-12
-10
-10
-6
-2
-3
-7
-10
-6
-6
-6
-5
-14
-9
-8
-9
-11
-14
-18
-15
-18
-16
-15
-18
-13
-19
-21
-17
-19
-19
-23
-22
-26
-24
-23
-19
-22
-25
-21
-19
-19
-22
-19
-20
-21
-25
-21
-22
