2
6
3
5
2
2
1
4
-1
3
8
7
11
9
7
4
4
2
0
2
1
2
0
-2
-2
0
2
-3
-5
-5
-2
-5
-7
-13
-12
-8
-7
-4
-7
-5
-4
3
2
5
4
2
5
2
6
1
-2
-8
-9
-8
-5
-2
1
-1
-2
0
-3
-2
2
-3
-1
3
-1
1
0
2
5
6
3
5
8
5
7
10
7
7
12
9
4
7
8
8
6
9
11
8
10
12
12
14
12
14
12
11
13
11
6
11
11
9
8
9
10
8
9
9
10
11
11
11
14
12
15
19
16
16
19
19
20
18
24
19
22
23
17
21
20
20
22
17
15
19
15
16
19
20
22
22
20
23
21
25
24
19
21
21
22
21
20
19
21
20
18
17
17
16
15
17
18
15
10
10
12
15
10
12
11
12
13
13
14
14
17
13
18
16
20
17
15
13
13
14
14
14
16
15
13
13
13
16
15
16
14
20
18
16
15
15
14
9
12
10
10
11
13
14
15
15
14
13
13
11
9
9
8
10
11
10
10
8
13
10
10
11
8
9
9
13
10
11
11
10
7
9
9
8
6
7
2
4
4
7
8
2
8
7
9
13
15
13
11
11
10
9
12
13
11
13
13
15
19
18
24
22
19
23
17
16
16
17
16
14
15
19
17
20
19
20
22
19
21
20
20
21
20
17
18
18
21
21
16
21
21
25
27
19
21
22
25
23
23
26
24
23
19
21
24
24
24
26
21
22
23
22
26
29
25
27
28
25
29
26
25
24
26
25
22
22
22
27
26
29
31
31
33
34
34
26
31
26
22
24
24
24
24
25
23
25
27
26
27
26
24
21
26
20
22
23
20
21
23
21
19
18
18
20
20
21
19
19
22
22
22
21
25
22
21
17
18
21
18
17
16
19
19
19
19
18
17
16
15
18
20
20
17
13
16
16
19
22
24
23
19
21
22
22
18
16
16
19
17
14
17
10
13
17
16
12
16
14
17
16
17
14
15
19
18
16
15
16
12
18
19
17
20
24
23
20
20
20
24
21
21
20
15
21
22
18
20
16
18
18
14
13
19
17
17
21
18
23
24
22
23
22
20
21
18
21
26
23
23
24
24
19
21
22
22
26
23
26
25
26
27
26
25
23
26
25
28
30
31
31
29
26
29
28
25
27
19
18
18
19
22
20
22
23
25
26
25
29
32
31
29
29
26
21
25
26
31
26
26
27
24
25
22
23
23
25
18
18
16
16
14
12
9
12
11
9
10
11
13
17
16
18
20
19
17
9
6
8
11
6
9
7
6
7
5
7
4
11
12
14
12
18
17
16
14
15
15
14
14
9
14
13
14
15
14
13
14
12
12
12
14
9
10
11
12
15
17
13
16
20
21
20
18
21
18
22
21
20
18
16
15
19
19
18
19
16
16
14
16
18
15
12
17
16
16
14
18
15
18
24
19
22
22
25
27
29
28
25
26
27
23
22
25
26
30
27
26
26
26
25
25
32
28
25
25
27
27
26
25
26
25
21
21
21
28
22
24
25
25
22
28
27
22
24
27
32
26
24
24
23
23
23
25
24
18
23
23
23
26
26
25
24
23
24
20
20
16
17
17
20
18
18
16
13
15
18
17
19
20
18
15
17
16
21
17
15
17
14
16
21
16
13
11
7
12
14
12
8
9
9
9
8
5
8
7
2
6
8
7
7
4
7
7
7
9
7
9
9
9
6
6
2
1
7
5
4
2
6
4
3
3
2
-1
1
1
2
2
-1
2
-1
3
0
1
6
8
5
2
5
2
3
0
1
4
2
0
-2
1
1
-1
2
4
1
9
7
8
6
4
5
8
6
5
6
1
2
-1
-2
0
0
0
4
5
5
10
5
5
8
9
8
11
13
15
14
12
17
19
21
21
17
15
17
17
14
14
12
12
15
12
17
15
16
16
14
12
8
5
7
6
10
-2
31
19
-33
0
29
-7
-14
7
-13
-10
8
-5
-11
0
0
-9
-4
0
0
3
10
5
2
10
12
15
15
12
12
11
11
12
18
17
15
16
15
20
15
13
17
15
8
12
13
13
9
13
12
12
11
13
20
17
12
19
15
7
8
4
3
7
10
6
5
5
1
5
4
1
6
2
-4
-3
7
5
2
18
13
20
24
31
75
32
-87
-3
78
-42
-36
35
-16
-8
82
8
0
56
1
-3
25
17
7
-25
-90
-21
40
-5
-28
-1
-7
-3
29
30
-2
37
71
40
70
123
88
98
131
64
-79
94
94
-151
1
-7
-148
-80
-25
-76
-112
-58
-12
-106
-56
51
-19
-38
50
13
18
75
40
60
82
49
61
72
2
104
92
-114
17
81
-71
-10
10
-68
-2
23
0
42
74
84
17
-15
72
67
37
66
-5
9
13
-7
19
35
-17
-29
8
-29
-29
8
-8
-56
-50
-35
-37
-38
-23
10
-26
-27
25
15
24
60
52
62
67
45
68
31
-6
38
15
-54
-18
14
-71
-83
-35
-56
-53
-7
-6
-26
-17
-4
3
15
23
15
20
28
30
33
34
-11
0
24
4
-11
8
16
-28
-13
33
55
4
-47
14
12
-12
-11
-28
-32
-40
-8
-3
-58
-18
16
-23
-27
-2
-11
-14
-13
-6
31
-1
67
64
-35
-26
-16
8
25
-16
-43
-58
-58
-73
-65
-30
-10
-8
1
-14
-62
2
10
-4
39
27
25
13
5
-6
-15
9
5
18
35
10
-17
-14
-3
23
15
-2
25
13
0
8
-8
-10
12
42
6
-1
30
6
-17
19
20
3
11
54
63
20
73
57
-1
31
38
55
60
38
4
-35
-16
-29
-46
-39
8
-2
-27
4
-35
-49
14
29
12
24
-8
-16
24
-9
-10
31
-11
-12
33
35
-25
-31
-6
-9
23
2
-50
-26
-22
-40
-19
-15
-59
-22
25
-12
-32
6
9
-26
37
36
-4
0
13
18
11
-5
-13
-13
25
5
-13
-10
-9
-24
5
46
40
36
18
29
20
3
1
15
23
-1
10
-3
-21
-16
3
32
13
32
6
-11
-3
10
-3
-27
0
24
24
-2
-25
-17
1
19
37
38
20
9
16
22
33
9
15
31
21
24
-7
-24
-24
-12
6
34
35
-9
-3
26
22
4
11
20
13
37
38
20
26
20
33
37
13
8
18
2
12
20
0
-6
-11
4
26
8
-7
-8
25
15
-15
-4
24
14
-20
-7
-7
4
9
-20
-18
29
26
4
18
-1
-11
11
21
26
22
19
14
3
2
11
18
31
28
21
49
54
19
-19
52
89
15
-22
35
57
13
-24
-41
31
35
-37
-30
37
37
7
13
-3
20
63
32
-8
25
49
24
-1
-1
31
45
3
0
24
-22
-23
36
54
-1
-1
40
34
14
24
23
30
34
22
27
5
-20
3
11
-13
4
33
7
3
39
42
16
17
50
44
22
49
38
2
19
17
9
45
40
-42
-21
17
-27
1
19
-12
-10
-15
-51
-17
-4
-61
-61
-19
-22
-26
-26
-66
-78
-6
7
-46
-29
-44
-47
0
-35
-71
2
11
-52
-27
-41
-65
0
-11
-57
-29
2
-12
-37
-62
-63
14
16
-73
-91
-55
-30
-38
-71
-94
-66
-36
-44
-35
-28
-37
-8
42
30
7
15
10
43
82
44
19
15
35
73
60
19
15
60
90
111
96
51
110
168
170
171
154
150
209
252
181
143
163
203
214
142
95
116
144
110
111
97
37
44
74
102
70
-16
-23
77
106
-1
-70
-42
44
52
-52
-108
-27
5
-43
-54
-104
-77
-42
-64
-37
-103
-111
-40
-71
-114
-106
-100
-100
-47
-33
-136
-168
-117
-65
-102
-129
-92
-51
-64
-139
-75
-26
-23
-31
-101
-63
-8
-39
-32
-56
-87
-59
-14
-23
-66
-82
-50
-43
-50
-51
-122
-85
-17
-22
-36
-53
-84
-55
-3
-37
-33
-25
-61
-14
-4
-50
-61
-67
-56
-105
-54
44
61
46
3
-26
19
118
168
142
110
91
157
227
189
121
78
107
195
259
193
88
52
73
121
145
108
43
25
59
120
88
15
11
23
79
105
64
23
16
37
31
65
78
79
76
48
79
112
100
56
51
79
96
103
90
33
-30
15
66
69
25
-32
-18
35
65
19
-57
-73
0
51
44
-28
-74
-47
14
-3
-16
-6
-28
-13
-27
-35
-35
-29
-43
-35
-28
-24
1
-17
-44
-32
-6
3
-8
-3
-21
-14
-17
-8
4
-22
-22
-11
3
21
7
-29
-12
-9
7
-2
-19
-17
-11
-5
-13
-11
-28
-30
-22
-15
-18
-33
-30
-29
-22
-15
-9
-24
-35
-33
-34
-29
-36
-48
-64
-74
-73
-54
-43
-39
-35
-53
-57
-40
-13
5
12
8
18
41
64
74
55
42
57
88
119
119
95
69
78
97
105
98
71
52
58
87
80
50
24
21
36
54
55
19
3
3
16
18
11
-9
-10
5
5
10
5
8
3
3
8
4
18
42
79
96
80
75
63
67
95
109
92
100
77
89
82
61
29
17
22
53
88
-1
-20
-27
-39
-6
7
-23
-55
-60
-30
-18
-16
-73
-107
-69
-27
11
-42
-93
-99
-52
-16
-18
-51
-68
-66
-15
-12
-69
-62
-65
-35
-26
-32
-53
-73
-45
-67
-85
-64
-24
-61
-128
-105
-53
-37
-89
-160
-120
-65
-91
-115
-148
-169
-175
-154
-146
-159
-215
-263
-277
-198
-74
5
-41
-118
-137
-36
130
203
191
108
122
240
365
343
222
145
201
349
421
336
160
69
114
210
229
140
17
-27
29
98
79
-34
-125
-105
-16
82
62
-66
-133
-88
11
57
33
-34
-33
20
51
58
42
-8
-22
47
121
133
109
100
103
136
155
165
181
171
177
195
169
114
103
99
77
54
46
38
29
6
-72
-71
-103
-22
-23
-40
-98
-101
-71
-28
-36
-98
-49
-33
19
-58
-6
-118
-21
-68
-79
-61
-21
13
-69
-100
-190
-35
-30
-11
-102
-117
-111
-40
-42
-130
-190
-165
-35
-20
-103
-186
-183
-113
-103
-143
-149
-125
-95
-125
-167
-224
-202
-162
-171
-237
-267
-231
-129
2
33
-69
-178
-117
80
267
300
183
97
165
350
459
370
211
168
291
460
462
278
73
21
159
293
259
91
-64
-74
51
127
59
-89
-178
-115
43
131
43
-143
-197
-60
85
91
-5
-77
-56
17
62
63
0
-43
-18
58
114
73
-9
-55
-25
48
93
80
61
77
126
154
140
101
91
124
187
214
158
96
76
87
93
48
29
30
64
44
-8
-18
-21
-59
-24
28
19
-15
-36
-6
-6
-6
-77
-48
-7
51
-19
-57
-78
-73
-21
-51
-34
-99
-72
-52
-15
-44
-160
-144
-81
-20
-56
-87
-136
-136
-106
-96
-114
-133
-145
-112
-96
-142
-163
-195
-187
-157
-137
-181
-241
-283
-272
-223
-147
-65
-38
-107
-171
-127
17
149
187
123
79
146
279
375
337
235
182
268
413
454
349
179
94
155
277
292
164
7
-50
23
115
94
-39
-148
-133
-23
73
41
-93
-193
-150
-24
62
35
-68
-132
-85
28
73
19
-55
-75
-8
73
93
23
-62
-65
12
81
96
57
3
40
140
213
192
118
59
115
223
278
221
83
13
57
162
178
61
-69
-56
47
84
34
-64
-112
-73
4
86
28
-82
-92
-40
-2
14
18
-53
-36
-44
-49
-13
6
-52
-101
-103
-57
45
-2
-122
-173
-90
-40
-31
-79
-118
-130
-112
-80
-87
-147
-191
-174
-127
-132
-153
-209
-241
-216
-209
-224
-266
-312
-322
-259
-173
-91
-91
-162
-221
-151
22
169
207
137
78
141
299
406
384
283
238
335
484
513
382
204
122
227
362
360
212
31
-30
50
128
93
-47
-151
-141
-38
24
-44
-183
-263
-196
-80
-8
-45
-137
-184
-149
-50
5
-16
-69
-72
-11
53
79
26
-43
-49
29
116
136
84
57
102
197
247
211
151
142
218
292
277
166
62
54
114
141
79
-24
-53
-35
-13
-40
-93
-109
-147
-63
1
-23
-87
-130
-110
-30
25
-18
-74
-72
-27
-38
-27
-74
-82
-60
-58
-56
-76
-83
-128
-153
-120
-88
-72
-153
-193
-191
-148
-120
-179
-276
-282
-189
-146
-183
-304
-338
-302
-254
-265
-335
-389
-388
-284
-163
-74
-119
-243
-264
-92
168
294
233
109
102
260
462
531
439
320
352
522
642
569
354
210
250
408
498
380
139
-31
2
126
153
33
-139
-201
-143
-50
-59
-188
-318
-303
-183
-73
-73
-178
-261
-260
-155
-55
-25
-65
-99
-74
-3
54
51
8
-12
36
130
186
161
79
58
164
323
384
288
159
138
267
384
354
184
42
79
204
230
76
-121
-169
-66
39
-6
-179
-298
-258
-116
-31
-94
-197
-248
-167
-7
60
-75
-209
-130
-13
55
1
-135
-163
-74
8
-46
-108
-190
-202
-119
-107
-147
-202
-249
-232
-194
-207
-242
-320
-345
-286
-236
-266
-304
-340
-378
-403
-403
-373
-344
-271
-142
-66
-149
-284
-247
32
316
378
244
128
207
420
574
541
409
381
534
703
669
435
249
272
434
537
445
214
27
11
106
133
34
-109
-168
-147
-124
-162
-247
-319
-318
-237
-156
-154
-229
-296
-305
-244
-145
-72
-66
-109
-124
-82
-9
42
50
28
43
122
191
191
126
68
127
298
440
428
275
149
186
349
453
396
226
119
171
253
217
57
-80
-71
53
110
-16
-206
-299
-214
-69
-9
-95
-214
-228
-149
-72
-68
-114
-123
-65
-6
-1
-45
-106
-128
-71
-44
-57
-91
-143
-206
-226
-176
-141
-173
-259
-291
-269
-249
-274
-321
-322
-312
-309
-334
-387
-448
-475
-456
-419
-325
-181
-95
-190
-381
-372
-55
327
408
203
27
109
407
621
602
434
367
528
751
745
493
266
305
523
653
542
264
36
-3
138
245
166
-32
-169
-181
-145
-141
-203
-295
-337
-280
-182
-160
-259
-374
-388
-287
-130
-32
-79
-206
-256
-151
4
74
30
-41
-31
79
190
179
89
30
107
316
456
402
205
92
201
429
528
392
180
91
204
335
279
85
-54
-5
123
132
-27
-208
-225
-85
44
15
-131
-241
-216
-91
-8
-33
-115
-150
-108
-46
-19
-67
-124
-126
-72
-19
-33
-119
-197
-196
-120
-83
-131
-231
-296
-294
-251
-219
-260
-337
-381
-359
-302
-279
-368
-465
-505
-457
-367
-296
-206
-151
-218
-386
-367
-14
370
405
134
-38
128
471
673
612
437
389
560
760
738
506
344
439
631
670
504
263
100
107
242
319
208
-23
-183
-191
-125
-75
-112
-246
-358
-329
-210
-170
-274
-387
-373
-243
-114
-98
-211
-322
-277
-82
68
46
-84
-169
-104
62
196
164
45
-12
80
277
391
321
150
116
290
486
479
269
83
99
304
420
283
36
-81
14
139
134
-24
-172
-163
-52
7
-55
-167
-215
-152
-46
1
-51
-146
-168
-118
-35
-3
-64
-156
-180
-118
-66
-77
-154
-225
-236
-190
-159
-201
-276
-299
-265
-227
-258
-337
-405
-383
-307
-291
-350
-445
-497
-509
-446
-381
-322
-225
-155
-249
-419
-333
68
412
336
50
-20
229
534
643
560
460
474
598
693
656
528
488
570
630
559
422
317
226
220
295
342
204
-34
-163
-118
-16
20
-66
-246
-361
-308
-196
-179
-263
-321
-299
-255
-219
-221
-253
-262
-195
-80
-35
-93
-169
-179
-83
65
150
92
-28
-21
165
327
327
197
156
276
445
447
286
174
225
371
392
265
109
56
120
174
132
18
-62
-76
-44
-17
-44
-99
-135
-115
-77
-55
-71
-118
-132
-81
-18
-20
-83
-140
-136
-78
-42
-63
-142
-198
-199
-181
-170
-193
-243
-281
-279
-250
-251
-314
-381
-387
-347
-311
-339
-418
-463
-469
-459
-440
-420
-336
-210
-175
-357
-509
-252
246
409
98
-177
-28
370
605
589
470
383
406
533
670
689
592
509
504
528
522
481
376
255
262
372
352
109
-101
-83
54
112
22
-158
-327
-327
-187
-93
-144
-275
-352
-364
-300
-187
-153
-232
-306
-259
-148
-93
-139
-196
-185
-83
41
43
-53
-112
33
237
284
181
95
181
351
434
358
264
255
335
384
333
258
197
178
187
184
135
60
-1
-10
16
21
-31
-107
-129
-75
-34
-51
-100
-137
-116
-56
-22
-47
-96
-121
-101
-66
-54
-78
-139
-162
-154
-144
-151
-187
-239
-272
-254
-223
-251
-325
-367
-357
-328
-331
-387
-454
-466
-471
-465
-461
-402
-261
-205
-353
-563
-404
101
389
115
-264
-189
230
538
551
443
352
312
400
606
759
681
491
410
489
603
603
485
325
288
394
423
245
39
30
134
155
57
-86
-223
-273
-167
-51
-97
-269
-395
-392
-295
-165
-135
-267
-404
-370
-218
-118
-145
-232
-271
-221
-97
-25
-71
-134
-86
101
219
157
9
32
262
471
442
232
124
218
418
488
378
202
111
162
251
264
165
22
-39
5
60
39
-53
-129
-115
-55
-45
-108
-175
-168
-97
-44
-61
-136
-186
-151
-73
-42
-90
-164
-198
-155
-98
-108
-165
-231
-245
-202
-168
-204
-279
-328
-308
-274
-289
-337
-390
-429
-464
-464
-430
-376
-278
-242
-373
-552
-425
3
280
78
-271
-235
138
439
475
404
319
257
329
563
767
695
451
355
476
630
649
539
398
341
400
433
335
192
159
200
184
110
19
-86
-147
-90
-2
-54
-232
-345
-321
-219
-142
-164
-294
-401
-364
-219
-125
-174
-264
-306
-259
-148
-56
-88
-156
-160
-21
166
176
45
-44
137
395
455
278
113
164
359
511
440
245
113
150
278
339
253
64
-45
2
111
123
6
-118
-149
-76
-11
-54
-148
-190
-148
-77
-57
-119
-193
-196
-127
-62
-95
-167
-206
-188
-119
-97
-151
-226
-256
-206
-153
-183
-255
-312
-295
-240
-252
-302
-356
-371
-377
-396
-442
-443
-404
-294
-219
-316
-517
-492
-97
249
133
-238
-283
51
378
455
412
319
203
226
495
782
728
433
271
405
612
674
576
408
293
321
426
421
292
183
165
160
129
99
18
-87
-83
4
-20
-174
-284
-258
-176
-135
-163
-274
-380
-356
-220
-123
-157
-271
-349
-313
-179
-67
-86
-183
-220
-48
116
109
-8
-1
208
359
327
181
147
262
421
450
348
225
164
227
325
348
227
55
0
83
180
141
2
-105
-97
-28
2
-45
-116
-154
-141
-93
-81
-121
-176
-180
-125
-86
-120
-188
-209
-157
-101
-113
-179
-236
-229
-188
-143
-177
-267
-320
-295
-234
-239
-279
-348
-365
-371
-375
-412
-432
-429
-345
-220
-275
-505
-584
-211
219
163
-251
-376
-55
303
423
389
298
143
115
410
788
775
415
180
335
599
690
610
420
254
253
402
479
357
183
113
120
150
163
76
-72
-110
-22
2
-118
-233
-230
-176
-152
-162
-229
-338
-353
-240
-128
-161
-288
-378
-337
-196
-68
-103
-235
-302
-156
90
133
6
-87
61
278
343
240
149
194
329
426
394
289
196
217
318
377
291
122
37
104
202
185
52
-59
-65
-3
36
-2
-92
-146
-131
-76
-51
-86
-164
-193
-137
-71
-91
-164
-204
-171
-109
-105
-157
-208
-213
-180
-143
-160
-226
-294
-287
-224
-205
-256
-331
-360
-362
-356
-392
-418
-417
-363
-257
-266
-417
-529
-286
105
161
-162
-339
-97
233
372
348
299
175
121
346
704
766
456
216
313
565
668
602
453
295
249
365
487
416
234
120
112
147
174
124
-8
-105
-67
-23
-95
-185
-211
-198
-202
-202
-224
-298
-337
-273
-186
-206
-301
-361
-324
-219
-137
-155
-255
-301
-227
7
115
-1
-148
-84
198
346
272
113
96
231
399
424
299
180
150
258
356
327
162
17
47
158
190
89
-38
-95
-53
11
8
-79
-155
-155
-103
-53
-79
-171
-217
-177
-92
-81
-156
-208
-202
-150
-106
-142
-195
-215
-206
-167
-151
-187
-272
-308
-253
-192
-202
-286
-343
-363
-332
-344
-384
-397
-374
-271
-242
-343
-494
-367
10
176
-60
-311
-168
143
323
353
333
213
91
242
610
778
528
229
255
502
647
617
500
338
227
302
476
491
304
137
105
146
196
180
59
-73
-85
-32
-50
-119
-161
-189
-215
-211
-193
-229
-293
-285
-225
-210
-270
-321
-307
-246
-179
-165
-234
-293
-254
-148
75
107
-65
-199
-72
284
415
285
68
34
218
453
495
311
127
93
242
389
361
149
-23
0
136
202
113
-46
-145
-96
2
11
-81
-170
-180
-127
-70
-99
-198
-239
-189
-110
-102
-184
-242
-234
-167
-110
-149
-221
-253
-230
-162
-140
-215
-293
-291
-222
-195
-246
-298
-343
-347
-331
-345
-372
-411
-395
-257
-191
-340
-547
-376
84
204
-114
-338
-134
170
295
330
334
191
44
238
655
784
444
151
265
535
641
597
480
289
183
329
542
497
248
86
89
169
238
209
46
-107
-87
-1
-13
-93
-153
-195
-224
-183
-142
-204
-300
-293
-196
-170
-238
-294
-287
-235
-160
-144
-208
-280
-233
-128
44
121
-29
-158
-98
220
416
351
141
21
140
388
549
429
205
71
152
351
433
288
47
-31
52
176
183
55
-105
-151
-57
24
-1
-105
-177
-185
-117
-76
-140
-207
-193
-138
-129
-158
-198
-220
-194
-139
-123
-174
-243
-263
-207
-142
-163
-245
-297
-290
-250
-235
-234
-292
-381
-410
-392
-361
-361
-369
-290
-277
-404
-522
-333
69
127
-190
-368
-136
164
266
284
285
153
32
236
638
739
407
145
271
523
606
567
476
296
179
313
519
470
223
81
105
172
205
177
45
-94
-89
-22
-29
-95
-142
-186
-223
-198
-156
-218
-304
-278
-206
-203
-273
-310
-286
-247
-202
-183
-226
-289
-242
-152
-39
60
-34
-120
-88
147
345
305
172
77
157
350
483
423
256
143
192
341
427
331
129
42
79
174
204
119
-14
-91
-45
11
22
-49
-121
-150
-115
-69
-109
-160
-151
-137
-141
-153
-162
-173
-173
-140
-131
-169
-218
-233
-176
-146
-179
-230
-280
-270
-244
-224
-215
-290
-354
-375
-341
-344
-361
-375
-339
-256
-296
-432
-451
-118
140
-15
-294
-247
60
245
273
293
240
77
121
473
756
573
205
187
436
598
580
522
380
194
223
458
545
337
108
69
144
188
195
117
-39
-108
-56
-12
-54
-118
-173
-221
-222
-179
-183
-274
-308
-257
-217
-268
-317
-309
-293
-252
-202
-219
-297
-324
-221
-123
-32
50
-97
-170
-68
232
403
247
82
31
215
465
514
341
153
112
265
431
433
240
4
14
148
262
217
19
-122
-106
22
85
14
-122
-188
-160
-70
-43
-125
-186
-186
-151
-123
-125
-170
-208
-186
-123
-128
-198
-210
-194
-161
-157
-195
-230
-263
-242
-211
-199
-227
-305
-354
-328
-305
-323
-350
-362
-261
-241
-354
-437
-255
88
82
-185
-246
-19
198
274
301
316
173
95
372
698
686
348
198
394
570
604
577
464
267
196
397
580
436
176
86
141
213
231
189
46
-86
-70
18
25
-52
-141
-196
-191
-151
-136
-202
-266
-254
-220
-222
-258
-281
-288
-260
-202
-176
-251
-298
-236
-119
-89
-28
-4
-91
-68
33
273
338
203
104
118
294
466
439
291
186
158
288
400
360
188
25
44
160
219
142
-20
-113
-62
24
41
-33
-142
-178
-134
-61
-69
-158
-200
-187
-148
-122
-155
-210
-220
-178
-129
-164
-220
-200
-197
-180
-173
-200
-232
-269
-241
-203
-199
-261
-324
-338
-300
-318
-359
-375
-326
-200
-266
-419
-422
-131
127
-9
-241
-175
52
201
282
323
270
89
142
506
719
539
253
254
443
553
587
550
377
195
263
496
527
309
137
133
180
220
237
158
-19
-90
10
73
2
-91
-142
-159
-148
-121
-124
-209
-262
-224
-178
-188
-240
-269
-263
-206
-157
-176
-250
-245
-165
-97
-86
-4
7
-38
0
92
271
310
229
176
208
331
439
417
330
251
219
315
384
332
196
86
103
168
199
121
7
-52
-26
19
22
-38
-114
-127
-106
-75
-104
-155
-163
-166
-147
-132
-166
-201
-188
-155
-135
-180
-211
-188
-183
-163
-176
-214
-232
-248
-233
-218
-239
-277
-311
-329
-321
-357
-370
-378
-327
-200
-281
-455
-456
-145
130
5
-253
-232
3
192
287
301
236
58
121
479
697
532
222
192
392
558
589
505
313
171
246
454
502
301
112
74
146
228
228
117
-36
-79
-9
27
-10
-82
-158
-188
-162
-126
-146
-236
-274
-225
-206
-236
-273
-286
-267
-223
-194
-217
-275
-254
-182
-117
-87
-68
3
-23
12
77
188
309
263
208
212
287
397
429
353
282
228
275
351
333
249
123
87
129
172
154
57
-25
-42
-7
16
-4
-74
-118
-123
-108
-91
-106
-125
-156
-167
-139
-141
-159
-154
-148
-152
-163
-169
-153
-159
-158
-145
-179
-204
-217
-202
-185
-194
-235
-287
-301
-287
-286
-339
-370
-335
-186
-227
-425
-452
-175
116
24
-200
-217
-30
170
306
341
234
71
119
437
672
568
287
176
329
531
622
521
299
158
238
425
487
339
147
52
89
227
272
129
-55
-99
-23
21
-1
-53
-155
-232
-194
-124
-138
-229
-278
-262
-248
-240
-262
-294
-300
-254
-211
-244
-279
-254
-195
-159
-117
-115
-74
20
16
47
101
214
292
251
220
246
309
400
402
311
252
223
274
329
301
188
62
57
122
165
104
-20
-82
-59
-7
0
-43
-117
-163
-158
-111
-78
-120
-192
-216
-181
-142
-132
-158
-180
-185
-155
-144
-151
-149
-159
-156
-159
-160
-171
-189
-192
-184
-187
-208
-251
-264
-256
-261
-297
-345
-371
-235
-95
-236
-465
-390
11
189
-18
-209
-130
68
246
378
374
179
42
253
598
680
443
216
240
422
593
616
434
209
175
349
486
431
262
103
51
158
307
260
40
-83
-28
47
34
0
-70
-190
-212
-123
-83
-173
-257
-254
-230
-232
-219
-239
-291
-276
-202
-197
-247
-260
-190
-104
-93
-80
-81
-35
44
112
141
150
177
204
250
303
328
305
272
270
302
301
270
233
190
169
155
145
127
86
37
2
0
8
-6
-46
-80
-101
-105
-105
-110
-123
-144
-175
-186
-171
-143
-143
-168
-177
-175
-165
-160
-139
-131
-151
-170
-169
-150
-135
-159
-191
-204
-198
-196
-217
-225
-239
-261
-276
-269
-295
-330
-365
-265
-96
-185
-410
-406
-43
195
49
-152
-125
22
203
389
401
190
7
192
519
605
440
264
200
275
475
611
476
175
104
293
433
395
272
148
46
82
254
282
88
-66
-55
15
37
21
-42
-171
-207
-122
-85
-138
-214
-232
-230
-233
-207
-203
-245
-251
-212
-172
-181
-169
-97
-75
-65
-53
18
93
132
141
129
166
233
293
287
253
231
252
289
302
286
217
177
183
219
204
135
77
55
67
77
60
-3
-50
-51
-32
-32
-60
-94
-124
-138
-123
-110
-127
-162
-181
-158
-137
-140
-155
-166
-162
-148
-140
-129
-157
-175
-158
-137
-143
-167
-188
-196
-191
-185
-188
-207
-225
-249
-236
-216
-222
-272
-299
-301
-232
-86
-107
-290
-357
-86
170
113
-67
-85
20
154
321
358
199
30
153
407
485
409
304
211
197
385
577
486
207
103
231
353
369
271
100
-28
25
156
161
33
-94
-150
-123
-52
-35
-103
-210
-255
-219
-164
-152
-197
-258
-263
-226
-191
-182
-198
-198
-169
-121
-76
-69
-51
-26
39
117
130
117
134
174
226
260
247
206
172
209
255
234
171
117
103
124
137
114
52
5
9
30
31
4
-30
-56
-50
-23
-10
-43
-83
-82
-54
-41
-57
-73
-88
-90
-76
-55
-66
-91
-106
-94
-80
-85
-97
-119
-134
-136
-126
-124
-148
-177
-187
-194
-182
-170
-182
-206
-213
-196
-181
-180
-181
-185
-208
-206
-189
-170
-114
-95
-141
-180
-105
41
107
55
1
29
134
255
309
260
177
190
299
393
385
303
217
203
277
351
324
210
121
121
181
213
166
79
0
-7
36
60
22
-58
-113
-105
-73
-66
-98
-143
-164
-155
-134
-114
-123
-155
-164
-138
-111
-93
-107
-63
-66
-59
-26
11
78
66
71
83
100
143
177
159
139
118
120
152
153
121
58
33
59
78
64
29
-9
-23
1
19
4
-32
-52
-49
-35
-22
-39
-62
-68
-63
-43
-47
-65
-61
-53
-54
-53
-54
-59
-73
-77
-71
-84
-103
-107
-102
-106
-121
-138
-140
-143
-145
-145
-155
-172
-168
-147
-135
-144
-164
-155
-138
-125
-116
-131
-150
-161
-134
-111
-115
-145
-168
-119
-63
-74
-113
-94
-25
25
39
47
55
79
145
205
212
183
176
219
272
281
242
202
199
222
240
235
189
141
131
154
158
120
81
49
30
30
21
-2
-36
-56
-63
-67
-72
-93
-105
-99
-92
-91
-95
-107
-99
-90
-64
-61
-45
-48
-49
-21
13
55
44
48
57
93
116
122
108
92
94
102
117
105
78
38
37
51
52
31
0
-11
-16
-6
-8
-23
-47
-63
-58
-48
-52
-70
-82
-82
-76
-74
-72
-80
-77
-74
-72
-69
-71
-75
-80
-72
-73
-81
-84
-84
-88
-98
-98
-96
-95
-91
-103
-106
-104
-100
-91
-88
-101
-115
-112
-89
-83
-94
-104
-108
-98
-86
-76
-93
-114
-118
-98
-91
-99
-114
-129
-58
-31
-80
-114
-45
64
78
42
6
29
114
199
190
123
72
110
205
236
177
85
64
114
172
162
95
18
11
75
104
59
-11
-37
-16
10
13
-20
-70
-80
-54
-31
-31
-55
-77
-67
-45
-25
-32
-35
-18
-8
-3
-5
24
62
65
38
29
53
90
116
100
60
37
66
108
108
72
23
13
49
78
72
24
-21
-11
28
44
12
-37
-60
-49
-19
-6
-37
-82
-96
-70
-41
-46
-76
-103
-102
-70
-49
-60
-89
-102
-86
-62
-59
-73
-86
-87
-73
-61
-58
-68
-73
-67
-50
-46
-58
-61
-61
-42
-37
-49
-59
-57
-42
-39
-46
-55
-62
-69
-55
-48
-49
-67
-78
-68
-54
-48
-57
-71
-77
-68
-57
-42
-48
-61
-58
-50
-42
-38
-41
-51
-49
-29
-9
-8
-16
-17
1
26
31
24
22
21
33
52
57
46
34
40
46
50
58
50
44
42
51
53
47
47
36
33
38
36
33
30
27
29
24
29
30
27
37
42
39
30
40
47
52
56
50
43
41
45
48
50
45
35
29
34
36
33
27
13
4
3
5
-3
-18
-37
-47
-42
-40
-50
-69
-79
-83
-83
-83
-87
-91
-100
-96
-80
-72
-81
-82
-67
-56
-50
-51
-43
-47
-39
-23
-14
-15
-25
-22
-15
-8
-5
-9
-21
-22
-16
-4
-2
-21
-31
-27
-19
-17
-22
-39
-47
-33
-19
-16
-38
-50
-41
-32
-21
-24
-38
-40
-33
-16
-20
-27
-27
-30
-31
-27
-19
-23
-42
-41
-28
-34
-44
-48
-43
-39
-42
-49
-42
-33
-35
-40
-46
-43
-38
-25
-18
-18
-16
-12
0
14
17
14
17
22
35
44
42
48
49
49
53
54
60
50
69
66
56
74
60
71
53
64
53
54
63
54
48
38
47
47
44
32
27
18
17
14
10
0
-11
-26
-25
-19
-34
-41
-53
-54
-57
-59
-55
-64
-66
-70
-69
-64
-61
-62
-54
-56
-56
-46
-40
-39
-39
-31
-26
-29
-23
-13
-9
-21
-25
-23
-24
-22
-24
-25
-34
-40
-34
-32
-28
-28
-32
-34
-35
-20
-8
-16
-21
-13
-3
6
4
-4
-5
-3
0
6
1
-4
-10
3
8
-2
-6
-3
-5
-2
-1
-11
-19
-20
-6
-11
-25
-35
-39
-37
-35
-29
-44
-54
-56
-47
-37
-33
-35
-47
-45
-32
-25
-31
-37
-36
-26
-23
-20
-24
-29
-27
-26
-19
-9
-7
-5
-2
-2
4
11
18
16
22
26
31
35
34
39
35
38
43
44
41
40
34
34
34
32
27
23
19
15
11
9
2
-11
-6
-12
-11
-18
-27
-29
-30
-23
-27
-27
-37
-28
-31
-30
-26
-22
-14
-17
-10
-2
-2
-1
2
0
-5
-2
-2
-6
-16
-18
-18
-19
-10
-21
-27
-22
-26
-27
-28
-31
-35
-32
-23
-24
-29
-31
-26
-19
-17
-17
-18
-21
-20
-17
-11
-8
-13
-19
-14
-2
4
-6
-14
-10
2
-5
-13
-5
-10
-14
-17
-18
-15
-23
-20
-18
-27
-29
-25
-17
-28
-32
-29
-27
-26
-27
-25
-31
-34
-23
-9
-18
-26
-19
-9
-5
-15
-10
-7
-1
-3
4
4
2
3
4
7
-6
-10
-2
-3
1
0
-9
-9
-4
-8
-4
-3
-6
-3
2
5
-8
-5
-1
1
-8
-9
-5
-6
-12
-17
-10
-10
-13
-6
2
-14
-17
-2
5
6
5
11
15
10
5
10
11
14
19
20
6
-1
8
14
6
-3
2
6
4
1
1
-5
-9
-6
-6
-8
-14
-14
-6
-8
-19
-17
-14
-7
-8
-10
-9
-13
-13
-11
-10
-13
-13
-4
-4
-6
-9
-10
-6
-7
-6
-9
-17
-17
-6
-5
-11
-14
-16
-11
-5
-2
-7
-15
-17
-7
-3
-14
-22
-21
-11
-11
-13
-18
-27
-21
-8
-4
-13
-16
-8
-1
-4
-3
0
-1
-5
-6
1
3
-3
-10
-7
0
-2
-3
-4
-8
-9
-4
-8
-8
-8
-17
-16
-12
-9
-12
-13
-14
-19
-22
-15
-14
-15
-19
-25
-17
-12
-9
-8
-9
-10
-10
2
13
7
-5
-7
7
19
19
16
13
8
11
25
25
14
5
4
14
16
13
5
-2
-4
1
0
-6
-7
-17
-12
-9
-10
-13
-16
-13
-10
-9
-9
-9
-6
-9
-8
-6
-1
-2
-3
-4
-1
2
3
8
5
-2
-1
12
17
10
5
10
14
19
18
18
13
11
7
10
12
7
1
-4
0
-2
-1
-4
-9
-17
-21
-19
-15
-16
-22
-26
-27
-26
-25
-19
-16
-25
-21
-8
-4
-14
-17
-12
-11
-4
-5
-9
-3
-1
-2
4
4
1
4
11
10
2
-3
-4
-5
-3
-3
-5
-14
-18
-19
-15
-17
-22
-21
-18
-18
-23
-22
-24
-22
-22
-20
-14
-16
-17
-12
-15
-13
-8
-3
-1
-4
-2
6
11
12
16
10
11
10
9
7
10
7
4
-2
-2
0
2
-7
-14
-12
-11
-8
-10
-17
-23
-16
-9
-9
-13
-13
-15
-11
-9
-7
-7
-14
-17
-8
-1
2
2
3
-2
1
7
9
4
-2
-1
-3
3
6
-1
-2
-9
-5
0
1
-4
-11
-11
-5
-5
-10
-19
-21
-15
-9
-9
-18
-23
-26
-18
-15
-17
-20
-26
-25
-22
-20
-17
-20
-23
-18
-8
-1
-5
-11
-7
-1
-2
1
7
3
-5
-3
-2
-4
-9
-12
-7
-9
-8
-6
-7
-17
-21
-19
-13
-15
-16
-20
-24
-20
-19
-21
-22
-24
-27
-26
-25
-24
-22
-19
-21
-15
-11
-11
-14
-9
-2
-2
1
-1
-6
-6
-3
4
4
-2
-3
-1
2
-2
-14
-13
-14
-17
-17
-22
-27
-35
-30
-22
-24
-31
-33
-31
-31
-33
-32
-32
-27
-29
-31
-28
-32
-33
-27
-22
-23
-28
-26
-23
-21
-20
-17
-21
-21
-19
-16
-12
-14
-10
-9
-7
-9
-9
-6
-7
-7
-9
-14
-12
-12
-16
-14
-17
-18
-19
-14
-10
-8
-8
-10
-13
-12
-11
-4
-2
-8
-10
-9
-4
3
2
-3
-7
-7
-1
4
-2
-6
-9
-6
0
-1
-4
-10
-10
-10
-8
-5
-3
-15
-15
-13
-11
-6
-11
-17
-19
-9
-1
-4
-12
-9
-15
-11
-5
-6
-6
-12
-11
-5
0
1
0
0
-2
-1
-1
6
1
-3
-9
-5
-5
-6
-2
-4
-3
-4
-4
-5
-9
-10
-16
-12
-13
-13
-18
-19
-19
-21
-16
-19
-19
-18
-18
-17
-14
-16
-15
-10
-13
-12
-9
-2
-2
-7
-5
1
1
-3
1
-4
-1
-1
-4
-3
-4
3
3
2
5
4
0
-1
1
-3
-1
-8
-8
-10
-11
-12
-16
-15
-11
-13
-18
-18
-19
-15
-12
-14
-13
-10
-9
-8
-9
-3
1
2
5
-3
0
7
9
8
10
6
3
5
3
2
-5
-2
-3
-3
-1
-6
-7
-9
-7
-3
-2
-8
-5
-8
-9
-1
-4
-4
-2
2
4
5
4
3
5
7
11
9
8
9
12
13
16
13
12
13
9
5
9
8
4
4
5
8
7
2
-6
-3
-1
-2
-5
-5
-7
-8
-10
-9
-11
-14
-15
-20
-24
-25
-21
-19
-17
-19
-19
-17
-21
-17
-13
-13
-11
-8
-8
1
-1
-4
-6
-4
2
4
3
-2
0
3
7
6
4
4
4
1
2
-2
-2
-4
-8
-10
-6
-3
-6
-2
-7
-1
-2
-1
-4
-7
-6
-5
-2
-4
-5
-1
-2
-1
-2
-1
2
-2
2
7
9
4
8
7
5
6
7
11
8
4
4
10
-1
2
2
4
-2
-6
-5
-6
-5
-6
-5
-4
-3
-1
1
1
-1
-3
-4
2
4
4
5
3
7
6
11
17
17
17
15
18
20
22
19
19
19
20
20
20
18
18
17
17
22
19
18
22
16
17
15
13
15
15
14
7
7
6
8
4
0
5
6
4
3
-2
-3
-2
-1
2
-3
-5
0
4
5
6
4
6
7
2
5
4
9
8
10
8
6
5
2
7
9
5
1
7
5
5
6
5
12
13
12
17
11
11
10
12
18
13
10
13
13
11
9
14
5
5
10
10
9
5
4
5
4
2
5
2
1
-2
-1
-2
-1
-2
-3
-1
-6
-2
2
-1
1
-2
-1
5
2
1
4
2
2
4
8
6
5
4
3
5
7
8
7
7
7
6
5
5
2
4
5
2
6
1
0
0
-2
4
0
-2
-5
-8
-9
-4
-3
-3
-3
-3
-2
2
3
-3
-3
-3
-3
-3
-5
-9
-14
-12
-13
-10
-6
-7
-13
-15
-13
-13
-10
-12
-13
-13
-11
-15
-13
-13
-15
-9
-10
-10
-8
-6
-2
4
3
4
10
12
18
14
13
17
15
17
19
16
18
22
16
21
20
25
22
21
29
26
28
30
28
23
21
18
21
18
17
16
15
12
11
13
3
3
5
4
2
3
6
4
2
1
6
9
9
8
2
6
8
6
9
9
8
12
10
13
17
16
19
19
15
21
18
20
27
25
23
24
27
23
23
20
20
22
23
26
26
26
23
23
24
19
25
23
23
21
21
22
19
21
19
19
18
15
14
19
23
22
17
15
13
14
15
9
7
2
3
6
5
8
4
0
-1
-3
-3
-5
-6
-6
-9
-8
-4
-5
-5
-9
-12
-11
-9
-13
-13
-13
-16
-13
-14
-10
-10
-13
-13
-6
0
2
-1
3
4
7
9
8
12
8
11
12
15
10
12
12
13
13
12
12
14
9
9
10
4
3
0
-1
-3
-2
1
-3
-9
-5
-7
-7
-9
-9
-7
-6
-5
-4
-2
0
-4
-5
0
2
1
2
1
1
-1
-1
0
3
5
4
10
10
14
11
13
16
16
17
19
20
15
12
19
19
15
18
20
18
19
23
23
28
32
34
32
33
30
32
29
30
27
20
22
21
21
17
17
13
15
14
13
10
10
8
5
8
4
5
4
-1
-3
-2
-4
0
0
0
1
3
8
4
5
3
1
3
0
4
3
2
6
6
8
11
6
13
13
13
15
14
14
12
16
17
13
13
16
15
14
18
21
15
14
12
10
11
12
17
6
8
6
5
7
5
6
2
4
4
7
3
-1
-1
-5
-1
1
-5
-4
0
-2
0
3
8
10
11
11
13
15
10
10
11
13
15
11
14
14
12
19
15
15
9
9
12
14
14
12
13
12
13
14
16
13
11
13
11
6
11
15
19
18
16
18
25
21
19
18
15
20
20
20
19
11
16
16
16
14
8
8
7
4
10
11
5
7
6
9
10
9
8
8
9
9
8
4
3
4
2
2
5
5
4
5
5
6
12
11
7
10
14
15
17
16
17
15
13
17
12
13
8
4
7
7
7
1
11
4
2
3
2
-1
-5
-1
-2
1
-2
-2
-2
-1
-2
-1
-1
-6
-3
-2
-3
-6
-4
-2
-5
-3
-2
1
-1
0
-2
-3
2
4
4
6
5
10
9
9
12
8
10
4
8
9
5
7
6
4
5
5
5
3
4
1
1
-1
2
1
0
-1
-1
-1
1
-1
-3
-3
1
1
-2
-2
-6
-6
-3
-7
-6
-3
-3
-4
-4
1
-1
-4
-3
4
3
4
9
6
4
5
3
0
5
7
4
4
1
4
8
7
7
8
11
9
10
14
15
13
9
7
13
11
12
14
17
10
12
17
13
15
17
18
13
13
13
13
13
12
12
12
12
13
11
6
9
7
3
6
6
11
9
8
9
7
10
6
5
3
-1
0
1
2
-1
-1
1
1
1
4
1
4
3
1
4
2
6
5
5
12
10
14
16
15
16
15
16
16
17
18
17
20
18
14
12
13
14
13
13
14
9
6
8
10
6
2
-1
-6
1
0
-6
-5
-9
-8
-6
-6
-4
-2
2
-4
-4
-3
-5
-4
-2
-3
-5
-2
0
0
5
2
1
4
3
3
2
2
7
3
3
1
0
6
7
3
8
11
8
12
7
9
5
6
4
5
2
3
4
-3
2
-3
-4
-2
-4
-5
-4
-2
-3
-7
-6
-4
-3
-7
-9
-4
-7
-8
-8
-11
-11
-10
-13
-15
-10
-11
-11
-15
-15
-12
-11
-12
-12
-17
-13
-14
-17
-12
-15
-11
-14
-12
-7
-9
-4
-5
-7
-6
-9
-6
-9
-6
0
6
10
8
9
9
13
13
9
8
9
11
9
6
9
9
9
3
8
8
4
7
6
3
6
0
-3
-2
-8
-9
-14
-11
-10
-15
-14
-15
-13
-16
-16
-14
-12
-14
-13
-14
-11
-15
-14
-13
-11
-12
-12
-5
-9
-8
-4
-7
-9
-6
-8
-4
-3
-1
2
0
5
5
2
9
5
8
7
8
10
8
9
9
6
5
2
-2
0
-1
-3
-3
-1
-8
-8
-7
-10
-13
-13
-12
-16
