-19
-20
-18
-22
-19
-18
-21
-20
-22
-22
-22
-21
-19
-24
-23
-25
-28
-27
-29
-28
-26
-29
-25
-28
-28
-24
-28
-29
-29
-29
-24
-29
-27
-25
-30
-29
-27
-29
-28
-22
-27
-28
-23
-26
-30
-30
-29
-31
-29
-29
-33
-32
-35
-32
-31
-27
-23
-28
-26
-24
-24
-24
-26
-22
-25
-33
-31
-34
-36
-40
-43
-46
-41
-39
-39
-38
-38
-38
-35
-32
-30
-28
-27
-23
-26
-18
-24
-23
-23
-28
-23
-26
-25
-21
-19
-22
-17
-19
-19
-18
-20
-21
-22
-27
-29
-25
-24
-24
-24
-22
-20
-19
-19
-18
-19
-18
-21
-19
-16
-15
-17
-17
-17
-15
-19
-18
-16
-19
-19
-14
-15
-14
-12
-17
-11
-14
-16
-12
-12
-14
-12
-16
-14
-10
-16
-12
-12
-12
-14
-15
-9
-10
-10
-12
-10
-13
-9
-11
-8
-8
-13
-13
-17
-17
-21
-17
-18
-18
-20
-16
-19
-17
-18
-17
-17
-17
-15
-17
-15
-19
-21
-19
-21
-21
-21
-22
-20
-22
-17
-18
-18
-11
-17
-15
-15
-11
-7
-10
-7
-13
-11
-12
-14
-13
-8
-10
-16
-15
-16
-19
-18
-20
-23
-25
-27
-30
-30
-30
-27
-35
-32
-29
-32
-34
-37
-32
-32
-31
-31
-31
-30
-26
-23
-27
-22
-20
-19
-19
-24
-21
-21
-22
-24
-23
-21
-25
-19
-20
-21
-23
-21
-22
-27
-22
-24
-24
-19
-20
-19
-18
-15
-13
-14
-10
-11
-9
-9
-8
-7
-9
-9
-7
-11
-13
-12
-12
-12
-13
-18
-15
-21
-27
-25
-28
-32
-29
-35
-34
-34
-33
-29
-26
-28
-23
-20
-26
-19
-19
-17
-19
-18
-10
-16
-14
-8
-11
-5
-7
-10
-9
-8
-8
-9
-13
-12
-12
-9
-6
-6
-4
-3
-8
-10
-8
-8
-5
-9
-6
-6
-11
-7
-10
-9
-10
-12
-14
-17
-18
-17
-18
-19
-20
-21
-24
-24
-18
-20
-17
-17
-14
-13
-13
-11
-11
-10
-6
-7
-9
-9
-8
-10
-16
-16
-10
-13
-10
-9
-11
-12
-12
-13
-13
-14
-12
-17
-22
-18
-19
-19
-20
-17
-14
-10
-12
-12
-8
-7
-7
-7
-9
-8
-8
-9
-12
-12
-5
-9
-7
-10
-12
-15
-16
-17
-17
-19
-19
-21
-19
-19
-20
-21
-23
-20
-20
-26
-21
-21
-19
-17
-19
-17
-20
-18
-16
-15
-17
-15
-15
-11
-8
-9
-11
-9
-4
-10
-6
-9
-9
-9
-11
-10
-11
-12
-17
-16
-20
-16
-19
-25
-21
-21
-21
-22
-25
-23
-24
-23
-24
-23
-22
-28
-27
-24
-20
-19
-21
-24
-18
-23
-24
-20
-21
-21
-19
-15
-19
-20
-21
-22
-20
-25
-23
-23
-24
-21
-24
-23
-22
-18
-21
-26
-19
-17
-16
-16
-13
-17
-18
-14
-13
-12
-13
-12
-15
-12
-11
-13
-15
-17
-15
-14
-14
-14
-9
-9
-15
-16
-18
-18
-21
-20
-20
-24
-25
-26
-26
-28
-22
-23
-23
-22
-23
-19
-19
-15
-13
-15
-16
-11
-12
-13
-11
-19
-20
-17
-19
-22
-16
-18
-23
-19
-18
-15
-19
-14
-19
-23
-19
-21
-27
-27
-23
-24
-27
-32
-30
-31
-27
-25
-24
-23
-23
-24
-27
-31
-26
-31
-30
-26
-25
-23
-24
-27
-25
-28
-24
-21
-24
-23
-24
-25
-23
-19
-25
-23
-23
-19
-19
-22
-23
-24
-21
-26
-23
-20
-19
-18
-25
-23
-20
-19
-20
-20
-20
-20
-19
-18
-18
-17
-15
-17
-17
-15
-18
-19
-22
-22
-25
-27
-25
-30
-29
-28
-30
-28
-27
-25
-28
-25
-22
-29
-27
-27
-26
-25
-24
-28
-27
-28
-27
-24
-25
-22
-22
-22
-20
-18
-22
-22
-24
-22
-23
-25
-23
-23
-24
-21
-17
-18
-18
-16
-18
-18
-19
-19
-17
-13
-16
-17
-21
-17
-18
-24
-22
-25
-25
-27
-29
-23
-18
-24
-21
-22
-23
-19
-21
-17
-19
-15
-13
-15
-16
-17
-13
-15
-13
-13
-9
-11
-8
-7
-11
-8
-9
-10
-6
-8
-5
-2
-7
-7
-8
-5
-8
-8
-10
-7
-6
-8
-8
-7
-10
-10
-9
-13
-11
-8
-11
-14
-15
-15
-15
-16
-15
-17
-15
-20
-19
-17
-21
-20
-24
-21
-23
-25
-24
-27
-26
-24
-26
-27
-24
-20
-19
-20
-17
-17
-17
-20
-19
-21
-24
-17
-21
-17
-16
-15
-17
-20
-17
-19
-17
-20
-17
-17
-16
-16
-14
-16
-19
-20
-17
-16
-19
-13
-17
-17
-17
-19
-17
-20
-18
-24
-17
-17
-17
-17
-19
-13
-12
-11
-11
-12
-15
-18
-20
-17
-16
-17
-14
-11
-12
-16
-12
-14
-8
-6
-11
-6
-8
-10
-6
-6
-4
-6
-8
-7
-9
-13
-10
-6
-13
-12
-8
-10
-10
-14
-18
-17
-16
-14
-13
-14
-12
-11
-12
-14
-12
-9
-14
-12
-12
-12
-13
-9
-9
-10
-9
-10
-10
-12
-11
-16
-13
-11
-16
-15
-12
-8
-8
-5
-4
-5
-3
1
6
2
2
3
5
5
2
2
2
2
-1
0
3
-2
2
5
4
10
6
11
11
10
9
4
8
8
6
3
4
4
4
1
3
-3
-6
-3
-6
-7
-8
-13
-10
-10
-5
-7
-10
-6
-4
-6
-7
-3
-8
-6
-4
-4
-2
-1
1
2
-2
-1
-4
-4
-2
-4
-2
1
1
-2
1
2
3
3
3
2
2
4
3
0
2
3
-2
3
2
0
4
2
2
2
-1
-6
0
2
-6
-5
-5
-8
-12
-17
-18
-17
-19
-18
-19
-18
-16
-17
-17
-16
-19
-17
-18
-17
-11
-12
-11
-15
-15
-13
-16
-13
-13
-12
-9
-10
-12
-10
-9
-10
-10
-8
-8
-6
-8
-4
-2
-7
0
-1
3
3
-3
0
1
-2
2
0
-2
0
-6
-4
-2
-4
-3
-2
-4
3
-4
-4
-3
1
1
4
2
0
0
2
2
1
0
1
-3
0
7
2
10
7
8
9
6
2
-3
2
4
2
1
2
8
5
4
6
5
4
7
11
5
6
9
7
5
7
5
3
-1
2
3
-4
-2
-6
-6
-5
-4
-3
-5
0
1
0
3
1
4
1
-1
0
-2
0
-2
0
2
0
0
2
1
-3
4
-2
-1
4
0
6
6
5
5
8
6
5
7
6
5
3
1
3
1
-2
-3
-1
0
-4
-5
-6
-6
-6
-8
-4
2
-5
-6
-8
-7
-5
-7
-4
-1
-6
-1
-4
-1
2
0
0
-1
0
-2
-7
-5
1
-3
1
-1
-1
1
2
3
0
3
3
5
10
11
14
10
8
12
12
8
12
11
13
12
13
15
18
16
12
11
11
12
9
11
11
11
6
8
8
9
6
8
11
11
13
11
13
11
10
6
12
11
9
8
8
7
8
9
8
9
11
13
13
16
13
15
18
18
18
19
16
18
18
12
14
17
12
14
15
12
11
9
6
4
2
6
4
8
6
5
5
5
5
7
5
-3
1
-6
-3
0
-3
-2
-8
-6
-10
-4
-4
-7
-8
-12
-9
-11
-11
-10
-9
-8
-8
-7
-6
-7
-4
-6
-8
-7
-4
-4
0
0
5
5
0
7
1
4
4
1
3
3
2
1
-2
0
-1
-1
0
-4
-6
-4
2
1
1
0
2
6
5
6
7
9
11
11
11
15
15
17
15
11
12
13
17
14
15
16
17
18
15
17
16
13
18
21
19
16
14
17
16
14
12
11
10
8
2
0
5
4
0
1
2
5
-2
1
-2
-6
-3
-2
-5
-5
-6
-9
-5
-6
-9
-6
-6
-7
-9
-4
-8
-8
-6
-6
-10
-10
-13
-12
-9
-18
-9
-11
-13
-15
-17
-14
-12
-11
-15
-17
-14
-13
-13
-14
-11
-11
-11
-9
-9
-7
-9
-8
-6
-7
-8
-8
-11
-14
-10
-9
-12
-15
-15
-12
-14
-12
-13
-13
-9
-6
-5
-6
1
-8
-5
-6
-8
-9
-9
-7
-10
-6
-5
-2
1
1
-1
1
0
1
-1
5
5
1
6
0
3
5
10
18
20
23
27
32
37
40
44
42
49
49
49
49
54
54
50
51
52
56
53
53
50
43
45
44
42
42
37
39
36
32
33
34
28
25
24
22
22
21
16
15
19
20
12
8
10
5
8
6
3
4
4
2
-4
-5
-4
-10
-8
-13
-15
-14
-15
-17
-24
-23
-25
-25
-27
-33
-35
-36
-31
-36
-33
-36
-40
-37
-38
-39
-41
-39
-38
-34
-36
-36
-36
-34
-36
-31
-30
-32
-32
-34
-31
-32
-30
-27
-27
-31
-30
-28
-25
-25
-26
-25
-20
-20
-24
-26
-29
-28
-27
-29
-27
-30
-28
-33
-30
-27
-30
-28
-28
-20
-18
-19
-14
-2
10
26
34
47
67
71
79
91
105
109
105
104
102
99
94
92
81
77
74
68
70
68
64
62
61
59
55
52
51
47
43
33
28
30
30
21
18
18
20
19
23
26
25
26
25
33
31
36
39
37
34
27
22
23
20
17
12
16
16
15
18
13
17
14
14
9
11
10
6
3
-8
-7
-9
-10
-11
-12
-14
-15
-12
-13
-11
-13
-8
-11
-15
-19
-22
-19
-19
-21
-24
-22
-20
-20
-27
-22
-22
-24
-24
-31
-33
-39
-38
-41
-47
-48
-54
-57
-54
-58
-60
-66
-69
-72
-71
-69
-72
-69
-77
-69
-74
-74
-76
-80
-70
-74
-67
-66
-67
-70
-65
-61
-65
-64
-62
-67
-69
-61
-61
-55
-36
-15
-4
12
39
67
81
100
123
141
144
146
148
147
139
126
122
116
106
93
89
91
87
82
79
79
75
69
63
54
48
35
28
19
17
14
3
5
5
8
12
17
26
28
26
29
37
36
37
39
37
38
37
36
40
42
43
46
45
51
51
50
53
52
50
47
44
39
38
31
26
25
27
25
20
21
24
23
24
26
27
27
20
16
13
14
11
8
13
8
0
-1
-4
-1
-6
-7
-10
-13
-18
-23
-20
-16
-19
-23
-29
-31
-33
-42
-38
-40
-44
-41
-47
-49
-53
-57
-69
-76
-77
-81
-81
-90
-96
-94
-93
-94
-87
-90
-88
-88
-89
-82
-78
-72
-74
-77
-67
-68
-70
-65
-67
-65
-66
-62
-53
-27
-16
10
32
67
99
108
139
167
181
182
180
186
183
159
144
134
117
95
80
73
73
64
53
53
53
51
42
36
29
16
2
-20
-29
-32
-38
-41
-42
-34
-24
-20
-10
7
17
20
28
39
56
59
57
67
69
74
78
88
96
98
97
94
103
100
92
89
83
76
64
52
51
50
42
32
29
33
35
28
29
28
27
31
34
35
32
27
21
20
20
14
8
10
5
0
-7
-11
-9
-11
-18
-27
-33
-29
-37
-47
-53
-52
-52
-59
-57
-58
-61
-66
-68
-71
-73
-74
-79
-84
-88
-95
-101
-105
-110
-116
-124
-125
-120
-119
-120
-121
-125
-121
-123
-126
-121
-124
-128
-132
-135
-135
-122
-84
-41
-7
32
89
155
195
224
276
328
341
326
317
325
297
254
228
210
169
130
108
107
98
73
60
52
37
19
1
-16
-34
-64
-90
-110
-115
-106
-107
-107
-96
-72
-45
-29
-4
30
45
45
51
69
72
58
44
45
43
42
42
63
82
91
93
110
134
143
139
127
118
102
74
50
42
24
2
-10
-13
2
10
13
18
24
31
37
39
46
42
30
21
16
21
16
2
5
7
8
8
13
17
13
1
-17
-28
-38
-54
-77
-87
-96
-101
-103
-99
-90
-83
-74
-65
-58
-48
-58
-74
-79
-96
-100
-122
-133
-141
-152
-157
-167
-163
-162
-166
-166
-169
-163
-168
-172
-172
-175
-178
-186
-190
-201
-198
-198
-166
-88
-16
37
89
184
298
347
383
453
508
504
462
434
427
372
289
246
220
166
102
68
83
70
24
1
-11
-25
-56
-94
-127
-149
-180
-206
-213
-200
-168
-139
-118
-69
-1
54
84
118
166
181
162
154
171
163
123
98
101
101
98
100
117
137
132
124
126
140
129
98
61
44
22
-10
-25
-29
-29
-34
-31
-8
27
52
56
65
81
90
83
76
78
75
57
40
48
56
52
48
49
49
40
34
20
0
-26
-66
-104
-125
-141
-166
-187
-192
-189
-176
-170
-157
-144
-130
-124
-119
-112
-106
-118
-127
-133
-133
-143
-152
-154
-152
-144
-161
-156
-167
-169
-186
-206
-213
-220
-239
-256
-263
-265
-256
-276
-266
-242
-172
-53
50
117
220
357
480
540
574
651
686
643
576
533
492
396
284
233
187
100
25
0
3
-16
-70
-105
-127
-167
-193
-232
-254
-266
-277
-268
-236
-175
-97
-32
27
106
193
251
274
297
316
297
242
217
205
169
113
72
69
65
60
64
67
67
51
19
6
12
-11
-51
-77
-90
-78
-70
-48
-6
25
58
88
132
177
205
198
184
184
169
146
118
104
85
61
36
35
41
27
9
-10
-24
-45
-76
-106
-132
-161
-191
-206
-215
-205
-201
-199
-183
-159
-136
-129
-117
-115
-106
-115
-122
-129
-139
-146
-163
-170
-174
-184
-192
-208
-222
-229
-261
-284
-301
-318
-324
-339
-333
-323
-318
-310
-309
-301
-283
-268
-199
-76
67
167
260
406
584
690
718
781
833
818
709
604
535
433
275
150
79
9
-92
-168
-170
-173
-207
-247
-266
-277
-296
-320
-326
-304
-276
-228
-174
-91
34
149
243
322
401
472
486
473
453
412
324
227
168
117
47
-20
-50
-72
-90
-87
-88
-88
-101
-136
-144
-137
-116
-114
-114
-91
-42
16
87
161
222
279
304
329
352
360
329
277
230
184
142
102
64
28
-11
-44
-59
-64
-79
-104
-131
-148
-157
-163
-169
-171
-159
-147
-123
-99
-69
-47
-34
-28
-22
-23
-32
-45
-71
-83
-105
-117
-132
-146
-164
-188
-211
-237
-258
-294
-329
-364
-395
-415
-432
-451
-435
-421
-392
-350
-324
-278
-240
-226
-198
-189
-152
-57
83
236
319
423
596
757
823
837
859
856
756
572
438
328
164
-20
-155
-214
-270
-350
-376
-343
-324
-327
-330
-310
-294
-293
-277
-236
-176
-85
6
96
224
361
476
541
577
610
596
511
408
320
212
75
-49
-119
-168
-237
-278
-281
-272
-274
-277
-246
-221
-218
-217
-191
-118
-35
26
98
184
277
383
443
493
522
500
451
392
331
268
172
71
11
-40
-66
-97
-115
-128
-154
-175
-174
-171
-171
-174
-180
-154
-105
-48
5
47
84
123
147
148
128
96
41
-24
-83
-126
-158
-200
-224
-234
-226
-221
-223
-235
-249
-274
-301
-326
-356
-383
-403
-415
-402
-388
-364
-326
-311
-277
-247
-216
-200
-202
-215
-217
-229
-223
-195
-91
85
274
397
515
692
854
916
859
832
786
638
417
248
145
25
-147
-247
-247
-250
-277
-297
-276
-250
-271
-302
-297
-293
-270
-233
-167
-47
87
235
363
466
582
663
646
581
512
410
261
94
-14
-91
-192
-269
-283
-274
-274
-293
-308
-319
-325
-310
-267
-252
-231
-155
-56
84
218
336
439
525
571
591
581
526
432
300
193
94
19
-49
-103
-150
-170
-169
-164
-169
-186
-207
-233
-227
-205
-169
-132
-81
-8
79
161
222
265
265
230
188
124
39
-58
-152
-221
-260
-282
-288
-293
-279
-266
-253
-242
-247
-272
-299
-333
-341
-348
-354
-331
-337
-305
-269
-237
-213
-194
-214
-218
-226
-249
-229
-273
-290
-305
-306
-260
-228
-125
105
334
448
526
660
851
908
796
736
703
575
366
200
154
88
-83
-189
-187
-178
-217
-284
-303
-291
-315
-328
-301
-273
-207
-112
-3
138
288
442
538
556
591
631
571
434
311
208
91
-51
-138
-155
-210
-270
-294
-290
-287
-328
-369
-394
-408
-374
-296
-165
-36
86
209
376
552
657
686
648
604
525
435
328
196
70
-42
-112
-133
-133
-157
-197
-239
-236
-220
-217
-233
-241
-223
-168
-78
21
120
181
244
284
314
317
267
178
58
-28
-99
-166
-228
-285
-311
-317
-291
-276
-261
-269
-300
-297
-292
-275
-272
-283
-288
-265
-217
-172
-161
-168
-186
-200
-222
-262
-298
-356
-386
-380
-360
-334
-317
-313
-307
-289
-275
-229
-79
175
394
462
558
765
971
993
873
815
757
570
326
185
124
-14
-217
-304
-264
-254
-313
-343
-330
-317
-316
-287
-210
-161
-94
44
205
353
483
610
680
664
632
617
519
332
163
22
-101
-203
-258
-284
-335
-368
-353
-354
-365
-374
-392
-413
-399
-302
-168
13
176
349
541
700
831
856
824
713
566
402
262
120
-40
-163
-251
-270
-260
-251
-259
-279
-291
-274
-236
-190
-150
-103
-27
77
192
300
372
391
387
345
284
208
95
-37
-160
-238
-288
-326
-357
-384
-394
-388
-361
-349
-331
-327
-324
-296
-253
-191
-170
-143
-132
-129
-105
-121
-146
-212
-265
-297
-335
-343
-371
-379
-400
-397
-384
-375
-376
-422
-436
-419
-383
-292
-58
292
553
643
753
962
1121
1032
832
706
565
352
117
26
6
-108
-236
-276
-232
-259
-345
-402
-439
-455
-436
-322
-195
-77
92
307
509
649
752
789
717
582
469
375
216
32
-78
-153
-226
-248
-235
-259
-359
-417
-430
-458
-506
-510
-448
-378
-254
-61
159
358
523
658
769
872
875
783
658
498
359
224
104
-14
-150
-260
-317
-359
-375
-368
-391
-385
-319
-233
-99
9
96
199
273
340
391
388
351
284
216
162
92
7
-61
-148
-239
-285
-344
-395
-439
-490
-490
-446
-384
-319
-252
-194
-132
-84
-48
-44
-84
-140
-177
-209
-225
-238
-264
-291
-305
-299
-306
-329
-369
-420
-444
-461
-458
-435
-447
-428
-366
-275
-138
115
467
720
752
738
867
976
853
620
458
383
247
69
10
23
-38
-180
-269
-281
-300
-387
-481
-470
-392
-262
-95
65
232
385
519
629
677
665
577
437
305
227
164
51
-68
-153
-203
-264
-332
-370
-425
-509
-550
-512
-427
-347
-276
-177
-43
110
254
339
389
450
493
526
606
645
573
467
361
268
166
25
-118
-274
-404
-410
-380
-350
-278
-212
-148
-31
80
179
230
211
232
270
272
278
258
199
158
112
70
27
-75
-175
-246
-320
-344
-353
-400
-405
-383
-345
-277
-213
-163
-131
-108
-96
-69
-86
-123
-148
-206
-209
-221
-267
-293
-341
-355
-370
-380
-388
-420
-417
-423
-405
-380
-363
-339
-361
-354
-310
-231
-93
122
471
733
799
781
819
923
802
539
351
245
177
43
-41
-19
7
-67
-172
-182
-214
-286
-362
-365
-237
-106
47
202
331
483
613
642
610
539
441
321
185
110
92
8
-127
-202
-226
-252
-345
-441
-466
-468
-446
-361
-255
-158
-75
7
109
209
284
295
263
291
367
454
544
557
475
386
291
181
57
-98
-234
-342
-386
-318
-246
-208
-126
-62
-1
92
132
157
181
169
201
255
251
250
207
138
127
70
-9
-71
-182
-251
-256
-287
-300
-307
-349
-343
-307
-280
-233
-205
-191
-145
-101
-81
-70
-104
-154
-174
-226
-248
-262
-315
-352
-372
-372
-362
-343
-356
-380
-381
-378
-348
-338
-332
-300
-291
-278
-239
-186
-117
20
290
627
823
764
657
693
716
568
327
187
198
177
87
69
119
125
22
-112
-187
-215
-255
-286
-217
-63
125
276
350
422
509
552
501
390
307
256
181
101
87
94
23
-106
-208
-261
-304
-376
-434
-447
-389
-276
-146
-65
-19
36
97
161
207
247
288
342
346
369
408
415
381
267
150
65
-5
-90
-151
-217
-248
-212
-158
-92
-41
-5
37
78
122
191
219
192
183
187
192
189
138
72
31
-4
-34
-54
-103
-147
-188
-224
-241
-266
-305
-325
-334
-314
-256
-197
-161
-143
-120
-123
-108
-132
-181
-223
-281
-301
-299
-289
-292
-306
-343
-361
-354
-360
-369
-390
-415
-409
-382
-359
-307
-287
-276
-236
-186
-106
22
216
507
715
726
637
584
598
548
385
243
239
254
224
172
119
93
31
-102
-222
-282
-280
-232
-156
-35
134
277
349
356
359
401
403
331
254
234
251
252
222
163
73
-54
-177
-278
-355
-399
-408
-387
-329
-230
-110
-27
-30
-53
-35
17
63
102
144
191
236
350
463
579
583
459
331
203
116
29
-74
-155
-149
-126
-96
-67
-73
-72
-67
-57
-31
31
82
141
190
223
293
285
226
167
102
85
74
25
-52
-115
-162
-195
-233
-292
-339
-374
-399
-363
-310
-266
-211
-194
-178
-126
-111
-120
-169
-235
-263
-253
-246
-247
-249
-279
-294
-331
-366
-364
-372
-393
-412
-431
-428
-400
-389
-377
-362
-333
-245
-136
49
377
696
813
685
550
563
622
537
351
290
338
387
320
208
127
47
-64
-219
-340
-362
-269
-164
-78
33
172
298
317
264
253
321
377
341
309
319
351
336
258
142
-18
-166
-279
-360
-402
-391
-342
-300
-269
-213
-134
-105
-144
-178
-130
-15
111
213
299
367
411
404
373
340
307
247
154
84
50
42
14
-51
-133
-162
-140
-109
-89
-53
6
62
106
143
177
197
204
199
182
173
181
168
128
86
43
-8
-62
-107
-156
-203
-237
-267
-282
-295
-293
-281
-279
-256
-226
-186
-151
-142
-130
-129
-133
-161
-192
-232
-240
-243
-262
-283
-326
-356
-385
-381
-395
-399
-412
-417
-415
-411
-364
-324
-287
-283
-263
-209
-93
137
456
734
775
600
431
431
508
481
379
324
367
390
328
207
90
4
-103
-240
-353
-325
-165
4
87
96
119
177
214
200
178
208
276
340
372
375
361
306
201
50
-112
-206
-229
-243
-284
-285
-224
-172
-177
-196
-208
-226
-241
-211
-140
-33
75
172
197
182
246
339
416
404
312
215
173
168
163
115
35
1
-39
-97
-136
-130
-98
-50
-29
-43
-5
71
149
165
123
117
141
144
131
126
113
108
94
27
-63
-124
-149
-178
-252
-312
-325
-320
-307
-288
-281
-270
-224
-183
-165
-173
-177
-179
-197
-207
-215
-222
-231
-241
-274
-314
-322
-322
-331
-352
-378
-416
-414
-411
-387
-370
-371
-355
-350
-320
-264
-139
6
232
514
701
662
450
316
356
473
525
509
471
467
446
334
170
9
-76
-132
-200
-248
-197
-38
120
172
89
1
-14
28
91
147
226
309
379
388
326
241
179
128
29
-85
-156
-148
-112
-99
-107
-143
-192
-241
-259
-262
-268
-253
-174
-82
-10
42
85
114
115
128
158
210
288
342
339
277
199
141
88
52
44
42
33
24
11
7
15
24
8
-9
1
31
64
86
114
125
110
100
82
70
73
91
92
37
-35
-87
-132
-185
-223
-246
-270
-266
-250
-239
-235
-226
-223
-242
-275
-288
-293
-288
-263
-244
-236
-237
-242
-248
-272
-298
-311
-321
-327
-326
-335
-333
-337
-334
-341
-342
-333
-310
-272
-233
-154
-95
-13
138
329
472
467
335
210
246
396
533
575
545
489
410
284
129
5
-18
70
125
106
48
13
30
29
-7
-64
-83
-41
38
119
176
224
257
256
204
116
34
-6
31
91
116
98
63
14
-39
-89
-137
-162
-151
-131
-139
-174
-184
-149
-106
-56
-15
9
9
41
105
119
119
142
164
171
180
162
114
89
107
124
109
85
87
77
45
23
-1
-38
-55
-41
-37
-48
-41
-29
-17
-10
-3
0
-12
3
17
13
-8
-20
-30
-58
-69
-71
-80
-96
-95
-85
-99
-125
-152
-185
-203
-195
-180
-172
-181
-187
-177
-179
-180
-179
-184
-190
-191
-185
-200
-226
-234
-242
-250
-247
-226
-210
-204
-199
-215
-235
-242
-217
-181
-139
-76
15
93
44
-103
-170
-101
46
162
188
162
142
158
173
143
87
85
136
214
276
269
216
160
124
103
70
57
96
163
219
224
162
69
13
26
58
75
76
99
141
174
181
124
44
14
31
53
63
62
37
26
27
33
16
-14
-11
1
-18
-48
-61
-83
-82
-49
0
75
57
27
17
-24
24
109
148
127
111
116
105
98
57
32
7
-6
74
62
21
58
21
6
-20
-28
12
9
48
60
31
-11
-11
1
-29
-22
-15
-24
-18
-26
-27
-89
-154
-148
-151
-149
-132
-127
-155
-183
-190
-200
-200
-207
-201
-203
-226
-226
-229
-234
-243
-243
-230
-230
-226
-227
-254
-295
-319
-312
-301
-252
-142
-60
-81
-180
-192
-76
55
137
113
68
91
196
275
241
190
193
245
299
340
337
286
264
274
254
183
139
163
219
257
259
197
120
103
137
139
98
77
96
140
176
181
124
58
62
89
93
63
39
19
6
21
21
-24
-67
-55
-42
-57
-78
-84
-91
-86
-62
-56
-76
-76
-35
-19
-26
-24
-15
-5
16
58
72
40
32
56
55
23
6
3
12
27
40
29
-2
3
32
35
22
32
35
38
46
51
38
8
7
17
11
-11
-15
-17
-30
-37
-46
-76
-99
-97
-90
-103
-132
-136
-135
-144
-152
-172
-193
-193
-181
-173
-196
-227
-228
-231
-223
-220
-222
-228
-234
-233
-256
-284
-282
-274
-266
-246
-184
-85
-77
-149
-179
-113
27
138
161
125
112
161
230
259
224
213
239
279
313
314
278
247
240
238
203
165
178
205
226
223
175
106
69
96
138
152
139
133
153
168
173
136
73
53
80
99
92
70
39
27
30
41
15
-31
-37
-25
-37
-59
-60
-55
-50
-22
-4
-23
-42
-18
17
19
4
12
31
44
71
71
39
21
32
36
10
-13
-3
11
21
33
25
2
-5
16
32
28
27
33
32
33
33
24
-5
-7
7
2
-21
-42
-38
-40
-49
-54
-73
-87
-84
-77
-90
-118
-123
-117
-113
-122
-131
-148
-166
-152
-150
-175
-201
-205
-204
-205
-209
-216
-230
-248
-265
-290
-302
-305
-274
-253
-250
-188
-93
-72
-130
-164
-83
54
161
200
159
138
178
246
255
217
213
248
287
314
311
269
232
226
234
199
166
168
192
220
222
194
127
98
131
180
192
179
170
170
165
156
114
54
48
76
93
68
44
21
2
2
5
-19
-56
-53
-27
-33
-43
-35
-34
-40
-28
-9
-25
-39
-12
6
-2
-10
-1
1
12
37
37
11
0
13
23
20
14
31
42
43
54
58
34
32
53
65
58
53
67
70
58
46
26
-7
-11
6
5
-17
-29
-39
-51
-64
-71
-85
-98
-91
-77
-82
-100
-108
-111
-118
-134
-158
-176
-181
-172
-166
-187
-218
-224
-223
-223
-233
-243
-256
-277
-271
-285
-319
-329
-299
-265
-236
-176
-87
-64
-114
-135
-67
63
178
219
190
169
203
256
269
231
225
248
277
309
302
263
232
225
219
190
164
180
199
219
213
177
126
99
135
180
195
178
166
160
150
134
95
48
33
61
79
65
37
5
-28
-36
-33
-42
-58
-41
-20
-30
-56
-63
-53
-41
-17
3
-5
-17
12
39
29
8
7
8
9
25
27
3
-16
5
20
2
0
20
44
46
45
40
23
30
52
69
61
58
69
69
57
39
8
-21
-31
-24
-32
-55
-76
-87
-98
-103
-105
-110
-112
-105
-94
-97
-116
-130
-127
-128
-134
-143
-147
-143
-130
-133
-155
-181
-194
-196
-210
-225
-241
-250
-255
-263
-269
-282
-298
-285
-261
-249
-189
-87
-37
-71
-110
-47
87
209
257
217
167
184
247
266
233
212
233
260
283
285
244
198
187
201
182
152
154
175
194
201
179
127
106
145
204
209
184
166
152
138
128
98
43
21
58
85
72
43
9
-21
-32
-18
-18
-35
-36
-9
1
-24
-41
-38
-28
-9
24
18
-3
13
42
33
1
-13
-8
-10
5
21
6
-5
11
34
24
9
16
35
36
35
46
34
33
62
85
72
58
63
53
42
32
13
-10
-24
-15
-18
-46
-70
-75
-84
-89
-87
-88
-87
-86
-77
-94
-119
-127
-123
-114
-116
-118
-127
-139
-137
-135
-143
-171
-193
-206
-228
-230
-222
-228
-235
-241
-255
-280
-296
-294
-277
-252
-231
-175
-74
-20
-53
-104
-61
67
177
217
172
122
149
214
244
211
183
199
238
280
279
234
195
193
208
195
165
164
186
222
242
219
160
124
148
190
197
165
137
125
124
125
99
52
34
63
97
88
52
11
-15
-13
-3
-13
-41
-36
-11
7
-7
-31
-39
-43
-17
18
22
-5
-12
12
15
-7
-18
-15
-1
21
45
35
9
21
42
39
21
27
45
66
83
90
75
57
73
88
80
58
55
52
52
46
26
2
-18
-11
-8
-30
-44
-48
-57
-73
-77
-82
-90
-93
-86
-92
-117
-125
-119
-113
-116
-128
-139
-150
-150
-146
-168
-193
-207
-212
-224
-237
-238
-239
-249
-254
-264
-295
-304
-288
-263
-240
-217
-146
-51
-28
-84
-118
-56
73
181
187
135
109
143
215
223
194
196
224
266
294
281
243
217
225
233
206
177
186
219
241
239
190
123
96
132
173
174
147
125
114
117
114
72
33
30
68
91
71
37
8
-16
-11
2
-11
-35
-23
6
4
-25
-51
-60
-58
-25
-3
-18
-41
-20
1
-6
-27
-31
-19
0
34
45
23
8
26
44
37
40
57
71
88
92
84
56
48
71
77
63
51
54
54
50
44
19
-21
-27
-5
-3
-19
-30
-40
-46
-50
-59
-72
-80
-74
-69
-86
-108
-109
-100
-100
-112
-128
-151
-159
-153
-148
-165
-185
-195
-200
-205
-213
-217
-236
-251
-250
-251
-262
-264
-252
-242
-235
-210
-160
-79
-34
-72
-124
-94
27
141
173
129
87
106
167
208
193
179
200
239
277
274
237
215
216
227
218
189
178
190
215
222
188
124
86
110
162
179
152
119
108
111
112
90
34
16
46
77
67
31
-4
-23
-20
-1
-3
-29
-34
-6
0
-30
-56
-67
-66
-40
-5
-11
-36
-30
-4
-12
-33
-40
-30
-3
21
38
27
16
31
60
59
43
50
70
80
91
84
56
41
55
74
65
54
54
59
50
38
20
-5
-16
2
5
-10
-23
-18
-24
-36
-42
-53
-57
-51
-39
-55
-82
-105
-103
-107
-119
-133
-150
-158
-145
-142
-166
-180
-191
-186
-194
-205
-215
-223
-214
-193
-192
-214
-235
-239
-233
-216
-203
-188
-128
-51
-38
-100
-143
-68
63
161
171
120
103
147
214
241
211
199
241
295
330
320
278
245
247
262
233
192
189
217
242
229
176
103
79
129
173
173
131
106
104
109
108
72
23
22
76
106
90
44
9
-6
-3
10
-8
-40
-37
-13
-25
-54
-70
-77
-71
-43
-24
-35
-51
-39
-23
-37
-50
-45
-34
-4
28
39
23
6
26
36
30
25
44
55
62
61
43
21
10
34
49
44
39
40
37
30
24
8
-14
-9
8
6
-7
-14
-15
-22
-39
-47
-56
-58
-53
-58
-78
-104
-116
-115
-121
-130
-138
-146
-151
-142
-147
-168
-184
-197
-197
-196
-195
-203
-203
-198
-202
-206
-235
-253
-255
-239
-220
-219
-214
-165
-72
-42
-94
-132
-67
63
165
178
135
114
156
231
253
232
228
259
299
321
310
272
235
239
252
228
195
196
215
236
230
180
125
107
156
205
202
164
134
129
133
140
104
59
59
103
127
101
64
21
-3
1
15
-3
-39
-34
-10
-18
-42
-59
-75
-71
-41
-20
-24
-40
-25
-6
-10
-23
-16
-1
17
45
54
28
12
33
45
33
28
41
47
50
54
41
17
12
36
50
41
40
44
30
23
24
18
0
-5
9
8
-8
-23
-32
-44
-56
-56
-66
-79
-78
-79
-96
-114
-127
-129
-126
-118
-121
-142
-147
-140
-141
-165
-183
-190
-192
-190
-193
-199
-208
-216
-223
-238
-256
-274
-271
-254
-235
-221
-178
-93
-55
-104
-150
-104
15
140
182
143
108
130
201
237
217
202
231
269
299
296
257
219
207
214
198
174
179
193
216
213
172
113
82
117
178
191
165
133
131
138
142
117
67
51
87
120
106
72
27
-3
-9
3
-1
-24
-28
-10
-14
-44
-58
-64
-63
-44
-17
-11
-16
-5
8
1
-14
-4
6
19
41
63
52
32
35
44
39
36
50
60
60
62
59
36
23
38
61
62
55
56
53
49
42
42
24
15
21
28
21
5
-3
-16
-30
-30
-31
-45
-47
-45
-64
-88
-106
-106
-104
-110
-116
-130
-147
-148
-153
-172
-190
-197
-204
-198
-203
-208
-222
-234
-240
-248
-255
-265
-265
-256
-241
-236
-215
-141
-62
-62
-125
-137
-42
88
169
160
112
101
159
222
225
194
209
243
274
288
266
231
211
226
228
192
165
177
204
216
198
143
95
98
156
194
171
133
116
118
127
120
74
41
53
93
102
68
30
-3
-18
-8
-8
-35
-57
-47
-34
-49
-69
-77
-75
-62
-41
-23
-29
-38
-22
-9
-23
-36
-18
-1
15
39
40
18
10
29
38
28
25
43
51
47
51
33
19
21
45
56
42
39
45
47
34
31
22
5
5
20
17
0
-8
-11
-25
-33
-35
-45
-46
-47
-57
-77
-100
-104
-99
-100
-107
-122
-132
-142
-138
-140
-161
-181
-190
-192
-193
-196
-204
-221
-233
-228
-227
-246
-254
-249
-242
-228
-220
-168
-91
-61
-105
-135
-83
32
140
166
130
94
125
181
206
194
195
219
245
265
259
227
200
197
204
179
147
152
173
193
186
146
98
83
121
171
173
139
112
110
110
104
82
42
37
69
90
70
31
-2
-25
-33
-19
-26
-51
-57
-45
-51
-72
-80
-84
-83
-69
-42
-36
-56
-48
-35
-41
-52
-44
-30
-13
3
21
13
-6
7
18
10
8
20
30
32
31
27
10
5
24
52
47
43
43
34
23
19
16
-2
-1
9
18
6
-7
-7
-20
-38
-43
-46
-46
-48
-52
-74
-100
-107
-109
-106
-111
-125
-134
-144
-143
-148
-170
-193
-199
-191
-196
-199
-203
-208
-213
-221
-231
-245
-245
-231
-233
-242
-237
-203
-117
-39
-49
-115
-129
-27
108
182
159
107
104
160
221
224
193
202
245
276
286
252
217
207
219
222
187
150
164
205
217
185
128
83
89
143
184
160
114
100
112
120
101
62
25
36
77
84
47
7
-19
-32
-22
-27
-44
-62
-57
-42
-58
-85
-91
-86
-77
-55
-39
-51
-60
-40
-32
-36
-50
-43
-21
-5
16
17
-2
-4
19
25
12
15
28
38
38
33
21
7
17
37
44
34
29
33
34
26
20
6
-3
0
13
1
-19
-24
-27
-38
-45
-48
-50
-54
-63
-72
-98
-113
-112
-117
-123
-124
-136
-141
-147
-156
-165
-185
-192
-188
-192
-203
-210
-218
-224
-230
-236
-243
-254
-251
-240
-241
-245
-222
-144
-53
-41
-111
-145
-62
75
172
169
117
94
144
217
225
194
192
234
268
282
261
223
206
221
224
195
159
161
200
220
207
155
105
99
147
196
183
136
119
132
140
130
87
49
50
86
103
69
30
-1
-14
-6
-10
-26
-47
-41
-22
-30
-60
-70
-63
-57
-41
-28
-32
-46
-32
-15
-24
-47
-40
-25
-14
6
11
-5
-18
6
16
6
1
13
32
31
27
23
8
9
30
45
33
24
31
28
23
10
9
3
1
8
2
-14
-20
-20
-27
-42
-42
-41
-42
-41
-51
-69
-97
-97
-96
-100
-119
-134
-136
-151
-158
-166
-187
-196
-201
-206
-221
-234
-235
-230
-230
-237
-246
-253
-254
-243
-236
-231
-222
-179
-77
-22
-71
-126
-97
17
131
167
126
81
108
176
210
184
160
190
230
258
252
216
190
192
215
203
156
143
178
210
215
178
126
94
124
180
190
149
116
118
126
125
88
47
30
60
92
76
37
6
-10
-13
-7
-22
-47
-51
-24
-16
-42
-62
-65
-55
-41
-19
-24
-46
-36
-12
-8
-29
-32
-21
-5
14
24
15
3
22
37
31
14
23
44
53
52
46
31
25
50
64
59
49
46
49
45
38
27
11
2
11
12
0
-9
-9
-10
-24
-36
-36
-40
-43
-47
-67
-86
-100
-95
-95
-107
-119
-136
-142
-154
-164
-172
-194
-202
-206
-208
-217
-225
-232
-233
-233
-240
-243
-244
-238
-231
-228
-224
-175
-74
-21
-68
-134
-100
19
127
163
119
79
101
170
206
172
150
184
222
236
227
199
177
183
203
189
139
122
167
200
195
158
108
79
101
154
158
117
89
98
107
98
70
23
10
44
73
56
19
-7
-26
-25
-18
-31
-52
-52
-26
-19
-48
-68
-71
-59
-41
-30
-45
-60
-44
-27
-23
-48
-55
-40
-24
-3
5
2
-7
11
28
19
3
8
31
41
43
36
20
21
36
52
44
31
35
40
39
32
25
11
4
15
11
-2
-11
-2
-1
-17
-30
-33
-29
-33
-36
-51
-74
-86
-89
-83
-97
-115
-130
-141
-146
-149
-162
-184
-190
-190
-198
-205
-211
-213
-209
-218
-224
-237
-231
-219
-214
-215
-199
-116
-29
-35
-105
-126
-45
71
151
142
95
88
140
194
185
145
155
202
237
239
207
179
174
193
200
158
126
143
180
207
193
138
94
94
132
166
140
102
96
103
106
86
47
10
25
60
69
40
6
-17
-25
-31
-34
-52
-64
-46
-36
-52
-82
-95
-83
-63
-47
-53
-70
-67
-44
-23
-43
-67
-61
-40
-25
-14
-18
-28
-20
-2
0
-16
-23
-7
12
17
18
4
-1
7
24
23
12
12
19
29
22
10
1
-1
1
3
-2
-17
-14
-8
-18
-32
-39
-45
-43
-40
-47
-66
-85
-90
-88
-97
-111
-125
-137
-142
-141
-155
-177
-191
-192
-189
-200
-208
-219
-217
-219
-219
-228
-237
-233
-223
-209
-168
-77
-30
-69
-129
-103
5
104
147
119
82
105
167
196
168
148
184
225
238
236
211
193
193
208
188
147
141
176
201
191
162
120
95
113
145
146
120
100
112
114
100
71
34
26
46
68
60
30
14
-2
-10
-9
-16
-26
-27
-15
-28
-53
-66
-55
-39
-37
-32
-42
-50
-36
-15
-22
-46
-44
-27
-19
-10
-3
-6
-10
-3
4
-13
-15
1
15
13
1
-4
1
11
22
29
19
12
19
27
20
9
6
3
-5
-12
-17
-23
-20
-18
-21
-34
-42
-40
-46
-58
-62
-74
-91
-92
-90
-93
-103
-118
-127
-139
-143
-146
-155
-167
-174
-179
-184
-194
-204
-207
-209
-215
-215
-214
-221
-217
-204
-154
-70
-31
-79
-132
-97
23
118
140
114
91
118
177
197
165
157
194
235
246
227
208
202
212
217
187
146
149
188
211
197
153
116
113
142
174
157
124
113
126
132
114
83
50
49
80
92
69
45
37
29
23
11
4
-3
7
9
-11
-33
-40
-24
-14
-12
-22
-36
-31
-13
-9
-31
-47
-36
-19
-6
-6
-7
-12
-8
3
8
-5
-5
15
22
16
6
2
-4
7
21
22
19
15
19
15
9
10
9
-1
-3
-6
-19
-27
-29
-24
-33
-43
-49
-56
-57
-57
-70
-81
-94
-101
-105
-110
-115
-124
-135
-151
-152
-152
-166
-176
-187
-185
-188
-193
-202
-215
-219
-218
-221
-225
-220
-218
-181
-94
-31
-59
-135
-132
-31
86
135
113
74
88
152
192
161
127
166
216
242
233
205
185
188
209
190
139
119
160
201
200
158
109
84
101
145
151
113
92
109
120
106
75
37
40
68
85
66
32
31
28
18
6
-1
-7
3
16
13
-10
-25
-12
-6
-3
-2
-8
-12
-1
2
-12
-34
-32
-11
-6
-1
3
-1
0
7
8
-4
-3
14
33
32
21
11
7
12
18
27
28
35
38
33
20
15
15
12
5
-1
-7
-13
-13
-18
-37
-46
-51
-55
-53
-59
-67
-70
-83
-97
-104
-108
-111
-114
-117
-131
-139
-143
-146
-150
-152
-160
-166
-181
-184
-181
-186
-191
-202
-211
-207
-190
-120
-38
-18
-84
-148
-90
26
111
125
90
72
107
174
179
141
136
184
224
224
204
186
186
198
197
156
115
127
176
198
169
118
85
86
118
138
115
80
84
101
100
79
42
26
37
62
62
39
19
7
9
1
-10
-10
-5
-1
-6
-20
-35
-34
-21
-12
-14
-18
-14
-10
-11
-27
-39
-40
-30
-15
-13
-15
-18
-13
-9
-11
-13
-14
-1
13
14
6
-1
2
10
10
5
11
16
29
24
11
2
-1
4
6
-4
-18
-21
-16
-14
-29
-42
-55
-54
-47
-49
-62
-72
-78
-81
-88
-97
-104
-107
-105
-115
-125
-135
-134
-139
-136
-141
-149
-156
-164
-166
-167
-170
-172
-177
-183
-178
-134
-53
1
-39
-113
-111
-15
92
128
107
74
80
141
176
148
122
157
207
221
206
184
169
182
193
170
123
108
153
190
180
137
97
87
106
138
134
94
82
94
103
88
59
42
44
58
65
53
32
27
29
15
-11
-19
-8
8
12
-5
-30
-40
-29
-10
-7
-21
-21
-16
-13
-22
-40
-59
-58
-44
-35
-37
-39
-33
-29
-24
-33
-42
-37
-20
1
-2
-19
-29
-24
-18
-16
-12
-5
1
7
7
-4
-7
-9
-12
-15
-22
-24
-27
-28
-28
-39
-51
-58
-60
-57
-63
-72
-84
-95
-99
-103
-107
-112
-118
-129
-134
-135
-126
-120
-139
-152
-158
-163
-160
-153
-151
-148
-154
-165
-162
-166
-159
-113
-45
-2
-31
-85
-75
1
86
126
110
84
106
160
185
154
134
168
198
202
191
175
168
181
191
161
116
114
150
183
164
131
104
93
108
124
112
83
77
92
97
74
47
33
31
43
51
41
28
30
30
14
4
2
14
26
14
0
-14
-11
-1
6
3
-5
-5
-4
-3
-13
-25
-25
-23
-16
-15
-22
-20
-10
-3
-10
-21
-22
-16
-2
4
-5
-12
-15
-12
-14
-15
-18
-14
-5
-4
-16
-26
-27
-25
-26
-34
-43
-48
-47
-55
-67
-75
-78
-77
-72
-75
-95
-102
-102
-104
-106
-110
-117
-125
-129
-140
-133
-127
-124
-124
-131
-144
-154
-144
-135
-133
-138
-144
-147
-148
-144
-144
-126
-91
-38
-9
-32
-59
-46
17
80
101
92
83
98
131
146
132
128
144
173
179
167
154
148
152
148
130
102
102
131
146
140
116
92
90
99
109
105
86
89
97
101
81
59
57
59
69
70
65
56
51
53
39
20
16
31
42
38
22
0
-6
2
8
5
1
5
7
2
-11
-27
-28
-26
-21
-17
-19
-22
-19
-9
-22
-32
-25
-18
-2
-2
-11
-21
-24
-18
-20
-22
-18
-10
-6
-13
-18
-23
-22
-17
-17
-23
-25
-29
-27
-31
-41
-53
-58
-60
-49
-51
-64
-71
-75
-81
-89
-90
-101
-101
-103
-116
-116
-111
-110
-110
-112
-119
-118
-115
-109
-114
-121
-124
-117
-112
-110
-106
-108
-99
-73
-49
-30
-27
-24
-15
-5
25
60
84
87
98
106
104
107
115
126
127
131
133
134
130
129
122
103
99
104
111
108
105
103
94
85
87
81
79
82
95
94
79
69
63
65
60
68
65
58
57
57
47
34
30
29
28
30
25
9
6
5
5
1
-2
2
4
2
-3
-14
-21
-25
-21
-18
-21
-17
-18
-18
-24
-28
-27
-25
-27
-25
-25
-34
-32
-31
-32
-35
-35
-31
-23
-15
-14
-21
-28
-29
-20
-17
-21
-29
-33
-31
-31
-38
-44
-49
-39
-37
-48
-55
-57
-57
-62
-66
-74
-75
-69
-61
-70
-79
-79
-77
-76
-81
-86
-88
-84
-79
-79
-74
-64
-62
-61
-70
-72
-63
-42
-33
-28
-19
-14
-8
-1
4
19
35
53
62
61
68
75
77
73
75
81
93
96
100
96
87
82
79
82
78
77
74
72
80
72
67
61
59
66
71
72
72
73
71
61
56
59
59
66
68
59
43
40
47
50
49
41
31
32
33
34
26
16
13
9
6
3
-1
-2
-5
-14
-14
-23
-26
-24
-21
-22
-30
-32
-35
-36
-38
-43
-48
-49
-51
-53
-56
-55
-57
-53
-52
-54
-52
-51
-47
-47
-46
-49
-48
-46
-49
-51
-57
-60
-52
-47
-47
-49
-46
-45
-46
-57
-59
-49
-43
-43
-50
-49
-44
-42
-45
-49
-53
-52
-45
-35
-32
-40
-36
-40
-39
-33
-36
-34
-31
-24
-27
-37
-38
-37
-32
-33
-33
-35
-33
-32
-40
-38
-40
-25
-21
-15
-8
-11
-8
-5
5
18
25
28
35
42
44
41
45
54
61
69
69
70
72
79
82
82
81
84
90
96
99
101
98
97
100
94
93
88
86
89
91
82
78
71
66
67
67
59
50
48
47
40
34
34
25
17
14
5
-1
-7
-15
-18
-24
-30
-36
-38
-44
-48
-49
-56
-63
-66
-74
-71
-74
-80
-76
-76
-75
-78
-70
-73
-71
-71
-65
-62
-64
-63
-61
-53
-58
-52
-52
-50
-44
-45
-38
-34
-36
-34
-32
-34
-31
-30
-27
-24
-20
-14
-16
-20
-20
-20
-13
-3
-6
-6
-12
-12
-13
-8
-6
1
8
-2
-11
-11
-7
-6
-8
-12
-15
-23
-16
-18
-25
-31
-34
-30
-34
-37
-41
-39
-37
-37
-39
-42
-41
-32
-29
-27
-23
-21
-15
-6
2
4
4
5
19
27
32
34
38
45
50
54
60
67
67
74
77
72
74
81
87
88
87
85
84
89
92
93
88
85
84
78
78
77
69
64
56
49
46
40
36
33
31
27
19
10
8
2
-4
-10
-22
-28
-32
-37
-39
-51
-52
-61
-65
-59
-64
-64
-69
-69
-65
-63
-67
-68
-60
-60
-59
-60
-60
-58
-60
-57
-51
-49
-52
-47
-48
-40
-42
-46
-43
-41
-32
-36
-31
-27
-21
-22
-25
-24
-16
-14
-13
-9
-12
-12
-14
-17
-22
-23
-25
-25
-26
-31
-26
-28
-38
-38
-41
-43
-43
-39
-44
-46
-46
-50
-56
-56
-57
-58
-54
-54
-58
-60
-56
-54
-55
-52
-56
-56
-49
-49
-46
-46
-44
-38
-39
-34
-34
-28
-21
-17
-14
-10
-3
3
13
22
19
15
24
36
36
42
38
43
53
55
57
56
61
61
69
67
69
68
72
73
70
62
56
56
54
47
45
43
34
29
29
28
20
14
8
11
1
-4
-6
-12
-19
-21
-22
-25
-27
-32
-34
-37
-34
-31
-37
-40
-37
-39
-34
-37
-29
-27
-29
-29
-32
-35
-34
-27
-27
-28
-30
-27
-22
-21
-18
-14
-14
-9
-6
-7
-12
-12
-2
-5
-8
-4
-4
-4
-5
-9
-6
-2
-4
-11
-12
-12
-12
-9
-20
-20
-24
-26
-28
-35
-29
-32
-37
-38
-39
-44
-46
-48
-48
-49
-48
-50
-51
-52
-54
-50
-50
-51
-52
-49
-48
-48
-52
-49
-52
-53
-46
-39
-40
-38
-36
-35
-27
-29
-24
-30
-27
-21
-15
-9
-9
-10
-15
-10
-2
2
4
6
9
10
15
18
18
24
23
25
27
26
26
25
25
23
25
23
19
20
19
17
15
14
12
8
3
3
-2
-7
-5
-6
-8
-16
-14
-13
-15
-16
-18
-22
-22
-18
-24
-19
-23
-18
-18
-16
-15
-17
-17
-16
-11
-18
-15
-13
-12
-6
-9
-7
-7
-7
-8
-1
2
1
2
1
4
3
0
-1
1
5
6
6
6
7
7
7
7
9
10
9
9
4
7
7
8
10
7
5
3
5
4
3
5
4
-1
0
-1
-7
-5
-3
-5
-3
-8
-13
-8
-7
-10
-11
-15
-14
-12
-11
-13
-15
-14
-20
-19
-12
-16
-12
-10
-14
-12
-8
-8
-10
-6
-9
-5
-6
-4
-1
0
0
-4
-1
0
1
4
7
6
4
6
3
6
6
9
6
6
3
4
6
2
4
2
3
4
-1
-5
-5
-4
-7
-7
-4
-6
-8
-8
-9
-11
-17
-13
-15
-13
-15
-14
-11
-11
-10
-9
-15
-15
-7
-7
-4
-7
-3
1
7
4
1
7
3
7
9
8
4
7
3
5
9
7
7
6
7
5
2
7
5
5
10
9
6
7
7
3
6
8
5
7
5
3
2
6
3
2
-1
-4
1
1
-1
-4
-7
-7
-6
-8
-9
-8
-1
0
-2
-4
-6
-3
-4
-2
2
6
8
3
6
9
9
10
11
12
11
12
15
13
18
16
16
17
19
20
21
28
27
31
30
32
26
26
30
28
27
25
22
24
28
19
20
17
15
13
11
8
5
7
7
2
-1
-4
-6
-7
-5
-12
-17
-17
-16
-17
-13
-18
-20
-16
-21
-16
-19
-15
-15
-19
-12
-13
-14
-14
-14
-9
-8
-5
-4
-5
1
-1
-3
2
1
-4
-2
1
-2
0
3
2
4
5
4
4
5
7
8
7
4
7
5
4
6
5
2
4
6
6
2
3
1
-1
2
2
-1
-5
-3
-4
-4
-2
-3
-3
-4
-6
-8
-6
-6
-1
-2
-5
-5
-4
-3
-4
-1
0
0
-3
-2
0
1
1
0
4
3
8
4
5
9
6
9
6
6
7
9
9
8
10
14
8
13
15
16
18
15
15
21
24
23
27
25
20
23
18
16
19
18
23
20
14
18
18
16
15
17
18
16
13
13
15
16
15
12
13
8
10
10
7
6
4
3
2
1
0
2
-3
-2
-1
-3
0
1
2
-1
-2
-3
-3
-9
-4
-9
-6
-2
-6
-6
-4
-5
-6
-6
-7
-10
-8
-2
-6
-8
-13
-12
-9
-7
-5
-4
-8
-4
-6
-4
-3
-3
0
-4
1
0
-3
-3
-6
-7
-9
-12
-13
-17
-13
-18
-19
-16
-18
-16
-15
-13
-15
-18
-13
-16
-22
-22
-24
-19
-18
-19
-14
-17
-14
-17
-22
-20
-20
-21
-16
-19
-21
-19
-17
-16
-13
-12
-9
-8
-8
-1
1
2
-1
-2
7
5
6
5
7
6
6
13
11
13
11
10
10
10
3
11
9
8
9
4
8
11
6
4
4
5
7
8
8
3
4
3
6
7
4
6
1
-2
3
2
1
2
1
-1
-2
-1
-3
-2
2
-3
-1
1
3
7
8
6
10
10
11
15
15
11
13
17
14
16
19
18
19
21
18
22
19
18
18
18
19
18
18
23
22
19
22
21
22
23
24
21
21
24
17
21
16
16
13
9
8
7
5
2
1
-1
-2
0
-2
-4
-5
-5
-2
0
-5
-2
-4
-1
-3
1
6
2
6
3
0
1
5
5
4
-2
-4
-1
5
3
2
3
3
6
0
6
2
5
6
2
0
0
4
3
5
6
5
3
2
0
-1
-4
-5
-7
-7
-3
-2
-2
-4
-4
-4
-2
1
2
-1
-4
-4
-1
-6
-7
-6
-8
-7
-8
-7
-4
-6
-7
-6
-11
-10
-9
-7
1
-5
-4
3
3
6
4
5
2
-2
-5
-1
-2
-5
1
2
1
-2
4
3
4
1
-3
-3
0
2
5
5
8
11
9
13
16
20
17
20
20
19
21
21
19
20
23
17
22
22
22
27
22
28
27
30
22
21
29
27
25
24
24
19
22
16
14
16
12
16
17
13
15
14
12
15
17
15
17
18
14
10
16
20
22
20
14
14
14
13
16
13
7
12
9
9
10
8
10
12
10
6
9
10
10
8
9
6
9
9
5
5
7
5
5
2
3
4
3
5
-3
-5
1
1
2
4
-2
3
0
-3
-7
-7
-8
-7
-4
-6
-7
-9
-11
-4
-4
-3
-6
-8
-4
-6
-5
-2
-3
-4
-2
-4
-6
-2
0
-9
-3
0
-1
0
0
0
-2
-1
0
-8
-2
2
-3
-4
-1
1
3
6
3
2
3
6
5
7
5
5
11
4
5
6
3
4
4
5
2
8
7
2
2
0
1
9
11
9
7
6
8
4
9
9
6
10
9
12
14
8
11
9
14
15
14
16
14
12
15
14
12
18
18
17
22
15
18
18
17
20
20
17
17
15
15
16
12
15
11
15
17
11
13
15
14
18
10
10
10
11
14
10
11
9
5
7
7
5
3
1
0
6
5
2
0
3
2
3
0
-4
3
3
2
-4
-1
-3
-3
-7
-2
0
-4
-2
-6
-9
-11
-9
-12
-9
-6
-5
-11
-9
-7
-9
-13
-14
-8
-13
-13
-11
-15
-12
-12
-15
-13
-13
-13
-17
-13
-12
-15
-11
-9
-13
-10
-7
-3
0
-4
-1
-1
0
0
-1
-7
-4
-6
-10
-7
-4
-7
-6
-3
-5
-6
-6
-4
-5
-6
-4
-4
-3
0
-3
-3
-1
1
-1
-1
2
-2
-1
2
2
-2
1
5
3
4
4
8
7
9
7
9
6
4
6
9
12
8
10
11
5
13
13
9
18
21
19
22
22
18
22
19
20
22
21
18
19
22
18
15
19
18
20
16
15
13
14
15
13
15
14
15
19
16
17
14
9
13
14
13
12
13
8
12
8
10
10
6
10
7
6
7
6
6
11
7
3
5
1
-4
0
2
5
1
0
8
3
3
0
3
5
6
10
9
8
7
7
5
2
2
6
6
5
8
4
6
7
1
6
5
6
0
3
2
-3
-1
1
-2
-7
-4
-8
-11
-11
-10
-16
-13
-15
-15
-18
-17
-14
-17
-9
-10
-10
-11
-10
-7
-8
-8
-12
-9
-12
-11
-14
-10
-9
-8
-6
-7
-9
-12
-8
-13
-14
-16
-18
-17
-18
-16
-12
-16
-15
-15
-12
-12
-15
-9
-6
-6
-10
-10
-12
-10
-7
-9
-9
-7
-7
-8
-8
-7
-9
-11
-13
-18
-15
-11
-11
-10
-9
-10
-9
-6
-7
-11
-8
-10
-9
-7
-7
-4
-2
-3
2
3
1
4
2
5
11
6
9
7
7
12
8
10
10
6
10
10
13
14
10
11
12
12
14
13
12
11
14
16
18
16
16
14
15
16
8
12
8
9
10
8
11
11
11
7
5
-2
3
7
5
3
2
6
0
2
0
-1
1
-3
1
2
-2
-4
-1
-3
-3
0
1
3
0
-3
1
-1
1
-4
1
4
2
-2
1
4
3
2
3
4
0
3
-1
-1
-4
-3
-2
-6
-5
-5
-7
-10
-8
-4
-4
-4
-7
-3
-5
-10
-5
-4
-6
-6
-13
-16
-15
-17
-15
-20
-19
-18
-19
-22
-21
-24
-22
-21
-24
-20
-24
-20
-22
-22
-22
-22
-23
-27
-25
-23
-24
-23
-23
-23
-20
-20
-15
-18
-14
-9
-9
-8
-8
-9
-3
-2
0
2
3
4
4
6
8
10
12
7
11
13
12
13
15
16
14
13
15
19
16
14
16
13
13
17
17
15
15
12
12
13
13
11
10
9
12
10
12
10
11
10
7
9
13
13
11
10
9
6
11
9
6
12
5
6
10
10
13
8
5
8
5
7
10
11
9
9
10
7
8
11
10
10
12
9
9
8
7
4
1
0
0
0
1
-1
1
0
-4
0
-1
-2
0
-2
-5
-5
-8
-7
-5
-7
-11
-11
-6
-11
-11
-11
-11
-9
-12
-15
-13
-14
-16
-12
-13
-13
-12
-14
-12
-11
-16
-14
-13
-9
-7
-6
-3
-8
-13
-10
-9
-7
-5
-6
-3
-4
-2
1
-2
1
-3
-3
0
0
-2
0
2
-1
0
-2
-1
-5
-3
1
0
-2
0
1
2
1
-1
0
-1
1
3
6
6
8
6
4
4
4
3
7
10
11
11
9
11
12
16
17
17
12
17
13
13
11
16
18
15
20
16
19
18
22
20
16
20
22
21
18
24
25
25
27
29
33
31
33
34
32
31
34
32
27
27
30
32
28
33
31
30
30
28
29
33
32
34
31
30
32
33
29
24
23
24
24
20
22
20
19
14
17
19
16
17
17
15
12
13
7
12
9
7
7
7
8
10
8
10
14
8
8
8
13
9
7
7
8
8
6
6
1
5
6
2
7
7
4
6
7
9
11
5
5
2
4
4
3
6
7
2
5
3
-1
1
0
3
-3
0
-1
-7
-7
-9
-9
-10
-10
-12
-14
-12
-12
-11
-10
-10
-11
-10
-10
-8
-10
-10
-6
-10
-6
-10
-7
-3
-11
-7
-11
-7
-9
-11
-9
-11
-9
-5
-7
-4
-7
-2
2
-2
-1
3
6
3
6
9
12
9
13
10
14
14
18
19
17
19
16
18
19
16
13
15
17
19
17
12
17
10
10
11
12
14
13
15
9
14
11
11
10
6
9
7
5
10
10
10
10
16
17
13
15
16
13
13
14
15
11
12
12
10
14
11
12
10
8
14
12
13
17
17
15
16
20
20
21
18
15
18
19
23
18
15
16
18
16
15
20
16
16
13
14
14
15
14
8
10
6
5
2
7
5
2
0
-3
0
-1
0
-7
-6
0
-4
-4
-2
-2
-5
-7
-7
-7
-5
-12
-12
-10
-11
-9
-11
-13
-10
-7
-6
-4
-4
-6
-7
-9
-4
-5
-3
-6
-8
-3
-4
-8
-8
-5
-4
-8
-8
-3
-9
-4
-4
-3
-4
-3
2
-1
-2
-2
-1
-1
-2
2
0
-2
2
-5
-8
-6
-3
-4
-5
-1
-2
-3
-4
-5
-1
-6
-4
-3
-2
-6
-5
-4
0
3
1
0
0
2
4
4
3
6
1
5
5
4
4
12
8
8
10
10
13
14
14
15
16
14
15
13
15
14
18
16
21
20
20
22
19
21
24
21
23
30
24
28
28
27
28
25
25
22
22
18
18
18
16
16
18
20
18
14
11
12
14
15
17
17
16
19
15
12
14
14
13
15
7
9
9
6
8
9
6
8
8
6
7
4
3
2
2
3
3
4
-2
2
2
4
4
6
5
2
4
2
2
1
0
0
-1
-1
4
1
4
4
-1
1
1
1
1
2
2
-4
-1
0
-1
-5
-5
-4
-3
-5
-6
-9
-11
-5
-4
-2
-2
-4
-5
-5
-7
-9
-11
-12
-17
-17
-14
-13
-15
-23
-15
-18
-17
-12
-10
-9
-6
-1
-3
-7
-5
-3
-5
1
-1
2
2
0
5
6
8
8
8
10
9
11
13
14
14
15
16
14
17
17
16
15
20
20
17
18
19
17
18
17
18
20
16
17
16
16
9
12
13
10
10
13
17
16
15
16
17
17
15
17
16
12
17
19
21
22
19
21
22
24
21
17
19
21
22
25
26
24
23
24
21
22
24
21
25
26
24
23
26
22
21
22
18
18
20
16
19
20
17
18
14
15
16
18
16
14
13
7
12
14
7
6
6
4
5
10
9
5
6
2
4
1
1
2
-1
3
1
-2
-7
-6
-5
-8
-3
-3
-3
-5
-5
-5
-9
-7
-7
-8
-3
0
-5
-3
-5
-4
-6
-7
-9
-10
-7
-3
-4
-3
-2
-10
-9
-8
-6
-1
-2
-2
-3
-3
-1
0
-5
-2
-2
-1
1
1
-5
-3
-3
-3
1
-4
0
-2
2
0
4
0
1
1
-1
-2
-3
-4
-7
-1
-1
-1
-5
0
2
3
9
3
6
4
5
9
8
6
4
10
12
6
9
10
9
10
10
10
10
9
8
8
8
9
5
14
12
12
13
11
16
12
12
13
21
22
18
18
18
18
21
19
20
23
23
23
21
24
27
25
23
19
23
18
19
26
23
25
22
21
21
21
16
12
18
22
19
17
13
14
14
13
16
12
13
15
13
10
9
12
12
9
8
8
11
8
10
11
11
13
7
4
9
8
11
11
8
11
9
11
5
9
8
6
11
8
9
13
11
6
9
11
10
8
8
10
10
8
6
9
5
7
6
6
6
9
7
7
7
3
8
7
3
4
8
4
3
0
3
0
0
2
-2
2
0
2
-1
-1
2
1
1
1
2
6
7
6
4
7
8
9
13
14
14
11
13
15
14
13
12
11
14
15
14
19
18
13
12
16
18
18
17
14
13
16
14
13
14
13
14
16
13
9
7
7
7
5
8
7
9
7
7
8
9
9
9
11
12
8
7
6
9
6
7
12
9
12
12
13
15
15
15
19
23
21
24
26
24
27
23
23
23
25
27
27
28
24
22
21
19
20
23
20
15
17
16
14
14
13
12
9
10
9
9
8
12
8
9
8
6
6
0
1
-1
-1
-5
-3
-2
-5
-5
-6
-3
-1
-2
-2
-2
-5
-1
0
-4
0
-4
-4
0
-2
0
0
0
-1
0
-1
3
0
1
0
-1
-5
