5
7
6
7
9
5
5
2
5
6
0
10
11
6
12
6
9
10
4
8
7
12
11
9
13
14
14
16
17
16
15
12
10
12
11
17
18
15
19
16
15
14
11
15
12
10
11
11
13
14
13
17
13
13
16
17
15
15
14
10
13
16
19
14
9
4
2
5
7
8
11
12
9
10
14
14
16
16
15
16
18
17
16
17
16
14
18
14
18
21
22
26
25
23
22
24
23
21
19
25
25
25
24
20
22
24
27
25
26
25
25
26
26
22
22
22
20
19
20
18
18
18
22
19
17
20
20
20
17
19
18
10
10
13
12
10
2
2
4
-1
-3
2
-1
-2
-1
-6
-6
-5
-1
1
0
-4
2
1
2
2
3
2
0
4
1
2
6
1
-1
3
-2
1
2
4
3
7
3
5
9
8
6
9
9
13
11
6
14
13
13
7
5
7
6
-1
0
5
8
9
8
13
9
10
15
18
19
18
17
23
21
18
17
19
21
20
14
19
23
19
22
18
20
21
19
18
22
23
19
16
18
20
17
24
20
25
25
19
26
23
24
23
23
23
17
15
19
17
18
16
19
18
19
19
20
21
22
23
21
21
23
20
18
19
18
20
22
18
18
19
21
20
13
18
18
18
18
15
17
17
18
20
22
24
24
22
23
21
23
24
24
26
22
24
22
23
21
23
21
18
17
19
20
13
15
20
16
13
19
12
13
12
8
9
12
11
10
9
6
8
6
3
1
4
2
-1
3
1
2
2
0
-1
-1
-1
-3
1
-2
-1
-9
-4
-6
-11
-6
-9
-6
-7
-4
-3
-3
-5
-5
-3
-3
0
0
-2
4
5
5
2
3
3
-3
-1
0
-4
-3
-3
-5
-3
-2
-1
0
1
-1
-1
1
0
1
5
6
6
8
9
10
5
7
5
7
6
5
6
2
4
5
8
8
7
3
5
7
7
8
11
16
14
15
15
15
12
15
12
16
18
17
17
17
17
17
16
14
17
19
20
17
18
17
14
20
19
19
20
18
20
21
21
20
28
26
27
27
26
30
29
33
30
31
27
23
25
22
23
21
17
21
19
20
18
19
22
23
23
20
18
20
20
17
23
26
24
25
22
28
22
24
24
24
24
27
30
22
27
24
21
23
24
19
20
23
21
25
23
23
19
21
18
12
19
17
19
17
19
19
18
20
17
14
13
11
15
19
18
17
18
19
11
16
15
11
16
11
9
7
3
8
7
7
12
11
13
12
13
14
11
14
12
13
16
18
14
13
18
12
14
16
13
15
10
15
15
15
15
11
16
14
17
17
17
17
17
17
17
15
22
18
20
20
21
21
19
20
20
23
23
24
23
24
20
24
26
27
27
28
24
27
26
24
24
27
25
26
25
21
22
21
21
17
20
17
17
20
22
22
16
17
17
17
19
21
20
20
19
18
20
15
13
15
17
23
24
21
22
27
26
29
36
34
33
34
34
33
31
36
31
29
34
33
37
32
29
28
34
27
23
27
26
34
29
31
26
30
28
28
28
28
29
30
28
28
28
26
31
31
28
24
28
29
26
18
23
16
11
17
21
17
16
18
10
12
14
15
15
17
12
13
13
12
14
13
13
16
15
16
18
14
13
17
15
12
16
17
13
11
18
15
10
15
20
18
14
21
23
19
17
18
19
16
14
13
17
12
15
19
16
14
19
18
17
23
25
18
21
21
21
22
17
19
24
17
11
18
22
20
24
21
22
18
15
21
17
14
11
19
12
8
15
11
13
14
17
16
18
13
14
20
18
10
13
15
9
7
11
9
10
15
15
12
10
18
17
14
14
21
19
16
16
21
17
14
19
22
21
18
17
19
20
16
18
18
13
16
17
13
12
17
24
20
14
20
22
17
21
25
24
17
21
30
24
17
24
27
15
19
19
14
16
15
21
17
14
18
19
13
16
20
16
17
22
22
18
16
19
17
16
19
17
9
9
15
13
10
13
11
11
9
4
4
6
0
1
4
7
16
7
5
11
13
0
4
17
5
-2
12
20
2
6
18
10
-1
7
8
3
4
9
12
11
10
18
17
9
13
18
13
17
21
17
12
7
8
5
7
12
15
14
7
16
22
11
13
14
17
17
14
17
16
19
14
14
26
29
18
19
30
23
16
18
22
18
9
19
13
9
11
16
11
3
11
9
-3
5
11
-1
5
13
7
2
18
12
7
9
20
7
2
18
12
7
14
17
15
18
20
18
9
20
17
7
15
24
9
3
21
20
9
11
16
11
11
17
20
8
9
16
10
6
10
12
9
7
7
10
7
7
9
9
-2
7
14
3
7
19
17
4
11
23
20
0
13
22
5
1
12
8
-4
4
10
8
5
7
9
6
-6
0
9
4
-6
8
2
-12
-1
7
7
-4
7
14
-1
-1
11
8
-3
-3
6
-4
-8
6
-1
-1
2
4
0
-3
5
0
-11
5
7
-13
-4
16
-3
-5
5
13
5
-11
13
22
-5
-5
29
14
-10
12
28
7
-14
11
19
-9
-7
12
8
-8
-5
15
3
-16
5
23
-8
-7
19
6
-11
5
5
4
-10
-3
6
1
-3
-1
1
-1
-6
-1
-1
-9
-11
-4
-1
-13
-17
-3
2
-19
4
14
4
1
14
19
10
14
16
15
10
19
14
10
8
11
13
-3
-1
21
8
-15
14
22
-12
7
16
9
11
12
19
4
13
15
3
6
7
0
0
4
-3
-7
1
4
-3
-9
3
3
-27
5
20
-14
0
20
3
-11
12
6
-5
5
10
-9
-2
7
-1
-12
14
6
-9
-1
6
3
-16
-1
8
-16
-5
22
9
-10
7
22
1
-3
16
6
-1
1
12
9
3
18
8
9
11
13
8
12
10
23
3
-6
21
5
-10
7
12
-9
-9
10
3
-20
1
16
-6
-20
6
15
-15
-21
25
-5
-32
19
18
-16
-3
27
-1
-17
5
11
-9
-16
-3
-1
-2
-11
-1
6
-2
-5
9
5
2
3
1
13
8
-4
10
11
2
-9
2
2
-17
-5
-10
-12
-17
-7
-3
-5
-13
4
9
-11
-7
25
1
-20
16
17
-6
-2
24
0
-14
19
7
-17
2
18
-7
-11
14
4
-20
-1
6
-16
-16
5
6
-15
-2
12
2
-7
0
15
-8
-19
21
1
-9
-1
19
-5
-4
14
10
0
-1
15
-2
3
0
6
2
-6
-1
14
-14
7
26
-5
11
18
6
14
27
7
14
23
15
1
13
20
4
-4
20
13
-13
3
20
4
-8
-3
32
5
-21
35
33
-15
5
51
12
-30
37
50
-33
-13
59
27
-27
16
38
7
-19
24
38
-25
-1
23
7
-3
2
19
18
-12
7
17
-6
-17
21
7
-18
3
-8
-2
-3
-28
-12
-4
-17
-25
-7
8
-28
-27
15
7
-39
6
35
-18
-16
18
24
-1
-25
15
29
-15
-23
8
19
-26
-30
27
-8
-36
0
11
-23
-22
8
7
-15
-9
26
0
-1
9
18
2
0
12
-8
13
14
-18
0
35
-12
-32
34
11
-42
-2
35
-5
-34
24
18
-28
-5
33
7
-9
12
26
10
11
15
14
11
22
22
7
18
11
13
13
-11
19
-1
-22
12
7
-21
-15
46
-9
-15
40
10
-1
1
34
22
9
8
29
14
1
-9
23
-1
-8
22
1
6
5
26
-3
28
16
3
27
22
6
4
37
21
-1
23
29
-14
-2
39
-3
-12
14
26
-10
-6
38
11
-24
32
38
-29
2
50
-12
-13
21
3
7
-2
-5
0
12
-1
-20
15
20
-8
-12
20
5
-23
0
8
10
-25
-15
27
-3
-36
26
26
-14
10
27
24
-19
4
32
-13
-12
23
-13
-10
12
-11
-16
-1
-7
-5
-14
6
4
-12
-11
4
9
-10
-23
21
14
-40
9
24
-12
-32
43
9
-20
4
24
16
-20
4
17
-7
-21
22
-1
-14
9
2
-17
16
7
-30
1
18
-29
-14
33
-13
-15
18
-2
-24
14
-17
-5
-3
4
-2
-10
-2
1
3
-39
0
8
-28
-39
7
-15
-39
-9
2
-24
-32
-6
-33
-27
-24
-22
-38
4
-2
-37
-17
6
-10
-33
-12
14
-19
-34
13
3
-37
-23
6
-17
-35
-16
4
-40
-10
5
-18
-11
-19
14
-5
-12
8
15
-24
-2
33
-25
-4
6
7
-13
-26
7
-4
-20
1
-13
-3
-11
-20
-17
-14
9
-34
-17
5
-10
-23
-12
9
-32
0
-10
-21
2
-6
-17
-4
-5
16
-8
-24
6
6
-34
-30
27
-22
-40
0
1
-38
-48
10
9
-64
-2
30
-31
-41
25
8
-37
-8
12
-8
-40
-4
8
-23
-28
0
-6
-33
-13
12
-36
-24
19
-30
-28
5
-15
-41
0
9
-22
-28
8
20
-33
-36
27
11
-56
-10
39
-43
-55
32
-10
-64
4
34
-42
-53
15
8
-68
-21
21
-39
-31
-4
4
-29
-32
23
-18
-28
6
-7
-3
-20
-11
-9
9
-20
-16
18
-18
-23
4
-18
-7
-8
-7
-18
-23
37
-37
-25
37
1
-28
16
3
-9
-1
-9
-7
31
-24
-45
63
-16
-70
25
23
-53
-33
28
-11
-44
1
-7
-4
-35
5
1
-13
-2
-17
-9
5
-2
-36
-1
10
-24
-40
3
2
-48
-10
-16
-8
-58
-9
-6
-35
-45
6
-7
-58
-3
11
-35
-30
0
-7
-30
-9
-1
-28
-35
-1
-11
-49
-13
-6
-55
-43
9
-59
-52
5
-39
-44
-9
-12
-37
-22
-12
-10
-23
-27
-8
5
-40
-21
9
-11
-40
-20
23
-44
-38
3
-15
-41
-24
-10
-40
-18
-22
-33
-27
-29
-20
-35
-13
-32
-35
5
-36
-51
-4
-16
-43
-40
4
-34
-46
-18
-19
-49
-16
-23
-21
-21
-29
-30
5
-41
-39
19
-29
-46
-1
5
-54
-10
7
-21
-35
-5
-1
-35
-20
3
-17
-20
-5
1
-26
-6
0
-14
-11
8
-8
-17
-2
9
-46
11
6
-41
-8
5
-28
-9
19
-39
18
-3
-10
5
-19
-10
15
-11
-26
0
22
-21
-33
23
4
-30
-23
27
-13
-37
22
-8
-5
-10
9
-9
3
27
-45
24
11
-22
-11
2
-1
-42
1
16
-26
-13
-1
21
-27
-33
52
-18
-49
35
7
-29
4
21
9
-14
-6
7
0
-33
10
16
-43
20
-12
-5
-4
-19
-18
27
-11
-44
8
27
-37
-36
33
-10
-38
-5
21
-16
-23
-2
0
-14
-16
-10
-19
-17
-25
-20
-9
-27
-4
-21
-16
-21
-12
-18
-24
-10
-32
-12
-14
-36
-23
-11
-30
-23
-13
-45
-8
-12
-38
-21
21
-38
-31
15
4
-61
-28
22
-30
-77
20
32
-81
-8
37
-7
-47
9
44
-42
-49
52
0
-58
6
18
-11
-19
6
9
-20
-20
8
14
-22
-2
22
17
-27
-1
13
5
-4
-16
36
9
-23
14
36
-4
-19
32
41
-19
0
45
6
-35
13
46
-9
-24
32
6
-7
13
15
-5
23
24
-30
11
37
-16
-42
39
24
-58
19
41
-32
-28
65
-12
-18
42
23
-16
33
25
-7
32
21
7
25
19
20
6
17
34
-7
37
34
-6
22
23
-14
8
12
3
0
5
-8
14
-11
-16
1
16
-7
1
14
-14
-7
17
19
-30
30
7
-24
8
11
-9
-20
16
16
-27
-4
23
-20
-21
21
1
-27
25
-5
-28
22
0
-21
-3
31
-25
-11
16
0
-35
12
-8
-17
-14
-25
10
-17
-27
-18
14
-39
-8
7
-26
-7
-5
-8
-10
-20
16
-4
-34
12
8
-35
13
18
-8
-15
18
5
-10
6
-2
7
-4
12
-11
-5
9
-18
-5
6
-4
-16
14
-9
2
4
13
-2
19
-6
9
23
-13
-7
23
14
-8
18
7
-5
16
1
19
35
-16
51
40
-13
32
70
-6
-5
55
27
-34
25
41
-1
-11
43
1
13
8
22
32
1
9
27
27
-9
12
41
-12
1
12
36
-18
20
36
2
16
14
32
-2
51
23
-9
50
27
-22
40
35
0
1
43
26
-32
30
45
-11
-9
51
0
-33
31
6
-22
3
6
-10
3
-6
5
-13
-15
21
-14
-13
5
19
-24
-15
28
-12
-41
22
25
-63
2
32
-40
-36
32
17
-49
-5
17
-16
-40
7
-8
-39
-9
-8
-8
-8
-12
-16
27
-38
-23
33
-11
-46
9
21
-60
-38
37
-29
-63
29
-33
-49
20
-7
-53
8
11
-35
-22
1
-2
-42
-5
-6
-5
-24
-3
-13
14
-33
-33
39
-32
-32
23
14
-50
26
4
-16
23
-9
-4
17
7
-18
9
-14
57
-25
-7
45
9
-10
7
51
8
-5
16
48
-1
1
25
35
2
17
26
28
-1
25
30
15
39
13
36
32
10
33
34
25
14
16
69
-13
23
47
22
13
28
52
18
23
18
66
1
-2
56
57
-11
21
66
23
5
34
67
-5
47
39
19
35
39
31
6
53
36
6
58
17
24
58
18
34
59
9
4
84
3
-22
90
34
-14
44
56
-7
21
32
25
7
16
31
16
16
-6
33
23
-21
10
28
-1
-8
1
25
6
-28
28
37
-32
-2
14
-4
-9
-15
-16
23
-20
-55
42
2
-87
13
59
-61
-36
51
-11
-27
-2
6
7
-4
-11
-6
38
-12
-51
53
20
-72
31
60
-47
-12
50
-6
-26
17
16
-1
6
-19
20
-6
-27
-4
7
-11
-14
-4
-5
-24
-1
6
-14
-10
-7
34
-42
4
-10
22
-12
-18
28
-18
12
-37
7
16
-23
-22
9
18
-30
-3
27
11
-27
35
15
-4
-8
42
-12
2
35
-26
30
4
28
-28
21
35
15
-9
16
47
0
16
11
34
24
-3
33
24
10
32
18
22
32
29
12
29
28
41
30
4
63
49
-17
35
83
-13
-10
76
39
-43
53
70
-33
15
69
17
-31
72
29
-23
40
49
-15
-1
71
-4
-34
41
18
-10
9
8
17
-4
18
-18
9
19
-21
0
18
11
-16
-7
29
-18
-31
33
-7
-32
30
-12
-60
28
18
-72
12
42
-52
-11
37
5
-36
3
35
-23
-23
23
-18
-28
7
9
-35
7
10
-41
21
-11
-18
11
-11
-5
-10
25
-16
-41
42
13
-51
5
48
-47
4
18
-28
-7
15
-25
-41
34
7
-51
0
58
-54
-6
73
-42
-33
57
27
-57
11
59
-31
-28
56
9
-44
46
21
-27
-1
46
-6
-28
8
35
15
-52
51
44
-42
12
41
1
14
9
18
37
-30
32
13
-5
6
28
0
15
20
7
45
6
8
11
42
20
-12
31
42
2
11
18
50
1
-17
83
-6
-7
61
19
-23
46
40
-9
23
56
-23
33
46
-29
20
69
-18
-33
91
11
-35
44
67
-30
18
41
12
13
23
45
1
18
26
1
20
5
31
6
-4
48
0
-8
18
22
-20
-1
39
-31
22
-6
0
42
-33
-13
63
-4
-63
40
28
-37
-1
33
-14
6
21
-27
39
0
-20
39
-31
2
20
-27
-1
2
-6
-13
-2
10
-10
26
-22
-8
36
-18
-7
-6
22
-3
-16
-12
20
-26
-31
9
-3
-28
14
-28
-24
18
-25
-15
-9
33
-46
-18
30
-26
-7
-8
-3
-1
-28
-9
23
-15
-13
13
4
-16
-12
36
-16
-7
40
-8
-6
23
-18
16
-7
-8
35
-22
-5
23
-11
-9
23
-12
6
31
-11
-4
43
-15
-13
47
12
-10
23
27
7
3
-10
25
15
-33
53
8
-15
39
22
-10
41
45
-23
29
43
23
-19
39
30
11
-5
32
24
-29
23
45
-21
34
34
7
26
23
10
29
34
-18
49
19
4
28
31
-11
39
12
16
28
20
9
25
23
10
19
47
10
17
38
24
7
12
55
16
-22
37
46
-45
13
36
10
-24
11
59
-29
-11
50
5
-48
67
-15
-24
30
1
-14
-5
25
-27
-22
2
4
-21
-5
3
-1
-2
-11
-7
10
9
-32
37
-3
-56
40
-22
-45
-9
5
-48
-37
17
-13
-47
-8
53
-67
-23
50
-40
-8
-17
5
-24
-30
6
-29
-7
-14
-35
-7
-13
-15
-32
-8
-25
5
-31
-51
25
-12
-82
26
-15
-40
-29
-21
32
-62
-20
41
-31
-58
50
-28
-34
8
-7
-35
-27
21
-28
-40
7
13
-59
9
12
-32
11
-10
27
-23
13
40
-23
17
43
-27
-12
65
-62
49
-2
-9
42
0
-8
30
48
-20
-3
69
11
-40
72
16
-6
13
59
-16
-13
78
10
-48
78
21
-38
47
10
9
5
-17
49
-1
-14
30
30
18
12
33
44
0
18
36
29
11
42
15
44
21
42
4
16
74
-17
-13
86
-13
11
28
18
27
-14
41
-1
17
18
1
15
34
-53
41
43
-68
60
14
-40
11
26
-42
-6
24
-44
-2
25
-56
2
31
-68
16
6
-37
-30
17
-1
-107
45
10
-123
53
17
-113
-2
67
-108
-15
62
-69
-41
30
-23
-47
-3
14
-40
9
-5
-17
10
-14
-14
14
-5
-15
-17
44
-22
-28
64
-20
-35
52
-1
-41
27
17
-66
57
17
-97
51
29
-74
27
28
-32
-5
33
12
-25
7
27
-11
6
8
-5
19
-23
9
31
-29
-20
35
4
-25
25
1
19
-18
8
76
-32
48
21
46
6
20
55
-10
13
6
2
-46
14
-43
-6
15
-30
-1
19
14
-3
47
28
47
34
44
70
-4
33
64
19
16
35
34
24
25
32
46
10
55
21
29
51
10
32
53
10
28
43
11
37
6
1
39
-14
27
33
0
46
20
12
38
26
-5
42
19
20
26
22
24
3
47
16
-6
42
14
-37
59
-3
6
10
-6
32
-14
6
27
-1
-10
18
-1
3
-3
-5
38
-41
11
37
-32
-10
38
-25
1
24
-19
-5
-24
27
-34
-30
11
4
-59
21
9
-47
-2
24
-1
-27
32
15
-32
-5
6
-15
-11
-11
1
7
-14
-26
58
14
-25
48
20
-8
21
-3
-7
23
-22
7
10
-23
-20
23
-20
-17
-1
1
16
-17
9
13
22
17
14
42
28
-9
49
56
15
-1
38
34
-25
39
-5
0
-4
-40
27
-3
-32
7
5
28
-4
-23
65
9
-4
44
8
6
-11
5
16
3
-10
-19
35
4
-37
20
19
-7
-9
58
9
-15
58
28
7
16
42
16
3
29
28
18
-6
-2
33
-18
-15
46
16
-3
30
44
3
38
49
10
18
50
21
25
48
16
18
1
12
11
-14
-8
23
9
-28
8
14
-11
9
18
-9
7
-6
-5
25
5
-19
19
38
-13
9
19
0
-6
22
0
-11
-8
-8
0
4
-13
12
24
-24
0
15
-19
-29
18
22
-17
14
4
-5
21
12
26
6
18
38
-6
-1
-1
-21
4
-1
8
1
-16
0
3
2
11
21
16
18
18
20
4
15
21
14
11
12
3
-7
-14
-3
1
-24
2
8
-25
-4
3
-26
-13
-9
3
3
11
10
-7
12
11
-3
27
31
1
7
26
7
-6
23
13
-6
19
1
-11
5
-11
-5
-2
1
-3
-20
1
4
-6
0
-3
-6
4
12
10
11
4
6
10
5
-4
5
-13
-26
-6
-26
-31
-45
-32
-24
-39
-41
-31
-41
-63
-31
-21
-33
-38
-16
-2
-8
-9
16
14
-14
5
18
11
5
25
12
12
24
4
5
-1
-7
-5
-4
-14
-5
8
11
17
22
17
31
47
56
69
72
91
85
95
111
98
108
120
112
107
111
101
97
82
89
92
66
61
72
50
41
45
48
41
25
48
32
22
28
19
13
21
9
13
11
-4
-6
0
-11
-33
-24
-34
-39
-51
-48
-67
-73
-70
-82
-87
-91
-89
-107
-108
-108
-107
-95
-85
-78
-65
-59
-66
-59
-47
-49
-40
-27
-30
-49
-52
-67
-75
-64
-78
-97
-131
-129
-124
-134
-137
-133
-136
-132
-116
-107
-125
-146
-127
-144
-166
-166
-192
-214
-152
-51
61
123
127
141
187
234
257
324
343
313
326
346
284
176
147
98
46
43
27
-59
-140
-168
-176
-178
-150
-127
-108
-80
-50
-3
15
56
91
141
196
212
226
222
192
176
194
185
158
123
72
33
12
-3
-16
-14
-34
-46
-46
-54
-53
-45
-40
10
43
55
72
76
81
80
103
132
122
113
122
94
73
52
30
9
4
3
-34
-49
-69
-88
-95
-94
-99
-103
-117
-112
-109
-128
-110
-99
-108
-78
-68
-85
-71
-70
-62
-53
-54
-50
-54
-55
-58
-76
-93
-99
-109
-122
-131
-151
-179
-204
-225
-244
-246
-256
-262
-266
-269
-255
-259
-274
-276
-254
-182
-95
-10
92
210
282
271
297
382
386
380
415
426
330
253
236
148
10
-31
-42
-108
-164
-177
-214
-292
-282
-226
-167
-141
-81
4
36
75
135
209
228
256
301
313
284
247
214
179
133
83
48
-23
-103
-165
-192
-218
-249
-245
-232
-233
-237
-222
-172
-143
-100
-44
46
108
151
196
225
240
252
283
309
284
234
210
164
98
45
1
-27
-66
-96
-104
-134
-147
-142
-109
-71
-37
2
39
61
87
130
151
154
158
145
116
78
32
-3
-51
-94
-130
-161
-200
-228
-238
-229
-233
-212
-183
-167
-139
-111
-85
-85
-60
-36
-18
-5
-16
-35
-53
-72
-87
-111
-138
-175
-186
-179
-175
-208
-251
-273
-298
-297
-281
-199
-42
141
203
173
173
245
307
338
409
431
384
328
324
254
102
6
-12
-24
-64
-104
-173
-260
-299
-245
-171
-116
-97
-51
-4
39
105
173
217
239
269
290
291
235
185
144
120
89
67
-1
-112
-192
-224
-242
-251
-228
-201
-194
-216
-210
-158
-99
-68
-20
74
126
117
141
190
212
221
248
284
254
193
171
150
106
61
53
31
-31
-62
-78
-101
-104
-81
-63
-42
-27
-5
11
48
97
130
170
193
178
161
160
124
93
69
43
-11
-64
-113
-157
-200
-225
-223
-225
-227
-222
-203
-192
-160
-105
-60
-42
-21
2
10
1
-16
-35
-55
-47
-82
-138
-180
-203
-225
-233
-250
-252
-247
-265
-279
-283
-277
-261
-225
-79
191
359
282
172
261
391
406
431
500
435
285
241
257
135
-59
-126
-90
-104
-172
-224
-287
-353
-320
-188
-56
-33
-36
26
108
169
262
347
351
315
315
331
281
195
128
81
11
-40
-87
-200
-332
-368
-336
-302
-292
-269
-226
-223
-232
-152
8
74
67
134
230
226
175
193
221
203
197
230
201
98
-1
-22
-18
-29
-62
-81
-91
-103
-94
-64
-32
-17
17
53
96
92
85
116
160
184
198
203
156
110
83
74
57
24
-2
-44
-94
-140
-167
-191
-208
-195
-185
-187
-195
-194
-179
-152
-109
-63
-50
-50
-29
-8
18
20
19
8
1
-13
-63
-99
-132
-156
-184
-204
-221
-232
-237
-256
-274
-276
-263
-251
-237
-229
-196
-61
152
329
366
310
301
386
462
471
450
403
315
231
189
113
-29
-170
-207
-189
-191
-240
-290
-317
-303
-218
-86
23
60
90
174
268
327
372
386
362
323
321
298
218
108
14
-46
-96
-155
-230
-301
-358
-371
-325
-270
-226
-190
-143
-94
-24
79
161
188
196
244
287
278
237
208
175
126
73
44
-7
-88
-140
-144
-138
-153
-174
-162
-121
-79
-14
67
115
137
160
216
257
250
243
228
207
192
175
126
65
4
-37
-69
-97
-121
-158
-186
-196
-187
-164
-162
-165
-151
-125
-90
-64
-34
-12
-5
12
33
42
37
33
34
12
-11
-28
-49
-90
-132
-169
-183
-201
-221
-233
-248
-251
-254
-228
-204
-198
-188
-178
-163
-148
-138
-147
-156
-101
83
301
395
313
222
254
339
349
314
304
245
144
100
80
-8
-166
-258
-218
-163
-177
-225
-245
-224
-184
-76
61
139
153
176
249
335
374
375
355
309
268
240
203
115
-4
-98
-142
-172
-211
-280
-335
-350
-309
-255
-187
-116
-70
-46
-2
100
196
229
220
235
279
289
241
181
133
63
-17
-41
-30
-80
-152
-179
-177
-168
-164
-135
-80
-22
16
65
149
210
212
222
264
276
255
235
211
161
103
63
36
-15
-81
-126
-143
-135
-145
-155
-153
-138
-110
-84
-53
-31
-26
-19
2
29
24
-8
-16
-23
-47
-70
-78
-79
-91
-111
-120
-122
-140
-162
-175
-180
-173
-169
-166
-168
-162
-170
-177
-174
-164
-133
-121
-129
-131
-126
-139
-167
-190
-197
-200
-136
49
277
324
173
77
164
270
274
274
308
268
166
108
104
47
-96
-162
-93
-29
-73
-153
-166
-156
-137
-50
83
151
130
131
195
270
303
302
274
231
182
156
137
94
-5
-103
-141
-136
-164
-223
-266
-278
-253
-213
-125
-52
-33
-53
-39
56
163
183
151
153
199
204
154
122
92
23
-49
-17
48
10
-96
-138
-110
-93
-90
-44
2
33
42
95
195
224
184
170
224
250
229
191
163
117
70
51
48
30
-34
-91
-93
-68
-76
-96
-98
-96
-88
-66
-31
-6
-26
-54
-39
-10
-4
-40
-70
-79
-95
-103
-90
-88
-101
-128
-124
-83
-69
-98
-131
-132
-116
-127
-140
-138
-143
-183
-206
-185
-171
-177
-192
-186
-179
-199
-218
-205
-203
-219
-182
-8
271
420
312
157
204
322
343
325
349
347
234
112
99
89
-60
-232
-239
-140
-123
-208
-271
-255
-220
-172
-66
77
151
119
118
215
314
334
292
268
259
226
182
151
90
-21
-133
-170
-158
-193
-267
-329
-335
-306
-263
-191
-99
-77
-120
-85
63
161
139
124
180
225
189
155
177
156
57
3
73
112
22
-87
-107
-69
-61
-77
-47
-1
-17
-26
63
166
174
118
100
150
192
186
164
158
153
113
76
87
76
7
-67
-58
-15
-31
-94
-131
-118
-111
-125
-106
-75
-84
-126
-125
-88
-56
-59
-81
-79
-70
-76
-66
-41
-38
-74
-97
-60
-48
-85
-132
-133
-111
-114
-137
-141
-147
-183
-218
-207
-170
-171
-198
-198
-175
-178
-206
-222
-210
-199
-157
24
287
393
268
157
219
327
339
321
376
406
314
189
165
178
56
-136
-187
-110
-69
-129
-208
-214
-198
-209
-188
-79
38
57
42
102
220
276
229
163
172
211
215
191
181
151
47
-69
-123
-110
-136
-208
-247
-231
-205
-188
-189
-209
-228
-197
-117
-41
14
48
78
78
56
72
115
145
162
178
196
181
127
73
60
57
19
-4
15
42
24
-6
0
11
-6
-7
10
51
90
87
85
108
133
123
106
107
110
104
93
91
78
28
-48
-95
-85
-79
-104
-134
-151
-164
-183
-195
-181
-167
-166
-166
-143
-94
-55
-59
-64
-58
-41
-21
4
11
-8
-33
-40
-40
-57
-92
-129
-148
-171
-185
-189
-197
-222
-246
-274
-281
-264
-268
-281
-263
-153
58
244
281
234
235
301
344
354
385
441
457
409
342
316
283
159
11
-58
-48
-52
-103
-155
-163
-173
-211
-236
-196
-121
-89
-90
-36
64
136
122
88
108
152
163
152
185
228
217
151
87
59
29
-32
-87
-103
-72
-64
-113
-178
-205
-207
-222
-243
-223
-147
-97
-105
-101
-54
9
22
17
62
149
201
186
193
229
237
195
162
174
194
177
133
116
123
93
13
-54
-67
-52
-61
-75
-60
-31
-31
-60
-61
-35
-9
-7
6
47
79
63
23
10
24
31
1
-32
-35
-46
-80
-113
-110
-103
-137
-184
-177
-131
-104
-103
-105
-97
-83
-82
-83
-87
-86
-81
-76
-65
-40
-25
-36
-66
-98
-94
-80
-79
-95
-108
-112
-132
-171
-199
-202
-214
-229
-209
-132
-35
5
-5
13
69
122
149
173
216
256
268
277
298
313
297
248
201
166
130
91
60
51
36
7
-21
-42
-63
-82
-90
-100
-100
-87
-60
-48
-41
-18
8
19
21
33
56
74
76
59
65
85
89
77
56
45
37
15
-7
-10
-4
-26
-57
-62
-50
-35
-53
-64
-56
-28
-14
-7
10
22
42
45
57
74
82
74
69
82
108
128
119
82
50
45
43
40
39
52
48
28
29
51
80
73
51
44
56
72
64
61
65
49
29
24
26
10
-21
-56
-76
-92
-99
-109
-128
-142
-153
-160
-155
-141
-138
-146
-161
-150
-123
-94
-96
-98
-81
-64
-60
-63
-59
-48
-48
-57
-53
-48
-53
-67
-77
-85
-93
-95
-98
-107
-105
-111
-129
-148
-161
-169
-177
-158
-116
-68
-21
5
27
61
90
107
115
128
154
178
189
180
179
196
188
154
134
128
116
84
55
50
50
35
23
37
55
47
31
32
41
46
41
35
47
59
46
36
36
30
10
-16
-21
-22
-36
-55
-59
-51
-44
-45
-50
-36
-20
-20
-25
-13
7
31
44
53
70
83
91
85
74
73
62
55
51
53
64
59
45
35
34
27
36
47
50
62
76
87
98
110
110
105
105
110
113
113
121
113
104
89
72
54
33
22
3
-20
-39
-45
-59
-72
-87
-94
-97
-97
-98
-101
-105
-104
-104
-105
-97
-95
-97
-91
-86
-80
-74
-78
-79
-87
-93
-100
-102
-99
-83
-75
-78
-82
-82
-76
-71
-61
-63
-60
-54
-59
-69
-73
-77
-76
-75
-77
-87
-98
-94
-87
-88
-68
-33
-12
1
14
36
55
66
75
94
114
125
131
141
148
146
137
124
126
128
112
105
108
108
100
88
81
75
59
40
29
24
11
-1
-11
-13
-12
-18
-26
-28
-21
-23
-22
-21
-12
-4
-2
5
15
22
27
21
21
27
20
7
-8
-13
1
14
5
2
4
14
19
19
26
28
29
37
58
80
89
84
84
95
114
115
104
112
117
112
101
101
111
111
96
73
68
60
42
29
27
24
10
-2
-5
9
9
-5
-23
-20
-17
-28
-30
-31
-36
-51
-62
-64
-55
-56
-70
-87
-90
-93
-103
-106
-115
-122
-119
-108
-97
-95
-92
-94
-94
-85
-69
-62
-55
-43
-43
-44
-40
-40
-41
-49
-48
-38
-29
-31
-41
-36
-40
-43
-55
-67
-72
-84
-87
-83
-61
-38
-33
-24
-9
10
22
21
26
45
68
88
109
123
134
136
134
136
140
134
123
114
107
110
113
108
80
59
56
39
27
18
14
12
-3
-10
-3
10
14
2
9
25
31
29
27
33
42
39
35
44
54
52
42
36
26
13
0
-9
-12
-21
-27
-30
-17
-2
11
14
22
23
29
41
58
77
91
94
98
110
121
131
128
117
106
100
90
84
78
69
60
47
42
43
40
30
21
23
23
23
25
31
37
30
18
10
3
2
-2
-10
-16
-23
-26
-40
-51
-54
-59
-80
-97
-88
-76
-76
-80
-71
-61
-63
-66
-62
-48
-46
-47
-46
-35
-25
-10
-8
-12
-2
-2
-17
-24
-11
-11
-19
-20
-24
-24
-30
-40
-44
-45
-43
-50
-64
-76
-85
-97
-109
-104
-91
-75
-60
-49
-26
-7
15
27
44
73
87
93
109
139
154
152
148
150
146
128
114
103
94
86
80
78
80
72
57
56
61
65
49
43
47
53
54
51
56
56
58
45
42
39
35
26
9
6
5
1
-3
-8
-12
-7
-14
-22
-21
-15
-10
-11
-1
22
33
27
30
36
40
41
44
39
40
40
46
47
48
50
40
35
39
43
41
36
31
45
49
57
60
59
55
48
49
47
46
47
34
31
32
31
26
13
0
-10
-23
-35
-33
-33
-26
-48
-63
-60
-64
-76
-77
-74
-68
-64
-51
-9
-30
-45
-43
-41
-47
-56
-66
-77
-79
-70
-59
-69
-66
-65
-63
-58
-46
-38
-39
-32
-24
-28
-39
-57
-64
-57
-58
-58
-52
-53
-70
-83
-89
-94
-98
-103
-92
-73
-40
3
43
73
91
101
115
130
135
151
173
189
191
202
211
207
175
145
122
105
94
77
70
68
68
55
48
46
39
31
33
38
42
42
47
55
54
48
41
35
23
21
11
12
12
15
8
1
3
11
12
7
5
1
7
12
20
21
23
30
35
38
42
43
39
43
48
56
57
57
49
49
42
39
38
39
34
35
55
49
51
50
53
47
48
56
57
54
51
55
53
52
40
31
26
24
15
3
3
-9
-33
-48
-56
-70
-84
-82
-80
-78
-88
-95
-88
-94
-102
-107
-95
-84
-77
-68
-57
-46
-44
-52
-48
-43
-45
-40
-41
-44
-48
-55
-69
-76
-87
-95
-100
-103
-103
-106
-95
-93
-94
-88
-86
-94
-107
-113
-112
-115
-117
-117
-81
-10
63
110
128
147
175
206
225
240
253
275
296
294
283
270
246
200
142
98
74
56
36
16
0
-8
-27
-53
-69
-75
-72
-65
-45
-17
14
37
50
48
54
62
69
76
85
108
119
111
94
85
73
52
26
13
-2
-13
-23
-34
-43
-60
-83
-87
-75
-40
-4
16
39
55
72
81
88
102
117
137
152
168
177
170
145
118
88
73
66
46
33
23
14
11
0
-10
-15
-18
-13
-9
10
24
29
28
20
19
13
5
-5
-15
-23
-27
-37
-57
-77
-97
-120
-136
-135
-128
-116
-110
-107
-111
-106
-99
-89
-88
-77
-57
-47
-37
-38
-37
-42
-55
-61
-65
-68
-69
-70
-74
-81
-76
-73
-74
-75
-67
-59
-52
-57
-70
-93
-109
-117
-126
-125
-93
9
133
209
206
178
190
226
248
263
286
322
332
291
246
213
184
105
11
-38
-29
-2
-13
-46
-77
-101
-114
-128
-104
-53
-5
31
57
90
127
133
108
86
98
129
152
155
144
122
81
15
-41
-64
-76
-83
-99
-88
-78
-88
-123
-148
-140
-121
-102
-74
-17
37
72
90
120
139
153
151
160
173
196
212
191
164
133
101
61
29
12
13
16
4
-21
-35
-39
-45
-52
-40
-7
39
76
98
116
114
109
84
72
75
84
82
48
12
-18
-47
-89
-127
-147
-166
-167
-166
-161
-156
-159
-164
-172
-161
-133
-102
-81
-64
-47
-26
-14
-19
-34
-46
-51
-50
-56
-64
-62
-72
-89
-116
-126
-122
-111
-100
-94
-80
-63
-59
-71
-80
-86
-94
-93
-81
-64
-52
-35
45
185
271
249
206
214
265
311
321
322
324
320
253
172
121
89
42
-32
-67
-65
-46
-66
-112
-146
-135
-103
-67
-23
35
82
105
114
129
157
166
148
125
126
146
141
95
30
-15
-50
-91
-119
-116
-107
-120
-128
-116
-99
-86
-89
-89
-50
12
59
91
116
132
121
105
124
166
213
209
178
145
122
101
77
57
44
45
48
31
20
14
4
-13
-17
6
46
80
80
79
84
102
120
124
112
110
102
83
70
57
38
4
-42
-73
-74
-62
-74
-103
-126
-140
-141
-146
-146
-139
-118
-107
-100
-85
-68
-49
-61
-75
-71
-50
-34
-35
-54
-59
-53
-62
-76
-89
-83
-79
-85
-104
-107
-101
-94
-91
-83
-62
-41
-29
-22
-13
-9
-3
-9
-14
-23
-34
-51
-78
-82
-12
130
249
247
163
121
154
210
234
236
248
248
218
147
84
52
25
-18
-50
-40
-10
-17
-64
-102
-91
-46
-6
25
47
74
84
80
72
81
75
51
32
34
56
56
9
-60
-97
-86
-82
-100
-102
-96
-86
-83
-62
-24
4
-7
-30
-4
59
101
95
90
78
65
47
39
63
96
102
86
69
68
64
52
44
45
58
70
72
70
65
64
64
65
78
82
82
76
71
74
83
84
78
66
56
49
31
14
4
3
1
-14
-31
-59
-74
-86
-94
-100
-94
-94
-105
-117
-122
-120
-113
-108
-106
-97
-87
-70
-61
-63
-61
-53
-46
-38
-35
-37
-31
-30
-43
-42
-41
-32
-47
-60
-73
-76
-61
-53
-58
-57
-42
-31
-18
-18
-4
10
24
21
3
-22
-40
-57
-80
-73
-1
138
229
214
118
75
111
178
205
201
214
217
187
124
63
16
-5
-23
-13
17
44
17
-38
-68
-44
10
37
50
59
84
92
101
101
99
86
53
54
72
86
65
14
-36
-46
-39
-43
-64
-74
-72
-55
-30
0
26
32
15
3
56
118
134
101
72
71
76
60
51
58
67
70
58
59
58
46
16
8
25
57
70
58
47
49
61
63
53
52
63
76
78
69
73
76
78
72
68
67
53
32
18
20
20
10
-27
-67
-86
-92
-93
-109
-119
-113
-113
-112
-107
-107
-106
-107
-100
-87
-61
-48
-47
-53
-57
-42
-29
-24
-30
-35
-29
-14
-22
-36
-51
-66
-63
-56
-56
-64
-77
-85
-74
-61
-52
-48
-41
-33
-25
-16
-3
12
24
20
8
-14
-43
-67
-98
-112
-92
-6
98
160
121
53
53
120
182
194
184
186
194
176
129
65
29
26
32
40
41
18
-34
-66
-60
-22
8
19
23
32
59
78
77
76
80
80
89
104
104
80
43
9
0
7
6
-21
-56
-68
-51
-29
-21
-24
-11
-7
-16
-8
24
51
41
23
34
54
38
3
-14
9
47
58
40
32
32
30
24
26
35
50
53
35
34
37
37
25
23
45
65
55
27
18
22
41
49
51
54
49
33
18
9
13
15
0
-22
-33
-41
-59
-83
-88
-89
-81
-77
-87
-99
-97
-85
-78
-75
-70
-63
-60
-52
-49
-46
-42
-35
-32
-28
-30
-44
-63
-76
-80
-69
-69
-80
-95
-103
-98
-94
-99
-100
-87
-78
-73
-73
-69
-59
-43
-30
-18
-8
-12
-31
-55
-65
-63
-75
-94
-94
-66
8
93
124
86
45
84
161
204
194
180
192
203
182
117
50
25
49
67
56
21
-19
-54
-62
-34
-7
3
8
27
57
88
95
75
58
73
101
110
90
62
37
11
-6
-22
-39
-59
-76
-96
-95
-75
-70
-70
-55
-23
-13
-20
-10
20
47
42
32
27
33
27
11
7
23
46
41
27
18
27
14
4
13
31
46
47
35
23
23
39
62
75
79
75
66
56
58
57
63
65
71
65
46
30
9
0
0
4
-17
-43
-70
-83
-84
-79
-81
-90
-88
-89
-92
-104
-106
-99
-91
-70
-64
-57
-61
-58
-58
-65
-59
-51
-47
-50
-57
-64
-72
-86
-91
-88
-81
-69
-83
-107
-113
-95
-76
-78
-84
-83
-65
-56
-54
-55
-38
-10
17
25
30
20
3
2
-4
-2
-18
-29
-42
-51
-46
-23
21
56
73
70
73
90
115
125
132
144
154
141
112
77
53
52
58
55
30
1
-13
-23
-25
-13
-11
-7
2
16
17
9
8
22
36
52
59
55
37
26
23
18
17
12
7
1
-7
-16
-30
-45
-42
-29
-9
-2
-10
-26
-39
-39
-36
-31
-23
-9
-5
4
11
26
33
45
55
61
68
69
78
81
77
77
68
49
44
49
47
35
24
20
22
23
15
6
-3
5
12
16
14
9
3
0
0
-6
-23
-38
-42
-42
-48
-61
-72
-78
-74
-77
-75
-82
-81
-84
-81
-79
-83
-88
-93
-92
-91
-83
-81
-82
-93
-96
-100
-93
-91
-93
-89
-79
-78
-77
-67
-60
-47
-50
-48
-32
-12
-12
-24
-26
-22
-17
-16
-14
-9
-9
-23
-38
-42
-37
-32
-34
-31
-27
-24
-37
-47
-63
-66
-57
-48
-23
9
34
39
28
31
56
75
81
94
108
120
112
74
40
31
53
67
56
33
18
14
7
-3
2
6
10
28
34
24
11
12
24
30
34
37
36
39
33
20
6
-3
6
4
-14
-29
-35
-27
-18
-13
-15
-16
-21
-20
-21
-21
-18
-13
-5
-2
2
6
15
29
36
43
49
48
45
51
57
62
58
48
34
33
34
29
26
20
13
12
10
8
5
5
3
9
9
5
1
-10
-5
4
6
0
-4
-10
-8
-5
-16
-26
-32
-31
-28
-33
-40
-48
-50
-55
-62
-63
-63
-66
-63
-66
-72
-70
-69
-71
-71
-67
-58
-51
-54
-51
-42
-28
-22
-25
-24
-20
-21
-23
-29
-33
-24
-24
-38
-50
-50
-51
-50
-55
-52
-44
-40
-34
-38
-41
-37
-40
-47
-44
-46
-50
-55
-64
-73
-83
-86
-92
-97
-105
-103
-95
-83
-65
-47
-34
-29
-16
2
17
34
47
53
63
66
54
57
58
59
54
49
43
30
25
10
1
-2
3
3
3
3
-2
-7
-4
9
16
32
38
35
38
40
35
39
37
41
37
32
33
25
21
17
14
6
-5
-13
-23
-31
-35
-36
-40
-49
-57
-55
-42
-31
-26
-21
-15
-10
3
8
7
2
6
7
8
14
10
6
1
-6
-4
-7
-9
-6
-11
-4
-2
0
6
10
15
20
27
27
34
38
36
32
36
39
30
16
13
10
3
3
-6
-14
-19
-30
-40
-46
-52
-53
-57
-61
-59
-57
-56
-56
-55
-43
-46
-51
-54
-54
-49
-50
-53
-59
-56
-54
-51
-59
-58
-54
-60
-61
-59
-55
-50
-55
-61
-64
-61
-55
-48
-46
-47
-49
-49
-50
-56
-56
-47
-36
-34
-30
-30
-28
-32
-35
-42
-43
-44
-41
-35
-31
-18
-16
-12
-9
0
14
26
30
35
40
48
48
45
45
39
41
41
39
40
40
35
36
40
39
40
42
48
51
50
56
61
63
62
56
53
54
50
49
43
31
28
19
13
6
-8
-17
-18
-22
-28
-33
-38
-38
-39
-41
-37
-38
-37
-30
-28
-26
-31
-29
-18
-14
-15
-9
-2
6
10
10
10
11
16
19
21
29
36
34
32
35
36
41
38
37
43
37
42
48
38
33
30
29
27
28
24
21
16
10
8
3
4
2
-4
-8
-13
-19
-24
-34
-35
-35
-42
-46
-49
-55
-56
-60
-61
-60
-64
-64
-64
-62
-62
-61
-68
-76
-74
-72
-76
-79
-73
-63
-58
-58
-64
-63
-54
-49
-40
-35
-28
-28
-25
-21
-19
-10
-10
-9
-11
-13
-12
-16
-14
-10
-14
-16
-17
-11
-6
-8
-11
-19
-16
-12
-17
-22
-28
-37
-43
-41
-38
-35
-30
-29
-28
-26
-9
6
8
10
17
25
31
35
42
51
57
61
60
62
57
54
54
45
38
34
34
23
21
17
17
19
18
13
5
3
6
4
5
4
1
9
6
6
5
-4
-9
-9
0
7
5
0
-2
1
1
-1
2
8
9
9
15
20
20
25
25
21
26
31
29
32
33
28
30
30
26
25
22
26
37
37
39
35
26
30
30
26
25
24
29
26
18
15
11
10
8
10
17
9
4
-2
-7
-9
-18
-26
-33
-30
-32
-42
-47
-55
-56
-50
-55
-60
-60
-53
-51
-52
-51
-52
-50
-43
-44
-49
-51
-47
-45
-52
-50
-49
-47
-46
-50
-48
-42
-38
-31
-26
-23
-26
-18
-17
-21
-13
-14
-8
-5
-8
-9
-11
-15
-12
-6
-9
-9
-14
-15
-8
-9
-7
-13
-14
-15
-7
-13
-16
-10
-12
-11
-14
-20
-23
-21
-19
-15
-19
-24
-23
-22
-25
-21
-13
-11
-8
-3
2
2
4
9
7
15
11
15
20
20
23
20
30
30
35
36
30
32
39
36
37
40
37
36
32
27
27
28
28
28
27
17
16
12
9
12
16
19
18
14
8
9
5
11
12
14
17
15
14
10
10
13
16
11
14
13
14
10
7
6
5
5
6
5
6
0
-7
-3
7
9
7
2
0
4
0
0
-4
-9
-11
-12
-24
-32
-33
-31
-38
-36
-36
-43
-45
-44
-37
-32
-33
-30
-31
-26
-26
-32
-35
-36
-33
-28
-25
-34
-34
-38
-45
-45
-46
-41
-39
-44
-43
-44
-41
-36
-34
-37
-28
-23
-25
-23
-28
-22
-15
-15
-10
-12
-23
-15
-11
-7
-3
-5
-6
-7
-8
-6
-6
-9
-10
-8
-8
-13
-16
-19
-18
-16
-16
-13
-18
-20
-20
-17
-17
-14
-13
-13
-16
-12
-14
-16
-10
-8
-10
-13
-10
-12
-7
-8
-10
-8
-7
-9
-5
-4
-3
2
2
4
4
5
12
22
16
20
23
32
34
32
27
27
29
25
32
34
33
30
28
30
25
20
23
25
30
29
29
26
28
27
24
24
21
25
20
18
16
11
9
13
12
9
15
14
12
10
11
10
14
14
12
8
2
-3
-5
-10
-12
-15
-17
-20
-23
-19
-17
-12
-17
-25
-17
-14
-13
-11
-14
-16
-20
-24
-25
-26
-28
-27
-30
-30
-32
-40
-42
-43
-50
-50
-46
-46
-48
-45
-39
-34
-36
-34
-25
-18
-11
-11
-11
-10
-9
-12
-8
-11
-12
-7
-7
-4
-11
-13
-12
-13
-3
-2
-3
1
-3
-9
-11
-8
-3
3
2
0
-2
-10
-12
-12
-8
-3
-3
-3
-4
-2
-3
-2
1
2
7
9
8
4
1
0
4
4
-2
-3
-5
-9
-10
-15
-21
-24
-30
-31
-33
-31
-28
-26
-26
-27
-22
-16
-13
-10
-8
-3
-5
-2
-1
0
2
0
9
14
13
14
14
9
14
16
16
19
20
20
20
23
22
19
19
20
22
24
19
17
18
15
12
15
15
13
20
20
19
14
14
15
13
14
12
13
7
8
5
2
-3
-6
-6
-9
-12
-13
-13
-13
-8
-7
-7
-10
-17
-20
-17
-14
-15
-23
-29
-25
-26
-27
-24
-26
-27
-29
-31
-27
-26
-18
-14
-10
-11
-10
-8
-6
-4
2
4
4
-2
0
2
1
9
5
-5
-8
-5
-6
-4
-5
-3
1
-7
-10
-11
-15
-16
-15
-7
-9
-14
-17
-14
-16
-18
-14
-19
-19
-18
-18
-21
-25
-22
-16
-17
-16
-12
-9
-14
-11
-8
-7
-4
-7
-6
-3
-9
-8
-8
-6
-4
-9
-10
-8
-6
-3
-6
-6
-7
-9
-8
-8
-5
-6
-4
-10
-11
-13
-13
-6
0
0
-3
-4
-2
-5
-13
-13
-6
-6
-9
-4
-1
-1
-3
-3
1
5
6
6
5
8
10
5
4
6
4
8
4
0
3
9
8
7
1
-1
5
2
3
6
8
7
7
5
10
12
13
17
14
19
18
15
16
13
15
15
14
11
9
11
5
3
6
5
2
2
-2
-2
-1
0
9
7
18
20
23
26
31
28
31
35
36
36
36
34
31
25
18
17
13
15
10
5
-1
0
-3
-7
-6
-7
-6
-12
-11
-9
-8
-5
-8
-8
-7
-6
-4
-6
-10
-3
-4
-7
-12
-11
-12
-13
-17
-14
-14
-12
-17
-20
-20
-21
-17
-14
-20
-23
-22
-20
-17
-21
-16
-14
-12
-12
-5
-6
-8
-8
-7
-6
-8
-11
-15
-17
-16
-20
-24
-24
-28
-28
-25
-25
-30
-23
-18
-11
-18
-14
-12
-14
-10
-12
-7
-3
-9
-5
-5
-9
-6
-9
-5
-6
-7
-9
-9
-6
-4
-7
-6
0
7
5
6
10
10
13
19
21
25
23
22
23
20
23
27
25
25
22
24
21
21
21
18
17
12
11
6
6
5
2
4
6
4
5
6
1
2
2
2
6
11
13
11
16
19
20
19
22
24
20
19
16
11
16
16
15
16
10
12
9
6
7
8
10
13
11
11
15
10
14
17
17
18
16
21
19
19
19
17
16
15
18
17
14
17
15
9
8
12
14
15
15
12
13
3
4
0
-2
1
-1
-2
-4
-7
-3
0
-1
0
-5
-3
-7
-5
-6
-10
-8
-10
-11
-14
-18
-20
-11
-16
-16
-18
-19
-21
-20
-17
-17
-17
-17
-18
-16
-14
-17
-15
-19
-18
-19
-15
-13
-16
-15
-19
-15
-12
-14
-18
-16
-10
-7
-7
-6
-6
-7
-7
-8
-3
1
4
7
8
15
12
8
10
7
8
10
9
10
7
6
-1
4
5
6
6
8
11
11
11
11
8
9
7
5
8
8
6
2
4
-1
-2
-4
-8
-9
-7
-4
-6
-2
-1
-4
-2
-1
2
0
5
3
0
-1
-5
0
-2
-2
-1
-6
-7
-9
-6
-3
-4
-2
-2
0
0
5
8
5
6
10
12
12
16
18
16
22
30
29
22
19
13
17
16
17
14
14
14
15
12
14
15
15
17
12
13
8
8
8
1
2
2
-2
2
0
-4
-6
-12
-5
-9
-9
-10
-13
-9
-6
-5
-9
-6
-5
-4
-5
-5
-4
-4
-2
-7
-10
-10
-8
-14
-13
-16
-18
-22
-24
-22
-23
-23
-25
-19
-24
-21
-19
-19
-17
-19
-16
-11
-16
-11
-9
-6
-8
-8
-4
-3
-5
-6
-7
-13
-9
-7
-3
-2
-4
-3
-2
0
1
4
4
6
9
8
10
9
11
9
8
6
6
7
5
6
3
5
2
-4
-5
-7
-6
-5
-6
-3
-1
-5
-7
-10
-8
-6
-7
-8
-12
-6
-13
-11
-10
-14
-15
-13
-12
-12
-12
-14
-11
-14
-12
-9
-8
-5
-5
-6
-1
2
5
4
2
8
5
5
7
7
7
10
11
12
7
6
9
8
11
8
10
9
12
9
8
11
11
12
10
13
8
10
7
6
4
3
6
6
3
5
7
1
-4
-3
-3
-2
-3
-2
-5
-4
-4
-6
-6
-7
-12
-11
-13
-10
-13
-16
-16
-19
-18
-23
-21
-22
-19
-15
-18
-19
-18
-19
-18
-17
-19
-18
-18
-20
-19
-24
-26
-28
-25
-23
-25
-23
-25
-21
-22
-27
-25
-26
-25
-21
-25
-29
-26
-28
-28
-28
-26
-24
-23
-22
-22
-21
-20
-18
-20
-17
-14
-17
-15
-16
-14
-16
-15
-15
-16
-16
-17
-16
-19
-16
-19
-14
-13
-9
-7
-9
-6
-5
-5
-2
0
0
5
3
5
4
0
0
0
-4
-1
-6
-6
-7
-9
-9
-11
-10
-13
-10
-8
-10
-13
-15
-10
-10
-11
-12
-9
-12
-10
-6
-2
-4
-3
-1
-6
-2
-2
-5
-3
-8
-8
-8
-14
-13
-13
-11
-4
1
-4
-2
-4
0
-2
0
0
-5
-8
-2
-1
-3
2
-5
-1
-1
-1
1
1
-1
2
6
4
2
-1
5
-1
1
1
0
-8
-12
-10
-9
-7
-8
-6
-5
-5
-6
-4
-7
-6
-10
-14
-14
-13
-15
-14
-8
-15
-14
-6
-9
-10
-6
-5
-3
-5
-3
0
-1
-2
-5
2
-2
1
0
-2
-4
-12
-4
-6
-8
-8
-9
-11
-12
-9
-10
-10
-9
-14
-10
-10
-8
-8
-6
-2
-3
2
4
5
10
7
4
5
7
5
1
1
-2
5
2
-1
-1
-3
0
0
1
-3
2
1
0
2
3
0
-3
-3
-1
5
-1
-3
-3
3
1
-3
-2
0
5
2
4
2
-1
2
6
8
9
8
7
8
8
4
7
10
6
4
3
4
2
5
7
8
5
2
5
5
5
5
1
7
9
7
9
6
6
6
2
1
-1
0
6
2
-1
-3
-1
-2
-6
-1
-5
-8
-4
-5
-4
-9
-5
-8
-11
-14
-9
-11
-11
-14
-18
-17
-19
-13
-13
-9
-7
-9
-13
-9
-11
-10
-6
-4
-3
-5
-3
-1
-3
1
2
-2
2
5
4
6
5
2
3
3
5
6
5
4
0
2
5
4
6
9
9
8
9
10
15
12
5
11
10
8
5
3
1
3
1
-1
-1
0
0
1
2
-1
1
-1
0
-2
-2
-1
1
-7
-12
-6
-9
-13
-11
-9
-13
-15
-12
-9
-8
-10
-11
-7
-5
-4
-4
-2
3
2
0
1
6
4
8
3
1
3
3
-1
0
-2
1
6
8
6
2
6
5
2
3
4
6
4
2
5
3
4
4
4
1
3
2
-2
0
-4
-6
-2
-5
-4
-7
-9
-5
-10
-7
-7
-5
0
-3
-3
-1
-3
1
-1
-4
-1
-6
2
-3
-5
-5
-6
-11
-7
-6
-8
-9
-10
-11
-8
-4
-9
-6
-6
-6
-3
-3
0
2
6
1
-2
0
-3
1
-2
-1
-2
-3
-2
-4
-2
-4
-4
-4
-1
-3
-6
-6
-6
-5
-5
-4
-5
-5
-3
-4
0
1
0
-1
1
-1
-2
1
0
-1
5
3
0
4
1
1
3
4
5
4
2
1
4
4
1
2
3
-5
-2
-1
-6
-8
-9
-6
-8
-5
-8
-7
-5
-3
-1
-4
-3
0
3
5
3
2
3
3
0
0
-1
-4
0
-2
1
1
1
0
3
5
6
8
7
14
13
12
14
18
18
19
19
20
16
15
14
13
15
12
14
15
14
13
13
10
14
14
19
18
16
21
18
16
13
13
16
12
14
12
7
3
7
6
4
10
7
6
8
6
8
10
11
13
13
11
9
7
16
14
14
14
15
15
12
12
9
9
5
3
3
1
3
3
0
1
5
8
8
9
9
4
5
4
4
4
1
4
3
-3
1
-2
1
6
2
1
2
3
1
2
1
4
7
10
14
14
12
10
12
14
16
19
18
21
22
22
18
15
17
17
16
14
14
12
13
12
13
11
5
6
7
4
4
2
1
1
-2
0
2
-2
1
0
3
5
1
3
8
8
6
6
6
7
13
9
5
7
5
6
8
4
7
8
7
14
13
11
14
16
18
19
18
21
24
21
25
26
22
22
22
23
27
25
23
24
23
22
21
22
21
19
22
24
22
24
18
19
18
18
18
18
16
16
12
14
15
8
12
8
10
12
11
12
15
15
14
16
16
18
17
16
16
19
18
21
24
23
23
24
16
16
18
18
18
19
13
10
10
11
14
9
11
8
9
5
1
8
7
7
7
3
5
4
4
6
5
8
7
5
1
-7
-3
-4
-3
-6
-1
0
-2
1
-1
0
2
2
0
3
1
6
7
6
6
12
11
7
3
10
10
6
5
7
6
7
8
3
7
7
3
3
4
6
7
9
8
8
11
9
5
3
3
5
8
6
5
4
3
1
2
2
0
0
2
2
3
8
3
7
5
8
13
13
11
13
16
15
17
12
19
19
14
16
17
12
14
9
11
11
5
11
6
6
10
12
12
17
16
19
19
18
14
17
18
19
23
20
16
15
17
18
20
22
23
23
24
18
20
25
19
17
18
18
17
17
18
17
17
17
16
16
17
13
17
19
14
16
13
11
10
15
16
14
11
12
16
14
12
10
13
8
12
11
11
10
6
6
6
3
1
2
2
5
4
4
1
4
3
1
3
2
5
5
6
3
7
1
4
6
4
8
5
6
3
4
5
6
3
6
7
7
3
0
2
4
5
5
6
5
4
2
3
2
6
5
2
3
2
4
4
3
4
4
2
3
7
7
4
4
4
5
2
5
4
-1
-2
-4
-4
-5
-3
-2
1
2
3
4
7
9
11
11
16
16
14
22
16
21
19
19
23
21
22
24
21
20
22
20
25
23
23
24
23
26
26
23
25
24
29
24
22
22
22
23
17
20
20
15
13
16
12
13
10
12
9
10
14
7
11
10
13
8
6
3
7
7
9
6
-1
0
-1
2
-1
2
3
1
1
0
4
0
2
4
6
8
9
3
8
9
7
10
8
7
3
2
3
6
1
-2
-1
-3
-5
-8
-10
-6
-3
-5
-3
-7
-4
-4
-6
-5
-4
-2
1
5
-2
-4
1
0
-2
-8
-4
-9
-12
-10
-9
-10
-12
-11
-13
-12
-8
-9
-10
-9
-8
-10
-4
-5
-9
-7
-4
-1
-7
-11
-8
-7
-4
-4
-9
-7
-4
-6
-5
-4
-6
-3
-4
-6
-7
-2
-2
-4
-2
-4
1
-2
-2
-3
-5
-2
-4
-4
-5
2
0
2
2
2
8
6
5
9
11
12
15
12
15
15
13
17
15
16
16
17
18
14
15
15
14
20
19
19
22
22
19
21
21
23
21
21
22
23
21
21
21
20
19
18
18
14
12
13
15
12
14
12
12
14
13
14
15
14
14
16
13
15
16
13
11
7
9
10
11
8
5
2
6
8
3
2
1
3
3
1
5
8
10
15
14
15
17
14
15
10
10
11
10
11
8
5
3
1
7
4
-2
-2
-2
-2
-4
-5
-6
-9
-9
-3
-7
-9
-11
-5
-12
-18
-12
-15
-13
-15
-19
-11
-16
-13
-9
-16
-14
-17
-16
-16
-18
-20
-18
-17
-23
-19
-14
-14
-13
-15
-14
-14
-15
-15
-15
-14
-14
-12
-13
-14
-14
-15
-10
-9
-6
-6
-5
-4
-1
-1
1
-2
-2
2
0
0
0
0
2
-1
1
3
4
2
2
4
0
0
1
0
-2
-2
-3
-2
-5
-5
-9
-8
-7
-13
-7
-5
-4
-7
-10
-7
-5
-4
-4
-4
-4
-3
-5
-4
-4
-4
-2
-4
-1
-2
-5
-2
-2
-5
-9
-8
-2
-2
-3
1
-2
-2
3
3
4
2
3
2
1
-4
-8
0
-1
-1
-5
-7
0
2
0
2
1
0
2
8
9
1
4
5
2
6
7
9
8
6
4
7
2
5
3
2
1
-2
-1
-4
-2
-4
-3
-6
-5
-7
-4
-5
-3
-4
-8
-3
-1
-2
-3
-5
-4
-4
-6
-3
-3
-3
-3
-4
-5
-5
-8
-7
-9
-9
-7
-8
-6
-11
-9
-3
-5
-9
-10
-10
-9
-10
-12
-8
-4
-8
-10
-10
-6
-5
-6
-3
0
4
0
3
4
2
5
5
2
0
1
2
3
-1
2
7
3
5
3
4
-3
2
0
-2
1
-3
3
2
0
1
3
4
2
8
5
8
10
8
8
5
4
4
5
1
2
6
5
4
4
1
3
4
3
3
7
8
-1
-1
-1
3
6
9
11
14
9
13
10
10
18
16
16
15
19
10
12
12
9
12
9
11
11
10
11
10
10
9
12
8
9
9
10
12
6
4
5
3
4
4
0
5
3
5
6
7
8
6
12
12
9
10
11
12
10
8
8
7
5
4
6
0
-1
-5
-7
-1
-3
0
-1
-1
-3
-2
-5
-2
-2
-3
-3
-7
-6
-10
-9
-8
-8
-13
-15
-21
-23
-20
-18
-21
-23
-20
-24
-24
-21
-24
-20
-20
-23
-25
-28
-28
-29
-30
-31
-23
-26
-24
-28
-25
-24
-29
-26
-28
-29
-29
-27
-32
-29
-25
-26
-24
-21
-26
-27
-25
-28
-24
-22
-21
-22
-23
-22
-19
-16
-19
-15
-12
-10
-7
-6
-7
-10
-8
-7
-11
-12
-10
-12
-12
-10
-12
-9
-9
-7
-4
-3
-4
-1
-2
-5
0
-2
0
-1
3
3
-2
-1
3
1
0
0
2
2
8
8
8
9
6
7
11
13
10
10
10
7
10
13
12
14
17
15
11
9
11
11
14
9
10
10
14
9
9
7
4
9
7
9
6
6
6
8
10
8
8
8
9
9
7
10
8
8
7
6
5
-1
2
4
-3
-4
-4
-2
-5
-7
-9
-11
-5
-10
-10
-12
-11
-9
-12
-11
-10
-11
-11
-9
-12
-11
-13
-14
-11
-15
-11
-12
-17
-18
-19
-19
-26
-23
-23
-25
-22
-26
-26
-28
-30
-27
-24
-23
-26
-29
-28
-32
-29
-31
-34
-33
-37
-33
-35
-37
-36
-39
-42
-38
-34
-41
-38
-35
-31
-28
-33
-30
-32
-27
-24
-29
-29
-28
-28
-25
-23
-25
-26
-22
-21
-24
-24
-25
-25
-26
-25
-22
-20
-21
-18
-19
-16
-16
-16
-16
-17
-17
-19
-17
-18
-19
-19
-16
-18
-21
-18
-16
-14
-14
-11
-8
-7
-8
-7
-8
-8
-7
-10
-5
-12
-12
-11
-12
-9
-5
-6
-4
-1
-8
-7
-4
-6
-4
-4
-5
-5
-3
-3
-2
-3
-4
-2
-8
-7
-7
-10
-6
-6
-8
-10
-12
-10
-7
-7
-4
-7
-6
-5
-8
-6
-6
-9
-10
-11
-13
-10
-12
-11
-13
-14
-15
-17
-17
-19
-21
-21
-24
-26
-23
-24
-26
-26
-24
-26
-30
-28
-28
-31
-33
-32
-34
-38
-37
-40
-40
-42
-43
-45
-39
-42
-38
-38
-39
-40
-38
-40
-40
-42
-39
-38
-43
-43
-47
-48
-46
-46
-46
-45
-45
-46
-45
-46
-45
-46
-46
-45
-46
-46
-43
-44
-45
-42
-43
-42
-44
-41
-41
-40
-42
-36
-36
-39
-37
-39
-42
-43
-41
-44
-42
-40
-41
-38
-39
-44
-37
-39
-37
-37
-38
-36
-34
-31
-32
-32
-32
-29
-30
-29
-25
-28
-23
-25
-27
-23
-15
-18
-21
-18
-22
-20
-21
-21
-20
-21
-21
-18
-16
-18
-20
-20
-15
-15
-19
-17
-15
-13
-13
-12
-12
-11
-11
-10
-8
-12
-11
-11
-11
-9
-15
-13
-13
-11
-15
-15
-17
-22
-23
-24
-19
-21
-20
-23
-24
-25
-24
-26
-31
-24
-23
-24
-22
-22
-26
-26
-22
-21
-19
-20
-24
-18
-22
-25
-25
-25
-24
-24
-26
-24
-25
-25
-25
-24
-28
-27
-24
-27
-20
-22
-22
-23
-21
-16
-19
-19
-13
-19
-18
-19
-24
-22
-25
-28
-32
-30
-33
-31
-34
-37
-35
-34
-36
-41
-44
-37
-42
-44
-43
-44
-45
-48
-45
-51
-48
-51
-50
-55
-56
-54
-49
-50
-52
-49
-46
-46
-50
-47
-45
-44
-43
-44
-37
-36
-39
-47
-50
-47
-47
-41
-41
-39
-37
-35
-38
-37
-31
-34
-29
-29
-30
-31
-32
-25
-26
-25
-24
-26
-21
-25
-24
-26
-24
-28
-30
-28
-32
-35
-31
-29
-29
-32
-30
-26
-26
-20
-23
-24
-18
-19
-19
-14
-10
-8
-12
-8
-9
-7
-6
-7
-5
-4
-9
-8
-5
-5
-3
-3
-6
-7
-6
-4
-6
-12
-8
-5
-5
-12
-8
-6
-7
-6
-7
-8
-7
-10
-7
-7
-11
-10
-12
-8
-12
-7
-10
-11
-8
-9
-6
-9
-7
-6
-6
-8
-8
-8
-7
-11
-10
-12
-10
-9
-12
-12
-14
-9
-12
-15
-16
-11
-9
-12
-10
-15
-13
-15
-16
-15
-17
-16
-18
-16
-19
-20
-18
-21
-23
-24
-22
-22
-24
-23
-22
-24
-25
-26
-28
-28
-27
-33
-34
-28
-35
-35
-33
-35
-39
-38
-41
-37
-41
-41
-36
-39
-40
-40
-41
-41
-39
-37
-38
-39
-38
-38
-39
-41
-39
-39
-41
-40
-37
-37
-37
-37
-36
-35
-34
-31
-37
-34
-37
-30
-31
-30
-28
-27
-24
-22
-28
-27
-23
-25
-22
-21
-21
-20
-17
-21
-18
-17
-21
-20
-19
-15
-17
-13
-8
-11
-11
-12
-20
-19
-14
-13
-8
-16
-12
-9
-3
-1
-1
-2
-1
0
-5
-3
-4
-1
-6
-6
-2
2
4
5
3
3
1
-1
-1
0
3
0
-1
-2
0
3
1
-2
0
4
-1
-4
-1
1
4
6
0
0
6
7
5
7
8
6
5
4
4
3
1
7
0
0
-1
1
3
3
4
4
7
5
4
6
6
2
-1
-4
-1
-2
-4
-5
-4
-7
-8
-10
-11
-7
-10
-12
-10
-14
-19
-18
-21
-20
-20
-21
-21
-19
-23
-20
-23
-24
-26
-32
-29
-38
-36
-40
-41
-40
-42
-36
-35
-39
-39
-39
-38
-38
-37
-37
-35
-31
-30
-29
-32
-34
-30
-27
-30
-29
-28
-25
-29
-27
-30
-35
-29
-31
-24
-24
-25
-22
-21
-22
-18
-15
-17
-19
-15
-13
-12
-16
-15
-14
-20
-20
-21
-17
-22
-19
-19
-21
-21
-17
-20
-20
-19
-22
-19
-20
-16
-17
-21
-22
-23
-20
-20
-17
-14
-11
-11
-11
-10
-9
-10
-4
-7
-6
-5
-4
-4
-6
-3
-6
-4
-1
-2
-2
2
-3
2
6
4
11
11
9
8
7
4
4
6
5
6
1
4
2
0
4
-4
-4
-4
-1
-3
-4
-5
-2
-6
-4
-4
-7
-4
-1
-1
-2
0
4
3
7
3
5
3
-2
6
-1
3
-1
-4
0
-5
-5
-5
-11
-14
-12
-14
-17
-14
-19
-22
-25
-24
-25
-26
-27
-26
-20
-22
-20
-22
-21
-25
-21
-21
-23
-21
-21
-23
-25
-24
-25
-29
-31
-32
-33
-33
-35
-38
-41
-40
-39
-33
-36
-35
-39
-37
-34
-31
-29
-32
-33
-31
-26
-29
-26
-27
-25
-27
-24
-21
-24
-24
-24
-23
-25
-25
-22
-23
-26
-23
-23
-21
-22
-22
-20
-22
-21
-19
-22
-22
-17
-19
-16
-15
-15
-10
-16
-13
-12
-9
-10
-12
-11
-10
-7
-11
-9
-8
-8
-2
-5
-3
-2
1
0
-3
1
-4
-4
-2
3
0
0
-2
-1
-4
0
1
0
4
3
6
5
3
2
6
1
3
3
2
3
6
5
6
7
9
9
5
7
10
9
7
7
8
10
6
9
8
11
11
8
11
11
13
9
8
13
12
9
9
4
5
5
5
3
5
9
6
4
3
1
3
3
-1
-3
-7
-2
-5
-9
-10
-11
-12
-10
-13
-15
-13
-11
-11
-14
-10
-12
-15
-16
-13
-15
-14
-20
-18
-23
-22
-21
-20
-23
-26
-23
-22
-20
-22
-23
-25
-22
-21
-20
-20
-19
-17
-17
-18
-16
-20
-15
-23
-24
-19
-26
-26
-27
-23
-24
-23
-21
-27
-26
-20
-21
-18
-20
-14
-14
-18
-13
-18
-14
-16
-13
-11
-14
-13
-16
-14
-13
-11
-13
-10
-13
-15
-13
-16
-14
-11
-11
-11
-10
-17
-17
-14
-14
-17
-14
-14
-16
-9
-8
-6
-6
-6
-4
-2
2
4
5
3
7
7
9
6
9
11
2
5
8
7
11
11
6
7
10
7
7
8
7
8
15
12
7
7
6
7
5
7
2
0
-2
0
4
1
-1
-3
-1
-6
-2
1
1
1
-1
0
1
1
1
0
-2
0
1
2
-2
-7
-6
-6
-4
-4
-2
-2
-4
-6
-6
-4
-2
-2
-7
-9
-11
-10
-9
-9
-12
-15
-11
-14
-9
-13
-18
-16
-21
-21
-21
-21
-22
-22
-19
-28
-33
-27
-32
-32
-30
-26
-29
-28
-28
-31
-31
-33
-30
-31
-29
-29
-32
-29
-31
-26
-24
-28
-30
-28
-27
-27
-26
-24
-27
-26
-20
-24
-29
-25
-25
-27
-28
-25
-27
-24
-21
-21
-19
-21
-23
-22
-20
-21
-23
-23
-23
-23
-26
-22
-22
-24
-22
-22
-21
-24
-21
-23
-23
-24
-28
-23
-25
-27
-26
-25
-20
-24
-21
-18
-19
-19
-18
-20
-19
-16
-15
-14
-13
-14
-14
-12
-11
-11
-5
-4
-7
-10
-8
-7
-7
-6
-5
-6
-7
-5
-9
-11
-6
2
-1
0
-2
1
5
8
8
11
11
14
15
16
19
18
17
15
13
6
9
7
7
2
4
6
2
3
4
0
-3
-2
1
7
6
8
9
8
3
8
7
4
4
3
2
2
3
-3
3
4
2
0
-1
0
-8
-7
-7
-7
-11
-10
-9
-14
-18
-15
-17
-14
-18
-18
-17
-19
-21
-20
-18
-22
-19
-19
-21
-23
-17
-19
-20
-19
-23
-19
-21
-24
-26
-26
-23
-23
-23
-26
-23
-28
-28
-26
-26
-26
-28
-28
-24
-24
-23
-23
-23
-21
-27
-20
-23
-21
-21
-25
-27
-23
-18
-22
-22
-17
-19
-17
-14
-17
-15
-20
-15
-15
-14
-17
-15
-15
-16
-13
-18
-17
-14
-16
-17
-17
-18
-14
-13
-14
-17
-10
-10
-12
-11
-10
-8
-10
-6
-13
-12
-13
-8
-4
-5
-3
-3
-6
-9
-11
-13
-9
-13
-10
-3
-3
-3
2
-1
5
5
6
7
7
6
4
10
8
11
9
8
9
5
0
2
2
3
6
4
0
-3
2
-1
2
2
3
4
9
9
5
6
7
7
11
7
9
7
2
5
0
4
2
3
0
-2
-1
-3
-1
2
2
-2
-3
-1
-1
-4
-2
-5
-3
-4
-3
-4
-6
-9
-12
-10
-11
-11
-13
-15
-14
-13
-16
-16
-15
-18
-20
-19
-20
-21
-15
-18
-12
-18
-19
-20
-19
-19
-17
-12
-14
-16
-20
-12
-13
-14
-11
-14
-12
-13
-14
-11
-13
-12
-12
-11
-13
-11
-15
-14
-14
-12
-12
-16
-16
-13
-13
-16
-14
-13
-10
-12
-13
-10
-14
-12
-14
-11
-13
-11
-11
-12
-6
-7
-6
-5
-5
-8
-9
-12
-10
-13
-13
-13
-10
-6
-8
-8
-7
-5
-6
-4
-5
-4
2
2
-1
1
5
5
6
4
6
5
8
9
9
5
5
2
4
5
3
2
6
5
3
10
6
1
4
3
1
5
3
7
10
7
6
5
4
4
7
8
7
10
5
7
8
5
11
9
8
11
8
11
4
2
9
13
16
9
15
11
11
12
10
11
11
10
9
8
8
6
6
6
3
5
3
4
3
3
-1
