-8
-10
-9
-8
-6
-10
-8
-9
-10
-10
-8
-9
-7
-7
-8
-7
-11
-6
-7
-4
-7
-7
-12
-11
-9
-13
-12
-11
-11
-14
-12
-12
-11
-11
-14
-11
-9
-8
-5
-8
-7
-6
-7
-5
-8
-3
-9
-7
-3
-7
0
-3
-4
-6
-5
-7
-6
-4
-7
-11
-9
-4
-7
-8
-11
-12
-8
-11
-10
-9
-9
-10
-9
-11
-13
-19
-19
-20
-22
-26
-23
-18
-23
-20
-20
-20
-19
-20
-19
-15
-16
-14
-11
-13
-14
-19
-18
-17
-18
-18
-13
-14
-11
-14
-14
-8
-13
-12
-12
-12
-9
-9
-10
-15
-12
-9
-13
-15
-13
-11
-15
-16
-16
-14
-13
-13
-11
-15
-13
-15
-17
-13
-17
-14
-19
-15
-16
-14
-12
-17
-18
-22
-18
-22
-23
-21
-19
-19
-16
-17
-18
-18
-17
-17
-18
-18
-18
-17
-16
-17
-17
-13
-10
-13
-15
-9
-11
-10
-9
-11
-10
-11
-8
-8
-7
-11
-9
-9
-10
-12
-12
-10
-10
-12
-12
-15
-13
-15
-13
-8
-12
-12
-10
-9
-9
-5
-8
-12
-7
-11
-9
-11
-12
-8
-8
-9
-7
-12
-15
-16
-15
-15
-19
-15
-19
-16
-16
-13
-12
-18
-15
-11
-15
-14
-15
-15
-17
-18
-15
-17
-17
-17
-17
-16
-19
-17
-15
-20
-16
-16
-22
-21
-20
-18
-17
-15
-16
-17
-18
-17
-15
-18
-20
-19
-21
-21
-18
-19
-17
-19
-24
-19
-19
-21
-18
-16
-13
-21
-24
-20
-23
-27
-22
-20
-22
-19
-25
-23
-24
-25
-22
-27
-24
-24
-24
-25
-27
-26
-31
-27
-25
-24
-21
-24
-24
-24
-28
-22
-21
-21
-22
-20
-20
-17
-17
-19
-17
-13
-15
-9
-11
-9
-5
-13
-12
-13
-11
-10
-11
-15
-14
-13
-17
-15
-13
-12
-14
-13
-12
-8
-11
-12
-13
-17
-12
-15
-12
-16
-11
-14
-13
-10
-12
-14
-16
-14
-16
-19
-18
-18
-20
-18
-20
-18
-16
-19
-16
-19
-15
-15
-17
-15
-14
-12
-13
-14
-14
-6
-13
-14
-15
-12
-11
-13
-12
-8
-9
-8
-5
-12
-8
-9
-12
-6
-7
-7
-8
-4
-8
-10
-12
-16
-14
-18
-19
-15
-21
-15
-16
-18
-18
-19
-13
-21
-18
-16
-20
-20
-23
-20
-20
-19
-11
-14
-16
-11
-15
-11
-11
-9
-7
-7
-10
-9
-11
-19
-20
-23
-21
-20
-21
-23
-27
-22
-22
-26
-24
-20
-21
-19
-20
-20
-21
-20
-18
-16
-16
-20
-21
-22
-24
-24
-20
-19
-24
-23
-20
-22
-21
-18
-19
-23
-22
-21
-22
-20
-23
-17
-17
-19
-21
-21
-18
-15
-16
-20
-18
-22
-22
-24
-21
-20
-20
-20
-21
-18
-18
-19
-17
-19
-16
-15
-16
-17
-15
-14
-13
-16
-16
-22
-16
-22
-22
-20
-19
-18
-21
-18
-20
-16
-19
-13
-15
-19
-15
-14
-13
-12
-16
-16
-19
-20
-17
-19
-18
-18
-23
-25
-20
-21
-20
-17
-21
-19
-25
-23
-21
-22
-21
-17
-18
-17
-17
-18
-16
-20
-16
-14
-17
-14
-18
-15
-12
-15
-10
-11
-12
-8
-8
-12
-11
-11
-14
-13
-11
-12
-15
-13
-18
-18
-16
-23
-17
-18
-22
-19
-20
-18
-18
-12
-14
-11
-12
-14
-9
-9
-11
-9
-8
-10
-13
-8
-5
-8
-7
-11
-9
-7
-8
-11
-11
-11
-8
-17
-14
-15
-16
-10
-14
-14
-16
-13
-15
-11
-12
-11
-12
-9
-10
-15
-16
-16
-18
-21
-19
-23
-19
-19
-19
-20
-16
-15
-14
-17
-19
-14
-18
-18
-18
-17
-20
-16
-17
-17
-16
-15
-14
-15
-13
-16
-15
-16
-18
-14
-12
-15
-12
-14
-13
-13
-13
-10
-9
-10
-12
-15
-13
-6
-11
-7
-6
-8
-3
-4
-2
-4
-1
-1
-5
-3
-3
-3
-6
-4
-6
-10
-7
-11
-12
-6
-8
-8
-9
-7
-7
-6
-3
-9
-7
-7
-8
-7
-6
-5
-9
-14
-11
-14
-9
-10
-13
-11
-10
-9
-10
-10
-10
-7
-9
-10
-5
-5
-1
-4
-5
-5
-5
-4
-9
-7
-12
-11
-11
-9
-6
-10
-9
-11
-10
-13
-10
-9
-8
-6
-7
-3
-6
-5
-3
-6
1
2
-2
-1
0
-1
-6
-4
-4
-5
-4
-6
-6
-9
-8
-6
-4
-7
-10
-10
-7
-5
-4
-3
-6
-6
-8
-4
-8
-7
-8
-12
-10
-12
-11
-14
-15
-15
-15
-13
-15
-19
-27
-23
-20
-24
-22
-26
-25
-23
-22
-24
-22
-19
-18
-15
-18
-17
-20
-23
-17
-19
-20
-21
-26
-21
-21
-22
-19
-16
-19
-15
-14
-19
-21
-19
-16
-19
-20
-17
-17
-16
-18
-17
-18
-16
-9
-10
-12
-14
-14
-13
-15
-19
-18
-16
-18
-20
-17
-21
-19
-14
-14
-15
-15
-9
-10
-8
-8
-7
-10
-10
-11
-9
-11
-11
-10
-16
-12
-15
-16
-14
-12
-15
-20
-21
-16
-14
-11
-13
-8
-10
-11
-10
-14
-12
-14
-14
-12
-9
-13
-13
-12
-10
-9
-12
-12
-10
-17
-14
-15
-12
-10
-9
-6
-6
-9
-10
-8
-8
-7
-8
-5
-11
-7
-4
-10
-9
-12
-12
-12
-9
-7
-9
-8
-4
0
-3
-3
-3
-5
-2
-5
-1
1
1
-2
-5
-1
-1
0
-1
-1
-3
-2
-2
-2
-2
0
1
1
3
0
-6
-4
-3
-6
-7
-7
-10
-8
-10
-12
-7
-9
-11
-12
-11
-12
-13
-10
-14
-16
-13
-13
-17
-19
-16
-19
-17
-15
-14
-16
-20
-18
-21
-20
-17
-19
-18
-23
-16
-16
-21
-18
-18
-17
-16
-14
-17
-17
-20
-21
-16
-20
-19
-20
-18
-21
-22
-16
-20
-18
-17
-14
-13
-11
-17
-14
-11
-11
-11
-8
-10
-9
-9
-12
-5
-8
-6
-9
-7
-8
-6
-5
-9
-9
-7
-5
-13
-18
-14
-12
-9
-13
-11
-12
-16
-13
-9
-10
-8
-9
-10
-11
-8
-8
-9
-9
-4
-2
-5
-5
-5
-3
-5
-2
-7
-2
-2
-2
-5
-10
-5
-7
-3
-3
-4
-7
-4
-3
-2
-1
1
0
-4
-2
1
2
-1
-1
-1
-1
-4
0
-1
3
3
-3
3
-3
-3
-1
-2
-3
0
-3
-1
-2
4
3
0
1
-2
2
4
5
7
6
5
4
2
2
0
-1
-8
-3
-6
-5
0
-2
-2
-3
-1
-3
-6
-10
-6
-10
-10
-9
-11
-10
-11
-10
-16
-14
-15
-13
-14
-15
-16
-14
-15
-15
-18
-15
-18
-21
-18
-18
-17
-15
-12
-13
-13
-12
-12
-15
-16
-15
-18
-16
-17
-19
-18
-16
-15
-18
-19
-18
-15
-16
-18
-14
-15
-11
-13
-13
-15
-13
-14
-14
-12
-13
-11
-12
-12
-10
-13
-10
-4
-5
-8
-7
-7
-5
-2
-7
-7
-8
-5
-6
-4
-5
-10
-10
-15
-14
-11
-10
-8
-11
-14
-10
-8
-10
-6
-5
-6
-8
-7
-5
-7
-6
-6
-4
-4
-7
-2
-7
-7
-7
-6
-4
-1
2
1
0
3
1
3
2
0
1
-7
-5
-1
-7
-3
-6
-8
-9
-6
-7
-9
-4
-5
1
-1
2
-2
-1
4
4
1
-4
-1
-4
2
5
3
3
3
7
6
10
3
5
7
11
11
4
7
3
7
8
4
9
6
5
3
2
1
0
-3
-5
-2
5
5
5
4
-6
1
-2
-4
-3
-3
-11
-13
-10
-12
-15
-18
-15
-19
-18
-15
-19
-16
-16
-17
-15
-16
-16
-19
-15
-17
-20
-16
-21
-19
-21
-21
-21
-19
-19
-16
-12
-16
-16
-20
-18
-18
-16
-14
-15
-16
-12
-18
-13
-7
-8
-10
-14
-10
-14
-9
-13
-10
-9
-14
-12
-13
-12
-15
-19
-20
-15
-19
-23
-17
-20
-20
-16
-19
-18
-22
-18
-19
-18
-15
-16
-12
-13
-13
-10
-10
-8
-6
-9
-8
-8
-6
-8
-7
-5
-4
-3
-4
-4
-4
-3
-6
1
-2
-1
-2
-4
1
3
4
2
1
-2
-3
1
-1
-2
-7
-7
-2
-8
-6
-6
-4
-6
-5
-5
-6
-3
-6
-3
-5
-4
-2
-6
-6
-9
-9
-9
-9
-9
-9
-7
-8
-8
-5
-8
-7
-10
-12
-7
-3
-7
-8
-5
-12
-12
-4
-9
-11
-9
-9
-10
-8
-10
-12
-13
-20
-19
-15
-18
-18
-17
-18
-19
-21
-20
-22
-16
-17
-17
-19
-18
-15
-12
-14
-13
-19
-21
-17
-18
-14
-19
-20
-21
-23
-16
-20
-17
-13
-16
-16
-13
-14
-13
-13
-11
-10
-8
-10
-9
-10
-15
-11
-14
-17
-13
-19
-17
-14
-18
-18
-12
-9
-13
-13
-12
-13
-11
-13
-11
-13
-16
-15
-16
-17
-15
-12
-14
-18
-17
-17
-15
-14
-17
-13
-11
-12
-14
-14
-16
-13
-11
-14
-15
-14
-18
-18
-11
-10
-17
-17
-18
-15
-14
-15
-15
-16
-16
-17
-19
-16
-17
-20
-21
-20
-20
-18
-17
-20
-19
-20
-21
-22
-23
-24
-22
-25
-24
-23
-26
-26
-25
-25
-24
-27
-30
-24
-21
-23
-22
-27
-23
-21
-25
-21
-22
-23
-17
-19
-19
-18
-18
-14
-19
-14
-15
-17
-15
-16
-12
-11
-8
-8
-8
-3
2
3
4
4
5
5
6
8
11
11
13
17
16
15
16
13
21
19
22
19
22
23
21
21
17
20
17
21
20
22
19
20
19
22
21
18
17
17
17
11
12
8
3
4
4
3
5
1
-2
-6
-5
-5
-14
-17
-16
-16
-21
-28
-24
-28
-29
-35
-37
-37
-40
-40
-47
-43
-44
-48
-43
-49
-51
-53
-53
-49
-49
-52
-51
-53
-54
-53
-49
-49
-54
-51
-46
-50
-52
-47
-50
-54
-56
-57
-57
-54
-53
-55
-45
-45
-44
-39
-38
-38
-34
-30
-30
-31
-34
-38
-44
-47
-50
-51
-54
-51
-46
-44
-37
-23
-12
-6
5
13
20
27
44
58
57
59
64
65
62
67
69
64
59
62
64
56
47
49
44
38
39
39
37
31
32
31
30
27
32
27
27
23
23
20
8
8
7
3
2
-1
2
-3
-8
-9
-13
-14
-13
-12
-11
-12
-25
-20
-20
-10
-2
-10
-10
-1
7
3
2
1
0
-4
7
12
2
-1
0
4
1
-2
-1
-3
-2
-4
3
-4
-11
-12
-9
0
-2
-4
-6
-11
-17
-12
-10
-10
-19
-16
-17
-20
-22
-26
-24
-30
-32
-26
-28
-34
-34
-37
-36
-43
-46
-45
-47
-50
-53
-56
-62
-65
-70
-74
-73
-75
-81
-73
-75
-80
-81
-83
-85
-83
-76
-76
-80
-88
-93
-97
-98
-102
-108
-108
-103
-94
-81
-66
-47
-34
-31
-30
-21
-8
12
43
67
66
49
53
61
62
66
72
80
73
69
70
63
46
38
47
55
52
52
53
40
32
46
50
37
28
38
45
46
34
22
16
10
10
8
3
-6
-6
0
-1
-14
-25
-24
-27
-22
-20
-27
-34
-38
-42
-40
-32
-33
-40
-34
-23
-23
-22
-19
-12
-10
-6
9
13
7
4
13
19
14
18
21
20
19
20
31
26
22
29
38
36
35
33
40
36
30
38
42
29
18
18
22
14
2
10
7
-5
-8
-2
-12
-22
-22
-23
-23
-36
-36
-35
-40
-48
-57
-59
-66
-70
-73
-70
-79
-91
-93
-92
-92
-93
-91
-92
-99
-100
-91
-86
-84
-86
-87
-103
-116
-114
-113
-123
-123
-108
-96
-81
-60
-33
-20
-30
-27
6
34
56
79
97
86
69
81
99
98
86
96
105
95
90
102
88
63
60
73
75
64
67
73
63
55
57
54
41
38
49
65
49
26
19
17
12
8
17
12
-4
-8
1
-3
-21
-38
-36
-27
-33
-29
-31
-39
-52
-52
-44
-37
-42
-45
-34
-27
-36
-38
-29
-25
-21
-6
9
14
19
26
39
41
38
36
43
51
51
52
50
44
38
48
58
57
52
48
51
48
44
42
44
31
25
29
27
18
7
0
4
0
-11
-13
-20
-28
-31
-30
-33
-49
-56
-43
-43
-60
-70
-68
-76
-84
-87
-82
-86
-99
-103
-100
-106
-111
-106
-103
-104
-111
-109
-97
-98
-100
-91
-98
-118
-126
-116
-120
-126
-132
-126
-110
-96
-63
-34
-21
-20
-8
10
34
59
91
108
98
92
102
112
111
108
112
113
102
108
113
101
71
58
70
73
63
66
65
54
49
49
52
36
31
41
44
38
24
13
1
-8
-10
-8
-13
-28
-29
-23
-29
-40
-45
-46
-50
-49
-44
-48
-57
-64
-66
-62
-60
-63
-63
-61
-57
-55
-53
-53
-47
-39
-31
-16
-2
6
9
23
37
47
51
51
59
62
65
69
68
66
65
70
70
64
62
66
64
65
59
59
57
45
44
40
32
18
13
14
1
-10
-12
-20
-28
-40
-40
-48
-66
-72
-74
-73
-84
-94
-97
-100
-108
-111
-110
-113
-120
-122
-116
-115
-117
-119
-124
-126
-132
-132
-118
-120
-118
-117
-122
-138
-145
-144
-149
-151
-128
-102
-95
-72
-37
-11
-14
-10
19
56
80
120
144
127
110
115
139
136
128
133
137
132
132
136
117
81
67
82
89
85
78
74
64
56
59
57
43
34
40
51
45
22
9
-4
-7
-10
-11
-17
-34
-40
-34
-30
-40
-60
-68
-61
-55
-57
-64
-62
-72
-83
-72
-60
-70
-80
-73
-59
-65
-74
-64
-62
-64
-54
-28
-16
-17
-1
22
38
45
50
60
68
74
82
89
75
70
74
80
81
70
69
66
69
60
63
61
46
38
41
37
24
12
7
6
-3
-15
-24
-27
-38
-45
-53
-66
-78
-91
-92
-86
-99
-107
-110
-116
-121
-134
-129
-126
-137
-134
-124
-125
-134
-127
-120
-121
-128
-124
-118
-122
-119
-122
-133
-149
-161
-167
-170
-165
-149
-122
-101
-70
-28
-13
-13
-6
25
62
97
133
155
145
131
141
160
154
143
149
149
148
149
156
133
97
80
94
107
95
94
92
83
74
77
73
50
41
49
61
53
23
11
10
2
-4
-6
-12
-30
-44
-31
-29
-45
-72
-71
-56
-63
-69
-66
-68
-78
-83
-66
-55
-69
-71
-61
-50
-64
-72
-68
-70
-81
-73
-45
-40
-43
-27
18
47
53
61
68
72
80
112
137
130
114
110
115
109
98
99
95
85
81
86
88
69
51
48
51
45
34
33
30
18
11
7
-6
-26
-43
-42
-45
-59
-78
-94
-93
-107
-115
-113
-122
-135
-144
-132
-132
-145
-159
-152
-148
-145
-137
-132
-138
-146
-132
-117
-130
-144
-136
-138
-150
-172
-179
-174
-193
-202
-174
-132
-86
-44
-6
-3
-6
23
68
97
132
182
224
226
197
179
178
171
173
192
168
138
140
168
157
96
56
57
65
76
94
97
69
41
59
74
50
29
45
69
68
57
47
17
-17
-19
6
4
-28
-49
-28
-17
-40
-68
-85
-89
-94
-82
-63
-67
-79
-78
-63
-57
-57
-55
-52
-44
-33
-14
-10
-25
-34
-13
15
39
94
139
162
162
165
161
154
136
137
153
156
147
128
88
32
23
37
38
24
18
32
48
51
54
38
18
26
55
70
47
15
5
-11
-38
-57
-84
-122
-141
-138
-146
-185
-215
-212
-206
-206
-201
-190
-196
-188
-149
-111
-125
-146
-129
-94
-89
-111
-120
-139
-158
-149
-137
-161
-195
-197
-199
-235
-273
-248
-166
-45
87
169
163
137
159
205
218
220
271
351
371
316
221
121
34
-18
9
40
21
-6
6
21
-7
-51
-70
-56
8
101
178
197
158
121
112
99
76
63
74
89
80
45
-16
-101
-177
-204
-180
-151
-131
-116
-96
-79
-86
-112
-122
-100
-54
-4
35
53
52
33
2
-4
2
7
-7
-9
15
12
-27
-78
-88
-90
-75
-33
63
151
185
193
194
202
187
181
196
202
224
245
221
150
65
16
-3
-12
-20
-11
-10
0
17
26
10
-21
-10
32
66
74
58
27
-5
-32
-63
-113
-167
-179
-173
-195
-219
-235
-243
-255
-250
-214
-190
-176
-151
-98
-48
-42
-64
-64
-55
-67
-96
-125
-146
-153
-163
-168
-176
-184
-194
-229
-263
-275
-268
-246
-160
17
214
296
256
215
240
270
251
233
291
364
361
280
157
16
-126
-208
-158
-72
-56
-79
-71
-11
10
-28
-55
-20
82
205
296
326
283
198
133
75
34
15
9
4
-13
-55
-113
-217
-321
-339
-270
-185
-144
-91
-17
38
25
-2
3
45
91
109
143
178
164
57
-44
-62
-38
-78
-145
-117
-55
-69
-146
-154
-127
-122
-99
16
204
301
309
290
303
303
255
232
239
242
235
195
128
15
-87
-147
-148
-115
-95
-74
-68
-13
33
56
47
36
82
136
166
142
102
51
-9
-56
-116
-175
-226
-244
-262
-275
-283
-306
-304
-287
-225
-155
-119
-94
-48
24
50
17
-25
-41
-27
-51
-93
-124
-144
-167
-201
-208
-222
-240
-276
-283
-264
-241
-235
-207
-79
138
337
371
276
252
308
314
237
196
255
312
277
170
51
-107
-267
-309
-212
-111
-110
-129
-61
45
83
33
13
63
155
268
341
338
265
165
92
14
-71
-113
-116
-114
-132
-154
-204
-302
-383
-354
-246
-164
-106
-20
94
156
124
81
89
116
113
97
106
135
90
-47
-146
-157
-154
-225
-273
-214
-124
-133
-184
-145
-61
-20
79
291
412
417
382
360
328
250
157
106
136
126
57
-18
-103
-214
-274
-223
-162
-109
-80
-12
83
127
139
122
118
137
162
181
144
75
-3
-70
-144
-228
-291
-313
-312
-315
-311
-305
-295
-270
-242
-181
-103
-59
-26
19
62
67
49
10
-25
-34
-73
-130
-177
-214
-253
-278
-275
-287
-296
-293
-287
-283
-280
-223
-35
249
431
419
371
384
391
282
174
207
284
292
225
177
75
-136
-331
-322
-179
-134
-174
-110
87
203
153
90
115
162
187
245
361
402
300
185
128
42
-110
-224
-243
-209
-183
-174
-202
-261
-309
-300
-236
-174
-106
11
150
231
223
186
158
118
56
6
27
65
12
-100
-160
-161
-229
-336
-340
-222
-142
-162
-126
8
71
66
203
380
441
407
355
383
361
235
95
105
113
15
-67
-116
-141
-218
-245
-194
-108
-77
-65
38
143
197
182
165
180
182
154
102
60
-3
-96
-174
-244
-285
-327
-369
-370
-334
-312
-324
-289
-220
-159
-121
-68
-12
3
23
28
37
15
-63
-95
-95
-130
-210
-273
-293
-292
-299
-329
-316
-285
-290
-304
-272
-146
70
294
434
478
473
423
360
263
188
190
245
272
231
152
-9
-184
-292
-300
-243
-194
-143
-32
128
227
228
194
188
211
238
293
352
370
302
207
121
13
-113
-214
-265
-271
-238
-203
-197
-209
-229
-225
-186
-132
-47
76
190
242
257
240
205
140
51
5
3
3
-29
-83
-121
-149
-210
-281
-274
-212
-159
-123
-54
59
128
154
285
441
476
454
406
369
324
236
130
72
55
-25
-78
-112
-158
-222
-240
-174
-101
-53
-28
58
150
212
214
201
193
170
144
100
54
-23
-109
-183
-259
-300
-326
-364
-376
-352
-309
-278
-233
-190
-137
-79
-52
-36
-14
9
10
-3
-30
-71
-83
-118
-164
-223
-276
-303
-312
-310
-324
-304
-272
-251
-253
-239
-157
45
328
465
441
418
429
375
241
146
150
202
215
191
151
39
-164
-318
-286
-179
-155
-156
-37
165
286
272
221
217
215
205
246
316
343
269
168
97
5
-122
-241
-298
-291
-258
-221
-191
-186
-181
-153
-122
-91
-33
71
191
242
234
225
223
152
16
-72
-63
-31
-84
-151
-131
-110
-174
-257
-228
-148
-122
-114
-19
126
198
200
285
455
521
465
396
382
333
210
100
60
47
-29
-104
-110
-108
-150
-209
-183
-83
-2
32
91
185
253
255
214
190
175
133
69
27
-23
-116
-205
-283
-315
-347
-382
-386
-349
-297
-263
-205
-134
-86
-53
-9
26
14
6
7
-9
-54
-112
-144
-168
-217
-298
-321
-287
-288
-330
-355
-320
-275
-262
-247
-145
62
291
436
452
413
384
333
241
170
153
161
170
149
101
-7
-171
-308
-319
-235
-169
-126
-42
96
206
241
222
217
224
217
236
290
303
248
146
44
-35
-124
-221
-292
-303
-290
-260
-234
-221
-207
-178
-139
-83
2
89
167
217
225
211
185
144
64
-27
-67
-73
-95
-140
-165
-168
-185
-227
-232
-179
-112
-73
-25
66
146
191
262
401
480
464
418
372
317
233
125
29
-3
-35
-73
-96
-121
-152
-186
-159
-101
-34
26
84
166
245
283
253
212
179
143
108
55
-4
-82
-160
-219
-270
-310
-344
-350
-329
-283
-234
-187
-144
-99
-61
-28
-9
-26
-28
-8
-1
-24
-62
-95
-121
-158
-219
-272
-286
-284
-256
-231
-246
-261
-258
-261
-279
-205
17
304
469
454
406
398
341
219
121
115
175
232
235
164
36
-151
-292
-321
-260
-168
-111
-41
92
241
288
231
163
153
208
262
312
343
313
209
88
-6
-108
-217
-300
-322
-291
-236
-209
-221
-240
-224
-175
-109
-42
56
171
235
243
208
179
134
40
-63
-86
-56
-70
-135
-191
-199
-215
-257
-287
-246
-156
-79
-20
48
133
215
316
395
441
462
416
346
300
246
136
45
-5
-46
-76
-130
-170
-188
-167
-139
-91
-24
27
80
153
239
264
235
191
167
152
103
36
-37
-107
-171
-237
-273
-304
-338
-359
-360
-314
-256
-196
-152
-106
-54
-19
-5
-19
-20
-6
3
-34
-88
-107
-128
-166
-235
-279
-287
-267
-264
-289
-271
-228
-211
-222
-199
-73
200
461
518
401
337
376
350
224
107
125
212
245
180
68
-66
-219
-314
-264
-118
-35
-33
0
138
280
292
199
149
205
293
340
333
296
218
102
-22
-98
-135
-189
-262
-300
-247
-186
-191
-250
-264
-197
-97
-14
48
132
208
223
176
134
133
103
-3
-95
-72
-20
-74
-203
-256
-214
-208
-267
-265
-160
-61
-40
-10
86
236
338
354
397
427
408
333
265
213
141
92
34
-17
-89
-151
-190
-197
-161
-123
-87
-45
8
61
130
177
178
170
162
164
143
77
-6
-79
-130
-191
-250
-286
-294
-306
-334
-339
-323
-290
-251
-194
-126
-60
-11
-2
-5
-23
-47
-57
-78
-98
-122
-133
-141
-191
-273
-351
-365
-342
-315
-286
-256
-214
-213
-198
-25
287
486
429
306
348
444
385
222
127
194
268
229
114
-9
-127
-250
-297
-208
-79
-41
-61
-1
145
262
247
152
133
236
362
391
361
297
208
84
-47
-109
-112
-148
-242
-285
-222
-160
-223
-335
-329
-198
-67
4
76
186
231
173
107
125
158
85
-20
-26
47
36
-103
-225
-232
-208
-253
-284
-213
-106
-59
-29
33
146
275
310
336
383
430
431
364
280
178
137
116
61
-32
-117
-146
-163
-145
-119
-101
-87
-64
-10
76
145
168
152
147
163
157
111
41
-39
-101
-142
-194
-246
-289
-293
-304
-317
-330
-329
-285
-235
-181
-121
-64
-27
-19
-51
-81
-81
-71
-81
-115
-168
-183
-173
-207
-265
-323
-347
-347
-333
-306
-277
-237
-177
-8
265
443
382
231
246
371
408
305
215
243
304
258
118
-17
-133
-231
-259
-168
-43
-16
-37
-15
67
145
157
142
158
236
335
395
366
263
159
88
18
-47
-63
-63
-117
-209
-259
-240
-230
-300
-334
-237
-85
10
61
129
171
132
73
92
164
155
52
19
80
81
-52
-193
-207
-181
-222
-262
-193
-90
-84
-97
-20
177
304
304
300
332
372
378
366
317
218
160
165
152
49
-95
-162
-125
-79
-64
-46
-27
-20
-21
32
110
146
118
105
150
175
144
33
-60
-92
-117
-135
-165
-192
-227
-256
-261
-281
-293
-280
-233
-160
-88
-41
-25
-24
-62
-105
-95
-78
-105
-159
-182
-162
-156
-202
-272
-312
-331
-336
-314
-270
-257
-259
-188
25
309
426
308
166
218
360
378
278
208
244
285
230
111
-12
-137
-231
-244
-129
7
20
-53
-75
17
128
160
129
145
237
341
377
326
230
123
30
-19
-5
36
5
-121
-235
-254
-223
-249
-317
-318
-218
-97
-14
54
111
96
33
25
113
193
152
43
14
80
89
-22
-159
-183
-160
-176
-205
-163
-98
-102
-125
-67
120
293
323
291
297
355
386
378
319
247
226
221
195
96
-17
-95
-108
-84
-45
-11
-5
-20
-29
23
99
139
126
100
121
161
159
87
-15
-71
-104
-120
-135
-151
-188
-250
-280
-288
-273
-258
-230
-169
-98
-33
3
-10
-83
-143
-116
-63
-55
-94
-135
-147
-149
-185
-218
-247
-305
-345
-313
-239
-197
-208
-183
0
279
417
299
149
187
340
397
335
271
272
264
192
106
21
-65
-166
-214
-129
4
27
-53
-110
-66
38
128
173
191
219
268
293
266
198
129
59
-5
-11
50
67
-64
-255
-331
-266
-218
-269
-290
-222
-147
-104
-47
41
65
1
-32
70
198
189
54
-40
-4
44
-3
-76
-88
-96
-169
-239
-192
-116
-119
-162
-87
127
281
283
203
180
219
302
359
339
288
244
230
180
89
-2
-57
-63
-32
9
36
23
-25
-58
-16
75
133
127
109
107
119
118
47
-15
-63
-72
-68
-75
-83
-140
-220
-283
-291
-254
-211
-165
-131
-103
-60
-21
-38
-91
-122
-99
-43
-33
-77
-124
-159
-191
-227
-245
-231
-242
-289
-323
-298
-254
-233
-165
26
273
371
256
139
207
363
414
365
327
329
285
186
92
38
-25
-98
-126
-70
1
-12
-82
-110
-53
46
133
181
196
218
267
290
265
209
163
111
58
48
80
76
-39
-203
-274
-240
-218
-252
-271
-225
-168
-134
-76
-10
8
-31
-42
45
137
137
44
-17
-2
21
8
-29
-35
-66
-145
-202
-165
-99
-106
-138
-107
32
171
212
181
142
165
233
319
351
295
232
207
189
138
79
43
14
-13
-12
13
15
-29
-83
-60
45
110
87
13
-2
30
49
38
5
-18
-58
-93
-106
-100
-111
-183
-246
-262
-241
-195
-177
-184
-186
-132
-60
-31
-64
-100
-93
-83
-106
-132
-141
-145
-173
-211
-198
-181
-227
-305
-331
-301
-249
-216
-141
43
254
317
175
62
168
364
446
391
331
320
279
189
106
84
64
6
-44
-22
21
-15
-90
-110
-18
106
169
160
122
125
182
243
278
266
227
152
61
26
65
101
27
-94
-141
-119
-133
-228
-283
-252
-188
-128
-48
21
4
-83
-125
-31
87
106
41
5
36
49
11
-35
-33
-37
-95
-105
-4
79
29
-64
-62
36
113
121
92
82
110
164
201
191
151
125
138
165
171
146
126
114
93
90
104
100
58
27
37
76
98
58
-16
-49
-38
-23
-30
-46
-62
-82
-104
-115
-98
-101
-127
-159
-176
-153
-123
-100
-115
-138
-125
-83
-73
-110
-145
-133
-118
-143
-190
-212
-193
-189
-206
-208
-161
-144
-181
-230
-238
-216
-203
-203
-170
-50
157
317
258
70
17
173
372
416
345
277
236
185
138
155
175
108
-19
-36
52
79
-10
-97
-46
97
194
164
86
58
95
160
223
271
253
152
29
-7
68
156
133
8
-93
-84
-66
-117
-182
-183
-132
-87
-55
-17
-9
-87
-161
-110
33
120
56
-42
-54
-3
19
4
12
23
-26
-85
-66
20
39
-30
-56
40
161
170
106
65
94
173
268
301
231
149
121
142
166
169
146
98
68
69
101
112
77
45
73
127
132
75
6
-7
18
48
56
17
-48
-106
-130
-111
-80
-77
-121
-178
-197
-183
-149
-138
-123
-107
-101
-100
-106
-88
-79
-85
-81
-87
-113
-176
-220
-217
-187
-167
-179
-199
-222
-253
-286
-280
-244
-210
-157
-29
153
247
135
-26
45
311
488
442
304
227
206
185
191
228
214
103
-18
-6
72
63
-20
-64
8
107
132
83
27
30
84
162
221
224
156
66
25
68
156
199
115
-50
-140
-91
-17
-35
-95
-117
-105
-101
-89
-56
-46
-92
-124
-65
27
23
-78
-124
-56
36
55
24
-7
-41
-70
-33
92
185
140
27
10
84
153
162
141
128
128
137
154
147
110
102
143
175
151
116
103
122
157
180
200
181
133
94
113
153
150
101
46
6
-11
-9
-12
-27
-49
-61
-76
-91
-113
-133
-145
-142
-125
-111
-96
-99
-116
-133
-114
-70
-47
-67
-110
-130
-127
-124
-132
-148
-146
-146
-162
-190
-194
-164
-143
-164
-206
-220
-198
-181
-198
-181
-60
135
236
126
-56
-38
209
439
450
315
206
174
185
225
287
295
178
42
31
115
145
61
-14
12
96
110
39
-22
-12
57
125
156
150
103
29
-13
39
153
211
122
-50
-125
-55
31
21
-38
-63
-76
-113
-126
-68
-22
-78
-156
-136
-39
-7
-96
-167
-119
-5
42
-17
-78
-71
-38
-20
14
65
59
-16
-56
26
175
247
182
78
71
165
275
301
241
156
123
139
162
184
183
138
86
93
128
133
97
65
85
136
144
95
43
32
69
102
100
51
-21
-52
-54
-42
-29
-42
-103
-191
-220
-169
-110
-108
-145
-167
-152
-117
-96
-99
-115
-131
-108
-78
-78
-117
-151
-137
-116
-115
-127
-132
-140
-162
-183
-181
-153
-167
-224
-246
-189
-43
118
171
36
-103
-1
296
484
405
215
128
177
261
328
366
311
169
59
99
200
178
46
-21
50
120
84
-17
-60
-18
62
119
117
69
7
-22
20
107
157
120
-1
-103
-72
61
124
44
-75
-108
-81
-60
-38
3
-9
-108
-180
-125
-35
-53
-144
-159
-63
2
-66
-145
-126
-48
5
26
65
93
49
-8
47
180
227
157
98
112
145
161
179
174
127
78
74
105
137
129
108
106
97
85
80
90
92
85
91
95
70
33
20
38
66
64
33
-2
-18
-25
-32
-42
-51
-70
-106
-129
-127
-111
-115
-129
-134
-152
-166
-177
-165
-143
-142
-147
-140
-148
-155
-129
-94
-92
-123
-138
-117
-81
-65
-88
-117
-147
-170
-180
-180
-181
-185
-171
-93
40
96
-12
-132
-22
263
417
310
139
128
233
335
376
367
291
157
66
115
223
225
121
31
26
43
27
-9
-10
25
58
55
6
-34
-33
4
42
47
48
30
-9
-44
-8
81
97
-1
-95
-88
-33
-20
-28
-40
-78
-148
-174
-112
-39
-51
-135
-175
-126
-76
-85
-101
-57
-9
-28
-68
-47
7
27
52
124
196
174
110
100
183
272
303
262
178
121
145
218
242
180
87
50
56
75
83
81
64
39
43
71
93
80
64
69
96
101
72
30
5
21
27
-3
-58
-87
-89
-91
-109
-140
-170
-193
-197
-196
-192
-190
-174
-171
-185
-186
-151
-116
-126
-157
-146
-100
-75
-93
-123
-123
-94
-79
-97
-125
-130
-133
-159
-175
-178
-161
-136
-74
27
74
8
-79
25
264
388
300
168
168
261
347
380
346
254
156
130
198
259
216
106
55
80
90
63
38
31
24
26
41
27
-10
-19
19
77
74
27
-1
6
29
53
77
62
-8
-72
-64
-19
0
-16
-38
-72
-122
-133
-84
-29
-58
-144
-166
-93
-37
-63
-104
-74
-30
-46
-53
26
112
102
50
72
154
178
145
129
158
192
197
200
191
148
115
135
174
155
92
48
55
89
96
90
79
73
74
78
97
98
77
59
57
68
68
53
32
17
7
-1
-10
-24
-65
-100
-111
-115
-121
-138
-142
-161
-192
-197
-175
-157
-173
-200
-192
-147
-123
-129
-119
-100
-94
-100
-95
-63
-41
-45
-71
-82
-70
-74
-97
-120
-118
-125
-136
-151
-168
-153
-99
2
80
50
-60
-49
153
348
333
200
149
211
295
341
341
286
199
133
151
217
214
103
6
26
82
60
-16
-46
-15
28
21
-27
-58
-34
18
59
66
56
45
24
-5
10
60
77
8
-65
-61
-9
-15
-61
-58
-28
-48
-105
-103
-41
-13
-60
-107
-87
-31
-21
-44
-30
7
28
28
46
86
99
92
105
151
179
159
145
181
202
178
145
149
152
136
124
115
109
103
104
109
111
99
83
75
88
93
88
80
79
81
81
67
49
43
32
19
7
-4
-24
-47
-64
-61
-82
-119
-138
-139
-144
-150
-137
-145
-174
-181
-158
-127
-131
-146
-126
-98
-97
-119
-92
-47
-37
-78
-105
-76
-44
-55
-74
-58
-34
-39
-76
-101
-90
-72
-70
-85
-106
-116
-114
-86
-13
82
102
27
-7
120
313
369
257
151
187
278
316
283
220
172
146
145
154
133
75
23
24
51
30
-31
-63
-29
33
52
0
-67
-75
-7
70
69
0
-43
-33
-3
0
-8
5
2
-39
-71
-58
-24
-22
-44
-34
-15
-42
-77
-68
-19
-1
-30
-37
-16
8
-4
-8
24
47
31
21
64
112
120
103
108
134
154
167
178
168
151
159
183
179
140
101
98
96
86
77
85
93
76
55
51
68
82
76
62
49
35
45
49
38
14
-11
-28
-36
-44
-49
-59
-90
-119
-117
-107
-112
-152
-175
-148
-109
-115
-148
-144
-120
-95
-109
-119
-109
-102
-110
-115
-89
-58
-51
-69
-79
-67
-42
-30
-42
-54
-45
-38
-43
-56
-57
-42
-34
-53
-83
-80
-53
-32
-22
13
81
85
17
4
146
304
288
163
116
200
282
276
218
167
144
142
140
146
117
71
49
63
62
15
-19
-8
33
41
7
-36
-60
-38
22
58
13
-48
-36
16
26
3
-9
10
5
-26
-29
-6
2
-7
14
45
25
-32
-39
28
72
36
-11
-1
36
32
11
12
36
54
59
59
66
84
92
115
145
141
117
101
134
156
146
136
127
95
77
115
136
105
55
57
78
90
68
37
31
43
51
27
11
20
40
38
10
-15
-9
-6
-15
-26
-24
-32
-68
-89
-68
-43
-59
-97
-110
-87
-77
-93
-108
-103
-88
-82
-87
-92
-89
-68
-57
-58
-55
-40
-23
-18
-32
-29
-15
-4
-1
-17
-15
-6
0
-8
-15
-5
8
-1
-15
-22
-32
-43
-64
-75
-57
-31
-12
16
47
31
1
49
166
223
156
82
105
180
210
182
154
140
133
145
141
97
51
44
83
90
44
-17
-30
6
33
24
-8
-30
-27
0
32
39
12
3
42
72
51
25
35
63
56
41
43
44
25
24
51
61
18
-26
11
78
63
-1
-28
6
28
3
-17
-2
23
34
28
34
46
54
66
88
95
70
56
91
137
114
61
57
80
74
57
56
56
30
12
23
32
18
-5
-3
12
22
18
11
3
4
8
-6
-22
-12
8
-8
-37
-49
-41
-41
-43
-42
-48
-58
-63
-60
-69
-69
-70
-66
-80
-76
-59
-54
-68
-77
-57
-32
-37
-61
-60
-39
-21
-17
-30
-52
-39
-16
-10
-22
-42
-27
-6
-6
-17
-18
-15
-22
-28
-30
-32
-39
-65
-88
-90
-81
-83
-84
-64
-18
15
2
-16
10
77
120
101
79
104
151
148
106
86
95
119
114
98
61
40
51
79
83
54
25
11
31
65
83
61
35
33
61
77
62
40
46
64
61
50
39
41
38
31
30
20
9
10
15
22
24
16
18
28
21
-3
-6
21
36
18
-7
-6
5
8
2
-3
-1
3
11
25
23
7
9
23
39
36
41
45
32
28
43
58
56
43
25
34
41
45
51
45
28
17
37
54
52
43
42
41
32
30
29
30
17
4
3
8
-11
-29
-18
-9
-16
-42
-56
-52
-49
-47
-40
-46
-72
-91
-76
-60
-54
-56
-60
-63
-76
-74
-49
-35
-48
-60
-58
-49
-51
-66
-65
-49
-46
-63
-73
-59
-40
-48
-80
-73
-45
-46
-72
-83
-62
-58
-72
-84
-79
-76
-88
-81
-48
-21
-3
7
17
36
56
79
90
105
134
152
138
131
136
154
163
144
132
122
125
129
119
116
115
118
105
87
76
73
67
66
79
77
60
46
52
54
48
46
43
42
30
24
15
7
3
4
0
1
-1
-13
-25
-31
-15
-11
-34
-51
-41
-31
-34
-35
-33
-32
-32
-31
-23
-27
-33
-21
-7
-21
-31
-16
6
12
5
7
13
22
39
48
43
33
46
63
64
60
72
83
78
61
60
78
83
73
61
50
37
24
24
31
21
1
-13
-16
-19
-25
-33
-28
-31
-49
-49
-51
-54
-52
-55
-64
-68
-65
-67
-77
-86
-76
-64
-69
-85
-94
-90
-92
-91
-86
-78
-76
-92
-98
-93
-84
-84
-80
-77
-79
-79
-64
-47
-43
-38
-26
-13
-8
-16
-14
-7
-4
-12
-12
-9
-16
-23
-10
5
20
31
41
59
64
76
85
100
113
119
106
95
99
112
129
129
122
110
100
100
102
101
89
75
69
59
51
51
46
35
27
30
32
25
18
9
8
12
19
13
5
2
12
20
4
-5
3
7
0
-2
0
-7
-25
-20
-6
-1
-3
-9
-10
-7
-4
-5
-5
5
18
11
-4
-3
17
27
31
30
33
32
34
47
56
57
49
60
66
57
50
51
55
60
59
59
49
28
20
38
49
32
12
10
12
3
-11
-10
4
6
-2
-3
-3
-9
-10
1
1
-8
-22
-23
-24
-22
-24
-28
-34
-50
-58
-60
-55
-53
-65
-74
-79
-81
-68
-54
-49
-53
-53
-53
-44
-37
-25
-9
-8
-19
-28
-25
-18
-15
-16
-21
-23
-21
-26
-23
-15
-7
-14
-23
-24
-28
-29
-35
-32
-34
-37
-53
-56
-38
-30
-25
-18
-3
-2
3
17
36
43
41
51
64
56
51
58
65
64
59
64
67
58
48
44
45
48
44
43
37
25
26
33
31
27
35
38
36
36
37
35
35
26
21
29
27
17
13
12
9
2
4
8
3
-6
-3
6
3
0
5
4
-3
-5
-6
2
-1
-10
-11
3
2
-8
-14
1
10
2
-6
-5
-3
-2
-4
-1
4
4
10
15
11
4
8
18
16
13
24
30
25
15
22
25
28
22
15
17
18
15
10
12
12
17
15
4
5
11
23
23
12
13
11
11
14
17
16
16
11
3
0
1
10
6
-4
-12
-20
-17
-15
-17
-22
-23
-35
-32
-21
-11
-11
-15
-22
-19
-18
-16
-17
-18
-18
-21
-23
-33
-38
-36
-32
-35
-47
-50
-53
-61
-63
-53
-53
-75
-94
-92
-74
-66
-67
-67
-61
-43
-18
2
11
22
34
45
56
75
91
100
88
87
102
108
105
100
101
98
79
67
74
71
63
61
60
57
57
52
52
49
46
52
53
54
48
45
41
38
41
40
31
28
23
20
19
7
7
-1
-4
-14
-31
-34
-30
-30
-31
-31
-37
-36
-39
-28
-23
-24
-19
-10
1
-6
-14
-10
-8
-6
-3
-2
-5
-3
-2
13
14
8
16
16
18
30
38
40
45
47
58
56
55
63
65
60
52
50
55
63
63
57
53
49
42
36
39
33
33
30
23
19
9
4
16
19
10
-2
-3
-5
-11
-18
-18
-21
-39
-39
-45
-45
-49
-57
-58
-58
-58
-60
-62
-63
-70
-71
-69
-72
-71
-74
-76
-75
-68
-69
-73
-76
-71
-61
-57
-56
-57
-49
-46
-40
-31
-28
-33
-28
-27
-24
-20
-19
-24
-27
-25
-26
-17
-8
-1
2
0
4
20
31
37
40
46
54
56
57
61
54
49
51
60
59
50
46
45
42
38
31
34
36
34
29
30
26
27
27
24
31
29
22
19
25
30
33
21
7
4
-1
-5
-13
-15
-12
-16
-27
-34
-27
-19
-23
-25
-19
-19
-22
-20
-14
2
7
3
1
11
23
23
29
37
29
31
45
47
48
46
47
51
46
40
44
53
51
50
52
51
45
39
46
49
47
49
38
29
32
40
36
25
16
19
29
17
5
0
2
4
-6
-6
-5
-7
-8
-11
-13
-15
-21
-27
-28
-27
-31
-38
-41
-37
-37
-37
-40
-46
-45
-41
-37
-45
-41
-41
-35
-36
-38
-32
-27
-22
-25
-17
-14
-12
-10
-7
0
-1
-5
-9
-4
2
0
-4
-9
-7
-3
0
-4
-9
-17
-13
-15
-13
-15
-21
-33
-38
-39
-42
-47
-41
-41
-36
-41
-44
-38
-32
-23
-14
-7
4
14
14
14
26
37
41
38
33
39
39
40
33
30
33
32
30
27
33
36
32
30
29
32
33
35
36
39
32
25
30
24
23
24
27
24
18
15
14
13
18
15
7
3
12
18
13
13
9
10
7
1
9
12
6
5
5
5
3
0
3
7
3
5
9
9
6
3
12
10
14
9
10
13
9
11
11
12
8
6
4
3
5
5
6
7
5
5
6
7
4
2
4
13
10
7
3
3
6
5
4
2
4
7
8
7
-3
-1
-3
-6
-6
-13
-8
-7
-11
-16
-18
-21
-23
-21
-20
-25
-27
-34
-34
-33
-34
-36
-44
-46
-45
-39
-45
-47
-47
-46
-40
-46
-53
-50
-44
-41
-37
-38
-38
-34
-31
-39
-38
-33
-27
-20
-17
-17
-21
-18
-23
-27
-16
-10
-14
-22
-24
-15
-7
-4
-4
1
1
7
20
27
20
22
32
41
44
45
47
49
50
53
61
55
50
51
53
52
47
45
46
44
51
41
38
43
42
36
27
26
21
22
17
7
8
15
13
2
1
-1
3
3
-2
-2
-2
-1
-2
-2
-2
-4
-7
-13
-11
-10
-11
-10
-9
-8
-7
-10
-8
2
5
9
10
10
14
21
19
21
30
30
29
25
28
35
39
37
29
25
24
27
24
27
29
27
18
20
18
19
16
19
23
23
19
11
11
11
10
5
2
-3
-1
-4
-4
-8
-13
-19
-24
-27
-29
-22
-25
-29
-31
-32
-30
-30
-30
-32
-31
-29
-35
-37
-35
-31
-26
-35
-37
-36
-33
-26
-23
-17
-20
-22
-15
-5
-4
-3
2
0
0
2
2
3
5
1
2
3
-6
-11
-11
-7
1
0
-4
-4
-6
-12
-8
-4
-5
-5
-12
-14
-9
-7
-13
-15
-20
-23
-20
-18
-17
-18
-17
-19
-19
-16
-8
-9
-13
-7
1
4
2
2
6
8
4
7
10
6
7
11
9
18
12
4
10
19
19
20
23
28
35
38
36
36
39
42
42
36
35
27
36
33
27
26
24
29
21
28
31
30
28
28
31
34
30
29
29
34
37
30
29
27
36
31
23
24
24
23
17
12
14
13
13
9
4
3
1
1
-1
-1
-5
-10
-10
-10
-10
-11
-13
-14
-17
-20
-18
-16
-19
-19
-18
-20
-19
-18
-14
-5
-3
-6
-3
3
4
4
7
7
7
8
7
9
14
12
2
0
2
6
10
6
-1
-1
3
4
0
-2
2
-2
-4
-6
0
-5
-5
-4
-12
-11
-17
-22
-18
-17
-19
-16
-14
-13
-11
-12
-7
-8
-5
1
-2
-6
-11
-5
-8
-10
-14
-14
-13
-15
-20
-21
-19
-21
-18
-16
-10
-15
-12
-7
-3
2
9
13
20
23
20
22
24
33
35
37
38
40
46
46
44
44
45
47
47
42
43
44
46
42
40
41
38
39
37
36
37
38
32
31
28
30
33
28
23
18
18
18
14
9
14
15
12
12
10
5
7
7
2
2
2
2
-2
-4
-5
-5
-8
-10
-6
-2
-5
-6
-5
-8
-2
-4
-5
-1
5
2
3
2
9
12
12
6
11
13
11
18
14
16
19
23
17
14
20
17
16
17
27
25
21
20
18
18
23
20
18
15
11
9
1
-3
-4
-5
-6
-8
-12
-19
-18
-27
-26
-22
-25
-28
-32
-34
-31
-25
-27
-26
-29
-31
-27
-26
-30
-29
-29
-30
-30
-27
-20
-23
-20
-21
-23
-13
-9
-9
-11
-7
-5
-6
-2
0
4
2
0
1
2
4
2
4
0
3
2
-3
1
2
2
5
4
7
7
6
8
6
8
7
9
12
9
11
10
14
14
8
9
18
19
21
17
16
16
18
19
20
22
19
16
19
21
24
25
25
28
19
18
20
17
15
15
14
12
10
14
14
13
15
13
12
16
16
12
12
10
12
10
4
2
0
-3
-5
-3
-4
-7
-9
-10
-9
-13
-7
-9
-8
-5
-6
-5
-8
0
-1
-2
0
0
-3
-4
-6
-11
-10
-13
-16
-19
-23
-24
-25
-32
-36
-39
-35
-34
-40
-38
-39
-38
-34
-36
-33
-30
-33
-28
-26
-27
-25
-26
-19
-21
-24
-25
-26
-23
-22
-23
-26
-26
-26
-30
-33
-25
-20
-22
-20
-25
-25
-22
-19
-17
-19
-14
-17
-16
-17
-16
-15
-10
-8
-10
-8
-8
-12
-13
-13
-6
-7
-9
-6
-7
-10
-12
-14
-15
-16
-18
-26
-26
-23
-20
-23
-23
-23
-22
-20
-20
-21
-18
-17
-16
-15
-13
-12
-18
-11
-12
-17
-20
-14
-12
-10
-10
-4
-3
-9
-8
-1
-4
-6
1
3
5
7
8
6
7
11
13
16
12
16
11
11
14
11
14
9
11
10
10
7
10
15
11
11
11
10
7
8
6
5
3
-1
0
-1
-5
-5
-5
-9
-13
-10
-7
-6
-10
-10
-6
-11
-12
-15
-10
-5
-13
-16
-17
-17
-15
-13
-17
-21
-21
-22
-26
-25
-21
-21
-22
-26
-24
-20
-17
-22
-21
-20
-20
-16
-16
-14
-12
-15
-14
-8
-6
-7
-8
-10
-5
-6
-6
-7
-6
-6
-2
-1
-4
-10
-11
-9
-11
-6
-5
-3
-14
-15
-15
-13
-12
-10
-8
-11
-11
-12
-9
-13
-14
-14
-17
-15
-18
-17
-14
-9
-7
-2
-3
-4
-5
-3
1
0
2
-1
-6
-7
-5
-9
-9
-9
-7
-13
-11
-17
-15
-12
-10
-9
-10
-6
-4
-6
-6
-4
-2
-1
-6
-3
-6
-6
-4
-4
-6
-9
-10
-10
-9
-6
-7
-6
-2
0
-7
-1
-7
-4
-1
-3
-3
-6
-7
-9
-10
-14
-10
-15
-15
-10
-9
-11
-12
-8
-11
-8
-9
-13
-11
-12
-10
-8
-10
-8
-8
-12
-13
-11
-8
-8
-13
-11
-11
-12
-11
-11
-14
-13
-8
-8
-9
-5
-4
-9
-10
-7
-6
-6
-2
-5
-5
-5
-4
-3
-1
0
4
0
2
4
4
10
6
7
8
9
7
5
-1
-2
-1
-1
-4
-1
-2
-5
-2
-4
-4
-6
-7
-5
-8
-10
-7
-8
-9
-12
-12
-7
-9
-14
-14
-14
-13
-11
-17
-17
-17
-11
-14
-16
-17
-18
-18
-15
-17
-16
-18
-21
-16
-19
-19
-16
-19
-15
-17
-13
-16
-16
-16
-18
-11
-13
-10
-9
-7
-10
-12
-11
-12
-9
-12
-14
-12
-14
-5
-9
-7
-8
-12
-5
-7
-7
-11
-14
-14
-14
-10
-15
-16
-13
-15
-14
-9
-11
-9
-9
-14
-9
-10
-10
-12
-15
-15
-13
-11
-14
-14
-18
-14
-8
-11
-10
-11
-13
-10
-13
-8
-9
-7
-10
-13
-7
-9
-7
-6
-8
-12
-13
-8
-5
-7
-8
-7
-3
-5
-4
-3
-5
-5
-4
-3
-9
-7
-5
-7
-6
-8
-9
-7
-11
-10
-12
-11
-9
-7
-6
-4
-6
-2
-4
-3
1
-3
-5
-7
-4
-6
-6
-4
-4
-5
-6
-5
-9
-9
-5
-3
-4
-8
-17
-17
-17
-15
-15
-11
-13
-11
-12
-6
-6
-14
-9
-9
-8
-11
-11
-10
-6
-13
-13
-11
-10
-12
-15
-14
-18
-15
-16
-19
-20
-14
-14
-17
-11
-14
-8
-7
-10
-8
-13
-8
-10
-11
-16
-15
-16
-21
-22
-19
-18
-22
-23
-22
-21
-22
-22
-21
-17
-19
-18
-18
-22
-24
-22
-25
-23
-19
-21
-22
-22
-21
-22
-22
-22
-22
-16
-14
-10
-8
-14
-13
-13
-19
-19
-16
-14
-16
-16
-17
-15
-16
-12
-11
-12
-11
-11
-10
-9
-8
-6
-9
-10
-7
-7
-8
-10
-8
-8
-11
-7
-11
-8
-14
-14
-11
-15
-14
-12
-12
-12
-12
-14
-10
-12
-16
-13
-11
-15
-13
-17
-15
-19
-18
-16
-17
-18
-19
-15
-18
-19
-22
-22
-21
-21
-20
-16
-13
-16
-16
-11
-11
-14
-10
-6
-11
-9
-8
-2
-7
-17
-11
-11
-12
-17
-13
-13
-17
-16
-8
-11
-13
-9
-12
-16
-15
-13
-12
-11
-14
-11
-14
-17
-17
-17
-17
-19
-14
-13
-19
-20
-16
-17
-14
-16
-18
-16
-17
-15
-13
-15
-15
-14
-13
-16
-16
-16
-17
-13
-13
-18
-17
-15
-20
-22
-20
-22
-20
-23
-19
-13
-14
-10
-9
-11
-12
-13
-10
-3
-5
-4
-5
-6
-7
-7
-7
-4
-4
-5
-2
-6
-5
-5
-8
-5
1
-3
-4
-4
-5
-9
-8
-10
-11
-10
-13
-9
-13
-11
-9
-15
-17
-10
-9
-15
-14
-14
-11
-6
-6
-8
-7
-4
-8
-13
-13
-10
-13
-12
-9
-7
-10
-13
-14
-17
-14
-14
-13
-12
-14
-8
-7
-13
-13
-10
-8
-8
-7
-4
-7
-4
-6
-1
-2
-2
1
-1
0
0
-5
0
0
-5
-3
-2
0
-6
-3
-8
-8
-6
-5
-10
-10
-12
-13
-13
-14
-15
-13
-13
-14
-11
-14
-13
-16
-21
-19
-18
-14
-19
-20
-22
-18
-12
-14
-15
-18
-17
-16
-19
-13
-7
-10
-12
-17
-15
-12
-11
-8
-5
-5
-4
-6
-2
0
-2
-5
-4
-1
1
1
-5
-5
-1
0
-3
-6
-7
-6
-10
-5
-2
-5
-4
-4
-1
-4
-2
-2
-4
-5
0
1
0
-5
-6
-3
-5
-5
-7
-8
-5
-2
-7
-9
-8
-8
-6
-6
-9
-4
-4
-2
0
1
4
5
-2
-1
6
5
5
5
8
7
11
10
8
4
6
10
11
6
6
7
6
8
8
10
8
6
5
7
10
5
5
10
4
5
3
6
3
-1
3
5
3
-2
1
0
1
-2
0
2
2
-2
-2
-3
-2
-2
-2
-2
-7
-7
-2
-7
-6
-5
-6
-8
-8
-6
-9
-3
-4
-7
-7
-1
-7
-5
-2
-3
-1
-4
-1
-2
-3
-2
0
0
-7
-6
-8
-7
-5
-7
-5
-6
1
-1
-5
-1
-1
0
5
6
5
4
2
1
2
5
3
1
2
3
7
6
11
10
4
5
0
7
5
3
4
6
10
10
9
12
16
16
16
12
12
12
10
11
9
15
11
11
13
13
11
9
11
3
6
9
6
11
10
10
10
7
13
17
12
13
8
11
12
9
14
8
10
14
11
13
12
14
14
14
13
14
11
12
10
12
9
8
10
11
10
8
10
9
9
10
10
7
9
14
8
9
13
11
8
9
13
8
7
9
4
7
8
7
5
5
1
-1
3
5
0
2
-1
1
-1
1
5
0
0
-4
4
3
1
4
6
6
5
8
6
4
3
7
7
5
5
7
4
5
5
5
3
5
4
-2
4
2
1
1
0
-1
-2
-4
-5
-9
-9
-11
-10
-8
-8
-7
-7
-5
-6
-7
-3
-7
-1
0
-4
-1
0
-1
0
3
4
2
8
7
10
8
8
12
11
11
12
12
11
11
14
17
16
18
18
16
14
16
17
18
18
17
23
20
20
18
18
20
18
14
16
16
14
16
14
19
20
19
19
22
19
17
19
22
15
13
16
15
18
14
16
20
19
16
16
17
17
13
12
12
13
12
8
12
9
10
9
9
11
9
11
9
4
6
6
7
6
3
6
2
2
3
1
2
6
4
2
0
2
5
4
7
2
4
9
9
6
9
7
4
6
4
5
5
3
7
6
9
10
5
7
5
9
10
10
12
9
12
7
8
11
8
12
9
14
12
10
7
5
8
5
4
7
2
1
1
3
3
2
1
-5
-1
-5
2
3
1
1
-1
-2
-1
-2
0
1
2
5
5
7
4
7
7
-2
0
0
1
11
11
7
10
9
10
12
11
12
14
11
10
15
19
19
15
15
16
16
15
11
12
14
15
6
2
10
8
8
7
5
-1
6
5
5
5
2
1
3
5
3
8
2
3
1
6
8
10
10
8
8
9
10
13
13
11
11
10
10
13
11
10
13
13
14
11
13
12
14
16
11
11
12
15
15
17
21
16
16
14
20
18
16
17
17
16
15
19
16
15
14
16
17
18
15
14
12
10
13
13
6
5
11
8
11
9
3
5
1
2
3
2
3
4
7
8
7
5
8
-1
1
2
5
4
2
3
4
6
5
11
7
9
6
7
9
5
5
8
10
11
13
10
13
7
-1
3
8
5
10
12
13
16
15
15
12
11
12
7
4
5
6
5
7
1
2
5
3
3
7
2
7
8
6
7
6
12
10
13
12
12
11
11
9
6
8
2
3
4
5
6
6
6
6
5
5
6
9
8
3
6
7
7
6
9
9
5
1
4
3
2
2
1
1
1
0
8
7
4
7
10
10
7
7
9
10
5
7
6
9
7
5
5
9
6
11
7
7
11
7
8
5
9
11
15
14
15
16
12
13
10
14
14
10
9
9
13
6
9
9
9
9
10
10
8
10
9
11
10
11
10
11
10
7
7
8
12
7
7
9
5
5
3
9
9
2
7
5
4
3
0
-1
0
0
2
2
-1
1
-5
-6
-6
1
-3
-5
-1
-1
-2
-1
0
1
4
0
-1
-9
-7
-5
-4
-2
-6
-7
-4
-5
-2
-6
-7
-6
-8
-7
-3
-1
-1
-2
-9
-8
-11
-11
-12
-13
-9
-10
-12
-17
-15
-12
-10
-5
-11
-9
-6
-4
-9
-9
-5
-9
-5
-2
0
0
2
2
0
2
2
3
5
6
5
5
5
7
6
8
6
11
12
7
5
2
3
3
0
2
1
2
-3
-3
3
0
2
-3
0
4
1
4
0
3
3
0
2
2
4
6
2
0
2
0
-3
2
7
4
8
9
14
13
14
16
12
14
15
17
19
22
17
17
16
16
19
17
15
16
15
17
18
19
19
16
19
18
22
22
20
19
21
18
14
19
14
16
14
10
11
13
9
5
8
3
4
6
5
1
1
2
0
-2
-4
-4
-4
-5
-11
-9
-4
-3
-1
-2
-5
-4
-5
-3
-3
0
1
2
3
-1
4
5
0
0
1
0
1
0
0
2
2
2
3
3
2
-1
-3
-3
-2
-3
-2
-4
-5
-5
-12
-6
-5
-8
-6
-4
-3
-4
-3
0
-1
-5
-2
-3
4
1
4
2
2
3
1
3
1
4
-1
-4
-1
-1
1
1
-3
-2
-4
-1
0
0
2
-3
-3
-3
-3
0
-3
0
2
2
2
6
5
6
6
1
4
0
-1
1
-2
-2
0
0
4
6
6
5
4
7
5
8
8
10
12
9
12
13
12
12
13
8
7
11
9
7
11
12
11
11
8
10
10
13
15
16
16
13
12
10
5
8
4
3
2
2
3
-1
0
-5
-3
-8
1
-4
-3
-1
-6
-2
-7
-6
-8
-5
-5
-8
-9
-6
-7
-5
-7
-7
-8
-7
-6
-6
-3
-4
-9
-8
-4
-3
-6
-6
-8
-7
-4
-4
-2
-6
-2
0
-3
4
1
3
1
-1
6
2
-4
2
3
3
6
6
4
8
5
6
5
-2
4
1
2
0
-1
-4
-3
-3
-6
-3
-4
-5
-6
-6
-4
-3
-2
-5
-4
-3
-1
-4
-3
-3
-3
1
0
-1
2
4
3
6
9
8
6
7
7
12
8
5
5
6
7
6
3
3
1
4
-1
0
-4
-5
-3
-8
-5
-8
-9
-9
-2
-9
-8
-7
-8
-2
-6
-7
-6
-6
-5
-8
-3
-4
-8
-4
-3
-2
0
-3
1
2
-1
-1
0
1
-1
-1
-1
-2
0
-1
0
1
-1
-3
-6
-5
-5
1
0
1
1
0
-3
-4
-2
-6
-2
-4
-5
0
-4
-1
-1
-7
-6
-4
-7
-6
-6
-7
-4
-9
-4
-6
-8
-6
-6
-5
-8
-11
-10
-7
-9
-3
-6
-7
-10
-12
-10
-12
-13
-10
-7
-7
-5
-4
-1
-4
0
-2
-3
-6
-5
-2
-2
-1
-11
-9
-8
-7
-3
-4
-4
-5
-3
-6
-5
-5
-5
-7
-7
-7
-6
-6
-7
-8
-9
-9
-6
-11
-11
-9
-13
-12
-12
-13
-13
-10
-5
-6
-9
-3
0
-1
-1
0
2
-2
-7
-3
-3
-6
-3
-4
-3
-1
-1
-2
-5
1
5
4
2
-1
-2
-2
-2
-6
-9
-4
-8
-13
-16
-12
-9
-16
-16
-13
-14
-18
-16
-17
-17
-13
-14
-15
-15
-18
-21
-17
-23
-22
-27
-26
-19
-25
-23
-19
-14
-22
-15
-20
-18
-21
-22
-18
-16
-16
-17
-16
-15
-15
-13
-12
-12
-10
-12
-10
-16
-12
-11
-15
-12
-9
-6
-8
-3
-3
-5
0
-3
-4
-2
2
-1
-3
0
4
0
-1
0
1
-2
-1
2
-3
-3
-4
0
-3
0
-1
1
1
-1
-1
-1
2
1
2
3
-2
-3
1
-2
-6
-7
-7
-5
-6
-5
-9
-8
-8
-5
-5
-13
-10
-10
-3
-9
-5
-9
-8
-4
-4
0
-2
0
0
2
2
7
8
2
7
3
5
6
4
9
8
7
7
12
14
11
4
5
4
1
4
5
-2
-2
-1
-4
-5
-5
-1
-7
-6
-8
-4
-9
-5
-4
-3
-3
-9
-11
-12
-13
-13
-13
-14
-14
-13
-15
-17
-11
-10
-14
-17
-17
-20
-18
-18
-20
-22
-24
-24
-25
-24
-21
-22
-24
-22
-24
-20
-17
-18
-17
-14
-18
-14
-16
-17
-17
-19
-14
-16
-13
-15
-20
-18
-18
-20
-22
-20
-15
-15
-13
-13
-13
-14
-12
-14
-17
-16
-15
-16
-14
-17
-21
-19
-21
-21
-24
-22
-23
-21
-24
-21
-18
-21
-19
-19
-17
-17
-20
-19
-15
-14
-13
-13
-11
-11
-14
-14
-11
-17
-13
-12
-9
-13
-12
-1
-5
-7
-7
-5
-8
-6
-3
-4
-8
-11
-8
-14
-12
-7
-6
-13
-13
-10
-14
-15
-17
-14
-14
-16
-14
-12
-14
-21
-15
-17
-19
-21
-22
-20
-18
-21
-20
-21
-18
-17
-17
-21
-18
-15
-14
-11
-14
-14
-16
-15
-17
-15
-13
-13
-17
-17
-14
-11
-12
-15
-14
-16
-10
-12
-15
-16
-11
-13
-16
-13
-14
-12
-16
-13
-16
-16
-15
-13
-13
-14
-11
-11
-19
-16
-17
-21
-18
-18
-16
-19
-19
-15
-18
-24
-22
-19
-19
-21
-20
-22
-23
-20
-22
-25
-25
-26
-26
-23
-27
-21
-21
-20
-22
-24
-21
-26
-29
-28
-30
-26
-36
-32
-29
-26
-22
-21
-20
-24
-20
-21
-18
-17
-18
-19
-20
-18
-19
-20
-20
-19
-18
-19
-21
-25
-24
-26
-23
-18
-19
-20
-19
-17
-20
-19
-17
-15
-14
-11
-9
-15
-15
-9
-13
-13
-14
-12
-17
-17
-12
-17
-16
-11
-13
-11
-11
-8
-10
-14
-11
-9
-12
-13
-16
-18
-17
-15
-14
-15
-15
-18
-12
-16
-19
-15
-14
-13
-18
-15
-15
-13
-15
-19
-16
-13
-7
-13
-11
-14
-10
-8
-7
-5
-6
-3
1
4
3
5
1
-3
-6
-5
-1
-1
-1
-5
-3
-8
-9
-7
-4
-8
-10
-10
-8
-7
-11
-10
-10
-10
-10
-9
-12
-12
-10
-11
-15
-16
-17
-17
-22
-17
-21
-19
-21
-23
-23
-27
-28
-34
-26
-29
-30
-28
-33
-35
-32
-29
-32
-27
-32
-26
-26
-29
-28
-28
-22
-21
-21
-22
-24
-23
-23
-28
-29
-30
-32
-27
-21
-28
-27
-31
-28
-29
-26
-26
-28
-24
-27
-24
-27
-28
-21
-23
-25
-25
-27
-26
-23
-22
-25
-22
-22
-30
-27
-22
-24
-22
-20
-24
-18
-21
-19
-15
-20
-17
-17
-18
-20
-18
-20
-18
-20
-17
-18
-18
-17
-15
-13
-11
-12
-14
-9
-11
-10
-4
-8
-6
-5
-11
-8
-7
-6
-6
-8
-9
-14
-15
-13
-11
-14
-16
-17
-16
-15
-17
-20
-19
-18
-17
-17
-19
-14
-16
-15
-11
-15
-12
-15
-7
-6
-4
-5
-4
1
-3
0
-6
-1
0
-2
-2
-3
-2
-1
1
1
1
3
-1
1
2
1
-2
-2
-3
-5
-4
-6
-9
-14
-13
-16
-16
-16
-15
-11
-11
-15
-9
-9
-9
-15
-15
-12
-17
-18
-17
-18
-21
-17
-19
-22
-24
-21
-24
-24
-27
-31
-28
-30
-28
-28
-31
-33
-31
-29
-36
-32
-30
-30
-27
-28
-23
-26
-22
-22
-29
-25
-24
-23
-19
-21
-26
-26
-29
-28
-29
-28
-30
-27
-30
-36
-37
-38
-38
-35
-37
-38
-42
-44
-39
-38
-35
-38
-36
-34
-30
-33
-32
-31
-36
-35
-35
-30
-35
-34
-33
-33
-31
-31
-29
-29
-27
-29
-33
-29
-27
-32
-33
-36
-34
-32
-33
-29
-28
-30
-28
-24
-24
-17
-14
-19
-18
-18
-18
-18
-20
-20
-18
-19
-19
-15
-14
-18
-18
-13
-17
-14
-15
-21
-17
-17
-17
-16
-13
-17
-20
-17
-14
-17
-15
-13
-15
-13
-14
-10
-10
-10
-5
-9
-7
-2
-3
-3
-3
-5
-4
0
-2
-2
-4
-7
-2
-4
-8
-9
-8
-8
-9
-8
