-14
-12
-11
-18
-15
-12
-10
-11
-14
-11
-13
-16
-18
-22
-19
-21
-16
-20
-20
-22
-22
-21
-19
-18
-14
-16
-14
-10
-16
-14
-13
-12
-5
-7
-13
-13
-13
-13
-20
-19
-15
-18
-21
-21
-22
-22
-18
-19
-14
-20
-20
-16
-22
-21
-22
-21
-22
-22
-22
-23
-20
-22
-21
-23
-17
-17
-15
-14
-14
-7
-9
-9
-8
-7
-3
-4
2
3
0
3
2
0
0
5
4
9
1
2
4
2
1
5
8
10
5
6
10
3
8
6
6
3
0
4
5
3
4
3
7
2
0
4
4
9
4
1
4
2
2
3
3
3
2
1
5
1
-2
-3
2
-6
-5
0
-2
-1
0
-1
-7
-2
0
-3
-2
-7
-8
-11
-11
-10
-5
-6
-5
-3
-5
-3
-6
-7
-8
-9
-17
-16
-18
-19
-22
-21
-21
-23
-21
-23
-21
-18
-23
-22
-18
-22
-22
-17
-24
-25
-27
-27
-28
-30
-30
-30
-31
-31
-35
-33
-33
-34
-31
-33
-30
-28
-31
-32
-30
-25
-26
-29
-25
-28
-29
-29
-27
-26
-28
-27
-27
-30
-29
-23
-25
-33
-27
-26
-25
-24
-24
-23
-22
-21
-23
-22
-21
-24
-20
-22
-28
-26
-23
-23
-20
-17
-13
-9
-12
-13
-11
-7
-6
-8
-12
-9
-7
-7
-11
-15
-13
-15
-11
-12
-16
-16
-15
-14
-13
-12
-11
-11
-9
-9
-5
-8
-11
-8
-10
-11
-11
-12
-13
-12
-14
-14
-15
-15
-16
-12
-15
-13
-14
-14
-14
-13
-15
-15
-14
-16
-14
-15
-13
-11
-10
-13
-15
-17
-16
-15
-11
-6
-5
-8
-9
-7
-6
-5
-4
-9
-8
-12
-14
-16
-17
-14
-17
-15
-13
-12
-15
-16
-17
-17
-19
-18
-20
-20
-23
-23
-22
-20
-23
-27
-27
-25
-23
-26
-22
-25
-29
-25
-25
-24
-26
-22
-19
-23
-25
-24
-27
-29
-30
-26
-31
-29
-29
-31
-28
-29
-20
-21
-19
-21
-24
-21
-19
-22
-21
-25
-22
-21
-26
-25
-25
-28
-30
-29
-24
-21
-22
-20
-25
-18
-20
-20
-18
-14
-12
-15
-19
-19
-17
-19
-23
-27
-25
-28
-26
-27
-21
-23
-21
-18
-16
-12
-12
-10
-16
-17
-15
-20
-20
-20
-23
-27
-24
-17
-24
-24
-19
-18
-16
-10
-10
-8
-9
-5
-7
-3
-1
-6
-5
-9
-10
-4
-9
-13
-16
-19
-18
-22
-17
-15
-15
-11
-5
-7
-6
2
0
-1
-2
-9
-10
-18
-16
-13
-16
-17
-17
-17
-22
-15
-13
-12
-17
-13
-4
-10
-5
-9
-10
-9
-8
-9
-11
-6
-11
-10
-12
-10
-15
-21
-18
-22
-18
-16
-18
-11
-9
-9
-6
-5
-7
-5
-8
-13
-15
-17
-20
-26
-27
-31
-25
-24
-27
-30
-27
-24
-25
-25
-29
-23
-19
-25
-23
-20
-24
-23
-27
-24
-27
-33
-32
-38
-40
-40
-40
-38
-37
-37
-32
-32
-31
-29
-29
-23
-28
-27
-27
-24
-24
-28
-33
-35
-35
-33
-33
-33
-33
-35
-33
-29
-24
-26
-23
-24
-27
-25
-23
-21
-23
-23
-24
-25
-20
-23
-24
-28
-28
-26
-25
-28
-35
-31
-30
-28
-27
-31
-28
-25
-22
-23
-22
-19
-24
-23
-18
-18
-18
-19
-21
-23
-28
-31
-27
-27
-24
-27
-29
-28
-24
-28
-23
-19
-18
-16
-21
-15
-12
-17
-16
-17
-18
-18
-17
-22
-17
-16
-15
-17
-16
-8
-9
-8
-7
-9
-10
-11
-5
-1
-7
-4
-8
-7
-10
-10
-13
-16
-13
-9
-16
-17
-10
-18
-19
-21
-22
-23
-24
-23
-20
-17
-15
-14
-12
-14
-18
-16
-20
-18
-17
-19
-24
-21
-21
-21
-21
-24
-23
-26
-23
-23
-23
-26
-26
-26
-27
-27
-21
-19
-21
-24
-23
-25
-29
-26
-30
-30
-29
-34
-38
-39
-39
-32
-27
-25
-23
-24
-28
-22
-19
-19
-25
-29
-25
-28
-34
-30
-29
-31
-27
-28
-21
-22
-19
-16
-18
-16
-17
-16
-16
-15
-16
-16
-14
-18
-15
-14
-20
-19
-19
-18
-20
-17
-17
-18
-15
-15
-14
-16
-15
-13
-9
-7
-6
-5
-7
-10
-16
-10
-12
-10
-11
-12
-10
-15
-16
-11
-7
-12
-13
-10
-10
-6
-6
-6
-4
-4
-3
-1
-3
-6
-11
-9
-7
-9
-9
-9
-9
-16
-18
-19
-20
-18
-23
-20
-17
-18
-15
-14
-15
-16
-20
-19
-18
-16
-21
-21
-24
-22
-19
-20
-18
-22
-15
-15
-9
-9
-12
-11
-10
-10
-15
-16
-17
-20
-22
-25
-24
-21
-20
-24
-22
-22
-20
-20
-18
-17
-11
-12
-13
-14
-17
-16
-18
-22
-25
-25
-30
-31
-26
-25
-24
-24
-32
-30
-26
-23
-22
-21
-20
-22
-23
-20
-23
-25
-22
-29
-29
-33
-34
-30
-31
-31
-32
-36
-38
-39
-40
-35
-35
-29
-26
-29
-26
-25
-25
-20
-24
-23
-18
-20
-24
-27
-23
-24
-26
-27
-26
-29
-28
-23
-23
-26
-28
-26
-20
-23
-25
-23
-26
-24
-22
-22
-25
-25
-25
-23
-25
-27
-26
-25
-20
-22
-19
-19
-20
-19
-20
-18
-15
-16
-17
-18
-16
-19
-22
-19
-23
-26
-24
-25
-27
-21
-23
-25
-24
-26
-24
-27
-29
-27
-28
-29
-23
-22
-26
-27
-24
-25
-29
-23
-27
-26
-24
-26
-23
-26
-26
-27
-24
-26
-24
-24
-30
-25
-24
-21
-20
-24
-19
-19
-24
-22
-24
-26
-30
-28
-29
-29
-28
-28
-28
-31
-28
-26
-29
-27
-28
-28
-30
-29
-27
-28
-24
-26
-28
-30
-22
-21
-22
-25
-26
-24
-23
-23
-18
-19
-20
-23
-18
-16
-20
-16
-24
-20
-22
-22
-25
-23
-22
-28
-23
-20
-21
-22
-21
-23
-19
-16
-18
-14
-12
-10
-6
-9
-5
-9
-12
-15
-18
-21
-22
-22
-27
-29
-26
-30
-29
-26
-29
-27
-25
-27
-23
-23
-23
-21
-21
-20
-21
-24
-23
-26
-29
-25
-28
-28
-26
-22
-25
-20
-21
-22
-20
-21
-18
-17
-18
-18
-20
-18
-18
-18
-17
-20
-17
-25
-27
-24
-25
-26
-30
-29
-29
-29
-30
-28
-24
-23
-22
-21
-20
-22
-22
-24
-21
-20
-27
-26
-23
-23
-24
-25
-29
-26
-24
-24
-25
-24
-18
-21
-19
-22
-20
-19
-17
-15
-17
-17
-16
-18
-20
-24
-26
-31
-33
-30
-31
-27
-28
-27
-32
-36
-34
-30
-31
-31
-27
-27
-26
-22
-26
-27
-30
-31
-35
-37
-33
-36
-34
-36
-33
-36
-36
-32
-31
-26
-26
-27
-26
-23
-23
-20
-21
-23
-22
-32
-35
-35
-34
-30
-33
-30
-33
-34
-29
-30
-32
-27
-24
-22
-21
-23
-20
-22
-21
-24
-24
-31
-33
-34
-39
-41
-43
-41
-40
-41
-43
-40
-36
-34
-34
-32
-27
-28
-29
-28
-30
-26
-32
-34
-34
-37
-40
-37
-41
-45
-44
-46
-48
-43
-35
-34
-30
-31
-29
-29
-26
-24
-28
-28
-30
-28
-31
-33
-35
-34
-35
-36
-32
-32
-23
-24
-24
-21
-16
-11
-9
-10
-17
-15
-18
-15
-19
-19
-16
-20
-19
-24
-28
-25
-26
-23
-19
-15
-17
-15
-14
-15
-15
-11
-8
-10
-10
-12
-17
-19
-19
-26
-24
-26
-23
-23
-24
-19
-22
-23
-21
-16
-12
-14
-12
-19
-15
-15
-17
-20
-24
-26
-35
-36
-37
-37
-35
-34
-34
-28
-28
-29
-26
-23
-20
-22
-20
-18
-18
-18
-18
-15
-13
-21
-22
-20
-27
-25
-23
-22
-27
-28
-23
-21
-17
-16
-18
-16
-16
-17
-11
-9
-12
-12
-13
-11
-14
-17
-23
-16
-17
-18
-21
-26
-22
-22
-18
-13
-12
-12
-11
-14
-15
-11
-12
-14
-12
-12
-11
-14
-13
-17
-21
-17
-24
-22
-23
-19
-17
-14
-14
-12
-11
-12
-7
-10
-11
-12
-10
-14
-13
-14
-16
-16
-21
-21
-20
-19
-22
-19
-16
-20
-20
-18
-21
-16
-15
-14
-17
-15
-15
-18
-13
-21
-18
-23
-22
-23
-26
-21
-21
-21
-19
-24
-21
-16
-19
-14
-14
-15
-12
-14
-18
-11
-12
-14
-14
-19
-20
-22
-29
-27
-27
-31
-27
-27
-30
-22
-20
-17
-13
-13
-10
-9
-13
-17
-20
-20
-28
-31
-33
-33
-35
-44
-44
-41
-36
-40
-34
-33
-31
-26
-28
-23
-25
-20
-19
-18
-19
-25
-24
-29
-33
-35
-35
-36
-40
-44
-44
-42
-37
-32
-28
-21
-21
-13
-12
-14
-11
-15
-14
-16
-19
-19
-21
-24
-22
-26
-22
-18
-19
-11
-14
-15
-12
-12
-11
-10
-8
-7
-7
-4
-5
-1
-6
-4
-2
-6
-3
-9
-10
-13
-14
-13
-12
-9
-8
-8
-7
1
0
3
-1
0
-1
-3
-4
-5
-9
-13
-16
-13
-13
-21
-18
-21
-23
-20
-15
-10
-7
-6
-6
0
0
4
3
1
-4
-4
-5
-11
-12
-11
-15
-18
-18
-22
-17
-18
-12
-7
-7
-6
-6
-9
-8
-5
-7
-5
-11
-15
-15
-17
-14
-21
-23
-22
-27
-24
-22
-25
-24
-20
-20
-19
-18
-16
-14
-13
-14
-9
-13
-19
-16
-17
-19
-20
-22
-18
-18
-21
-21
-19
-21
-21
-18
-15
-16
-15
-11
-11
-13
-12
-15
-16
-21
-21
-29
-39
-37
-37
-37
-37
-38
-32
-31
-31
-29
-21
-20
-24
-18
-14
-23
-20
-17
-20
-23
-24
-27
-28
-23
-24
-22
-18
-13
-15
-12
-9
-10
-5
-5
-7
-2
-3
-4
1
1
-3
-5
-4
-4
-10
-9
0
-4
-7
-3
-2
-5
-2
7
6
5
4
6
3
0
4
5
3
0
1
-5
-6
-6
-9
-10
-5
-3
-6
-5
1
-1
-1
7
11
3
11
17
13
7
3
-1
-6
-6
-11
-17
-15
-16
-20
-21
-20
-16
-17
-15
-2
-2
-15
-4
6
-3
-11
-7
-2
-11
-17
-9
-18
-22
-23
-17
-16
-25
-23
-15
-13
-22
-11
-6
-9
0
-6
-8
-2
-4
-11
-21
-8
-12
-23
-19
-10
-13
-28
-23
-6
-20
-22
-10
0
-6
-16
-7
-1
-10
-10
-3
-13
-12
-12
-21
-19
-16
-27
-21
-7
-16
-18
-13
-12
-16
-6
2
-6
1
4
-7
-7
6
1
0
4
10
0
-6
5
-6
-7
-7
-11
-5
-8
-21
-14
2
0
-8
0
-1
-3
0
-12
-10
9
-13
-18
-2
1
-17
-26
-12
-4
-14
-16
-1
9
-5
-18
8
10
-18
-10
9
-2
-13
-16
-9
-17
-24
-20
-6
-25
-24
-7
-19
-22
-7
-9
-21
-13
-2
-12
-22
-1
-12
7
-12
-24
6
-9
-29
-12
3
-17
-37
-20
11
-35
-54
1
-1
-38
-23
6
-7
-38
-18
13
-23
-41
-3
2
-42
-34
-2
-16
-54
-28
-16
-43
-51
-26
-29
-37
-44
-16
-24
-39
-15
-18
-19
-22
-12
-21
-19
-9
-9
-26
-17
-6
-24
-17
-9
-20
-13
-13
-9
-11
-2
-10
9
-16
-13
5
-9
-28
-3
7
-19
-24
-2
-16
-26
-18
0
-10
-18
-14
-7
-8
-23
-3
-3
-7
-9
-3
0
-6
-21
-6
-2
-34
-18
-2
-32
-44
-14
-3
-36
-27
26
-17
-29
1
7
-16
-25
12
-4
-22
-11
-14
-24
-11
-20
-5
-21
-10
-19
-25
-15
-8
-23
-25
0
-15
-12
-18
0
8
-24
-8
9
9
-25
-6
22
-16
-29
10
-13
-27
-10
-9
-10
-12
-19
-1
-6
-17
-1
-1
-4
-13
7
-4
-6
9
5
-4
5
-4
-10
-4
-5
-21
-11
8
-8
-25
4
13
-9
-16
33
7
-7
12
29
-22
-28
9
9
-26
-17
31
1
-39
-12
32
-10
-27
13
34
-19
-19
37
18
-20
2
33
17
-41
2
33
-28
-38
23
9
-39
-2
18
-13
-23
13
6
0
0
17
23
-9
0
36
-6
-18
40
-3
-6
4
11
-18
0
2
2
-17
-6
-3
-8
-31
12
-1
-25
-6
8
-2
-27
-7
-2
-14
-38
6
-13
-30
-16
6
-29
-15
-3
-14
-25
-16
16
-19
-32
-3
11
-29
-24
22
-7
-45
-3
5
-27
-35
-16
-4
-18
-31
-23
-1
-24
-39
-3
14
-41
-12
2
-20
-27
-4
-11
-12
-17
-8
-24
-21
-4
-3
-23
-25
2
0
-33
-4
2
-14
-35
-3
-10
-8
-36
-7
2
-32
-31
-10
1
-32
-29
3
-3
-47
-18
9
-38
-41
13
-23
-29
-5
11
-31
-22
21
-14
-38
3
19
-38
-38
33
0
-36
4
34
-7
-31
8
21
-21
-15
16
15
-24
-9
14
-7
-27
-3
3
-4
-22
24
-6
-13
1
23
-1
-10
36
10
-17
14
29
-12
-4
8
4
-6
-16
4
-7
-19
-9
-12
2
-9
-11
-7
0
-7
-2
-11
13
-12
-5
4
-4
-2
5
-9
-4
20
-16
-11
15
0
-11
-5
23
9
-29
18
26
-9
-15
15
17
-20
-2
19
-3
-16
0
-14
-8
-10
-5
2
-3
7
-3
-9
-3
-6
-19
-11
9
-3
-30
11
-6
-15
-7
-3
-4
-11
-23
-11
-1
-33
-12
-6
-9
-18
-21
1
-8
-15
2
-9
-7
2
19
-16
-17
28
-14
-40
-4
19
-48
-25
16
-12
-15
-12
7
-2
-25
21
0
8
2
8
10
-4
1
2
2
4
-4
-14
-2
-15
-24
-7
-3
-23
3
-7
-14
10
-7
-4
8
10
-12
0
14
1
-16
3
12
-14
10
6
0
8
14
19
7
25
16
14
28
8
28
28
22
17
27
22
-5
25
9
4
7
6
7
7
-5
2
8
8
-10
28
0
14
21
-1
26
17
12
-4
26
16
-8
11
14
1
-9
8
1
-6
0
0
-4
2
3
-6
3
7
2
-19
5
13
-9
-14
15
-3
-15
-2
2
-14
-14
10
-12
-34
22
-18
-23
-9
13
-18
-19
5
-5
-12
-14
1
15
-11
-1
1
0
-1
-15
-18
13
-19
-25
-16
-3
-14
-31
-10
-4
-12
-37
3
12
-20
-33
16
9
-37
-14
16
-25
-40
-8
12
-54
-22
-5
-11
-54
-6
12
-24
-24
-5
21
-40
-13
4
-2
-23
-8
7
-30
-30
-10
-2
-43
-22
-3
-13
-32
-7
-2
-18
-4
8
2
-6
5
7
-7
1
2
0
-14
0
-16
-29
-16
-17
6
-32
-4
6
-22
-7
-11
32
-21
-5
34
-2
-2
-5
29
-5
-15
-5
11
2
-33
-2
28
-34
-6
22
13
-40
17
34
3
-12
29
43
-21
12
61
10
-1
27
36
-3
8
14
-6
-18
-5
2
-37
-2
-15
-11
-15
1
15
-6
7
30
8
28
20
17
18
19
1
-11
29
-1
-18
-5
12
-17
-13
22
11
-3
16
21
24
17
15
32
24
0
9
23
-17
9
2
-2
-9
-6
-13
-11
-19
-15
-15
-17
-15
6
-15
4
-6
11
14
-5
9
6
-3
-5
-5
-27
0
-3
-32
-13
4
-39
-15
-5
-11
-11
8
-17
9
2
7
-8
10
-6
9
-6
-15
0
-18
-6
-25
-13
-1
-27
-33
10
2
-43
27
12
-12
2
28
22
-16
20
1
15
-16
1
11
-15
-14
-13
7
-35
-10
-10
7
-11
-16
37
16
-11
19
47
2
19
38
47
-6
5
56
-1
-12
23
18
-11
-1
43
-20
15
19
45
-4
22
50
48
19
23
91
16
19
47
57
-7
13
62
-1
-30
46
17
-23
29
26
6
12
36
44
11
9
71
42
-14
36
70
2
-25
49
26
-36
-2
20
-15
-10
-4
24
-14
12
4
20
20
16
4
12
38
8
-16
37
31
-28
12
36
-12
-27
11
6
-14
-29
14
2
-12
-24
25
10
-36
-4
57
-16
-20
40
31
-31
6
42
-15
-30
17
14
-55
-14
10
-18
-54
7
3
-44
-20
18
-16
-28
11
8
-29
-10
-1
-28
-24
-19
-21
-30
-11
-23
-24
-15
-20
-27
2
-39
1
14
-24
-18
43
-16
-34
36
7
-21
-22
31
-11
-44
-11
11
-34
-40
-8
-1
-39
-34
13
17
-31
15
12
11
-8
21
12
12
2
11
1
3
-10
-16
17
-25
-24
2
-3
-42
17
20
-35
12
60
-24
4
36
46
-13
15
53
28
-18
12
38
-7
-7
14
14
2
-5
13
9
-1
26
18
5
34
32
16
-3
52
48
-12
-2
72
28
-36
40
56
7
-22
41
50
-11
-12
71
33
-27
47
56
1
4
48
22
-4
30
49
1
1
54
10
-25
17
46
-25
-17
42
25
-26
11
33
13
-10
24
42
17
10
28
36
7
34
15
25
29
-1
11
35
11
-18
38
11
-7
1
32
-1
-4
24
32
-14
24
22
18
-4
24
32
0
2
18
12
-20
-1
16
5
-2
-4
27
-24
2
30
-3
-10
25
8
-14
17
38
-31
20
30
-2
-17
40
4
-15
11
21
-7
-27
38
-21
-17
9
3
-20
-15
51
3
-53
59
11
-28
-10
39
3
-37
2
30
-20
-59
47
1
-23
-22
47
-15
-24
30
29
-20
22
41
11
-7
62
23
7
17
19
32
-5
10
36
18
-25
19
51
-6
-26
66
6
-3
4
61
9
16
43
26
32
44
10
40
50
17
16
42
33
12
27
44
22
20
24
35
25
22
25
24
35
11
23
15
54
-8
-3
60
11
-20
-2
51
5
-37
27
47
-36
-9
51
13
-1
14
40
24
-10
40
13
4
7
8
24
-35
-4
41
-10
-29
28
40
-57
1
71
-41
-23
42
54
-53
8
48
14
-34
19
69
-36
-16
39
19
-24
-14
52
-41
-27
15
12
-56
-18
9
5
-46
-7
44
-20
-24
30
34
-31
-15
4
30
-44
-21
28
-6
-42
-10
24
-5
-55
19
27
-53
-9
24
0
-8
-2
33
-6
7
3
0
24
-29
-7
8
6
-33
-8
19
-25
-24
25
-3
-28
12
47
-50
21
36
3
-19
58
20
-1
23
28
-11
8
27
-19
19
27
-20
23
35
8
-6
60
36
6
51
29
43
22
31
42
45
-5
51
35
-16
50
47
-31
38
68
12
-3
64
39
27
12
66
63
9
39
39
55
0
-7
81
42
-41
40
83
-35
-5
96
0
-6
34
79
8
3
73
41
0
50
29
53
4
33
41
-1
14
26
0
-27
36
0
-2
2
40
28
-17
58
37
-1
52
39
13
28
31
10
13
44
-33
7
15
-15
-1
-52
12
0
-18
-22
0
16
-29
14
13
7
15
11
-3
41
7
-19
13
32
-40
2
9
-5
-26
-33
-11
-2
-24
-16
-3
-17
-2
22
-27
5
29
-19
4
15
6
-17
-12
-21
53
-48
-61
68
-30
-65
-4
39
-45
-42
36
6
8
-25
63
-13
-19
26
31
-44
0
44
-70
-5
-1
-28
-15
-38
32
29
-62
27
36
-13
-2
25
68
-17
3
72
15
4
58
24
-1
41
6
13
-11
30
9
-22
47
45
-32
31
40
24
13
55
20
11
43
24
-4
48
30
-36
39
39
4
4
47
36
0
30
83
18
10
58
87
-15
11
128
-26
-26
106
8
-52
31
35
-8
-18
2
41
-33
-30
55
4
-18
13
48
-1
-7
54
30
1
24
59
-6
12
48
4
-18
25
39
-55
9
31
-17
-18
25
8
-13
20
28
-26
32
20
0
39
20
-9
39
21
-59
29
-6
-47
-9
-8
-18
-73
-1
-23
-47
-10
2
-21
-7
15
-12
-6
37
-1
23
-3
36
25
-19
18
44
-24
-14
17
-17
-50
-2
-20
-61
-34
-28
-53
-23
14
-45
-6
14
15
9
7
23
64
-2
-42
104
-8
-65
51
21
-51
-5
0
-44
-13
8
-31
7
4
-25
9
-34
13
0
-6
-22
14
8
-11
-6
38
-23
16
8
36
17
-21
17
41
34
-36
8
69
-17
-10
66
39
-23
32
57
28
11
56
-7
12
36
-6
29
46
-14
12
34
16
1
39
11
25
50
19
47
10
7
49
44
-5
31
61
4
-2
77
32
2
30
76
13
3
68
33
-9
22
55
6
-15
51
-8
-6
24
36
-31
2
72
-21
8
46
26
-5
-2
46
31
6
20
29
13
-11
26
48
17
-21
52
40
-30
34
48
-22
-19
67
-5
-39
8
1
-26
-12
35
1
-23
-16
8
20
-45
0
42
-57
-50
34
10
-107
-5
8
-80
-19
0
-41
-56
-49
-15
-21
-49
-31
-3
-62
-44
19
-45
-36
-3
3
-38
-17
5
-51
-46
-22
0
-33
-28
-14
-22
-39
-7
23
-16
-10
4
4
5
-1
20
14
12
33
37
39
0
25
39
-3
22
77
26
-10
43
61
18
27
75
56
33
60
86
62
21
60
91
57
34
65
65
-3
19
76
32
0
44
37
-13
8
37
23
8
15
48
13
-4
36
10
-8
7
35
1
-40
-8
-26
-60
-26
-20
-55
-66
-50
-50
-54
-48
-38
-30
-34
-1
-13
-29
-17
-19
-51
-41
-27
-50
-77
-63
-56
-74
-84
-73
-82
-126
-141
-139
-139
-117
-119
-68
16
23
11
35
84
90
122
193
228
205
206
244
249
213
207
231
210
172
194
165
93
73
65
25
26
29
-13
-53
-61
-73
-77
-77
-78
-68
-81
-88
-53
-56
-71
-53
-26
-1
33
67
83
84
113
144
164
197
213
196
163
182
191
152
136
134
106
63
58
39
-20
-47
-58
-51
-69
-82
-80
-116
-152
-121
-89
-110
-109
-76
-96
-112
-85
-65
-70
-82
-46
-35
-53
-46
-35
-46
-55
-42
-15
-41
-84
-68
-77
-118
-114
-84
-130
-173
-172
-176
-215
-266
-269
-275
-297
-278
-171
-79
-59
-44
-26
5
77
168
254
304
308
321
343
376
368
358
339
316
322
306
255
182
141
79
63
87
73
4
-51
-89
-109
-94
-68
-90
-103
-84
-104
-86
-47
-47
-67
-46
14
57
58
72
90
79
92
153
206
192
166
157
185
217
208
203
199
171
152
167
172
124
73
75
76
62
36
10
-37
-64
-59
-30
-36
-54
-69
-73
-60
-35
0
-10
-14
9
28
43
49
32
19
32
34
35
28
-4
-46
-54
-43
-65
-93
-113
-161
-179
-181
-186
-198
-230
-251
-273
-261
-260
-273
-294
-336
-364
-352
-352
-330
-238
-113
-19
-11
-20
27
120
213
306
424
443
404
416
460
463
436
425
404
383
331
272
198
115
36
-4
5
7
-59
-149
-221
-219
-205
-185
-159
-170
-187
-200
-156
-97
-66
-46
-8
38
81
105
128
138
145
174
240
278
281
219
152
165
191
198
199
212
129
38
40
62
55
56
36
-20
-43
-47
-55
-54
-69
-86
-64
-32
-48
-56
-42
-47
-12
56
93
87
68
72
80
119
166
174
149
104
74
58
45
40
31
-8
-47
-73
-104
-161
-185
-185
-194
-199
-211
-257
-299
-306
-303
-287
-250
-233
-258
-308
-322
-324
-318
-306
-262
-93
128
161
34
-4
146
289
383
532
615
529
396
425
567
586
488
439
446
381
241
164
140
47
-73
-51
40
-5
-205
-350
-334
-260
-205
-144
-134
-193
-285
-287
-149
-13
17
-13
24
100
105
90
163
214
195
203
305
373
258
91
82
183
223
193
163
103
-12
-78
-31
45
42
-54
-114
-80
-65
-109
-117
-79
-73
-85
-54
-11
-16
-59
-52
48
136
133
108
98
100
110
157
209
188
125
84
91
96
55
23
-9
-56
-82
-90
-130
-193
-222
-227
-221
-203
-221
-259
-286
-292
-269
-228
-216
-244
-239
-223
-217
-212
-211
-231
-261
-274
-252
-178
-31
114
112
13
14
187
342
397
460
511
437
363
430
561
557
420
359
377
312
194
126
113
51
-46
-53
10
-56
-274
-374
-260
-138
-143
-166
-155
-192
-272
-214
-6
116
56
-11
58
135
122
125
233
301
236
186
275
336
202
76
158
290
255
120
75
88
3
-55
47
139
48
-108
-112
-37
-31
-60
-47
1
-14
-65
-46
23
15
-25
-1
75
115
66
35
65
102
94
98
141
117
42
33
65
50
-9
-40
-44
-62
-98
-135
-160
-189
-235
-236
-203
-210
-250
-267
-251
-235
-230
-224
-198
-205
-217
-201
-163
-166
-216
-238
-244
-256
-247
-124
112
166
-26
-121
67
279
338
390
488
431
260
270
493
607
452
302
325
327
190
77
122
137
-19
-127
-27
16
-194
-400
-309
-90
-83
-196
-209
-171
-232
-274
-61
182
117
-90
-80
110
167
115
192
315
230
70
142
343
317
110
88
260
293
118
35
116
132
24
29
145
110
-82
-157
-8
99
11
-77
-51
-20
-80
-80
33
78
-27
-101
-7
109
76
18
56
107
75
46
103
134
76
33
76
99
30
-57
-41
-13
-44
-85
-99
-134
-207
-243
-175
-115
-160
-231
-239
-209
-211
-189
-134
-129
-205
-244
-200
-166
-201
-238
-260
-295
-314
-153
127
157
-108
-224
47
312
331
357
449
362
177
255
570
688
450
224
274
346
233
144
224
193
-40
-163
-8
90
-124
-380
-293
-54
-75
-245
-255
-180
-250
-289
-72
157
47
-226
-199
62
164
90
129
242
156
-10
111
406
388
108
45
253
303
134
102
218
162
9
31
181
170
-29
-129
-12
124
52
-68
-37
-3
-85
-94
47
91
-62
-176
-66
93
71
-8
-5
35
13
1
98
170
91
-13
26
117
107
20
9
32
-7
-66
-55
-31
-110
-192
-158
-85
-113
-198
-223
-186
-166
-163
-145
-146
-216
-287
-235
-146
-145
-197
-253
-291
-316
-300
-295
-153
98
109
-178
-256
54
291
301
344
445
348
160
247
584
721
486
267
325
393
252
181
336
344
49
-125
51
155
-87
-289
-141
41
-99
-300
-215
-79
-202
-271
-33
139
-66
-306
-144
131
122
24
137
208
6
-101
188
461
313
50
71
228
185
113
233
330
184
-4
56
203
189
71
31
83
71
-33
-68
12
16
-76
-116
-54
-49
-158
-180
-76
-3
-50
-125
-91
-51
-74
-47
56
98
6
-53
23
80
60
51
73
39
-46
-58
12
21
-58
-96
-62
-82
-167
-155
-85
-125
-197
-175
-121
-159
-224
-197
-144
-174
-235
-247
-239
-311
-373
-349
-226
-40
19
-127
-281
-138
118
246
292
339
266
117
183
478
678
552
318
260
336
339
309
389
409
167
-63
61
257
137
-117
-100
45
-28
-190
-125
12
-107
-285
-151
84
-24
-284
-220
33
45
-100
-26
121
-3
-169
15
336
283
-24
-55
153
201
81
137
270
150
-84
-35
211
250
112
26
68
75
37
66
131
106
-25
-98
-10
62
-2
-64
-50
-47
-93
-102
-34
0
-61
-93
-41
14
-4
-27
24
57
26
14
64
103
45
16
49
59
-1
-40
14
20
-81
-146
-92
-74
-154
-180
-119
-113
-221
-266
-187
-157
-200
-221
-191
-241
-359
-347
-258
-253
-331
-205
-8
-95
-361
-267
106
200
80
125
243
111
16
283
606
524
215
145
289
325
275
371
467
261
-44
-40
210
289
128
25
62
31
-88
-75
84
119
-49
-140
-52
-21
-117
-120
28
71
-74
-157
-53
-8
-70
-48
88
98
-73
-167
-59
62
54
27
46
3
-108
-69
116
173
107
63
23
11
113
217
191
148
133
46
4
123
218
113
-10
8
36
-32
-29
75
62
-70
-103
-8
24
-35
-29
32
10
-72
-68
24
39
-31
-32
27
22
-40
-44
3
5
-34
-41
-26
-42
-84
-86
-51
-47
-80
-104
-118
-133
-118
-102
-124
-182
-196
-224
-270
-287
-256
-291
-312
-195
-102
-201
-333
-201
-18
2
-27
62
107
12
2
204
356
273
148
179
274
264
255
346
377
232
108
204
362
343
218
179
209
168
97
154
247
163
-5
-24
71
53
-36
-13
31
-60
-185
-134
-21
-75
-180
-149
-75
-128
-210
-144
-43
-90
-183
-146
-56
-83
-127
-59
1
-40
-64
-21
13
37
87
100
77
74
75
78
140
228
212
109
75
119
119
99
142
153
38
-62
-34
37
29
-8
-19
-49
-104
-102
-20
33
9
-30
-32
-2
25
45
68
63
16
-11
5
53
60
5
-21
-16
-36
-79
-75
-34
-37
-83
-114
-108
-104
-125
-121
-91
-89
-144
-190
-171
-145
-161
-186
-194
-213
-273
-268
-164
-101
-173
-232
-158
-85
-70
-38
48
72
33
51
163
239
208
176
210
251
260
255
287
298
241
185
214
283
256
176
154
173
151
92
121
184
128
21
16
80
66
10
27
58
-3
-78
-59
9
-2
-59
-62
-36
-81
-135
-105
-32
-47
-126
-150
-120
-113
-135
-105
-61
-87
-151
-152
-88
-48
-44
-30
-14
-18
-33
-1
67
108
99
80
78
91
112
127
152
161
135
100
100
121
122
125
128
117
90
63
74
95
87
61
38
26
8
-4
2
3
-22
-62
-74
-75
-75
-78
-87
-91
-112
-124
-116
-106
-97
-109
-116
-105
-106
-119
-122
-100
-86
-99
-104
-93
-79
-85
-88
-57
-34
-54
-87
-81
-67
-92
-102
-73
-57
-86
-112
-90
-54
-27
-23
-8
2
5
25
71
113
117
105
102
123
138
153
166
163
139
129
139
143
141
126
123
121
109
102
105
106
83
63
74
79
52
31
43
39
8
-3
1
-12
-44
-60
-44
-32
-51
-71
-68
-56
-60
-64
-49
-37
-50
-64
-50
-17
-7
-27
-34
-11
3
-5
-2
26
29
6
-1
42
77
61
38
49
66
58
63
93
99
61
35
63
74
56
45
44
36
-1
-23
-7
12
-1
-9
-2
-20
-39
-34
-13
-3
-13
-27
-29
-34
-33
-23
-12
-11
-30
-56
-55
-36
-23
-24
-27
-29
-37
-40
-33
-13
-8
-26
-45
-36
-25
-20
-18
-17
-25
-30
-29
-27
-22
-15
-13
-30
-43
-32
-17
-19
-35
-40
-46
-66
-80
-71
-68
-69
-77
-79
-73
-77
-68
-53
-56
-55
-45
-42
-34
-25
-9
-6
-12
-9
-4
4
8
13
23
33
34
28
30
45
54
51
67
76
59
48
56
78
87
86
94
99
90
80
94
111
108
95
95
108
92
68
75
92
78
45
41
39
17
-6
11
27
-7
-45
-45
-29
-45
-65
-55
-41
-70
-86
-56
-22
-28
-43
-25
-22
-28
-21
5
13
-7
-9
7
19
15
15
26
18
11
19
36
50
46
41
46
53
56
49
44
37
21
13
21
19
7
0
-2
-12
-22
-13
-12
-29
-39
-34
-18
-22
-25
-22
-17
-16
-12
-1
-4
-7
-8
0
3
-2
1
7
-13
-23
-17
-11
-23
-31
-33
-35
-43
-46
-42
-54
-61
-65
-63
-51
-38
-50
-64
-71
-46
-33
-30
-35
-45
-58
-62
-44
-22
-15
-36
-52
-42
-15
5
23
33
33
31
29
38
67
88
84
73
67
64
60
56
57
60
50
30
10
8
13
6
1
6
-7
-33
-46
-24
-3
-9
-27
-38
-33
-34
-28
-18
-10
-26
-41
-36
-6
9
10
9
1
-7
-5
17
35
12
-19
-23
-11
-4
-2
10
8
-16
-32
-11
5
-12
-24
-17
-20
-36
-28
-5
2
-19
-24
0
9
5
14
24
27
26
33
48
46
31
32
42
41
28
29
36
30
16
18
24
19
8
-5
2
-1
-7
-10
-17
-21
-24
-29
-40
-45
-48
-55
-55
-46
-40
-45
-54
-46
-31
-16
-13
-18
-18
-26
-29
-17
5
16
1
-9
0
6
9
13
21
22
-1
-12
-5
2
-3
-6
0
-8
-25
-38
-26
-14
-14
-13
-11
-27
-38
-33
-19
-4
-5
-17
-16
-13
-4
3
7
19
23
9
5
17
29
26
25
29
32
27
22
27
27
18
12
15
11
-10
-14
-8
-7
-25
-31
-8
-8
-36
-40
-26
-28
-37
-37
-20
-22
-35
-34
-14
-3
-8
-5
9
8
2
2
21
22
4
7
20
19
4
8
19
5
-13
1
23
22
-4
-20
-10
-9
-16
-18
-3
-6
-35
-39
-18
8
0
-14
-17
-21
-30
-26
-9
-1
-7
-20
-15
-5
-6
-8
3
16
6
-6
-7
1
-4
-4
12
26
9
-4
-3
3
12
15
11
-1
-10
-7
4
7
4
-3
-14
-16
-14
-12
-14
-12
-21
-25
-27
-21
-16
-32
-37
-32
-18
-7
-8
-8
-7
-8
-8
3
15
6
-15
-16
-6
2
10
16
18
14
0
1
13
19
9
-4
6
10
5
-1
4
14
10
4
10
13
8
4
11
19
11
1
-3
-3
-10
-11
-1
2
-17
-20
-8
8
9
3
-1
-8
-20
-18
7
12
-10
-25
-19
-7
-3
-7
1
-6
-15
-12
0
14
11
6
6
11
9
3
11
10
8
-4
-7
-4
-10
-7
-4
1
5
3
6
7
10
12
17
22
14
8
10
17
16
16
17
13
8
6
6
4
0
2
2
-13
-23
-15
-11
-11
-19
-13
-13
-28
-30
-19
-15
-16
-21
-17
-22
-34
-36
-21
-7
-11
-16
-15
-13
-16
-12
3
9
5
7
10
19
16
14
26
40
35
19
19
33
29
11
13
24
14
-4
-3
3
2
-6
0
13
6
-8
-1
11
15
8
14
14
6
-6
1
13
8
-1
3
3
-12
-16
-3
5
-5
-10
-2
1
-2
11
22
11
-1
-5
3
-3
-7
-10
-9
-15
-25
-19
-4
-4
-18
-26
-13
-11
-7
8
7
9
5
12
21
30
37
44
44
45
48
49
47
53
52
46
45
32
28
19
14
15
12
6
-4
-9
-12
-12
-9
-11
-20
-26
-29
-28
-22
-20
-29
-27
-29
-29
-30
-29
-22
-23
-13
-9
3
5
4
15
28
31
23
25
30
33
34
34
36
22
10
7
9
6
0
3
-4
-15
-19
-11
-12
-8
-6
-3
-5
-12
-12
-18
-14
-13
-12
-14
-26
-32
-25
-22
-17
-15
-12
-17
-29
-27
-14
-2
-5
-5
0
-5
-9
-4
3
1
-8
-15
-10
-9
-10
-9
-2
-3
-13
-13
-11
-15
-22
-10
-7
-14
-20
-16
-8
-14
-11
2
6
1
1
10
21
22
23
30
30
22
13
17
20
10
15
20
18
9
10
18
11
-2
1
4
-5
-16
-11
-4
-20
-32
-27
-22
-32
-39
-29
-19
-30
-33
-19
-14
-21
-18
-1
9
3
1
15
20
23
22
33
36
23
22
33
30
16
8
7
13
13
10
3
0
1
-4
1
1
-4
-8
-11
-5
2
4
7
8
1
-1
-5
-4
-4
-11
-7
-7
-4
-11
-9
-5
-8
-5
2
1
-12
-7
0
9
9
2
2
0
-11
-19
-5
0
-10
-15
-12
-13
-18
-22
-10
-9
-20
-24
-16
-7
-9
-6
1
4
-2
-7
-6
-10
-17
-15
-12
-6
-6
-9
-13
-8
-2
-4
-7
-5
-4
-7
-12
-4
0
-4
-3
-8
-11
-14
-15
-20
-18
-19
-18
-20
-24
-27
-22
-23
-24
-16
-9
-12
-11
-6
-6
-10
-8
4
4
-1
-6
2
7
9
21
23
14
6
5
9
6
2
3
-2
-9
-10
-4
1
1
1
6
3
-2
2
5
1
-6
-1
2
-3
0
2
-2
-9
-8
-5
-7
-6
-4
-4
-14
-16
-7
-5
-6
-9
-6
-10
-7
-6
2
4
-3
2
5
-1
-11
1
9
7
6
7
11
8
12
19
20
18
9
0
-1
2
2
3
7
2
-4
-9
4
16
13
1
0
2
0
1
13
15
1
0
4
5
4
7
11
6
2
7
6
10
10
8
5
7
13
14
10
7
5
10
1
-12
-13
-11
-16
-18
-12
-11
-21
-21
-17
-11
-14
-22
-22
-21
-24
-20
-15
-16
-19
-16
-13
-8
-6
-8
-4
-8
-10
-10
-7
-6
-5
-1
-3
-2
3
-3
-10
-12
-9
-5
-7
-11
-12
-14
-14
-13
-12
-14
-13
-16
-22
-20
-19
-13
-15
-21
-29
-28
-25
-26
-26
-17
-14
-18
-17
-12
-11
-10
-15
-16
-10
-12
-16
-14
-11
-12
-18
-16
-14
-16
-15
-9
-2
-7
-9
-4
1
-5
-9
-4
-1
-7
-7
0
1
-3
-3
8
12
13
14
15
14
20
26
31
33
31
28
21
26
29
27
21
16
16
15
15
17
16
10
8
8
5
5
2
-3
-6
-6
-8
-6
-4
0
-2
-3
3
6
7
0
5
5
2
0
0
-8
-14
-12
-11
-11
-15
-12
-8
-2
4
12
16
14
6
3
5
11
10
8
7
-1
-6
-5
1
-2
-10
-9
-9
-12
-10
-5
-5
-6
-9
-8
-5
-13
-16
-12
-12
-10
-6
-1
0
-6
-8
-14
-11
0
-1
-7
-14
-17
-20
-20
-15
-11
-15
-18
-17
-19
-18
-13
-6
-5
-3
-8
-8
-6
-6
-6
-4
-4
-6
-6
-3
-3
1
2
1
3
3
5
5
0
-3
-2
-7
-5
-1
-3
-2
-9
-15
-13
-11
-13
-15
-19
-19
-18
-14
-17
-17
-15
-16
-13
-7
-4
-3
-1
0
1
0
2
4
4
6
5
5
5
5
8
8
11
17
15
11
12
16
17
22
21
22
28
31
29
31
34
26
29
26
25
17
14
15
17
18
18
17
15
13
9
7
4
1
-6
11
0
-20
-21
-24
-33
-29
-7
0
-2
6
5
-5
-14
-6
-11
11
47
31
6
-13
-26
-39
-9
4
13
13
15
-5
-32
-32
-42
-34
-32
24
75
72
111
159
111
63
78
47
-20
-11
22
-15
-28
-16
13
-22
-35
-25
-40
-66
-38
-5
-27
-21
-1
-5
-43
-21
-13
-23
-34
8
2
-36
-28
30
31
-4
26
31
-22
-46
28
22
-23
-13
12
-53
-60
9
-15
-67
-33
-7
-69
-75
-34
-54
-98
-40
-10
-40
-45
-5
3
-29
-5
22
18
23
29
30
1
21
5
10
15
17
13
16
-2
-22
-5
-8
-21
-9
-10
-48
-35
-28
-40
-38
-24
-38
-59
-52
-49
-36
-13
-3
6
5
13
5
0
-5
7
-8
-12
-5
-18
-31
-6
-19
-24
1
-5
-2
22
22
21
35
51
53
30
65
63
38
54
50
36
24
54
21
16
27
15
11
19
14
4
5
10
16
1
17
53
11
-3
44
19
0
17
11
4
29
13
18
24
22
-40
-13
16
-46
-57
7
-29
-75
-17
7
-54
-33
14
8
-51
-9
4
-38
-30
33
-7
-17
23
-18
-13
-6
20
3
1
8
-29
20
-16
8
0
0
-2
-5
-26
14
-15
-92
63
-19
-37
-9
-13
-51
-78
9
-25
-56
9
-63
-36
-52
-7
-43
-45
13
-16
-107
21
18
-137
29
20
-74
-11
6
-39
-70
10
-7
-51
8
-3
-37
-12
-19
-6
-13
-47
1
-19
-86
38
-71
-43
11
-67
15
-33
-34
-26
-34
-40
-56
26
-34
-31
33
-17
-15
12
18
-19
19
22
11
-3
-3
-4
-20
25
3
-12
31
-16
-3
-29
55
24
-44
57
37
-71
-3
49
-26
-12
35
12
-17
-64
58
-5
-55
9
46
-19
-28
13
-5
-23
-10
13
7
13
0
-63
42
15
-66
59
49
-50
11
47
-54
9
43
-30
-15
52
-43
-51
-10
12
-55
11
40
-12
-23
-1
49
-47
-16
76
-10
-64
30
50
-82
-12
70
-7
-80
25
62
-86
-52
66
1
-70
24
16
-25
-29
4
24
-13
-40
-9
16
-41
-83
47
-41
-110
38
-35
-81
-11
-8
-37
-57
11
-15
-81
-25
10
-53
-53
3
-3
-93
-27
59
-55
-98
54
43
-112
-31
94
-60
-83
24
62
-102
-30
65
-41
-54
-21
46
-81
-11
17
-13
-17
-34
21
15
-68
34
26
-62
-9
25
-27
-42
21
-34
-49
2
-15
-22
-14
-8
0
-10
-44
44
4
-60
34
-2
-35
-6
0
-34
9
-7
7
19
-24
-14
23
-11
-14
-1
22
-26
-46
50
-27
-1
-20
22
22
-93
30
33
-48
-16
68
9
-7
-10
58
-11
-27
39
65
-2
-46
75
4
9
0
54
24
-24
43
68
-27
14
72
20
-8
62
46
-2
10
41
22
-13
5
28
12
-34
37
-8
13
-9
34
-41
-7
29
-38
-47
49
-29
-87
50
-26
-73
28
6
-72
-33
71
-54
-56
81
-25
-101
35
-12
-53
-3
-26
-19
-54
-35
-8
-49
-36
-65
-6
-58
-62
2
-44
-36
-42
-26
-12
-32
-35
-24
-9
-45
-29
18
-37
-44
-20
28
-55
-22
38
-60
-29
8
-31
-11
-37
-1
-40
-13
-20
-22
11
-46
-15
6
-36
-16
9
-49
12
-48
-11
-24
-43
-50
1
-65
-51
7
-97
-37
-1
-68
-54
1
-57
-64
-30
-17
-43
-34
-17
2
-44
-41
14
-23
-9
-44
1
8
-53
30
13
7
-21
20
34
-52
15
11
9
-28
-16
68
-6
-56
54
62
-72
9
78
-61
-4
54
-25
25
2
12
18
-14
17
39
-50
44
18
-16
11
33
-5
-7
53
-10
-6
38
19
-12
3
46
-14
-60
39
10
-68
-5
60
-57
-37
66
-23
-46
78
-14
-52
71
-39
-23
11
22
14
-34
-1
51
-20
-83
81
17
-51
-3
50
-29
-29
41
4
-8
30
-32
-15
40
-60
-28
55
-46
-95
105
-38
-105
29
29
-100
-49
67
-52
-75
-6
19
-50
-73
-8
-3
-99
-40
-18
-45
-112
-1
-12
-97
-17
17
-69
-49
47
-58
-41
35
-35
-27
49
-58
-32
67
-32
-71
49
25
-109
-15
55
-71
-54
17
-13
-22
-57
27
-24
-54
-15
30
-68
-23
52
-82
-18
39
-28
-47
15
-28
-21
-57
6
-20
-15
-50
-23
-4
-47
-74
51
-38
-33
-7
12
-31
-25
21
-15
-26
13
-34
6
-19
-7
8
8
-29
33
-6
-55
38
4
-56
17
54
-53
18
43
-29
-9
8
-6
12
-18
14
-27
25
-16
-27
32
33
-41
19
27
-5
-5
-4
36
0
3
38
2
10
-8
14
16
29
6
50
-4
0
54
-39
-7
74
-33
-14
51
-9
-11
9
-5
-1
11
-29
-11
41
-55
-27
47
-29
-20
34
-23
-9
-16
-42
-2
-24
-63
3
-25
-110
22
-20
-123
19
13
-88
-15
43
-81
-27
1
-43
-37
-38
-39
-9
-64
-60
-2
-58
-38
-81
34
-73
-67
-16
-17
-52
-45
-6
-5
-59
-1
1
-30
-11
19
-43
-9
20
-64
5
-34
-7
-44
-7
-19
-24
-1
-1
-55
14
-26
-32
-24
-10
30
-61
-13
23
-18
-14
-23
-11
24
-49
-80
39
-12
-122
-8
26
-89
-46
-3
-1
-58
-15
-13
27
-61
-21
61
-62
-37
66
-11
-96
89
10
-54
3
79
-44
-8
-2
21
0
-54
15
66
-42
7
53
23
2
10
7
30
-13
15
25
22
-9
25
27
-13
46
31
-8
26
50
23
-3
63
46
21
-6
75
9
0
39
20
18
7
17
16
-6
20
-8
-1
16
25
-47
13
61
-40
-41
74
12
-93
63
27
-40
-4
63
-19
-32
46
28
-65
0
50
-65
-42
51
-25
-63
13
32
-55
-9
45
-21
-7
3
-3
3
-5
-20
18
-7
-49
-7
7
-31
-32
1
-20
-55
-12
-1
-47
-56
22
-8
-112
23
53
-109
-40
72
-61
-80
12
-16
-62
-21
-65
25
-68
-67
2
4
-101
-56
66
-107
-88
38
-57
-93
-8
-17
-52
-44
-35
37
-83
-38
36
-31
-75
9
4
-47
-6
-28
23
-50
-24
18
-18
-27
10
-20
3
-3
-2
17
-16
2
16
25
-50
32
73
-86
20
83
-42
-29
88
-15
-40
58
37
-61
29
94
-91
43
38
-1
-42
31
29
-18
-46
84
-28
-71
86
-40
-33
17
-19
-17
8
-40
33
7
-1
10
46
5
-4
33
84
-61
34
76
8
-50
73
66
-29
17
85
28
-12
39
62
45
-35
57
82
-43
19
79
-1
-10
42
38
6
-2
29
34
-10
8
14
40
-46
1
52
-40
-7
43
-30
2
-1
-21
2
-2
-54
30
-27
-20
-2
-16
20
-58
-23
31
-55
-71
46
-33
-64
-5
28
-47
-43
12
-10
-30
-37
8
-23
-24
-53
40
-29
-76
46
11
-71
12
35
-34
-32
23
-11
-3
-50
41
-18
-54
-5
39
-53
-41
81
-52
-55
60
-34
-64
10
-1
-49
-29
-19
1
-69
-9
11
-33
-59
12
19
-63
-40
69
-28
-44
22
46
-25
-49
82
-2
-62
35
54
-54
-10
73
-30
-42
65
21
-52
35
37
-13
-18
36
21
-55
12
35
-32
-28
68
0
-8
25
42
6
6
8
52
10
-14
28
63
-38
3
62
4
-40
72
4
20
-3
28
56
-14
2
79
3
-58
97
24
-44
22
58
-14
-30
55
11
-17
26
0
24
24
-13
35
15
-12
52
-36
22
58
-34
-29
95
-18
-61
79
16
-30
3
30
-6
-25
4
11
-5
-32
27
20
-66
23
8
-27
-19
-7
11
-33
-38
5
-15
-47
-51
-15
-2
-91
-33
-28
-22
-81
-46
29
-69
-69
2
18
-126
0
9
-78
-33
-6
-43
-37
-14
-65
-4
-47
-44
-20
-11
-72
-10
-28
-18
-37
-10
9
-53
-36
28
-38
-71
45
-36
-56
-17
12
-57
-50
-2
-27
-28
-39
-36
21
-49
-48
30
-19
-69
18
-3
-53
12
-11
-3
-38
19
-19
-20
-12
14
-40
-1
-3
-33
-2
3
-39
-24
32
-22
-68
60
16
-49
-2
33
7
-30
-15
58
-4
-82
78
11
-6
-10
22
49
-28
-45
48
64
-98
2
77
-17
-86
72
27
-45
-18
53
30
-79
29
60
-12
-22
57
25
-14
17
44
19
-1
14
55
1
-17
48
50
-42
22
44
-6
-9
31
15
-26
35
-13
36
-4
-17
30
1
7
-14
18
-11
13
5
-18
28
-2
-32
11
6
-26
12
-11
5
-32
-16
-2
-27
-15
-24
-33
-9
-45
-44
13
-44
-50
-5
-41
-13
-74
-15
6
-81
-26
-13
-57
-8
-49
-46
53
-86
-39
36
-35
-76
28
4
-86
-7
3
-41
-46
-6
-23
-32
-30
-29
-12
-26
-44
-22
-8
-40
-53
2
-16
-53
-55
50
-45
-84
18
40
-83
-52
63
-25
-84
7
48
-36
-68
31
17
-72
-9
21
-6
-57
15
4
-33
-13
-10
4
-22
-7
-15
26
-5
-37
49
7
-35
61
0
-43
59
-8
-23
39
10
-13
41
-2
0
63
-2
-31
111
4
-54
85
29
-33
16
52
-14
-22
37
29
-59
37
40
-30
13
52
28
-37
21
48
-25
-8
38
-25
17
12
-34
23
49
-40
-27
82
13
-51
14
72
-30
-18
50
21
-10
7
7
14
-6
30
-37
47
32
-46
43
53
-16
-12
64
-16
2
23
23
-19
-5
3
0
-21
-20
15
-13
-34
4
26
-12
-36
23
28
-24
-47
24
31
-74
-20
30
-24
-53
10
-10
-36
-4
-29
-8
5
-29
-18
20
-33
-59
17
-26
-47
-46
28
-23
-71
1
18
-33
-42
1
13
-38
-67
35
-11
-56
-7
19
-17
-34
-5
-12
-10
-51
4
2
-43
6
-10
-12
-34
39
-39
-45
43
-12
-64
10
17
-37
-42
10
10
-66
12
11
-19
13
-14
11
31
-45
10
30
-22
-15
18
18
-36
-10
79
-24
-28
82
-13
-11
49
16
-16
47
25
-4
34
36
-3
12
27
4
34
15
26
24
20
17
15
31
20
-10
62
16
-14
47
46
-26
23
65
4
-39
55
70
-56
22
111
-17
-5
96
27
-7
53
33
26
12
28
41
10
38
-3
24
54
-17
-2
63
5
-32
72
12
-15
50
21
-23
40
20
-4
14
50
3
-32
51
41
-35
26
54
15
-17
19
45
-12
-27
36
29
-32
14
-4
7
16
-33
3
46
-7
-11
21
17
-24
-29
42
-25
-10
18
-26
-7
-2
-5
-12
-16
17
-12
-22
14
5
-28
1
12
-39
0
-16
-39
-31
-16
-37
-36
-5
-15
-31
-8
-13
1
-15
-51
24
-20
-36
-5
-18
2
-30
-35
25
-13
-25
-15
20
12
-30
9
41
-8
-8
31
24
-9
-13
66
-18
-9
54
9
-34
47
25
-22
30
39
7
15
57
0
24
46
15
9
64
9
1
45
47
3
25
50
36
-8
49
49
-9
26
48
12
16
28
21
34
-3
15
41
14
27
24
26
55
16
18
65
29
-19
64
58
-4
10
90
11
-11
70
55
-27
30
93
2
-9
79
72
-26
22
92
6
-14
60
28
10
22
15
27
37
6
16
34
36
6
7
45
34
-11
31
14
-2
28
4
-12
19
52
-36
-9
85
3
-66
59
50
-62
-1
58
-18
-41
41
16
-35
19
30
-15
-9
38
0
-23
51
6
-18
32
35
-38
6
38
-33
-20
41
-18
-46
17
30
-56
-26
48
-11
-62
31
19
-33
-7
22
-17
0
0
-17
1
-3
-12
-18
21
5
-31
-6
25
-27
-20
24
-2
-11
8
18
-4
6
47
-1
6
40
22
-18
7
38
15
-22
53
45
-31
29
58
-16
21
72
0
19
41
45
0
31
66
24
19
62
48
25
32
56
28
27
47
10
42
17
-1
45
26
-23
41
50
0
19
52
36
4
29
56
16
4
51
18
7
44
26
1
34
39
7
26
49
20
20
42
27
28
31
7
22
39
9
-5
47
33
-17
20
65
13
-22
59
62
-28
22
79
1
-19
59
23
-12
12
51
-4
-8
29
17
7
11
2
13
30
-29
13
42
-12
-16
33
14
-41
-9
15
-14
-31
11
27
-24
-13
33
2
-35
23
19
-20
-16
19
-3
-51
-6
25
-28
-31
31
5
-59
11
31
-37
-25
47
-14
-50
33
12
-62
-13
36
-44
-42
20
8
-60
-13
30
-27
-44
20
1
-29
6
-19
-14
8
-26
-20
17
-15
-30
22
4
-20
9
21
6
14
21
12
24
17
12
24
21
18
-5
21
36
-5
6
42
23
-10
35
60
16
4
54
45
-8
18
57
24
-9
39
48
-10
1
55
20
-1
35
52
14
8
55
37
0
25
58
14
-7
46
22
0
14
32
13
11
40
23
4
44
53
7
36
44
33
17
30
36
28
17
23
26
30
25
14
30
24
20
25
12
30
23
1
16
31
1
4
14
13
13
-7
11
15
10
-13
21
21
-5
9
11
4
14
-2
-12
8
7
-4
-8
18
14
-20
3
23
-9
8
8
-1
18
3
-13
12
15
-25
-8
23
-11
-17
-1
7
-7
-14
-1
4
2
-9
4
12
-2
-3
14
-2
-6
-1
6
-9
-16
11
12
-33
0
35
-24
-22
39
-1
-32
-3
23
-5
-34
5
28
-28
-32
28
7
-30
-3
26
-6
-25
24
12
-12
3
11
8
-5
-10
4
17
-16
4
27
14
-19
13
23
10
12
18
29
21
8
5
37
10
-11
26
35
4
11
47
48
19
34
51
52
5
28
66
20
3
55
51
-8
31
61
10
7
49
31
4
20
41
18
11
48
26
12
26
36
19
6
43
21
-6
21
40
7
1
22
26
-7
0
36
19
0
15
31
-1
-11
17
17
-10
2
36
6
-3
28
11
-2
3
28
-2
-5
21
5
-4
2
13
7
3
1
21
2
-4
2
13
7
-3
10
0
3
-4
-6
-4
-5
-13
-12
-3
7
8
-11
3
17
2
-8
14
29
-2
-8
19
5
-20
-15
-2
-12
-15
-8
0
-10
-10
-7
-10
-6
-16
-7
-17
-13
-4
-16
-8
-4
-11
-14
4
-6
-13
-2
0
-7
-3
-1
-6
4
0
-5
7
7
-18
2
20
-1
-5
13
8
-2
-4
6
4
-6
-7
19
21
-13
11
26
-20
6
26
-7
8
34
14
5
25
17
6
12
14
12
17
14
11
25
14
8
24
19
8
20
24
10
16
23
19
17
28
34
18
20
27
23
8
22
30
16
6
24
20
2
19
26
11
22
24
20
22
12
18
16
0
10
6
4
9
10
10
7
11
22
13
7
14
10
17
5
14
24
16
8
19
25
2
4
21
6
-9
12
14
2
3
14
14
4
16
14
5
3
1
4
0
-1
5
-6
-15
5
-4
-14
3
6
6
-7
-6
8
-3
-25
-12
4
-16
-30
-1
1
-29
-8
0
-18
-17
-1
0
-16
-21
6
-7
-17
5
-3
-24
-9
6
-21
-28
-2
-13
-32
-27
-3
-15
-31
-8
-5
-28
-30
-14
-21
-22
-28
-21
-16
-26
-27
-19
-14
-19
-10
-3
-10
-8
4
-11
-15
0
-8
-16
-2
5
-5
-10
4
-2
-16
-7
1
-10
-12
-3
-10
-11
-2
-3
-9
1
7
-6
-6
2
0
-1
-13
-8
10
-4
-9
13
18
-1
-6
21
15
-6
-5
15
0
-18
16
12
-18
1
23
1
-2
25
20
2
5
17
11
-8
-11
6
-3
-23
-3
10
-7
-19
2
14
-12
-14
15
10
-13
1
25
12
-11
5
25
5
-11
9
15
-17
-18
10
3
-19
-11
8
2
-9
-3
13
2
-10
3
10
-1
-8
3
2
-10
-5
11
-3
-6
4
-6
-8
-4
-3
-11
-12
-5
-7
-8
-4
-6
-2
-8
-11
-1
-2
-10
-5
5
-10
-11
-6
-9
-9
-13
-8
-2
-7
-13
-7
-16
-21
-20
-16
-12
-9
-20
-20
-9
-10
-18
-14
1
-10
-10
-9
-11
-9
-12
-18
-15
-12
-18
-21
-12
-11
-25
-22
-10
-17
-26
-12
-13
-18
-16
-6
-16
-12
8
-13
-15
-2
-3
-16
-12
1
-7
-15
-5
0
-8
-8
2
2
-5
-7
-4
3
-1
1
4
1
1
-1
0
3
1
1
8
5
-5
1
4
-9
-5
-1
-7
-10
6
11
-5
-2
10
-3
-7
4
-3
-1
-9
-10
0
-2
-12
-11
-4
-3
-16
-23
3
-13
-34
-5
-1
-13
-21
-5
0
-19
-18
4
-9
-22
-9
-1
-8
-23
-16
-5
-17
-20
-6
-10
-17
-10
-2
-10
-21
-17
-13
-27
-27
-16
-14
-22
-21
-15
-12
-15
-24
-16
-13
-18
-22
-17
-11
-15
-18
-5
-10
-18
-20
-15
-14
-24
-19
-8
-15
-25
-14
-10
-19
-26
-25
-27
-33
-30
-18
-13
-23
-10
-5
-16
-17
-10
-13
-26
-20
-17
-13
-14
-16
-12
-20
-24
-24
-18
-20
-20
-15
-19
-20
-18
-20
-23
-21
-16
-22
-21
-13
-14
-13
-2
-11
-14
-14
-7
-12
-20
-10
-6
-15
-14
-5
-4
-19
-11
-2
-14
-18
0
0
-1
1
0
4
-7
-9
-2
-8
-15
-2
1
-3
1
0
0
0
-4
1
1
-4
-1
4
2
-2
2
-1
-11
-7
-7
-9
-10
-1
1
-3
3
8
5
-2
5
7
-5
0
2
-6
-1
8
-2
-4
3
-4
-6
0
5
0
-3
6
10
-1
7
10
6
5
0
6
9
-1
-4
10
6
-11
-6
6
-5
-11
2
10
0
-5
8
4
-10
-12
-1
-11
-14
-5
-10
-10
-6
-7
-8
-3
-3
-8
-14
-12
-12
0
0
-7
-1
1
-7
-10
-2
-1
-7
-5
8
14
4
0
7
6
-2
-2
3
-3
-4
-3
8
-3
-10
-6
-3
-6
-12
-1
-3
-7
-6
0
-3
-7
-3
-1
-3
-9
-3
-8
-11
-4
2
-1
1
-3
-3
3
-7
2
11
8
0
8
6
0
-1
7
2
-4
2
11
7
5
16
16
12
8
11
6
2
3
4
12
8
4
18
6
0
4
3
-3
-2
8
4
3
4
5
2
-6
-1
-1
-5
-4
1
2
-5
-1
5
0
-2
10
8
-5
-1
7
6
-2
0
7
2
-5
-1
-3
0
2
4
5
5
9
9
9
6
7
6
3
8
9
4
4
10
3
6
8
0
2
-1
3
3
3
2
2
1
-2
3
1
-6
-3
-2
-1
1
-1
3
1
-5
-1
2
-7
-6
0
-5
-5
1
7
-2
-3
7
9
-3
-1
7
2
-2
-3
-1
-3
-3
2
1
-1
5
5
5
5
-3
-1
0
-10
-11
-5
-11
-7
3
-3
-9
-8
5
1
-1
0
-1
-4
-5
-3
-5
-2
0
-3
-3
0
-2
-3
2
0
-3
0
-1
-1
7
7
6
10
10
15
10
13
10
9
12
8
3
0
5
6
4
8
14
5
10
10
6
3
-2
-5
0
1
-1
-2
0
4
3
3
9
3
1
4
3
-1
0
9
6
-2
9
10
3
7
5
-1
-5
1
1
-7
-1
6
2
2
3
3
3
5
3
2
3
2
-5
-3
1
-2
2
8
5
-2
7
5
-4
-4
-6
-10
-16
-11
-8
-1
-1
6
7
3
7
5
5
6
9
3
8
9
5
9
9
11
11
10
13
12
13
10
13
10
6
10
8
2
12
16
13
13
11
12
7
10
7
8
9
13
15
15
10
8
13
9
0
4
6
-4
-1
0
-6
2
7
10
7
13
11
8
13
10
12
1
-2
5
6
5
3
6
8
7
2
9
10
10
10
11
11
7
12
13
10
8
15
17
11
6
15
11
3
-1
3
7
-4
3
5
2
0
-1
4
-1
0
11
13
8
12
15
10
10
13
13
9
13
13
10
10
13
15
8
11
16
13
11
12
12
13
15
15
12
13
6
11
6
3
6
7
5
4
7
7
8
11
10
9
16
13
14
15
19
16
12
12
10
12
11
13
15
8
14
7
6
5
3
7
5
0
8
13
12
17
13
16
17
18
11
6
13
8
3
1
5
4
8
12
22
16
13
20
20
14
19
23
22
20
21
22
18
18
18
17
10
9
13
8
1
0
3
-1
3
11
17
14
9
16
11
5
5
8
5
4
10
10
12
11
12
7
2
0
-3
-1
-4
-6
-10
-2
0
-4
0
6
5
1
10
12
6
9
15
10
15
21
19
20
23
19
22
21
14
13
9
7
6
5
5
11
9
10
14
17
16
14
10
9
12
13
10
13
20
23
23
26
21
17
18
8
3
2
-3
-2
-1
2
3
4
9
10
6
10
9
6
8
10
7
9
15
16
18
19
20
20
12
10
6
-1
-4
-3
0
-4
-1
6
7
11
16
18
21
18
17
11
5
6
5
10
13
19
24
27
26
23
24
16
9
6
0
1
4
4
10
15
19
19
12
16
13
2
3
7
4
9
9
15
15
15
16
11
9
5
5
3
-6
-4
0
-1
7
8
9
11
14
13
6
8
1
-1
2
0
3
3
10
19
20
22
23
22
16
12
17
8
4
6
6
5
7
15
13
15
15
12
5
4
6
4
2
3
8
6
7
11
10
7
6
3
-4
-5
-5
-7
-9
-6
-1
1
8
8
10
9
4
12
6
6
2
8
12
8
17
15
12
15
16
14
5
4
2
-7
-5
-6
-5
-2
1
2
6
6
6
9
7
7
7
7
10
6
3
4
7
8
1
0
-3
-3
-6
-6
-5
-3
1
-4
-2
6
7
5
10
6
0
-4
-5
-10
-14
-8
-10
-13
-1
-2
-6
-6
-7
-8
-10
-11
-9
-9
-9
-7
-3
-2
-1
3
0
-2
5
-1
0
4
1
5
5
4
6
7
8
8
6
4
3
2
0
2
7
6
9
19
18
14
20
20
13
7
7
4
-2
1
4
4
4
9
13
14
18
18
13
12
10
8
6
9
8
2
4
9
6
8
6
6
0
-1
5
4
0
1
6
4
3
4
5
2
7
7
2
6
6
9
8
8
13
19
19
18
22
16
8
3
1
0
-3
-1
1
1
8
5
10
12
10
7
6
5
-3
-9
-10
-5
-3
0
-5
-4
-2
-6
-5
1
-7
-6
-6
-7
-1
-5
0
0
-3
-2
-3
-8
0
0
2
6
10
12
11
8
12
13
7
4
0
0
-1
-5
-9
-8
-10
-11
-3
-4
-5
-2
1
3
5
-1
-4
-6
-10
-7
-13
-13
-8
-13
-10
-7
-9
-13
-16
-15
-16
-16
-13
-14
-9
-13
-8
-9
-12
-15
-14
-15
-19
-16
-15
-16
-10
-10
-11
-9
-8
-9
-12
-9
-13
-7
-9
-13
-9
-7
-8
-10
-7
-2
-2
1
2
1
1
1
1
1
-1
-2
-3
2
5
7
13
9
6
4
4
-4
-10
-9
-6
-6
-16
-12
-9
-10
-7
-8
-10
-9
-7
0
-1
0
4
6
6
2
2
0
-4
-5
0
-4
-6
-5
-8
-7
-9
-4
-2
1
0
1
2
-2
-2
-6
-2
-5
-6
2
2
3
10
15
14
14
10
10
0
-1
3
2
-2
-3
1
-2
-5
-4
-9
-9
-8
-7
-8
-10
-8
-5
-11
-13
-7
-14
-18
-15
-16
-14
-15
-15
-13
-15
-9
-9
-9
-6
-3
2
7
4
-2
-1
-7
-14
-13
-16
-18
-16
-13
-9
1
5
0
3
-3
-4
-4
-9
-10
-13
-7
-10
-10
-11
-11
-11
-6
-6
-8
-3
-2
-3
-4
-2
2
1
-4
0
5
0
-2
0
-3
-4
-7
-7
-11
-7
-6
-4
-2
-2
-4
-10
-9
-11
-13
-19
-18
-15
-11
-9
-4
-1
0
6
1
-2
0
-5
-8
-12
-12
-11
-11
-9
-12
-12
-10
-8
-10
-1
3
3
8
13
15
12
18
14
12
13
12
13
15
10
10
8
7
5
6
4
4
6
-3
-4
-3
-2
-6
-8
-10
-8
0
-3
0
1
5
15
17
14
9
11
1
-1
1
-3
-9
-13
-10
-7
-6
-4
-4
-3
-7
-9
-5
2
-4
-11
-9
-2
-6
-14
-8
-7
-11
-11
-9
-14
-16
-15
-13
-21
-18
-10
-11
-9
-4
-4
-13
-17
-16
-25
-27
-25
-20
-17
-18
-17
-14
-10
-18
-23
-21
-29
-30
-27
-19
-16
-18
-12
-5
-9
-11
-7
-10
-9
-9
-12
-10
-14
-18
-17
-22
-25
-28
-24
-31
-35
-35
-34
-37
-37
-37
-34
-39
-36
-28
-30
-29
-22
-26
-28
-31
-27
-22
-21
-15
-16
-11
-9
-7
-7
-5
-7
-9
-12
-14
-14
-16
-19
-14
-14
-12
-9
-9
-6
5
4
4
1
8
10
12
12
10
14
11
18
22
19
14
13
9
4
2
-1
-3
4
3
1
6
10
7
5
3
-2
2
-1
-1
5
6
7
14
14
12
13
11
8
0
-2
4
-7
-5
-1
-5
0
4
3
1
5
6
6
11
11
10
11
10
9
8
8
7
10
8
11
9
10
4
1
4
2
5
10
13
16
15
11
10
0
3
-3
-6
-7
-9
-7
-6
-1
1
-2
-4
-5
-10
-13
-12
-15
-12
-11
-13
-5
0
2
0
0
0
2
1
-6
-8
-16
-18
-19
-22
-22
-23
-22
-19
-19
-23
-25
-21
-24
-23
-24
-22
-21
-18
-16
-17
-12
-13
-15
-18
-22
-19
-22
-21
-16
-14
-14
-9
-10
-8
-7
-11
-13
-10
-10
-12
-8
-12
-12
-8
-2
-5
-8
-5
-3
-4
-6
-5
-6
-7
-11
-13
-13
-13
-10
-8
-9
-12
-5
-5
-11
-9
-8
-3
-11
-6
-4
-8
-5
-4
-6
-6
-10
-13
-9
-12
-8
-7
-4
-1
2
3
1
-2
0
0
-7
-5
-1
-6
-6
-9
-7
-10
-9
-9
-10
-13
-17
-15
-19
-18
-23
-19
-19
-17
-19
-17
-19
-16
-15
-16
-10
-10
-5
-6
2
1
2
1
0
2
-1
0
0
-4
-1
3
2
0
-1
-2
-1
-4
-5
-7
-9
-8
-12
-12
-13
-16
-18
-19
-18
-16
-12
-11
-12
-7
-10
-12
-11
-11
-10
-15
-13
-13
-15
-18
-22
-21
-23
-26
-29
-27
-30
-31
-24
-23
-24
-23
-22
-25
-22
-21
-19
-18
-14
-15
-13
-5
-11
-10
-6
-8
-16
-15
-16
-13
-15
-18
-14
-16
-13
-14
-14
-18
-16
-18
-16
-23
-18
-15
-22
-18
-19
-14
-19
-16
-15
-8
-10
-9
-10
-11
-11
-12
-11
-14
-13
-16
-12
-16
-14
-16
-22
-19
-16
-22
-22
-14
-9
-7
-7
1
4
1
-1
-4
1
-3
-5
-4
-7
-7
-9
-7
-6
-10
-10
-8
-8
-10
-5
-5
-6
-7
-1
-2
1
4
1
-2
2
3
-1
0
-4
2
-1
4
2
4
8
1
3
-1
-3
-6
-8
-5
-7
-5
0
-1
1
3
0
0
1
-3
-2
-3
-4
-7
-6
-8
-9
-9
-4
-6
-10
-6
-10
-11
-9
-12
-14
-15
-12
-11
-13
-14
-12
-6
-6
-11
-13
-15
-18
-26
-26
-25
-21
-17
-17
-8
-10
-14
-15
-20
-20
-24
-24
-27
-25
-23
-19
-18
-18
-21
-25
-28
-32
-34
-37
-39
-33
-36
-39
-39
-36
-37
-33
-29
-31
-29
-31
-28
-29
-30
-32
-34
-31
-32
-30
-29
-30
-32
-31
-29
-30
-32
-36
-37
-36
-34
-27
-26
-24
-22
-25
-24
-23
-28
-27
-27
-26
-27
-24
-18
-17
-17
-15
-15
-19
-23
-25
-31
-32
-29
-32
-30
-33
-30
-29
-27
-20
-18
-16
-11
-14
-16
-14
-15
-16
-16
-13
-12
-10
-11
-9
-9
-7
-9
-10
-13
-15
-18
-17
-19
-18
-15
-18
-16
-21
-18
-25
-22
-18
-17
-12
-8
-3
-1
0
-4
0
-2
-1
-3
0
-1
-3
-5
-5
-4
-6
-8
-7
-4
-4
-2
-1
-4
-5
-7
-7
-6
-9
-7
-8
-9
-3
-1
-5
-6
-4
-10
-10
-5
-8
-6
-5
-8
-12
-16
-15
-20
-21
-22
-25
-28
-20
-24
-16
-13
-14
-13
-15
-16
-20
-22
-29
-32
-31
-27
-28
-29
-28
-24
-24
-22
-16
-17
-19
-16
-17
-14
-19
-22
-22
-26
-24
-21
-20
-16
-18
-16
-15
-21
-23
-25
-29
-25
-29
-25
-23
-23
-28
-27
-30
-30
-29
-32
-35
-34
-31
-27
-26
-30
-29
-30
-30
-36
-34
-37
-31
-29
-31
-29
-26
-24
-23
-17
-19
-16
-16
-10
-11
-16
-16
-21
-19
-19
-21
-19
-16
-16
-8
-2
-6
-8
-4
-5
-5
-8
-7
-2
-4
-4
-2
2
0
2
3
3
4
10
8
12
15
13
14
9
7
-1
4
-4
-5
-2
-3
-1
-2
0
-1
0
-5
-1
-3
-3
-4
-5
-3
-7
-7
-13
-16
-13
-16
-11
-11
-12
-8
-12
-11
-10
-13
-14
-14
-17
-14
-17
-21
-15
-15
-12
-15
-16
-13
-15
-11
-6
-7
-6
-11
-10
-9
-11
-9
-10
-16
-17
-19
-18
-16
-19
-16
-15
-18
-14
-12
-11
-12
-16
-15
-13
-11
-9
-17
-21
-20
-20
-18
-18
-23
-26
-23
-23
-29
-34
-36
-37
-37
-31
-38
-38
-37
-33
-28
-33
-26
-27
-20
-19
-20
-19
-24
-21
-21
-23
-22
-22
-21
-17
-22
-23
-25
-24
-23
-23
-16
-26
-20
-18
-18
-18
-14
-17
-23
-21
-25
-24
-29
-26
-24
-18
-18
-12
-7
-12
-5
-5
-6
-6
-4
-3
-6
-9
-10
-10
-7
-6
-6
1
1
3
7
7
6
11
10
10
11
14
8
6
7
6
6
3
0
3
6
4
9
12
13
7
10
12
13
8
4
-2
-1
-1
-1
1
-6
-6
-7
-9
-3
-4
0
2
5
4
-3
0
-8
-6
-8
-8
1
-1
0
3
2
3
6
1
4
1
3
1
-2
-3
-9
-8
-11
-5
-11
-8
-1
-1
-3
1
3
-7
-5
0
-1
-6
-4
-2
0
0
-3
2
2
-4
-4
-6
-11
-10
-8
-11
-6
-5
-12
-10
-10
-12
-16
-18
-20
-18
-16
-13
-14
-11
-5
-7
-6
-4
-6
-2
-8
-14
-11
-17
-20
-20
-26
-25
-23
-25
-19
-13
-15
-15
-12
-12
-12
-11
-13
-13
-15
-16
-10
-14
-14
-10
-10
-10
-11
-15
-14
-11
-12
-15
-15
-12
-14
-12
-12
-12
-16
-19
-14
-19
-21
-21
-18
-14
-11
-7
-1
-4
-2
3
-3
-9
-9
-12
-12
-7
-7
-4
2
5
8
12
11
6
7
4
3
4
5
6
7
5
4
0
2
3
3
2
-1
3
6
7
4
0
-6
-5
-5
-6
-3
-5
-1
0
-1
-3
-6
-1
2
7
5
8
12
10
10
5
0
-4
-9
-8
-4
-4
-3
4
5
10
16
12
9
10
3
2
1
-5
-2
-2
-6
-12
-7
-4
-4
-1
1
2
2
1
-3
-2
-3
-6
-11
-11
-9
-8
-7
-9
-7
-5
-7
-10
-11
-13
-11
-9
-9
-8
-6
-11
-14
-14
-20
-27
-28
-27
-25
-20
-19
-17
-11
-6
-6
-8
-5
-9
-11
-18
-19
-22
-24
-21
-22
-23
-23
-16
-13
-11
-13
-13
-10
-12
-17
-15
-14
-15
-17
-15
-15
-10
-11
-16
-17
-23
-22
-22
-21
-20
-16
-9
-8
-3
-5
-8
-5
-9
-7
-8
-4
-2
3
6
2
5
6
3
3
6
8
6
3
4
8
5
4
5
10
17
17
22
21
20
19
20
18
17
16
11
6
7
6
6
11
6
6
6
3
4
3
2
6
13
