-11
-11
-7
-8
-12
-12
-11
-12
-12
-16
-18
-21
-22
-20
-18
-15
-18
-15
-12
-12
-12
-13
-13
-14
-20
-21
-14
-14
-15
-15
-10
-11
-14
-10
-12
-14
-14
-16
-18
-14
-14
-16
-14
-13
-12
-14
-19
-22
-19
-20
-17
-26
-20
-21
-23
-21
-22
-21
-22
-23
-20
-19
-22
-17
-16
-10
-11
-13
-15
-14
-15
-9
-11
-12
-7
-5
-8
-9
-9
-7
-3
1
0
-3
-3
-2
1
-2
-6
0
-2
-2
-2
-7
-1
-2
-2
1
0
-5
-7
-5
-6
-5
-4
-7
-7
-7
-7
-5
-5
-6
-6
-7
-6
-7
-5
-4
-3
-3
-1
-1
-3
-5
-2
2
3
5
3
3
1
4
2
7
5
5
5
2
4
0
3
0
2
0
0
-2
1
0
-2
1
1
1
-4
-5
-7
-10
-6
-2
-5
0
-5
-6
-6
-12
-7
-6
-9
-9
-15
-13
-11
-16
-12
-16
-19
-17
-19
-18
-21
-19
-22
-19
-13
-17
-16
-16
-20
-16
-19
-18
-14
-19
-19
-16
-15
-15
-20
-19
-20
-21
-18
-22
-19
-16
-12
-11
-11
-12
-14
-13
-11
-15
-11
-14
-14
-14
-18
-21
-22
-21
-21
-25
-22
-22
-24
-23
-21
-22
-25
-23
-25
-28
-26
-25
-25
-25
-23
-24
-24
-20
-21
-20
-15
-20
-17
-21
-22
-17
-17
-19
-17
-18
-15
-16
-14
-13
-11
-7
-15
-14
-15
-15
-11
-11
-12
-10
-10
-8
-10
-12
-13
-8
-8
-10
-7
-10
-12
-9
-10
-11
-7
-11
-8
-9
-10
-9
-8
-5
-10
-5
-1
-4
-9
-3
1
-2
2
4
7
6
8
7
6
5
4
2
5
4
3
4
4
9
2
2
4
1
2
2
-2
0
-1
-2
1
2
0
0
-2
2
-3
-7
-6
-8
-7
-9
-12
-12
-13
-14
-14
-16
-17
-20
-18
-15
-18
-15
-19
-20
-14
-16
-20
-17
-16
-18
-19
-15
-16
-18
-18
-18
-22
-21
-19
-21
-20
-18
-16
-19
-19
-18
-17
-17
-18
-18
-20
-18
-19
-25
-18
-21
-25
-22
-27
-25
-27
-30
-25
-26
-29
-30
-27
-30
-26
-27
-31
-31
-33
-28
-29
-32
-28
-32
-32
-27
-32
-31
-32
-32
-29
-27
-27
-28
-31
-28
-28
-33
-29
-28
-29
-31
-33
-33
-29
-29
-28
-25
-25
-27
-26
-26
-23
-26
-26
-22
-24
-17
-21
-20
-18
-23
-22
-21
-19
-19
-21
-17
-15
-15
-14
-17
-18
-18
-16
-16
-19
-20
-20
-19
-19
-16
-15
-18
-15
-19
-15
-14
-15
-18
-14
-10
-9
-8
-8
-3
-5
-6
-3
-3
-5
-10
-7
-9
-6
-5
-8
-7
-6
-8
-9
-9
-12
-8
-7
-5
-5
-6
-10
-10
-9
-17
-16
-14
-18
-16
-15
-20
-27
-27
-29
-22
-31
-31
-29
-30
-26
-29
-26
-29
-27
-27
-27
-29
-25
-26
-27
-25
-27
-27
-27
-26
-26
-24
-26
-26
-27
-30
-28
-30
-31
-33
-35
-33
-31
-28
-25
-27
-22
-26
-29
-28
-28
-28
-27
-27
-25
-23
-27
-24
-25
-30
-29
-24
-24
-28
-28
-22
-26
-30
-28
-30
-29
-29
-33
-30
-33
-33
-33
-36
-39
-40
-44
-43
-45
-42
-47
-45
-42
-44
-38
-35
-37
-35
-33
-39
-33
-32
-31
-31
-28
-28
-28
-25
-29
-32
-27
-27
-30
-30
-29
-27
-31
-31
-28
-28
-30
-25
-22
-24
-21
-26
-25
-21
-17
-19
-19
-17
-19
-22
-24
-22
-25
-19
-18
-19
-26
-23
-18
-20
-18
-17
-14
-15
-14
-12
-11
-11
-8
-8
-8
-12
-13
-12
-9
-7
-11
-12
-10
-11
-8
-7
-8
-7
-5
0
-2
-5
-3
-4
-4
-9
-7
-6
-9
-9
-9
-11
-10
-12
-10
-13
-17
-16
-18
-18
-16
-16
-16
-18
-22
-21
-22
-17
-17
-21
-18
-21
-23
-22
-20
-22
-24
-22
-21
-21
-25
-19
-22
-24
-24
-21
-19
-18
-19
-22
-21
-23
-24
-24
-28
-27
-28
-29
-27
-26
-25
-30
-31
-27
-29
-26
-30
-29
-31
-31
-30
-31
-30
-29
-31
-33
-31
-30
-29
-33
-33
-34
-35
-35
-37
-38
-38
-38
-37
-35
-37
-40
-35
-36
-34
-38
-43
-40
-41
-39
-37
-32
-33
-33
-28
-31
-30
-27
-30
-26
-25
-26
-25
-19
-26
-25
-22
-25
-24
-25
-19
-22
-23
-21
-21
-19
-20
-16
-17
-19
-20
-21
-20
-19
-15
-11
-10
-17
-12
-8
-8
-6
-5
-5
-5
-10
-10
-9
-11
-5
-4
-4
-3
-4
1
-3
3
0
3
3
7
6
5
5
-4
1
-1
1
2
2
1
-2
-4
-2
-4
-5
-2
-3
-3
-2
0
-1
-6
-3
-4
-5
-8
-10
-9
-5
0
-5
-7
0
-2
-5
-5
-4
-5
-7
-7
-5
-8
-7
-8
-12
-12
-12
-11
-12
-12
-13
-9
-11
-6
-10
-7
-11
-12
-10
-14
-13
-13
-15
-22
-18
-15
-16
-16
-16
-18
-20
-16
-21
-23
-22
-22
-19
-21
-17
-22
-25
-24
-27
-28
-26
-23
-27
-22
-24
-27
-26
-25
-27
-27
-30
-28
-27
-32
-30
-28
-28
-33
-36
-29
-33
-30
-26
-30
-27
-31
-28
-28
-27
-28
-25
-20
-20
-19
-26
-20
-23
-21
-13
-16
-16
-14
-13
-16
-15
-12
-16
-15
-14
-14
-16
-12
-13
-16
-14
-13
-12
-10
-10
-14
-13
-10
-9
-9
-8
-8
-4
-8
-8
-7
-9
-9
-10
-6
-6
-6
-5
-4
-6
-9
-5
-9
-10
-11
-9
-7
-5
-5
-8
-5
-4
-2
4
4
1
2
6
5
6
8
3
2
-1
0
4
2
0
-4
-4
-3
1
0
-2
-3
-4
-2
0
-2
-2
1
-1
-1
-3
-2
1
4
1
4
6
2
5
3
1
1
-2
-2
-7
-6
-5
-8
-8
-5
-7
-5
-7
-8
-10
-10
-10
-10
-9
-10
-9
-15
-12
-11
-15
-10
-13
-12
-16
-15
-16
-18
-19
-20
-21
-20
-22
-25
-28
-27
-21
-26
-26
-24
-28
-25
-23
-27
-26
-23
-25
-27
-27
-27
-24
-27
-23
-25
-25
-19
-24
-25
-26
-27
-28
-25
-26
-26
-25
-24
-26
-26
-28
-21
-23
-24
-22
-29
-23
-25
-23
-22
-25
-22
-24
-21
-21
-18
-21
-20
-20
-18
-18
-17
-16
-14
-13
-14
-14
-16
-17
-23
-16
-16
-16
-12
-13
-10
-8
-7
-8
-7
-9
-11
-8
-7
-7
-5
-5
-8
-5
-5
-4
-4
-2
1
2
2
2
7
9
6
5
10
5
5
7
5
7
5
6
3
10
8
5
11
7
8
6
4
5
4
4
3
5
9
8
4
4
10
9
9
11
9
11
12
13
9
6
12
7
8
10
7
7
11
11
11
10
13
10
9
9
8
7
3
5
3
6
3
1
4
0
-3
-7
-2
-2
-3
-2
-6
-7
-3
-6
-5
-7
-9
-8
-9
-6
-10
-10
-13
-16
-15
-11
-9
-17
-18
-14
-12
-11
-15
-12
-13
-12
-10
-13
-15
-11
-14
-18
-20
-24
-17
-22
-26
-23
-21
-20
-22
-21
-17
-18
-18
-15
-12
-10
-10
-9
-9
-7
-6
-7
-4
-7
-1
-9
-9
-6
-10
-8
-11
-12
-13
-7
-4
-8
-11
-11
-11
-8
-8
-11
-8
-11
-10
-5
-5
-1
-7
-7
-4
-5
-1
-2
-1
0
0
-1
-2
-2
-7
-1
1
1
4
3
4
9
10
7
10
13
10
15
13
9
11
7
11
17
15
16
15
14
14
15
13
13
13
10
11
17
16
18
18
17
18
12
12
14
16
10
14
16
16
19
17
14
13
21
19
20
21
21
21
22
23
23
23
25
25
28
27
23
26
21
22
18
16
16
11
13
8
7
8
3
5
3
2
-1
-1
-1
4
3
2
2
0
2
-1
2
0
0
-1
0
1
-4
-3
0
0
-2
-3
-6
-11
-7
-8
-10
-8
-6
-9
-10
-11
-10
-13
-12
-11
-16
-13
-16
-16
-17
-13
-10
-8
-3
-8
-10
-7
-4
-6
-4
-6
-7
-4
-6
-7
-6
-4
-5
-3
-2
2
-5
-3
3
1
4
2
2
4
4
2
4
8
5
7
4
7
6
6
7
2
3
5
7
3
5
4
3
2
-3
0
1
3
3
0
6
6
7
8
7
8
8
12
14
14
15
14
14
13
13
13
21
25
26
27
27
26
29
26
26
29
20
20
25
26
23
22
26
21
20
23
28
26
24
24
23
24
21
20
22
27
27
26
24
27
28
28
32
31
32
29
32
28
27
30
28
28
26
23
32
34
29
30
27
28
25
30
31
28
26
24
20
19
22
18
17
14
18
22
19
19
20
20
18
19
18
15
14
17
15
14
6
5
5
3
5
9
4
4
8
4
6
8
4
0
0
2
1
-3
-2
-6
-5
0
-2
-3
2
3
0
3
6
4
4
2
2
2
-2
2
0
2
7
3
6
7
4
4
2
1
8
5
2
5
5
2
2
4
2
3
1
5
7
7
11
11
11
13
17
18
19
16
19
21
19
23
18
19
16
17
18
17
19
17
17
19
17
12
12
13
10
14
11
10
16
14
13
18
22
18
22
24
23
26
30
28
27
27
23
24
23
25
24
27
26
22
24
23
20
23
21
20
22
22
29
36
34
34
42
44
44
42
46
46
44
47
49
52
51
49
46
48
38
37
37
31
32
31
26
22
24
20
18
19
19
21
19
16
19
21
15
14
10
13
15
15
17
16
10
12
9
6
5
5
1
0
1
0
-2
-4
1
-1
-2
3
8
5
8
3
5
5
8
7
8
9
6
10
6
11
7
6
4
8
6
4
5
7
8
5
6
7
8
6
8
9
9
9
5
5
7
5
4
3
3
7
7
8
6
7
6
6
7
2
6
6
6
9
5
5
10
9
1
6
8
7
11
9
13
13
12
14
16
21
14
15
14
13
14
12
11
14
15
18
18
20
21
23
25
25
26
27
31
29
32
29
32
34
34
33
31
29
32
31
26
23
22
17
20
24
24
24
22
26
25
30
31
30
31
33
38
33
34
38
36
36
36
34
37
37
35
36
36
38
37
36
34
34
33
34
31
28
29
31
35
36
30
29
29
29
33
30
33
27
26
27
23
20
18
15
11
15
12
10
4
1
0
3
7
5
6
7
5
5
9
9
10
14
8
11
15
15
15
12
13
17
16
15
16
15
14
11
10
3
1
4
5
4
7
4
6
6
2
3
4
5
-2
-4
-1
-1
-3
1
3
6
5
10
10
8
10
8
8
6
7
6
3
5
8
3
6
12
10
10
10
12
15
13
14
14
14
16
14
15
17
15
18
16
13
16
15
15
10
5
7
4
10
12
12
10
9
7
8
11
12
12
12
17
13
15
17
20
19
22
25
19
21
20
22
20
19
19
14
16
15
20
21
19
22
24
25
22
29
24
28
27
28
30
29
27
28
34
28
29
25
29
30
33
32
29
30
30
28
26
21
26
25
23
24
21
21
17
20
22
21
21
24
29
23
21
24
22
24
23
22
22
16
16
14
17
12
13
13
14
15
13
12
12
13
13
16
14
8
14
12
13
11
11
13
11
14
10
10
8
8
9
5
4
7
3
6
2
2
3
3
0
1
-1
1
0
-2
1
-2
4
4
4
2
9
10
7
5
4
7
6
7
6
6
5
6
7
9
9
7
10
4
6
8
7
2
-3
4
1
3
6
4
4
4
9
12
11
16
11
12
15
11
17
15
13
13
12
7
9
5
8
11
13
14
16
18
16
20
18
16
20
19
15
19
23
21
25
22
22
23
28
25
27
25
25
30
24
27
36
32
31
32
30
33
34
34
33
34
33
33
31
30
32
35
34
34
32
35
38
35
38
38
40
38
38
35
34
40
38
34
37
42
39
37
36
34
38
35
34
35
36
37
34
36
34
36
35
34
32
36
35
35
32
30
31
26
30
29
29
33
27
29
29
28
29
27
18
21
21
17
22
18
15
17
19
18
14
18
17
16
20
23
24
19
17
22
20
20
16
19
19
14
15
13
13
10
9
6
9
6
5
9
8
7
3
8
7
5
12
14
14
17
12
15
19
17
18
17
20
17
13
13
10
13
12
12
15
10
12
13
15
6
8
12
4
8
2
5
3
4
9
9
12
13
14
12
14
11
11
13
11
13
15
12
11
20
17
19
23
22
24
24
26
28
34
37
38
36
39
38
39
37
38
38
36
34
35
35
38
38
32
31
34
30
28
33
33
33
29
28
36
36
36
37
39
41
42
44
43
42
38
36
39
36
38
37
37
33
31
36
35
35
31
29
29
29
31
32
32
31
28
25
25
28
26
28
24
24
27
30
28
18
22
19
17
13
12
11
5
8
7
6
11
8
4
7
9
9
6
5
11
5
6
3
1
0
1
-1
-2
-2
-4
-3
-8
-9
-9
-8
-6
-10
-8
-9
-6
-8
-9
-8
-11
-5
-4
-1
-5
0
1
-3
-3
0
0
-7
-9
-8
-18
-22
-12
-13
-12
-11
-7
-6
1
3
6
5
11
15
14
11
13
21
15
13
14
16
14
15
16
19
24
23
28
37
38
41
45
44
46
46
47
48
52
54
59
53
62
66
65
71
72
76
68
67
69
62
61
56
50
48
46
43
40
44
40
42
44
45
45
46
49
45
44
39
37
41
33
32
30
28
25
22
17
16
17
13
11
8
8
8
3
2
4
-2
-10
-10
-10
-18
-21
-24
-27
-30
-31
-33
-35
-37
-41
-39
-38
-30
-33
-31
-28
-27
-27
-26
-22
-25
-26
-20
-21
-26
-28
-25
-25
-30
-32
-33
-37
-31
-34
-35
-34
-31
-34
-35
-33
-34
-29
-28
-26
-26
-27
-30
-24
-29
-30
-32
-38
-43
-43
-53
-52
-52
-58
-51
-50
-41
-20
-4
9
29
55
83
100
114
134
146
148
141
138
131
117
105
91
84
69
59
47
41
39
31
27
16
10
3
-3
-14
-21
-25
-36
-39
-38
-30
-25
-26
-17
-7
5
19
23
37
48
55
60
67
75
74
72
69
71
70
63
61
50
45
43
38
34
26
17
14
6
1
1
-2
-5
-3
1
1
4
3
7
12
14
11
9
12
9
5
-2
1
-5
-11
-14
-17
-13
-15
-17
-23
-21
-25
-25
-30
-34
-39
-39
-40
-45
-45
-50
-49
-48
-49
-52
-53
-52
-55
-61
-69
-72
-72
-79
-83
-77
-81
-85
-78
-81
-75
-73
-70
-65
-64
-63
-59
-55
-53
-53
-56
-52
-57
-61
-62
-63
-60
-55
-30
-8
15
40
75
114
140
165
188
217
220
224
220
209
197
176
154
136
119
97
84
64
56
53
43
35
17
9
2
-10
-27
-38
-49
-61
-71
-77
-73
-66
-59
-49
-38
-20
-7
7
21
28
30
27
26
23
15
11
11
13
13
23
32
39
53
63
74
87
89
87
83
75
69
57
42
22
12
0
-3
-2
-5
0
5
10
18
19
21
19
15
12
12
4
-5
-7
-10
-16
-12
-9
-8
1
-2
-6
-8
-9
-14
-18
-32
-38
-43
-51
-57
-59
-60
-59
-56
-54
-50
-44
-41
-44
-49
-52
-52
-60
-70
-81
-86
-97
-105
-105
-110
-108
-109
-105
-107
-104
-98
-100
-98
-91
-88
-86
-82
-82
-83
-84
-80
-78
-79
-87
-83
-83
-74
-45
-14
12
42
79
129
170
193
227
257
273
277
276
267
254
231
205
187
157
130
107
82
69
65
52
43
24
8
-6
-21
-35
-52
-67
-81
-91
-95
-92
-87
-81
-64
-50
-26
-8
8
26
39
48
51
55
67
68
55
53
58
65
75
73
78
92
104
111
112
111
103
93
79
61
51
29
3
-19
-27
-27
-33
-33
-25
-15
-2
9
17
26
30
35
28
24
19
11
3
-5
-7
-8
-14
-19
-25
-30
-32
-38
-41
-55
-64
-74
-79
-83
-88
-96
-95
-93
-88
-83
-82
-83
-81
-83
-90
-92
-95
-97
-100
-105
-115
-121
-121
-124
-128
-124
-119
-113
-113
-114
-110
-105
-109
-107
-106
-112
-112
-116
-123
-128
-133
-138
-138
-106
-57
-23
10
66
136
201
241
284
331
359
362
352
348
330
299
255
225
193
160
131
105
87
76
66
50
32
15
3
-20
-50
-72
-96
-118
-141
-151
-138
-128
-121
-102
-79
-47
-15
14
42
61
78
86
88
94
93
83
72
68
77
78
80
89
102
121
132
141
149
150
143
127
111
93
67
42
12
-4
-14
-28
-26
-29
-23
-6
9
27
32
35
40
33
28
21
14
0
-8
-12
-17
-15
-19
-17
-19
-18
-26
-38
-41
-59
-73
-92
-100
-107
-124
-131
-132
-126
-120
-109
-104
-102
-93
-90
-89
-87
-94
-103
-114
-119
-131
-137
-142
-146
-153
-148
-146
-154
-156
-157
-154
-154
-162
-167
-163
-165
-170
-173
-175
-178
-180
-182
-181
-163
-104
-47
-3
50
124
212
273
318
364
408
428
421
404
390
355
306
255
218
185
145
113
82
65
57
41
19
-3
-20
-42
-68
-98
-117
-141
-170
-184
-180
-163
-158
-143
-118
-80
-31
2
36
67
84
101
109
114
109
106
91
76
78
85
95
98
99
111
129
141
146
143
139
126
99
77
57
32
0
-25
-43
-47
-46
-45
-43
-26
-5
12
24
31
40
43
44
42
35
22
11
1
-5
-2
-8
-12
-20
-25
-32
-42
-52
-74
-95
-112
-119
-136
-142
-150
-160
-153
-146
-136
-134
-120
-118
-119
-118
-125
-123
-125
-134
-144
-151
-147
-151
-152
-157
-156
-153
-152
-158
-168
-170
-181
-193
-201
-210
-214
-216
-226
-235
-234
-235
-241
-237
-203
-136
-64
-12
47
139
244
322
369
419
471
488
471
458
435
392
332
270
224
181
140
97
62
42
31
17
-8
-35
-55
-79
-110
-146
-164
-186
-211
-218
-210
-189
-167
-143
-104
-56
-9
34
74
102
126
139
143
141
148
144
120
106
108
125
131
127
129
138
152
153
144
140
118
97
61
34
14
-13
-45
-66
-67
-58
-48
-48
-33
-14
10
24
36
48
47
40
31
23
22
6
-12
-21
-21
-18
-25
-31
-40
-48
-52
-68
-90
-105
-127
-146
-159
-168
-162
-167
-171
-164
-150
-137
-126
-122
-121
-119
-120
-121
-137
-143
-153
-169
-181
-181
-181
-196
-205
-208
-204
-204
-210
-211
-216
-218
-223
-232
-235
-247
-255
-261
-261
-267
-260
-247
-201
-100
-25
35
122
242
364
423
466
524
566
553
510
474
434
365
270
208
160
110
67
21
-7
-17
-21
-40
-83
-112
-128
-145
-184
-217
-226
-241
-254
-247
-216
-163
-125
-85
-31
27
80
124
147
162
173
168
157
138
116
102
75
63
72
80
94
93
95
113
128
122
106
94
66
39
9
-16
-29
-49
-57
-54
-34
-8
13
32
50
70
84
92
87
77
63
47
30
16
8
-10
-19
-27
-21
-19
-29
-45
-60
-80
-102
-130
-158
-183
-202
-211
-216
-206
-197
-181
-166
-152
-131
-116
-113
-119
-125
-136
-150
-165
-182
-200
-214
-221
-223
-225
-228
-236
-241
-239
-246
-252
-257
-267
-273
-274
-275
-278
-285
-274
-270
-262
-244
-232
-193
-100
9
87
155
254
387
486
532
567
609
611
570
507
457
395
299
203
134
87
33
-22
-63
-92
-102
-110
-134
-164
-192
-201
-212
-236
-244
-229
-217
-206
-165
-94
-31
18
66
119
170
207
226
220
204
184
154
119
92
73
43
11
12
22
37
41
27
36
46
55
46
21
4
-10
-26
-36
-29
-19
-13
2
24
58
98
117
122
123
130
125
102
70
39
16
-7
-28
-39
-45
-53
-60
-53
-54
-62
-75
-103
-125
-142
-157
-184
-206
-217
-213
-205
-201
-180
-160
-141
-128
-120
-109
-102
-114
-136
-152
-157
-173
-198
-216
-240
-250
-251
-256
-261
-272
-279
-287
-291
-304
-313
-327
-340
-344
-354
-352
-347
-334
-312
-300
-269
-200
-83
56
163
252
378
524
626
667
682
695
681
605
511
431
339
227
119
34
-20
-68
-122
-163
-191
-196
-196
-214
-257
-282
-281
-282
-280
-265
-214
-163
-114
-34
64
165
237
281
318
358
368
340
286
226
166
95
38
-8
-48
-81
-101
-102
-83
-53
-50
-64
-65
-53
-41
-40
-59
-61
-47
-35
-2
36
80
120
150
187
222
248
245
218
181
152
119
71
14
-27
-56
-76
-91
-101
-99
-102
-111
-114
-112
-119
-137
-162
-184
-188
-189
-194
-197
-192
-174
-143
-120
-103
-87
-84
-82
-86
-101
-123
-145
-190
-217
-232
-241
-249
-265
-278
-275
-276
-278
-286
-301
-315
-336
-350
-356
-360
-351
-351
-341
-326
-308
-294
-283
-269
-236
-148
-18
121
234
330
473
626
728
773
782
771
719
621
494
376
240
90
-37
-132
-190
-233
-265
-292
-297
-272
-243
-244
-270
-270
-243
-228
-202
-158
-91
-13
66
165
282
390
445
467
475
466
430
348
236
111
14
-84
-170
-227
-270
-294
-297
-277
-233
-183
-157
-150
-131
-91
-47
-19
0
29
74
130
184
240
285
312
325
329
327
298
239
163
91
34
-15
-64
-112
-146
-156
-148
-137
-133
-131
-126
-122
-112
-108
-105
-113
-117
-111
-99
-74
-54
-53
-52
-45
-45
-47
-70
-106
-139
-174
-203
-228
-247
-271
-289
-297
-304
-302
-303
-320
-331
-337
-343
-346
-359
-365
-357
-350
-334
-308
-297
-276
-256
-248
-247
-241
-241
-246
-246
-242
-161
23
201
307
398
566
759
852
843
816
779
684
520
344
200
62
-79
-202
-271
-280
-270
-266
-284
-263
-199
-161
-176
-219
-220
-176
-135
-94
-20
79
195
296
395
500
576
590
534
449
367
282
143
-26
-164
-251
-302
-335
-340
-325
-304
-256
-207
-158
-112
-84
-81
-78
-32
41
101
137
183
261
345
403
425
414
370
311
227
136
50
-47
-134
-207
-231
-215
-190
-181
-166
-130
-90
-59
-60
-73
-79
-79
-72
-57
-49
-24
1
18
39
60
58
26
-30
-91
-138
-182
-243
-295
-323
-330
-322
-307
-290
-275
-256
-262
-265
-270
-295
-326
-367
-383
-375
-369
-354
-335
-317
-269
-226
-204
-178
-157
-144
-162
-198
-224
-224
-233
-238
-207
-53
178
343
425
534
715
853
854
757
679
597
444
253
89
-13
-101
-188
-239
-238
-189
-142
-148
-173
-166
-124
-113
-156
-204
-168
-68
22
101
201
336
449
513
553
563
539
444
284
137
19
-68
-181
-294
-346
-323
-277
-238
-200
-171
-125
-84
-77
-63
-32
-9
3
46
148
256
341
387
418
454
469
432
339
212
95
-13
-111
-182
-222
-234
-226
-200
-142
-64
-6
12
3
6
16
20
-1
-22
-15
26
74
103
120
136
132
98
54
-18
-106
-196
-288
-353
-375
-375
-368
-352
-314
-261
-204
-173
-177
-200
-223
-255
-288
-315
-345
-361
-369
-353
-317
-277
-250
-233
-228
-220
-212
-232
-250
-281
-314
-346
-357
-339
-301
-248
-124
133
383
510
578
702
852
890
786
648
550
439
281
117
11
-28
-65
-105
-128
-127
-114
-110
-150
-196
-203
-179
-170
-181
-142
-11
138
263
358
437
523
571
550
478
367
244
115
-25
-143
-212
-235
-263
-283
-269
-208
-160
-158
-152
-142
-108
-66
-44
-1
82
167
256
358
458
509
518
473
407
327
228
115
-11
-126
-180
-189
-194
-174
-145
-104
-51
-8
21
48
61
64
66
75
101
123
140
143
150
163
157
112
50
-12
-74
-137
-205
-268
-315
-330
-332
-319
-282
-247
-207
-172
-147
-130
-122
-133
-152
-173
-188
-207
-222
-256
-269
-268
-286
-283
-301
-309
-312
-324
-325
-320
-321
-314
-319
-343
-362
-360
-343
-292
-227
-63
235
472
601
659
763
887
872
700
527
434
327
194
39
-51
-45
-35
-26
-42
-80
-86
-92
-119
-138
-140
-114
-71
-30
58
218
356
443
476
460
461
434
347
214
37
-101
-160
-207
-260
-282
-283
-246
-203
-188
-154
-145
-177
-195
-194
-137
-32
65
156
268
380
482
563
556
497
406
312
207
81
-43
-134
-185
-207
-187
-170
-147
-114
-72
-28
16
48
78
101
125
168
202
216
199
187
171
151
112
51
-8
-76
-128
-163
-198
-240
-274
-292
-290
-281
-270
-251
-224
-182
-155
-128
-114
-106
-110
-130
-142
-169
-207
-245
-284
-291
-277
-285
-301
-315
-303
-274
-266
-274
-289
-285
-287
-277
-287
-320
-324
-327
-285
-237
-148
83
379
585
637
635
721
792
710
510
361
308
264
184
76
43
71
91
80
2
-83
-124
-141
-124
-107
-68
-3
70
161
284
414
471
477
436
367
312
249
174
56
-73
-144
-152
-137
-158
-203
-235
-219
-193
-178
-181
-208
-218
-183
-121
-32
47
113
158
243
345
468
576
560
504
430
364
276
127
-37
-130
-178
-195
-200
-227
-226
-165
-74
-12
44
51
79
140
179
238
230
202
181
164
166
156
120
56
-4
-71
-123
-164
-237
-317
-381
-405
-385
-361
-341
-306
-260
-183
-108
-79
-84
-116
-149
-171
-217
-265
-308
-332
-325
-332
-330
-335
-342
-318
-315
-291
-293
-289
-295
-306
-312
-309
-299
-313
-303
-257
-156
100
425
626
676
603
650
731
654
459
283
235
234
215
150
124
145
136
113
18
-93
-158
-208
-182
-124
-38
73
164
244
362
491
531
469
360
277
221
149
80
11
-73
-130
-146
-147
-154
-198
-260
-300
-288
-236
-185
-180
-193
-159
-60
85
202
244
261
277
324
380
397
348
291
237
208
188
96
4
-75
-124
-144
-147
-165
-167
-131
-71
27
101
141
158
175
196
226
217
173
119
69
61
65
55
21
-29
-70
-91
-110
-157
-219
-279
-318
-312
-291
-267
-241
-229
-197
-165
-146
-142
-182
-222
-254
-265
-272
-294
-284
-287
-285
-274
-302
-323
-339
-371
-366
-366
-367
-343
-326
-292
-244
-221
-222
-224
-229
-203
-147
-46
209
522
689
654
564
588
664
571
356
217
184
238
246
178
136
129
120
59
-44
-147
-182
-179
-139
-41
85
210
269
288
344
429
435
355
248
171
152
145
122
62
-34
-96
-127
-171
-223
-270
-312
-335
-315
-241
-150
-103
-97
-80
-7
112
212
245
253
269
304
363
394
368
308
241
191
157
82
4
-71
-134
-157
-145
-123
-108
-78
-31
41
101
142
176
175
170
183
179
172
141
101
68
52
49
32
-18
-92
-149
-179
-198
-235
-286
-322
-330
-310
-265
-234
-214
-214
-205
-193
-176
-178
-201
-234
-263
-272
-275
-290
-313
-335
-359
-350
-352
-329
-322
-341
-341
-337
-287
-259
-250
-273
-297
-301
-283
-214
-156
46
362
640
737
610
499
541
574
446
295
206
252
317
301
248
177
132
55
-60
-208
-255
-190
-118
-21
53
177
291
311
276
266
306
300
257
200
191
206
211
198
103
-21
-124
-205
-283
-343
-346
-315
-285
-239
-159
-88
-68
-87
-116
-94
0
107
201
252
293
338
374
400
386
326
232
164
110
60
29
-11
-65
-114
-123
-112
-82
-50
-7
38
70
134
194
216
224
214
190
181
179
152
109
70
46
27
-19
-78
-124
-169
-202
-223
-253
-272
-285
-281
-270
-246
-223
-181
-167
-159
-160
-177
-190
-205
-224
-253
-261
-285
-306
-323
-344
-376
-387
-371
-320
-291
-298
-315
-335
-332
-302
-270
-278
-291
-287
-233
-70
227
558
772
729
527
442
496
547
464
346
322
374
427
389
284
162
72
-20
-157
-264
-237
-88
39
98
142
216
287
288
235
191
219
275
320
331
326
309
276
208
77
-66
-173
-232
-282
-315
-292
-235
-194
-180
-159
-161
-173
-178
-159
-122
-42
73
151
168
163
152
156
140
215
398
525
615
465
251
131
75
50
-16
-96
-106
-12
14
22
-17
-41
-13
10
-33
-27
107
183
284
235
172
186
171
165
77
-10
-72
-49
-75
-148
-218
-302
-325
-363
-394
-388
-353
-320
-281
-273
-260
-217
-198
-200
-227
-252
-288
-286
-307
-304
-297
-305
-302
-344
-381
-404
-417
-418
-418
-411
-388
-345
-358
-383
-401
-328
-91
273
621
768
694
532
515
586
610
545
452
442
440
418
342
247
141
25
-93
-243
-300
-212
-41
79
95
81
111
174
210
223
235
288
369
431
447
429
392
330
213
60
-73
-156
-176
-196
-223
-243
-245
-233
-227
-223
-243
-263
-242
-172
-79
42
162
247
253
212
182
200
254
310
343
315
279
251
199
114
40
-27
-79
-100
-89
-41
21
83
103
78
43
62
96
126
164
175
180
177
173
154
115
85
58
5
-54
-68
-68
-79
-103
-153
-223
-264
-267
-259
-262
-267
-253
-228
-205
-179
-162
-181
-201
-218
-242
-254
-264
-277
-304
-348
-368
-386
-386
-381
-368
-370
-380
-371
-355
-340
-343
-362
-414
-442
-381
-198
128
526
777
752
528
325
325
442
532
562
563
550
520
441
283
133
37
-31
-135
-259
-238
-50
156
246
162
24
-43
-16
64
135
221
325
429
470
425
346
270
221
150
36
-64
-94
-66
-31
-43
-109
-204
-267
-267
-256
-272
-271
-217
-118
-41
24
86
119
146
146
125
134
218
332
409
407
341
260
166
74
14
-7
-1
30
44
27
23
31
31
15
-8
-6
23
70
121
145
143
142
129
96
71
63
74
76
62
32
-17
-74
-121
-168
-218
-247
-245
-240
-230
-229
-237
-230
-239
-228
-237
-255
-261
-262
-245
-234
-232
-251
-275
-296
-301
-298
-301
-304
-288
-274
-287
-316
-361
-372
-371
-374
-393
-412
-365
-227
7
311
554
612
454
245
168
261
454
599
684
681
610
474
278
95
-1
14
38
0
-45
-11
82
153
136
29
-76
-103
-47
45
139
250
367
440
398
277
142
68
88
140
154
125
71
27
-11
-62
-120
-177
-180
-169
-191
-224
-228
-164
-70
8
29
0
-8
32
89
133
196
273
328
342
309
239
161
108
92
95
91
103
113
110
75
56
32
4
-14
-15
0
19
58
74
58
52
54
52
44
44
53
42
42
27
-2
-48
-93
-119
-146
-160
-159
-158
-158
-158
-169
-195
-225
-234
-225
-214
-211
-209
-212
-228
-235
-247
-268
-272
-263
-240
-238
-248
-268
-300
-317
-314
-285
-254
-240
-261
-303
-340
-348
-272
-104
122
348
470
379
177
61
121
297
444
545
574
553
485
341
149
2
6
117
196
203
176
151
124
74
-4
-90
-107
-29
71
126
132
151
199
232
222
139
47
12
58
142
180
163
124
90
55
1
-76
-127
-111
-74
-61
-81
-108
-112
-74
-28
-20
-52
-59
1
89
138
157
158
168
198
200
141
63
41
83
131
155
140
103
70
51
19
-37
-64
-44
-6
7
-14
-51
-71
-60
-31
-5
-7
2
31
47
42
16
-2
-17
-27
-33
-52
-78
-91
-79
-72
-96
-122
-142
-152
-157
-161
-169
-181
-181
-172
-167
-169
-179
-188
-189
-204
-203
-206
-218
-226
-232
-244
-269
-280
-278
-272
-259
-259
-279
-285
-265
-185
-78
50
192
254
189
70
31
96
198
280
314
314
303
275
205
84
1
25
120
197
228
226
195
146
90
33
-13
5
102
199
233
213
174
137
122
113
99
80
74
114
150
148
117
90
79
80
68
36
6
-5
3
0
-9
-27
-27
-1
23
4
-35
-45
-17
29
70
79
53
28
32
35
3
-16
-8
20
59
86
67
32
9
7
4
-22
-33
-13
13
19
1
-31
-61
-54
-22
-7
-6
-5
3
3
-9
-20
-38
-57
-50
-38
-38
-57
-68
-62
-57
-59
-76
-102
-114
-120
-132
-153
-175
-178
-175
-173
-185
-197
-219
-228
-227
-234
-245
-257
-264
-253
-247
-256
-259
-267
-269
-256
-260
-268
-268
-243
-155
-34
81
134
49
-81
-111
-6
124
196
207
200
209
232
218
144
73
109
200
256
278
263
247
227
185
127
65
46
128
227
257
212
153
116
101
106
96
70
64
111
171
173
139
101
90
103
99
72
42
30
37
42
27
2
-9
9
27
-3
-56
-78
-62
-21
19
21
-8
-25
-6
5
-10
-28
-19
22
56
93
90
52
34
42
41
4
-18
-9
11
28
18
-5
-41
-53
-27
-12
-12
-11
-10
-6
-8
-14
-26
-47
-42
-29
-33
-53
-69
-73
-77
-77
-87
-107
-126
-125
-130
-147
-170
-176
-169
-165
-171
-188
-201
-205
-200
-182
-189
-206
-209
-219
-239
-247
-255
-257
-243
-239
-256
-286
-296
-278
-230
-164
-77
9
18
-71
-143
-96
19
128
180
171
167
196
231
215
156
130
179
231
262
268
259
237
213
194
145
90
93
159
210
204
163
114
78
75
86
92
80
90
136
175
167
124
81
74
84
86
78
51
35
27
28
15
-2
-9
2
-4
-36
-60
-64
-44
-12
7
-9
-34
-38
-14
-2
-14
-19
-1
21
46
67
51
29
27
31
15
-5
-7
1
13
22
13
-14
-36
-22
-5
-7
-6
-4
7
13
15
6
-25
-38
-37
-28
-34
-51
-58
-60
-68
-74
-88
-106
-112
-113
-121
-144
-156
-153
-141
-144
-156
-176
-193
-193
-186
-195
-215
-230
-238
-235
-237
-234
-237
-236
-235
-250
-271
-289
-281
-256
-226
-184
-104
-20
-19
-116
-165
-85
54
168
195
174
161
192
244
218
148
135
201
250
272
271
241
214
189
167
117
62
90
159
193
181
137
95
72
87
114
111
92
107
157
175
144
90
43
37
49
57
43
17
4
1
1
-24
-48
-47
-27
-24
-52
-63
-55
-29
5
16
-20
-42
-35
-3
-2
-21
-23
-4
17
46
50
13
-15
-10
5
-8
-17
-11
9
31
37
20
-6
-9
13
29
21
13
16
17
20
14
-12
-47
-55
-44
-43
-57
-68
-69
-69
-78
-99
-126
-137
-131
-117
-113
-130
-142
-140
-134
-138
-161
-188
-201
-197
-190
-203
-224
-236
-227
-213
-226
-249
-262
-270
-266
-270
-283
-284
-271
-242
-203
-135
-49
-34
-102
-143
-68
73
178
206
189
172
198
248
246
189
167
225
265
274
267
243
214
189
170
134
90
106
166
197
178
139
105
78
91
118
121
105
111
151
157
130
80
40
33
39
46
26
8
4
-2
-12
-36
-54
-60
-34
-18
-43
-64
-64
-47
-23
-3
-20
-42
-44
-24
-6
-14
-22
3
25
28
36
3
-18
-12
-1
0
-19
-20
5
20
19
9
-14
-34
-11
22
29
26
24
24
19
8
-1
-30
-44
-38
-30
-39
-53
-61
-75
-89
-109
-128
-133
-125
-109
-97
-116
-131
-139
-141
-142
-158
-176
-186
-184
-168
-158
-161
-178
-189
-203
-215
-222
-221
-228
-239
-247
-252
-269
-278
-271
-269
-248
-171
-59
-19
-83
-135
-73
65
188
233
208
173
209
265
272
225
199
238
285
301
292
257
221
207
210
171
120
124
171
207
204
161
111
84
101
150
165
139
132
151
164
142
92
45
25
48
70
66
38
15
9
-2
-19
-41
-55
-37
-7
-12
-46
-61
-58
-33
-5
-6
-27
-30
1
33
25
-2
-5
9
18
30
18
-7
-3
22
28
5
-8
4
29
27
16
0
-11
6
45
58
41
36
35
37
25
14
-3
-18
-10
-6
-17
-43
-64
-72
-79
-98
-113
-122
-114
-98
-93
-109
-137
-147
-145
-142
-143
-155
-161
-157
-152
-153
-172
-192
-201
-208
-225
-236
-247
-245
-237
-238
-248
-273
-291
-277
-270
-259
-236
-176
-61
4
-39
-108
-72
56
187
237
200
154
170
233
273
238
194
214
249
281
280
247
212
195
207
196
146
121
148
186
206
188
146
116
122
165
183
147
115
117
133
135
98
45
20
42
74
75
50
16
-3
-4
1
-17
-36
-26
1
8
-19
-44
-50
-26
14
33
9
-13
4
26
25
10
-9
-14
-1
22
32
9
2
29
33
15
9
15
29
39
45
41
27
34
59
69
51
41
47
38
35
30
16
-7
-15
-20
-34
-53
-59
-59
-71
-82
-92
-91
-91
-95
-99
-119
-146
-144
-134
-125
-125
-142
-146
-147
-147
-149
-171
-200
-212
-206
-212
-216
-219
-234
-238
-255
-279
-295
-302
-289
-259
-238
-181
-88
-25
-55
-115
-90
21
141
198
186
140
141
196
233
210
173
192
238
261
272
253
219
199
206
192
151
132
162
199
212
186
147
117
112
149
168
143
111
110
124
115
80
46
22
34
59
66
40
14
-3
-6
-9
-21
-37
-38
-16
-5
-17
-39
-44
-33
-10
11
1
-15
-12
8
4
-15
-23
-23
-18
-1
18
4
-2
6
12
4
-1
10
26
39
48
47
30
24
41
55
49
43
34
29
25
22
9
-9
-23
-27
-31
-37
-41
-44
-51
-64
-75
-75
-80
-87
-86
-90
-107
-117
-107
-109
-110
-123
-129
-143
-150
-143
-153
-170
-178
-181
-190
-195
-199
-207
-209
-218
-230
-239
-250
-245
-229
-223
-213
-184
-107
-11
3
-57
-96
-30
102
194
200
148
122
159
224
238
196
184
216
250
274
254
225
208
209
219
185
143
143
179
214
210
162
109
88
115
152
154
113
90
105
116
102
59
28
27
53
75
52
14
-6
-11
-10
-18
-38
-50
-32
-9
-2
-16
-45
-64
-54
-23
-5
-7
-10
-1
10
-1
-20
-31
-27
-5
21
21
15
11
30
36
26
16
18
44
64
76
63
44
44
55
63
51
47
47
46
46
37
8
-16
-19
-15
-14
-21
-30
-37
-38
-52
-62
-75
-86
-75
-71
-78
-92
-109
-108
-112
-120
-132
-149
-153
-151
-153
-169
-187
-200
-204
-203
-205
-210
-217
-224
-225
-219
-225
-230
-234
-229
-224
-192
-115
-15
10
-59
-107
-57
70
174
199
154
125
159
226
245
210
189
225
273
290
288
261
241
244
247
218
169
160
201
233
226
182
122
93
122
160
164
131
108
121
133
117
78
34
25
52
75
65
35
8
-2
6
5
-25
-50
-35
-15
-12
-23
-52
-80
-75
-39
-24
-26
-22
-20
-19
-39
-52
-53
-45
-21
11
13
-6
8
18
22
23
11
12
31
50
61
42
19
11
16
24
25
34
31
30
30
13
-12
-32
-28
-24
-26
-29
-34
-38
-44
-53
-76
-91
-98
-85
-71
-85
-103
-118
-129
-129
-135
-149
-156
-161
-150
-147
-165
-191
-208
-215
-223
-212
-215
-219
-213
-213
-218
-240
-262
-259
-241
-234
-235
-213
-129
-43
-51
-128
-156
-68
77
170
168
111
94
150
216
216
176
187
238
288
308
282
248
225
228
238
194
154
168
219
240
220
155
99
96
144
189
174
132
118
137
141
118
68
37
52
89
105
79
40
22
21
21
2
-27
-34
-22
-5
-15
-39
-66
-74
-48
-22
-24
-43
-44
-29
-26
-29
-36
-27
-10
18
30
24
14
24
39
35
32
31
43
60
71
60
36
15
21
38
48
46
47
41
31
16
-4
-10
-18
-12
-10
-14
-22
-28
-34
-52
-67
-76
-77
-71
-63
-73
-102
-120
-133
-137
-138
-145
-155
-162
-165
-170
-181
-196
-210
-217
-218
-229
-233
-228
-218
-216
-220
-239
-259
-255
-244
-240
-239
-241
-200
-97
-17
-46
-134
-139
-28
104
173
147
92
95
166
226
207
158
180
231
262
264
233
205
194
208
203
150
115
140
194
207
172
117
72
81
129
163
136
91
93
117
121
89
43
24
42
78
78
42
7
-5
2
0
-28
-53
-56
-35
-30
-40
-56
-89
-95
-74
-55
-49
-39
-30
-17
-16
-27
-24
-17
-8
21
38
18
22
35
41
38
25
19
28
37
54
53
31
16
25
36
36
36
35
26
27
23
14
2
-1
2
-5
-8
-18
-24
-29
-40
-50
-58
-65
-65
-62
-71
-95
-114
-124
-123
-122
-128
-143
-155
-154
-161
-174
-191
-212
-219
-222
-224
-222
-221
-222
-231
-240
-262
-272
-275
-265
-250
-247
-217
-133
-54
-68
-140
-159
-69
57
140
136
92
84
135
195
188
154
162
209
245
256
240
212
192
193
196
154
121
137
178
197
169
115
73
73
113
155
136
97
90
110
114
92
51
18
31
60
71
50
12
-11
-9
-13
-34
-57
-67
-56
-47
-53
-72
-99
-110
-92
-71
-58
-55
-53
-45
-48
-57
-60
-53
-38
-15
2
0
-2
2
8
11
6
2
12
28
33
28
15
1
6
12
23
21
23
28
25
15
6
-3
-13
-14
-16
-15
-19
-20
-27
-38
-55
-69
-74
-72
-68
-84
-103
-121
-136
-132
-132
-143
-157
-160
-159
-162
-174
-187
-203
-208
-207
-212
-220
-216
-213
-217
-227
-253
-271
-264
-240
-232
-235
-206
-111
-39
-77
-150
-148
-44
87
158
139
91
93
162
210
184
146
172
229
260
266
241
203
194
206
194
141
117
146
192
200
163
109
64
74
125
148
118
84
91
107
103
71
28
16
33
68
70
38
4
-15
-17
-24
-48
-71
-75
-57
-60
-68
-85
-112
-111
-89
-70
-68
-64
-58
-49
-51
-64
-62
-57
-49
-17
-9
-13
-16
-11
-1
-5
-13
-9
-1
13
20
11
-4
-15
-5
2
4
8
9
10
8
-2
-14
-31
-30
-24
-29
-28
-34
-37
-39
-48
-65
-76
-77
-74
-66
-82
-107
-118
-125
-127
-132
-142
-157
-159
-155
-161
-183
-198
-210
-213
-213
-223
-231
-240
-233
-224
-235
-255
-261
-260
-256
-258
-256
-230
-152
-63
-67
-134
-155
-81
53
137
139
94
79
135
196
197
157
154
203
241
248
231
203
187
196
202
157
114
121
171
204
182
132
85
76
117
152
136
97
87
114
117
93
48
20
35
65
77
47
11
-12
-12
-14
-35
-62
-63
-44
-32
-46
-76
-94
-91
-69
-48
-53
-61
-52
-36
-38
-54
-62
-61
-40
-23
-17
-22
-23
-9
0
-5
-21
-26
-12
8
15
8
-11
-19
-12
0
-1
-1
0
6
7
-1
-17
-33
-33
-32
-32
-39
-42
-45
-49
-56
-66
-84
-90
-84
-80
-88
-109
-126
-132
-138
-134
-148
-160
-170
-172
-173
-188
-204
-212
-221
-219
-228
-240
-241
-240
-237
-247
-270
-291
-280
-269
-260
-254
-218
-119
-52
-93
-155
-137
-30
94
150
124
76
88
155
196
168
139
167
213
241
241
220
187
177
191
173
126
108
142
180
186
158
116
75
90
131
155
132
98
109
126
121
90
45
29
46
74
77
43
10
-1
-2
-9
-33
-45
-42
-30
-26
-47
-68
-77
-60
-39
-37
-42
-49
-37
-24
-31
-39
-42
-33
-18
3
7
-2
-2
5
8
9
3
5
23
36
38
25
15
12
17
31
34
36
32
33
35
26
15
0
0
4
2
-8
-17
-26
-30
-42
-53
-66
-66
-53
-53
-67
-84
-101
-111
-108
-108
-119
-136
-143
-146
-146
-165
-190
-199
-199
-193
-200
-215
-227
-233
-236
-237
-250
-255
-257
-249
-244
-239
-193
-99
-46
-87
-144
-117
-11
98
142
115
79
89
158
194
169
145
177
213
230
229
201
176
168
190
172
119
102
140
171
172
145
103
71
85
130
145
117
88
103
120
111
84
44
24
35
62
59
27
5
-4
-4
-17
-34
-54
-47
-30
-31
-48
-69
-73
-56
-33
-31
-42
-52
-37
-28
-26
-36
-45
-41
-27
-11
-11
-17
-11
6
15
12
1
3
13
30
33
22
12
15
31
31
27
22
22
28
31
26
10
2
2
3
-3
-11
-16
-18
-18
-22
-31
-43
-45
-39
-35
-48
-65
-78
-82
-81
-88
-108
-122
-129
-121
-124
-140
-162
-177
-176
-180
-184
-201
-204
-207
-210
-213
-226
-227
-222
-221
-231
-226
-175
-76
-15
-59
-119
-97
-4
105
153
123
88
103
170
203
177
155
184
222
242
236
212
185
188
204
184
135
115
145
181
187
161
107
80
93
138
153
120
93
108
122
111
85
41
23
37
64
64
34
8
-2
-3
-10
-31
-45
-42
-26
-25
-38
-60
-73
-51
-30
-31
-43
-46
-36
-24
-28
-36
-48
-49
-36
-19
-19
-30
-12
-1
-5
-8
-15
-14
-1
12
23
8
0
6
16
24
17
15
16
24
24
19
9
-2
2
-4
-12
-20
-16
-22
-27
-28
-43
-52
-55
-50
-52
-71
-89
-91
-90
-94
-97
-120
-137
-140
-145
-147
-160
-178
-183
-186
-194
-200
-204
-211
-210
-207
-217
-219
-219
-222
-222
-223
-216
-178
-85
-6
-28
-94
-98
-16
94
161
144
100
103
165
218
189
155
174
208
236
239
215
190
188
209
202
144
113
141
188
202
184
137
101
109
147
167
139
108
113
132
124
96
60
37
46
74
75
47
19
16
15
4
-15
-26
-24
-10
0
-14
-35
-44
-29
-12
-12
-33
-34
-18
-8
-6
-16
-32
-30
-18
-5
-11
-18
-5
5
10
-2
-11
-10
2
22
24
10
4
7
14
17
14
7
7
10
13
6
-7
-17
-17
-19
-29
-37
-35
-31
-30
-38
-48
-62
-60
-55
-57
-71
-83
-91
-97
-99
-95
-112
-126
-129
-134
-139
-144
-156
-172
-172
-174
-186
-196
-208
-208
-194
-194
-209
-215
-215
-213
-209
-199
-155
-63
-18
-58
-103
-81
9
104
143
115
82
96
159
187
158
137
166
196
203
204
189
168
169
186
160
113
101
137
169
174
154
124
89
100
139
147
118
102
118
122
116
89
58
43
60
85
79
50
32
32
23
11
-1
-9
-7
-1
3
-14
-36
-34
-18
-15
-22
-27
-24
-10
3
-8
-25
-27
-16
2
4
-7
0
11
23
20
9
4
9
26
33
30
23
23
25
34
36
31
28
33
35
34
26
13
14
7
2
-7
-15
-12
-11
-14
-26
-39
-43
-44
-41
-46
-56
-67
-81
-87
-91
-98
-111
-123
-121
-125
-128
-136
-150
-156
-160
-176
-180
-185
-191
-185
-185
-186
-193
-199
-198
-193
-193
-175
-115
-40
-21
-62
-88
-53
34
108
127
101
88
124
168
178
144
140
173
194
202
199
182
165
178
181
148
114
117
147
164
157
135
101
83
106
131
123
96
97
110
107
87
62
38
34
49
65
50
26
20
20
13
-7
-13
-11
-9
-2
-6
-30
-44
-27
-16
-20
-29
-27
-13
-2
-4
-15
-26
-22
-6
-1
-9
-6
4
17
22
11
4
3
14
29
30
16
14
24
26
24
23
24
27
34
35
30
16
12
13
8
-3
-11
-9
-8
1
-9
-25
-35
-37
-31
-35
-43
-53
-61
-68
-76
-83
-96
-102
-104
-112
-120
-127
-135
-139
-137
-146
-153
-159
-166
-167
-165
-167
-167
-164
-169
-173
-174
-165
-130
-73
-28
-34
-65
-66
-14
59
112
122
104
101
135
168
160
143
145
177
190
190
180
167
167
171
164
127
105
116
140
143
131
111
86
80
94
106
92
75
83
89
77
61
41
19
22
37
43
25
5
10
8
-8
-22
-26
-22
-15
-13
-25
-49
-54
-39
-26
-31
-34
-31
-27
-22
-22
-32
-41
-33
-17
-15
-22
-19
-11
-3
2
-5
-18
-20
-5
2
-3
-9
-11
-4
-2
-6
-3
-5
-2
6
2
-5
-9
-6
-6
-7
-18
-23
-28
-30
-29
-34
-47
-50
-45
-44
-55
-63
-64
-78
-81
-79
-88
-100
-103
-108
-108
-113
-121
-130
-138
-131
-132
-133
-146
-150
-152
-146
-137
-139
-139
-144
-150
-148
-149
-137
-99
-62
-21
-19
-46
-42
-3
59
101
109
101
103
130
151
151
140
144
169
178
175
176
166
168
164
151
122
100
119
137
140
130
107
88
87
106
110
102
88
97
103
89
70
56
49
51
60
51
42
40
38
24
2
-10
-8
-4
-9
-17
-33
-42
-33
-32
-37
-42
-37
-34
-33
-32
-37
-42
-41
-40
-40
-43
-42
-32
-22
-24
-29
-32
-34
-27
-25
-21
-21
-23
-22
-19
-22
-23
-15
-15
-10
-10
-15
-15
-19
-20
-26
-31
-30
-29
-32
-42
-43
-49
-55
-55
-61
-68
-72
-73
-75
-82
-96
-105
-107
-106
-114
-111
-111
-114
-119
-128
-135
-130
-136
-141
-139
-144
-145
-143
-143
-148
-149
-148
-148
-149
-137
-104
-80
-66
-49
-45
-34
-12
25
54
70
92
104
104
109
121
129
128
143
153
150
147
146
147
134
120
117
108
105
116
119
112
95
88
84
82
90
93
89
80
81
83
73
61
56
59
57
61
64
50
34
25
23
17
17
12
6
-5
-13
-18
-29
-32
-30
-32
-41
-38
-35
-36
-39
-36
-34
-39
-38
-30
-26
-27
-20
-18
-25
-17
-20
-14
-16
-20
-9
-19
-23
-17
-13
-19
-15
-6
-9
-8
-13
-16
-20
-29
-28
-26
-32
-37
-40
-46
-46
-49
-49
-56
-58
-64
-65
-68
-77
-79
-88
-92
-97
-93
-92
-95
-103
-109
-112
-118
-113
-110
-113
-123
-131
-135
-134
-129
-125
-119
-127
-130
-129
-131
-125
-122
-117
-100
-85
-62
-48
-43
-28
-12
11
37
52
63
83
91
95
105
109
107
114
118
126
129
128
125
113
106
98
100
103
105
101
98
94
89
90
88
82
84
96
93
89
83
72
67
67
69
73
68
61
54
45
38
29
20
15
18
5
4
-4
-15
-17
-19
-19
-23
-22
-19
-19
-22
-22
-28
-30
-34
-29
-26
-27
-24
-19
-21
-28
-26
-24
-20
-12
-13
-12
-9
-10
-11
-8
-9
-1
0
-3
-3
-2
-3
-5
-8
-8
-10
-9
-15
-15
-13
-20
-22
-26
-29
-28
-31
-32
-41
-47
-51
-53
-55
-63
-67
-69
-74
-82
-84
-86
-91
-98
-99
-108
-112
-111
-105
-81
-77
-84
-90
-95
-88
-69
-58
-52
-60
-58
-42
-36
-31
-27
-16
0
25
36
44
50
59
69
65
62
75
78
89
96
100
97
86
90
92
88
90
94
94
89
87
86
77
76
82
82
80
79
76
76
64
59
62
63
60
54
52
41
37
33
31
28
21
18
10
4
0
-4
-14
-21
-17
-25
-27
-27
-30
-34
-29
-30
-34
-34
-35
-31
-32
-25
-24
-27
-25
-28
-24
-22
-21
-21
-23
-20
-24
-23
-17
-13
-9
-10
-12
-11
-11
-6
-7
-10
-6
-9
-8
-8
-10
-13
-14
-12
-9
-13
-10
-8
-8
-7
-15
-16
-18
-16
-14
-13
-20
-29
-30
-35
-34
-37
-33
-38
-37
-39
-40
-41
-47
-42
-46
-44
-48
-43
-37
-38
-39
-39
-40
-39
-30
-25
-24
-24
-22
-25
-20
-16
-16
-13
-11
-13
-10
-6
1
3
6
15
23
23
25
31
30
35
46
50
57
61
67
70
69
68
71
79
81
81
83
83
81
83
79
83
78
77
75
68
66
61
55
45
40
35
32
27
19
13
6
5
-3
-10
-18
-18
-25
-29
-30
-33
-36
-42
-42
-46
-44
-42
-43
-44
-42
-46
-44
-43
-44
-46
-43
-44
-46
-49
-50
-47
-44
-44
-49
-47
-40
-43
-40
-37
-33
-31
-25
-21
-22
-15
-13
-10
-10
-6
-4
-3
0
-1
-3
-7
-7
-5
-9
-4
-5
-10
-7
-11
-15
-17
-18
-14
-14
-11
-14
-23
-21
-15
-17
-19
-15
-14
-7
-5
-9
-13
-17
-17
-17
-14
-18
-21
-23
-22
-17
-21
-23
-16
-10
-3
-4
-5
-3
0
5
9
18
16
18
20
28
32
36
43
45
47
49
49
53
58
57
62
63
67
73
76
81
80
78
77
76
78
77
75
74
69
61
62
58
54
47
44
43
40
35
30
31
27
24
19
18
10
13
11
3
-1
-3
-2
-9
-10
-13
-15
-16
-18
-18
-15
-18
-21
-23
-22
-28
-31
-30
-30
-29
-30
-29
-34
-28
-30
-32
-29
-29
-23
-26
-25
-26
-27
-26
-19
-14
-17
-17
-19
-16
-12
-12
-11
-13
-11
-8
-6
-8
-5
-4
-6
-4
-1
-4
-10
-11
-8
-6
-13
-11
-13
-17
-18
-24
-19
-19
-19
-19
-25
-28
-22
-21
-20
-21
-21
-24
-20
-16
-23
-22
-20
-20
-19
-18
-16
-18
-20
-16
-16
-12
-11
-6
-6
-5
3
1
1
1
7
10
15
14
18
19
17
27
23
25
32
29
34
34
30
32
33
37
38
38
43
41
42
41
38
34
32
33
30
29
23
26
26
19
17
14
17
22
21
17
15
16
15
15
12
9
10
12
11
10
7
7
9
10
6
1
2
2
4
6
3
8
10
9
15
12
10
6
8
7
8
6
7
9
4
8
5
5
6
10
7
7
5
8
8
8
5
2
2
3
1
-2
-2
-1
-6
-5
-5
-6
-6
-16
-11
-17
-18
-18
-19
-18
-22
-23
-24
-23
-26
-22
-17
-14
-16
-16
-11
-11
-8
-10
-3
-2
0
1
2
3
3
4
6
6
5
0
1
2
0
1
7
4
5
7
8
12
15
13
8
10
8
7
6
5
4
5
7
6
4
0
2
1
0
2
3
3
-1
1
0
-3
-3
-3
-1
3
4
4
0
-1
2
7
10
9
11
15
13
8
13
16
13
14
19
16
21
25
30
31
27
31
30
38
35
35
33
35
37
35
33
34
38
35
35
32
31
22
24
28
28
25
27
23
23
22
23
21
17
21
23
22
21
17
12
10
12
6
6
10
8
3
1
-1
-4
-10
-14
-11
-9
-9
-11
-13
-10
-11
-16
-14
-8
-9
-11
-6
-3
-1
1
3
4
2
5
5
5
6
5
4
0
2
2
2
3
3
-1
1
2
0
0
1
0
-2
-7
-5
-4
1
3
-3
-7
-4
-3
-8
-6
-8
-8
-7
-11
-14
-12
-12
-15
-14
-17
-13
-15
-13
-12
-14
-9
-7
-7
-9
-3
-11
-9
-8
-5
-2
0
1
0
2
4
8
4
7
7
6
8
8
9
10
11
9
3
7
9
8
9
10
13
11
9
11
7
7
8
12
12
8
10
5
5
5
8
15
10
13
6
5
7
6
9
8
8
5
10
4
1
-2
3
2
1
-1
1
4
-1
-4
-8
-3
-5
-5
-9
-4
-3
-3
0
-5
-6
3
1
-3
3
0
1
4
6
2
1
2
8
9
4
5
6
5
3
5
-1
2
2
3
5
0
-1
1
4
3
1
1
1
1
-2
-7
-3
-3
-6
-11
-15
-15
-19
-21
-19
-17
-19
-19
-19
-18
-26
-29
-27
-29
-25
-25
-24
-26
-32
-30
-34
-32
-26
-28
-31
-29
-26
-26
-28
-25
-24
-29
-27
-25
-26
-26
-21
-21
-21
-19
-18
-12
-14
-16
-10
-9
-11
-10
-7
-9
-5
-5
-5
-3
-2
1
2
0
2
0
2
4
-1
-4
-6
-4
-1
-1
-5
-2
-1
-6
-8
-6
-2
0
1
0
-6
-9
-13
-14
-20
-18
-19
-25
-21
-21
-23
-20
-18
-16
-20
-19
-17
-14
-15
-12
-13
-12
-9
-10
-9
-5
-4
-7
-2
-4
-3
-2
0
-1
3
3
10
15
11
12
10
10
12
11
12
12
15
18
10
13
13
8
11
9
8
9
10
6
4
1
1
0
-3
-2
-2
-5
-6
-8
-7
-12
-12
-12
-12
-17
-17
-17
-21
-19
-18
-18
-17
-17
-16
-18
-19
-17
-16
-17
-20
-19
-22
-18
-15
-16
-13
-14
-10
-11
-12
-12
-11
-9
-12
-12
-17
-19
-17
-16
-15
-13
-17
-18
-14
-17
-16
-14
-17
-11
-14
-18
-17
-15
-17
-16
-22
-14
-13
-13
-11
-14
-13
-9
-11
-17
-15
-14
-13
-12
-16
-17
-18
-19
-16
-18
-19
-19
-17
-14
-16
-12
-16
-15
-18
-15
-15
-20
-17
-14
-12
-13
-10
-16
-11
-15
-10
-12
-9
-6
-11
-11
-9
-7
-10
-8
-6
-11
-11
-13
-15
-11
-7
-8
-10
-7
-6
-3
-2
-5
-4
-4
-1
0
-5
-2
-5
-4
-9
-6
-10
-12
-3
-15
-16
-16
-17
-17
-20
-14
-17
-17
-16
-15
-15
-15
-14
-18
-18
-18
-15
-17
-19
-17
-19
-19
-18
-17
-12
-12
-16
-12
-14
-8
-4
-3
-2
1
5
4
4
5
0
-4
0
-2
-1
3
3
-1
-1
1
1
2
2
-1
7
14
16
18
14
13
15
18
16
17
16
13
15
17
10
10
8
7
10
5
8
6
6
1
-3
-1
-2
0
-4
-11
-7
-10
-14
-8
-9
-10
-15
-14
-12
-10
-13
-11
-12
-14
-7
-10
-5
-5
-3
0
0
2
1
1
4
5
6
7
11
19
13
15
17
16
16
19
16
13
19
19
18
18
19
21
12
17
16
16
12
8
9
10
12
8
7
9
7
2
0
-1
-5
-4
-6
-13
-16
-16
-17
-20
-21
-24
-28
-32
-25
-19
-22
-20
-17
-21
-17
-19
-16
-12
-7
-6
-5
0
-1
-1
0
5
9
6
9
8
8
8
9
14
13
12
14
17
16
15
18
17
17
15
16
20
25
16
21
20
21
19
16
23
18
17
16
17
16
14
11
10
15
12
10
13
11
9
10
3
4
5
5
7
3
4
4
5
7
9
8
9
12
11
14
8
9
11
12
11
10
7
11
12
10
19
14
16
14
16
19
12
11
15
15
16
20
14
17
14
15
16
14
9
10
11
7
9
8
14
9
7
2
6
7
8
4
4
10
7
6
4
4
0
-2
2
-3
0
-2
1
0
-4
-1
-5
-7
-6
-1
2
3
-4
2
5
8
7
8
2
6
11
5
9
5
5
5
7
7
8
5
8
4
0
8
7
6
6
8
11
12
13
14
15
17
24
17
18
21
20
22
20
23
23
29
31
28
32
31
29
30
30
28
28
26
22
22
24
23
19
21
17
16
21
18
15
16
13
15
13
9
10
12
11
6
5
9
9
9
9
6
5
6
11
4
9
7
10
13
17
21
20
23
19
27
29
32
34
33
33
34
33
35
39
41
43
40
39
40
41
39
34
35
37
32
30
29
31
28
25
25
26
22
19
18
13
10
12
9
8
8
3
5
-1
-3
-1
-6
-7
-8
-8
-5
-5
-8
-8
-5
-6
-2
-1
1
-1
4
8
8
9
10
12
11
12
12
14
13
12
11
15
19
20
18
24
27
29
27
31
35
31
32
29
30
26
32
33
29
29
27
27
28
30
27
28
30
27
25
22
24
23
21
19
16
13
14
12
12
13
10
14
12
15
14
12
17
15
13
22
19
17
20
19
18
22
19
16
17
23
21
21
24
26
26
21
24
24
28
28
30
37
31
31
29
29
30
28
32
28
31
26
28
30
28
27
27
29
26
26
27
30
27
25
25
26
26
28
25
25
23
26
24
23
23
20
18
21
20
17
16
16
17
16
13
18
18
17
19
19
20
21
21
16
18
22
20
21
23
26
24
22
24
21
20
20
22
19
23
24
23
24
23
24
25
21
25
29
25
27
25
28
31
30
30
26
31
32
32
38
43
39
38
40
43
42
37
37
38
40
42
42
43
44
37
35
35
28
28
28
26
25
26
24
23
22
20
19
22
17
17
19
17
16
14
16
14
16
14
12
20
13
17
17
18
22
19
23
21
21
23
18
21
21
21
21
26
26
26
28
24
22
24
19
19
19
19
23
22
19
23
25
22
18
19
21
20
20
22
25
23
20
19
18
12
12
9
8
10
4
1
3
1
1
-1
0
-2
-3
-1
-2
-2
-2
-4
-1
-1
-4
-2
3
-1
-4
-3
-2
1
2
7
5
5
6
3
4
2
4
6
6
11
11
9
11
18
15
19
25
21
23
21
23
26
25
23
22
26
25
