-17
-12
-9
-11
-10
-10
-6
-7
-5
-6
-8
-7
-10
-8
-9
-5
-6
-5
-2
0
0
3
-1
3
-2
-1
-1
-6
-6
-9
-7
-2
-2
-9
-8
-3
-6
-6
0
-1
0
-2
-1
-2
4
4
0
2
-1
3
7
6
5
3
7
4
4
4
2
4
6
3
5
1
-2
2
-3
-5
-3
-2
-5
-2
-8
-12
-6
-5
-8
-7
-4
-2
-1
-1
-5
-9
-9
-4
-9
-11
-5
-10
-6
-3
-2
1
2
0
-2
-1
-4
-5
-6
-5
-3
-5
-2
-2
-1
-1
-2
3
-3
4
4
-1
0
-1
-1
-1
3
2
1
2
-1
-3
-2
4
1
-3
0
-3
-2
-2
-1
1
-5
-4
-1
-3
-3
-4
1
4
1
-5
-2
-8
-7
-6
-8
-8
-11
-10
-9
-9
-5
0
-4
-2
1
-2
1
2
2
-5
-4
-3
-8
-4
-7
-9
-7
-6
-4
-2
-1
-6
-4
-6
-1
-3
-3
2
0
3
2
4
-2
-1
-4
-3
0
-6
-2
-2
0
1
0
-3
-1
1
-1
3
2
-2
0
1
2
1
-2
1
1
-4
1
-2
-4
-10
-7
-3
-3
-7
-8
-1
-2
-4
-4
1
1
-2
-3
-1
2
3
4
4
5
0
-3
2
-4
-2
-6
-8
-4
-8
-9
-8
-7
-9
-10
-7
-8
-7
-11
-11
-8
-12
-12
-10
-11
-7
-8
-4
-6
-3
-4
-3
-1
0
-4
-8
-4
-5
-6
-1
0
-1
-2
1
0
-3
-5
0
0
-1
-3
0
1
-2
2
-1
0
-1
-1
-5
-4
-9
-14
-12
-12
-13
-10
-12
-10
-9
-12
-12
-11
-15
-11
-13
-17
-18
-25
-20
-24
-20
-14
-13
-15
-17
-12
-10
-6
-6
-7
-9
-7
-4
-8
-8
-7
-7
-11
-13
-11
-7
-8
-6
-3
-5
-5
-5
-4
-3
-7
-5
-3
-2
-5
-2
-4
-5
-5
-2
-2
-2
-1
-4
2
-6
2
5
1
2
2
4
1
0
-3
-3
-4
-5
-4
-8
-2
1
-1
2
6
2
1
4
5
6
6
7
8
12
14
14
12
15
15
17
16
14
18
16
13
13
13
11
10
10
11
5
0
7
8
8
4
2
3
3
7
3
5
2
3
3
0
2
-4
-2
-2
-2
0
1
0
-2
-1
-5
-3
-7
-2
-5
-7
-9
-6
-1
-6
-4
-5
-5
-5
0
-3
1
-1
-1
1
-2
1
1
3
0
4
0
2
3
1
2
-3
-5
-11
-7
-9
-15
-13
-10
-11
-17
-16
-13
-14
-15
-17
-18
-16
-18
-19
-17
-19
-17
-13
-14
-13
-12
-9
-11
-17
-13
-11
-15
-13
-15
-19
-20
-21
-17
-20
-20
-17
-22
-24
-20
-24
-24
-15
-12
-19
-13
-8
-11
-9
-10
-6
-5
-6
-5
-2
-1
-1
-4
-3
-2
-2
-3
-3
-1
-3
-1
2
2
1
0
-2
3
3
3
2
0
4
2
4
5
0
6
7
4
6
9
8
7
5
3
5
6
9
5
6
7
9
11
13
15
12
12
12
9
14
17
16
15
13
12
9
8
11
12
11
11
11
15
11
15
15
11
13
10
13
10
9
8
9
6
5
10
5
5
3
2
1
1
2
-1
-1
-1
0
-2
-6
-10
-11
-8
-5
-6
-7
-9
-10
-10
-15
-12
-11
-17
-16
-19
-19
-24
-22
-16
-17
-15
-19
-15
-17
-20
-16
-14
-16
-16
-16
-15
-18
-15
-19
-16
-19
-20
-17
-19
-14
-16
-15
-11
-15
-13
-11
-17
-12
-14
-18
-12
-11
-12
-10
-11
-13
-13
-12
-13
-15
-14
-21
-17
-18
-16
-17
-18
-12
-12
-10
-9
-9
-7
-10
-10
-8
-8
-9
-10
-5
-7
-7
-7
-1
-3
-6
-5
-10
-7
-6
-8
-4
-6
-5
-5
-6
-7
-7
-5
-1
0
3
4
5
9
11
12
14
10
11
10
5
9
5
7
5
5
6
8
10
6
8
7
6
9
10
12
8
10
10
7
8
10
15
15
12
11
16
17
20
20
21
18
17
18
15
12
11
14
13
12
11
14
13
8
10
8
7
10
10
7
8
8
5
3
4
3
7
2
4
6
2
3
2
-4
-1
1
-3
-2
-8
-7
-5
-3
-1
-6
-7
-7
-6
-6
-8
-10
-10
-11
-10
-10
-13
-13
-12
-10
-10
-11
-7
-8
-8
-8
-5
-3
-6
-5
-5
-4
-8
-5
-4
-3
-4
-4
-3
0
-1
-7
-1
-3
-8
-11
-2
-1
-5
-3
-3
-2
-2
-4
-2
-6
-2
-5
-6
-8
-6
-1
0
3
2
2
2
7
2
1
4
3
4
4
-1
5
4
1
3
3
7
6
8
9
7
7
8
9
8
8
10
9
9
7
9
8
4
4
5
6
6
5
5
5
6
7
1
0
1
2
2
0
2
6
5
5
11
5
8
12
3
7
13
9
8
11
9
5
6
7
7
6
8
12
10
10
8
8
8
5
6
7
7
5
3
3
1
4
-2
1
4
5
10
4
1
-4
1
6
-1
-3
-2
-3
-4
-1
-1
3
4
2
1
-1
5
2
3
5
5
3
5
5
5
2
5
3
0
0
-1
0
-4
-4
-7
-7
-8
-10
-10
-9
-8
-9
-14
-13
-14
-15
-13
-14
-6
-10
-10
-10
-12
-11
-10
-11
-13
-13
-11
-10
-10
-9
-10
-8
-11
-8
-7
-10
-13
-14
-10
-9
-13
-10
-11
-7
-8
-10
-6
-6
-1
-3
-6
-3
-6
-5
-4
-3
-3
-4
-1
-1
1
-3
-3
-3
2
2
-1
0
1
-8
-6
-1
-7
-1
-2
0
1
0
3
4
6
3
8
8
5
10
10
9
10
7
4
7
8
7
6
7
5
3
5
5
9
14
15
15
14
17
17
16
22
21
17
17
16
17
18
17
20
18
18
20
18
17
17
17
15
13
13
15
15
16
19
16
18
19
18
11
13
14
15
12
8
8
9
7
8
11
9
13
13
11
11
8
11
14
9
4
5
7
7
5
2
5
1
-1
5
-1
-3
-1
0
-1
-1
-4
-7
-3
-3
-6
-6
-11
-9
-7
-8
-9
-10
-10
-13
-15
-15
-11
-12
-13
-16
-16
-14
-17
-19
-16
-20
-18
-24
-25
-21
-25
-25
-23
-18
-19
-22
-19
-21
-22
-17
-19
-21
-24
-23
-23
-22
-22
-23
-23
-22
-28
-28
-23
-24
-23
-18
-21
-23
-22
-18
-20
-15
-18
-14
-15
-14
-9
-10
-5
-5
-9
-8
-11
-9
-7
-6
-6
-7
-4
-6
-8
-2
-3
-6
-1
-3
-3
0
1
3
6
6
3
-1
0
-4
0
3
1
2
7
7
4
4
4
6
7
8
8
6
7
4
11
9
7
6
8
6
4
4
3
6
3
3
5
8
9
10
9
8
6
6
5
8
4
0
0
-1
-1
-2
-2
-1
-4
-6
-4
-5
-5
-7
-9
-7
-7
-16
-12
-8
-12
-11
-9
-8
-10
-11
-10
-9
-8
-13
-12
-11
-13
-8
-8
-9
-11
-14
-13
-10
-11
-14
-15
-17
-14
-18
-16
-14
-13
-13
-11
-9
-11
-14
-11
-11
-8
-12
-11
-8
-7
-9
-13
-9
-12
-11
-12
-11
-11
-14
-9
-8
-12
-10
-8
-9
-9
-6
-7
-8
-2
-6
-3
-5
-4
-5
-3
-2
-4
-2
-3
0
4
3
1
2
3
5
6
11
3
9
12
11
10
8
16
15
15
13
17
17
18
18
18
17
20
19
16
16
13
13
12
12
11
12
10
12
10
10
13
11
11
12
12
12
6
4
9
7
10
5
5
4
1
4
4
3
2
2
0
6
7
7
2
1
5
3
4
4
2
-3
2
-3
-3
-6
-3
-3
-5
-5
1
1
-5
-2
-4
0
1
1
5
2
1
1
-1
2
-1
1
-1
-5
-5
2
-4
-6
-3
-5
-4
-8
-8
-8
-7
-4
-5
-8
-8
-5
-5
-4
-5
-9
-5
-8
-6
-5
-3
-1
-3
-3
-5
-4
-8
-7
-5
-6
-9
-10
-8
-11
-10
-9
-7
-9
-10
-13
-13
-12
-9
-12
-15
-13
-20
-15
-13
-14
-14
-14
-9
-12
-11
-11
-15
-17
-19
-18
-14
-14
-16
-19
-16
-18
-15
-17
-12
-13
-10
-10
-12
-7
-7
-3
-8
-9
-9
-8
-6
-6
-3
-5
-8
-8
-8
-6
-5
-7
-10
-6
-4
-5
-3
-2
-4
-7
-2
0
0
-3
0
2
3
1
2
1
1
2
0
2
-2
-5
-5
-7
-11
-13
-14
-19
-18
-15
-9
-9
-12
-10
-7
-9
-3
-5
-14
-4
-5
-3
-5
-4
-8
-6
-5
-2
-2
-1
-1
-2
4
-2
4
4
0
2
4
1
0
2
1
5
0
0
0
3
3
4
5
5
3
2
5
3
6
6
3
3
3
5
5
2
5
7
6
7
6
9
8
5
5
8
5
4
4
2
1
2
2
0
3
2
-1
1
-2
-3
-3
-5
-6
-6
-4
-8
-4
-2
-1
-1
-3
1
-2
-1
-1
3
0
0
2
1
5
7
2
4
5
3
0
3
1
0
-6
-9
-9
-9
-9
-10
-8
-4
-8
-12
-10
-9
-10
-6
-8
-4
-2
-2
0
-1
1
1
-2
-5
-2
-3
0
2
0
4
4
1
1
5
5
5
9
4
3
2
2
-1
1
3
2
4
6
11
11
10
11
12
10
5
5
7
11
6
8
10
8
6
0
5
5
4
2
2
2
3
4
5
4
6
6
3
2
6
4
6
5
2
3
4
4
1
5
6
6
9
10
7
10
9
7
7
7
7
10
13
15
18
18
25
35
39
53
72
84
96
98
97
91
72
45
19
-2
-16
-24
-34
-33
-9
7
22
17
18
28
34
23
-10
-35
-54
-61
-68
-72
-65
-52
-34
-13
-5
-9
-13
-21
-38
-33
-35
-42
-42
-45
-25
-11
-10
-25
-25
-32
-47
-54
-65
-79
-88
-81
-70
-62
-73
-76
-73
-62
-61
-70
-73
-75
-66
-60
-59
-50
-37
-40
-32
-29
-30
-35
-37
-30
-23
-16
-17
-5
1
9
11
5
1
-7
-12
-6
-7
-12
-9
0
13
16
25
23
20
19
22
19
17
26
32
44
55
62
69
71
74
66
62
59
54
55
53
52
59
65
73
74
66
63
51
50
30
4
-8
-16
-13
-18
-23
-21
-23
-19
-22
-31
-21
-23
-26
-33
-37
-43
-52
-57
-73
-75
-72
-75
-78
-79
-79
-88
-87
-84
-102
-114
-123
-123
-129
-127
-120
-119
-115
-119
-121
-124
-133
-151
-170
-181
-184
-183
-181
-187
-179
-173
-179
-181
-194
-178
-118
-44
21
57
114
220
316
354
366
383
417
424
384
371
381
372
342
308
311
314
270
206
138
88
37
-32
-95
-143
-169
-180
-190
-200
-194
-177
-168
-181
-183
-155
-130
-123
-114
-80
-25
23
51
90
136
174
189
202
219
233
238
242
253
266
283
280
270
268
251
225
182
138
97
52
6
-37
-73
-94
-113
-133
-142
-145
-141
-148
-152
-142
-122
-98
-81
-61
-24
10
33
53
74
95
101
99
100
95
85
68
37
17
-9
-48
-93
-129
-160
-192
-227
-256
-282
-295
-314
-328
-338
-352
-360
-376
-383
-387
-394
-390
-401
-408
-415
-414
-399
-343
-210
-84
-13
42
183
368
471
488
525
609
648
594
560
601
625
555
469
479
512
463
347
264
225
146
21
-94
-155
-207
-286
-349
-376
-348
-332
-340
-333
-308
-262
-225
-211
-204
-162
-99
-69
-48
10
102
163
185
235
315
368
356
335
341
337
287
228
210
213
204
164
149
177
189
156
99
66
44
-9
-80
-138
-159
-173
-205
-203
-161
-104
-66
-44
-9
39
67
63
49
44
53
53
50
57
86
113
116
115
122
118
80
4
-61
-99
-147
-212
-259
-270
-276
-290
-296
-298
-287
-297
-321
-355
-383
-402
-439
-473
-488
-468
-451
-451
-446
-434
-414
-418
-405
-288
-147
-82
-49
60
286
456
502
555
675
771
735
681
704
733
658
513
462
490
468
366
280
261
225
133
17
-66
-130
-239
-351
-433
-456
-445
-444
-446
-429
-352
-259
-206
-181
-131
-59
-36
-45
-28
39
93
98
127
216
312
351
361
400
433
420
359
304
267
227
159
98
96
112
111
82
76
99
102
76
22
-21
-61
-103
-144
-165
-159
-137
-114
-81
-19
50
111
137
141
165
172
149
107
84
76
56
33
16
28
31
14
-16
-29
-48
-97
-171
-228
-270
-313
-352
-386
-397
-395
-393
-392
-377
-362
-362
-383
-403
-412
-423
-459
-502
-537
-544
-548
-540
-420
-252
-122
-65
58
288
477
555
584
674
772
747
669
679
717
656
533
484
517
524
439
365
346
307
217
100
3
-82
-198
-319
-417
-468
-478
-476
-483
-469
-404
-304
-239
-213
-168
-103
-70
-78
-71
-25
26
21
43
133
232
296
326
380
441
457
430
385
341
289
212
134
88
65
42
4
-2
25
50
55
45
28
7
-18
-58
-86
-109
-126
-128
-119
-80
-28
39
80
117
169
211
225
206
190
175
153
110
68
50
30
-8
-38
-50
-56
-80
-118
-153
-181
-213
-263
-304
-336
-364
-389
-413
-426
-420
-418
-421
-419
-414
-405
-401
-405
-419
-441
-472
-495
-519
-529
-455
-305
-192
-132
-23
213
434
520
580
696
823
821
728
722
751
693
531
437
471
482
393
304
307
314
237
129
58
11
-100
-237
-347
-402
-432
-480
-518
-522
-466
-372
-304
-259
-194
-94
-40
-29
-10
42
80
38
27
81
161
192
192
246
322
361
365
367
375
347
269
181
114
79
24
-55
-112
-106
-86
-81
-73
-53
-18
-7
0
3
3
0
-28
-53
-39
-14
-5
10
38
95
151
186
205
229
246
239
200
161
131
75
3
-53
-84
-106
-148
-196
-204
-206
-214
-235
-262
-271
-301
-333
-364
-390
-404
-432
-460
-466
-443
-434
-435
-427
-408
-396
-417
-444
-462
-486
-495
-444
-323
-232
-197
-90
128
325
426
520
668
788
793
740
764
790
697
535
469
499
456
340
277
305
290
198
131
127
83
-38
-164
-233
-271
-336
-422
-459
-453
-425
-387
-355
-295
-218
-143
-87
-47
20
83
98
76
96
152
174
153
157
210
252
249
259
294
312
282
226
194
184
145
62
-12
-36
-59
-98
-131
-119
-92
-91
-83
-44
23
49
39
45
77
99
86
72
80
91
87
91
116
149
168
170
176
195
199
174
135
90
49
0
-62
-123
-175
-219
-256
-285
-290
-299
-304
-313
-317
-315
-326
-340
-362
-378
-395
-416
-437
-443
-449
-456
-465
-480
-483
-490
-507
-495
-394
-271
-204
-161
-32
180
330
390
490
645
740
728
711
790
820
712
584
567
597
516
388
348
365
307
195
143
154
102
-32
-134
-171
-203
-293
-382
-407
-410
-413
-414
-382
-320
-265
-215
-169
-101
-19
36
42
46
93
141
146
132
161
204
204
199
229
266
256
218
197
193
179
129
69
41
12
-28
-57
-68
-45
-61
-78
-62
-17
20
13
19
54
89
91
83
110
135
134
119
136
167
170
161
167
183
192
179
158
146
122
84
35
-10
-60
-120
-173
-222
-248
-281
-320
-337
-343
-341
-348
-347
-345
-344
-346
-363
-370
-384
-404
-431
-455
-470
-506
-542
-561
-575
-558
-463
-333
-242
-183
-57
161
322
397
499
648
752
735
725
800
826
719
594
587
617
531
413
389
409
347
235
203
220
142
-15
-105
-126
-181
-302
-399
-415
-433
-467
-467
-418
-358
-325
-286
-211
-122
-47
-5
12
33
78
114
119
116
142
160
159
171
221
260
248
231
236
242
216
166
123
76
40
-8
-51
-57
-69
-87
-98
-77
-30
-6
-4
20
63
94
98
103
128
143
126
122
149
161
153
140
162
191
190
177
172
171
149
104
70
34
-21
-96
-160
-199
-245
-299
-342
-360
-364
-372
-382
-380
-361
-357
-361
-363
-355
-349
-377
-397
-401
-406
-423
-465
-498
-502
-525
-549
-498
-377
-282
-239
-151
48
250
355
437
584
737
786
761
808
869
805
669
600
633
591
457
377
389
371
274
205
222
202
73
-39
-69
-98
-206
-332
-381
-401
-448
-481
-461
-402
-364
-333
-264
-167
-78
-24
4
32
82
122
132
119
126
149
153
157
185
219
220
204
210
229
224
199
165
133
108
73
33
10
-7
-41
-64
-61
-24
-6
-13
9
48
88
95
115
149
162
158
153
176
187
169
150
160
177
165
145
140
140
129
96
70
53
4
-63
-110
-151
-205
-258
-307
-338
-357
-374
-379
-372
-369
-355
-349
-337
-323
-324
-329
-337
-342
-357
-369
-392
-424
-465
-494
-515
-542
-508
-409
-327
-272
-188
-11
183
293
396
547
698
758
753
807
863
801
674
624
635
572
439
372
390
359
268
223
252
230
106
12
0
-40
-159
-288
-333
-357
-436
-494
-487
-442
-434
-430
-353
-256
-183
-141
-89
-23
38
74
93
111
124
133
124
133
156
174
158
153
179
201
197
187
181
171
167
144
115
99
71
39
12
16
26
14
2
9
38
54
63
73
97
117
111
112
131
139
122
103
119
133
113
91
93
96
77
45
24
7
-30
-83
-117
-143
-183
-231
-270
-287
-303
-319
-331
-330
-324
-327
-325
-318
-321
-332
-343
-351
-361
-372
-380
-403
-441
-475
-500
-525
-542
-483
-392
-337
-293
-180
27
190
281
407
591
731
762
782
870
903
806
694
683
688
579
437
403
425
360
253
235
265
208
73
20
29
-33
-173
-277
-295
-336
-435
-490
-473
-456
-476
-468
-391
-299
-244
-202
-137
-54
14
58
95
125
149
163
160
168
185
175
152
152
173
183
178
175
187
188
198
189
170
166
139
107
86
72
64
31
0
7
12
21
8
13
43
57
63
76
106
110
97
103
123
121
90
66
60
57
34
2
-18
-41
-83
-108
-126
-146
-179
-215
-224
-233
-250
-268
-283
-293
-300
-319
-327
-323
-340
-352
-360
-367
-370
-383
-390
-401
-433
-464
-489
-510
-524
-474
-395
-338
-293
-183
3
156
256
388
567
703
747
783
873
911
835
740
730
726
619
485
445
440
359
248
224
238
173
50
1
16
-39
-162
-245
-262
-311
-408
-464
-450
-447
-486
-493
-424
-343
-301
-257
-180
-88
-12
43
92
138
175
188
192
199
209
195
164
155
168
179
169
171
182
199
214
210
210
217
201
176
152
142
114
57
25
-1
-15
-39
-68
-69
-45
-32
-23
6
37
64
64
77
98
107
79
55
56
36
-2
-33
-52
-75
-107
-127
-126
-131
-155
-180
-187
-189
-210
-239
-250
-262
-289
-313
-326
-335
-358
-380
-393
-392
-402
-410
-413
-415
-442
-464
-491
-513
-529
-512
-430
-366
-323
-253
-94
86
185
290
459
618
701
734
820
909
879
788
760
776
713
571
476
468
412
277
209
215
178
61
-15
-2
-14
-119
-220
-243
-265
-353
-435
-445
-436
-470
-505
-462
-383
-337
-308
-247
-151
-59
9
70
131
180
205
219
237
253
245
217
196
194
197
185
170
182
197
212
218
231
253
245
229
219
205
181
124
67
28
-2
-35
-75
-90
-78
-71
-55
-25
17
47
54
77
112
132
114
90
82
78
47
15
-7
-28
-59
-85
-90
-91
-112
-144
-156
-162
-178
-203
-228
-240
-257
-283
-301
-311
-333
-358
-376
-390
-399
-414
-426
-429
-442
-465
-484
-502
-517
-528
-470
-383
-328
-288
-196
-23
124
213
332
502
642
699
738
847
912
858
784
777
782
680
543
483
459
366
241
188
188
126
7
-41
-28
-69
-176
-253
-261
-295
-378
-438
-437
-440
-478
-496
-443
-376
-344
-310
-245
-153
-69
-9
50
106
160
186
202
229
241
225
190
180
188
181
165
164
183
201
213
229
248
252
239
227
214
196
153
94
43
10
-26
-68
-97
-107
-100
-92
-81
-41
-4
14
29
65
101
103
90
93
90
71
35
16
0
-36
-71
-89
-87
-113
-144
-160
-158
-162
-178
-192
-196
-199
-218
-235
-249
-262
-298
-327
-349
-372
-393
-416
-428
-435
-450
-477
-497
-511
-524
-521
-455
-370
-334
-294
-178
0
120
198
330
507
634
678
745
863
905
835
778
799
785
666
538
492
460
342
217
184
176
79
-40
-55
-38
-107
-216
-270
-259
-316
-402
-435
-434
-448
-495
-498
-431
-377
-364
-339
-261
-169
-103
-41
19
82
125
146
173
204
218
190
162
171
179
172
151
159
174
181
197
203
219
221
202
196
191
177
134
85
45
23
-16
-52
-77
-90
-95
-100
-94
-67
-50
-38
-15
19
48
50
50
65
71
55
33
14
-7
-43
-79
-100
-112
-146
-176
-185
-188
-197
-208
-210
-205
-207
-221
-232
-246
-268
-305
-329
-348
-369
-395
-420
-436
-437
-436
-455
-481
-487
-485
-497
-466
-381
-310
-277
-231
-90
86
181
263
410
581
674
699
793
902
901
813
782
811
752
597
489
468
403
265
165
158
126
8
-71
-52
-51
-133
-217
-231
-227
-294
-359
-365
-360
-391
-428
-403
-338
-307
-304
-264
-179
-109
-58
-5
53
104
133
161
198
225
221
199
192
201
203
185
174
186
193
200
214
232
244
238
223
227
231
205
162
126
94
57
14
-34
-68
-89
-100
-102
-92
-76
-64
-48
-16
24
48
56
61
69
69
49
25
-2
-32
-73
-108
-130
-154
-177
-196
-198
-189
-188
-183
-180
-173
-169
-178
-200
-216
-248
-285
-325
-353
-382
-414
-443
-463
-459
-469
-496
-511
-504
-510
-513
-456
-355
-299
-269
-185
-12
128
198
301
461
599
646
695
799
871
829
751
749
767
677
530
466
443
352
217
157
155
83
-37
-85
-59
-89
-192
-253
-245
-254
-330
-385
-369
-367
-415
-452
-399
-338
-332
-329
-277
-190
-135
-94
-41
30
83
107
139
190
228
213
198
213
235
227
211
210
226
233
235
260
279
280
269
267
275
259
218
175
137
105
54
6
-25
-59
-80
-93
-94
-71
-61
-49
-32
-5
37
48
48
54
68
56
29
9
-10
-33
-72
-101
-113
-128
-152
-169
-173
-163
-163
-163
-165
-165
-177
-195
-213
-240
-268
-307
-338
-372
-402
-432
-459
-468
-471
-479
-494
-501
-497
-495
-493
-434
-338
-277
-246
-162
4
141
212
318
469
603
658
695
807
872
817
745
745
762
663
514
445
418
326
188
135
125
57
-59
-104
-79
-102
-199
-259
-241
-263
-336
-381
-366
-371
-432
-459
-410
-364
-363
-363
-302
-215
-158
-116
-51
23
72
106
147
202
227
212
191
215
234
218
209
211
223
228
224
246
264
263
253
256
263
243
197
159
127
92
43
-5
-40
-79
-100
-107
-110
-101
-92
-82
-61
-26
3
22
33
46
56
55
43
24
-1
-28
-52
-78
-94
-118
-132
-138
-133
-125
-122
-113
-113
-114
-119
-134
-151
-180
-222
-254
-289
-324
-363
-398
-417
-432
-437
-437
-441
-449
-448
-441
-436
-393
-305
-230
-196
-137
-7
144
230
304
434
572
650
677
760
853
841
770
737
759
702
561
466
434
369
239
148
133
96
-19
-96
-78
-82
-158
-240
-247
-239
-296
-359
-360
-350
-392
-433
-409
-350
-335
-345
-311
-230
-166
-134
-81
-9
46
77
118
179
213
207
202
221
245
239
227
230
234
235
234
250
262
262
247
253
265
254
218
183
153
116
70
21
-27
-76
-114
-138
-153
-159
-165
-163
-143
-118
-77
-52
-36
-20
1
18
16
4
-15
-27
-55
-82
-102
-116
-136
-155
-150
-135
-129
-127
-130
-125
-117
-129
-151
-178
-208
-249
-294
-328
-366
-410
-449
-468
-474
-475
-474
-485
-481
-465
-454
-428
-355
-263
-209
-168
-78
76
194
255
349
487
602
644
683
771
818
769
710
717
728
633
499
455
428
337
219
164
150
66
-42
-72
-54
-98
-190
-241
-223
-242
-306
-338
-326
-338
-387
-398
-350
-315
-325
-318
-258
-184
-151
-116
-67
-5
39
66
124
180
204
201
215
247
266
253
241
246
252
246
248
259
259
251
247
262
266
246
214
186
155
120
69
14
-37
-83
-117
-141
-160
-172
-169
-160
-136
-103
-73
-49
-29
2
24
30
22
14
4
-22
-45
-61
-83
-99
-120
-129
-117
-116
-119
-120
-111
-104
-118
-135
-159
-188
-226
-272
-305
-349
-389
-430
-459
-466
-473
-468
-460
-449
-438
-419
-393
-364
-306
-227
-172
-134
-60
56
156
217
293
416
514
569
605
675
733
710
664
664
667
589
480
422
390
312
196
131
107
38
-57
-104
-100
-129
-207
-249
-239
-249
-295
-327
-321
-319
-348
-366
-337
-312
-317
-314
-275
-221
-180
-152
-94
-35
18
61
114
178
209
230
245
271
286
278
265
263
263
259
252
257
258
253
253
257
262
251
221
195
164
132
86
34
-11
-56
-95
-127
-146
-160
-168
-162
-143
-113
-82
-60
-35
-9
16
22
17
17
19
1
-23
-34
-46
-64
-86
-93
-90
-87
-92
-95
-90
-88
-101
-121
-144
-166
-206
-249
-284
-318
-357
-392
-416
-427
-432
-433
-420
-399
-386
-375
-359
-331
-308
-277
-207
-153
-116
-73
22
128
190
250
346
449
511
544
607
668
663
629
611
613
553
450
381
337
262
158
84
52
-9
-91
-138
-142
-157
-218
-253
-245
-251
-284
-317
-316
-317
-351
-372
-357
-343
-340
-342
-315
-262
-219
-183
-131
-69
-6
41
92
155
193
213
226
249
262
258
246
240
242
235
231
238
238
236
232
228
233
218
188
156
126
85
38
-14
-60
-103
-144
-173
-194
-196
-198
-192
-174
-145
-110
-84
-57
-24
4
10
16
22
21
14
-6
-16
-23
-39
-52
-55
-55
-52
-73
-76
-72
-82
-105
-130
-152
-184
-224
-262
-291
-320
-351
-380
-389
-384
-385
-380
-356
-323
-299
-295
-284
-269
-259
-255
-219
-171
-146
-128
-74
29
101
156
236
339
429
471
526
601
634
615
589
593
573
486
392
341
285
202
118
73
33
-35
-94
-113
-112
-143
-186
-204
-202
-223
-254
-272
-286
-308
-336
-345
-338
-334
-343
-337
-304
-259
-218
-170
-111
-43
15
70
132
181
210
224
238
251
257
246
233
229
219
213
205
202
199
195
193
189
183
163
143
114
81
49
4
-45
-89
-124
-158
-184
-198
-205
-201
-192
-177
-141
-115
-95
-71
-43
-16
-9
-3
4
8
2
-13
-16
-23
-37
-49
-56
-59
-63
-84
-93
-105
-121
-144
-171
-190
-218
-246
-266
-289
-314
-330
-339
-340
-345
-339
-324
-302
-284
-271
-259
-258
-259
-262
-258
-246
-211
-180
-160
-124
-53
36
104
174
270
362
441
489
555
611
616
594
577
571
517
436
367
314
245
167
106
68
16
-44
-73
-82
-98
-137
-169
-175
-183
-213
-244
-258
-269
-297
-324
-324
-315
-316
-317
-288
-244
-196
-153
-97
-31
34
85
133
189
226
247
257
273
292
275
257
255
247
237
223
220
227
210
201
197
195
176
142
113
82
51
0
-48
-84
-116
-149
-175
-187
-192
-199
-197
-178
-151
-129
-112
-87
-48
-26
-18
-2
14
23
27
25
24
16
0
-15
-24
-34
-51
-69
-86
-96
-114
-134
-151
-175
-196
-216
-228
-243
-259
-278
-290
-292
-294
-294
-288
-285
-272
-256
-237
-231
-232
-228
-238
-235
-230
-211
-174
-158
-129
-74
1
67
116
193
286
357
416
465
524
548
536
529
519
493
430
357
300
240
169
101
53
5
-53
-95
-120
-133
-154
-185
-197
-198
-206
-225
-238
-243
-253
-265
-277
-262
-250
-244
-223
-190
-143
-100
-60
-7
45
90
140
180
215
241
257
267
276
277
269
263
257
248
242
230
223
212
194
176
152
130
101
63
31
-6
-40
-75
-106
-132
-155
-165
-173
-181
-178
-172
-157
-140
-127
-101
-75
-52
-25
-7
19
35
44
49
49
54
45
30
19
11
-3
-19
-32
-53
-71
-89
-111
-129
-152
-177
-197
-221
-236
-249
-261
-269
-273
-272
-264
-258
-251
-234
-220
-209
-194
-190
-186
-188
-192
-196
-197
-192
-173
-149
-123
-81
-30
39
110
182
255
331
396
448
488
510
507
493
471
434
380
311
241
172
110
51
-11
-60
-100
-131
-150
-161
-170
-175
-180
-179
-173
-170
-176
-181
-188
-193
-192
-188
-177
-168
-155
-130
-99
-62
-24
11
52
93
134
165
196
215
231
243
252
252
244
237
220
206
201
177
157
130
112
95
83
63
41
19
-6
-19
-38
-54
-69
-84
-100
-108
-106
-108
-113
-98
-92
-86
-72
-52
-30
-9
7
27
46
60
74
78
80
76
63
55
47
26
8
-14
-36
-58
-86
-100
-120
-137
-153
-167
-172
-174
-185
-193
-187
-187
-183
-178
-168
-161
-153
-145
-134
-125
-116
-106
-97
-85
-80
-76
-81
-87
-90
-96
-94
-90
-81
-63
-38
-3
31
73
108
150
206
247
279
301
311
313
300
276
243
199
148
97
51
13
-27
-64
-90
-99
-103
-103
-97
-84
-71
-56
-40
-23
-7
2
7
11
10
8
4
4
7
7
6
14
29
41
65
83
104
124
140
155
160
162
149
137
118
90
64
28
1
-27
-57
-80
-92
-95
-95
-84
-72
-61
-46
-29
-7
5
10
19
21
23
15
1
-8
-8
-15
-28
-34
-35
-38
-33
-24
-20
-13
-7
-1
3
-6
-9
-16
-28
-37
-55
-76
-90
-102
-114
-128
-134
-128
-130
-132
-127
-116
-104
-94
-86
-84
-73
-58
-53
-47
-46
-42
-47
-53
-56
-56
-60
-68
-74
-78
-79
-85
-93
-111
-122
-130
-139
-147
-151
-134
-112
-96
-75
-47
-4
40
81
108
142
171
184
192
198
200
191
172
156
146
133
118
101
89
84
79
80
76
67
66
64
62
51
42
37
30
26
22
20
16
19
17
26
31
33
43
56
61
73
85
88
93
90
92
90
83
69
48
32
17
-4
-20
-34
-52
-63
-66
-68
-63
-65
-65
-51
-44
-37
-27
-20
-11
-8
-4
-3
5
8
2
10
14
9
8
3
1
-4
-7
-15
-14
-19
-27
-30
-40
-41
-45
-48
-64
-67
-72
-79
-84
-90
-93
-90
-90
-89
-78
-67
-66
-62
-40
-24
-20
-18
-6
0
-6
-7
-7
-13
-27
-36
-50
-54
-60
-70
-83
-89
-91
-98
-105
-107
-107
-105
-110
-109
-110
-119
-126
-127
-121
-116
-111
-97
-72
-53
-23
2
31
59
81
106
130
147
158
161
162
159
157
146
138
129
117
107
98
98
92
90
88
83
86
85
83
83
81
84
81
80
82
76
73
71
69
69
61
62
65
64
66
62
61
60
61
61
59
56
49
45
38
31
23
10
3
-5
-6
-11
-11
-12
-11
-8
0
6
11
17
24
22
21
20
15
11
5
-1
-19
-29
-39
-45
-53
-54
-64
-69
-68
-68
-69
-68
-69
-72
-68
-63
-63
-67
-61
-56
-55
-53
-41
-44
-42
-34
-33
-37
-32
-27
-34
-42
-39
-46
-57
-54
-62
-78
-88
-90
-102
-113
-119
-132
-143
-145
-145
-152
-153
-152
-148
-144
-140
-141
-138
-127
-118
-112
-112
-99
-83
-62
-42
-20
3
26
57
78
96
111
120
120
130
131
123
114
105
95
79
78
71
68
65
64
64
60
61
63
64
67
75
75
74
82
82
82
87
88
87
88
90
88
86
87
81
84
87
89
85
81
74
70
69
66
63
55
50
45
43
28
26
26
19
19
14
16
13
16
21
19
22
18
14
16
14
6
-4
-9
-11
-16
-24
-32
-34
-37
-41
-40
-42
-47
-46
-46
-38
-41
-39
-36
-30
-18
-21
-18
-15
-5
3
-1
-3
-13
-13
-16
-23
-31
-45
-46
-52
-56
-62
-75
-80
-87
-86
-93
-100
-108
-110
-114
-114
-119
-121
-122
-127
-126
-128
-130
-124
-124
-117
-116
-114
-109
-106
-89
-78
-63
-39
-18
-2
18
37
52
64
76
85
87
86
85
81
77
69
62
58
53
53
47
46
40
44
46
45
47
47
56
58
66
66
69
77
79
88
95
100
102
98
101
101
102
101
98
94
88
89
84
76
67
55
45
32
28
27
16
13
9
5
5
3
-2
-4
-7
-9
-8
-8
-9
-12
-11
-13
-17
-18
-24
-25
-26
-24
-26
-27
-25
-30
-29
-32
-30
-32
-34
-36
-32
-33
-32
-28
-24
-21
-18
-15
-16
-15
-14
-14
-10
-11
-15
-18
-19
-18
-21
-19
-25
-26
-24
-26
-27
-34
-36
-45
-48
-44
-51
-64
-76
-77
-77
-80
-82
-87
-86
-84
-79
-74
-73
-73
-64
-61
-58
-50
-50
-53
-55
-55
-61
-65
-64
-65
-64
-58
-56
-53
-44
-36
-24
-17
-14
-6
-1
8
13
11
19
21
27
32
29
28
28
32
30
32
35
35
42
49
55
54
56
71
80
89
93
98
105
103
96
92
89
78
66
58
53
42
36
28
26
27
23
19
21
22
21
19
7
10
12
9
9
4
2
1
-4
-5
-7
-16
-20
-21
-25
-25
-30
-35
-34
-30
-31
-34
-34
-33
-28
-31
-30
-39
-33
-31
-36
-38
-33
-31
-36
-30
-25
-27
-28
-18
-13
-12
-7
-1
5
7
9
12
8
3
-4
-5
-7
-21
-23
-32
-34
-36
-41
-44
-43
-42
-40
-34
-33
-34
-25
-26
-22
-20
-26
-23
-19
-24
-29
-31
-34
-36
-32
-34
-37
-36
-37
-32
-29
-26
-27
-25
-20
-17
-19
-11
-11
-10
-8
-15
-21
-26
-26
-30
-29
-27
-19
-15
-10
-2
5
15
25
38
42
46
54
57
62
61
63
58
53
55
50
47
43
43
41
50
46
42
44
38
40
37
32
30
30
25
22
20
18
13
9
10
10
9
9
7
11
10
4
2
-4
-4
-7
-14
-15
-17
-20
-23
-26
-33
-35
-39
-42
-40
-43
-49
-49
-49
-50
-57
-56
-52
-52
-44
-44
-42
-36
-35
-28
-23
-22
-14
-13
-11
-10
-8
-7
-7
-14
-14
-17
-21
-27
-34
-34
-38
-31
-34
-31
-30
-22
-20
-20
-16
-12
-6
-3
-3
-3
-2
-9
-6
-9
-12
-15
-19
-21
-17
-14
-19
-18
-15
-10
-10
-10
-7
0
0
-1
-1
0
-3
-5
-6
-15
-15
-17
-19
-21
-22
-25
-22
-17
-22
-13
-10
-8
-5
1
-1
-10
-10
-3
0
6
9
14
14
20
22
24
26
27
34
33
37
38
38
40
37
32
32
33
31
31
25
27
29
27
29
30
32
32
35
37
32
32
26
24
22
16
13
15
8
5
7
-1
0
-1
-1
-4
-8
-13
-17
-19
-19
-22
-23
-30
-31
-27
-28
-25
-25
-20
-15
-14
-8
-2
3
1
5
7
9
10
6
2
-2
-11
-16
-24
-27
-32
-39
-40
-46
-45
-40
-35
-28
-22
-20
-6
-8
-1
4
2
2
3
0
0
6
-1
-3
-9
-9
-10
-10
-3
-1
-1
6
6
14
18
17
18
9
6
7
5
-1
-8
-13
-13
-22
-25
-20
-21
-21
-22
-19
-21
-24
-26
-21
-20
-19
-19
-16
-12
-12
-12
-9
-4
-5
0
1
-1
2
1
-1
3
0
5
13
13
13
12
19
20
21
28
24
25
24
25
28
30
32
27
30
28
31
31
32
37
32
34
31
26
25
24
25
21
18
18
14
12
15
7
8
5
4
1
-5
-1
0
5
6
5
7
9
14
20
19
24
24
27
27
26
24
24
16
10
6
1
0
-9
-13
-10
-11
-11
-11
-8
-9
-5
-2
-1
3
4
3
2
-4
-5
-5
-6
-8
-7
-8
-6
0
5
6
11
17
16
21
26
26
25
24
21
20
19
14
13
6
3
0
-8
-11
-3
-9
-9
-4
-6
-6
-5
0
2
-2
1
1
2
0
-8
-8
-9
-13
-13
-11
-11
-12
-11
-8
-5
-5
0
1
4
5
5
9
9
8
7
5
0
5
8
5
2
6
7
14
12
8
17
16
17
21
18
20
17
14
13
14
12
10
13
11
7
8
8
4
4
6
9
7
6
8
8
9
11
12
13
19
20
20
25
26
22
20
21
21
23
19
17
16
10
9
12
5
4
7
4
5
10
7
10
12
16
11
14
15
17
15
17
17
14
14
8
9
7
7
6
5
11
14
19
25
26
29
34
32
32
29
29
25
27
24
21
20
14
13
5
9
7
4
5
3
0
-3
-4
-5
-8
-11
-10
-13
-15
-18
-22
-21
-21
-17
-16
-19
-17
-15
-14
-14
-12
-10
-16
-13
-8
-11
-11
-15
-20
-16
-11
-9
-2
-7
-3
2
6
10
13
16
20
19
21
24
22
21
21
20
21
19
12
12
12
10
10
9
10
14
13
8
4
4
9
2
6
8
4
3
4
4
-1
0
-1
-4
-6
-4
-2
-4
-5
-3
-8
-4
-2
-3
-2
-2
2
2
4
6
9
9
12
16
19
20
25
25
22
25
26
27
31
31
24
24
27
26
24
27
27
26
23
27
32
32
34
36
34
35
35
37
39
36
40
41
40
42
36
34
36
30
25
25
23
17
14
12
5
6
5
-1
-3
-3
-7
-7
-10
-11
-6
-7
-6
-7
-11
-7
-9
-11
-13
-12
-11
-10
-6
-11
-9
-11
-11
-9
-8
-6
-8
-3
1
-1
2
7
9
10
13
17
19
22
17
20
22
23
19
15
18
18
16
17
18
13
19
15
13
12
11
14
6
6
5
0
-1
-1
3
3
5
6
3
5
9
1
0
-4
-3
3
4
7
6
6
4
10
14
11
14
16
19
20
17
19
21
19
25
21
23
21
24
28
24
30
25
25
27
23
20
21
22
20
19
22
23
22
25
27
32
30
36
40
42
43
47
48
49
49
45
44
40
39
30
27
27
24
20
14
19
17
14
16
16
17
20
19
17
17
11
13
16
14
13
12
6
7
7
9
6
13
15
9
16
18
16
19
20
21
27
27
25
25
27
25
20
23
23
26
24
23
21
26
22
25
30
27
27
26
30
29
33
27
21
20
20
13
8
4
5
6
1
1
5
7
0
4
7
5
3
5
5
3
1
1
4
2
6
5
6
10
13
16
17
21
24
28
28
31
36
40
39
41
44
40
42
43
44
39
39
36
33
29
26
28
26
29
28
28
32
29
36
39
40
42
44
43
43
43
41
43
44
41
36
34
29
30
30
24
21
20
16
17
16
17
15
18
21
20
17
16
15
19
15
15
15
13
11
14
12
12
10
15
16
10
15
14
16
18
19
18
20
24
29
27
24
30
31
27
28
31
35
33
31
34
36
33
32
26
27
27
28
25
19
23
22
22
16
13
12
14
17
17
18
20
17
19
22
16
19
23
23
22
26
25
24
25
25
24
25
22
24
20
18
18
18
18
22
19
18
26
27
21
28
28
26
31
31
29
27
23
26
25
21
22
19
17
12
15
17
17
16
14
18
18
24
29
25
27
29
29
28
26
23
26
25
23
22
24
22
26
30
28
29
28
27
33
32
28
29
26
25
22
18
20
14
11
13
11
15
12
17
17
15
16
13
18
14
11
13
8
7
3
-1
1
-5
0
0
0
2
-2
-2
-1
2
3
3
5
5
7
6
3
-2
0
-1
1
0
2
2
-1
4
1
-1
4
4
4
-1
4
4
2
0
-3
1
2
1
3
4
9
5
4
4
8
7
9
13
10
15
17
12
15
16
17
16
21
24
21
25
25
31
25
29
32
27
31
30
31
28
26
27
26
22
23
25
23
26
27
26
29
25
23
27
21
20
22
18
14
11
14
10
8
10
8
9
11
10
14
16
19
18
24
26
30
31
30
32
33
27
30
32
32
30
25
23
20
24
21
18
19
15
16
14
18
14
7
9
4
5
8
1
5
-1
-3
0
-2
3
2
2
-4
-1
-7
-6
-6
-2
0
-4
-2
-7
-6
-5
-4
-7
-9
-9
-15
-15
-13
-15
-19
-15
-12
-9
-13
-9
-8
-5
-4
-5
-1
-2
-4
-5
-4
-7
-7
-9
-8
-9
-9
-9
-6
-3
-3
-4
-4
-3
-3
-2
-4
0
-1
-1
0
-2
2
6
4
4
7
7
-2
3
0
-4
0
1
0
-1
-2
-5
0
-3
-4
-6
-3
-6
-9
-5
-11
-10
-6
-11
-13
-17
-17
-12
-15
-13
-7
-5
-4
-1
3
10
11
10
13
14
17
20
22
27
30
28
31
29
29
28
20
19
18
17
14
15
7
5
8
6
8
9
8
9
6
4
2
1
0
-3
-6
-3
-3
-6
-8
-11
-12
-14
-14
-14
-12
-17
-16
-14
-16
-14
-14
-13
-16
-12
-14
-20
-17
-18
-21
-16
-19
-21
-21
-18
-16
-15
-16
-12
-13
-13
-12
-10
-10
-11
-7
-7
-8
-10
-9
-7
-7
-11
-6
0
3
-2
2
3
4
11
8
13
15
14
14
14
17
16
16
15
14
12
14
10
11
10
6
6
0
-1
-4
-7
-11
-17
-19
-22
-19
-20
-21
-21
-23
-22
-19
-16
-15
-12
-11
-9
-11
-8
-4
1
-1
0
5
6
8
8
11
13
13
18
23
22
20
18
18
19
15
11
11
11
6
8
1
0
-5
-3
0
-2
2
-6
-6
-5
-10
-10
-10
-16
-11
-13
-14
-13
-13
-8
-10
-10
-10
-9
-11
-9
-8
-9
-6
-12
-13
-13
-12
-12
-15
-8
-11
-11
-15
-17
-12
-18
-14
-13
-17
-13
-14
-12
-11
-8
-5
-6
-6
0
-7
-6
-1
-5
-2
-5
-2
-5
-7
-6
-5
-3
-3
-2
-1
2
4
1
2
6
2
6
7
0
0
-5
-4
-3
-6
-7
-7
-7
-13
-12
-9
-10
-7
-7
-8
-12
-13
-13
-14
-14
-12
-14
-14
-13
-15
-10
-11
-12
-12
-11
-6
-3
-6
-3
1
6
10
8
10
10
9
8
9
9
7
5
7
6
9
5
5
1
1
6
3
4
7
4
3
2
5
5
2
-1
0
-1
3
0
0
-3
-9
-11
-10
-9
-15
-15
-21
-22
-22
-26
-21
-21
-19
-24
-25
-22
-24
-20
-23
-25
-26
-24
-24
-21
-24
-22
-23
-26
-23
-22
-24
-22
-18
-23
-21
-24
-23
-23
-19
-20
-15
-12
-16
-15
-10
-8
-10
-6
-6
3
0
3
4
1
2
2
5
3
7
6
8
8
9
13
5
3
8
5
2
4
1
1
0
0
-6
-7
-5
-7
-8
-13
-10
-13
-10
-10
-10
-11
-8
-10
-14
-10
-14
-16
-18
-15
-11
-12
-13
-18
-16
-18
-12
-16
