-22
-21
-20
-23
-22
-24
-21
-24
-22
-24
-24
-19
-23
-19
-19
-14
-12
-10
-9
-13
-10
-11
-13
-12
-4
-7
-6
-6
-8
-6
-11
-6
-5
-5
-6
-2
0
-3
-2
-3
-9
-11
-13
-12
-14
-11
-15
-14
-10
-12
-12
-12
-10
-11
-6
-11
-12
-7
-8
-9
-11
-12
-17
-20
-17
-16
-15
-19
-16
-19
-24
-17
-20
-17
-24
-19
-21
-24
-20
-23
-24
-26
-26
-28
-31
-30
-31
-31
-29
-27
-28
-23
-21
-23
-17
-25
-21
-24
-22
-18
-18
-20
-25
-27
-29
-29
-31
-31
-31
-25
-27
-30
-29
-26
-28
-27
-25
-29
-24
-31
-29
-27
-27
-30
-31
-26
-31
-27
-29
-28
-27
-28
-23
-28
-26
-27
-26
-28
-32
-28
-30
-31
-32
-31
-27
-26
-28
-27
-24
-25
-23
-26
-23
-27
-26
-18
-16
-16
-16
-16
-19
-16
-15
-17
-17
-16
-17
-16
-15
-14
-14
-14
-16
-16
-17
-17
-12
-17
-15
-13
-8
-10
-9
-13
-10
-9
-10
-10
-11
-12
-10
-9
-9
-6
-12
-7
-11
-11
-4
-4
-4
2
-3
-2
1
-5
-2
-1
-1
3
2
3
0
-1
-2
0
-2
0
0
-2
-3
2
-1
2
7
2
8
7
9
3
3
10
6
8
5
6
5
6
8
5
5
3
2
1
0
-1
-1
-3
-1
-2
-4
2
4
2
-4
-1
0
2
-1
2
1
2
0
-2
-3
0
-1
-3
2
1
-5
-3
-2
-4
-2
-5
-2
-7
-8
-5
-7
-5
-6
-6
-5
-6
-12
-12
-10
-12
-9
-11
-9
-11
-15
-17
-13
-14
-13
-13
-14
-11
-11
-11
-14
-12
-10
-10
-10
-10
-16
-12
-8
-7
-3
-4
-5
-4
-4
1
-1
-2
-4
-6
-1
1
-2
-7
-5
-6
-5
-5
-4
-3
-4
-5
-2
-4
-5
-3
-9
-6
-7
-1
-1
2
1
1
1
-1
4
-1
3
8
5
7
7
5
10
6
6
8
6
5
9
3
4
6
3
7
4
3
5
7
9
7
3
3
5
6
9
7
10
9
15
14
13
16
12
15
8
12
10
9
11
11
14
12
11
14
10
11
12
12
8
11
13
13
15
9
14
11
13
15
14
12
12
13
13
13
11
15
14
15
15
13
7
8
7
5
4
5
7
7
6
6
9
2
4
8
7
10
10
10
4
5
6
6
7
3
1
4
5
7
4
3
5
2
3
2
1
6
-4
-2
0
-2
0
2
1
-4
-3
-3
-9
-3
-4
-6
-3
-5
-4
-4
-7
-6
-5
-6
-5
-4
-1
-1
-3
-2
-1
-5
-2
-2
-7
0
0
2
5
3
10
9
2
5
7
9
7
10
6
4
6
3
6
5
4
2
2
6
7
7
7
3
5
5
1
3
2
6
1
0
0
-1
-1
0
7
10
7
8
7
9
9
9
10
8
7
12
10
10
12
14
15
18
16
10
12
16
12
11
12
13
11
15
17
15
15
19
17
17
20
16
21
17
18
18
17
19
17
18
18
16
19
16
16
12
13
15
14
10
8
7
9
13
10
14
11
7
9
14
12
8
9
13
8
8
8
9
5
3
6
6
6
6
3
4
5
9
6
9
7
8
8
7
7
0
-1
-3
1
-1
-9
-11
-12
-10
-12
-12
-9
-6
-2
-5
-11
-9
-7
-6
-9
-6
-5
-6
-6
-9
-10
-7
-8
-9
-9
-8
-9
-9
-9
-11
-8
-10
-9
-11
-9
-6
-5
-4
2
0
-3
1
4
0
2
2
3
3
0
2
1
6
3
2
1
1
-3
-1
0
-3
0
-6
1
-2
-1
-3
-4
-2
-10
-6
-5
-3
-1
-2
-4
-1
0
-3
0
3
3
3
3
3
5
6
4
8
6
4
5
3
6
3
2
6
3
5
5
3
2
4
3
5
7
6
5
5
8
8
6
8
7
8
7
5
2
7
5
4
5
6
5
1
4
4
2
3
-1
5
4
2
7
6
3
1
5
10
6
5
6
9
2
3
5
-2
-2
-6
-2
-5
-6
-6
-10
-10
-9
-7
-10
-9
-10
-14
-16
-14
-15
-17
-12
-14
-13
-12
-11
-10
-13
-12
-15
-10
-7
-9
-9
-10
-8
-6
-4
-5
-6
-7
-6
-7
-9
-1
-10
-9
-7
-9
-5
-10
-9
-7
-11
-12
-12
-12
-12
-11
-9
-14
-11
-10
-8
-6
-10
-11
-13
-13
-14
-12
-11
-12
-10
-16
-16
-14
-17
-17
-19
-12
-12
-13
-10
-11
-13
-10
-8
-3
-3
-9
-1
-6
-8
-5
-2
-1
0
-1
-4
-3
-4
-4
-5
-5
-4
-1
-1
3
3
0
1
-2
3
2
4
8
8
6
5
12
14
18
13
14
13
12
12
9
10
11
6
6
8
6
7
9
8
7
12
8
5
8
10
12
6
9
4
4
8
6
6
7
8
6
6
5
9
11
9
7
8
8
9
11
10
9
12
11
12
15
10
13
13
13
12
14
11
8
9
2
5
3
-2
2
-1
0
-2
-2
-1
-2
-2
0
-4
-3
0
-1
1
0
-1
-2
4
2
-2
-1
-2
0
-3
-6
-3
-1
-6
-4
-1
0
-3
-2
2
-2
-1
-3
-4
-4
-8
-2
-3
-6
-1
-2
0
-1
-5
-3
-4
-3
0
1
-1
2
0
-6
-5
-2
-5
-4
-4
-6
-1
-4
-4
0
-1
0
2
0
0
-1
2
-1
0
3
5
8
6
6
6
7
10
7
10
11
4
4
0
8
10
7
12
11
13
12
11
14
16
11
15
16
13
13
12
15
18
17
15
20
16
17
15
16
14
13
19
15
14
14
17
17
16
16
15
20
19
22
16
18
20
15
16
16
18
19
15
13
19
14
14
15
10
15
15
18
12
11
13
11
14
14
13
11
13
11
9
7
7
9
7
8
8
8
6
6
4
3
11
11
14
10
8
12
13
18
12
14
12
12
17
18
16
13
14
13
11
10
8
9
6
6
7
5
6
5
7
6
2
7
6
5
6
6
6
8
5
4
8
5
6
7
5
-1
0
2
2
-2
-2
-3
-4
5
0
2
-1
4
4
0
6
5
7
7
8
6
8
6
7
6
4
4
6
6
7
9
6
12
11
12
13
15
17
15
16
17
19
17
17
14
16
17
19
17
15
14
14
15
16
18
13
18
20
18
22
22
19
21
22
22
23
27
29
23
28
29
30
30
27
24
24
27
25
21
21
20
17
19
19
17
16
22
19
19
23
23
18
13
19
17
12
16
14
14
8
9
13
12
12
14
9
6
9
6
6
13
9
11
14
13
13
15
14
10
12
11
12
14
7
9
2
0
2
-5
0
-7
-5
-3
-3
1
2
2
4
5
2
4
5
3
3
3
1
-2
-2
0
4
4
3
2
1
4
2
2
0
0
2
-2
-5
-2
-4
-3
-3
-3
-2
0
1
-1
0
-3
-2
-4
-1
0
-2
0
-3
-4
-6
-4
-7
-6
-9
-9
-9
-10
-4
-2
-2
-5
-5
-6
-5
-3
-2
1
3
-2
-1
2
3
5
3
-1
1
0
5
4
7
8
9
8
7
11
10
13
13
11
6
12
13
11
12
14
13
12
14
14
15
14
14
9
10
5
9
9
7
7
3
5
7
4
5
3
5
6
3
4
5
8
7
2
7
5
5
7
4
0
4
7
5
4
6
4
5
4
2
7
6
6
7
8
9
6
7
5
8
7
8
11
9
6
7
6
7
7
8
5
7
12
7
4
9
7
8
7
2
5
3
5
3
-4
-2
-2
-2
-5
-2
-4
-5
-4
-7
-2
-3
-1
-2
-3
0
-2
-4
-1
-4
-4
-1
0
-4
-2
-3
1
1
-1
2
2
1
-1
0
0
4
5
1
2
3
0
1
-1
2
-1
-8
-2
-7
-5
-5
-8
-12
-13
-10
-13
-9
-9
-10
-10
-11
-12
-11
-9
-10
-15
-8
-6
-5
-6
-4
-5
-12
-7
-6
-7
-6
0
0
5
2
2
1
-1
-3
-1
3
0
0
5
4
0
7
8
11
6
7
7
12
9
8
7
13
10
7
9
3
4
2
8
2
7
10
6
6
5
4
7
6
5
9
8
7
8
13
11
13
15
12
18
10
9
15
12
10
10
11
11
15
13
10
14
14
17
17
19
19
15
17
14
13
14
14
11
8
5
6
8
9
9
7
6
8
4
6
6
8
4
3
3
-1
2
-4
-4
0
-7
-6
-6
1
-1
-1
1
2
3
-5
1
-1
1
-3
-6
-6
-8
-4
0
-1
-3
-1
-5
-4
0
1
-2
-2
-1
1
2
0
0
-3
-4
-2
-4
1
0
-1
-4
-5
-1
-3
-4
-2
0
4
1
1
-2
-1
4
7
-2
1
1
2
3
0
0
-2
-5
-5
-3
-3
-5
-2
-2
-4
0
1
3
-1
1
1
5
10
9
10
9
10
10
15
16
18
16
17
17
19
18
19
24
23
22
22
27
25
29
27
23
30
29
29
28
26
31
24
30
31
32
33
30
26
21
26
27
29
29
25
29
30
26
30
28
26
30
26
23
22
23
22
22
27
24
25
25
25
27
26
27
23
24
25
25
20
19
19
16
14
13
8
8
9
12
12
15
15
16
19
18
18
17
16
16
19
16
19
21
13
13
11
13
10
10
11
11
15
14
12
10
9
6
10
8
7
11
12
12
13
12
10
10
14
11
11
13
11
10
10
11
11
12
10
10
13
12
8
6
1
3
0
0
-2
-4
-2
0
-1
-5
-5
-1
-3
4
5
0
2
-1
-2
-3
-3
-6
-6
-5
-6
-9
-11
-5
-9
-4
-4
-4
2
1
-1
2
3
1
2
-1
1
-1
-3
4
2
4
2
4
8
9
9
13
16
9
7
10
16
14
16
15
16
15
17
17
15
15
16
15
17
20
20
22
24
23
25
23
21
18
16
18
18
16
16
17
15
14
15
17
18
21
18
21
20
22
19
18
21
20
17
16
20
16
18
19
20
23
22
21
23
27
23
22
23
19
20
21
22
23
23
22
20
22
23
20
17
21
18
16
19
17
12
12
11
9
8
10
11
15
12
11
12
9
12
8
12
12
10
11
11
10
11
7
8
13
7
10
9
5
5
6
6
6
5
9
13
14
15
15
18
16
16
16
15
17
15
11
10
13
11
12
12
12
11
5
4
5
2
4
2
4
2
3
0
0
5
2
4
3
2
-3
0
-1
1
4
5
9
12
14
12
14
14
14
13
12
13
13
15
14
12
10
10
15
11
16
14
14
16
10
10
11
14
15
17
18
16
19
19
19
25
25
28
24
24
29
26
22
23
24
22
28
26
28
27
22
21
22
24
25
25
25
26
25
23
28
28
25
29
28
28
30
31
28
25
28
29
28
29
27
30
30
26
24
27
28
21
27
26
24
25
25
28
26
23
20
24
23
22
26
23
22
21
18
18
17
15
13
12
11
11
11
11
16
14
18
19
20
21
22
23
20
22
21
23
21
19
20
21
17
17
14
15
17
17
12
15
19
16
15
8
11
17
10
16
18
12
13
12
13
7
9
12
10
12
11
8
11
11
11
9
8
5
5
2
2
0
-1
0
-6
-7
-10
-11
-5
-6
-5
-1
-5
-1
-1
1
5
4
5
5
8
8
10
9
12
10
11
11
13
9
12
7
9
15
11
22
20
35
28
199
-49
-98
170
-4
23
58
-65
3
25
-26
31
-29
-15
51
-13
0
33
1
30
23
13
45
28
17
49
27
16
71
28
5
50
23
28
48
14
25
39
23
24
38
25
42
33
19
48
39
27
45
40
23
50
56
41
49
117
138
-94
85
190
16
31
-34
17
73
14
-13
1
-18
51
56
-13
53
109
78
269
186
-116
8
99
83
126
76
-63
101
125
-43
-36
-79
76
63
-68
-68
-72
-74
-49
-20
-46
14
29
26
87
46
50
98
95
176
105
-34
95
91
41
31
19
-32
-26
11
7
-25
-34
41
-8
-15
7
20
28
-38
31
50
-24
-13
21
27
17
40
50
134
37
-30
47
21
43
59
41
12
-39
24
44
-13
0
34
-30
-15
-10
-39
-20
-64
-60
-9
-25
-60
-39
-13
7
2
-42
-29
-38
2
34
30
-6
-22
37
56
-25
15
71
53
13
159
103
-81
42
54
51
80
21
-8
-72
-59
-7
-46
-61
-39
-12
-51
15
-64
-110
-24
54
22
20
23
10
12
131
169
-34
71
228
134
25
18
26
9
5
14
13
-86
-69
-4
-33
26
1
-63
-27
16
-3
56
3
-61
6
60
2
-23
44
56
44
1
16
44
9
-17
38
34
27
-6
18
8
-2
21
24
4
6
12
-22
30
-46
-92
24
7
-10
-17
-12
-45
10
15
19
-35
-61
20
-7
-30
-78
-15
28
-40
-15
9
48
-6
-42
58
32
15
-10
34
-1
17
26
10
-27
-18
64
48
36
-45
-7
42
-25
-5
-5
-9
-14
-32
-5
-50
-31
-23
9
-6
1
-48
-13
11
-22
-19
-22
-27
-34
-5
-25
-29
40
31
-8
17
13
14
-21
3
56
-29
-63
1
2
-37
-28
3
-25
-5
37
-8
-30
-35
0
14
-5
-14
28
38
12
-19
-7
42
26
-15
39
37
-18
-14
-22
-15
10
-14
-25
20
-18
-24
12
24
35
33
50
25
-5
48
24
11
32
47
27
0
-20
-7
37
0
15
70
34
25
60
51
16
35
20
57
75
-11
-38
-2
-29
-56
-2
29
-16
-6
2
-4
-6
-16
-2
28
27
-23
-5
25
-26
-57
7
48
20
8
40
50
37
-10
8
92
62
6
32
65
16
-33
13
64
33
-4
18
34
-2
-41
-26
14
22
10
50
60
-2
-24
42
51
11
26
43
50
50
33
-10
2
22
22
42
22
-11
-21
-1
26
-2
5
16
24
13
-2
-20
0
21
9
53
69
14
-30
29
42
10
34
51
37
16
6
-11
-16
-8
-1
42
63
7
-34
15
20
-14
31
77
56
34
24
4
-8
-13
-4
17
33
9
-24
-34
-45
-24
-3
21
10
35
16
-28
25
27
8
-10
34
73
17
-18
-36
-25
-3
-7
6
3
-19
-44
-39
-15
-14
-20
-11
5
1
-1
-39
-64
-50
-35
-28
-33
-44
-23
0
7
-44
-47
19
56
41
-6
7
28
33
17
14
-15
-24
39
61
18
-33
-47
-52
-25
-10
-43
-49
-56
-61
-53
-46
-40
-47
-43
1
86
118
92
28
31
88
130
117
91
96
67
103
98
86
79
58
84
139
168
131
83
71
134
157
172
178
133
156
146
153
152
144
145
123
145
177
159
94
34
53
123
107
53
26
19
60
20
-25
-16
-6
30
-7
-26
-53
-50
-20
-68
-62
-47
-52
-28
-35
-112
-97
-47
-61
-47
-94
-109
-63
-49
-76
-114
-94
-23
-18
-83
-131
-45
32
-24
-91
-125
-79
-6
1
-70
-119
-73
-70
-82
-66
-41
-102
-172
-70
-5
-22
-66
-140
-131
-31
38
-28
-94
-49
16
24
6
-38
-94
-15
42
61
-29
-70
-20
2
33
-83
-63
-53
-26
-61
-107
-72
-81
-72
-124
-137
-142
-28
41
41
-33
-61
21
99
135
137
145
136
155
192
227
192
153
148
213
264
234
160
122
115
127
157
162
100
58
59
80
90
74
54
-17
1
101
150
102
13
-5
36
133
166
121
39
11
54
78
117
99
10
-50
17
100
113
26
-47
-59
14
61
56
34
-63
-71
-5
57
31
-38
-70
-36
19
19
-4
-37
-69
-56
-26
-26
-20
-53
-76
-76
-29
-48
-50
-34
-38
-28
-24
-7
-21
-15
-10
-15
-18
-14
13
10
-5
-13
-10
-2
12
15
-6
-16
-11
1
-2
15
14
-20
-13
1
12
9
-3
3
-19
-10
-14
-7
-7
-15
-17
-28
-22
-33
-27
-18
-23
-37
-64
-53
-36
-26
-30
-75
-93
-81
-64
-57
-62
-74
-67
-55
-52
-64
-63
-48
-39
-33
-24
-3
-2
-13
9
25
34
34
43
51
62
73
61
47
48
67
69
74
65
54
50
68
71
44
36
52
61
53
40
34
23
38
32
16
28
35
35
17
26
35
70
66
56
48
22
57
82
101
87
41
21
62
92
100
20
-30
55
76
44
30
-3
-19
26
0
49
21
-41
-27
-10
-21
-13
-27
-40
3
-82
-80
-55
7
-49
-73
-92
-60
-20
15
-29
-98
-27
-38
28
5
-30
-69
-13
1
-8
-6
-35
-60
-96
-10
-36
-62
-97
-92
-80
-60
-58
-91
-94
-132
-82
-51
-62
-83
-104
-104
-81
-55
-58
-83
-111
-119
-128
-138
-146
-143
-177
-223
-240
-168
-35
26
-57
-177
-167
-27
163
195
110
13
57
190
307
284
157
74
132
289
365
263
79
-15
45
162
204
119
-27
-85
-31
69
105
-2
-140
-146
-7
91
40
-58
-109
-90
-21
45
62
16
-70
-76
7
73
62
-3
-60
-3
86
122
92
31
10
60
145
159
116
58
62
62
71
93
50
40
-27
-42
52
55
-37
-82
-42
-89
-58
-17
10
-21
-134
-163
-80
33
-25
-74
-128
-79
20
32
-62
-130
-116
-51
86
21
-114
-131
-73
-6
-14
-11
-128
-115
-64
27
-41
-113
-153
-107
-34
-36
-34
-143
-146
-126
-53
-58
-82
-127
-136
-101
-58
-48
-96
-151
-200
-200
-133
-133
-223
-257
-137
5
49
-32
-136
-151
-5
213
318
221
88
76
213
376
392
253
130
161
317
426
333
127
-36
11
183
286
197
8
-119
-83
54
121
47
-114
-127
-27
96
111
3
-93
-96
-3
81
88
45
9
-24
-14
28
48
52
3
-25
-15
16
33
-5
-28
2
72
119
95
41
13
63
136
162
148
75
31
85
101
82
23
5
-13
23
73
-18
-21
-88
-90
-18
12
-80
-37
-53
-127
-59
-5
-73
-120
-54
-49
-50
-66
-115
-97
-62
-121
-81
-89
-80
-120
-101
-122
-64
-151
-117
-99
-58
-104
-184
-160
-133
-65
-116
-151
-193
-108
-86
-139
-158
-184
-189
-139
-136
-198
-264
-265
-281
-313
-318
-191
-50
-30
-152
-277
-248
-41
191
260
146
15
34
216
399
406
261
136
199
390
523
430
174
-8
46
249
371
268
23
-148
-108
49
125
36
-128
-191
-103
34
66
-26
-163
-211
-110
47
114
41
-85
-148
-71
54
80
9
-47
-21
50
74
14
-61
-69
-15
45
80
112
120
112
99
83
99
153
207
234
191
110
63
83
119
86
27
-21
-13
8
41
37
-85
-194
-158
26
130
28
-185
-210
-82
69
47
-58
-142
-145
3
-12
-43
-122
-185
-168
-72
-18
-83
-137
-237
-190
-101
-84
-122
-142
-194
-211
-166
-139
-122
-204
-259
-206
-152
-167
-237
-289
-313
-273
-293
-362
-420
-399
-297
-125
-65
-185
-374
-369
-108
193
303
157
-33
-30
207
456
504
324
162
229
475
633
527
247
56
133
359
494
362
64
-131
-69
109
179
48
-155
-245
-172
-28
-3
-131
-290
-314
-168
-20
12
-98
-222
-247
-131
-12
25
-16
-80
-72
-16
42
39
6
-27
-15
61
123
142
134
127
131
158
219
283
312
277
213
160
167
222
238
149
36
-29
-6
43
27
-104
-186
-163
-111
-46
-51
-105
-197
-202
-100
22
-21
-71
-203
-137
2
57
-27
-144
-162
-105
-5
21
-121
-209
-182
-139
-67
-74
-205
-245
-192
-160
-150
-187
-228
-232
-240
-271
-256
-258
-270
-345
-369
-394
-387
-409
-413
-327
-159
-63
-188
-369
-355
-64
258
379
236
35
35
276
562
626
439
257
326
586
748
590
286
126
231
484
599
402
40
-153
-50
159
213
35
-206
-287
-205
-89
-92
-248
-391
-364
-208
-91
-117
-242
-341
-331
-211
-72
-20
-66
-140
-148
-90
-10
46
38
-3
6
81
146
196
220
198
155
188
287
394
425
320
178
118
212
344
327
141
-56
-106
6
106
15
-213
-354
-266
-84
-24
-130
-341
-408
-221
35
89
-139
-264
-172
14
86
-13
-153
-144
-68
-40
62
2
-181
-263
-186
-85
-80
-144
-274
-269
-151
-157
-265
-324
-288
-257
-241
-278
-275
-339
-413
-459
-455
-449
-412
-298
-154
-100
-265
-455
-393
-11
360
429
208
4
65
365
650
677
490
368
491
728
798
581
302
261
486
691
638
348
55
-42
94
263
238
47
-135
-204
-187
-143
-146
-225
-295
-290
-222
-180
-204
-275
-323
-312
-216
-87
-15
-65
-188
-230
-136
18
117
86
-20
-63
28
154
225
228
203
189
233
314
377
365
293
235
238
325
371
278
103
-2
26
122
145
19
-178
-267
-196
-79
-77
-202
-326
-307
-166
-75
-136
-255
-270
-159
-11
21
-63
-183
-169
-88
-22
2
-43
-127
-201
-188
-128
-106
-181
-247
-287
-237
-202
-244
-336
-412
-399
-365
-339
-342
-400
-504
-563
-545
-456
-335
-189
-98
-217
-461
-467
-77
403
510
197
-85
10
408
714
707
467
315
448
734
810
568
299
313
563
720
608
316
61
19
173
330
295
73
-155
-249
-210
-123
-65
-116
-272
-378
-336
-216
-170
-244
-344
-346
-209
-53
-23
-162
-294
-240
-9
175
166
-4
-144
-103
110
281
324
270
183
144
184
311
447
470
348
206
170
290
388
307
124
29
97
204
156
-54
-223
-186
-3
91
-33
-247
-355
-246
-51
19
-78
-214
-234
-140
-44
-23
-78
-129
-104
-36
-14
-79
-166
-187
-155
-104
-66
-110
-229
-341
-332
-230
-151
-195
-322
-392
-400
-359
-354
-391
-465
-520
-532
-552
-496
-296
-105
-228
-575
-644
-164
404
460
33
-281
-57
448
736
651
407
310
467
705
762
594
437
468
587
619
553
437
274
145
181
357
416
203
-111
-254
-145
64
129
-64
-356
-465
-293
-79
-93
-278
-399
-362
-236
-141
-138
-222
-287
-207
-61
16
-14
-104
-151
-85
114
243
230
162
102
108
201
347
425
408
301
213
189
265
367
349
255
154
98
89
95
65
15
-1
10
-23
-116
-176
-186
-132
-38
-6
-90
-194
-227
-168
-65
8
-11
-102
-165
-152
-103
-44
-26
-66
-126
-148
-134
-135
-145
-165
-174
-176
-192
-232
-282
-303
-311
-300
-281
-320
-432
-538
-549
-472
-429
-401
-297
-183
-280
-563
-579
-70
481
444
-46
-319
-19
490
733
658
472
350
385
532
698
736
633
514
462
480
532
521
381
223
249
414
409
124
-145
-131
75
201
108
-146
-380
-387
-184
-21
-66
-235
-376
-421
-341
-159
-40
-114
-294
-344
-214
-51
1
-89
-164
-121
43
123
119
102
101
124
201
324
391
327
189
129
210
394
437
261
65
37
141
225
173
38
-53
-35
9
-3
-69
-118
-134
-103
-50
-47
-120
-180
-166
-93
-19
-24
-111
-187
-159
-66
-19
-42
-105
-158
-159
-110
-77
-114
-160
-204
-226
-209
-170
-186
-261
-322
-325
-269
-257
-330
-460
-508
-467
-422
-481
-491
-311
-137
-315
-708
-651
27
566
277
-354
-441
116
609
651
485
373
305
311
520
819
879
612
336
346
574
747
664
382
192
309
515
434
144
17
139
230
158
31
-95
-200
-192
-51
41
-75
-299
-425
-361
-163
0
-61
-320
-481
-330
-52
53
-59
-242
-291
-181
25
107
98
87
59
36
111
283
410
394
269
188
207
354
432
361
245
174
138
139
165
161
94
19
-47
-76
-68
-39
-69
-105
-108
-118
-152
-162
-117
-81
-76
-111
-152
-158
-111
-63
-69
-80
-95
-149
-166
-110
-50
-62
-136
-208
-236
-202
-145
-135
-191
-256
-329
-367
-323
-269
-295
-423
-561
-588
-516
-346
-160
-198
-557
-841
-519
245
521
-23
-578
-411
240
619
554
370
205
79
205
642
978
762
270
106
413
763
785
528
265
219
397
540
427
220
143
185
184
159
133
12
-141
-106
63
66
-165
-350
-294
-131
-45
-109
-285
-419
-361
-153
-15
-93
-263
-380
-307
-97
88
33
-108
-82
12
98
144
244
321
308
226
184
247
407
474
343
208
141
145
212
289
258
95
-58
-107
-12
108
103
-55
-202
-176
-77
-23
-34
-88
-160
-165
-116
-63
-45
-79
-131
-166
-110
-49
-95
-143
-124
-91
-116
-153
-185
-177
-161
-152
-155
-218
-251
-299
-297
-242
-235
-319
-423
-494
-492
-481
-362
-83
-109
-621
-990
-443
525
603
-310
-836
-319
451
625
429
304
130
-92
142
850
1168
583
-117
-33
596
943
749
387
139
144
382
587
496
246
85
68
123
244
259
16
-199
-88
121
36
-232
-285
-139
-86
-141
-206
-286
-345
-283
-118
-67
-211
-371
-403
-234
4
45
-179
-264
-126
64
134
130
151
152
173
201
249
304
369
311
230
224
224
215
235
270
185
32
-35
13
112
124
12
-162
-194
-74
12
-3
-83
-173
-211
-139
-45
-17
-85
-177
-214
-159
-38
-30
-141
-191
-156
-106
-111
-130
-152
-173
-189
-186
-187
-190
-201
-266
-284
-273
-286
-336
-400
-466
-486
-443
-241
-110
-355
-813
-727
81
600
66
-706
-570
188
605
458
285
176
-16
35
616
1139
808
21
-135
452
948
855
503
232
126
273
592
675
397
91
29
149
296
355
169
-124
-153
56
111
-68
-176
-124
-120
-194
-201
-183
-236
-263
-199
-135
-220
-340
-333
-222
-78
-63
-209
-331
-146
63
122
32
-39
26
158
295
286
193
146
235
296
345
276
123
97
187
265
169
43
-19
-10
66
66
-30
-150
-134
-64
-34
-66
-141
-205
-176
-67
-50
-101
-191
-227
-171
-65
-7
-124
-242
-217
-114
-61
-87
-173
-231
-216
-170
-117
-147
-235
-314
-308
-224
-189
-268
-380
-468
-483
-428
-362
-172
-109
-452
-893
-619
273
607
-123
-795
-439
321
579
394
269
135
-89
73
768
1162
599
-155
-55
628
948
701
407
214
126
298
633
661
322
31
27
211
357
349
110
-126
-67
90
64
-62
-82
-59
-158
-232
-165
-126
-204
-237
-169
-165
-272
-320
-233
-138
-94
-159
-276
-291
-57
129
78
-41
-113
36
242
373
275
96
76
241
413
425
280
50
58
239
351
276
59
-60
-47
105
161
46
-118
-169
-87
-20
1
-99
-194
-189
-92
-51
-94
-156
-215
-168
-59
-39
-153
-242
-183
-99
-71
-112
-202
-249
-208
-129
-114
-177
-273
-304
-265
-205
-212
-296
-382
-439
-446
-400
-376
-230
-131
-404
-834
-645
200
552
-109
-801
-479
266
519
336
212
98
-133
20
708
1107
541
-212
-82
595
889
643
379
202
77
233
607
681
314
-21
-23
194
358
339
116
-119
-98
39
54
-14
-40
-82
-204
-252
-135
-80
-180
-239
-191
-196
-280
-279
-193
-157
-172
-220
-282
-264
-103
93
30
-108
-169
-2
254
344
228
31
54
237
431
428
250
55
34
263
388
317
79
-86
-28
140
232
86
-95
-170
-85
25
43
-45
-166
-183
-120
-55
-52
-105
-182
-183
-93
-70
-131
-190
-151
-87
-99
-137
-185
-192
-155
-103
-133
-198
-244
-232
-169
-166
-214
-298
-342
-323
-319
-345
-427
-383
-136
-139
-558
-796
-212
472
248
-542
-650
19
465
374
220
215
13
-116
385
1041
855
9
-244
385
898
769
448
281
135
144
506
786
516
28
-97
159
413
430
223
-42
-141
-5
129
98
12
-92
-205
-253
-130
-13
-117
-262
-253
-200
-240
-245
-190
-190
-232
-231
-236
-276
-214
-111
30
-42
-201
-194
31
329
267
55
-52
96
308
426
362
142
33
95
326
419
262
-4
-120
67
248
215
9
-141
-135
-30
78
60
-83
-202
-199
-104
11
-24
-157
-241
-177
-77
-92
-142
-166
-158
-145
-149
-168
-157
-159
-182
-177
-153
-176
-227
-247
-197
-175
-235
-289
-308
-282
-303
-388
-399
-361
-189
-154
-418
-693
-429
248
360
-255
-672
-224
371
443
248
166
64
-74
228
852
916
223
-239
216
831
816
463
287
242
187
396
728
635
147
-87
151
444
438
237
29
-70
19
136
131
42
-60
-156
-195
-108
-12
-88
-237
-237
-175
-195
-241
-198
-163
-198
-224
-225
-263
-208
-99
14
-1
-203
-198
-23
289
322
100
-29
37
271
415
403
227
54
72
280
449
343
69
-76
41
216
236
94
-70
-138
-82
43
79
-24
-181
-217
-136
-23
-20
-135
-210
-210
-151
-99
-93
-125
-191
-214
-185
-140
-120
-150
-210
-225
-183
-161
-189
-233
-226
-227
-242
-276
-283
-264
-282
-373
-457
-432
-313
-116
-201
-577
-771
-279
359
199
-481
-646
-77
366
327
206
155
-28
-100
392
948
720
-23
-160
459
845
632
384
345
226
165
480
779
498
8
-19
308
444
308
179
78
-21
-15
97
158
51
-106
-185
-162
-76
-47
-122
-191
-193
-231
-273
-216
-101
-148
-283
-302
-249
-198
-148
-102
-160
-125
-128
-143
6
185
247
45
-34
134
287
390
354
206
100
159
351
425
323
121
-6
88
256
264
139
-31
-90
-40
73
143
22
-136
-186
-108
5
33
-75
-208
-211
-124
-56
-57
-124
-206
-217
-147
-84
-102
-155
-190
-198
-158
-129
-157
-179
-196
-215
-236
-236
-207
-218
-260
-353
-412
-386
-342
-274
-150
-271
-628
-695
-92
427
55
-627
-573
95
434
284
145
92
-90
-46
534
967
519
-201
-92
605
834
536
331
291
141
178
610
791
311
-147
17
392
432
233
119
26
-88
-18
148
149
-44
-205
-205
-144
-79
-69
-161
-249
-278
-277
-235
-176
-167
-265
-337
-274
-231
-220
-185
-140
-207
-171
-91
-70
-5
47
136
96
59
144
223
331
339
194
154
236
345
367
264
158
81
134
257
211
87
-13
-49
23
96
70
-60
-170
-129
-51
-24
-37
-150
-235
-180
-94
-63
-135
-213
-227
-196
-122
-110
-156
-185
-215
-204
-138
-126
-159
-204
-232
-212
-200
-171
-196
-254
-270
-308
-326
-350
-344
-341
-253
-203
-408
-614
-405
151
238
-260
-588
-226
299
387
197
89
42
0
279
748
748
191
-129
279
759
712
440
306
233
193
398
686
551
94
-48
206
405
333
182
77
-42
-55
80
156
42
-104
-181
-185
-136
-73
-68
-187
-281
-299
-265
-200
-164
-206
-313
-360
-292
-213
-181
-189
-222
-284
-140
-37
-58
-25
-33
108
130
114
188
187
242
296
243
252
239
216
289
251
184
127
102
184
149
71
25
-34
-7
34
4
-54
-123
-146
-94
-63
-71
-173
-245
-173
-126
-129
-170
-225
-226
-210
-155
-122
-177
-226
-230
-185
-119
-173
-216
-216
-229
-206
-212
-208
-231
-298
-281
-279
-318
-369
-404
-357
-195
-169
-430
-645
-370
225
235
-322
-587
-152
338
340
162
122
47
-30
307
787
709
97
-117
376
767
619
375
319
252
190
408
672
472
42
-16
272
394
258
141
94
-1
-35
74
141
47
-104
-167
-160
-121
-71
-81
-167
-260
-293
-241
-159
-126
-208
-314
-310
-216
-170
-169
-175
-195
-240
-145
58
25
-29
-70
66
251
210
189
182
217
317
306
284
300
237
251
288
249
199
123
123
159
122
63
-1
-21
1
-2
-23
-76
-132
-121
-98
-97
-143
-208
-173
-146
-159
-164
-215
-213
-177
-160
-155
-211
-234
-191
-169
-153
-178
-225
-242
-228
-183
-176
-244
-290
-286
-243
-247
-305
-364
-411
-415
-288
-107
-238
-592
-647
-89
369
30
-542
-461
108
368
239
136
105
-32
49
530
816
423
-104
46
589
730
462
289
265
223
268
497
567
251
-16
98
310
310
175
105
49
-17
-9
49
67
8
-94
-171
-191
-133
-59
-91
-192
-274
-296
-246
-163
-139
-221
-328
-323
-244
-167
-153
-177
-235
-262
-179
51
154
4
-107
-54
247
419
320
147
69
231
446
466
316
139
77
225
375
340
132
-57
-5
151
225
136
-52
-129
-78
27
93
16
-127
-216
-183
-70
-25
-106
-203
-261
-221
-145
-136
-164
-202
-204
-192
-192
-148
-121
-128
-186
-238
-211
-158
-132
-166
-242
-292
-288
-227
-195
-257
-378
-430
-413
-254
-57
-189
-546
-619
-114
333
118
-366
-382
42
361
355
258
170
26
107
513
776
504
35
51
441
639
509
297
188
150
239
419
443
216
14
48
190
235
143
34
-20
-34
-31
-30
-16
-19
-92
-160
-181
-131
-74
-100
-147
-199
-245
-220
-149
-113
-175
-251
-250
-220
-102
-28
-111
-185
-139
9
120
102
26
6
93
239
276
186
104
111
208
280
238
126
51
78
149
178
123
11
-53
10
102
106
26
-52
-43
10
63
58
-4
-42
-39
-16
3
-10
-45
-88
-123
-107
-73
-84
-121
-153
-161
-171
-174
-146
-142
-183
-237
-247
-206
-190
-214
-247
-268
-263
-272
-272
-240
-266
-327
-384
-357
-326
-213
-118
-277
-518
-420
52
269
-26
-340
-190
180
405
389
271
160
130
334
645
701
418
135
215
519
647
504
284
171
215
339
411
347
167
33
29
141
226
146
-20
-99
-54
-10
-13
-7
-21
-108
-185
-154
-72
-37
-99
-172
-223
-217
-149
-111
-138
-201
-243
-230
-106
-38
-75
-134
-116
9
85
89
77
72
108
153
179
176
147
123
138
153
138
98
69
66
66
55
29
0
10
17
4
-5
-19
-16
7
20
12
-20
-33
-3
11
0
-43
-74
-68
-57
-58
-86
-125
-140
-141
-130
-127
-156
-190
-209
-204
-190
-196
-229
-244
-247
-233
-232
-250
-260
-270
-267
-263
-263
-265
-287
-310
-310
-332
-316
-194
-156
-310
-419
-208
102
96
-108
-157
12
219
346
363
267
159
244
482
601
491
309
251
332
463
524
410
218
154
249
341
311
214
112
45
61
149
161
55
-39
-60
-43
-19
7
-10
-97
-158
-131
-83
-77
-105
-136
-179
-195
-168
-116
-116
-162
-198
-159
-46
-30
-35
-41
0
60
96
141
148
118
128
165
194
198
153
131
128
129
124
101
78
48
22
34
48
36
6
-19
-8
10
14
15
-1
-23
-11
6
22
8
-31
-40
-41
-29
-29
-55
-84
-105
-107
-102
-111
-117
-133
-167
-184
-169
-160
-179
-204
-214
-218
-214
-220
-225
-208
-224
-250
-251
-224
-200
-211
-243
-243
-243
-246
-241
-244
-196
-172
-196
-237
-203
-71
29
22
-32
-37
54
214
302
264
171
166
288
385
393
328
257
231
275
361
377
266
150
149
220
255
204
116
49
31
74
95
58
-16
-80
-73
-36
-25
-55
-103
-127
-130
-121
-99
-109
-144
-167
-160
-134
-117
-120
-102
-108
-92
-62
-23
35
41
38
41
93
133
147
130
127
120
125
137
137
117
69
49
61
77
69
35
1
2
14
26
23
0
-17
-15
1
16
12
-9
-21
-14
6
-6
-27
-39
-30
-38
-55
-52
-52
-70
-95
-93
-75
-82
-107
-112
-110
-115
-120
-115
-121
-143
-155
-130
-126
-145
-155
-156
-147
-142
-144
-152
-157
-162
-157
-152
-145
-154
-172
-183
-186
-172
-108
-81
-139
-188
-127
4
58
32
-9
2
79
191
234
198
144
161
244
305
310
248
191
187
238
280
264
190
120
123
165
179
139
76
25
22
49
50
13
-38
-74
-71
-64
-67
-77
-105
-126
-134
-119
-104
-98
-97
-115
-125
-94
-42
-12
-9
-44
-25
19
98
128
84
48
55
109
157
154
91
46
29
86
121
92
8
-40
-9
34
47
10
-47
-71
-41
1
19
-23
-68
-76
-45
-7
-6
-44
-70
-67
-37
-16
-35
-55
-72
-55
-40
-42
-49
-61
-68
-59
-52
-53
-54
-66
-77
-72
-61
-65
-85
-88
-78
-79
-95
-105
-93
-84
-89
-95
-93
-90
-86
-74
-63
-83
-100
-80
-59
-64
-79
-83
-80
-71
-72
-69
-47
-50
-70
-63
23
76
37
15
67
149
186
173
135
139
197
249
222
171
146
153
187
193
152
97
79
95
109
101
61
20
3
19
22
-2
-31
-52
-54
-47
-46
-57
-69
-57
-46
-38
-34
-29
6
24
4
8
57
88
81
56
73
86
107
127
88
58
60
90
103
72
29
10
24
47
39
1
-26
-29
-4
14
-2
-37
-51
-42
-16
-20
-45
-85
-92
-60
-44
-50
-72
-87
-80
-61
-43
-45
-62
-72
-66
-37
-28
-41
-47
-52
-60
-48
-23
-32
-65
-77
-57
-46
-51
-53
-61
-70
-64
-41
-38
-56
-79
-65
-46
-40
-44
-58
-63
-53
-47
-29
-34
-62
-61
-35
-8
-11
-31
-39
-35
-23
1
3
-19
-41
-34
-4
5
-1
-21
-28
-10
16
25
21
5
5
30
49
61
55
36
39
59
80
75
65
50
45
51
62
70
61
43
29
44
63
77
65
56
49
65
88
98
81
69
75
92
111
118
104
83
81
102
122
115
92
69
71
95
98
80
52
39
52
56
42
30
20
20
18
16
15
3
-3
0
1
-12
-17
-28
-29
-26
-32
-54
-51
-40
-43
-60
-60
-56
-64
-62
-60
-57
-66
-57
-49
-49
-61
-64
-44
-36
-38
-59
-52
-30
-28
-35
-36
-34
-41
-35
-17
-11
-24
-30
-28
-17
-17
-25
-28
-30
-39
-33
-19
-15
-30
-36
-31
-24
-12
-19
-28
-37
-26
-20
-13
-19
-33
-40
-27
-9
-17
-37
-45
-30
-19
-22
-36
-36
-30
-28
-24
-28
-40
-47
-44
-20
-13
-32
-40
-29
-1
7
4
2
6
22
45
59
57
49
56
83
99
105
88
82
96
107
121
116
106
93
91
104
114
113
102
98
93
98
95
100
101
84
68
66
82
89
74
46
36
48
58
56
50
36
26
36
43
50
34
9
7
18
32
29
6
-8
-15
-10
0
-2
-20
-38
-37
-24
-12
-23
-36
-34
-31
-23
-12
-19
-30
-30
-17
-10
-22
-26
-19
-13
-19
-20
-14
-11
-10
-13
-18
-24
-19
-9
-7
-10
-18
-14
-9
-2
-4
-7
-9
-7
1
2
-4
-7
-4
-7
-4
-3
-1
-8
-16
-12
-9
-6
-14
-11
-17
-20
-28
-27
-27
-33
-34
-33
-25
-41
-37
-34
-27
-20
-23
-31
-35
-26
-15
-2
-9
-19
-24
-11
10
15
1
-14
-9
5
20
20
9
7
10
20
39
34
18
21
43
59
52
49
55
60
64
67
63
64
67
74
79
71
68
68
83
84
73
70
67
67
78
78
65
51
50
59
64
56
37
29
28
33
33
26
12
-1
4
6
14
12
-9
-9
-2
13
8
0
-4
-7
-5
1
6
9
1
-12
-10
1
3
3
-5
-10
-13
-12
2
8
0
-8
-7
0
5
14
9
-2
1
10
21
14
5
9
16
19
19
21
18
7
9
21
21
9
7
11
16
10
4
1
8
6
3
-6
-12
-8
-2
4
-7
-12
-11
-5
0
-10
-13
-5
-3
-5
-11
-5
-5
-10
-14
-9
-8
-13
-9
-14
-13
-20
-16
-2
-8
-19
-18
-15
-8
-5
-4
-6
-7
-1
10
9
8
16
29
31
26
39
39
39
40
51
56
46
43
51
57
46
38
40
50
46
40
35
34
35
30
28
30
24
23
20
23
31
28
21
16
25
31
32
20
11
22
31
26
21
17
15
15
19
15
10
5
6
13
12
7
-2
5
3
0
5
9
1
-2
4
6
9
4
10
8
8
5
5
7
10
7
1
3
1
9
13
11
12
10
10
11
15
24
27
8
2
11
20
19
16
11
4
7
16
26
18
4
-4
9
20
14
5
0
-2
2
0
8
7
-2
-5
-5
0
2
-3
-5
-3
-6
-10
-9
-7
-5
-5
-7
-6
-2
1
0
2
8
-1
1
5
8
11
4
7
13
12
7
8
7
6
11
19
17
9
5
5
11
17
10
5
2
5
15
18
13
0
1
10
9
5
0
7
9
13
14
19
16
13
15
19
14
8
5
7
11
7
6
2
6
5
9
0
-4
-1
0
6
6
4
1
10
11
8
8
10
12
8
5
2
4
9
7
9
9
7
6
14
15
11
10
12
11
19
21
17
16
10
12
20
23
14
11
5
14
22
24
19
8
7
13
16
11
8
5
3
-1
-3
-4
0
-2
-5
3
10
12
5
8
15
14
10
18
21
19
21
18
22
29
31
29
22
21
26
27
26
26
20
16
17
26
26
19
14
11
15
21
14
13
8
5
11
8
6
3
4
14
17
15
13
19
27
29
28
28
29
32
33
34
33
27
28
30
36
41
26
21
16
18
26
20
12
3
8
17
10
3
-8
-7
4
5
3
5
3
3
11
14
15
4
4
11
13
12
8
5
-1
-3
2
3
-3
-5
-7
-9
-4
-3
-9
-6
-7
-7
-7
-2
-3
-4
-5
-3
-4
-6
-2
-3
-4
-10
-4
-5
-14
-14
-9
-9
-17
-21
-18
-14
-15
-18
-17
-11
-11
-9
-2
-1
-6
-6
1
8
7
8
7
6
12
14
21
23
21
18
20
23
21
17
19
17
9
12
15
15
10
8
6
7
10
8
6
7
5
5
14
11
11
11
12
18
23
21
16
19
22
28
27
28
27
25
26
31
36
33
25
24
28
28
29
22
19
16
9
8
9
7
7
0
1
0
0
-1
7
10
6
6
2
5
9
11
12
8
8
7
14
18
12
8
7
9
12
11
7
10
5
6
10
12
10
7
4
4
13
11
13
6
11
10
8
11
11
9
-2
0
2
-1
1
-3
-7
-13
-11
-7
-13
-12
-14
-14
-8
-6
-5
-1
4
9
4
6
8
12
17
15
9
7
11
13
9
3
2
2
5
2
7
5
-2
0
7
8
-1
-3
-4
2
-1
-2
-3
-12
-14
-10
-3
-4
-9
-8
-8
-6
-4
-5
-2
-3
-1
2
6
6
6
4
6
10
10
12
11
13
10
14
20
14
15
11
6
9
9
5
2
0
0
6
8
6
3
1
7
8
10
9
9
5
11
14
10
10
6
7
7
10
9
6
4
2
6
8
8
5
9
10
11
9
12
14
8
18
13
14
11
8
12
12
12
9
8
2
5
4
7
5
3
0
3
7
4
10
0
1
2
4
8
11
12
12
8
11
16
14
16
18
14
13
19
23
22
10
9
13
9
10
12
7
4
-1
1
7
3
0
-2
2
4
3
1
0
2
0
-1
2
1
-1
-1
3
3
0
10
6
9
4
10
14
8
11
7
13
13
11
9
11
6
3
7
10
7
-3
-5
-7
-7
-7
-7
-11
-17
-23
-12
-8
-13
-17
-26
-22
-15
-9
-11
-10
-14
-10
-5
0
-1
-4
-7
0
5
10
4
1
8
5
9
7
10
9
8
11
11
6
7
10
11
15
13
16
9
6
11
9
6
-2
-2
-1
4
2
-3
-2
-6
-3
0
0
-6
-5
1
-1
3
6
9
6
10
13
17
17
15
15
14
19
18
20
16
18
18
19
18
17
17
11
15
12
10
13
6
6
1
9
9
7
5
8
12
15
14
12
14
13
17
20
15
15
14
13
14
14
13
10
10
11
7
8
5
6
8
3
3
-1
-4
-5
-3
-2
-5
-6
-9
-4
-4
-6
-7
-11
-7
-9
-8
-10
-12
-8
-12
-13
-18
-14
-15
-16
-16
-14
-9
-5
-7
-11
-11
-9
-8
-5
1
1
-5
-7
-7
2
-1
-6
-7
-3
2
-4
0
1
-4
-9
-7
-7
-5
-9
-11
-8
-11
-11
-9
-10
-10
-9
-11
-9
-9
-12
-11
-12
-8
-6
-6
-4
-2
0
3
2
2
1
4
8
3
4
2
5
5
4
13
8
8
2
5
9
2
2
5
4
1
3
5
5
3
6
7
7
7
10
15
9
13
15
10
14
15
19
21
19
20
20
28
21
17
21
27
23
21
25
21
21
19
19
19
21
24
17
16
14
11
9
7
6
4
5
8
4
6
6
1
-1
-4
3
1
2
-5
-7
-3
-5
-6
-7
-8
-6
-7
-5
-1
-3
-2
-4
-2
-2
-2
3
5
4
5
4
7
13
8
10
13
11
13
14
11
10
7
9
9
8
13
6
5
3
5
7
2
-1
1
2
1
10
7
8
7
5
8
11
6
2
5
5
4
2
4
1
-4
-4
-6
-8
-8
-9
-15
-14
-13
-12
-17
-13
-17
-17
-11
-15
-12
-16
-13
-16
-15
-10
-7
-7
-11
-3
-2
3
5
2
10
6
4
5
7
7
5
7
10
13
9
13
11
8
12
8
10
11
5
0
5
5
4
4
0
5
4
4
3
4
-3
-5
-6
-5
-1
-7
-8
-10
-5
-2
-7
-5
-4
-4
-8
-8
-8
-11
-12
-10
-11
-14
-12
-10
-6
-6
-1
-4
-1
-3
-5
-3
-4
-1
4
7
4
8
5
4
10
9
8
8
10
13
12
10
13
12
12
13
15
16
14
12
17
14
11
13
11
13
14
14
10
9
10
10
8
10
13
9
8
5
4
0
3
-2
-6
-3
-5
-5
-2
2
0
0
3
8
8
6
0
2
5
3
5
2
2
1
3
5
7
-1
2
7
4
6
3
4
4
1
1
6
2
2
2
3
4
4
7
4
5
-1
2
6
4
2
0
-1
0
-1
-3
0
-2
-7
-7
-10
-6
-7
-10
-9
-16
-16
-17
-21
-18
-20
-17
-18
-21
-18
-19
-17
-17
-15
-17
-20
-16
-17
-17
-19
-21
-17
-14
-17
-18
-16
-21
-17
-19
-16
-22
-21
-24
-22
-18
-13
-13
-19
-13
-18
-9
-8
-7
-5
-10
-3
1
-4
2
6
-3
0
3
4
0
-1
-1
2
1
5
1
-1
-5
-3
-1
-2
1
-2
1
-2
2
0
1
1
1
0
7
14
6
6
7
8
12
11
10
8
6
4
13
12
10
12
9
10
12
15
12
13
13
16
15
14
14
10
12
15
16
12
11
9
8
12
12
8
10
17
8
10
11
13
20
13
12
14
9
10
17
16
16
15
11
9
14
14
11
10
11
16
14
7
7
4
2
6
7
3
-3
-4
-2
0
-2
-8
-15
-10
-11
-12
-13
-13
-14
-15
-13
-9
-11
-14
-13
-15
-10
-8
-5
-8
-10
-2
-2
-2
0
2
1
-1
0
6
5
4
3
2
5
6
3
5
2
0
2
2
2
-3
-6
-8
-8
-9
-12
-12
-16
-20
-18
-15
-13
-13
-13
-12
-17
-13
-15
-11
-11
-18
-18
-10
-10
-7
-7
-13
-11
-3
-3
-9
-9
-7
0
-1
0
1
3
3
1
7
4
5
3
1
3
4
7
5
9
6
9
10
11
14
14
9
8
13
16
14
13
16
11
11
19
17
12
14
12
19
19
17
17
8
15
23
16
14
10
12
16
17
18
12
14
13
12
14
12
8
7
8
5
5
5
4
1
3
0
3
0
2
5
3
6
8
10
6
6
9
8
6
5
4
4
1
2
0
1
-2
0
1
-3
-1
-2
1
1
3
-3
-3
-1
-2
-4
-4
-5
-11
-10
-9
-11
-11
-11
-14
-12
-5
-10
-8
-4
-6
-9
-7
-6
-3
-3
0
-4
-7
-6
-9
-10
-16
-14
-10
-9
-8
-11
-6
-6
-4
0
2
-2
1
1
-3
3
1
-2
-4
-1
-3
-4
-2
0
2
2
-2
-3
-1
2
-2
-2
0
-4
-6
-4
-9
-7
-5
-4
0
-1
-4
0
0
-1
2
-1
-2
-4
-3
-5
-6
-6
-2
-4
-2
-1
-1
2
3
3
2
6
3
5
8
7
6
6
8
3
5
9
9
15
13
16
12
12
17
13
16
14
15
13
17
17
10
12
9
11
10
9
8
7
8
10
9
7
6
6
1
0
0
-1
-2
-7
-8
-5
-7
-6
-7
-4
-7
-6
-9
-9
-4
-2
-3
-4
-2
-2
0
0
1
0
3
3
5
6
4
4
6
7
3
-2
-3
-7
-7
-3
-4
-1
-4
-7
-8
-9
-6
-7
-7
-7
-7
-11
-17
-19
-19
-18
-17
-18
-12
-15
-19
-16
-13
-11
-12
-14
-12
-10
-12
-9
-10
-12
-7
-9
-10
-7
-12
-8
-11
-14
-8
-11
-9
-10
-12
-12
-14
-11
-10
-6
-5
-10
-5
-8
-9
-8
-11
-8
-10
-12
-10
-11
-13
-13
-15
-14
-12
-15
-17
-13
-10
-12
-11
-11
-9
-10
-9
-4
-4
-8
-9
-7
-4
-7
-10
-8
-10
-9
-9
-11
-12
-12
-7
-3
-7
-11
-8
-7
-7
-10
-7
-12
-11
-6
-7
-10
-7
-5
-8
-4
-3
-3
-3
1
4
5
8
11
15
12
15
19
13
16
16
17
18
17
18
17
16
13
12
13
8
7
8
10
14
15
15
17
16
18
16
17
20
17
16
11
10
5
7
0
2
7
3
1
3
4
6
4
3
2
6
7
-1
-1
-4
-4
0
-2
-1
0
-2
-5
-2
-5
-7
-5
-6
-5
-6
-7
-8
-10
-11
-9
-12
-11
-8
-11
-10
-7
-7
-5
-1
-2
-4
-5
-6
-9
-5
-8
-5
-4
-7
-6
-7
-7
-6
-8
-9
-7
-8
-8
-7
-10
-13
-10
-16
-11
-12
-19
-16
-12
-8
-11
-15
-12
-16
-17
-11
-17
-20
-18
-14
-19
-17
-21
-19
-15
-18
-18
-19
-20
-22
-22
-23
-25
-24
-20
-23
-26
-20
-23
-21
-13
-12
-11
-9
-9
-12
-9
-9
-3
-3
-1
4
6
9
8
4
10
11
14
10
9
9
8
12
7
7
7
4
5
4
6
6
9
9
10
13
9
13
8
7
9
8
9
12
7
5
4
2
1
3
5
-2
1
-4
2
1
0
3
0
1
-1
-1
-4
-4
-2
1
2
-1
5
7
4
4
8
12
10
14
12
17
17
14
13
11
16
13
6
7
4
4
6
1
-1
-1
1
-5
-5
-6
-5
-10
-10
-7
-9
-8
-6
-6
-9
-9
-11
-9
-4
-8
-8
-9
-9
-11
-9
-11
-11
-14
-11
-10
-16
-12
-15
-8
-9
-11
-9
-8
-9
-7
-5
-8
-4
0
-3
-6
-2
3
-2
0
10
4
3
3
3
0
-3
3
5
0
-3
0
-4
-6
-3
-5
-4
-8
-8
-13
-6
-10
-11
-9
-7
-9
-10
-11
-11
-10
-5
-3
-5
-5
-10
-13
-9
-5
-12
-12
-12
-15
-12
-4
-9
-8
-7
-8
-8
-4
-1
-2
0
5
8
11
6
4
9
3
8
7
14
15
15
18
15
23
20
20
17
18
18
17
17
17
13
12
12
13
14
10
13
6
6
7
5
8
11
10
5
5
9
6
8
5
7
12
5
4
5
9
7
5
1
-2
-1
-6
-3
-6
-7
-2
0
5
-2
-3
1
-2
5
0
4
9
16
9
9
11
13
15
16
16
15
14
12
13
11
14
13
14
14
11
12
8
9
10
8
