27
28
24
27
27
28
24
20
22
24
23
25
26
24
24
25
24
21
22
24
23
26
26
25
23
22
19
19
20
17
13
11
12
10
11
7
6
8
6
7
7
6
6
7
10
12
6
12
8
7
7
4
7
6
6
2
2
2
-1
-3
-9
-10
-10
-6
-7
-5
-2
-4
-4
-7
0
-4
-5
1
-2
2
2
5
8
6
5
0
7
9
7
2
1
3
-1
0
-1
0
0
0
-2
3
1
4
13
10
9
12
11
16
12
10
8
11
16
12
15
13
17
12
10
17
11
14
12
8
9
6
11
12
17
13
13
16
17
21
22
29
27
28
25
24
28
23
22
25
25
24
17
15
20
14
13
17
19
18
20
22
24
27
25
32
36
30
31
30
27
29
32
24
25
29
28
29
22
22
21
24
22
19
25
24
22
25
25
19
21
24
23
25
26
26
25
25
30
28
30
27
28
27
24
24
25
21
24
27
20
23
20
20
19
18
18
18
17
14
15
18
20
19
17
20
18
21
21
21
21
16
15
17
12
11
13
11
4
2
3
1
0
1
3
4
7
7
9
12
11
6
8
8
11
11
5
5
3
1
-2
4
-1
0
4
-4
-2
-3
0
2
-1
1
2
4
3
6
9
4
7
3
4
7
7
11
6
12
14
16
18
17
20
14
16
14
11
12
11
8
10
12
13
15
17
16
19
17
19
22
19
23
20
22
20
19
21
19
21
19
18
13
18
21
18
22
22
24
27
25
28
30
31
33
34
36
37
40
41
37
41
42
40
42
42
40
40
45
42
44
43
41
43
45
46
45
41
42
40
42
44
39
40
41
43
41
38
38
35
36
33
34
38
38
35
31
29
27
26
28
32
28
27
22
15
16
18
16
17
16
17
21
18
20
19
21
21
15
19
18
18
17
17
18
20
16
15
15
12
15
13
12
12
11
13
12
12
8
11
14
7
10
11
12
13
10
10
11
13
10
11
10
14
11
12
16
16
15
14
16
17
18
17
16
15
18
14
12
14
16
17
15
14
12
10
11
16
15
16
15
20
15
15
14
15
18
16
15
16
15
18
26
21
21
23
22
25
28
27
29
32
30
29
27
32
30
30
32
30
28
30
35
32
26
26
29
29
27
35
30
34
36
34
35
33
40
41
38
34
35
40
37
41
40
44
44
46
47
48
52
52
51
48
51
46
45
46
43
44
43
42
42
39
41
39
37
37
43
45
42
41
39
37
38
31
35
38
33
34
32
31
28
33
29
25
24
21
23
24
26
26
25
29
23
23
27
21
22
20
18
18
18
19
15
17
12
12
13
13
11
14
13
14
17
15
18
16
12
10
8
8
7
5
2
2
3
3
1
2
4
7
1
10
12
7
10
13
9
10
11
3
7
6
5
7
5
5
5
8
11
12
9
12
12
9
7
3
6
2
4
5
7
5
3
7
3
9
10
12
16
12
18
18
20
15
12
14
15
16
16
19
19
20
20
28
28
28
32
29
31
34
31
32
32
31
36
37
40
35
34
39
35
36
37
36
39
38
39
34
37
32
30
35
32
33
33
28
30
29
38
34
36
41
38
41
40
39
40
39
40
43
40
40
36
35
29
28
29
27
26
24
25
20
18
13
14
18
17
17
18
16
14
21
20
25
22
21
22
21
18
17
17
17
9
13
14
7
9
6
12
6
7
8
9
6
9
11
11
12
10
12
11
8
10
8
6
9
10
12
10
12
10
9
6
6
4
4
6
4
-1
2
5
7
9
6
7
7
6
7
6
11
11
12
18
11
12
15
5
4
3
3
3
-5
3
2
1
3
6
6
5
7
4
7
6
10
7
9
12
10
16
15
8
5
8
12
6
7
10
7
8
9
11
9
9
8
5
9
7
9
12
14
9
11
11
10
11
12
11
15
15
12
16
12
17
18
13
14
13
11
16
22
23
22
23
22
18
21
18
16
18
16
15
21
19
16
17
16
14
13
13
13
11
10
12
9
8
8
6
8
11
10
6
7
7
6
8
8
10
13
14
12
14
14
15
14
15
15
14
14
10
13
13
11
12
14
11
13
15
15
16
13
12
13
10
8
11
11
12
7
11
10
10
13
16
14
10
9
9
8
12
13
12
9
4
5
4
3
-2
3
1
1
3
1
0
2
-3
-1
-3
-2
0
-3
-5
-3
-2
-6
-2
-2
-2
0
0
-2
2
4
-1
-1
-2
0
2
1
1
-1
3
4
8
9
4
6
3
5
3
2
7
5
8
6
6
6
6
9
5
6
6
11
10
8
13
11
11
14
15
17
15
12
18
12
13
12
9
9
11
8
10
8
7
8
10
11
8
6
8
11
8
8
11
13
11
12
13
12
12
5
9
11
9
9
8
8
5
7
7
6
5
5
7
9
11
7
7
10
8
7
8
11
8
12
9
11
9
9
6
3
3
2
4
1
3
7
2
2
-4
-6
-3
-6
1
-1
-1
0
-1
-3
-3
-4
2
-1
1
-1
-3
-1
-3
-3
-1
0
-2
1
-3
-3
-2
0
0
-4
-5
-1
0
-3
-4
-4
-1
-4
-5
-4
-4
-9
-8
-7
-4
-5
-6
-6
-3
-2
-4
-2
-3
-4
-5
-5
-2
-3
-8
-6
-11
-10
-7
-11
-5
-4
-5
-6
-2
-1
-5
-5
-5
2
0
4
5
-1
0
-1
-1
-9
-14
-15
-12
-9
-9
-3
1
-2
-7
-4
-3
3
6
4
4
8
10
8
6
11
8
6
7
8
3
4
3
-2
-2
1
3
-1
2
4
-1
5
5
2
7
7
5
5
3
1
0
0
5
6
4
8
7
7
7
7
5
8
7
6
9
9
10
9
9
9
10
12
11
9
7
5
4
1
1
1
1
-4
-6
-8
-6
-7
-7
-7
-7
-11
-15
-14
-19
-16
-13
-13
-17
-18
-18
-18
-15
-19
-19
-21
-20
-19
-18
-16
-15
-13
-16
-11
-8
-8
-8
-5
-9
-8
-10
-6
-7
-10
-12
-12
-12
-12
-12
-11
-12
-11
-11
-12
-8
-11
-6
-11
-14
-11
-15
-16
-15
-15
-16
-19
-20
-14
-17
-18
-17
-20
-18
-18
-11
-13
-17
-10
-16
-20
-17
-13
-16
-15
-12
-14
-10
-9
-8
-12
-10
-5
-7
-9
-9
-9
-5
-11
-10
-11
-9
-5
-9
-7
-10
-10
-10
-7
-10
-13
-6
-9
-7
-11
-13
-9
-13
-12
-13
-9
-10
-9
-12
-13
-13
-16
-12
-14
-15
-16
-11
-8
-12
-11
-9
-10
-8
-10
-14
-14
-16
-17
-16
-13
-14
-13
-13
-14
-8
-9
-11
-10
-7
-13
-8
-12
-11
-6
-13
-12
-11
-16
-12
-10
-12
-11
-11
-8
-10
-12
-14
-14
-19
-19
-15
-19
-17
-20
-18
-20
-21
-21
-22
-18
-17
-17
-21
-19
-19
-17
-17
-27
-25
-25
-24
-26
-25
-23
-23
-23
-26
-30
-29
-28
-31
-33
-35
-34
-34
-32
-36
-33
-34
-32
-32
-30
-28
-27
-20
-21
-19
-20
-23
-24
-23
-26
-23
-22
-22
-20
-21
-20
-18
-19
-16
-16
-16
-21
-17
-17
-25
-22
-22
-18
-18
-22
-23
-22
-18
-22
-20
-19
-22
-20
-19
-13
-15
-17
-18
-20
-15
-14
-21
-18
-12
-15
-14
-16
-15
-17
-15
-13
-15
-14
-13
-14
-13
-16
-12
-15
-13
-7
-11
-9
-13
-13
-13
-12
-13
-14
-14
-12
-14
-14
-14
-11
-14
-11
-15
-14
-13
-13
-13
-10
-10
-11
-14
-16
-10
-14
-16
-15
-9
-15
-18
-22
-21
-18
-17
-20
-22
-19
-18
-16
-13
-14
-16
-14
-13
-14
-14
-13
-13
-15
-14
-17
-13
-12
-16
-13
-16
-16
-12
-9
-10
-16
-15
-11
-14
-11
-13
-11
-13
-17
-14
-11
-16
-15
-16
-16
-19
-24
-22
-23
-21
-23
-23
-22
-26
-25
-25
-22
-22
-24
-24
-25
-24
-23
-23
-23
-21
-23
-27
-25
-21
-25
-25
-21
-25
-23
-25
-28
-25
-24
-27
-26
-24
-18
-25
-24
-20
-22
-21
-23
-20
-18
-19
-17
-15
-15
-15
-16
-17
-13
-12
-13
-17
-18
-15
-15
-13
-13
-14
-9
-14
-11
-11
-14
-16
-16
-13
-10
-14
-17
-16
-14
-9
-10
-10
-12
-15
-15
-20
-14
-13
-15
-8
-9
-9
-6
-5
-6
-3
-5
-4
-9
-7
-7
-7
-3
-3
-10
-11
-9
-11
-15
-11
-12
-8
-10
-10
-11
-8
-11
-9
-6
-7
-7
-11
-13
-11
-11
-12
-13
-12
-11
-10
-10
-9
-7
-8
-10
-10
-5
-6
-5
-2
-4
-7
-8
-7
-8
-13
-12
-11
-8
-7
-10
-12
-9
-8
-10
-7
-9
-9
-15
-15
-17
-17
-18
-21
-22
-20
-24
-26
-24
-19
-16
-21
-22
-25
-23
-22
-21
-22
-23
-20
-26
-28
-24
-23
-25
-28
-29
-29
-32
-25
-29
-27
-22
-26
-27
-26
-29
-28
-27
-28
-27
-28
-25
-27
-25
-21
-22
-18
-20
-16
-11
-15
-13
-16
-16
-14
-13
-14
-15
-16
-20
-22
-18
-14
-16
-18
-19
-18
-17
-19
-21
-17
-18
-14
-12
-17
-12
-13
-16
-15
-10
-15
-14
-15
-11
-12
-13
-12
-11
-8
-15
-10
-12
-12
-11
-12
-8
-6
-7
-4
2
-3
0
-2
0
3
1
-1
-4
5
5
2
5
6
0
1
-5
-1
-8
-5
-3
-8
-8
-11
-10
-10
-5
-5
-3
-4
-6
-9
-5
-5
-9
-7
-8
-10
-10
-11
-10
-8
-11
-11
-11
-13
-17
-11
-12
-15
-13
-15
-12
-13
-12
-12
-13
-14
-14
-17
-16
-18
-17
-21
-18
-20
-20
-21
-23
-21
-23
-24
-24
-22
-23
-23
-22
-26
-24
-22
-21
-24
-23
-19
-16
-16
-16
-18
-19
-21
-20
-17
-16
-16
-18
-18
-16
-17
-23
-20
-20
-18
-16
-23
-22
-20
-24
-21
-21
-24
-20
-21
-24
-24
-21
-24
-25
-22
-23
-23
-21
-26
-24
-23
-26
-25
-22
-20
-22
-19
-18
-18
-17
-22
-22
-24
-20
-21
-27
-21
-21
-16
-18
-16
-18
-18
-12
-9
-11
-8
-7
-7
-6
-6
-7
-8
-7
-11
-12
-8
-11
-6
-7
-2
-6
-9
-5
-6
-6
-9
-7
-6
-7
-8
-7
-6
-5
-10
-7
-3
-1
-1
-2
-2
-2
1
-4
-5
-1
0
-4
-5
-3
-10
-7
-11
-8
-5
-6
-4
-6
-6
-5
1
-2
-3
-1
0
-3
0
-1
2
6
3
6
1
4
2
-3
-2
-9
-5
-8
-9
-7
-8
-7
-8
-12
-9
-6
-7
-4
-7
-6
-7
-5
-5
-2
-6
-3
-4
-4
-1
-6
-4
-7
-10
-8
-11
-10
-12
-12
-11
-11
-6
-11
-15
-9
-12
-15
-16
-13
-16
-18
-14
-12
-16
-13
-11
-10
-10
-10
-10
-10
-9
-14
-14
-14
-18
-14
-17
-18
-15
-19
-18
-22
-24
-23
-19
-20
-16
-16
-19
-16
-18
-14
-13
-7
-7
-5
-5
-8
-5
-4
-5
-7
-7
-3
-6
-6
-9
-8
-8
-13
-10
-11
-12
-8
-7
-5
-8
-4
-6
-8
-5
-8
-4
-4
-2
-1
0
2
2
-1
-4
-6
1
-2
1
2
2
5
1
2
4
1
-1
-1
-1
3
7
11
5
4
-1
-2
0
-6
-6
-1
1
1
5
3
-1
0
-3
-1
-2
-4
-8
-6
-4
-6
-3
-7
-9
-5
-5
1
-2
-4
-4
0
3
1
1
-2
-9
-13
-14
-13
-7
-4
-5
-8
-10
-14
-10
-8
-8
-7
-12
-14
-12
-10
-5
-9
-10
-8
-14
-14
-11
-3
-2
-3
-8
-7
-6
-11
-7
-8
-6
-4
-7
-11
-15
-10
-5
-4
-7
-15
-16
-14
-8
-4
-5
-11
-16
-15
-11
-7
-8
-10
-12
-13
-16
-13
-1
-3
-3
-9
-14
-16
-15
-13
-11
-6
-10
-20
-17
-16
-11
-10
-8
-15
-15
-13
-12
-12
-10
-8
-18
-17
-20
-20
-18
-16
-15
-18
-17
-21
-21
-16
-12
-15
-15
-14
-23
-17
-13
-13
-7
-9
-14
-13
-18
-8
-4
-5
-8
-11
-11
-11
-10
-5
-5
-5
-4
-6
-4
-2
1
3
1
3
0
-4
0
-1
-1
0
-1
-4
-2
1
-5
-7
-1
4
3
-2
0
-4
-3
-4
-5
-5
-4
-5
-10
-8
-8
-9
-11
-10
-14
-18
-13
-15
-15
-16
-14
-15
-13
-10
-11
-15
-13
-11
-11
-9
-7
-9
-10
0
-8
-14
-14
-13
-11
-16
-15
-16
-18
-10
-10
-7
-7
-8
-10
-13
-13
-9
-8
-12
-15
-12
-7
-10
-9
-10
-9
-11
-12
-14
-12
-14
-13
-9
-11
-9
-10
-10
-12
-9
-10
-14
-14
-17
-16
-17
-21
-20
-25
-21
-19
-24
-21
-15
-16
-17
-10
-12
-13
-12
-10
-9
-8
-11
-9
-11
-9
-12
-19
-19
-13
-17
-14
-15
-18
-13
-14
-12
-12
-10
-11
-12
-11
-15
-11
-11
-8
-7
-9
-7
-7
-6
0
-3
-7
-8
-8
-10
-8
-6
-8
-6
-6
-13
-11
-7
-11
-14
-12
-8
-14
-11
-13
-10
-5
-4
-7
-11
-11
-3
-1
1
0
0
-4
-3
1
6
4
-2
-6
1
3
1
3
-2
-3
-3
1
4
4
-6
-5
3
4
2
-1
-3
-2
3
6
5
1
-2
-4
3
5
2
-4
-8
-4
-10
-3
-1
-4
-6
-6
-3
0
-4
-6
-4
-7
-1
-5
-7
-6
-5
-1
6
0
-7
-8
-2
0
-1
-8
-12
-4
-5
-4
-6
-8
-10
-10
-9
-9
-15
-16
-14
-15
-8
-11
-14
-16
-18
-13
-12
-12
-18
-19
-10
-13
-14
-11
-13
-17
-20
-17
-11
-12
-14
-21
-28
-17
-16
-18
-23
-28
-24
-18
-14
-20
-24
-24
-22
-22
-20
-21
-23
-20
-16
-10
-16
-19
-21
-19
-19
-14
-16
-22
-15
-19
-23
-13
-13
-24
-24
-21
-13
-12
-9
-10
-8
-2
5
1
-3
0
-1
5
8
7
4
-4
-4
1
3
8
4
1
7
11
10
7
4
6
13
15
20
13
10
7
10
13
12
7
1
4
11
10
9
8
3
6
10
14
11
11
11
8
13
18
12
9
12
13
20
17
14
8
8
10
15
17
8
7
7
9
9
8
4
4
10
10
14
8
6
12
19
21
11
4
3
7
15
19
17
10
6
7
14
14
5
1
0
-1
0
-2
-5
-5
-4
-3
0
-6
-15
-14
-10
-10
-2
-4
-12
-20
-14
-13
-9
-3
-9
-15
-15
-10
-1
6
-4
-9
-11
-4
-3
-8
-10
-8
-4
-10
-5
-12
-12
-9
-7
-5
-6
-6
-3
-2
-4
3
0
-2
-5
-11
-11
-7
-4
-11
-15
-9
-8
-13
-6
-6
-2
1
0
-1
1
5
5
7
8
5
-4
1
1
-2
-3
-1
-3
-7
3
1
6
10
10
12
10
22
21
21
26
25
23
23
28
20
23
23
23
23
24
16
12
10
13
19
22
12
1
5
17
23
13
9
-3
-4
9
17
16
8
-2
-5
9
21
16
3
-5
-2
5
15
13
0
-9
-4
5
10
13
-3
-13
-5
10
13
3
-4
-14
-11
5
6
-4
-14
-18
-16
-6
0
-9
-13
-16
-13
-8
-4
-6
-17
-20
-16
-6
-7
-11
-12
-12
-15
-10
-10
-10
-12
-15
-18
-22
-18
-21
-24
-22
-22
-25
-22
-25
-22
-18
-14
-19
-27
-24
-17
-18
-16
-20
-26
-27
-25
-27
-26
-18
-18
-9
-9
-13
-17
-15
-4
-5
-5
-6
-13
-16
-9
-1
-5
-5
-11
-21
-18
-10
-3
-2
-4
-12
-17
-16
-2
-2
-5
-11
-21
-19
-6
5
-3
-8
-7
-4
-7
-3
-1
-7
-10
-8
-9
-5
-1
-9
-11
-7
-4
-6
0
7
0
1
7
3
4
7
6
3
8
10
1
-4
-3
5
12
10
0
-3
1
6
12
12
10
1
-2
2
11
11
7
-2
-5
2
9
6
-3
-1
-1
-4
-1
2
-6
-4
1
5
0
-1
-1
-1
7
9
0
-5
3
2
-3
-6
-11
-13
-12
-11
-10
-6
-10
-18
-21
-8
1
-4
-9
-8
-5
3
14
13
0
-4
4
4
2
0
-14
-19
-9
-10
-19
-23
-22
-14
-8
-8
-21
-22
-13
-5
-13
-18
-13
-17
-15
-13
-13
-15
-14
-19
-22
-18
-17
-26
-29
-21
-22
-19
-17
-18
-27
-25
-26
-29
-24
-24
-31
-29
-17
-14
-29
-22
-12
-11
-6
-6
-14
-17
-3
2
-6
-12
-4
-9
-12
-7
-3
-13
-21
-21
-24
-21
-16
-25
-30
-17
-7
-17
-26
-27
-25
-23
-21
-30
-40
-38
-33
-30
-29
-33
-42
-41
-30
-26
-25
-25
-23
-22
-27
-25
-22
-22
-23
-22
-31
-38
-41
-42
-28
-17
-29
-39
-40
-20
3
17
8
-16
-8
5
20
28
29
16
6
13
9
12
23
19
1
-10
1
9
11
15
11
5
9
17
17
24
29
28
26
27
25
20
29
27
27
27
24
19
12
21
22
18
14
8
11
13
16
13
10
8
1
5
12
11
6
2
2
3
0
3
-9
-6
-3
-8
-20
-22
-14
-17
-18
-25
-33
-38
-32
-22
-25
-33
-42
-47
-41
-22
-24
-33
-34
-36
-35
-29
-31
-35
-44
-43
-49
-51
-44
-52
-64
-67
-66
-70
-75
-76
-82
-88
-77
-80
-87
-89
-82
-74
-80
-88
-89
-78
-70
-64
-67
-70
-74
-64
-51
-51
-53
-59
-60
-48
-33
-19
-11
-24
-21
-7
10
20
21
20
18
29
44
52
49
39
44
45
48
50
45
32
23
26
23
17
4
-1
3
3
5
3
-5
-8
-1
13
25
23
20
24
35
47
54
66
63
59
68
72
84
93
88
73
64
65
67
68
53
31
18
4
13
6
-9
-26
-39
-42
-42
-37
-44
-51
-55
-52
-45
-36
-35
-38
-28
-20
-14
-9
-11
-2
2
11
16
6
-6
-9
-11
-12
-17
-33
-46
-58
-71
-80
-96
-102
-110
-128
-134
-145
-155
-162
-173
-180
-198
-227
-267
-276
-223
-120
-16
-7
-122
-191
-48
202
306
217
114
106
173
274
380
376
230
77
62
169
245
180
35
-75
-100
-60
-19
-48
-134
-206
-196
-143
-131
-151
-176
-176
-133
-72
-58
-87
-106
-69
9
77
80
28
-6
34
108
153
150
95
41
26
52
108
129
69
-44
-90
-23
31
-8
-71
-85
-79
-76
-58
-47
-66
-74
-51
-25
-15
-32
-32
-7
40
62
50
25
14
44
95
119
80
34
26
53
79
94
71
9
-29
0
37
34
3
-42
-73
-59
-31
-24
-44
-76
-96
-81
-61
-59
-75
-87
-89
-86
-73
-82
-117
-133
-119
-108
-133
-168
-176
-175
-167
-168
-187
-210
-237
-270
-274
-168
42
143
-38
-268
-142
266
450
290
131
138
180
248
418
516
363
97
23
183
340
290
99
-40
-73
-42
16
29
-75
-203
-205
-123
-88
-126
-172
-195
-165
-82
-28
-77
-134
-124
-37
69
97
29
-42
-15
80
153
155
115
70
31
22
82
172
141
-29
-120
-29
67
44
15
-1
-94
-162
-78
57
61
-53
-137
-107
-26
25
15
-10
-35
-52
-25
36
55
29
20
23
27
42
72
56
23
49
73
27
-22
-19
3
17
14
-25
-87
-111
-85
-43
-33
-76
-140
-172
-146
-97
-74
-102
-155
-199
-183
-153
-167
-182
-172
-187
-233
-234
-195
-196
-244
-277
-261
-239
-211
-67
116
53
-192
-171
214
455
307
136
190
280
301
397
503
413
178
81
207
356
314
127
-15
-50
-39
8
32
-66
-219
-235
-139
-105
-157
-197
-210
-203
-138
-74
-80
-133
-139
-54
66
112
40
-36
15
137
203
201
171
137
105
99
159
253
223
38
-83
9
125
67
-16
20
20
-111
-162
-34
61
0
-95
-122
-106
-66
-17
17
4
-36
-58
-40
17
73
82
64
22
13
69
120
93
69
87
76
28
19
50
46
16
-16
-48
-81
-89
-91
-92
-89
-119
-181
-205
-169
-135
-138
-168
-200
-222
-223
-219
-213
-186
-177
-229
-284
-261
-215
-240
-291
-295
-275
-207
-36
109
-5
-221
-127
258
468
319
139
177
290
349
442
523
402
144
66
252
419
324
92
-49
-71
-37
15
27
-97
-268
-286
-176
-119
-167
-237
-252
-223
-169
-110
-103
-142
-154
-71
45
88
28
-30
16
122
191
186
140
121
116
111
152
223
201
39
-83
1
99
54
-25
-42
-66
-118
-116
-39
-6
-67
-119
-114
-71
-62
-51
-12
7
-19
-39
6
36
40
70
96
62
34
67
102
112
107
103
66
25
22
50
53
20
-42
-78
-80
-84
-97
-109
-126
-159
-184
-190
-176
-169
-184
-207
-218
-218
-226
-259
-252
-205
-192
-258
-334
-324
-260
-250
-291
-293
-147
55
82
-115
-210
59
414
447
244
153
237
335
418
522
536
346
107
103
331
456
278
11
-86
-42
3
14
-19
-130
-250
-260
-178
-131
-182
-260
-264
-195
-139
-135
-156
-175
-146
-38
69
56
-32
-46
48
150
195
186
142
92
75
120
208
235
119
-42
-67
33
65
-4
-39
-66
-141
-173
-88
-12
-76
-179
-174
-82
-40
-86
-116
-59
0
-19
-32
18
40
18
42
111
130
92
60
78
131
174
149
71
27
40
59
70
50
-22
-104
-115
-84
-74
-112
-175
-220
-213
-188
-210
-233
-243
-272
-269
-227
-235
-302
-322
-260
-223
-248
-272
-278
-299
-324
-300
-243
-180
-82
51
54
-121
-157
177
518
439
164
125
308
418
448
504
477
274
91
174
411
436
190
-38
-52
16
28
21
-27
-156
-243
-190
-102
-121
-197
-219
-185
-145
-114
-108
-123
-133
-90
25
95
27
-70
-32
114
188
158
122
103
81
67
121
211
195
21
-114
-50
92
87
-23
-55
-55
-138
-196
-90
44
-20
-187
-230
-144
-65
-62
-70
-65
-88
-113
-71
23
71
40
3
27
75
108
126
129
136
151
144
116
97
103
99
78
47
0
-60
-98
-95
-91
-117
-173
-220
-239
-227
-216
-225
-245
-275
-289
-271
-265
-279
-276
-245
-233
-269
-276
-271
-289
-320
-288
-256
-211
-49
130
23
-254
-163
322
596
368
94
152
358
453
508
570
479
206
53
252
538
474
122
-88
-40
51
86
71
-34
-213
-272
-170
-63
-95
-207
-260
-206
-126
-99
-100
-117
-145
-97
53
125
19
-76
9
166
215
171
133
125
111
103
173
268
226
9
-108
33
195
111
-55
-103
-66
-52
-44
1
-12
-122
-189
-94
25
-9
-121
-134
-48
7
17
17
5
-9
28
106
123
99
68
73
128
191
196
116
45
64
129
151
93
7
-51
-55
-43
-44
-67
-137
-208
-227
-189
-190
-236
-279
-308
-312
-289
-285
-334
-375
-330
-264
-281
-359
-387
-370
-358
-369
-247
18
153
-86
-379
-176
375
622
379
105
116
291
453
602
659
494
177
30
263
578
536
169
-92
-60
67
111
68
-48
-208
-276
-190
-73
-96
-236
-311
-226
-108
-94
-138
-166
-173
-101
54
123
23
-91
-43
107
205
222
171
100
58
88
203
314
258
31
-93
25
181
166
30
-55
-68
-102
-110
-14
40
-84
-245
-207
-52
-23
-111
-151
-108
-62
-43
-24
-9
12
33
39
66
126
151
129
132
191
235
203
143
132
174
198
157
82
30
-4
-23
-13
-24
-99
-187
-216
-189
-179
-206
-249
-291
-315
-296
-254
-253
-303
-332
-305
-269
-253
-235
-232
-304
-382
-336
-223
-218
-209
-9
169
-26
-296
-66
471
619
297
89
234
429
482
531
604
491
194
80
343
592
451
84
-84
-8
87
102
52
-68
-215
-249
-153
-62
-108
-217
-243
-183
-134
-116
-99
-115
-148
-71
74
79
-61
-85
71
182
155
116
135
127
76
102
225
282
140
-53
-33
130
162
44
-31
-30
-82
-160
-108
64
81
-147
-294
-175
24
51
-45
-96
-107
-80
-3
77
85
29
-8
18
110
183
143
74
89
160
203
174
115
98
118
157
149
100
23
-53
-57
2
25
-62
-179
-231
-209
-178
-165
-208
-288
-313
-287
-273
-295
-310
-286
-267
-282
-286
-259
-256
-303
-329
-293
-271
-295
-202
74
173
-113
-329
-9
503
555
235
89
245
400
461
558
614
438
136
117
438
635
403
42
-54
47
135
138
83
-62
-233
-254
-112
-12
-100
-244
-275
-196
-140
-120
-107
-136
-174
-102
41
52
-75
-89
52
149
130
106
130
113
61
92
225
278
133
-59
-57
107
178
55
-75
-92
-77
-63
-30
-2
-64
-182
-198
-81
-4
-60
-131
-105
-31
9
26
27
-1
8
85
160
143
93
99
148
201
226
205
155
110
119
167
187
134
24
-49
-37
2
1
-52
-148
-225
-242
-211
-184
-206
-269
-329
-321
-279
-264
-295
-303
-275
-276
-319
-301
-220
-211
-311
-386
-368
-305
-279
-182
26
104
-134
-346
-57
479
597
280
74
218
423
525
615
641
475
203
154
446
691
522
115
-66
52
192
207
137
-27
-217
-250
-95
21
-61
-218
-280
-226
-155
-118
-97
-126
-184
-138
6
44
-69
-96
35
128
102
86
118
100
48
92
227
270
124
-66
-45
149
219
63
-92
-65
3
-47
-80
16
37
-113
-219
-121
-8
-21
-85
-77
-44
-33
-29
3
52
92
78
43
74
144
172
164
175
196
178
143
143
179
199
142
63
24
15
0
-30
-40
-77
-156
-214
-216
-202
-194
-215
-261
-304
-319
-293
-273
-264
-267
-288
-325
-342
-301
-205
-178
-296
-412
-384
-295
-298
-308
-116
120
30
-326
-351
177
631
479
85
43
296
472
549
650
621
325
71
230
641
728
337
-56
-59
155
255
212
85
-127
-282
-215
-25
34
-115
-290
-334
-250
-137
-99
-150
-231
-239
-123
-17
-43
-117
-92
14
60
59
83
92
65
73
146
216
194
74
-18
60
206
183
8
-87
-26
29
-12
-19
43
-13
-167
-172
-9
75
-16
-90
-65
-30
-6
42
82
67
43
66
93
112
153
164
159
158
150
153
161
159
130
120
118
67
3
-11
-5
-28
-69
-112
-164
-191
-187
-189
-200
-217
-254
-291
-279
-238
-235
-268
-286
-273
-263
-280
-287
-244
-214
-276
-354
-351
-330
-361
-366
-185
65
60
-267
-443
-56
514
573
180
-21
176
428
541
624
638
428
156
179
538
756
500
57
-57
151
289
227
113
-34
-217
-236
-70
48
-72
-298
-375
-262
-134
-125
-204
-269
-272
-192
-77
-53
-143
-199
-102
23
59
43
29
25
26
74
154
207
134
-7
-18
145
232
103
-59
-52
25
7
-4
62
54
-102
-179
-61
75
56
-41
-97
-73
-5
63
73
49
29
22
31
78
142
143
90
67
111
169
153
97
81
118
138
94
28
5
-8
-23
-24
-39
-101
-171
-192
-167
-147
-184
-242
-275
-276
-263
-247
-265
-290
-284
-265
-293
-317
-266
-221
-290
-390
-397
-341
-338
-291
-64
120
-65
-420
-309
306
662
379
6
64
360
533
606
661
569
289
132
382
757
729
286
-36
58
285
344
238
66
-141
-237
-125
41
21
-185
-350
-347
-227
-137
-153
-242
-331
-297
-143
-63
-153
-237
-147
-20
5
-9
28
39
-1
14
133
231
169
11
-28
131
264
169
-12
-45
30
63
50
63
38
-88
-157
-55
86
55
-103
-169
-86
19
42
-6
-54
-50
4
54
73
82
68
45
54
138
205
150
52
59
157
197
130
44
20
30
35
11
-14
-56
-127
-164
-129
-110
-165
-243
-265
-231
-221
-255
-288
-303
-292
-260
-252
-297
-330
-311
-264
-246
-259
-302
-364
-421
-400
-303
-123
54
8
-300
-446
-33
547
611
199
-68
117
460
656
707
644
429
176
221
615
871
597
111
-21
192
362
327
203
6
-202
-220
-29
99
-73
-345
-383
-225
-147
-210
-260
-263
-305
-291
-142
-63
-185
-297
-175
39
79
-20
-61
9
60
70
134
220
170
1
-15
187
305
161
-2
15
115
108
43
75
115
18
-81
-8
104
71
-31
-53
-13
-3
-10
-2
4
14
23
7
-7
34
67
71
77
90
90
82
61
82
152
183
107
-6
-13
47
66
45
11
-66
-150
-159
-103
-70
-106
-200
-289
-283
-228
-221
-269
-308
-294
-295
-337
-348
-291
-232
-266
-335
-352
-354
-402
-406
-329
-221
-99
-23
-173
-404
-226
324
584
291
-42
34
361
606
685
649
505
292
226
513
866
768
273
-6
157
377
392
288
122
-108
-243
-125
95
93
-177
-418
-382
-204
-151
-197
-223
-289
-362
-286
-110
-87
-195
-192
-88
-33
-20
18
57
55
48
94
190
228
134
52
140
275
246
116
62
88
115
106
137
142
52
-22
23
92
80
50
45
14
-33
-18
63
106
60
-4
-23
6
54
81
99
100
44
7
71
163
158
93
70
84
63
43
63
89
55
-21
-61
-52
-45
-76
-115
-113
-138
-214
-236
-217
-205
-236
-280
-278
-271
-307
-342
-315
-252
-272
-372
-405
-356
-367
-427
-417
-298
-120
-17
-162
-396
-248
259
542
312
8
66
359
595
684
652
514
329
269
516
837
765
309
18
159
379
411
305
114
-114
-225
-99
98
80
-185
-429
-403
-212
-145
-216
-281
-342
-391
-326
-163
-112
-200
-232
-167
-101
-53
-3
39
43
16
30
132
238
185
52
90
265
284
129
53
149
200
110
45
86
107
79
76
86
59
-1
5
79
133
82
-37
-52
67
171
136
15
-44
-7
79
166
152
62
-9
10
104
207
209
92
-14
8
108
175
147
37
-68
-85
-19
34
-16
-111
-189
-210
-173
-157
-195
-258
-310
-307
-256
-249
-323
-364
-290
-234
-287
-325
-292
-293
-365
-409
-356
-311
-243
-60
36
-157
-386
-166
392
595
253
-49
110
467
627
625
623
521
299
255
571
859
658
199
29
221
400
367
242
78
-136
-216
-53
123
15
-275
-406
-318
-194
-165
-199
-291
-391
-370
-205
-118
-186
-251
-208
-140
-122
-59
32
11
-86
-80
89
229
165
-3
-8
163
258
167
69
102
159
134
89
159
214
99
-13
54
175
148
18
-24
27
56
51
36
14
9
3
-7
7
60
79
26
3
44
97
95
61
55
108
139
94
47
73
126
95
47
28
11
-29
-48
-23
-23
-70
-148
-197
-160
-110
-130
-215
-275
-238
-206
-236
-265
-239
-228
-292
-340
-255
-170
-237
-362
-379
-327
-315
-334
-284
-128
2
-100
-324
-218
243
516
317
45
121
386
551
617
646
568
370
248
443
781
770
359
54
155
373
387
273
138
-25
-163
-131
42
105
-85
-349
-392
-213
-112
-204
-297
-308
-302
-274
-200
-172
-218
-237
-187
-125
-76
-58
-76
-78
-34
22
87
130
86
-7
31
209
263
137
52
112
179
160
142
173
167
76
40
130
201
139
31
2
68
122
92
15
-22
40
85
33
-20
4
28
16
21
55
44
-7
-17
36
110
104
22
-35
3
64
54
17
-5
-30
-42
-29
-34
-77
-115
-121
-129
-146
-156
-192
-239
-241
-188
-175
-256
-320
-277
-219
-244
-288
-252
-210
-283
-361
-320
-259
-287
-354
-297
-68
75
-85
-318
-160
317
512
263
45
177
425
543
596
635
541
323
239
493
803
701
265
48
210
399
389
279
129
-63
-160
-54
117
106
-144
-377
-352
-163
-86
-181
-265
-301
-337
-297
-168
-121
-211
-284
-222
-124
-80
-75
-88
-67
-27
9
66
108
74
26
105
241
218
97
82
186
259
228
187
168
157
151
178
213
172
83
34
83
143
134
58
-14
-27
29
77
35
-38
-58
-36
-21
0
33
12
-45
-47
16
82
62
1
-14
6
33
41
44
19
-45
-58
-10
5
-37
-83
-109
-132
-136
-110
-119
-189
-241
-216
-204
-243
-259
-227
-230
-307
-342
-273
-200
-229
-295
-310
-298
-309
-334
-321
-268
-142
6
-11
-231
-300
56
466
441
114
4
224
471
591
613
534
330
192
340
662
755
463
110
56
230
379
381
225
-32
-235
-168
55
120
-68
-294
-362
-305
-205
-145
-179
-318
-418
-351
-203
-170
-249
-277
-208
-151
-150
-111
-43
-21
-42
-31
61
148
128
56
84
219
289
211
128
162
237
243
199
172
167
130
134
230
253
133
28
59
166
227
167
14
-68
31
168
148
9
-76
-58
0
62
88
25
-58
-95
-35
107
173
70
-86
-87
41
137
142
75
-38
-93
-24
89
97
-7
-105
-150
-109
-50
-60
-138
-199
-209
-200
-223
-236
-204
-201
-256
-313
-284
-210
-201
-253
-281
-271
-279
-318
-305
-248
-145
7
34
-154
-287
-32
391
476
201
17
156
401
541
591
551
366
188
262
567
735
492
124
37
188
328
343
245
20
-206
-191
26
132
-30
-267
-361
-290
-194
-151
-190
-294
-395
-370
-225
-149
-220
-287
-235
-157
-138
-135
-69
-9
-13
-46
10
136
174
92
60
183
286
215
103
132
237
244
178
156
176
177
146
135
158
160
88
20
38
106
101
1
-57
-15
24
-8
-64
-66
-15
-19
-80
-67
21
50
-25
-55
28
87
70
35
49
75
69
59
79
98
82
25
-18
7
38
11
-50
-75
-85
-106
-127
-125
-117
-141
-207
-245
-213
-162
-166
-204
-221
-202
-201
-205
-173
-136
-145
-198
-237
-251
-234
-202
-136
-3
83
-56
-275
-179
262
518
302
-4
34
302
491
519
480
379
224
184
371
610
539
207
4
97
252
273
207
58
-126
-192
-59
65
-30
-218
-292
-260
-224
-209
-185
-198
-291
-359
-272
-121
-126
-252
-266
-140
-64
-94
-96
-22
21
-20
-22
92
183
112
0
80
256
236
67
52
184
205
111
94
155
138
72
67
103
100
61
19
19
49
38
-8
-39
-22
-15
-31
-47
-78
-85
-45
0
-6
-34
-38
-15
9
55
78
45
25
26
51
88
101
55
9
16
33
9
-17
-15
-9
-48
-109
-116
-81
-68
-109
-153
-139
-136
-181
-190
-133
-112
-173
-230
-199
-151
-146
-160
-166
-152
-155
-183
-215
-232
-222
-215
-186
-56
59
-53
-281
-214
210
481
279
-39
-4
298
488
489
441
368
229
170
362
621
553
205
15
127
290
318
249
110
-86
-170
-29
147
90
-145
-290
-246
-125
-59
-99
-193
-257
-245
-157
-87
-106
-163
-166
-112
-72
-43
-21
-24
-38
-24
32
103
113
43
9
104
201
150
51
77
150
136
106
148
169
81
37
96
149
137
90
47
14
31
70
75
21
-26
-45
-35
-24
-25
-21
-33
-60
-73
-46
-19
-36
-52
-20
5
-22
-36
-10
1
-7
5
16
-27
-81
-52
19
28
-45
-99
-85
-55
-47
-46
-52
-100
-147
-130
-80
-82
-127
-168
-182
-176
-156
-142
-153
-183
-203
-188
-167
-157
-189
-241
-286
-278
-221
-170
-106
-50
-113
-265
-211
113
346
199
-71
-67
207
411
396
301
235
213
220
297
418
419
246
74
89
216
282
226
79
-52
-56
61
110
9
-104
-112
-90
-99
-86
-72
-100
-160
-166
-116
-83
-111
-133
-107
-69
-68
-103
-87
-23
13
-32
-57
12
73
45
4
63
135
95
34
86
166
124
49
87
177
160
83
71
111
136
137
114
68
33
68
102
81
29
-4
-6
1
12
10
-4
-35
-57
-52
-23
-4
-18
-44
-56
-45
-15
4
7
-4
-10
7
15
14
18
28
11
-11
4
14
-13
-27
-17
-30
-77
-71
-21
-48
-133
-150
-93
-75
-133
-183
-170
-143
-156
-192
-186
-154
-147
-185
-215
-193
-179
-199
-238
-252
-224
-136
-41
-70
-206
-239
-45
174
159
-31
-130
-10
210
313
216
56
31
160
267
243
166
138
144
129
113
134
161
123
46
14
53
82
38
-14
-15
8
3
-27
-66
-78
-53
-16
-23
-78
-132
-122
-49
3
-18
-93
-117
-64
-3
0
-29
-17
0
-24
-36
14
79
67
7
-11
28
65
69
53
37
26
40
76
80
41
24
51
72
56
34
38
42
42
38
41
38
35
30
28
32
44
51
49
42
40
47
55
74
82
66
50
50
57
78
92
68
31
17
30
47
44
37
11
-29
-22
4
13
2
-23
-44
-49
-30
-9
-30
-53
-40
-26
-50
-73
-53
-20
-28
-57
-69
-73
-67
-54
-39
-52
-97
-116
-97
-74
-84
-118
-136
-148
-162
-150
-128
-114
-136
-143
-131
-120
-108
-74
-42
-47
-65
-52
-6
15
10
11
12
14
29
36
36
36
38
41
51
49
35
30
47
66
60
40
34
44
63
67
54
49
55
52
45
53
69
59
30
22
35
36
20
19
18
-2
-16
-14
0
-2
-33
-45
-25
-24
-45
-50
-38
-40
-61
-52
-38
-49
-61
-62
-49
-36
-30
-31
-36
-46
-48
-16
20
22
-5
-15
10
42
44
42
54
56
37
37
59
81
78
58
38
38
67
93
87
54
43
55
73
75
84
87
66
40
46
86
92
58
40
44
43
25
25
44
40
-4
-39
-29
-2
3
-21
-49
-65
-56
-49
-51
-72
-85
-80
-71
-82
-98
-89
-69
-72
-85
-83
-73
-72
-73
-57
-51
-62
-60
-51
-48
-62
-59
-42
-30
-46
-66
-58
-38
-26
-53
-61
-41
-39
-47
-44
-27
-16
-25
-34
-28
-6
23
28
8
-4
24
54
43
26
29
45
40
26
30
47
47
19
4
20
38
29
4
-8
13
22
5
-15
-12
2
-1
-17
-24
-4
-9
-36
-47
-24
-3
-20
-47
-46
-37
-34
-30
-24
-24
-46
-61
-44
-14
-22
-41
-39
-23
-27
-32
-13
-2
-6
-27
-27
-7
13
14
5
2
18
37
36
34
46
54
43
26
35
64
76
55
34
41
53
49
34
39
51
30
0
9
35
37
13
-1
0
-2
-3
6
1
-5
-14
-13
-9
-7
-10
-11
-12
-20
-17
-10
-2
-16
-21
-18
-15
-11
-7
-5
-12
-14
-13
-5
-8
-4
1
-5
-26
-37
-11
7
-5
-36
-32
-14
-14
-21
-21
-14
-11
-10
-9
1
2
-4
6
18
21
17
21
36
32
29
30
35
39
38
29
21
21
32
36
29
17
21
29
18
2
4
18
7
-20
-23
3
17
-13
-44
-41
-16
-11
-29
-39
-24
-27
-44
-44
-22
-13
-29
-38
-31
-12
-20
-33
-22
-2
-4
-19
-15
8
11
-1
-5
3
16
12
11
8
3
3
9
15
7
-5
-6
-2
-1
-10
-11
-9
-13
-27
-31
-19
-15
-17
-29
-38
-39
-35
-31
-25
-35
-47
-44
-30
-21
-35
-36
-19
-15
-20
-23
-15
-6
-4
2
9
12
0
5
15
26
29
22
22
15
11
17
29
27
13
-1
1
5
6
7
3
-7
-20
-14
1
7
-4
-6
-8
-6
6
13
17
13
15
25
25
26
24
30
42
42
33
36
45
54
44
34
34
35
30
23
30
33
21
4
2
14
28
20
-4
-27
-20
6
15
-1
-19
-23
-20
-9
4
5
-9
-23
-23
-9
11
16
3
-9
-3
18
23
25
20
23
21
30
28
20
24
26
25
15
5
5
15
15
4
-17
-21
-14
-5
-13
-26
-34
-29
-21
-26
-24
-31
-41
-52
-44
-29
-27
-46
-61
-50
-38
-35
-50
-55
-47
-34
-35
-40
-36
-34
-25
-26
-17
-5
-1
-13
-15
-5
5
18
10
-6
-8
10
19
9
0
1
7
0
-3
2
-1
-12
-18
-13
-8
-17
-25
-25
-21
-23
-32
-35
-26
-14
-16
-19
-26
-15
-4
2
1
-2
4
1
1
3
16
19
9
-1
6
20
22
14
8
12
7
2
10
21
15
-5
-13
3
24
24
-5
-19
1
24
16
-12
-18
3
12
-5
-14
5
23
3
-19
-7
21
21
-3
0
21
27
13
4
19
27
16
-4
-7
10
22
16
0
-2
-5
-6
-6
1
-1
-14
-32
-29
-4
9
3
-13
-17
-14
-6
9
14
0
-11
-12
3
11
6
-6
-11
-5
6
4
-9
-8
-1
0
-3
-2
-1
4
1
-1
3
-5
-12
-16
-10
-1
-5
-13
-20
-20
-8
2
0
-9
-15
-14
-14
-8
8
7
-17
-39
-25
-4
1
-7
-22
-32
-30
-20
-9
1
-11
-27
-30
-15
-1
-2
-10
-20
-16
-16
-15
-17
-14
-12
-23
-40
-36
-21
-14
-25
-36
-34
-30
-31
-40
-30
-21
-15
-25
-34
-29
-14
-8
-5
-9
-16
-11
-12
-4
6
10
-2
-13
-12
5
15
3
-9
-6
-4
-8
-2
5
-4
-13
-17
-11
4
5
-8
-9
-17
-12
0
6
-5
-22
-17
-2
-3
-11
-9
1
3
-10
-11
4
19
8
-8
-5
13
24
16
9
14
15
4
4
13
21
8
-13
-14
-4
5
-1
-12
-19
-17
-17
-11
-13
-17
-30
-34
-27
-20
-17
-28
-30
-24
-9
-6
-15
-14
-3
9
12
10
4
2
8
21
24
17
8
7
14
19
23
18
10
7
4
13
23
19
7
-2
-5
0
0
2
-6
-16
-22
-32
-34
-28
-23
-29
-45
-56
-45
-34
-36
-46
-44
-43
-56
-52
-31
-17
-27
-46
-47
-30
-19
-19
-21
-18
-22
-27
-20
-11
-11
-13
-15
-19
-22
-17
-7
-14
-14
-15
-16
-21
-31
-19
-9
-13
-25
-25
-20
-14
-12
-16
-18
-24
-20
-14
-9
-8
-14
-20
-18
-17
-15
-6
-10
-13
-18
-13
2
2
-7
-18
-16
-2
13
-1
-17
-15
-1
8
-5
-17
-17
-9
-8
-2
3
-6
-14
-19
-5
12
2
-13
-16
-7
0
1
2
6
3
-1
-3
6
20
24
10
4
16
22
24
15
10
24
28
17
14
20
30
22
13
16
23
25
14
9
11
10
3
8
14
8
-6
-11
2
8
-1
-10
-9
-9
-13
-10
-6
-10
-14
-10
-2
-1
-6
-1
0
-5
-11
-7
9
13
-2
-17
-13
-4
2
3
4
-5
-14
-19
-8
4
3
-4
-13
-20
-13
-2
0
1
-5
-13
-18
-11
-1
1
-6
-17
-20
-12
3
4
-14
-16
-17
-16
-9
-5
-6
-11
-18
-24
-16
-4
-4
-22
-38
-29
-14
-15
-26
-35
-34
-36
-34
-21
-19
-26
-30
-28
-16
-9
-11
-16
-13
-6
-8
-2
-2
3
-3
-7
-1
10
8
0
-1
4
7
1
-1
4
10
7
-4
1
3
8
13
2
-2
-3
5
6
1
4
7
3
1
7
8
6
5
12
20
23
13
8
23
29
23
17
21
20
13
14
24
27
23
10
14
26
28
21
13
14
13
11
6
9
9
4
-5
-10
-3
5
-2
-12
-12
-13
-7
-9
-5
0
-9
-17
-9
1
4
-4
-6
11
18
16
14
16
23
27
33
36
33
33
34
40
39
38
33
33
38
34
32
32
32
24
16
16
15
14
2
-4
-1
1
-3
-8
-15
-14
-8
-7
-13
-23
-11
-12
-16
-16
-9
-7
-8
-12
-3
9
3
-7
-7
11
21
19
12
12
15
22
30
31
31
29
27
27
34
41
33
22
24
31
29
26
25
24
16
14
19
27
18
5
0
8
20
16
10
4
2
4
8
10
12
8
-4
-6
-3
4
6
1
-4
-7
-5
1
5
6
-4
-11
-9
0
8
-2
-7
-13
-8
-7
-7
1
5
-4
-15
-17
-3
5
-1
-7
-8
-8
-4
0
4
13
11
6
0
14
28
29
27
22
19
27
33
36
38
32
24
29
33
35
37
30
22
25
28
30
32
26
17
7
11
18
16
1
-3
-6
-8
1
0
-12
-19
-15
-13
-7
-7
-13
-8
-6
-2
-4
-3
4
0
-2
1
7
13
6
2
12
22
20
16
22
23
24
24
25
26
17
12
9
21
21
13
8
11
17
17
14
11
6
13
15
13
17
14
13
11
17
27
27
21
23
29
27
29
31
30
34
30
31
40
36
28
25
36
30
13
14
23
23
16
2
0
6
0
-6
-6
-7
-16
-22
-22
-14
-10
-18
-27
-31
-27
-19
-26
-28
-32
-23
-19
-28
-29
-23
-11
-20
-21
-14
-5
-3
-7
-5
0
0
-4
2
8
17
11
6
9
12
15
15
11
9
12
11
9
10
9
0
-4
2
5
0
-3
-2
-8
-9
-8
-7
-2
-7
-10
-5
1
-2
-3
-2
-4
-2
-6
-3
-8
-3
-8
-7
2
1
1
-4
1
5
8
2
4
3
2
5
-1
6
1
-3
-3
-2
2
-3
-8
-7
2
-1
1
-4
-4
0
0
7
9
6
5
9
14
21
20
19
21
23
30
26
26
30
34
30
24
23
23
22
17
19
11
8
8
10
9
6
2
-4
-4
-6
-12
-11
-13
-16
-16
-17
-19
-25
-23
-18
-24
-22
-20
-15
-11
-13
-8
-5
-5
-8
-5
7
5
1
2
5
12
12
9
11
9
14
15
12
12
14
11
8
4
9
10
-2
-5
-10
-5
-8
-14
-18
-23
-23
-28
-29
-27
-27
-32
-37
-36
-31
-36
-33
-23
-23
-24
-27
-30
-27
-19
-20
-21
-19
-13
-13
-15
-10
-14
-10
-5
-8
-4
-4
-3
-6
-5
0
1
-4
-5
-6
-3
-9
-10
-11
-11
-7
-4
-8
-12
-13
-12
-8
-6
-4
-6
-1
2
3
4
11
8
8
11
16
17
17
17
20
23
22
26
27
24
23
24
19
15
15
23
21
12
13
11
9
6
3
3
-1
-9
-9
-4
-5
-8
-13
-11
-10
-12
-14
-13
-12
-13
-13
-10
-6
-8
-7
-7
-2
-5
4
0
-2
2
6
3
5
10
9
10
8
9
11
13
10
10
12
16
11
16
16
11
10
9
14
12
10
6
11
5
2
1
8
9
-4
-5
-3
5
4
-2
-4
-3
-7
-4
-1
2
-7
-6
2
0
4
4
-1
-4
-2
-1
6
6
1
-1
-2
-1
-5
2
1
-8
-8
-8
-6
1
-8
-7
-11
-11
-9
-7
-5
-10
-11
-13
-9
-11
-12
-11
-11
-7
-4
-5
-3
-3
1
8
10
9
10
10
10
11
16
22
15
11
11
11
13
14
14
10
4
0
3
3
-1
0
2
1
-2
-2
-3
-4
-6
-5
-7
-6
-8
-11
-11
-15
-12
-11
-15
-17
-10
-6
-7
-11
-12
-10
-5
-2
-6
1
0
-5
-1
2
2
6
-4
0
3
1
2
1
-1
2
4
1
2
3
6
1
2
5
7
5
3
-1
-1
2
0
-1
-3
1
-1
-1
2
2
3
2
11
6
5
5
11
10
19
13
-2
6
14
28
15
7
7
10
19
22
11
9
13
18
16
9
10
13
7
7
2
4
8
0
2
1
2
0
3
3
-1
-2
4
3
0
0
-2
1
1
5
3
3
5
4
5
4
4
7
12
12
9
9
12
9
11
11
12
19
16
13
11
8
11
12
13
6
-3
0
1
5
3
-4
-11
-9
-3
-4
-6
-6
-12
-10
-10
-6
-7
-11
-18
-19
-13
-15
-22
-21
-16
-19
-15
-21
-27
-22
-24
-25
-23
-19
-20
-23
-27
-22
-20
-17
-20
-26
-23
-16
-17
-17
-12
-15
-11
-7
-5
1
2
-1
-1
2
2
2
3
3
5
7
14
12
10
9
8
13
5
5
3
7
6
1
4
3
4
5
0
1
0
0
6
6
0
-4
-2
-5
-3
-11
-7
-6
-9
-10
-11
-9
-9
-7
-13
-15
-15
-14
-10
-8
-9
-12
-10
-1
2
5
21
78
99
12
-62
-26
43
45
7
-39
14
91
40
-40
-56
6
57
39
-20
-55
-19
32
39
-7
-26
4
29
14
-25
-39
-8
26
30
-3
-8
20
62
57
-9
-43
-26
-6
5
-21
-77
-83
-45
-32
-53
-49
7
60
40
-36
-82
-34
-7
-26
-32
-46
-35
-43
-74
-99
-75
-30
-28
-43
-37
-29
-41
-59
-59
-12
27
25
-14
-41
3
33
-8
-37
-1
32
9
-20
-6
1
-3
-11
18
28
21
-9
-35
-8
-6
31
22
-16
-14
-13
-37
-30
9
-9
-29
-23
-2
-28
-20
0
-46
-40
32
35
-31
-46
-9
-1
-12
2
16
10
-22
-25
-4
6
-6
-4
-1
14
4
-7
-18
-16
4
23
28
25
4
-26
-15
-16
10
19
9
13
-5
-17
-22
13
22
5
30
48
28
-5
-18
11
31
18
21
36
7
-27
1
39
24
7
17
17
22
22
2
-19
21
56
33
5
14
8
-2
-6
4
6
-3
-1
-6
-21
-27
-3
-17
-23
-15
5
9
-7
-24
-31
-5
11
10
-2
-5
-5
-7
-7
2
5
5
5
-6
0
4
6
6
7
14
17
13
17
16
5
10
27
32
-4
-9
12
16
4
7
12
6
1
8
18
7
6
0
11
9
-4
4
4
-4
-10
-8
1
-6
-17
-22
-7
-8
-21
-18
-17
-23
-19
2
-4
-24
-29
-17
-16
-10
-6
-15
-27
-29
-11
-3
-8
-10
-14
-10
-6
4
4
-8
-1
1
-1
10
12
4
-6
8
22
14
8
1
1
7
11
16
16
15
7
15
19
18
18
11
11
13
12
11
6
-4
-5
5
13
12
-4
-14
-13
3
8
-10
-26
-17
-13
-15
-14
-18
-20
-18
-10
-5
-9
-14
-15
-9
-10
-9
2
0
0
-6
-4
1
5
11
13
10
13
8
7
11
8
10
13
21
18
19
8
10
19
29
24
19
20
19
17
17
18
13
19
22
25
15
11
15
14
12
9
16
15
8
4
2
0
4
3
-1
-5
-6
1
4
3
3
3
5
6
12
8
4
8
13
12
3
3
7
4
3
1
2
8
9
6
-6
-6
9
15
5
-3
-2
7
4
1
0
6
10
11
11
6
8
5
3
3
2
8
7
12
4
-3
-1
4
7
3
5
2
2
-3
-6
-3
8
9
0
-7
-12
-8
-9
-13
-12
-8
-8
-16
-16
-16
-14
-10
-4
-3
-6
-7
-3
-6
-14
-11
-13
-10
-3
-2
-14
-14
-8
-8
-7
-5
1
1
-3
-13
-12
-11
-5
-4
-9
-11
-4
-2
-9
-6
-3
8
3
-4
-6
-2
0
2
7
7
4
8
9
4
6
8
11
15
13
14
17
10
6
14
26
22
17
17
24
23
16
20
21
25
21
19
19
20
14
5
10
16
17
11
11
13
9
10
10
10
12
8
6
2
5
7
9
3
9
11
9
7
3
4
7
12
3
-4
-2
4
-1
-3
-3
10
9
9
4
-2
0
1
4
12
9
2
2
5
4
2
-1
3
4
0
-8
-10
1
-3
-7
-17
-11
-6
-6
-16
-19
-15
-12
-9
-17
-20
-9
-8
-14
-17
-12
-3
-5
-9
-14
-10
-6
-10
-12
-14
-12
-7
-11
-10
-11
-9
-12
-9
-6
-8
-16
-13
-17
-18
-12
-17
-14
-16
-11
-16
-18
-15
-11
-6
-11
-14
-9
0
0
-7
-5
1
-2
-8
-7
-5
-2
-2
0
-2
-2
-7
-4
-3
0
5
-3
-2
-6
1
0
-5
-8
-8
-3
-2
-2
-5
-3
-2
-4
-4
7
11
4
2
10
9
7
11
12
20
22
22
26
30
30
25
24
26
29
28
26
25
24
33
33
27
26
27
30
26
23
22
16
14
17
17
17
12
9
5
9
8
2
-1
1
6
4
-1
3
3
9
3
1
8
5
7
4
4
7
10
11
10
11
11
16
14
18
21
11
13
22
25
21
14
14
25
29
22
11
13
18
12
7
6
10
14
11
8
1
3
11
8
2
5
8
8
5
3
-5
-3
3
0
-2
-6
-2
5
-4
-8
-6
-4
1
-3
0
3
-2
-4
-1
0
-3
-6
-10
-7
-7
-4
-6
-6
-2
-3
-6
-3
-1
1
-2
-6
0
4
6
-1
-1
3
2
1
0
2
2
-1
8
4
7
7
8
16
13
11
8
8
12
15
7
5
3
5
0
-2
-1
-3
-1
2
6
5
7
3
1
3
7
8
5
-1
3
10
9
15
12
16
16
16
19
22
19
22
29
26
24
24
27
27
23
21
21
22
19
16
18
21
18
14
13
16
12
10
10
11
11
12
8
9
11
6
4
1
5
12
8
2
3
3
3
-2
0
4
6
4
3
3
5
6
5
3
2
5
7
2
1
7
3
6
8
7
9
10
8
7
-1
4
8
5
4
4
8
6
5
7
5
1
1
2
-4
-7
-6
-4
-6
-7
-9
-9
-6
-13
-10
-8
-11
-5
-3
-6
-2
1
0
-5
0
4
4
2
-5
-8
-3
1
-3
-8
-5
0
-5
-12
-27
-8
20
6
-32
-27
0
6
4
-10
-20
-7
5
-6
-12
0
10
2
-3
-8
-1
15
12
1
2
6
12
15
7
3
15
16
5
3
2
8
9
3
2
-1
2
2
6
2
7
16
15
10
4
13
23
17
4
14
21
19
12
17
27
20
19
19
22
29
30
26
21
29
32
29
26
27
27
30
31
26
29
19
17
19
17
20
23
17
17
18
12
19
21
23
21
17
17
14
10
11
11
12
14
12
12
15
16
12
12
11
16
16
15
11
11
11
13
11
11
11
18
19
11
12
14
12
13
13
6
4
5
3
-2
-2
-4
-4
-2
-8
-15
-10
-13
-13
-10
-12
-10
-18
-16
-11
-11
-8
-5
2
-2
-9
-9
-10
-10
-5
-6
-8
-14
-15
-9
-11
-13
-11
-10
-10
-8
-10
-12
-11
-9
-9
-11
-13
-10
-7
-13
-14
-14
-13
-11
-8
-9
-16
-14
-13
-13
-15
-14
-11
-8
-9
-12
-12
-8
-1
-3
-3
-5
-5
-3
-9
-10
-10
-8
-4
-6
-9
-9
-8
1
3
-2
5
2
3
4
6
11
12
10
5
4
7
9
4
10
6
9
5
6
11
10
9
8
12
18
23
25
24
21
23
23
24
24
31
31
26
24
23
23
27
28
30
29
30
27
22
30
30
21
21
19
21
22
21
15
17
19
18
16
16
16
15
16
9
11
11
11
14
14
9
7
9
15
16
13
12
13
12
11
12
10
7
6
2
1
7
10
5
8
7
6
-2
-3
-1
-10
-9
-8
-1
0
-2
-13
-1
1
1
-5
-5
1
-1
1
-3
-2
-2
0
-1
-6
-6
-2
-2
-5
0
-1
-8
-4
-4
-6
-8
-7
-6
-9
-8
-2
-4
-2
-1
-4
-1
-5
-6
-1
-3
-4
-3
-1
-1
-6
-1
-5
-6
3
0
2
-2
-8
-3
-3
-8
-6
-7
-7
-7
-7
-7
2
6
3
0
-2
3
7
2
-2
-1
4
7
4
2
7
8
7
10
11
17
14
17
20
17
13
13
21
25
24
21
19
24
25
22
25
27
27
31
28
31
27
30
32
26
27
27
30
26
23
22
18
21
21
16
18
16
18
22
16
13
17
20
17
16
14
13
18
17
15
15
14
14
15
15
8
8
13
6
5
8
7
8
9
7
3
3
0
2
5
6
9
8
12
13
12
11
10
10
8
7
9
5
5
7
-1
-1
1
1
2
4
4
3
4
6
-1
-1
2
0
-1
-3
-6
-3
-9
-7
1
-5
-8
-7
-9
-7
-8
-12
-11
-9
-6
-10
-11
-6
-4
-8
-6
-10
-4
-5
-6
-3
-5
-8
-6
-5
-9
-8
-3
-4
-4
-4
-8
-7
0
-2
0
-4
-3
-3
-8
-6
-7
-5
-2
0
3
0
-2
-3
-2
-3
-2
0
-3
6
5
5
4
1
3
4
3
2
4
8
6
1
9
8
10
13
12
12
14
18
19
21
20
19
23
23
20
18
23
21
21
27
30
25
29
30
30
34
33
28
26
24
28
29
27
28
28
24
28
30
27
28
31
33
27
33
32
27
26
28
25
23
22
22
20
18
20
20
24
21
20
16
14
13
16
12
14
14
11
14
6
5
5
3
1
-2
-3
-3
-2
-1
-3
-1
-1
1
3
-2
3
0
-1
7
7
2
3
2
1
1
2
6
3
6
3
2
4
4
2
-1
2
0
2
5
1
-6
-2
1
-2
-1
-1
-5
-5
-6
-7
-11
-11
-8
-10
-9
-9
-11
-10
-9
-10
-5
-6
0
-4
-4
0
-1
2
0
-2
0
0
0
-1
-1
-2
-2
-3
2
0
1
5
3
6
4
3
5
8
5
5
11
11
12
9
5
8
11
16
17
19
19
18
20
20
23
17
20
21
22
19
17
21
23
26
26
26
25
25
23
23
27
26
27
31
24
27
28
29
28
29
28
27
25
27
23
22
23
20
18
13
23
21
17
16
15
13
18
17
15
22
22
21
22
28
29
30
26
21
19
22
22
24
23
25
25
20
18
19
16
12
14
13
12
7
5
-1
3
6
2
5
4
4
1
2
2
-2
-2
-5
-6
-7
-3
-9
-8
-10
-11
-12
-10
-11
-7
-9
-12
-8
-6
-10
-14
-12
-10
-9
-10
-14
-20
-18
-16
-17
-18
-16
-17
-23
-19
-22
-19
-18
-19
-17
-13
-15
-14
-13
-17
-16
-12
-13
-12
-9
-12
-10
-6
-9
-11
-8
-8
-6
-7
-4
-3
-3
-2
2
1
0
-1
4
3
3
2
1
6
9
7
5
5
8
10
10
13
12
7
8
13
12
10
9
10
11
14
15
12
14
16
11
11
15
12
15
9
10
13
15
16
12
18
13
19
23
21
28
24
23
24
25
29
27
23
24
27
29
27
26
26
28
30
24
24
22
22
22
19
20
24
25
27
29
28
27
26
25
21
23
26
19
21
24
18
15
18
20
18
20
20
17
20
21
19
17
19
18
22
19
20
18
15
16
7
9
8
6
9
7
8
7
5
8
9
5
5
3
2
3
4
1
0
-4
-2
-3
-7
-10
-8
-9
-13
-12
-11
-9
-4
-8
-11
-10
-9
-7
-9
-13
-11
-8
-11
-8
-10
-9
-11
-12
-18
-14
-17
-17
-12
-15
-14
-15
-16
-13
-11
-7
-3
-6
-6
-8
-4
-6
-8
-9
-10
-12
-12
-12
-19
-15
-12
-16
-16
-13
-11
-17
-12
-11
-12
-10
-14
-11
-15
-11
-13
-15
-13
-9
-9
-7
-8
-9
-3
-4
0
-1
-1
1
-2
0
-2
0
-4
0
1
-5
-7
-1
1
3
8
13
15
10
13
13
12
15
18
14
16
14
17
17
21
22
23
24
22
24
22
21
22
21
26
25
20
23
23
24
21
23
22
24
24
22
21
21
22
18
18
20
22
19
17
18
17
14
14
12
12
14
11
12
11
16
10
8
14
12
9
10
8
7
10
9
10
8
6
9
10
15
12
14
13
10
16
10
9
5
7
4
8
7
1
5
5
2
3
2
-1
1
-7
-7
-12
-9
-8
-11
-9
-12
-7
-12
-10
-9
-7
-7
-6
-7
-7
-5
-6
-3
-6
-6
-7
-6
-5
-3
-1
-8
-3
0
-2
-7
-4
-3
-8
-6
-8
-4
-4
-9
-4
-5
-3
-2
-1
0
-2
0
1
6
4
5
6
8
8
9
9
7
9
7
5
7
10
8
5
2
9
7
9
11
11
17
12
