-8
-14
-5
-5
-7
-3
-2
2
-1
-9
-2
-7
-12
-1
-5
-4
-2
-1
-3
-4
-5
0
6
-7
-1
4
-4
8
8
3
4
10
7
6
14
19
10
11
20
11
9
14
10
10
14
11
10
15
6
9
14
9
9
8
8
8
6
7
3
3
17
13
10
12
13
14
6
9
7
3
9
6
7
3
-3
-2
6
2
-1
3
1
-2
-2
0
-8
3
4
1
2
1
4
3
4
3
12
9
0
1
1
1
-2
-4
-5
-2
-4
-1
1
-1
2
0
-6
3
2
-4
6
-5
-16
-3
6
-14
-12
-6
-13
-9
-10
-16
-15
-20
-12
-9
-20
-22
-17
-16
-19
-10
-12
-13
-13
-5
-8
-12
-3
-11
-13
-1
-5
-7
0
-9
-3
7
-10
-5
-3
-6
2
2
-8
-3
3
-2
1
3
-5
-5
6
-4
-13
-8
-10
-11
-2
-4
-9
-3
-4
-7
-4
-3
-4
-11
2
3
-7
4
5
-3
1
4
-4
2
7
4
6
5
3
8
9
1
5
15
7
3
10
3
0
8
7
13
21
11
14
17
15
11
25
20
20
20
5
19
14
14
18
10
7
22
13
9
21
15
10
22
18
11
14
8
10
15
15
15
17
10
9
6
1
4
-2
-5
5
5
-1
3
4
3
2
7
4
1
2
-1
8
6
6
10
10
0
9
6
-3
4
5
-4
-5
0
2
-3
0
4
4
9
3
-2
6
2
4
3
-7
3
5
-5
0
5
-2
1
0
-5
-10
-4
3
-9
-1
0
-11
-8
-5
-10
-18
-20
-22
-19
-25
-20
-9
-20
-23
-6
-12
-17
-4
-12
-18
-1
-8
-16
-9
-14
-17
-9
-14
-12
-9
-16
-11
-10
-11
-6
-10
-13
-8
-5
-10
-15
-8
-11
-16
-8
-8
-9
5
-4
-9
-1
-8
-8
-8
-11
-8
-6
-1
-3
-5
-1
-1
-4
4
-2
-4
4
1
-2
8
1
-5
2
8
1
-1
6
0
1
7
-9
-8
1
-7
-2
2
-4
-3
-4
6
3
3
1
8
9
-1
3
12
8
6
7
1
6
5
5
4
1
-5
2
5
-5
6
5
-6
8
8
-9
10
10
-8
6
-6
-14
-1
-4
-1
2
-15
-5
-1
-12
-6
-1
-13
-10
6
-9
-9
10
-3
-9
4
-13
-8
1
-16
-13
-5
-23
-11
-6
-24
-16
-11
-19
-11
-7
-14
-13
-3
-7
-7
-2
-8
3
-6
-14
2
1
-17
-1
-5
-27
-8
-12
-26
-23
-20
-19
-22
-22
-13
-21
-21
-19
-14
-25
-22
-17
-25
-8
-25
-33
-11
-17
-26
-11
-8
-24
-20
-16
-24
-10
-7
-19
-9
-15
-7
-2
-17
-11
-5
-23
-8
-3
-19
-7
-10
-17
-9
-5
-13
-4
1
-12
-13
0
-4
-8
-7
-7
-8
-13
-5
-1
-2
-3
-3
-1
-5
-7
1
7
0
-1
4
4
-2
1
12
-1
4
17
13
8
13
1
-1
8
10
12
8
8
14
8
15
22
9
9
24
-6
-5
10
0
4
11
0
14
10
-2
14
9
6
6
4
-1
6
4
4
10
1
11
12
11
6
16
17
-6
3
9
-11
6
7
-6
2
8
-1
-2
6
-12
-1
3
-8
-1
-1
-4
7
-17
-2
8
-6
4
-1
-8
4
1
-11
1
-5
-4
-2
-3
1
-19
-23
2
-11
-19
3
-12
-20
-4
-17
-17
-9
-30
-15
-7
-33
-17
-2
-24
-17
-8
-28
-16
-5
-28
-17
-9
-32
-10
-17
-21
-21
-21
-14
-1
-10
-29
0
-6
-23
-9
-8
-27
-11
-11
-25
-11
-8
-26
-20
-12
-17
-20
-20
-14
-11
-13
-21
-13
-9
-16
-13
-12
-13
-15
-2
-16
-10
-5
-15
0
-15
-18
-14
-13
-9
-13
-19
-12
-14
-13
-11
-12
-4
-2
-8
-11
0
-15
-16
-8
-18
-16
-1
-8
-14
3
-2
-10
5
0
3
14
-1
-3
12
0
-4
-9
-4
10
4
6
9
0
-1
10
3
-7
-2
0
-3
-7
-13
0
8
-21
-11
8
-23
-7
6
-24
-2
0
-31
-11
1
-11
-14
-7
-7
0
-12
-8
-15
-19
-4
-16
-21
-13
-17
-26
3
-8
-22
10
-13
-32
-1
-19
-34
3
-20
-28
6
-16
-29
3
-14
-24
5
-16
-19
6
-9
-20
-16
-22
-21
-4
-25
-31
-13
-7
-29
-13
0
-36
-12
-14
-37
-25
-16
-21
-33
-32
-27
-17
-33
-28
-20
-26
-18
-34
-36
-11
-35
-49
-25
-34
-31
-20
-33
-23
-17
-40
-26
-6
-41
-21
-16
-39
-14
-20
-36
-15
-19
-34
-22
-25
-34
-14
-22
-28
-12
-18
-15
-12
-16
-15
-4
-13
-11
1
-22
-10
-5
-15
-14
-12
-12
-9
-20
-20
-19
-2
-13
-32
-9
-5
-23
-15
3
-25
-4
-5
-18
2
-12
-16
2
-11
-4
-2
-11
9
1
-15
5
13
-1
8
3
6
4
7
2
-8
-3
9
-11
-4
6
-5
4
12
1
2
10
11
6
3
-12
5
2
0
21
-6
-16
0
-11
-7
16
-2
-21
-5
-8
-1
4
-6
-1
4
0
-7
10
5
-1
3
11
8
0
-18
-3
-17
-32
-12
-17
-39
-14
-8
-30
-12
-2
-14
-24
6
0
-21
2
4
-7
7
-3
-24
-5
-9
-7
16
-24
-27
19
-20
-18
8
-41
-28
5
-22
-3
10
-20
-7
-16
-20
-15
-10
-9
-12
-10
-8
-18
-12
-3
-25
-14
-6
-21
-10
-16
-22
-16
-27
-18
-1
-26
-24
-7
-43
-11
1
-26
3
-5
-20
2
-7
-3
2
-7
-4
-9
-28
-13
-11
-26
-14
-25
-19
-31
-10
3
-37
-7
11
-10
4
19
-20
-15
16
0
-15
-5
6
2
-9
-2
12
7
-1
12
3
-9
20
0
-4
15
-11
11
26
1
25
-3
-5
28
6
-20
-14
10
1
-22
11
12
-24
15
14
-23
6
20
-10
5
3
-1
8
4
7
20
2
-7
21
31
6
-8
10
10
-13
3
6
-14
9
3
2
11
9
-3
7
9
-5
7
-3
7
26
9
-14
9
10
25
20
-34
9
31
-14
-17
21
-7
-8
17
-3
-8
-1
-12
-10
17
-1
-21
16
21
-23
3
14
-18
18
0
-14
21
-2
-17
-3
0
-16
4
-9
-4
4
-7
11
12
-21
3
22
-24
0
11
-15
-4
6
-26
1
-4
-18
8
-3
3
-3
-20
6
-5
-20
20
4
-10
16
-7
-11
20
3
-4
16
7
7
9
-2
5
5
3
6
-4
-5
-9
-12
-25
-5
3
-10
-3
0
-1
10
5
-5
15
-1
0
7
-1
10
10
1
2
27
6
-7
14
9
27
23
-15
7
20
0
12
3
-16
2
-4
12
9
-7
1
6
14
15
13
14
27
3
15
14
5
23
15
-2
28
11
-5
27
9
8
21
2
-1
22
7
6
10
-2
5
24
15
6
19
11
17
24
24
11
10
28
18
-2
8
5
6
13
10
3
3
-2
2
15
16
12
16
1
13
46
20
9
21
23
22
11
13
25
-1
5
32
20
6
26
14
57
114
-5
-26
75
9
-11
36
-3
1
12
7
15
7
12
22
27
20
9
9
15
11
7
8
16
27
1
10
35
21
19
22
11
22
19
9
5
-2
-5
18
9
8
10
12
9
1
16
23
11
7
15
71
101
43
24
16
2
27
-8
-33
-2
-19
-15
5
-6
2
0
-7
17
2
-3
22
9
3
12
0
14
15
11
16
27
36
26
21
33
27
15
9
3
3
4
20
5
-4
25
15
-4
24
12
-2
18
9
22
13
-13
18
9
-4
16
21
2
5
24
29
27
15
25
20
8
27
34
12
17
12
12
17
8
23
15
18
34
31
12
20
0
14
27
2
8
10
0
32
15
4
26
0
5
29
21
3
17
19
17
17
28
12
12
27
16
7
11
28
21
20
14
26
34
11
11
26
19
15
18
9
13
19
17
17
14
5
16
34
17
34
33
17
32
31
23
22
34
37
26
20
32
27
24
12
13
18
8
20
14
8
19
13
19
17
15
24
22
-1
27
19
0
25
12
6
14
26
23
26
20
7
0
10
-2
14
30
-7
2
25
17
15
17
25
25
19
28
18
19
28
24
44
33
19
19
31
37
23
20
23
28
19
22
15
18
18
9
87
25
3
66
9
-3
28
-3
11
13
-11
14
-1
-2
0
1
4
-16
13
9
-5
9
16
12
19
8
9
33
13
21
30
27
27
33
41
27
20
22
22
21
19
23
6
15
8
-2
2
6
0
9
23
18
11
23
21
24
22
14
21
13
18
29
24
30
31
22
24
27
7
23
16
8
22
14
14
15
16
22
18
26
22
16
38
22
19
33
17
20
20
27
15
13
30
24
22
11
21
14
13
9
14
17
7
11
8
14
4
16
21
8
9
13
7
0
18
8
12
2
5
14
5
3
8
11
-2
3
15
8
15
19
19
25
23
17
24
19
16
21
13
16
27
18
14
17
16
14
6
11
12
3
4
19
9
8
20
21
20
23
29
19
21
21
15
18
21
17
14
22
14
25
29
18
20
16
19
18
20
16
19
19
15
27
18
15
20
22
21
21
33
24
24
29
19
15
15
12
9
4
9
-1
-10
-9
-12
-16
-16
-26
-15
-25
-24
-9
-22
-25
-28
-21
-31
-31
-24
-27
-33
-32
-35
-33
-34
-42
-39
-40
-39
-43
-40
-42
-42
-41
-49
-47
-50
-50
-49
-49
-42
-48
-49
-51
-58
-62
-69
-66
-62
-60
-45
-24
6
26
47
87
129
164
193
223
243
263
265
259
247
229
196
158
129
100
65
25
6
-7
-17
-26
-39
-29
-22
-21
-13
-5
6
13
16
19
25
33
32
42
59
78
103
122
148
174
188
209
227
229
225
207
183
157
122
90
43
21
-7
-43
-62
-78
-70
-70
-70
-60
-39
-28
-23
-15
-12
-6
-13
-19
-21
-26
-38
-48
-60
-64
-75
-81
-89
-93
-88
-100
-100
-98
-109
-116
-120
-128
-137
-152
-163
-182
-189
-209
-238
-264
-274
-284
-298
-297
-277
-216
-167
-139
-78
23
123
180
241
337
403
435
457
475
481
439
366
323
275
196
102
25
-18
-65
-117
-148
-156
-161
-170
-164
-143
-109
-95
-99
-87
-64
-49
-47
-45
-41
-25
-20
-10
11
46
61
77
101
139
169
170
173
188
189
162
137
120
95
51
11
-2
-3
-29
-54
-51
-29
-8
0
15
39
69
76
72
89
92
70
47
37
37
20
-5
-16
-12
-2
4
6
23
42
47
51
61
71
62
49
31
15
11
-26
-59
-74
-91
-116
-140
-145
-146
-157
-172
-171
-162
-160
-179
-183
-179
-182
-195
-224
-244
-271
-296
-322
-336
-334
-324
-292
-233
-175
-113
-18
94
201
294
391
486
557
596
626
636
609
543
469
402
309
201
101
15
-56
-126
-178
-208
-217
-228
-226
-204
-175
-155
-140
-122
-103
-87
-75
-68
-66
-57
-49
-37
-13
15
46
66
104
152
192
219
238
258
260
248
227
206
162
104
39
-15
-54
-111
-149
-175
-195
-195
-177
-153
-115
-71
-36
3
57
99
114
130
138
133
131
118
90
74
55
29
21
17
21
20
22
36
49
51
46
33
19
3
-25
-69
-95
-134
-174
-208
-231
-247
-266
-277
-272
-257
-248
-241
-225
-212
-206
-198
-193
-209
-235
-256
-271
-295
-315
-300
-255
-208
-182
-122
7
133
220
310
439
550
616
656
700
724
661
577
509
438
316
167
56
-33
-132
-224
-275
-300
-320
-330
-304
-245
-189
-158
-123
-74
-29
7
19
19
24
27
16
11
26
49
57
59
97
156
190
206
238
281
292
278
271
264
223
145
78
32
-31
-120
-208
-243
-276
-306
-313
-291
-228
-184
-140
-52
49
121
176
229
280
319
324
303
284
257
198
131
94
56
1
-53
-73
-74
-81
-87
-96
-83
-72
-71
-86
-88
-97
-131
-156
-179
-202
-228
-266
-287
-288
-287
-291
-296
-276
-256
-246
-237
-226
-234
-258
-279
-295
-320
-343
-331
-291
-260
-234
-169
-40
81
164
267
406
531
603
664
720
739
682
600
542
457
307
148
21
-87
-205
-308
-373
-405
-438
-443
-404
-338
-271
-218
-154
-84
-9
43
71
92
109
111
93
88
97
91
72
65
97
135
148
162
199
243
251
246
258
255
214
147
99
56
-15
-108
-191
-241
-288
-333
-360
-350
-324
-283
-225
-143
-43
47
114
205
293
349
378
387
396
375
339
291
227
173
105
34
-9
-43
-83
-114
-126
-126
-123
-123
-124
-122
-111
-114
-128
-134
-145
-168
-183
-201
-212
-213
-230
-232
-222
-207
-201
-202
-185
-171
-192
-220
-229
-253
-289
-327
-325
-284
-252
-245
-204
-92
30
120
213
351
487
564
619
698
740
697
612
551
491
366
199
59
-46
-167
-293
-364
-397
-432
-468
-449
-374
-303
-253
-193
-113
-33
21
66
107
132
137
123
123
129
121
97
77
89
121
133
135
163
194
205
200
217
228
194
129
81
48
-11
-101
-175
-225
-286
-341
-368
-371
-356
-333
-293
-204
-111
-36
43
134
228
299
338
374
397
390
361
317
280
214
137
70
18
-25
-77
-123
-144
-145
-154
-158
-157
-137
-133
-144
-135
-126
-127
-138
-157
-155
-145
-155
-168
-173
-163
-165
-172
-164
-157
-160
-177
-198
-222
-254
-296
-336
-361
-363
-331
-297
-275
-219
-109
19
124
221
363
493
566
629
702
745
699
610
552
493
368
199
72
-20
-146
-262
-317
-343
-389
-417
-391
-319
-250
-204
-140
-62
7
58
102
144
160
150
144
139
145
146
120
106
115
145
175
183
206
240
254
255
260
260
226
153
98
47
-18
-109
-192
-254
-311
-364
-391
-392
-382
-359
-301
-215
-137
-48
29
113
205
267
308
343
359
351
323
300
254
194
132
66
14
-33
-85
-125
-141
-149
-167
-176
-169
-163
-165
-166
-162
-154
-160
-171
-172
-165
-163
-166
-170
-162
-153
-157
-150
-150
-156
-165
-182
-203
-237
-276
-313
-349
-388
-417
-421
-371
-316
-296
-243
-112
33
142
242
378
509
579
630
695
730
675
575
508
445
315
144
19
-69
-174
-279
-325
-330
-358
-370
-328
-250
-179
-128
-75
-4
55
95
131
150
155
141
122
111
117
121
106
91
113
152
182
196
221
257
265
252
251
251
204
119
49
4
-67
-164
-241
-294
-344
-394
-411
-395
-370
-350
-310
-227
-111
-36
10
105
209
278
314
363
403
408
399
375
356
318
243
171
136
91
22
-42
-84
-112
-147
-168
-181
-189
-190
-199
-188
-158
-144
-145
-140
-108
-87
-89
-91
-82
-77
-88
-105
-111
-120
-157
-198
-222
-227
-257
-308
-352
-365
-377
-402
-407
-386
-322
-255
-222
-161
-35
102
185
250
373
492
539
559
598
629
580
478
420
389
288
131
24
-26
-100
-206
-252
-242
-256
-289
-272
-198
-136
-128
-103
-36
15
32
42
73
88
77
67
75
95
100
83
85
120
147
155
166
183
211
206
187
180
170
126
46
-12
-42
-103
-195
-257
-285
-314
-357
-373
-347
-325
-322
-287
-219
-127
-54
-20
63
178
250
290
348
412
433
431
435
428
410
348
257
211
169
74
-12
-74
-114
-160
-213
-226
-233
-234
-230
-222
-175
-133
-122
-110
-73
-35
-33
-45
-42
-40
-60
-92
-122
-135
-153
-198
-232
-233
-250
-286
-302
-314
-335
-363
-381
-391
-396
-365
-321
-280
-242
-184
-73
41
122
214
335
440
504
560
631
664
618
564
540
492
382
261
180
96
-13
-104
-148
-181
-240
-280
-266
-226
-209
-185
-143
-101
-67
-34
2
23
29
34
39
48
59
61
63
64
72
107
129
133
154
177
180
170
175
171
126
67
27
-22
-86
-156
-220
-269
-317
-363
-379
-370
-354
-333
-273
-186
-111
-34
48
139
232
299
343
389
415
406
382
360
319
253
190
134
82
25
-25
-64
-84
-102
-119
-123
-124
-129
-133
-129
-124
-122
-134
-145
-154
-157
-165
-180
-192
-195
-203
-207
-201
-201
-198
-201
-198
-195
-197
-199
-216
-244
-272
-300
-334
-376
-397
-392
-350
-309
-284
-223
-106
29
126
225
377
507
575
642
719
763
722
642
600
555
435
283
173
88
-33
-151
-199
-222
-278
-319
-295
-241
-208
-191
-149
-90
-48
-26
1
25
32
25
26
32
45
50
46
47
71
109
138
153
172
202
209
198
198
189
139
65
6
-35
-108
-194
-259
-304
-344
-375
-375
-354
-327
-293
-248
-165
-76
-15
39
115
207
259
285
323
356
360
351
352
342
324
276
237
209
184
126
67
28
-4
-49
-99
-131
-164
-207
-239
-261
-268
-269
-293
-291
-266
-247
-243
-229
-199
-174
-159
-149
-127
-113
-121
-138
-147
-144
-172
-212
-232
-273
-315
-352
-388
-409
-433
-414
-350
-300
-262
-195
-64
72
163
258
395
513
569
622
690
713
651
577
543
491
371
229
137
65
-42
-135
-180
-204
-254
-297
-280
-236
-210
-200
-174
-131
-90
-63
-48
-24
-9
-9
-6
8
38
49
46
46
77
128
136
131
152
181
177
160
157
152
99
23
-18
-49
-104
-186
-244
-273
-317
-352
-353
-339
-323
-298
-242
-145
-66
1
91
186
282
353
400
446
476
482
458
424
398
328
246
179
120
46
-30
-90
-126
-163
-196
-210
-227
-229
-243
-244
-231
-228
-226
-229
-223
-202
-199
-198
-187
-175
-162
-151
-139
-117
-109
-111
-114
-115
-122
-143
-175
-195
-238
-295
-341
-378
-411
-458
-468
-420
-359
-335
-290
-159
8
121
219
369
519
613
665
729
793
772
675
610
574
479
312
173
99
2
-122
-204
-233
-266
-317
-342
-294
-241
-223
-216
-174
-113
-86
-82
-71
-52
-51
-57
-61
-33
-8
-14
-18
18
81
113
120
150
201
217
205
195
205
170
79
14
-18
-76
-168
-251
-296
-330
-369
-383
-366
-336
-302
-248
-149
-47
31
103
186
291
369
395
428
464
471
448
409
378
318
243
175
123
80
-2
-75
-102
-127
-165
-196
-219
-227
-252
-265
-256
-249
-253
-257
-240
-216
-187
-178
-165
-140
-116
-99
-86
-71
-66
-75
-89
-106
-124
-160
-206
-230
-271
-319
-369
-415
-445
-477
-498
-473
-401
-346
-308
-223
-60
90
183
301
452
584
646
688
765
788
714
623
581
530
397
226
130
46
-75
-179
-237
-261
-312
-360
-343
-288
-257
-250
-233
-181
-132
-117
-101
-84
-71
-71
-73
-50
-23
-9
-4
13
66
123
145
150
185
222
224
201
193
183
117
35
-17
-55
-124
-226
-284
-307
-336
-367
-370
-345
-314
-279
-214
-115
-32
31
89
180
280
331
366
399
428
439
418
391
369
314
237
182
134
73
-13
-74
-120
-164
-204
-244
-273
-284
-302
-307
-295
-283
-268
-266
-232
-195
-166
-145
-130
-107
-72
-61
-66
-67
-76
-90
-120
-147
-166
-208
-260
-290
-309
-342
-398
-443
-453
-470
-506
-514
-449
-350
-315
-273
-137
52
177
257
398
576
676
713
771
850
849
740
659
634
553
369
195
117
36
-113
-230
-266
-291
-360
-404
-362
-295
-281
-292
-254
-176
-134
-136
-119
-85
-68
-73
-74
-36
5
13
-3
38
114
157
158
171
232
256
222
204
218
185
94
13
-18
-67
-166
-258
-300
-318
-356
-383
-372
-335
-300
-256
-171
-69
24
82
153
258
347
370
381
410
421
394
348
310
256
197
116
57
28
-27
-95
-134
-143
-155
-184
-200
-214
-218
-220
-226
-221
-204
-213
-223
-206
-177
-168
-174
-162
-141
-122
-124
-127
-126
-126
-143
-168
-176
-192
-230
-263
-289
-323
-371
-416
-441
-465
-484
-464
-397
-319
-265
-194
-38
134
247
350
501
641
714
757
806
838
784
676
600
543
425
250
110
25
-75
-191
-268
-300
-329
-368
-375
-331
-272
-249
-244
-210
-155
-123
-116
-108
-90
-77
-70
-56
-22
24
45
58
106
182
227
230
249
285
293
253
216
198
143
48
-33
-76
-135
-225
-295
-331
-341
-355
-361
-338
-300
-248
-180
-98
-11
74
139
208
305
369
394
409
437
443
419
394
349
289
239
173
111
66
-4
-66
-118
-148
-174
-215
-240
-266
-282
-278
-276
-269
-251
-246
-234
-207
-182
-156
-147
-131
-111
-89
-77
-81
-85
-85
-100
-128
-140
-167
-206
-240
-273
-300
-341
-397
-430
-458
-477
-497
-475
-395
-318
-277
-194
-31
144
259
352
510
658
726
761
798
834
778
655
578
518
387
203
56
-20
-128
-248
-305
-334
-363
-403
-398
-336
-290
-280
-258
-212
-165
-141
-120
-102
-89
-74
-53
-27
1
47
75
102
146
211
265
263
267
293
292
261
206
168
110
1
-78
-129
-193
-270
-341
-369
-383
-391
-372
-346
-304
-244
-166
-77
11
96
173
242
325
384
419
443
451
445
422
391
329
267
211
139
76
17
-44
-102
-161
-190
-209
-235
-259
-280
-275
-256
-257
-245
-226
-209
-191
-163
-124
-105
-88
-68
-47
-28
-26
-38
-53
-67
-96
-126
-153
-191
-240
-278
-308
-339
-385
-437
-460
-489
-495
-495
-466
-369
-291
-242
-149
23
207
309
402
569
705
759
780
828
856
772
628
561
504
362
157
32
-23
-141
-266
-314
-311
-350
-408
-384
-292
-255
-272
-248
-178
-134
-144
-131
-83
-69
-81
-61
-11
43
70
87
133
194
244
269
276
293
298
262
210
171
128
38
-84
-147
-183
-255
-338
-374
-355
-351
-356
-310
-238
-172
-116
-59
39
126
173
206
257
313
325
318
325
329
313
284
263
255
238
188
147
130
106
49
-8
-44
-81
-138
-186
-226
-253
-280
-308
-300
-285
-268
-255
-216
-162
-118
-85
-44
-13
8
20
14
3
-21
-57
-100
-132
-165
-214
-260
-284
-304
-326
-339
-352
-372
-390
-389
-396
-385
-365
-302
-210
-160
-103
19
196
319
389
512
659
740
758
782
822
787
665
562
501
400
221
61
-20
-102
-219
-295
-306
-318
-355
-362
-305
-248
-229
-227
-195
-153
-135
-114
-94
-79
-74
-51
-18
26
76
110
144
182
238
282
294
281
271
251
203
139
86
30
-67
-160
-206
-231
-278
-325
-339
-319
-302
-267
-225
-160
-99
-39
40
129
223
272
321
386
435
447
444
443
421
372
316
256
186
116
30
-42
-93
-145
-197
-232
-251
-262
-263
-249
-242
-226
-203
-182
-158
-134
-106
-94
-84
-66
-50
-49
-54
-65
-67
-66
-88
-115
-137
-154
-189
-226
-251
-264
-285
-325
-347
-361
-388
-420
-431
-426
-415
-387
-298
-193
-127
-54
91
269
398
478
593
723
788
788
787
800
732
578
459
393
297
128
-18
-80
-132
-212
-267
-268
-256
-280
-292
-260
-212
-201
-224
-224
-203
-179
-175
-170
-149
-112
-65
-13
63
149
210
248
287
345
380
358
321
287
246
167
86
31
-30
-121
-196
-221
-230
-247
-272
-270
-250
-223
-192
-162
-117
-65
-2
51
121
207
266
307
370
423
459
470
467
448
415
369
283
210
138
39
-41
-102
-145
-190
-223
-238
-245
-229
-212
-217
-197
-170
-162
-148
-136
-118
-109
-100
-90
-65
-45
-35
-39
-27
-14
-34
-52
-72
-107
-143
-183
-244
-282
-315
-353
-379
-396
-406
-424
-426
-417
-402
-359
-293
-189
-83
-28
58
226
379
469
536
640
732
741
725
720
699
614
475
383
327
223
85
-6
-61
-123
-178
-200
-213
-245
-268
-269
-261
-262
-269
-268
-265
-265
-232
-173
-135
-103
-43
45
127
189
261
323
350
354
349
358
325
250
190
126
53
-1
-56
-109
-163
-200
-206
-215
-217
-207
-197
-195
-194
-168
-133
-110
-95
-33
41
97
163
243
318
387
448
486
509
518
481
419
371
297
203
116
30
-47
-101
-151
-189
-214
-219
-224
-228
-215
-216
-205
-188
-184
-170
-141
-115
-89
-59
-20
9
35
56
60
62
49
20
-29
-78
-133
-195
-248
-307
-347
-368
-388
-388
-372
-354
-343
-345
-328
-311
-314
-311
-291
-220
-126
-79
-20
108
271
404
491
601
717
770
771
768
767
695
546
427
339
220
79
-29
-94
-165
-243
-262
-247
-263
-314
-329
-300
-305
-338
-342
-322
-313
-315
-272
-184
-104
-48
23
125
222
297
346
383
388
363
330
283
218
148
74
-5
-63
-94
-115
-144
-166
-170
-163
-160
-155
-143
-135
-146
-138
-106
-79
-55
-20
30
82
136
199
257
298
314
327
346
337
301
259
216
172
122
77
43
10
-24
-59
-77
-85
-110
-140
-161
-174
-192
-204
-211
-204
-193
-171
-139
-99
-54
-22
5
36
53
49
33
-4
-43
-91
-143
-191
-235
-273
-299
-323
-325
-314
-302
-285
-266
-241
-231
-241
-249
-256
-261
-264
-237
-146
-58
3
84
234
399
503
571
657
723
713
672
641
607
492
349
266
196
100
11
-45
-77
-142
-205
-212
-221
-284
-362
-393
-398
-419
-440
-410
-350
-297
-237
-123
16
119
184
269
345
377
383
377
349
278
202
165
127
72
24
8
-4
-33
-32
-15
-24
-62
-105
-135
-156
-190
-236
-267
-275
-275
-243
-183
-82
26
110
213
326
416
480
515
510
476
433
382
303
224
138
52
4
-42
-78
-109
-142
-170
-191
-203
-221
-246
-259
-273
-275
-239
-195
-150
-100
-41
18
75
121
135
128
106
65
15
-38
-106
-167
-223
-257
-272
-272
-261
-260
-233
-211
-191
-180
-178
-188
-231
-271
-311
-349
-379
-396
-343
-212
-93
-14
102
293
470
577
655
722
752
721
667
624
549
426
328
272
202
116
66
56
-14
-130
-182
-193
-263
-392
-477
-486
-507
-549
-520
-416
-325
-259
-140
29
155
218
290
355
356
328
331
328
257
171
160
184
157
122
143
172
133
71
61
41
-49
-164
-232
-277
-345
-376
-342
-310
-287
-219
-96
13
79
142
224
279
282
286
315
316
268
235
254
255
231
213
205
184
135
90
55
-3
-92
-161
-189
-213
-253
-254
-222
-197
-178
-132
-74
-41
-33
-19
0
3
-11
-14
-12
-23
-49
-40
-34
-48
-73
-84
-89
-118
-154
-178
-190
-213
-237
-246
-240
-233
-227
-221
-213
-219
-232
-254
-267
-284
-297
-270
-176
-57
29
107
243
413
541
616
668
701
691
649
592
530
435
331
238
155
93
47
4
-64
-147
-213
-255
-306
-375
-435
-465
-471
-458
-406
-307
-195
-95
-5
97
206
294
324
325
315
298
278
255
231
206
197
190
200
200
207
194
133
48
-22
-78
-158
-256
-343
-375
-374
-357
-312
-230
-139
-51
26
114
201
255
279
285
297
295
301
308
302
293
283
282
259
222
179
107
29
-54
-121
-171
-218
-255
-266
-247
-212
-168
-124
-81
-48
-26
-17
-4
4
-9
-26
-30
-26
-21
-15
-15
-15
-14
-21
-41
-59
-90
-130
-164
-191
-212
-229
-241
-238
-239
-241
-229
-220
-229
-255
-293
-316
-335
-354
-342
-268
-131
8
119
238
400
547
650
716
741
702
618
563
529
458
339
241
204
181
127
58
9
-64
-167
-257
-329
-415
-504
-543
-526
-494
-458
-360
-206
-70
19
107
211
276
288
299
309
283
246
252
290
304
296
308
320
305
265
216
146
33
-81
-175
-258
-341
-387
-385
-376
-361
-310
-224
-146
-84
-5
75
130
188
273
349
388
418
451
479
481
462
419
361
279
193
119
34
-48
-124
-179
-207
-225
-229
-217
-202
-178
-162
-146
-116
-85
-57
-33
-12
19
41
56
80
92
87
71
56
33
4
-26
-53
-87
-125
-147
-173
-200
-217
-239
-264
-280
-290
-301
-309
-313
-307
-309
-322
-316
-299
-285
-278
-235
-123
20
157
264
359
445
542
636
692
674
606
541
501
470
414
338
254
189
143
93
19
-83
-189
-276
-348
-410
-474
-514
-508
-463
-393
-316
-226
-131
-21
81
153
187
206
227
246
272
295
304
302
312
332
346
340
300
248
183
107
21
-73
-161
-229
-272
-298
-312
-305
-273
-218
-156
-100
-43
9
56
101
148
186
215
238
269
309
328
330
319
307
285
256
216
161
110
52
6
-39
-79
-113
-135
-143
-141
-145
-146
-133
-120
-97
-76
-54
-34
-22
-2
19
35
44
36
35
33
35
31
13
-3
-16
-31
-50
-71
-97
-131
-159
-178
-191
-206
-218
-221
-205
-181
-154
-128
-109
-83
-56
-35
-31
-33
-35
-37
-28
-18
11
57
110
167
221
275
297
299
290
260
215
169
134
98
73
66
68
70
59
42
35
12
-16
-50
-71
-83
-99
-98
-86
-56
-24
3
40
68
90
94
85
64
34
3
-24
-37
-44
-36
-17
1
13
23
26
14
-12
-44
-72
-90
-105
-104
-90
-60
-26
18
52
77
89
96
91
69
51
29
22
20
31
54
82
109
127
141
142
130
107
75
35
-2
-36
-58
-64
-63
-52
-28
-3
33
63
80
91
91
89
75
61
54
42
36
40
51
69
75
76
79
80
67
49
20
-11
-39
-67
-82
-94
-101
-104
-92
-78
-63
-48
-31
-18
-10
-3
3
11
11
12
13
22
26
33
45
59
65
60
54
38
23
1
-16
-32
-56
-77
-94
-107
-120
-127
-132
-145
-151
-153
-154
-146
-140
-119
-92
-70
-37
5
35
62
88
108
121
124
131
138
138
137
132
126
118
104
89
72
60
53
50
48
42
40
35
31
24
6
-4
-13
-18
-17
-9
5
19
37
52
64
63
62
55
41
30
19
15
15
15
18
25
32
40
34
28
8
-14
-34
-53
-62
-70
-75
-68
-46
-26
-6
14
30
38
37
28
18
9
5
0
-2
3
16
28
38
51
63
62
48
38
31
12
-7
-27
-35
-46
-50
-42
-31
-21
-7
17
37
62
78
76
71
67
48
29
10
-11
-19
-19
-9
1
17
28
30
19
-1
-14
-32
-49
-60
-73
-83
-82
-78
-89
-97
-105
-100
-99
-110
-117
-116
-111
-105
-99
-91
-80
-68
-51
-41
-25
-7
3
14
22
28
34
42
53
54
57
68
70
78
78
76
71
67
59
42
32
30
29
22
20
21
28
34
44
55
62
67
75
74
73
72
64
54
56
55
52
41
29
41
32
20
11
-6
-16
-34
-43
-51
-58
-60
-54
-39
-31
-26
-21
-10
-2
3
7
6
9
10
21
24
24
22
32
28
19
17
11
9
1
5
4
5
5
2
-4
-18
-29
-31
-23
-24
-21
-13
-1
13
19
31
37
30
34
41
43
40
39
44
47
40
40
42
39
30
13
-12
-23
-36
-48
-78
-85
-86
-87
-83
-87
-86
-77
-72
-77
-83
-85
-80
-67
-62
-53
-43
-33
-25
-20
-14
-12
-13
-24
-12
-14
-11
-8
-1
0
5
11
1
-10
-25
-34
-43
-48
-50
-41
-28
-5
13
38
55
72
82
81
79
85
90
90
88
94
97
98
97
96
96
87
77
71
67
52
52
56
55
45
30
14
12
-2
-15
-17
-26
-27
-24
-32
-36
-49
-57
-53
-36
-21
-10
3
20
42
66
90
96
82
73
82
84
67
47
36
30
30
21
5
-11
-30
-36
-33
-41
-41
-50
-57
-44
-28
-10
1
15
29
49
64
66
53
39
27
19
15
-1
-11
-24
-18
-10
-15
-26
-35
-44
-58
-65
-74
-84
-93
-99
-87
-71
-68
-76
-70
-74
-81
-77
-92
-88
-91
-90
-87
-69
-49
-37
-27
-12
3
1
3
0
-8
-15
-24
-33
-49
-60
-63
-66
-65
-63
-50
-43
-24
0
23
41
46
65
74
78
82
86
96
100
106
109
107
102
95
89
81
66
47
29
12
5
-3
-11
-16
-17
-18
-15
-3
-2
2
-3
3
10
4
4
2
-3
-5
1
13
22
23
30
43
56
60
67
70
70
68
65
55
49
37
28
22
13
2
-8
-17
-32
-41
-46
-50
-51
-54
-49
-43
-36
-27
-26
-17
-12
-9
-6
-8
-8
-9
-9
-9
-8
-13
-14
-17
-21
-25
-27
-24
-24
-31
-36
-51
-55
-54
-56
-66
-73
-78
-84
-74
-75
-72
-74
-76
-70
-70
-76
-80
-80
-79
-73
-52
-35
-11
13
40
55
58
56
46
31
1
-16
-33
-53
-60
-68
-72
-73
-81
-80
-88
-90
-87
-83
-71
-56
-27
3
29
59
85
97
112
120
119
118
109
103
91
87
68
58
53
47
42
30
26
14
2
-12
-20
-29
-36
-32
-33
-29
-22
-21
-21
-24
-23
-19
-16
-13
-9
1
12
26
34
44
51
56
55
59
55
47
39
34
27
13
1
-10
-21
-29
-36
-44
-45
-46
-47
-40
-35
-28
-16
-8
-5
-4
-6
-5
-11
-10
-8
-3
-2
0
10
12
6
10
9
4
6
1
-2
-7
-3
-7
-11
-13
-15
-19
-23
-32
-37
-39
-44
-47
-49
-47
-44
-38
-38
-36
-32
-27
-17
-14
-6
-2
2
6
11
13
9
7
0
-1
-8
-12
-16
-27
-32
-35
-42
-46
-45
-41
-36
-29
-20
-18
-16
-15
-11
-14
-14
-11
-10
-8
1
14
20
23
23
27
27
24
25
17
17
10
9
4
7
6
5
10
4
3
-4
-4
-3
0
1
0
5
13
21
32
37
43
52
58
65
61
57
56
54
49
37
28
19
16
10
4
-1
-10
-16
-16
-21
-23
-24
-19
-23
-18
-15
-14
-1
4
3
6
10
10
13
8
3
-3
-8
1
-8
-14
-10
-8
1
-2
-6
-11
-8
-7
-4
-4
-6
-6
-8
-10
-14
-28
-29
-36
-40
-46
-53
-58
-60
-52
-45
-38
-37
-26
-22
-21
-14
-9
-7
-8
-4
2
3
0
-2
-1
-2
-7
-10
-14
-16
-15
-12
-15
-16
-9
-5
-2
-1
-5
-7
-6
0
-2
-9
-4
3
12
15
14
13
13
8
8
8
4
-1
3
11
12
13
16
22
21
15
10
9
7
-3
-6
-12
-12
-12
-12
-6
3
14
19
28
35
39
39
33
36
36
34
35
31
31
22
20
24
19
17
7
6
9
11
10
17
21
18
23
22
24
26
29
34
29
29
29
27
19
14
16
16
12
15
16
8
6
5
1
2
0
1
-1
-4
-2
-3
-5
-2
-2
0
7
1
-7
0
3
-1
3
2
1
7
1
3
-3
-6
-10
-11
-6
-17
-21
-26
-30
-22
-21
-24
-30
-27
-21
-26
-25
-18
-11
-7
-11
-11
-3
0
2
1
3
3
-1
-3
5
-1
-1
0
-1
-3
-5
-8
-16
-20
-21
-22
-22
-18
-13
-8
-3
1
7
10
13
14
12
8
7
5
7
5
4
5
4
6
-1
-3
0
-3
-4
-4
-7
-10
-5
-1
5
10
3
1
-3
-5
-2
-2
-4
3
11
12
13
18
19
17
22
14
11
15
17
17
16
21
25
31
31
34
33
23
21
13
3
0
-5
-4
-4
-2
-4
-2
3
7
12
13
13
13
16
19
23
25
29
35
34
37
34
38
39
37
40
35
31
34
31
29
20
16
20
4
-14
-15
-12
-15
-12
0
4
8
17
17
19
28
33
22
22
21
16
21
24
22
25
25
20
19
18
9
3
-5
-13
-21
-28
-32
-34
-32
-24
-21
-19
-11
-10
-5
-3
-11
-15
-13
-10
-9
-2
4
6
-1
5
6
5
5
2
0
-2
-7
-11
-6
-5
-7
-6
-13
-22
-25
-22
-19
-22
-18
-17
-8
-8
5
9
12
15
14
15
12
8
3
0
-1
4
7
14
14
24
26
29
34
28
30
33
25
20
25
17
14
13
8
10
12
11
8
5
6
8
4
3
3
9
17
18
18
24
23
22
24
25
27
23
31
26
21
21
16
14
5
0
-12
-11
-6
-5
0
8
10
15
23
21
28
32
29
31
28
23
18
18
19
19
23
19
19
22
24
25
21
26
25
20
16
17
15
8
16
9
8
8
4
11
7
10
8
11
11
15
17
19
22
21
27
25
24
26
22
24
25
22
22
18
12
15
6
1
-4
-11
-15
-18
-16
-12
-9
-10
-8
-8
-7
-5
-1
-3
-3
-4
-8
-12
-10
-5
-3
2
6
13
17
18
21
20
23
27
23
21
20
15
13
13
0
-4
-13
-14
-8
-11
-10
-9
-6
-1
-1
-5
-8
-10
-10
-9
-11
-11
-16
-10
-9
-10
-3
0
1
3
2
3
3
-4
-1
-4
-2
0
-3
0
5
8
10
12
11
13
11
14
16
13
16
13
15
15
16
23
25
27
27
28
28
28
22
23
26
21
22
24
27
29
35
38
35
39
44
45
43
38
34
37
39
40
39
41
48
50
48
46
42
40
37
28
24
24
20
14
14
11
12
10
5
5
2
-3
-6
-1
3
0
3
6
7
9
12
11
10
9
4
0
5
11
13
9
11
19
24
27
28
33
35
36
37
38
39
37
36
35
32
32
29
27
22
21
21
22
20
15
14
10
12
15
13
10
9
6
3
4
6
1
1
1
-2
-5
-7
-7
-12
-12
-9
-15
-15
-12
-10
-6
-3
-4
-2
-2
-1
-2
-1
6
9
10
10
14
16
21
19
21
19
16
18
17
18
13
16
18
21
24
23
24
25
26
28
29
33
33
28
30
27
28
26
24
28
31
30
33
32
29
29
22
19
14
12
10
6
8
10
10
11
8
9
11
9
12
8
7
13
14
10
9
10
16
12
14
19
17
19
18
18
12
12
7
8
8
4
7
6
12
16
13
16
13
16
11
14
16
15
16
16
20
18
22
28
30
28
27
28
25
20
21
20
12
9
12
10
13
14
4
3
6
4
-4
-4
-3
-1
0
4
5
8
13
17
21
29
28
29
31
31
33
24
30
34
34
36
34
34
36
32
24
20
18
14
10
14
13
15
16
16
18
22
24
21
20
23
28
28
29
34
36
39
43
43
51
50
52
54
51
52
52
51
42
39
33
30
27
22
19
13
11
12
11
8
5
4
2
-2
1
-1
1
1
3
-1
2
-2
-1
4
-1
-1
0
4
4
12
10
5
7
9
9
7
4
1
-3
-5
-3
-5
-8
-8
-2
-1
3
11
18
22
26
24
22
26
23
19
22
20
20
15
17
19
14
16
14
15
3
-1
2
-2
-1
-3
-5
-4
-7
-10
-7
-10
-10
-15
-10
-14
-11
-10
-9
-9
-7
-3
-4
-6
-5
1
2
4
5
5
8
10
11
9
13
13
8
11
8
12
10
16
19
19
19
21
26
28
27
25
22
25
27
29
30
30
35
40
42
46
45
43
41
41
41
40
41
42
44
39
39
36
30
32
32
31
28
26
28
29
27
29
31
28
24
24
30
23
20
23
14
12
12
10
1
-5
1
0
-1
0
5
3
1
3
5
5
5
1
3
0
1
7
1
5
6
11
13
9
10
10
8
4
5
-1
-3
-4
-9
-7
-6
-8
-7
-11
-12
-13
-18
-13
-17
-21
-20
-19
-19
-18
-15
-20
-18
-15
-17
-16
-15
-16
-12
-8
-4
-7
-11
-4
-2
2
5
2
3
3
8
8
11
9
7
6
8
10
7
7
5
7
7
8
8
6
8
7
4
4
2
5
2
5
6
1
7
11
10
11
11
9
7
7
6
8
6
3
9
5
8
12
15
17
19
18
21
22
20
18
22
24
25
25
26
30
32
34
30
29
28
32
29
28
23
27
32
32
32
28
35
32
35
35
38
36
36
38
30
28
24
28
29
29
28
31
31
31
27
24
20
21
14
6
9
7
3
0
-1
-1
-2
-3
-5
-1
-7
-12
-9
-8
-11
-15
-7
-5
-7
-6
-4
-7
-4
-5
-8
-12
-17
-14
-19
-18
-18
-18
-17
-14
-13
-12
-12
-13
-17
-12
-14
-13
-6
-10
-6
-4
-8
-9
-7
-10
-12
-11
-15
-13
-14
-13
-17
-20
-19
-22
-22
-27
-32
-30
-27
-30
-29
-33
-35
-31
-30
-30
-32
-29
-25
-18
-20
-20
-12
-9
-7
-6
-5
-2
-2
2
1
2
5
4
4
7
6
7
9
2
4
-5
1
4
-4
-2
0
-2
-3
-3
-5
0
2
-3
-1
0
-1
-3
3
1
1
4
8
11
12
10
11
13
10
13
13
13
11
9
9
1
-3
-9
-10
-12
-14
-18
-22
-20
-24
-19
-18
-19
-20
-19
-18
-18
-17
-14
-11
-13
-11
-13
-8
-6
-7
-7
-3
-4
-4
-2
-1
0
-4
-2
-7
-9
-4
-6
-5
-6
-5
2
-2
3
2
5
9
6
6
9
5
4
2
2
0
0
-3
1
-3
-7
-6
-11
-11
-14
-23
-23
-24
-29
-32
-36
-36
-34
-37
-30
-29
-28
-26
-23
-21
-24
-17
-22
-22
-20
-22
-22
-23
-18
-19
-19
-17
-21
-17
-18
-21
-20
-18
-15
-17
-13
-14
-16
-14
-11
-14
-14
-11
-10
-1
-2
-1
-1
4
4
8
5
9
8
9
9
6
4
2
5
-1
0
3
3
0
-2
0
-3
-1
-2
-3
-4
-10
-10
-12
-8
-13
-15
-10
-11
-7
-12
-8
-7
-7
-5
-7
-4
-5
-8
-4
-5
-4
5
3
3
7
6
6
3
3
2
0
4
9
10
12
17
20
25
24
25
25
26
29
26
28
27
24
26
28
28
30
28
28
29
23
18
19
17
13
15
9
5
10
2
4
2
0
-1
-7
-6
-6
-6
-8
-10
-6
-7
-9
-5
-1
4
4
5
11
10
9
13
12
12
14
14
9
9
11
11
6
6
4
0
1
-4
-3
-5
-12
-6
-4
-4
-3
-5
2
0
5
6
8
7
8
12
9
13
13
15
15
11
14
10
11
9
6
5
1
-1
-11
-16
-20
-25
-28
-33
-28
-34
-34
-34
-38
-32
-36
-34
-33
-30
-26
-28
-27
-18
-15
-17
-16
-11
-7
-5
-5
-6
-1
-1
-3
-2
-2
-2
-2
0
-1
-4
1
2
1
-1
3
6
1
1
4
4
2
8
7
10
10
10
9
7
11
7
10
8
8
7
8
6
4
3
3
4
4
4
-1
1
-2
1
0
-1
-2
-4
-5
-8
-6
-5
-7
-10
-14
-9
-7
-10
0
2
3
7
8
11
7
9
9
10
9
6
11
12
11
7
12
12
13
13
15
16
15
18
16
15
18
21
19
18
18
22
22
14
18
17
15
19
17
14
13
10
14
7
9
9
5
1
3
1
-3
-4
-6
-6
-14
-11
-13
-16
-20
-14
-13
-16
-16
-18
-18
-15
-17
-22
-16
-18
-16
-13
-15
-13
-15
-9
-17
-17
-12
-20
-17
-16
-16
-18
-20
-17
-16
-16
-13
-11
-11
-10
-9
-6
-7
-9
-8
-7
-8
-9
-10
-9
-11
-12
-10
-10
-5
-10
-8
-11
-13
-10
-11
-10
-12
-11
-8
-5
-8
-4
0
1
2
4
3
-2
-2
-7
-6
-7
-5
-7
-8
-3
-4
-7
-4
-2
-3
2
-1
-2
0
-1
1
2
3
1
2
2
-3
3
2
5
9
8
12
10
12
10
15
13
15
14
14
10
17
17
14
14
10
12
13
8
9
9
8
7
2
2
-3
1
3
-5
-6
-10
-9
-8
-6
-7
-6
-3
0
0
0
3
5
4
3
6
8
11
10
9
9
14
12
12
15
10
9
5
3
3
3
1
-3
-7
-8
-8
-13
-4
-6
-10
-10
-13
-8
-13
-12
-8
-14
-8
-6
-12
-16
-12
-16
-12
-11
-17
-16
-19
-22
-22
-23
-26
-23
-25
-26
-30
-28
-23
-24
-23
-23
-23
-22
-24
-22
-22
-22
-19
-21
-23
-21
-22
-21
-18
-23
-19
-14
-20
-18
-17
-18
-16
-14
-10
-11
-9
-7
-6
-7
-10
-11
-5
-9
-8
-10
-12
-8
-9
-5
-6
-7
-8
-5
-7
-11
-10
-12
-11
-15
-15
-15
-19
-18
-15
-15
-16
-15
-10
-13
-11
-11
-13
-11
-14
-13
-13
-14
-12
-5
-6
-5
-4
-4
-2
1
5
3
3
6
6
6
5
9
6
10
11
9
8
11
11
7
7
7
4
3
6
2
3
3
5
5
3
1
-3
6
-2
-1
2
-6
-3
-5
-9
-8
-9
-6
-4
-3
1
0
2
1
1
0
3
0
-2
5
1
4
6
9
11
8
6
2
0
1
-3
-6
-3
-2
-3
-6
-4
-3
-2
-2
0
-2
0
-2
-6
-4
-8
-5
-4
-7
-8
-9
-9
-5
-4
-3
-7
-6
-3
-5
-4
-2
-4
-7
-5
-8
-7
-9
-7
-9
-8
-4
-3
-11
-15
-15
-16
-9
-18
-20
-17
-21
-22
-19
-20
-20
-19
-22
-19
-18
-19
-16
-14
-13
-11
-12
-13
-10
-10
-6
-7
-5
-10
-12
-10
-14
-12
-13
-11
-14
-12
-16
-14
-14
-18
-18
-16
-17
-19
-16
-14
-18
-20
-14
-15
-17
-8
-6
-9
-5
-2
-3
-3
-4
-3
-1
-6
-5
-2
-5
-2
-4
-2
-1
-1
-1
-1
4
2
1
5
1
8
6
3
7
5
9
8
8
8
5
12
11
8
10
6
11
10
8
12
14
5
6
10
9
9
6
3
4
1
2
1
2
5
5
5
8
11
1
6
8
6
8
6
6
4
6
5
1
5
8
7
1
4
4
1
5
5
6
0
0
0
-2
-4
-8
-11
-13
-13
-13
-13
-18
-15
-18
-16
-14
-16
-16
-15
-19
-18
-15
-18
-14
-11
-5
-3
-5
-5
-9
-9
-10
-15
-18
-13
-17
-18
-18
-23
-21
-24
-25
-28
-24
-26
-26
-28
-30
-32
-30
-28
-26
-21
-21
-18
-17
-17
-18
-19
-22
-18
-16
-16
-19
-20
-20
-25
-21
-19
-22
-22
-20
-20
-24
-21
-22
-22
-18
-18
-14
-14
-11
-11
-9
-9
-1
-3
-2
1
3
5
6
9
11
10
8
10
11
11
9
11
9
7
10
8
7
9
1
1
8
10
12
17
15
14
15
14
15
13
10
7
6
5
5
9
8
3
7
4
4
4
2
3
-1
-4
-2
-2
-1
1
-1
-4
-2
0
-4
2
5
5
7
8
12
11
13
18
17
17
15
15
17
14
17
12
7
4
2
-6
-7
-5
-6
1
-2
-2
-4
-5
-2
-10
-8
-8
-7
-9
-5
-1
0
-2
-2
0
-5
-2
-3
-6
-7
-6
-7
-11
-9
-4
-6
-9
-7
-8
-6
-13
-9
-9
-16
-19
-19
-20
-17
-16
-17
-12
-13
-10
-4
-2
3
6
2
4
7
12
6
10
7
3
2
2
2
-3
-5
-5
-9
-11
-10
-13
-14
-15
-10
-15
-12
-15
-13
-8
-3
-1
0
4
2
7
7
8
10
7
5
7
7
11
14
14
15
13
13
10
10
15
11
12
15
11
11
10
9
10
4
4
5
4
12
13
12
16
15
23
22
22
22
20
18
16
16
18
18
14
11
8
6
8
3
6
8
3
3
-3
-2
-8
-3
-3
-3
-1
2
4
0
3
3
4
1
3
5
3
7
4
4
6
10
11
4
11
10
10
8
7
6
1
4
1
-2
-7
-3
-5
-9
-9
-8
-6
-1
-4
-4
-1
-3
3
5
7
7
9
5
3
2
5
0
-4
-7
-4
-6
-8
-8
-10
-12
-12
-10
-7
-12
-14
-11
-6
-8
-6
-5
-9
-5
-12
-6
-9
-12
-12
-11
-9
-10
-9
-11
-10
-11
-11
-10
-12
-9
-5
-8
-7
-2
0
1
-2
-7
-8
-7
-10
-6
-11
-12
-8
-7
-8
-4
-3
-1
0
-4
-2
-1
5
3
3
5
3
0
2
4
-1
-4
-1
-3
-1
-2
-7
-7
-8
-4
1
4
5
2
8
6
12
11
9
16
15
16
14
13
13
14
14
12
14
15
15
16
9
10
13
6
5
4
-1
-4
-3
-4
-7
-8
-8
-11
-10
-7
-6
-4
-2
-4
1
9
9
17
17
16
17
17
20
19
14
12
14
12
13
8
7
5
9
5
4
7
6
6
5
9
11
11
17
18
17
16
12
18
10
5
7
0
-1
-3
-6
-10
-11
-10
-10
-11
-8
-9
-8
-8
-1
1
-2
-2
-3
-3
-3
-6
-7
-4
-12
-11
-11
-10
-10
-10
-11
-5
-4
-11
-7
-1
3
-1
-2
2
3
-1
1
-3
0
5
3
-1
-1
-6
-3
-5
-8
-6
-8
-8
-9
-11
-7
-12
-12
-7
-9
-10
-9
-10
-10
-8
-7
-1
-5
-8
-5
-8
-9
-11
-10
-11
-14
-11
-13
-15
-19
-16
-15
-13
-15
-11
-10
-10
-10
-8
-9
-6
1
-2
-4
0
-1
-1
0
3
-1
2
5
5
7
7
9
11
12
11
14
13
14
11
11
14
9
7
8
7
2
-1
-2
-1
-5
-4
-4
-2
-4
-3
-1
0
2
3
8
9
15
18
19
18
19
17
15
13
14
12
8
12
7
9
11
13
12
12
12
15
19
17
17
13
18
16
20
16
17
18
15
16
17
14
12
12
10
11
10
5
2
0
3
3
0
-5
-4
-1
-4
-3
-3
-5
-6
-3
2
2
-2
-4
-3
-4
-5
-3
-3
-3
-3
-7
-2
-6
-9
-7
-6
-4
-10
-14
-9
-6
-8
-9
-3
-5
-1
-1
3
3
0
1
-6
-5
-7
-5
-11
-6
-8
-11
-9
-8
-3
-9
-6
-6
-9
-4
-1
-3
-4
-6
-6
-5
-9
-11
-11
-16
-15
-14
-19
-17
-16
-18
-11
-14
-12
-10
-9
-8
-5
0
0
0
3
1
0
0
3
1
5
3
-1
0
1
1
-3
0
-1
5
1
1
-3
-3
3
-4
4
4
2
3
1
2
7
10
9
12
13
16
12
13
12
14
13
8
12
9
9
6
2
6
2
-3
0
1
0
3
1
8
12
10
15
13
15
14
12
13
9
7
6
3
4
5
2
3
3
0
-2
-2
-4
1
-1
1
5
5
6
7
9
6
4
8
3
1
7
4
6
3
2
9
4
-1
4
6
7
8
10
5
4
6
8
4
4
1
0
-3
-8
-6
-12
-9
-10
-12
-12
-12
-12
-10
-4
-4
-8
-8
-7
-7
-8
-6
-5
-2
-4
-9
-8
-8
-9
-10
-12
-11
-12
-15
-8
-10
-11
-10
-10
-6
-6
-4
-3
0
-2
-2
-2
-3
-4
-4
-5
-10
-7
-10
-8
-8
-9
-7
-7
-5
-6
-6
-6
-4
-5
-1
-1
0
1
-2
-4
-5
-4
-6
-6
-6
-6
-2
-1
0
-1
2
6
2
5
4
3
4
1
2
-1
0
2
-2
-1
-2
-2
-1
1
0
1
3
3
1
3
7
7
8
12
10
7
9
14
8
10
11
14
13
12
15
16
16
11
10
11
10
5
7
7
7
4
1
1
-5
-4
-7
-6
-4
-3
-1
-1
3
0
6
7
9
7
5
5
6
6
2
1
1
-1
-2
-1
-3
-7
-6
-10
-13
-14
-13
-11
-13
-9
