5
6
5
4
4
0
2
3
1
0
-5
-6
-3
-3
-2
2
2
2
1
-1
4
2
1
0
0
2
4
2
1
-2
3
7
3
4
6
9
10
8
11
7
8
12
8
7
7
7
11
6
8
13
10
10
11
11
13
11
9
9
7
10
7
6
4
11
7
0
5
4
3
1
-4
-1
-2
0
0
-2
-1
-4
-4
-5
-1
-1
-5
-6
-6
-7
-9
-12
-8
-10
-12
-8
-12
-8
-9
-4
-9
-8
-10
-10
-7
-8
-7
-8
-6
-8
-3
-8
-9
-2
-8
-7
-9
-11
-10
-11
-8
-12
-11
-11
-12
-5
-7
-9
-12
-18
-13
-13
-10
-13
-14
-15
-17
-15
-11
-12
-12
-8
-8
-10
-8
-7
-5
-4
-6
-3
-9
-3
0
-3
-2
-4
-9
-11
-12
-13
-8
-10
-10
-10
-9
-10
-7
-2
0
0
0
-3
-5
-4
-2
-2
-5
-3
-2
-5
-3
-3
-2
0
-4
-6
-1
-3
-6
-5
-2
-5
-3
0
-2
3
5
9
4
4
5
5
8
5
4
4
4
4
3
4
3
5
1
3
-1
0
2
-1
1
2
4
7
8
8
10
12
8
9
11
9
5
4
3
-3
0
-2
-4
-8
-5
-6
-5
-5
-4
-3
-5
-3
-5
-6
-9
-4
-6
-5
-8
-6
1
-3
-7
-9
-3
-10
-8
-7
-12
-17
-12
-12
-13
-15
-15
-10
-13
-16
-13
-17
-22
-18
-14
-16
-19
-14
-17
-17
-14
-14
-17
-14
-15
-13
-12
-15
-10
-14
-15
-12
-11
-10
-8
-10
-6
-4
-3
-7
-10
-8
-9
-11
-10
-10
-10
-8
-7
-3
-5
-4
-2
-3
-1
-2
-3
0
2
-3
-4
-1
-1
-1
-7
-6
-6
-8
-8
-8
-14
-6
-9
-12
-8
-10
-9
-6
-6
-5
-2
-3
-8
-9
-6
-10
-7
-12
-8
-9
-9
-9
-13
-17
-11
-12
-13
-9
-9
-7
-8
-7
-6
-5
-2
-5
1
5
4
7
2
1
-2
-1
-1
4
-1
3
3
0
1
1
0
-5
1
1
1
2
3
-1
-1
1
-2
2
1
-2
3
3
0
1
0
4
5
2
4
1
0
-2
-3
-7
-5
-6
-6
-8
-12
-11
-8
-14
-14
-10
-16
-16
-17
-15
-16
-16
-22
-26
-25
-25
-24
-26
-26
-27
-29
-25
-22
-20
-19
-22
-21
-20
-23
-22
-21
-21
-21
-21
-19
-19
-17
-13
-15
-15
-16
-16
-21
-19
-18
-18
-17
-15
-17
-18
-12
-14
-9
-10
-8
-11
-8
-7
-6
-2
-8
-6
-5
-7
-8
-13
-8
-8
-11
-10
-15
-13
-15
-14
-16
-15
-19
-20
-18
-21
-22
-22
-22
-19
-23
-18
-23
-22
-16
-21
-15
-17
-10
-13
-7
-12
-12
-13
-11
-11
-17
-11
-13
-10
-11
-12
-10
-8
-15
-9
-9
-13
-9
-10
-9
-7
-5
-3
-6
-3
-7
-6
-2
-3
-3
-3
-3
-3
-2
-2
-1
1
0
-4
0
-1
4
0
1
1
-1
5
1
4
3
5
7
5
7
6
3
3
-2
3
0
-1
2
0
0
0
4
4
5
3
4
3
4
8
1
1
-2
-2
-3
-10
-5
-5
-12
-7
-10
-11
-13
-13
-10
-13
-12
-11
-12
-11
-12
-13
-10
-11
-11
-9
-6
-15
-14
-12
-16
-14
-14
-12
-13
-14
-13
-14
-14
-15
-15
-14
-21
-20
-21
-21
-18
-18
-16
-9
-9
-8
-7
-9
-9
-8
-16
-11
-12
-14
-14
-17
-16
-22
-19
-19
-18
-19
-14
-16
-17
-13
-16
-18
-16
-16
-22
-18
-17
-17
-15
-16
-16
-16
-20
-19
-19
-24
-19
-19
-17
-16
-18
-12
-13
-10
-6
-6
0
-6
-3
-3
-7
-3
-6
-7
-8
-8
-6
-9
-8
-10
-8
-6
-10
-5
-2
-4
-3
-4
-4
-4
-1
-5
-5
-3
-3
0
-6
0
4
-1
-1
-4
1
0
2
0
-5
-1
-1
1
4
-1
1
-1
-3
-2
-5
-4
-2
1
1
-1
2
2
2
4
5
6
6
5
4
5
0
0
3
-1
4
11
8
13
14
15
12
9
13
10
8
6
7
2
0
1
-6
-3
-6
-13
-17
-20
-17
-12
-12
-15
-15
-12
-11
-12
-8
-7
-5
-1
0
2
0
4
10
1
-3
4
0
-4
-4
-1
-5
-10
-4
-4
-10
-9
-6
-5
-9
-11
-11
-5
-8
-3
-5
-6
-9
-6
-7
-12
-5
-6
-10
-7
-5
-8
-4
-5
-3
-6
-7
-9
-8
-5
-8
-3
3
0
-3
6
1
-1
-1
-5
-3
2
-3
-8
-1
0
-4
-3
1
-3
-2
2
3
3
7
13
12
6
-1
5
5
-4
5
7
-9
-5
3
-3
-3
2
-2
-6
-4
-4
1
0
-1
-2
-4
-5
-6
-6
-9
-14
-9
-11
-14
-9
-11
-12
-10
-5
-13
-4
2
-10
-12
4
-8
-11
0
-6
-12
-5
-4
-11
-8
-8
-2
1
0
3
4
-5
3
3
-1
-2
5
4
-5
-4
-7
-3
3
-2
-6
-6
-2
-7
-7
-1
-7
-8
-2
-3
-3
-7
0
-3
-2
4
-1
4
-2
-1
0
4
0
4
10
2
-7
-8
5
-7
-13
7
-2
-18
2
-2
-14
0
5
-9
-7
5
-2
0
4
8
-1
3
10
-7
-5
11
-7
-8
4
-5
-14
1
-4
-14
-9
-2
-8
-10
-3
-5
-8
0
0
-2
7
-2
2
7
3
14
4
8
6
9
13
16
7
28
9
2
17
6
10
16
-2
8
16
-16
7
34
-8
5
31
3
1
22
25
2
23
32
8
10
21
16
7
-2
18
14
-6
1
18
1
-7
9
12
-4
1
8
5
-2
6
6
5
7
-4
4
20
1
-6
24
5
-1
24
5
-7
20
7
-9
20
11
-15
15
12
-8
12
13
0
-9
15
3
-10
8
15
1
6
15
21
2
0
29
7
-2
14
23
10
2
31
8
-1
13
27
-4
7
16
9
1
-2
20
3
-14
21
4
-10
12
5
6
10
1
2
6
4
4
9
-3
8
19
-14
11
12
-10
-3
14
-16
-1
-1
-14
2
-1
-11
-1
10
-5
-4
20
7
1
-11
11
6
2
-9
9
9
-20
-7
8
-11
-21
11
11
-17
-2
19
-8
-12
10
7
-13
-4
10
-5
-18
-2
9
-9
-20
7
2
-21
-4
5
-22
-5
1
-1
-5
1
11
-2
-7
15
-10
-9
6
2
-2
-12
-2
1
-11
-4
17
-15
-1
0
9
-11
-7
6
13
-24
-6
27
-7
-29
19
15
-16
-15
14
9
-34
-5
25
-14
-17
20
5
-20
6
7
-7
1
5
-20
5
1
-17
-8
-3
-3
-25
4
18
-28
-1
19
-14
-2
4
2
-19
4
-2
-28
2
-4
-26
-5
-4
-27
-6
1
-11
-18
8
8
-30
3
18
-29
-7
15
-16
-29
9
-4
-28
4
4
-27
-7
23
-33
-16
25
-31
-21
11
-11
-13
-15
2
-14
-11
-21
3
-3
-18
-14
5
-17
-16
-10
0
-19
-9
16
-19
-11
19
-9
-18
21
4
-34
18
4
-25
1
0
-14
-34
14
-14
-28
1
-13
-11
-9
-18
-7
5
-37
-3
7
-7
-22
0
20
-28
-10
12
-1
-24
-9
16
-13
-36
5
7
-34
-11
15
-21
-26
1
-3
-30
-13
3
-16
-34
10
-8
-24
1
9
-22
-20
13
-31
-1
-9
-14
-12
1
-9
-22
19
-19
-24
12
-8
-20
-10
11
-20
-27
19
-7
-21
-3
12
-24
-19
9
-10
-20
-23
12
-18
-29
-8
13
-44
-24
27
-24
-42
14
10
-41
0
2
-11
-21
-27
25
-16
-38
35
-7
-34
-3
4
-19
-20
-5
21
-30
-17
28
-13
-32
6
17
-50
-11
13
-20
-33
-9
2
-17
-39
11
5
-57
-4
15
-42
-31
8
-13
-40
8
-8
-18
-8
-10
4
-14
-31
9
-11
-31
-10
5
-34
-15
15
-19
-33
18
-9
-30
3
1
-14
-36
27
-18
-31
9
16
-29
11
6
-8
-10
-8
22
-20
-25
26
-30
-17
0
-19
-16
-23
-3
-21
-26
-13
-14
-31
-26
-8
-14
-41
-9
-3
-38
-30
12
-30
-42
-12
4
-30
-47
21
-19
-72
15
-15
-45
-40
13
-13
-80
8
7
-72
-20
6
-25
-46
-23
14
-26
-57
18
-5
-52
-1
-7
-23
-40
-4
1
-34
-26
18
-12
-35
11
11
-46
1
6
-29
-18
0
-16
-30
10
-41
-17
3
-36
-28
10
-39
-32
18
-43
-21
-12
-19
-36
-22
0
-44
-36
3
-25
-43
-28
6
-40
-36
13
-29
-23
-7
-15
-7
-10
-4
3
-9
-1
-4
-12
-14
5
-13
-13
-13
13
-46
-22
18
-47
-31
17
-48
-23
8
-27
-32
-7
10
-56
-8
38
-57
-26
37
-33
-36
10
3
-42
-23
36
-45
-22
31
-34
-24
15
-12
-26
-1
12
-12
-11
9
10
-9
12
-2
22
-14
-1
22
-30
9
-5
-29
26
-16
-27
37
-12
-37
31
9
-49
14
14
-31
-41
35
-31
-30
8
-18
-18
-9
-24
1
-17
-35
-4
0
-46
-39
40
-55
-50
36
-31
-63
34
-9
-51
15
1
-30
-16
5
-1
-36
10
-11
-9
-9
-22
0
-16
-27
-29
7
-25
-54
15
-4
-57
5
0
-55
-7
-6
-12
-14
-38
17
-17
-48
0
-1
-48
-16
25
-27
-46
30
-17
-49
17
2
-31
-19
20
-30
-38
39
-44
-49
43
-41
-64
41
-22
-76
39
-24
-45
-4
18
-46
-37
48
-55
-30
25
-19
-37
-29
10
-37
-54
5
-11
-56
-6
2
-36
-15
2
-29
-1
-8
-18
-12
14
-18
-24
19
-23
-13
2
-18
-17
6
-24
6
-34
14
3
-44
14
-2
-30
-4
9
-5
-19
-4
4
-11
-8
2
7
-12
-2
38
-35
-14
48
-30
-23
22
36
-35
-10
46
-18
-30
23
-5
-1
-19
-18
22
-24
-21
-5
1
-13
-24
12
-7
-33
0
-7
-8
-27
-3
6
-51
1
13
-44
-15
4
-17
-28
-20
-12
7
-61
-13
48
-74
-19
41
-49
-27
11
-39
-10
-11
1
-23
0
-5
-24
4
-10
-18
24
-17
-10
8
7
0
-19
47
-10
-32
54
11
-46
41
9
-23
-9
6
19
-51
-6
43
-57
-15
34
-20
-14
9
19
-7
2
7
3
2
-20
11
13
-25
-24
36
-36
-39
21
-15
-26
-5
-3
-11
-12
0
-10
9
-2
-30
47
1
-41
40
-9
-30
35
-20
-11
-5
-12
-27
-20
-20
-33
-11
-41
-1
-3
-48
4
14
-50
11
0
-33
-1
-1
-18
-9
17
-32
6
9
-16
10
8
-8
21
-36
19
16
-32
16
11
-38
25
14
-63
47
-13
-28
26
-4
-4
5
-10
9
-1
-2
12
-8
17
3
-10
11
26
-23
14
32
-14
-18
49
-34
-8
18
-25
15
-25
-9
14
-45
-8
6
-43
-5
-7
-15
-10
-11
2
-7
-8
-15
7
7
-46
15
19
-38
-3
17
-25
-1
-6
-18
16
-15
-8
31
-31
12
10
-3
-11
28
-26
8
27
-20
3
25
-49
24
1
-47
34
-21
-26
7
-11
-9
-1
-3
7
22
-22
13
42
-46
17
27
-35
10
15
-13
14
-20
6
9
-31
8
14
-4
-27
16
13
-8
-9
-4
33
-31
5
24
-2
-26
5
36
-25
-33
42
-13
-38
33
-1
-9
-22
-6
3
-51
-13
7
-11
-41
15
-14
-30
5
-25
-6
-12
-17
20
-33
-6
-6
-4
3
-30
41
-2
-54
53
1
-30
10
14
-12
-15
19
-1
-11
-23
35
-2
-45
27
34
-38
18
14
-3
6
-13
21
10
-33
33
11
-15
-4
14
13
-8
4
27
-14
-22
16
10
-39
15
6
-2
-7
4
37
-22
2
35
-5
-5
22
8
-6
-7
15
-18
14
-20
-2
13
-33
-6
-19
8
-32
-5
-4
-24
-16
21
-22
0
15
0
17
7
28
-3
7
11
8
-4
-3
6
-11
-10
23
-23
-10
36
-27
16
35
-27
19
29
-6
25
23
0
19
5
6
31
-1
-3
28
-6
4
-3
20
-12
-4
8
-7
0
-4
-5
14
-9
13
-2
8
8
-18
47
14
-45
24
-7
-24
-11
-4
13
-38
5
21
-16
-24
19
16
-23
4
35
-5
-36
40
0
-34
5
33
-32
-2
20
5
5
-39
42
-8
-39
25
16
-18
-8
19
28
-11
11
50
7
3
33
41
-21
15
51
-7
-1
47
-10
-13
28
6
9
15
-18
32
10
-16
51
17
-6
35
35
20
2
34
15
5
24
-5
14
15
-16
41
-17
-2
12
7
20
-1
-3
25
17
-21
30
24
-20
12
44
-1
-5
10
32
12
-20
33
25
-69
33
33
-28
-9
30
21
-25
-1
19
-7
-56
10
21
-24
-52
21
-11
-51
21
7
0
-5
-11
26
7
-28
37
-6
-21
36
17
-37
8
13
-17
-17
16
-2
-26
20
11
5
-10
0
61
-35
33
30
-15
6
41
-33
10
6
-5
-1
12
-6
-19
19
-12
13
39
-15
37
31
-29
38
36
-1
8
59
2
9
9
61
-15
-37
97
11
-62
76
22
-67
-2
43
-16
-5
28
7
14
9
-3
49
7
-14
62
37
-15
20
31
-22
-24
36
13
-6
6
11
-3
2
9
42
7
22
40
8
8
2
38
-13
8
37
8
-16
12
62
-27
-13
50
-13
-7
67
-12
-8
26
-21
7
35
-14
19
15
29
3
-8
48
-8
-20
72
27
-11
21
13
-28
-20
12
-2
-30
-13
3
-31
-3
3
47
-1
3
85
1
-12
34
-3
-6
28
16
-10
19
-14
-24
38
-4
-16
45
-8
-13
24
-2
-31
26
31
-7
3
45
4
-56
16
52
-45
-17
83
-36
-53
40
7
-12
-18
43
-1
-7
2
11
50
-14
36
77
-53
18
46
-16
0
16
37
23
5
11
61
-25
-5
96
45
-35
76
45
-30
12
67
25
-10
47
-2
-22
-49
-5
11
-5
37
32
-2
7
-25
28
27
-15
54
15
-28
-8
9
-42
-7
57
-5
-1
32
-11
-2
-9
28
12
-4
16
-6
-14
-29
13
8
-12
9
33
3
-9
-8
-6
-16
3
27
20
-6
14
22
5
3
37
47
28
9
27
21
-18
39
19
-3
2
20
13
-25
-24
10
-12
11
28
12
-4
-9
24
6
12
48
17
32
7
18
26
4
11
42
35
41
9
23
-22
-6
66
6
-3
15
-6
-18
12
-3
2
11
-24
39
18
-16
25
26
36
45
35
43
31
0
34
45
24
-1
38
0
3
5
14
22
11
-3
37
23
-26
8
19
1
41
43
5
15
-21
6
23
1
1
7
18
-6
10
16
-5
29
23
36
37
8
7
16
11
22
18
19
7
11
-3
13
2
0
18
12
18
3
0
1
-16
23
27
11
32
-19
-5
4
-10
19
24
8
17
19
13
4
12
13
28
21
42
22
3
16
18
24
17
22
34
-10
-7
-1
-26
-12
-9
-11
-1
-10
-15
-8
-27
-30
-12
-4
-18
3
-24
-15
10
-16
-2
21
3
-9
10
3
-27
-2
27
4
-4
15
9
-1
10
11
-23
-11
5
-1
-10
-23
-1
-11
-5
16
18
23
25
32
69
62
47
82
77
71
89
90
98
86
85
107
104
96
106
92
85
95
94
89
84
72
63
63
56
60
50
52
53
44
34
46
25
24
43
28
33
22
4
6
12
15
22
12
14
-23
-38
-24
-33
-39
-32
-42
-64
-67
-97
-88
-90
-101
-80
-79
-105
-111
-129
-127
-116
-121
-95
-119
-123
-123
-142
-143
-132
-135
-128
-147
-153
-167
-203
-232
-193
-136
-52
51
51
2
-13
82
159
219
308
314
259
259
314
331
286
295
296
249
222
211
166
66
20
33
36
19
-11
-80
-141
-154
-114
-60
-66
-89
-102
-104
-95
-53
-18
-18
-32
-5
35
51
68
99
90
113
177
226
244
215
196
192
219
252
248
215
166
107
79
78
71
28
-15
-48
-67
-78
-93
-105
-125
-116
-114
-80
-69
-90
-99
-84
-52
-25
-12
-12
-46
-63
-35
-14
-10
-13
-22
-46
-69
-81
-84
-102
-134
-150
-165
-178
-203
-249
-288
-337
-366
-405
-432
-362
-217
-98
-126
-208
-162
-45
61
198
309
299
244
258
360
449
460
425
406
390
345
328
309
242
152
127
162
160
71
-53
-123
-118
-72
-27
-24
-106
-198
-216
-171
-95
-40
-42
-80
-83
-55
-29
7
41
41
65
111
160
178
121
99
161
233
259
261
256
192
158
207
250
255
207
145
95
69
80
65
12
-22
-57
-95
-89
-93
-119
-132
-118
-89
-74
-59
-49
-63
-41
-1
26
45
45
29
35
46
44
37
32
-4
-29
-13
-23
-68
-107
-127
-154
-169
-177
-192
-229
-296
-333
-348
-388
-448
-527
-521
-400
-213
-132
-215
-282
-239
-65
131
274
320
276
225
287
455
552
535
472
435
421
402
396
357
267
197
193
223
174
42
-86
-130
-65
-2
7
-58
-180
-271
-261
-151
-56
-67
-139
-185
-163
-108
-44
5
9
1
16
95
150
138
85
81
156
244
285
252
179
163
197
260
326
304
194
74
84
168
172
101
25
-53
-110
-94
-50
-75
-151
-192
-176
-131
-102
-96
-112
-114
-81
-7
37
28
13
17
70
102
107
82
25
10
55
71
30
-39
-107
-138
-125
-111
-135
-210
-285
-328
-336
-342
-359
-431
-528
-625
-585
-356
-122
-150
-370
-420
-208
42
175
284
317
213
174
372
617
637
512
459
473
484
468
460
426
309
208
241
294
177
-28
-129
-63
17
21
-43
-185
-319
-331
-216
-91
-76
-195
-311
-301
-186
-99
-61
-66
-92
-107
-61
50
143
117
40
61
178
230
181
139
164
215
239
256
250
192
105
136
237
262
136
18
5
19
14
6
-14
-104
-176
-159
-105
-80
-115
-155
-163
-120
-73
-33
-17
-24
-3
37
80
80
53
45
67
96
97
56
-4
-59
-46
-15
-34
-96
-171
-232
-251
-233
-218
-243
-300
-371
-417
-419
-451
-495
-570
-576
-415
-169
-120
-334
-431
-219
59
203
290
322
211
130
339
665
732
569
449
459
494
512
562
557
397
221
213
300
259
82
-24
10
34
-33
-127
-201
-278
-295
-190
-103
-148
-304
-409
-350
-182
-84
-91
-138
-185
-202
-120
64
180
128
2
-3
142
235
206
177
192
171
132
185
296
274
142
119
214
230
146
112
110
74
44
58
38
-58
-128
-118
-60
-39
-89
-156
-183
-164
-113
-26
11
-29
-75
-66
2
53
80
78
31
14
22
35
22
-4
-33
-52
-66
-90
-135
-174
-187
-193
-214
-234
-267
-321
-329
-312
-319
-370
-419
-482
-554
-559
-446
-207
-92
-256
-436
-304
8
179
238
286
246
130
227
528
678
581
452
439
445
448
470
480
421
275
199
243
257
148
7
-16
16
4
-63
-152
-223
-236
-185
-132
-131
-207
-299
-311
-197
-91
-108
-175
-180
-151
-108
-24
66
85
6
-48
38
185
212
141
119
148
132
117
188
245
201
148
177
212
172
150
179
189
152
95
70
50
39
31
15
4
-56
-110
-92
-54
-41
-53
-72
-100
-91
-33
25
31
-2
-28
-18
28
75
75
40
-7
-35
-32
-9
2
-23
-68
-108
-140
-135
-118
-137
-181
-194
-203
-240
-258
-237
-208
-247
-306
-326
-336
-380
-417
-350
-161
-68
-187
-301
-207
-6
114
178
228
171
59
149
406
516
403
304
299
273
274
354
409
312
161
123
148
145
115
90
65
20
-22
-30
-47
-80
-83
-52
-34
-74
-138
-170
-155
-90
-22
-27
-97
-155
-149
-81
-4
52
42
-26
-83
-53
55
122
99
62
59
37
25
81
147
123
66
63
82
85
114
164
183
140
96
113
136
141
133
124
100
53
41
48
22
-8
-9
-5
-38
-69
-56
-55
-78
-76
-32
-16
-35
-41
-33
-27
-37
-28
12
20
-27
-56
-44
-25
-34
-49
-46
-46
-77
-81
-39
-28
-76
-98
-64
-63
-77
-85
-81
-88
-110
-100
-79
-112
-176
-216
-222
-223
-204
-133
-118
-190
-253
-186
-90
-56
-26
11
-20
-77
18
162
182
123
141
160
113
134
244
267
168
118
170
198
170
191
201
133
84
115
155
132
105
94
70
50
64
78
56
31
35
29
9
10
25
-2
-23
3
21
-6
-47
-42
-16
-2
-14
-22
-24
-27
-41
-35
-16
-13
-35
-47
-49
-48
-35
-21
-13
-36
-47
-21
4
3
7
16
4
1
11
25
23
10
9
23
27
14
16
8
-2
4
24
28
16
10
13
16
28
39
35
30
30
23
12
14
31
27
0
-5
3
-6
-12
1
11
-29
-51
-41
-40
-42
-44
-36
-56
-87
-87
-75
-85
-93
-91
-94
-114
-126
-111
-108
-116
-121
-113
-126
-139
-140
-152
-156
-135
-111
-114
-117
-99
-76
-56
-34
-3
18
16
26
69
116
137
138
138
145
160
179
204
199
177
169
175
191
190
184
169
150
156
168
161
138
118
110
94
97
104
73
34
11
19
11
-17
-35
-40
-54
-83
-86
-75
-77
-104
-120
-116
-110
-105
-99
-97
-92
-95
-96
-86
-72
-48
-41
-43
-33
4
15
12
32
65
83
85
95
103
109
118
130
135
130
111
104
103
100
98
95
85
62
43
38
32
25
26
23
11
-2
-12
-15
-5
5
-7
-27
-36
-37
-22
-8
0
-11
-20
-20
-23
-17
-13
-17
-29
-44
-41
-39
-43
-49
-56
-56
-56
-56
-43
-34
-46
-45
-30
-23
-21
-13
6
14
3
8
28
44
43
45
46
49
45
46
57
64
57
42
43
46
47
45
38
31
14
-3
0
-5
-21
-26
-19
-32
-52
-68
-53
-45
-64
-68
-59
-55
-67
-73
-46
-24
-27
-35
-21
-6
1
10
34
51
54
55
66
93
108
105
112
124
124
124
128
138
121
103
109
115
103
94
82
69
66
64
60
52
43
33
8
0
10
12
6
5
2
-4
-9
-1
13
9
-7
-9
5
-1
-12
-11
2
0
-16
-16
-11
-24
-32
-30
-23
-21
-24
-23
-31
-37
-33
-28
-19
-11
-12
-16
-5
7
20
35
38
33
33
46
60
70
74
74
78
81
84
91
93
86
72
66
79
75
61
49
39
28
26
29
12
-4
-14
-11
-24
-38
-39
-39
-46
-59
-57
-57
-61
-63
-60
-55
-52
-50
-51
-44
-41
-32
-23
-22
-24
-21
-12
-3
-3
12
15
11
6
9
19
21
20
22
19
11
5
20
41
34
23
13
13
21
22
24
30
34
30
25
28
39
50
55
53
49
43
34
42
51
50
38
28
23
25
25
18
7
1
-8
-12
-15
-13
-8
-16
-36
-48
-37
-32
-30
-28
-33
-28
-32
-29
-14
-2
1
5
8
11
19
35
43
43
45
40
44
58
76
81
67
57
62
72
70
70
65
52
35
25
33
43
39
12
-9
-10
-4
-4
2
-3
-15
-15
-8
-1
5
11
4
2
11
17
16
14
14
13
8
10
17
22
15
13
13
17
15
11
18
23
13
6
3
0
-11
-19
-11
-8
-23
-33
-36
-36
-30
-20
-13
-13
-21
-31
-25
-4
15
23
16
8
8
22
36
39
37
32
28
28
33
31
32
36
39
37
25
14
16
19
17
21
11
0
-14
-20
-22
-13
-1
-7
-21
-30
-36
-24
-10
1
6
-6
-7
-1
24
36
30
27
33
42
43
44
44
43
32
28
38
37
30
21
14
20
16
8
2
-10
-11
-7
-3
-9
-2
6
4
-4
2
8
14
23
32
33
23
26
34
42
49
55
52
44
41
51
54
49
48
54
40
32
32
36
41
36
29
25
17
9
15
17
14
0
-12
-23
-30
-26
-24
-25
-31
-33
-28
-25
-19
-17
-12
-4
1
11
18
21
34
42
40
34
40
48
46
48
37
33
30
31
34
34
23
4
0
3
-3
-6
1
0
-11
-19
-23
-15
-17
-11
-1
-1
-4
-3
6
7
14
24
30
32
27
24
32
36
36
38
39
34
19
14
14
21
30
28
17
9
3
0
8
11
7
3
0
-10
-17
-9
-8
-18
-19
-20
-22
-29
-19
-14
-11
-14
-11
-2
-2
-9
-3
3
4
5
10
9
12
12
19
22
17
14
10
16
18
16
5
1
2
6
5
4
5
-3
-8
-4
8
8
-3
-7
1
10
14
16
10
12
16
24
31
26
29
31
35
39
40
40
38
32
32
44
45
32
25
32
33
30
32
36
37
20
13
12
21
16
15
13
11
12
4
5
3
-1
-5
0
-5
-9
-10
-8
2
12
13
5
3
7
14
28
38
33
17
13
20
36
38
30
25
17
16
17
15
7
9
2
6
2
-3
-2
-6
-4
-6
1
6
5
0
-7
-4
-5
-4
-2
-5
-14
-20
-11
-5
-2
2
-4
-7
2
6
10
12
19
14
12
21
23
21
16
23
25
18
15
14
18
19
23
29
25
11
8
17
22
21
10
6
4
-4
12
13
5
3
6
11
14
16
19
22
20
21
19
17
23
28
18
12
8
9
12
10
9
9
6
-1
-9
-6
1
-2
4
7
0
-3
-1
2
1
-4
-7
-6
-6
-6
-1
1
-4
-3
2
9
11
11
15
12
7
18
25
29
17
7
15
15
13
11
6
4
2
1
10
10
-1
-5
-4
-2
-8
-7
-5
-11
-15
-16
-16
-22
-23
-28
-33
-33
-27
-18
-12
-12
-12
-6
12
19
26
27
29
36
40
45
36
35
37
38
34
32
32
32
24
20
23
24
14
4
-1
-8
-11
-18
-23
-23
-21
-28
-26
-24
-28
-24
-18
-10
-11
-10
-2
-2
-1
9
14
12
9
12
22
19
18
20
16
14
9
13
19
18
13
11
7
1
2
6
-2
-13
-19
-17
-17
-20
-27
-28
-21
-16
-23
-27
-25
-27
-15
-3
2
-1
-5
1
17
29
29
29
26
28
28
27
28
23
16
12
18
15
15
1
-13
-6
-9
0
0
-14
-16
-16
-14
-5
-4
-5
-8
-14
-7
4
12
11
6
1
9
21
23
26
23
15
15
24
31
31
24
16
18
18
19
15
9
10
0
-4
-5
-11
-13
-16
-12
-12
-17
-24
-22
-14
-15
-18
-17
-19
-18
-12
-7
-5
-8
-12
-5
1
2
9
13
10
7
14
11
9
17
21
23
19
10
9
4
-1
-1
2
0
-6
-12
-12
-3
1
2
7
2
-3
-1
7
16
16
12
5
5
3
7
16
16
12
8
11
14
11
2
2
-1
-1
5
-2
-4
-12
-15
-14
-7
-4
-10
-11
-14
-6
-7
-9
-3
-3
-4
0
3
7
6
9
17
17
13
14
19
11
10
19
21
17
11
0
-2
3
3
14
20
11
0
-6
-3
0
4
0
-9
-16
-26
-26
-16
-15
-20
-22
-24
-26
-24
-17
-11
-10
-8
-7
-6
-6
-7
-5
-5
-5
-5
-7
-7
-7
-10
-14
-12
-10
-13
-15
-14
-18
-16
-15
-12
-16
-15
-16
-13
-7
-2
0
4
9
5
3
2
15
17
11
9
10
10
2
5
7
-2
-9
-6
-9
-13
-11
-14
-13
-9
-8
-4
-13
-19
-20
-14
-8
-5
-8
-17
-19
-15
-10
-5
1
-7
-7
0
9
17
20
21
14
17
32
41
40
37
35
38
35
38
38
38
36
32
33
32
19
18
14
11
8
3
2
-1
-9
-14
-15
-19
-23
-26
-25
-27
-26
-28
-31
-28
-29
-29
-19
-14
-12
-14
-14
-12
-11
-3
-5
-9
-11
-8
-2
-8
-17
-11
-11
-15
-15
-12
-11
-16
-15
-11
-7
-12
-15
-12
-10
-6
-6
-8
-8
-4
-5
3
3
0
5
3
6
9
17
15
7
10
15
19
11
9
9
2
-1
-4
-7
-15
-21
-23
-21
-22
-24
-28
-35
-39
-34
-28
-28
-28
-38
-40
-38
-34
-28
-25
-24
-25
-21
-16
-4
-9
-7
-5
2
8
8
9
9
5
9
21
15
14
7
-1
2
-1
2
1
-11
-21
-22
-20
-20
-22
-24
-27
-34
-33
-29
-29
-30
-38
-34
-31
-28
-27
-28
-28
-22
-14
-12
-11
-9
-11
-6
-2
2
2
-5
-6
-3
0
-1
-6
-14
-16
-18
-18
-15
-16
-15
-15
-19
-17
-18
-16
-12
-10
-7
-7
-3
-4
-6
-2
5
4
6
5
5
5
1
4
1
-4
-5
-4
-8
-13
-12
-16
-14
-17
-17
-18
-22
-28
-34
-35
-36
-36
-34
-34
-36
-40
-38
-37
-35
-26
-24
-21
-18
-17
-11
-5
1
10
9
11
15
20
15
20
24
20
13
11
16
14
12
10
11
10
6
3
6
7
1
-4
-10
-15
-15
-21
-23
-27
-28
-31
-29
-28
-29
-26
-24
-22
-20
-19
-21
-19
-18
-15
-13
-8
-8
-17
-12
-8
-7
-13
-12
-4
-7
-6
-9
-8
-10
-9
-6
-8
-12
-10
-12
-16
-16
-11
-12
-16
-19
-22
-26
-21
-16
-11
-10
-10
-3
0
3
4
3
4
3
0
-2
2
0
-1
-4
-9
-11
-17
-19
-24
-16
-15
-22
-24
-20
-19
-22
-20
-20
-19
-25
-19
-16
-17
-16
-16
-16
-10
-5
0
6
9
12
14
21
21
20
23
21
22
19
17
15
10
4
3
6
7
-6
-4
-6
-10
-7
-7
-7
-11
-7
-12
-16
-12
-13
-12
-14
-20
-17
-14
-16
-18
-23
-24
-26
-24
-20
-25
-31
-24
-20
-19
-15
-15
-24
-23
-22
-25
-21
-23
-25
-26
-33
-33
-30
-33
-36
-34
-31
-30
-28
-25
-23
-21
-18
-17
-9
-14
-13
-9
-10
-13
-18
-19
-19
-19
-17
-9
-16
-18
-13
-10
-10
-11
-11
-13
-9
-12
-11
-10
-11
-13
-14
-13
-18
-17
-16
-20
-15
-15
-16
-18
-15
-15
-14
-10
-4
-3
-3
-1
0
4
2
-1
2
3
-1
1
7
2
1
0
-1
-1
-1
1
-2
-7
-8
-11
-15
-15
-17
-16
-23
-28
-23
-23
-20
-26
-23
-14
-16
-19
-7
-4
-1
3
6
9
7
11
8
0
0
1
-1
-2
-3
-10
-11
-14
-15
-16
-13
-14
-19
-17
-15
-16
-13
-5
-8
-10
-11
-12
-7
-2
-3
-1
-2
0
-2
-2
-3
-1
2
0
0
-2
2
-3
-1
-6
-12
-8
-8
-11
-10
-11
-14
-14
-13
-15
-12
-15
-12
-7
-10
-5
-5
-4
-1
-1
2
6
8
8
10
11
14
16
18
22
27
26
25
25
25
24
23
26
23
26
20
16
12
4
6
3
0
-1
-1
0
-9
-10
-13
-17
-22
-20
-18
-26
-26
-28
-26
-28
-29
-31
-30
-26
-27
-25
-22
-20
-23
-21
-15
-16
-12
-10
-8
-8
-5
-7
-8
-2
-7
-5
-8
-7
-8
-14
-15
-10
-4
-5
-10
-2
-4
-5
-3
-2
0
4
6
-3
-2
3
2
1
2
1
3
-4
-6
-6
-8
-6
-4
0
-2
-10
-8
-5
-9
-10
-13
-13
-15
-17
-17
-15
-13
-13
-11
-10
-10
-5
-2
-2
3
8
10
12
15
12
17
18
16
18
18
17
18
14
16
19
18
16
12
16
16
15
8
4
6
7
7
5
0
-5
-6
-9
-6
-6
-11
-12
-13
-14
-9
-6
-6
-5
-4
-2
-3
-3
-5
-4
-3
-6
-2
-7
-5
-6
-4
-5
-6
1
-1
3
11
55
53
14
-13
-34
-68
-72
-37
-20
-19
-12
-1
-24
-32
-24
-17
-28
-5
11
4
-2
6
-3
-13
3
13
6
-2
4
4
-7
56
102
47
12
23
-12
-54
-17
-9
-41
-46
-8
-29
-66
-64
-30
-29
-20
23
11
-20
-30
-6
-23
-19
15
37
48
24
27
11
-10
-37
4
12
6
28
38
11
-22
-8
-10
-28
-5
53
15
-28
-21
-33
-59
-26
11
11
7
1
-12
-34
-40
-15
-6
3
4
-20
-41
-39
-41
-28
0
-4
-14
-23
-28
-38
-13
1
6
-1
9
26
-8
-15
13
10
-7
37
41
14
6
24
15
-6
-7
-3
-9
-5
-7
-8
-3
-22
2
8
-2
0
0
19
8
5
27
10
-6
-4
24
-2
-11
8
-4
-1
-9
-18
-20
-15
-26
-27
14
-11
-30
-2
-36
-17
-26
-27
-12
-14
-14
-14
5
2
-16
3
14
-17
24
21
-1
2
34
20
29
32
34
16
-6
36
38
11
39
43
33
29
23
34
27
1
8
8
12
-5
-17
5
-13
-43
11
5
-5
-13
17
14
-33
-2
21
20
-9
29
34
-18
11
32
-27
8
32
-5
17
-6
-27
-8
-22
-15
1
2
-15
-5
-8
-19
-14
9
-5
-16
1
-19
0
-38
-34
7
-28
-12
7
-25
-18
-10
-18
29
-10
-6
33
-8
-11
24
-9
20
52
-4
5
45
-46
-31
49
5
-43
27
23
-95
-24
41
-45
-60
37
4
-74
-12
24
-28
-64
48
0
-25
-33
59
-14
-49
51
15
-34
23
41
-31
15
26
-2
12
60
-32
3
63
-31
20
4
43
-12
-18
61
8
-32
9
26
-27
0
-3
5
-34
-21
22
0
-49
22
4
-4
-50
44
-17
-26
10
35
-31
-10
29
-35
52
-7
14
20
2
-61
65
16
-29
45
29
-72
18
11
-15
1
30
-11
13
1
2
-5
-8
13
-10
24
-9
-39
-6
3
-17
-32
28
-17
-30
-27
28
-13
-51
44
22
-22
14
25
-14
-29
2
48
-64
16
6
-10
-57
27
3
-24
-37
17
-9
-31
-34
26
31
-66
-6
42
-8
-78
55
9
-61
-40
24
-10
-59
-4
74
-114
29
44
-60
-16
39
15
-61
70
3
-59
34
1
-35
9
-2
-43
-10
0
-47
-54
35
-17
-88
23
-31
-27
-60
43
-55
-10
-36
38
-26
-85
51
-28
-93
60
1
-47
-5
12
-28
-64
49
-22
-44
4
-2
-15
-20
-11
18
-77
42
9
-60
-17
59
-83
-13
41
-19
-38
0
8
-37
-15
16
-14
-20
-14
-22
-42
45
-71
-36
29
-2
-85
1
74
-137
-45
94
-20
-136
87
10
-88
-22
72
-62
-29
5
3
-44
-21
30
-39
-33
0
22
-51
12
2
-30
-11
30
-21
32
0
-33
23
9
-19
26
16
-19
-2
27
-24
8
-9
-14
30
-17
26
-16
-55
34
-11
-18
8
35
-47
-21
16
-21
-9
-24
1
11
-52
-47
40
-54
-12
-7
36
-37
-46
9
-37
-67
24
-12
-56
-12
-29
-66
-2
-73
2
-21
-60
3
-17
-59
-54
2
-79
2
-41
-19
-43
-88
10
-43
-59
4
-8
-70
-2
-6
-31
-15
-4
8
7
-20
13
35
-66
-13
50
-25
-48
40
-6
-68
19
-12
-20
-30
-19
-22
-15
-28
-25
-42
5
-71
-14
36
-117
-22
27
-50
-60
50
-20
-69
11
48
-56
-23
21
-22
-6
-18
4
7
-37
-28
35
-37
-50
36
-31
-58
-1
7
-60
-42
31
-59
-12
-28
0
-18
-89
12
1
-58
-31
18
-36
-26
-15
11
3
-45
-9
44
-34
-31
17
0
-52
-4
28
5
-49
19
-8
-33
-14
35
-5
-67
15
-11
-42
2
8
-9
5
-18
14
-9
33
-36
23
23
0
-17
21
-7
-30
1
25
-13
1
-21
-15
-5
-36
30
-20
7
-25
-22
-10
10
-75
11
35
-62
-43
39
-27
-116
23
12
-71
-26
52
-72
-49
8
-22
-18
-33
30
-12
-39
-7
10
-66
-2
27
-38
-24
-7
-48
-32
-15
-35
-10
-4
-60
-54
8
-80
-33
-23
-12
-59
-47
27
-84
-85
27
-57
-74
-7
-1
-98
-62
39
-65
-81
12
1
-74
-45
19
-50
-59
6
-45
9
-44
-49
33
-58
-42
10
-32
-11
-51
12
-19
-56
-8
-16
-1
-81
4
13
-68
-35
42
-35
-59
-13
32
-76
-28
18
-13
-55
-15
42
-56
-18
41
-27
-43
3
6
-28
-49
21
-12
-48
-22
18
-28
-18
-12
17
-23
-33
2
-23
-11
-18
-42
33
-46
-26
36
-16
10
-7
1
58
-19
-7
45
-47
17
-13
22
-16
-3
10
-18
5
10
7
13
-20
5
20
-28
-11
20
-11
-41
33
-40
-42
36
-63
10
-8
-28
20
-50
24
-31
-32
10
-14
0
-42
13
-14
-57
38
-23
-55
60
-32
-57
4
-31
-9
-52
-16
-17
-7
-117
6
35
-144
-13
55
-72
-76
50
-44
-50
-1
-4
-38
-5
-12
-39
-19
-6
-43
-19
32
-25
-25
11
2
-68
24
2
-30
14
13
-20
7
-15
-8
5
-23
-31
50
-41
-45
7
-11
-65
15
-7
-25
-14
-19
-76
29
-26
-66
25
14
-65
-36
51
-47
-47
29
-3
-25
15
-10
-19
6
14
-35
17
32
-12
-60
45
-16
-31
-16
70
-37
-20
33
3
-24
-24
27
-12
8
-28
9
35
-52
-13
55
-16
-50
63
17
-42
-13
38
4
-35
24
18
-8
-26
-10
56
-57
-1
58
-19
-39
26
33
-19
-7
42
7
-55
66
-8
-6
0
4
39
-27
-3
73
-13
-18
72
23
-33
50
44
-22
15
19
16
-4
-1
37
-14
9
11
7
53
-39
30
76
-18
-40
84
11
-42
15
93
-61
-18
38
18
-28
-57
100
-1
-85
63
47
-57
-26
66
18
-85
67
64
-84
0
75
-37
-54
38
36
-100
50
14
-41
-21
8
16
12
-31
-25
27
25
-106
21
91
-106
-1
80
-1
-89
25
86
-64
-54
103
-9
-58
5
57
-37
-9
32
25
-26
3
27
15
-64
39
29
-70
20
1
-23
-16
-15
12
21
-36
-14
73
-5
-124
99
32
-107
51
58
-66
-31
32
8
-26
-15
31
-12
-40
14
57
-58
-1
80
-34
29
36
-21
38
-43
27
47
-50
12
0
11
1
-36
68
15
-65
48
60
-27
3
37
21
2
-12
66
-12
5
9
14
6
26
-24
27
30
-9
15
26
11
10
30
-24
54
18
-30
73
34
-17
29
36
24
-17
34
17
21
-5
18
22
-1
33
27
16
38
7
-9
31
23
-39
50
39
-47
15
26
0
-9
-11
41
5
-52
45
30
-49
-27
71
-1
-60
59
35
-45
-6
53
-25
-11
28
-16
-11
3
6
14
-33
8
-25
7
-21
31
-22
-39
42
-7
-25
20
13
-2
10
5
28
-39
19
1
8
3
23
-1
6
-19
-19
9
-5
-25
1
-25
-21
-1
-6
-10
-19
-3
25
-54
-19
52
-39
-45
61
-28
-29
20
-1
-10
14
-17
-6
29
-32
-44
75
-22
-54
68
-22
-55
19
21
-67
26
26
-23
-7
10
-9
20
-18
18
74
-38
-15
56
0
-19
10
58
-13
-30
23
28
-21
-25
49
32
-25
3
51
-2
-8
-16
66
-22
-38
77
2
-66
62
53
-93
40
77
-46
-41
131
-20
-87
89
35
-40
32
62
-26
21
31
-17
52
35
-46
50
49
-60
10
91
-50
-44
110
10
-72
64
30
-22
3
55
37
-54
14
57
-39
12
3
44
-15
-37
14
5
-48
-25
1
9
-28
2
-13
-3
-15
-11
22
-1
-27
2
5
-43
22
-17
-13
26
2
-44
30
-9
-11
-17
-3
7
-19
-20
10
-50
-16
-35
-44
23
-44
-5
-9
3
-37
-43
46
-17
-50
76
-46
-43
9
-3
-28
-29
26
-27
-19
-45
12
-21
-42
-23
36
-4
-83
33
9
-85
-34
28
-52
-75
42
-39
-56
-21
-9
-43
-15
0
0
-26
-14
-4
-4
-34
-26
21
-14
-21
-36
62
-29
-73
29
56
-109
3
89
-67
-50
57
15
-66
-7
50
-46
-46
30
18
-65
-16
33
-23
-38
22
7
2
-19
29
11
-29
16
4
9
21
-15
44
-1
-19
19
20
15
-32
25
9
-31
-17
40
-11
-33
35
33
-38
22
43
-27
19
15
20
0
23
28
-4
11
-14
21
-19
18
-1
-12
0
4
-49
26
-5
-49
40
20
-26
-33
50
-38
-20
32
-48
4
-12
-38
20
-30
-23
15
-4
-3
-30
1
12
-28
-6
13
-15
23
-39
23
10
-26
-8
31
14
-63
28
45
-65
-10
64
-31
-19
-1
27
-16
-42
28
10
-42
10
15
3
-48
-14
16
-10
-57
17
10
-83
21
-17
-42
-7
-8
-28
-11
17
-55
20
1
-74
2
15
-80
0
35
-68
-22
22
8
-88
29
9
-61
-24
31
-40
-71
41
-30
-66
13
1
-45
-9
-35
29
-56
-50
48
-21
-81
22
17
-67
-35
42
-29
-39
-3
19
-1
-67
45
13
-54
10
46
-7
12
-43
61
-4
-85
52
70
-54
-56
89
-12
-74
47
58
-26
-8
24
46
-37
-37
49
20
-47
21
83
-27
-45
74
26
-53
12
76
6
-53
56
36
-32
1
44
43
-19
2
18
6
-31
-21
41
-38
-32
28
-19
-38
8
-4
-28
-8
19
10
-30
14
13
-15
-19
14
32
-23
-9
56
-14
-19
-4
32
-8
-74
88
26
-112
29
62
-90
-23
40
29
-113
-10
64
-55
-69
51
21
-49
-28
80
-19
-46
7
40
-29
-71
58
56
-76
15
75
-37
-48
45
36
-78
-1
42
-4
-35
-8
8
7
-57
-3
61
-33
-91
58
15
-112
14
54
-59
-52
46
15
-100
4
40
-66
-27
26
-18
-48
-20
0
-13
-26
-12
28
1
-55
10
37
-82
-24
55
-46
-30
59
-15
-30
19
-7
0
-5
8
2
9
-35
0
10
-37
-1
14
14
-11
4
28
-23
4
7
35
-8
-8
30
-17
7
28
-30
6
63
-39
28
38
-17
2
8
2
7
13
-13
31
2
-33
16
15
-27
-6
36
-10
-24
14
22
-30
-3
44
-9
-14
22
-1
13
-5
-7
38
-10
-27
33
21
-40
-1
30
3
-30
35
22
-32
27
-7
1
-2
-21
-9
27
-38
-24
46
-29
-20
35
21
-55
23
22
-35
12
14
-12
16
22
-29
1
42
-27
-28
45
8
-47
3
20
-44
-9
-5
-31
12
-16
-75
37
-13
-63
8
25
-27
-43
45
-37
-52
5
-36
-15
2
-13
29
-40
-39
23
-39
-17
-3
1
-12
-58
-27
-1
-53
-35
-5
-1
-25
-46
2
10
-40
-52
56
-10
-53
7
25
-42
-22
24
-9
-31
20
4
-20
4
-15
-9
-17
3
-18
-8
-11
-42
-2
-18
-65
7
-10
-53
10
9
14
2
3
31
19
6
26
39
22
-4
14
33
-15
3
40
4
-4
38
-2
-6
-3
28
20
0
25
20
-26
21
-10
-15
29
-10
-16
40
24
-69
34
21
-34
9
49
-15
19
28
4
-5
8
26
3
27
5
-16
0
2
-32
3
8
21
-13
-12
24
-26
-23
23
22
-13
16
-9
6
-7
-45
-5
20
7
-41
35
38
-40
-15
75
4
-40
51
35
-47
3
31
-32
2
0
-5
-18
-3
-41
-29
-20
-29
-29
5
-12
-39
20
-6
-15
-18
20
-11
-18
10
-15
-5
-22
-24
-39
20
-32
-36
11
5
-17
-40
15
-18
-45
-14
12
-10
-56
-13
-5
-61
-24
-20
-57
-14
-28
-52
13
-59
-50
-6
10
-35
-47
21
1
-64
-4
59
-48
-20
19
27
-29
-35
47
0
-52
20
21
2
-32
4
49
-36
-26
28
9
-29
-15
7
16
-37
0
22
10
-36
34
3
4
-6
19
2
-29
10
16
0
-17
14
10
-19
-4
39
-15
-27
36
8
-14
21
34
-11
-8
30
8
-6
43
-17
19
15
26
13
9
20
16
1
42
3
-10
-3
6
6
7
-5
-4
3
-7
8
7
14
19
-3
5
21
-5
5
16
9
-7
5
2
11
-1
3
11
0
5
-7
-15
-6
2
-5
-18
10
0
-5
-35
41
-4
-28
5
0
-7
4
-6
5
-6
-16
14
-12
1
-8
8
-4
4
10
8
5
-10
34
8
-24
33
16
-37
-27
8
-7
-48
11
7
-36
-9
-5
-23
-3
-4
-21
13
-16
-18
-18
-12
-24
2
-30
-8
-7
-55
-9
-29
-37
11
-4
-42
28
-6
-24
-10
5
-8
-16
14
-10
-19
-7
-9
-17
-8
9
-2
-20
-8
17
-38
-27
42
-14
-12
28
34
-13
-25
50
14
-2
19
50
11
-13
17
26
-14
4
25
14
12
17
17
25
1
8
52
23
-21
47
18
-14
-36
45
9
-43
-2
77
-55
-45
40
22
-45
-45
97
-35
-30
25
34
-46
-26
40
21
-40
52
25
-3
7
35
27
0
33
49
20
10
30
-4
28
-5
14
20
19
-10
12
25
-12
-19
21
32
-29
26
30
-14
-15
44
-26
-21
50
-5
36
-17
50
-1
-3
3
26
-19
-9
17
-10
6
-22
-1
-18
-19
-12
12
-24
-4
-19
-18
-5
-32
6
21
-18
-16
14
4
-58
-18
37
-4
-63
25
13
-53
-26
16
39
-75
1
41
-20
-33
11
26
-34
-10
12
-3
-19
-17
-19
8
-28
-34
46
-57
-9
24
-9
-7
-7
2
-9
-8
27
-1
-10
17
-8
-18
8
-21
10
-8
-19
17
-8
-39
34
-20
-41
37
-18
-12
12
-6
13
-19
14
31
-7
8
31
-24
21
-5
1
43
-11
-16
18
27
-29
25
42
3
18
26
14
19
5
20
38
13
19
26
23
18
4
27
31
9
14
54
6
23
16
42
13
12
67
9
29
40
-8
26
25
-1
28
45
22
12
35
19
-2
15
47
3
18
18
35
-14
-3
52
-3
1
55
14
15
33
-9
10
39
-7
6
65
13
-3
30
28
9
-9
30
31
17
5
30
24
-5
18
54
23
23
37
30
24
13
28
17
1
31
-9
7
25
-7
-32
25
-22
-38
44
6
-51
39
4
-35
26
15
-1
-5
-14
10
-25
-42
-12
-3
-42
-36
4
-29
-29
-24
-18
-4
5
-16
-1
16
-9
-22
17
7
-32
-17
10
5
-42
6
10
-47
6
23
-24
-18
36
-10
-37
39
-14
-26
26
-29
-5
12
-37
10
-3
-23
42
-12
19
28
-14
14
19
15
2
20
23
-21
13
7
-6
3
-8
20
5
-24
35
-3
-40
20
4
-26
6
11
-4
14
7
-5
11
21
-3
12
21
36
-17
2
-2
26
-50
0
60
-28
-20
28
2
-37
19
4
13
20
10
-17
28
26
-24
3
67
-30
-3
60
15
-63
60
28
-47
35
46
-39
-9
34
-28
-5
1
18
-19
1
-13
-1
10
-12
-5
24
-5
-24
15
42
-8
-24
44
23
-30
3
56
-17
-34
26
3
-45
-7
14
-38
-38
-22
13
-68
-6
-6
-17
-14
-18
-2
-10
-2
-33
42
-3
-45
-8
29
-46
-25
33
-7
-57
-6
22
-58
-29
17
-10
-24
-22
-27
9
-19
-32
11
27
-37
-24
25
-2
-24
22
15
9
-30
-6
20
-27
2
15
15
6
-9
-11
32
-14
-18
30
-11
-19
-4
9
-14
-15
-28
2
9
-36
-25
19
-12
-51
2
-5
-29
-29
13
-11
-38
-13
17
-11
-29
22
14
-23
-4
14
-1
-16
6
-2
8
-17
-5
13
-16
-11
-18
14
-8
-16
-21
1
-13
-45
18
0
-13
18
-19
-9
33
-18
-8
32
-1
6
3
24
-5
0
2
20
14
1
-1
20
18
-23
31
-14
8
-9
-17
9
-16
-10
3
-15
-12
33
-9
-13
48
14
-1
4
23
4
-23
18
12
-26
-15
1
-10
-38
-18
13
-52
-8
13
-36
-18
0
9
-34
7
29
-19
-20
17
-12
-19
-14
-37
1
-41
-20
-33
-21
-31
-48
-8
-27
-49
-15
2
-47
-19
8
-27
-17
-10
-17
-15
-31
-9
-14
-36
-41
-5
-28
-43
-15
8
-33
-12
17
-14
-8
2
7
-8
-19
4
-3
-26
-22
1
-7
-39
-18
16
-42
-28
10
0
-31
-16
10
-16
-1
-12
4
19
-28
5
28
-2
-2
11
21
-39
-1
31
-35
-14
23
-35
-24
1
-14
-35
6
15
-46
5
10
-35
0
27
-3
14
27
-5
-6
27
-4
-3
32
6
-8
14
-9
-9
0
-17
18
4
-5
23
15
-7
32
16
-13
32
4
11
2
1
-6
-23
11
-6
-29
-10
-12
-26
-24
9
-4
-23
4
9
-10
17
31
-11
33
19
-5
32
10
-23
15
7
-25
1
2
-14
-13
1
-22
-7
5
-15
17
0
-21
3
11
-30
-3
20
3
-14
13
14
-26
9
8
-3
5
11
-13
7
5
-31
-8
7
-22
-13
-6
-13
-14
-26
-17
-16
-8
-29
-18
5
-19
-24
-13
-6
-33
-17
2
-11
-14
-15
-20
-9
-27
-20
16
-11
-19
6
14
-16
-5
24
-13
3
3
-9
19
-26
-31
24
14
-36
1
27
-38
-41
29
15
-28
7
29
-9
-7
30
14
-11
24
20
-17
26
15
-23
2
5
-18
-7
7
-12
-32
-3
-9
-29
-7
-4
-16
-7
-12
8
-11
-14
5
-3
6
12
-8
18
5
-14
-6
15
8
-21
-3
30
-10
-30
26
13
-21
-3
35
0
2
16
3
0
11
0
-2
9
-1
-18
5
-14
-21
-3
-4
-12
10
13
-14
0
15
-3
7
7
1
10
9
-20
-11
-8
-20
-29
3
-14
-18
0
-23
3
18
-8
19
43
6
3
32
18
8
-15
11
8
-11
-15
1
-2
-29
-23
-3
-12
-26
15
14
-11
1
6
-12
-14
7
-6
-15
-14
-3
-38
-36
-18
-37
-16
-9
-24
-17
-22
-41
-23
-25
-26
-17
-10
-18
-21
-16
-22
-26
-17
-11
-2
-12
4
-8
-42
-22
-5
-31
-29
6
-17
-28
-15
-9
-14
-31
-2
16
-15
-10
0
-5
-19
-6
1
-5
-9
-15
-10
-3
-24
-23
12
-6
-30
-1
3
-19
-20
3
-1
-19
-6
-7
-15
-9
-11
-12
-1
-11
-13
-10
-12
-29
-18
-9
-25
-30
-24
-20
-34
-37
-22
-13
-26
-30
9
-13
-29
8
4
-22
-2
-5
-5
-13
-24
-12
-12
-10
-15
0
-1
-26
-12
14
-9
-11
17
8
-10
-3
9
-4
-11
0
-2
-13
-11
-10
-12
-10
-14
0
1
-10
1
0
-7
4
10
1
-4
-1
-8
-13
-9
-10
-10
-8
-12
0
-1
-14
-3
5
-2
-5
10
-5
-14
-1
-7
-12
-4
-12
-16
-8
-18
-11
-3
-9
-8
-8
-6
-14
-11
-12
-11
-13
-13
-15
-20
-22
-23
-22
-15
-24
-25
-12
-17
-22
-18
-13
-13
-12
-5
-11
5
-3
-22
-1
-3
-23
-13
2
-18
-20
-12
-21
-24
-16
-13
-12
-9
-9
-10
-14
-9
-11
-14
-3
-11
-14
-15
-8
-18
-13
-3
-12
-17
-7
-4
-7
-10
-6
-6
-18
-12
-4
-13
-14
-6
-16
-19
-20
-22
-15
-5
-10
-16
-4
-4
-18
-10
-2
-7
-13
1
0
-20
-15
-10
-10
-11
-9
-6
-1
-14
-22
-5
-5
-20
-13
3
-5
-23
-12
-2
-18
-27
-15
-13
-21
-30
-13
-10
-31
-24
-10
-18
-27
-16
-15
-21
-24
-23
-17
-20
-23
-18
-7
-12
-19
-10
-3
-15
-5
10
7
2
0
9
2
-2
0
2
4
-2
-9
3
1
-11
5
8
0
10
8
7
3
0
4
6
-2
-6
-1
1
-15
-9
-6
-11
-10
-8
-10
-15
-7
-7
-7
-10
-10
-10
-14
-17
-12
-6
-12
-15
-16
-21
-19
-16
-19
-21
-14
-14
-15
-14
-10
-9
-14
-5
-8
-10
-7
-9
-14
-15
-14
-18
-11
-20
-19
-10
-9
-13
-4
-5
-8
-3
3
-1
-9
8
0
-7
2
3
-10
-3
-3
-8
-3
-1
-2
3
-4
-9
-1
1
-1
1
0
-1
4
1
5
2
4
1
-6
1
-2
-7
-10
-5
1
-7
-17
-3
-8
-20
-19
-12
-14
-18
-12
-5
-12
-9
-3
-9
-6
-8
-9
2
-6
-12
-8
-15
-12
-5
-4
-7
-8
-7
-5
-7
-3
-1
-1
-4
0
1
0
0
2
-2
-4
4
3
3
-5
2
1
-3
-2
-3
-3
2
2
4
9
5
7
14
11
13
20
13
6
13
7
4
10
10
7
11
14
9
9
19
10
2
14
6
-3
-1
-1
3
7
6
4
3
7
3
6
9
5
3
7
7
1
9
11
9
4
13
16
5
11
19
10
8
14
12
9
4
9
7
-4
1
4
1
2
4
5
6
0
-2
7
7
5
8
14
4
3
10
7
7
0
7
2
0
7
0
4
12
7
12
13
10
7
10
8
10
6
1
7
5
-6
-7
-7
-8
-14
-9
-5
-15
-12
-13
-17
-14
-3
-4
-13
-13
-7
-6
-5
-6
-1
-3
-5
-1
-3
-6
-10
-10
-9
-12
-15
-14
-9
-11
-9
-7
-7
-12
-8
-4
-2
-1
-5
0
-4
-8
-6
-4
-5
-10
-9
-7
-10
-16
-11
-11
-8
-15
-9
-1
-12
-8
2
-5
-8
-1
-5
-7
-8
-7
-8
-10
-6
-3
-2
-5
-3
-4
-4
1
5
4
-1
2
1
0
4
4
9
12
7
9
9
2
4
11
10
1
7
10
2
0
6
5
-1
4
7
2
2
7
0
-1
1
1
-1
5
6
2
3
3
-2
2
3
4
3
3
11
2
6
3
4
8
7
9
8
10
6
1
3
1
0
8
6
-3
-1
7
2
-6
9
14
6
8
13
10
6
0
7
9
-2
3
7
6
-3
0
-1
-1
0
3
9
0
1
4
-1
-4
2
0
1
4
0
3
2
-4
2
2
-3
0
1
-6
-4
-3
-6
-4
0
2
1
-3
-1
-4
-10
-9
-11
-7
-11
-10
-10
-14
-18
-12
-8
-12
-11
-4
0
-11
-5
-1
-8
-2
-2
-4
0
-4
0
7
-1
-3
7
-1
-9
-9
-9
-11
-5
-7
-4
0
-6
-7
-3
1
-4
-2
1
3
1
-1
1
0
2
-3
4
-1
-2
2
3
1
1
1
-2
1
2
2
-4
-3
-7
-4
-1
-1
-5
-7
-2
-8
-5
-1
-3
5
6
3
8
4
2
7
6
10
13
13
11
11
9
9
10
6
8
7
5
7
6
8
8
6
9
9
4
8
11
7
8
12
10
7
9
7
4
6
5
6
8
5
6
6
7
4
3
6
7
7
11
17
8
8
10
3
3
6
0
-5
-2
-1
-8
-11
-9
-7
-9
-7
-4
-1
-2
-9
-6
-6
-5
-1
-2
-1
1
-2
-3
-6
-9
-3
1
-3
-5
0
0
-1
-5
-6
-2
-5
-8
-3
-4
-7
-6
-7
-8
-8
-10
-9
-7
-13
-8
-10
-11
-10
-15
-12
-13
-9
-6
-3
-11
-10
-3
-4
-4
-4
1
-2
-8
0
-1
-7
-6
-6
-13
-10
-9
-1
-6
-11
1
-2
-7
-3
-3
-3
1
0
0
0
-2
-5
-4
-6
-7
3
1
-5
-9
-3
-2
-3
2
7
1
3
7
5
7
4
7
2
3
5
4
6
3
5
4
7
7
14
15
13
13
11
11
12
7
6
9
7
4
4
6
2
4
7
12
12
17
16
10
6
5
6
8
5
4
9
5
2
6
5
3
0
1
1
-3
-3
-7
-7
-8
-9
-1
-3
-7
-2
-7
-10
-10
-10
-13
-14
-15
-16
-20
-23
-21
-21
-26
-24
-19
-18
-24
-25
-17
-19
-21
-16
-15
-17
-16
-15
-15
-19
-11
-13
-10
-7
-11
-9
-10
-12
-11
-5
-14
-15
-13
-14
-13
-10
-12
-10
-13
-15
-13
-12
-14
-16
-22
-23
-19
-23
-22
-19
-17
-19
-18
-15
-16
-20
-16
-11
-16
-18
-17
-16
-18
-19
-20
-21
-17
-18
-21
-17
-18
-19
-16
-21
-12
-14
-15
-17
-17
-16
-17
-15
-11
-11
-13
-8
-8
-8
-10
-6
-9
-4
-5
-10
-8
-8
-4
-3
-6
2
2
1
-1
-2
-1
-3
2
0
3
1
-4
-2
5
-3
-5
-1
1
-2
-7
1
1
1
0
-1
6
0
-1
-3
-3
-4
-5
-7
-4
-3
-6
-4
-7
-9
-8
-6
-7
-3
-4
-7
-4
-8
-3
-8
-14
-6
-2
-3
-5
-2
-3
-1
3
-1
4
-1
2
1
1
2
2
3
5
3
5
5
0
1
0
-4
-6
-4
-3
-5
-8
-3
-1
-2
0
-7
-9
-6
-6
-5
-5
-4
-5
-2
-1
-5
-3
-4
-5
-6
-8
-12
-14
-13
-23
-24
-22
-25
-18
-13
-16
-18
-11
-7
-16
-14
-10
-20
-14
-15
-17
-16
-18
-17
-20
-20
-20
-20
-19
-19
-18
-18
-19
-14
-12
-10
-10
-9
-8
-3
-3
-2
-3
-5
-9
-8
-3
-13
-13
-7
-10
-9
-8
-10
-7
-5
-5
0
-1
-1
0
-2
-6
-8
-8
-8
-13
-6
-3
-9
-10
-14
-11
-13
-11
-11
-5
-6
-8
-5
1
-3
-3
2
1
3
5
4
0
0
-2
3
6
-1
7
4
2
3
6
9
7
8
8
10
12
13
9
12
15
11
8
12
8
5
2
6
5
2
8
4
0
1
1
-3
2
1
0
4
-2
0
6
1
2
1
2
-5
-2
0
1
-3
-3
3
2
3
0
1
-3
-3
-7
-6
-1
0
-1
-3
2
-1
-3
0
3
2
2
3
2
0
4
-2
0
3
2
-1
0
-3
-4
-6
-2
-3
-2
-4
-6
-8
-11
-11
-12
-13
-18
-13
-9
-15
-16
-12
-15
-13
-13
-7
-7
-7
-6
-4
-7
-7
-10
-11
-5
-9
-12
-9
-11
-6
-9
-13
-9
-4
-4
-4
-3
-1
3
4
5
5
5
0
5
3
1
0
0
-3
-2
0
-1
-1
3
5
7
8
7
5
5
7
4
-1
6
5
3
5
3
3
3
3
2
0
1
2
2
1
5
-3
-4
-6
-5
3
3
0
-3
0
-3
1
0
-2
0
2
4
4
5
9
7
8
3
5
4
2
2
3
5
3
4
1
7
9
9
8
7
3
6
12
10
10
10
10
10
6
9
6
9
8
10
10
8
10
9
11
4
5
2
0
0
-4
-3
-3
-4
-7
-4
-7
-6
-9
-9
-7
-3
-3
-7
-9
-6
-7
-9
-10
-14
-14
-13
-14
-16
-9
-12
-9
-10
-10
-10
-14
-15
-15
-11
-8
-11
-14
-8
-6
-10
-8
-4
-8
-11
-7
-7
-13
-13
-12
-15
-15
-12
-15
-19
-19
-13
-16
-15
-12
-8
-9
-15
-10
-11
-10
-11
-9
-12
-9
-9
-13
-11
-10
-12
-6
-2
-7
-10
-11
-10
-14
-15
-16
-13
-14
-18
-13
-11
-16
-20
-13
-13
-18
-13
-5
-5
-8
-5
-7
-8
-3
-6
-2
-1
-2
2
-3
4
5
6
8
3
8
6
0
0
1
0
-1
2
3
-5
0
0
1
4
3
7
6
3
0
2
2
-3
-4
1
-1
-5
1
1
-5
-5
-6
-4
-6
-7
-7
-10
-5
-9
-7
-1
-7
-9
-6
-7
-10
-6
-7
-8
-10
-10
-8
-11
-6
-7
-8
-5
-7
-9
-9
-10
-10
-11
-9
-6
-8
-7
-2
-4
-4
-3
-6
-5
-6
-7
-10
-11
-15
-11
-12
-16
-15
-22
-22
