5
5
6
1
0
4
7
9
5
10
8
10
6
9
5
2
3
5
8
9
14
9
8
5
7
10
6
8
9
7
9
3
5
9
7
3
9
6
4
5
6
6
10
14
12
12
8
10
8
8
10
11
8
8
9
6
6
7
8
9
6
6
4
6
7
6
14
7
6
3
5
11
10
12
7
10
13
11
6
11
14
9
10
7
5
6
3
0
3
-2
-1
-5
-1
3
0
-2
-4
-2
-5
-4
-7
-4
-8
-8
-11
-12
-10
-9
-7
-7
-8
-11
-9
-8
-11
-12
-12
-13
-13
-12
-8
-9
-16
-11
-17
-19
-18
-17
-15
-13
-14
-12
-11
-10
-10
-10
-9
-9
-3
-5
-7
-11
-10
-10
-12
-12
-9
-8
-8
-9
-7
-6
-5
-4
-3
-2
-5
-5
-4
-4
-10
-9
-10
-9
-9
-14
-10
-7
-8
-12
-8
-11
-12
-7
-5
-5
-9
-7
-6
-2
0
1
3
-2
-3
1
-1
-2
5
1
0
1
3
6
3
2
5
6
4
9
8
8
10
4
5
4
7
5
4
3
3
-1
-3
1
0
3
1
-3
1
1
3
6
7
8
9
11
7
4
8
5
3
4
6
4
0
5
0
0
2
3
7
3
6
3
4
9
3
4
5
5
0
6
4
3
6
6
3
2
5
3
2
2
3
4
2
3
2
2
1
-1
1
-1
-2
1
-2
-3
-3
-7
-8
-7
-3
-4
-4
-1
0
-1
0
-1
-3
-1
-3
-2
-5
-4
-3
-6
-3
0
-2
-1
2
3
-1
0
0
2
2
1
2
1
3
-1
-3
-3
-6
-4
-8
-7
-9
-8
-9
-9
-10
-11
-10
-8
-11
-10
-8
-12
-11
-11
-12
-5
-8
-4
-8
-4
-2
-8
0
-3
-1
-3
-3
-2
-2
-1
-2
-1
-1
-2
-3
-3
-2
-4
-3
-6
-5
-6
-6
-5
-10
-4
-2
-4
-1
-1
3
2
4
1
-1
-3
0
-2
-7
-8
-7
-4
-4
-8
-9
-4
-8
-5
-2
-2
-2
-5
-6
-5
-5
-4
-5
-3
-7
-9
-5
-3
-3
-9
0
-3
-6
-1
-6
-4
-6
-4
-1
-2
-3
-1
-6
-5
-8
-6
-7
-13
-11
-13
-10
-12
-10
-10
-13
-12
-12
-14
-13
-13
-13
-10
-11
-9
-10
-11
-11
-9
-7
-11
-8
-6
-5
-3
-6
-5
-9
-8
-9
-7
-8
-14
-13
-12
-13
-16
-13
-7
-6
-6
-11
-5
-1
0
3
1
2
-1
1
-2
-1
-1
-2
-4
-7
-2
-5
-7
-5
-4
-3
-3
-4
-10
-4
-3
-6
-10
-8
-8
-9
-9
-13
-14
-11
-9
-11
-8
-14
-12
-9
-8
-8
-5
-7
-7
-2
-6
-3
-1
-3
-6
-5
-4
-3
-9
-6
-2
-6
-3
-7
-5
-4
-4
-3
-3
-5
-3
-6
-3
0
-4
-2
-1
1
1
1
5
3
5
10
8
10
11
11
14
9
10
8
2
7
7
7
9
9
5
7
8
7
6
8
5
5
2
3
5
6
6
7
8
6
7
6
5
7
4
3
1
6
7
-1
7
11
4
4
7
9
4
7
2
1
3
6
9
10
7
7
3
5
5
6
8
1
0
-2
5
2
0
1
1
1
4
4
3
3
2
-1
-2
0
-6
-5
-1
-5
-6
-5
-3
-1
-5
-1
-7
-7
-7
-7
-3
-4
-6
-3
2
-1
1
0
3
2
3
3
3
5
1
0
4
-1
0
-2
4
0
0
7
4
4
7
8
9
5
7
11
7
9
10
11
8
12
7
9
5
4
3
3
0
-2
2
2
7
6
6
5
8
5
3
7
6
9
10
6
4
6
4
3
9
7
12
11
9
10
9
5
4
6
2
4
6
5
3
7
9
8
12
10
10
11
11
14
13
10
10
7
11
12
10
13
14
5
8
10
9
7
9
9
8
10
15
15
14
17
14
11
14
16
12
6
9
7
4
6
8
6
9
6
1
3
6
6
4
10
11
11
9
10
11
10
14
10
6
6
4
3
4
5
7
4
3
6
8
3
9
11
7
10
8
9
11
9
6
7
9
7
6
8
7
9
11
8
6
15
8
9
11
11
11
9
9
9
12
10
10
6
3
4
7
8
9
4
4
4
9
2
8
2
4
6
6
6
1
6
5
7
8
8
5
6
2
6
5
7
10
7
13
6
10
12
11
10
8
9
6
7
7
6
2
3
4
5
4
3
4
3
5
5
7
6
6
8
15
12
13
14
13
11
10
14
13
13
10
10
8
15
12
12
15
12
13
13
13
13
14
13
16
18
17
17
16
15
17
17
19
17
16
15
16
16
15
14
15
16
17
15
12
13
11
19
19
20
22
22
21
18
24
23
16
21
20
18
16
13
13
12
8
12
7
6
8
13
10
9
11
9
5
9
9
8
12
12
14
17
18
16
15
13
14
13
12
14
12
9
9
10
6
10
3
2
3
2
5
1
-3
-5
-3
-1
4
3
6
6
5
0
0
7
7
6
9
8
9
11
11
11
12
10
10
14
12
5
6
9
5
7
9
6
5
7
3
3
2
2
7
4
1
-4
-4
-3
-3
-3
-2
-3
-8
1
0
2
6
7
7
12
13
7
10
12
12
8
11
11
7
8
7
8
7
6
6
11
8
8
8
10
9
5
4
2
7
7
6
2
2
2
4
1
1
1
2
4
4
3
3
8
6
4
12
9
7
11
12
9
10
10
12
13
7
10
5
7
3
8
7
5
9
6
7
7
8
6
4
3
6
5
8
8
9
6
4
8
8
8
8
11
9
11
8
11
12
11
10
4
8
8
6
6
6
4
3
3
2
0
1
0
1
1
-2
-1
2
1
1
0
-2
0
-1
0
-2
0
-2
0
-1
-2
0
0
-3
-5
-8
-3
-4
-4
-1
-5
-3
-6
-6
-3
-2
-4
-4
-7
-2
-4
-5
-4
-3
-4
-7
-4
-5
0
0
1
1
3
1
1
-2
0
-2
-4
-5
-4
-2
-6
-3
-5
-5
-6
-5
-7
-5
-6
-4
-3
-5
-2
-1
0
-3
0
-3
-3
0
2
4
4
5
5
10
7
3
2
4
5
2
6
6
6
3
0
1
4
1
1
0
-2
-1
-3
-2
-1
-7
-3
-4
-8
-3
0
0
-1
-2
-5
-1
-6
-1
3
2
2
0
-3
0
1
0
1
-1
0
-1
1
-3
-1
2
5
4
4
3
-2
0
1
0
1
2
-2
-5
-2
-4
-6
-4
-2
1
3
5
1
-7
-4
-4
-6
-2
-5
-3
-6
-6
-3
-7
-8
-9
-7
-7
-7
-8
-5
-7
-9
-9
-9
-8
-14
-14
-12
-13
-11
-13
-12
-15
-16
-13
-15
-13
-10
-10
-9
-7
-7
-9
-12
-9
-10
-14
-13
-11
-8
-11
-10
-7
-8
-6
-5
-7
-11
-11
-7
-12
-11
-11
-11
-10
-12
-9
-15
-16
-14
-13
-10
-14
-13
-11
-10
-9
-10
-1
-7
-7
-2
-5
-3
-4
-7
-10
-5
-6
-5
-4
-5
-4
-4
-7
-9
-7
-5
-6
-4
-5
-3
-4
-7
-6
-7
-6
-4
-7
-6
-3
-4
-7
-6
-6
-12
-9
-9
-13
-12
-14
-15
-14
-16
-13
-15
-13
-13
-14
-13
-17
-16
-16
-12
-11
-14
-9
-9
-7
-8
-6
-6
-8
-6
-9
-4
-4
-5
-5
-5
-2
-1
-1
-2
-2
3
3
1
0
2
4
4
6
4
1
4
3
4
-2
3
2
-4
-1
-3
3
-2
-4
-2
1
3
2
-1
-1
0
3
-1
-2
-3
-6
-6
-11
-10
-11
-10
-12
-15
-15
-14
-13
-16
-16
-16
-20
-18
-18
-20
-20
-22
-22
-18
-19
-18
-11
-12
-12
-8
-8
-9
-10
-13
-8
-6
-11
-9
-12
-14
-13
-17
-13
-14
-17
-16
-18
-18
-11
-14
-15
-14
-15
-15
-20
-19
-17
-26
-28
-24
-24
-25
-25
-24
-27
-27
-27
-22
-25
-29
-27
-24
-22
-24
-26
-28
-23
-22
-23
-23
-24
-23
-22
-24
-24
-25
-25
-28
-24
-27
-26
-22
-24
-22
-27
-28
-28
-26
-28
-25
-21
-25
-19
-24
-19
-16
-19
-18
-19
-17
-20
-16
-17
-16
-17
-16
-16
-23
-20
-27
-30
-25
-23
-23
-20
-23
-22
-24
-21
-18
-21
-19
-15
-15
-14
-17
-13
-11
-13
-10
-15
-11
-12
-12
-8
-5
-4
-8
-6
-6
-3
-7
-3
-6
-3
-4
-3
-3
-6
-7
-5
-1
-6
-5
-3
-2
-6
-6
-5
-4
-6
-5
-5
-7
-2
-1
-2
-9
-3
-5
-5
-6
-9
-7
-4
-2
-1
-4
-5
-3
-5
-11
-10
-11
-12
-10
-11
-11
-10
-11
-13
-11
-14
-15
-15
-16
-18
-14
-9
-9
-7
-8
-5
-5
-2
-3
-2
-1
-4
-6
-3
-2
-4
0
0
2
4
2
11
59
108
107
87
72
58
52
49
18
6
49
99
104
80
41
-4
-10
-7
0
-19
-26
-27
-34
-27
-20
-30
-41
-44
-46
-56
-72
-86
-90
-97
-97
-85
-94
-99
-92
-106
-101
-88
-96
-96
-108
-99
-87
-77
-74
-72
-82
-101
-91
-77
-73
-79
-86
-68
-44
-40
-55
-78
-90
-76
-54
-47
-45
-50
-34
-18
-10
-23
-22
-14
4
29
37
47
59
78
93
112
116
111
115
120
127
124
130
133
134
139
129
107
92
82
64
54
47
34
31
30
23
6
-19
-34
-40
-60
-78
-88
-89
-86
-82
-76
-67
-60
-54
-53
-65
-77
-80
-79
-70
-65
-66
-66
-66
-67
-73
-94
-114
-129
-145
-158
-171
-180
-189
-189
-201
-215
-220
-222
-233
-241
-244
-246
-239
-234
-243
-255
-264
-271
-283
-279
-237
-152
-57
-7
36
100
185
246
277
308
341
374
390
400
419
442
458
449
418
376
337
297
235
158
91
54
23
-12
-52
-83
-100
-129
-174
-208
-230
-238
-261
-278
-270
-248
-210
-186
-166
-138
-100
-67
-40
-22
3
39
68
93
110
142
181
198
195
197
210
219
221
217
217
222
220
207
183
161
143
110
66
32
6
-25
-50
-77
-94
-96
-96
-108
-115
-114
-104
-98
-94
-88
-78
-63
-55
-43
-31
-16
-10
-8
-6
-15
-24
-29
-41
-58
-71
-83
-93
-108
-133
-153
-178
-205
-234
-263
-292
-319
-340
-360
-385
-405
-424
-437
-447
-461
-439
-382
-297
-226
-160
-69
43
140
205
267
336
384
405
414
452
488
497
493
489
506
500
468
419
369
316
244
173
106
53
9
-38
-83
-117
-136
-162
-186
-216
-242
-254
-265
-275
-279
-262
-238
-230
-200
-156
-110
-72
-45
-12
21
44
69
86
107
138
170
207
243
286
326
347
361
364
349
327
273
215
163
111
62
11
-28
-52
-71
-100
-118
-135
-156
-184
-214
-231
-243
-248
-247
-239
-212
-181
-149
-115
-82
-52
-35
-25
-21
-26
-36
-48
-60
-70
-73
-84
-92
-110
-127
-151
-178
-214
-262
-314
-374
-433
-483
-531
-555
-550
-490
-404
-333
-253
-161
-43
53
130
201
264
314
327
349
398
442
459
463
484
507
520
511
481
452
402
331
258
194
138
78
20
-31
-60
-74
-95
-120
-153
-169
-188
-216
-241
-252
-257
-268
-266
-254
-226
-188
-156
-120
-83
-40
-10
19
39
60
70
80
99
128
175
203
245
287
327
356
374
384
368
342
301
254
203
151
90
38
-12
-45
-68
-96
-114
-122
-126
-135
-143
-152
-172
-190
-208
-223
-226
-216
-200
-185
-163
-139
-115
-95
-84
-75
-73
-81
-98
-115
-141
-167
-192
-212
-229
-238
-248
-263
-292
-335
-379
-421
-466
-507
-516
-476
-420
-387
-327
-217
-86
16
100
202
301
351
370
405
443
452
416
397
415
433
427
421
431
440
411
365
329
297
245
162
88
25
-24
-76
-124
-162
-186
-188
-195
-199
-190
-176
-178
-197
-205
-203
-201
-206
-207
-189
-164
-143
-116
-71
-24
0
19
46
75
95
107
123
152
177
192
219
256
286
304
312
317
327
320
290
251
212
161
103
40
-7
-50
-87
-117
-134
-137
-142
-143
-147
-144
-142
-144
-151
-164
-166
-168
-178
-180
-172
-163
-150
-143
-132
-106
-92
-89
-88
-94
-99
-127
-155
-179
-203
-229
-262
-303
-353
-392
-426
-459
-483
-462
-406
-351
-309
-250
-149
-37
41
120
216
304
348
370
421
462
471
444
438
454
450
427
414
416
402
372
338
321
298
245
184
129
83
27
-30
-79
-130
-169
-197
-213
-222
-222
-215
-216
-216
-197
-175
-173
-174
-164
-146
-132
-122
-101
-72
-50
-34
-21
9
49
65
77
102
134
164
188
218
249
274
286
302
323
334
322
299
278
252
214
163
117
69
24
-19
-56
-85
-116
-135
-162
-171
-171
-172
-175
-176
-171
-178
-181
-181
-181
-178
-178
-182
-182
-173
-162
-152
-140
-122
-105
-95
-91
-92
-96
-110
-131
-164
-190
-238
-302
-358
-404
-444
-481
-491
-445
-387
-346
-303
-221
-102
-6
66
152
253
329
349
384
433
449
425
392
396
395
368
340
338
342
327
306
303
304
277
232
185
145
96
33
-26
-82
-134
-176
-203
-224
-230
-231
-235
-232
-213
-181
-158
-148
-130
-106
-96
-104
-99
-83
-69
-62
-53
-40
-9
17
34
65
104
155
189
232
275
308
339
352
372
380
370
343
316
294
258
210
160
123
81
34
-4
-33
-66
-97
-117
-146
-158
-169
-182
-192
-195
-196
-198
-197
-201
-207
-205
-204
-202
-191
-174
-154
-136
-118
-99
-80
-69
-65
-61
-72
-93
-112
-133
-161
-191
-240
-292
-338
-369
-408
-439
-429
-390
-351
-327
-285
-194
-96
-27
53
150
240
281
305
357
396
398
373
369
383
360
326
312
315
298
264
252
259
250
218
190
178
150
103
54
8
-35
-93
-139
-172
-191
-213
-219
-221
-214
-195
-173
-153
-136
-108
-86
-81
-76
-56
-37
-36
-39
-21
-6
-3
2
18
43
60
82
120
164
208
234
260
301
337
349
347
339
328
297
248
210
166
112
57
6
-25
-56
-94
-120
-131
-139
-151
-156
-151
-157
-164
-178
-184
-193
-204
-209
-218
-219
-210
-199
-182
-161
-140
-116
-94
-70
-51
-36
-35
-37
-41
-54
-70
-98
-128
-152
-196
-254
-310
-340
-375
-414
-428
-392
-345
-318
-287
-208
-111
-44
27
116
215
268
290
335
392
401
366
348
358
337
294
280
284
276
245
233
242
244
215
182
164
147
102
54
32
-5
-61
-109
-132
-153
-180
-203
-204
-201
-196
-182
-158
-135
-108
-82
-66
-49
-25
-9
-7
-9
-3
0
-11
-19
-21
-16
-9
7
38
82
120
152
185
228
265
286
294
295
284
260
226
188
153
103
45
0
-33
-67
-99
-121
-134
-147
-163
-163
-154
-150
-155
-162
-153
-150
-160
-167
-165
-165
-170
-164
-154
-137
-119
-104
-76
-46
-27
-16
-5
1
-5
-18
-40
-68
-105
-141
-172
-215
-272
-334
-372
-396
-430
-442
-406
-350
-312
-276
-207
-104
-23
36
121
213
269
284
320
373
384
358
337
344
339
296
273
279
274
241
222
234
237
215
190
188
183
143
102
85
62
10
-47
-62
-75
-115
-146
-152
-143
-146
-140
-119
-95
-82
-61
-33
-16
-1
3
8
4
-2
-10
-26
-33
-37
-47
-52
-40
-13
11
52
90
125
164
202
235
252
260
258
253
232
197
160
123
77
30
-9
-44
-75
-103
-115
-123
-131
-126
-118
-109
-99
-94
-86
-91
-96
-102
-110
-121
-134
-140
-140
-133
-126
-113
-93
-68
-56
-36
-15
-8
-14
-22
-38
-61
-94
-134
-163
-194
-239
-298
-353
-388
-411
-447
-463
-429
-387
-359
-331
-263
-168
-99
-39
41
147
207
231
273
337
361
331
323
339
340
297
270
285
295
263
243
265
281
255
229
242
251
214
164
157
142
90
28
2
-9
-57
-110
-124
-121
-141
-167
-158
-133
-124
-122
-102
-80
-69
-66
-59
-48
-42
-47
-52
-55
-56
-61
-60
-46
-25
-1
28
65
107
148
185
227
264
286
297
304
296
278
248
209
167
121
76
36
-2
-38
-64
-78
-88
-93
-83
-87
-89
-81
-72
-75
-90
-92
-97
-108
-124
-130
-126
-127
-125
-117
-97
-82
-68
-50
-32
-23
-22
-24
-32
-41
-69
-93
-123
-149
-179
-232
-280
-328
-360
-400
-436
-433
-400
-372
-354
-313
-229
-138
-82
-6
101
195
242
278
353
407
398
380
395
409
377
334
341
354
324
278
282
312
293
264
265
284
266
213
192
192
150
73
26
5
-44
-116
-151
-161
-187
-234
-247
-223
-214
-221
-204
-163
-140
-129
-114
-79
-53
-53
-52
-46
-49
-60
-67
-58
-45
-34
-12
28
68
107
150
202
254
290
319
335
339
328
302
274
241
190
135
84
39
-5
-43
-75
-101
-116
-126
-123
-118
-109
-101
-93
-90
-86
-83
-85
-86
-94
-98
-108
-110
-105
-104
-100
-95
-81
-71
-60
-48
-36
-36
-45
-58
-73
-88
-114
-147
-183
-234
-300
-349
-386
-427
-473
-472
-438
-406
-382
-335
-234
-139
-73
14
137
237
282
327
412
466
456
443
460
467
426
379
380
384
339
292
294
306
283
252
252
270
244
191
180
183
136
61
12
-11
-64
-140
-174
-181
-213
-262
-265
-237
-226
-226
-197
-149
-118
-105
-79
-42
-23
-26
-33
-24
-30
-53
-61
-52
-43
-46
-29
17
58
95
135
192
246
280
305
336
356
345
317
295
263
210
145
98
57
2
-50
-78
-97
-125
-143
-139
-128
-118
-112
-103
-88
-83
-86
-89
-86
-95
-107
-116
-116
-114
-123
-123
-116
-106
-100
-92
-78
-68
-69
-78
-83
-89
-107
-139
-158
-183
-236
-297
-347
-382
-426
-473
-501
-475
-442
-418
-392
-318
-212
-136
-56
50
180
262
310
382
470
497
483
484
506
485
419
399
403
377
313
281
298
294
249
228
253
252
204
173
188
178
106
45
30
0
-79
-142
-158
-179
-238
-279
-266
-246
-261
-262
-218
-179
-172
-150
-103
-59
-52
-52
-23
-8
-21
-37
-32
-12
-14
-14
24
67
99
127
181
243
289
318
352
383
386
370
350
329
287
222
165
119
57
-4
-48
-74
-106
-134
-139
-125
-120
-113
-104
-85
-64
-65
-58
-53
-56
-69
-90
-93
-93
-105
-116
-118
-110
-113
-111
-102
-93
-89
-95
-90
-89
-105
-129
-143
-168
-205
-263
-322
-358
-398
-454
-494
-474
-444
-429
-406
-337
-236
-152
-73
38
172
263
311
388
483
519
506
503
518
497
438
405
398
372
308
260
264
271
233
210
228
237
205
174
180
170
109
41
8
-20
-91
-160
-191
-215
-268
-312
-312
-292
-290
-287
-244
-194
-160
-131
-84
-38
-16
-9
2
21
11
-3
-7
0
6
6
39
77
112
142
189
252
298
330
364
393
395
379
360
336
289
228
165
115
64
8
-30
-57
-78
-100
-115
-95
-83
-78
-68
-50
-31
-29
-29
-29
-38
-53
-75
-85
-97
-111
-124
-127
-124
-124
-120
-104
-93
-91
-95
-96
-99
-111
-130
-149
-167
-202
-263
-319
-354
-394
-440
-476
-454
-424
-400
-370
-299
-196
-110
-32
76
204
297
352
414
500
537
525
517
533
520
455
410
409
380
318
268
277
287
245
217
235
242
204
169
171
163
93
23
-8
-38
-110
-187
-215
-231
-281
-328
-314
-278
-276
-271
-228
-163
-134
-115
-58
-8
5
-3
8
29
14
-8
-8
2
7
3
34
83
117
142
192
257
300
322
350
378
379
359
331
306
259
188
130
82
36
-20
-62
-80
-101
-115
-118
-97
-84
-76
-64
-46
-32
-35
-43
-40
-51
-86
-107
-121
-122
-142
-153
-143
-137
-131
-125
-109
-96
-93
-97
-98
-98
-110
-127
-151
-174
-207
-258
-315
-356
-383
-421
-454
-449
-405
-370
-343
-289
-185
-85
-6
94
224
328
384
435
514
571
562
546
545
542
487
423
411
408
356
292
290
309
284
244
246
262
229
173
159
151
98
13
-43
-65
-120
-198
-240
-244
-268
-313
-316
-275
-250
-244
-215
-152
-117
-104
-62
-10
14
2
-3
15
22
-3
-13
8
19
23
39
90
135
165
208
264
313
335
353
373
374
349
310
280
242
170
110
63
20
-24
-71
-86
-92
-110
-116
-98
-72
-69
-71
-62
-47
-49
-62
-66
-78
-98
-124
-139
-140
-152
-159
-154
-144
-133
-130
-120
-103
-100
-105
-114
-119
-130
-157
-183
-209
-232
-274
-334
-384
-407
-444
-477
-490
-445
-397
-366
-322
-235
-122
-42
47
159
273
349
386
448
528
542
520
505
520
494
427
403
406
378
317
284
300
289
246
215
222
212
148
108
102
74
0
-75
-104
-125
-198
-254
-261
-263
-295
-320
-287
-244
-229
-222
-179
-119
-95
-83
-40
-2
-4
-14
-6
15
5
-16
-6
21
35
37
79
128
164
196
240
295
324
334
343
352
335
303
267
237
186
128
76
41
7
-39
-66
-76
-84
-93
-89
-76
-66
-66
-59
-48
-44
-53
-65
-64
-79
-102
-110
-110
-118
-125
-122
-112
-109
-100
-87
-73
-61
-75
-83
-94
-101
-130
-162
-190
-227
-261
-307
-353
-394
-421
-445
-469
-464
-418
-370
-326
-274
-194
-89
-8
75
181
281
349
388
442
511
527
507
488
496
473
410
387
387
362
303
270
279
276
237
211
215
199
146
100
93
63
-12
-81
-112
-140
-202
-255
-258
-260
-296
-313
-288
-248
-236
-232
-187
-141
-121
-112
-77
-41
-41
-57
-49
-31
-35
-46
-34
-3
22
39
82
141
185
214
254
309
335
346
349
345
326
291
244
202
156
92
33
-8
-41
-82
-108
-122
-134
-141
-134
-119
-111
-104
-100
-92
-84
-87
-89
-96
-105
-120
-125
-128
-124
-120
-117
-104
-92
-84
-68
-60
-56
-66
-70
-82
-104
-130
-156
-180
-214
-255
-294
-338
-381
-412
-440
-456
-462
-425
-373
-333
-290
-220
-119
-35
41
131
233
309
348
391
457
487
475
458
465
459
411
378
375
366
321
282
283
288
254
216
207
202
156
104
83
60
-1
-79
-114
-137
-194
-249
-269
-268
-292
-319
-315
-275
-254
-248
-219
-171
-143
-133
-104
-69
-52
-63
-64
-37
-26
-28
-16
15
46
56
90
145
190
216
249
296
323
332
327
322
309
274
232
189
144
87
27
-20
-46
-82
-119
-132
-134
-138
-143
-130
-112
-103
-95
-90
-78
-73
-81
-86
-89
-92
-106
-112
-109
-109
-103
-101
-94
-79
-70
-61
-54
-54
-64
-77
-90
-109
-141
-174
-204
-238
-267
-307
-347
-388
-409
-428
-445
-446
-406
-359
-324
-284
-215
-123
-45
27
121
220
290
330
381
451
473
467
459
470
468
432
402
400
389
335
296
305
302
260
220
211
203
155
111
92
68
5
-65
-96
-118
-169
-221
-241
-244
-268
-291
-280
-244
-233
-233
-197
-150
-122
-111
-78
-41
-26
-32
-28
5
7
-1
12
43
66
75
109
155
192
211
241
289
313
311
312
321
298
260
228
194
148
88
35
2
-35
-74
-100
-114
-125
-137
-138
-128
-113
-114
-108
-93
-78
-75
-82
-76
-76
-83
-94
-90
-86
-95
-102
-97
-86
-81
-77
-69
-63
-66
-75
-83
-95
-118
-146
-175
-202
-237
-264
-297
-335
-377
-403
-428
-450
-455
-425
-379
-349
-312
-244
-157
-75
0
90
189
263
314
365
433
468
461
452
464
463
421
391
383
372
320
278
276
264
227
188
178
169
128
77
61
43
-15
-80
-110
-124
-174
-225
-248
-254
-269
-296
-292
-264
-255
-252
-224
-179
-153
-142
-111
-77
-59
-64
-53
-28
-23
-16
-8
23
45
62
92
133
171
196
231
273
311
325
334
341
335
313
283
248
211
158
104
65
27
-17
-53
-80
-103
-123
-133
-131
-131
-133
-129
-117
-109
-105
-101
-92
-93
-92
-89
-86
-88
-96
-94
-89
-90
-88
-80
-75
-77
-80
-83
-85
-93
-110
-132
-149
-179
-209
-236
-260
-306
-356
-386
-413
-434
-451
-426
-391
-364
-330
-269
-176
-97
-21
64
171
251
301
355
428
473
475
469
480
483
442
411
394
372
326
273
253
252
212
171
164
156
130
90
77
66
24
-34
-67
-83
-129
-176
-205
-216
-249
-285
-287
-276
-273
-280
-262
-225
-199
-188
-163
-122
-98
-86
-74
-44
-27
-25
-13
8
32
44
62
99
135
156
188
229
257
269
275
288
297
281
254
237
200
153
111
66
25
-23
-65
-99
-124
-149
-167
-174
-176
-179
-173
-158
-150
-136
-127
-112
-101
-91
-83
-80
-74
-79
-82
-79
-81
-81
-77
-77
-79
-82
-84
-90
-96
-108
-125
-143
-165
-190
-209
-224
-250
-291
-323
-345
-366
-394
-406
-385
-358
-333
-300
-245
-162
-97
-28
55
147
224
278
336
398
443
449
455
466
463
427
396
380
353
305
259
237
217
182
150
134
130
102
78
75
66
36
-2
-21
-35
-72
-118
-142
-166
-194
-232
-243
-244
-255
-264
-257
-227
-209
-193
-160
-128
-104
-92
-69
-38
-23
-12
10
35
50
61
84
115
139
154
186
218
243
256
265
282
279
265
248
227
201
164
127
93
59
14
-25
-58
-93
-123
-141
-150
-160
-163
-159
-150
-141
-129
-112
-92
-77
-68
-52
-46
-43
-44
-52
-49
-53
-56
-60
-58
-63
-71
-70
-79
-90
-98
-111
-124
-141
-156
-171
-192
-214
-238
-262
-296
-327
-341
-357
-376
-364
-331
-305
-278
-237
-173
-101
-37
35
125
212
275
323
386
440
464
469
472
476
454
414
392
370
331
276
239
221
197
161
140
132
122
93
75
77
63
27
-2
-12
-38
-76
-108
-127
-153
-194
-218
-220
-223
-244
-244
-227
-207
-194
-173
-139
-110
-96
-76
-45
-16
-2
10
41
60
83
101
126
153
179
197
219
248
262
266
270
277
264
251
237
217
187
146
112
82
41
-3
-34
-65
-92
-119
-145
-151
-162
-166
-159
-147
-133
-123
-111
-92
-75
-66
-55
-50
-40
-41
-43
-44
-49
-56
-67
-64
-66
-79
-94
-101
-112
-131
-145
-158
-170
-190
-207
-217
-228
-239
-260
-282
-297
-316
-329
-338
-324
-301
-282
-255
-216
-160
-99
-39
26
106
177
242
293
348
396
415
429
424
425
404
377
346
313
274
229
189
161
134
100
80
67
58
40
30
20
13
-5
-26
-38
-60
-87
-118
-142
-168
-198
-225
-235
-244
-257
-264
-258
-243
-229
-207
-174
-144
-119
-92
-56
-20
2
32
63
94
121
132
158
178
197
207
224
240
243
246
249
253
244
234
213
199
173
144
120
90
56
16
-13
-47
-78
-114
-136
-151
-171
-177
-179
-169
-158
-144
-128
-109
-91
-76
-59
-47
-38
-33
-29
-23
-26
-30
-38
-46
-53
-64
-76
-83
-92
-106
-121
-132
-142
-150
-162
-174
-182
-194
-199
-211
-226
-240
-253
-249
-252
-244
-222
-197
-162
-132
-94
-34
20
75
134
196
248
287
324
356
378
383
380
373
356
328
299
272
245
204
170
143
124
102
79
67
56
45
35
22
11
-1
-22
-35
-51
-73
-100
-123
-140
-164
-188
-202
-205
-219
-227
-223
-208
-194
-181
-155
-128
-104
-77
-48
-14
16
40
68
98
124
143
164
183
199
205
212
229
229
219
217
211
197
182
160
139
120
89
59
32
7
-29
-58
-82
-107
-133
-152
-163
-168
-169
-174
-162
-148
-135
-128
-111
-88
-74
-62
-46
-30
-21
-15
-14
-13
-11
-21
-25
-27
-38
-51
-58
-71
-79
-95
-104
-110
-122
-132
-146
-149
-160
-163
-166
-162
-163
-166
-165
-164
-161
-154
-143
-123
-96
-75
-52
-20
15
51
81
127
161
197
222
250
280
296
305
304
304
298
283
263
245
219
190
164
143
122
99
77
60
48
35
18
1
-6
-17
-33
-53
-64
-76
-93
-110
-129
-144
-156
-174
-179
-180
-186
-185
-175
-157
-143
-123
-98
-65
-38
-10
26
61
92
118
144
172
188
205
211
220
223
214
207
197
182
162
145
124
105
84
60
34
14
-8
-29
-46
-67
-86
-107
-122
-132
-145
-147
-146
-148
-145
-132
-123
-112
-95
-85
-69
-55
-42
-28
-17
-8
-5
3
1
2
-7
-17
-28
-39
-57
-68
-81
-97
-106
-117
-127
-134
-139
-140
-140
-136
-129
-129
-122
-121
-118
-116
-113
-112
-114
-111
-106
-97
-86
-78
-57
-40
-19
6
36
75
104
134
160
192
211
226
239
246
247
242
233
217
203
184
162
140
119
92
77
58
39
24
10
-1
-16
-30
-39
-51
-61
-72
-87
-97
-108
-112
-119
-127
-133
-128
-124
-118
-102
-87
-73
-52
-33
-6
14
35
68
89
116
135
151
164
174
177
180
178
176
169
158
144
127
112
93
81
60
41
25
7
-8
-28
-43
-58
-71
-81
-93
-104
-109
-114
-111
-107
-105
-99
-90
-74
-66
-51
-44
-30
-17
-10
1
-1
-2
-2
-4
-8
-16
-20
-22
-30
-36
-40
-47
-51
-62
-61
-58
-70
-66
-66
-64
-66
-69
-67
-69
-67
-71
-72
-75
-77
-78
-83
-85
-87
-90
-95
-94
-94
-87
-80
-70
-57
-46
-27
-10
13
32
61
74
92
115
129
142
149
159
164
162
156
152
137
121
111
95
78
65
48
29
12
-1
-13
-27
-38
-44
-50
-52
-47
-42
-38
-31
-27
-27
-24
-18
-13
-13
-7
-4
-1
0
3
10
18
28
36
46
56
69
83
96
99
111
116
123
122
118
111
104
92
80
65
49
33
13
-5
-18
-25
-40
-53
-58
-62
-65
-63
-61
-59
-55
-50
-45
-39
-31
-23
-27
-27
-24
-28
-32
-34
-35
-39
-37
-36
-32
-25
-22
-15
-10
-3
6
5
9
13
8
4
1
-4
-13
-27
-41
-53
-64
-77
-88
-94
-97
-104
-105
-100
-92
-84
-80
-68
-59
-50
-40
-34
-34
-34
-38
-44
-51
-56
-61
-61
-61
-62
-56
-43
-37
-32
-17
-4
18
32
47
58
71
75
78
80
72
66
58
48
41
31
24
17
8
7
5
4
6
11
18
24
28
29
35
38
40
35
30
25
10
6
-3
-10
-15
-21
-21
-22
-20
-17
-7
4
8
18
28
32
34
42
46
46
43
45
44
36
32
19
14
4
-6
-15
-26
-31
-36
-41
-50
-49
-47
-43
-45
-42
-37
-35
-29
-32
-24
-21
-23
-17
-19
-17
-15
-17
-12
-10
-15
-11
0
2
3
6
12
12
10
13
11
10
3
-6
-14
-18
-28
-33
-41
-42
-48
-53
-56
-54
-47
-48
-42
-39
-34
-28
-28
-21
-19
-17
-18
-17
-18
-19
-18
-21
-24
-29
-33
-33
-32
-38
-41
-42
-41
-40
-47
-45
-41
-47
-43
-38
-33
-32
-30
-24
-20
-10
-3
11
19
32
41
52
64
68
73
77
85
88
88
81
80
78
68
63
58
50
42
39
32
28
20
15
7
5
4
-3
-9
-10
-13
-16
-14
-17
-17
-14
-20
-22
-21
-27
-24
-27
-34
-29
-29
-31
-26
-24
-25
-25
-23
-21
-19
-24
-31
-33
-31
-30
-35
-28
-25
-29
-29
-27
-23
-19
-20
-12
-9
-12
-6
-3
3
6
-2
-4
-5
-5
-6
-6
-6
-9
-9
-8
-9
-14
-10
-13
-15
-13
-18
-14
-8
0
-3
6
9
10
7
9
12
14
16
12
12
3
3
2
4
-4
-6
-6
-9
-16
-22
-26
-33
-36
-39
-39
-39
-43
-37
-40
-37
-33
-28
-24
-20
-11
-6
-2
3
6
10
16
24
29
34
34
34
37
38
39
34
34
34
32
31
30
33
33
33
33
37
40
43
44
44
46
48
42
42
34
35
27
28
23
18
8
3
3
-2
-6
-13
-14
-19
-17
-15
-18
-18
-14
-14
-12
-8
-14
-14
-10
-10
-10
-10
-14
-11
-8
-9
-6
-4
-5
1
3
3
4
2
6
6
1
-3
-4
-9
-10
-12
-23
-22
-26
-29
-30
-27
-27
-24
-21
-21
-18
-15
-8
-4
4
8
12
16
21
16
16
12
9
7
1
2
-1
-4
-6
-9
-10
-11
-14
-13
-15
-18
-20
-21
-27
-30
-33
-36
-37
-40
-40
-45
-47
-45
-37
-39
-38
-33
-28
-27
-17
-8
-7
-2
0
5
3
5
9
8
7
7
6
5
7
10
13
15
21
25
25
32
36
38
37
37
43
38
32
30
33
26
18
10
5
3
-3
-4
-5
-6
-8
-5
-6
1
2
0
6
6
7
8
13
12
12
8
9
6
8
11
18
23
22
26
25
27
29
30
29
29
29
21
27
20
17
13
5
1
-2
-2
-8
-8
-6
-10
-16
-15
-14
-8
-2
-1
-3
5
8
10
10
1
2
1
-1
3
-1
-3
0
0
0
3
3
1
-3
-9
-8
-8
-13
-10
-20
-22
-22
-28
-26
-35
-35
-39
-42
-44
-48
-51
-47
-46
-43
-44
-39
-30
-26
-22
-16
-12
-12
-16
-11
-6
-7
-1
-3
-2
-4
-3
1
1
8
5
11
15
15
18
21
26
26
30
23
22
24
17
13
7
4
2
-2
-8
-11
-17
-19
-20
-19
-17
-15
-17
-14
-11
-9
-11
-6
-3
-1
-3
-4
3
3
3
4
6
11
8
13
16
17
21
25
24
28
30
28
26
26
24
23
18
21
18
11
8
6
-2
-7
-7
-10
-9
-13
-8
-12
-10
-9
-12
-3
-3
-2
-5
1
5
5
7
9
4
2
4
0
1
-1
0
-1
-3
-11
-11
-9
-14
-10
-11
-12
-11
-15
-14
-15
-17
-18
-21
-23
-24
-22
-27
-30
-31
-30
-28
-27
-22
-25
-23
-19
-16
-15
-15
-8
-12
-11
-11
-9
-13
-16
-12
-14
-12
-11
-17
-13
-13
-14
-9
-7
-12
-8
-2
-3
0
0
4
5
0
-5
-4
-4
-8
-15
-19
-25
-26
-32
-32
-33
-38
-29
-31
-29
-30
-24
-27
-26
-21
-16
-18
-15
-8
-5
-5
-2
2
5
7
11
13
11
11
17
19
17
20
17
13
9
9
7
3
5
4
6
1
-2
-5
-1
-2
-7
-6
-4
-2
-1
-2
-1
-2
2
0
1
0
3
3
3
6
2
6
0
-3
-4
-6
-8
-9
-9
-8
-8
-7
-5
-3
-3
1
5
7
8
6
6
8
7
2
-3
-8
-12
-13
-16
-15
-18
-19
-17
-17
-11
-11
-4
-7
-2
-1
1
6
9
11
11
14
13
14
13
10
8
10
5
4
5
4
6
4
6
5
8
8
6
11
11
7
6
6
6
3
4
1
-2
-6
-11
-14
-15
-16
-20
-19
-17
-17
-19
-15
-15
-12
-10
-7
-7
-7
-2
-2
-1
-3
-2
-5
-8
-5
-8
-7
-8
-6
-4
-2
-3
-3
0
-1
2
-1
2
1
0
-3
-4
-7
-8
-5
-9
-9
-9
-12
-11
-16
-13
-14
-20
-14
-11
-15
-15
-16
-14
-14
-18
-17
-16
-19
-15
-20
-20
-23
-26
-25
-28
-21
-21
-21
-18
-17
-13
-12
-13
-15
-16
-15
-16
-14
-14
-14
-10
-14
-13
-14
-12
-13
-10
-8
-8
-6
-2
1
2
4
4
7
8
10
6
8
8
5
4
8
7
3
5
9
6
3
4
1
4
3
4
3
8
7
9
11
8
11
8
10
9
9
9
9
10
5
7
8
6
6
6
6
6
6
4
8
4
-1
4
1
-3
-5
-3
-1
-7
-10
-9
-13
-11
-12
-9
-6
-5
-5
-8
-6
-9
-10
-7
-7
-11
-8
-6
-8
-10
-8
-9
-7
-3
-2
0
-1
-1
-1
4
2
-1
1
4
0
-2
-6
-5
-6
-9
-10
-12
-12
-11
-7
-3
-3
-4
-1
-2
-3
-4
-6
-2
-4
-4
-1
1
1
-1
-5
0
0
1
4
2
10
11
12
15
12
15
15
19
16
16
14
14
19
17
18
15
12
14
14
12
12
11
9
4
2
4
2
0
3
3
0
3
4
7
7
8
13
12
11
15
18
22
22
28
29
31
33
32
34
31
31
32
30
28
23
25
22
18
20
15
12
11
11
9
7
8
4
5
1
0
-1
2
4
4
1
-1
2
-3
-4
-6
-7
-9
-8
-6
-5
-5
0
-4
0
5
2
6
7
10
11
12
14
11
15
10
7
12
12
8
10
10
7
9
13
13
7
5
9
11
8
6
6
5
2
2
-1
-2
1
-8
-10
-8
-7
-11
-6
-6
-7
-2
-2
7
5
9
12
14
13
12
19
20
15
11
7
5
11
4
2
6
8
4
-1
0
0
-1
-2
5
3
4
3
1
4
0
1
1
2
-1
0
-2
-3
0
4
6
7
9
15
15
19
25
21
20
19
24
17
14
16
14
11
6
3
-1
-2
-2
-3
-5
-5
-5
-8
-3
-7
-7
-11
-11
-10
-8
-8
-10
-9
-10
-9
-7
-4
-8
-9
-3
-9
-13
-3
0
-2
-1
1
0
-1
2
4
3
6
8
5
6
7
9
11
8
7
12
16
18
10
17
15
11
14
11
10
11
10
11
9
5
4
0
3
0
-1
5
4
5
4
9
8
10
11
11
11
9
11
12
14
11
14
14
11
7
10
9
4
11
8
12
19
14
15
11
12
15
14
11
7
11
10
10
9
8
12
13
12
12
15
17
14
17
16
16
16
20
22
24
21
18
22
23
29
25
20
23
19
19
22
19
17
15
13
15
17
13
10
7
12
11
10
4
6
6
4
6
3
1
4
8
5
6
3
3
4
6
6
4
-1
2
-2
-2
-5
-5
-7
-7
-7
-8
-6
-7
-8
-8
-5
-4
2
2
3
7
9
11
13
10
12
12
14
9
7
5
1
2
1
0
-1
1
-1
2
1
0
2
7
11
9
14
13
11
13
14
15
14
16
12
12
6
12
13
13
10
9
11
10
11
7
7
12
11
7
6
5
5
5
5
8
9
10
8
3
9
9
5
4
8
9
12
11
10
12
11
15
10
13
14
14
16
17
17
14
14
12
14
12
10
13
9
7
10
14
8
10
9
8
9
11
11
8
6
6
6
2
3
3
2
1
1
-2
-5
-7
-1
-2
0
4
6
3
3
2
3
2
1
-2
-1
-3
-2
-1
-2
2
3
1
2
-2
-5
-3
1
0
3
8
5
5
6
8
5
2
4
2
-1
0
1
0
-1
-3
-3
-1
-1
3
0
-3
1
-2
3
3
3
3
3
4
0
0
-2
-3
-5
-8
-6
-6
-10
-7
-6
-10
-3
-4
-5
-3
-4
-2
0
0
1
5
4
4
4
9
3
7
10
8
14
15
13
12
15
18
18
18
17
15
15
11
13
13
22
19
21
20
15
19
19
25
21
25
26
23
21
27
24
24
29
25
31
26
26
27
24
23
21
17
18
11
12
12
12
10
8
7
10
10
9
7
9
7
6
9
11
11
4
7
6
6
2
0
4
4
1
3
7
12
7
8
10
8
7
5
4
8
7
5
5
5
6
3
7
6
7
8
10
6
8
11
10
6
9
10
8
7
6
5
2
5
7
3
4
3
-2
2
-3
-2
-3
-2
-1
-2
-3
-2
3
8
6
7
8
7
7
5
11
7
5
4
4
6
7
11
8
7
5
12
8
2
3
3
5
3
3
6
5
6
3
0
4
0
-5
-5
3
5
5
5
12
19
19
21
24
25
25
29
26
26
26
23
23
26
26
22
21
23
21
16
17
15
13
12
14
17
10
12
16
11
9
9
5
7
5
2
-1
-4
-6
-8
-9
-8
-10
-12
-10
-14
-14
-14
-12
-14
-11
-8
-4
-10
-13
-9
-10
-9
-9
-11
-6
-8
-7
-7
-2
-3
-3
1
4
5
10
6
4
5
3
5
-1
-2
-2
-1
-3
-5
-5
-3
-3
-4
-4
-5
-6
-1
-4
-2
-2
0
-1
-1
2
4
4
2
4
1
-1
1
1
3
1
0
1
2
3
6
6
7
8
8
10
6
8
6
9
12
9
9
8
9
8
9
9
12
13
13
14
16
17
17
17
16
18
18
18
19
21
21
19
22
24
24
20
19
18
18
21
20
21
19
18
19
16
16
14
18
15
13
13
7
8
9
6
4
1
1
-2
-8
-6
-5
-10
-9
-9
-10
-12
-13
-13
-14
-15
-11
-13
-10
-9
-12
-12
-12
-10
-10
-11
-7
-5
-6
2
9
7
6
6
4
5
3
2
1
4
3
4
3
-1
0
-2
-4
-3
-2
-7
-7
-9
-8
-10
-9
-7
-8
-4
-7
-6
-4
-5
-5
-1
-2
-4
0
-2
-3
1
1
2
1
4
1
8
8
2
2
1
3
3
9
3
1
3
2
8
4
3
6
7
8
7
9
16
12
7
10
10
17
19
16
13
13
14
11
12
10
10
9
9
10
13
12
17
17
17
19
22
22
24
25
21
18
18
19
12
12
12
13
15
9
7
9
8
6
6
9
7
5
6
6
7
7
7
5
0
-1
0
3
2
0
0
-1
2
3
2
8
8
8
8
8
8
6
5
5
6
4
5
3
7
4
5
7
2
6
7
7
6
7
7
3
7
2
-3
0
0
7
4
-2
-2
-1
-4
-5
0
-5
-2
-5
-3
-8
-6
-3
-6
0
-1
-1
1
1
3
3
-6
0
-2
-2
-2
-4
-1
-3
-6
-7
-4
-5
-6
-5
0
-2
-3
-5
-5
-5
-5
-6
-4
-1
-4
-4
-3
-2
-4
-9
-6
-8
-8
-8
-4
-5
-8
-5
0
-3
-3
-2
0
-2
-3
0
0
0
-1
1
1
2
3
8
4
3
5
4
8
5
7
10
9
12
10
9
11
16
17
15
17
19
18
20
18
21
18
15
16
14
17
14
16
19
17
18
20
17
17
15
16
9
6
9
8
9
8
11
10
13
10
12
13
13
10
12
14
12
16
8
10
11
13
13
10
13
10
7
7
4
6
9
7
11
14
11
17
21
21
22
23
20
24
22
24
25
21
21
21
20
22
19
23
21
18
21
18
17
15
17
17
18
18
18
13
16
16
13
14
11
9
8
8
2
2
4
-3
-2
0
-1
2
1
0
4
4
-1
4
-1
2
3
2
-1
1
5
4
9
8
8
11
10
12
15
13
14
16
16
18
14
16
18
19
17
19
21
21
23
23
21
20
23
24
23
26
22
19
21
15
19
17
12
10
12
11
12
13
11
14
14
18
20
20
21
15
14
14
14
14
10
12
17
21
21
23
22
20
20
23
22
24
25
24
26
22
24
24
28
27
26
30
31
28
32
35
32
30
31
34
30
33
32
31
33
36
31
33
29
33
33
37
38
32
34
29
29
27
29
26
23
26
18
21
