11
9
13
11
10
15
13
13
13
10
14
14
16
20
14
13
19
11
16
16
17
22
18
19
20
21
22
22
21
19
16
21
19
18
16
20
19
19
22
24
25
21
20
21
20
24
20
20
20
20
15
15
15
16
17
16
15
18
14
13
15
15
18
17
18
13
14
20
16
17
15
14
16
11
11
12
14
15
17
16
17
20
17
17
24
25
18
23
20
23
22
19
21
22
23
23
22
21
22
22
24
23
25
28
23
20
21
25
21
21
20
17
21
16
14
21
15
15
14
14
13
12
16
11
12
9
10
7
10
11
8
9
7
8
7
11
9
10
5
11
15
13
15
16
20
20
21
20
23
21
20
23
17
14
18
16
15
17
16
22
19
18
22
22
17
15
20
18
16
14
16
18
12
13
16
17
20
14
13
15
16
16
17
16
17
15
14
14
15
18
16
16
12
11
14
9
11
12
9
13
15
12
11
5
9
11
10
10
8
9
13
14
12
10
12
8
12
13
12
11
7
8
11
10
7
10
11
8
6
5
6
9
8
9
9
11
8
10
11
9
8
9
9
7
10
11
13
8
10
13
12
15
17
15
15
15
15
16
15
18
18
20
19
17
21
18
12
15
7
8
13
10
13
12
16
16
15
16
14
12
9
12
13
15
11
10
13
14
10
8
11
10
10
8
8
5
9
5
8
11
9
14
9
7
8
4
4
4
4
6
5
2
5
6
6
5
4
5
3
3
1
3
3
6
2
5
-1
2
-1
1
4
0
5
7
7
5
3
-3
2
-2
-3
-4
-4
-4
-4
-2
-8
-9
-8
-3
-5
-1
-2
-2
-3
-8
2
-1
0
0
-3
-3
-3
-4
-3
-5
-9
-7
-6
-10
-7
-3
0
-5
-3
-4
-5
-3
-2
-2
-4
-2
-4
-3
-5
-4
-2
-3
0
-3
1
-3
-3
2
3
-1
-1
2
1
-4
1
1
2
5
8
9
10
11
13
7
7
4
4
7
4
3
2
6
1
3
3
3
7
3
5
8
5
7
4
6
14
13
8
8
12
7
5
4
5
5
5
7
4
6
7
8
8
7
4
1
5
9
6
8
5
7
9
8
10
8
13
13
13
15
14
15
17
17
16
18
15
16
15
17
14
11
11
12
13
10
17
12
8
12
10
10
11
15
14
13
18
12
13
15
13
14
9
8
9
6
5
4
4
5
2
-1
-2
-1
-2
-4
-2
-2
-4
-3
1
-1
-2
-7
-6
-4
-8
-5
-5
-4
-5
-8
-4
-4
-7
-6
-8
-4
-8
-11
-8
-7
-6
-6
-8
-1
-2
-4
-4
-7
-6
-3
-3
-8
-9
-7
-3
-7
-7
-4
-7
-1
-4
-7
-5
-5
-5
-7
-5
-8
-8
-8
-9
-9
-8
-4
-7
-5
-8
-10
-8
-9
-11
-10
-11
-12
-11
-16
-13
-13
-8
-9
-11
-12
-12
-6
-7
-4
-5
-2
1
-1
-1
3
0
-1
0
-3
-2
-4
-4
0
-1
1
-2
-1
-1
3
2
0
0
-1
-2
0
0
2
8
4
7
4
0
4
4
5
4
7
5
9
7
4
6
6
4
4
1
-2
3
2
3
2
1
0
2
-2
2
3
5
6
4
2
1
3
5
5
0
0
0
-3
-6
-5
-3
-1
-2
-8
-5
-3
-2
-4
-7
-4
-3
-4
-2
-1
1
1
3
2
1
1
-2
-6
-2
0
3
1
3
-1
2
-1
-2
0
-2
-2
-1
0
-3
-6
-6
-6
-6
-8
-6
-1
-6
-3
-6
-9
-11
-9
-9
-5
-7
-11
-8
-14
-9
-5
-12
-9
-14
-13
-11
-14
-11
-16
-16
-18
-19
-15
-19
-16
-15
-15
-18
-18
-17
-17
-14
-18
-16
-16
-16
-12
-14
-17
-15
-15
-15
-18
-16
-15
-15
-11
-13
-9
-9
-6
-6
-10
-8
-10
-11
-12
-16
-20
-21
-18
-16
-17
-14
-19
-19
-17
-17
-15
-17
-18
-20
-22
-19
-18
-20
-15
-16
-15
-12
-13
-12
-11
-9
-10
-13
-11
-12
-10
-5
-4
-7
-5
-6
-8
-7
-2
-8
-7
-9
-8
-7
-6
-7
-8
-5
-4
-4
-4
-5
-7
-7
-6
-1
-1
-1
-2
-1
1
-2
-4
0
-3
-1
0
1
-1
-2
0
-1
-3
0
-6
-6
-3
-9
-11
-11
-10
-10
-13
-12
-11
-12
-12
-11
-3
-3
-8
-11
-9
-12
-10
-15
-12
-8
-9
-12
-16
-17
-11
-6
-6
-6
-5
-8
-5
-6
-7
-6
-6
-6
-9
-11
-7
-8
-10
-6
-8
-10
-6
-9
-12
-10
-17
-12
-14
-12
-10
-10
-11
-11
-10
-11
-12
-12
-13
-14
-13
-15
-17
-19
-19
-26
-19
-16
-19
-17
-19
-22
-17
-17
-17
-17
-16
-16
-20
-15
-17
-18
-19
-20
-16
-20
-21
-19
-19
-17
-14
-14
-15
-15
-12
-10
-10
-10
-10
-9
-9
-6
-8
-12
-12
-10
-7
-6
-10
-6
-4
-6
-3
-5
-5
-5
-5
-8
-5
-6
-8
-8
-2
-6
-8
-6
-9
-7
-6
-5
-3
-4
-5
-3
-6
1
2
-1
-4
-6
-1
-6
-9
-5
-2
-6
-4
-3
-7
-5
-7
-5
-2
-5
-7
-5
-3
-4
-5
-6
-7
-5
-1
-4
-4
-2
0
-3
-8
-8
-12
-10
-13
-15
-16
-22
-23
-21
-16
-15
-16
-17
-7
-8
-10
-8
-5
-5
-9
-12
-8
-10
-10
-6
-5
-6
-11
-5
-7
-10
-13
-13
-10
-10
-13
-14
-15
-12
-10
-14
-11
-10
-13
-12
-7
-4
-10
-9
-9
-9
-9
-10
-11
-11
-12
-14
-12
-16
-15
-16
-20
-16
-14
-17
-13
-14
-11
-14
-12
-9
-11
-9
-9
-11
-14
-11
-12
-12
-10
-12
-12
-12
-15
-14
-17
-18
-14
-18
-13
-17
-15
-16
-20
-16
-14
-15
-17
-13
-17
-14
-20
-17
-14
-19
-16
-17
-11
-11
-9
-7
-11
-14
-12
-6
-7
-5
-6
-8
-8
-8
-9
-4
-8
-11
-8
-4
-6
-5
-5
-3
3
-5
-2
-7
-6
-5
-5
-7
-6
0
-1
-3
-4
-5
-8
-6
-7
-12
-11
-10
-7
-10
-8
-6
-6
-7
-5
-7
-5
-5
-8
-6
-8
-3
-8
-5
-6
-8
-8
-11
-6
-8
-11
-6
-5
-7
-9
-9
-9
-10
-7
-12
-11
-10
-12
-10
-15
-14
-14
-10
-12
-9
-10
-11
-11
-10
-8
-14
-12
-10
-11
-12
-15
-17
-15
-18
-17
-19
-20
-21
-19
-21
-20
-19
-19
-22
-23
-19
-21
-14
-14
-11
-18
-16
-14
-16
-18
-20
-20
-19
-18
-17
-17
-17
-15
-20
-18
-23
-21
-17
-21
-21
-21
-23
-26
-23
-22
-19
-19
-22
-22
-22
-23
-25
-24
-17
-18
-19
-17
-22
-22
-19
-23
-24
-22
-20
-22
-20
-22
-25
-26
-25
-24
-29
-24
-22
-25
-23
-20
-20
-24
-22
-18
-23
-23
-22
-23
-19
-20
-20
-21
-23
-22
-23
-25
-23
-22
-24
-19
-16
-13
-14
-10
-14
-9
-9
-7
-7
-8
-6
-5
-8
-8
-14
-11
-9
-14
-10
-10
-9
-12
-13
-12
-12
-12
-15
-18
-17
-19
-19
-17
-17
-16
-17
-18
-20
-17
-17
-11
-11
-11
-12
-10
-11
-7
-8
-9
-10
-10
-7
-9
-11
-9
-11
-12
-9
-14
-10
-8
-10
-11
-14
-8
-13
-10
-9
-12
-10
-12
-14
-15
-14
-12
-13
-13
-15
-11
-12
-12
-13
-14
-17
-17
-16
-20
-16
-17
-13
-20
-20
-18
-20
-17
-20
-20
-22
-20
-20
-21
-21
-24
-29
-29
-28
-24
-26
-32
-31
-27
-30
-34
-31
-29
-26
-29
-25
-26
-26
-27
-24
-23
-26
-21
-28
-26
-24
-25
-24
-21
-23
-24
-25
-24
-23
-24
-23
-31
-32
-35
-30
-30
-31
-33
-32
-29
-29
-30
-30
-28
-29
-30
-28
-28
-30
-28
-28
-27
-26
-26
-28
-29
-25
-23
-23
-24
-25
-18
-20
-21
-17
-16
-15
-17
-16
-15
-14
-13
-11
-13
-16
-17
-17
-15
-15
-13
-14
-12
-9
-10
-17
-16
-15
-15
-13
-11
-6
-10
-7
-9
-11
-8
-8
-8
-9
-10
-8
-5
-9
-11
-15
-11
-9
-9
-7
-8
-13
-13
-13
-12
-12
-10
-8
-11
-9
-11
-12
-7
-8
-9
-7
-7
-6
-8
-7
-9
-12
-11
-15
-15
-17
-17
-18
-17
-21
-19
-16
-19
-18
-23
-25
-23
-22
-20
-22
-22
-21
-21
-24
-23
-22
-25
-20
-21
-23
-29
-26
-24
-25
-22
-23
-20
-20
-13
-15
-15
-12
-16
-15
-15
-13
-15
-15
-15
-17
-15
-19
-18
-19
-20
-21
-19
-23
-26
-27
-26
-27
-30
-27
-26
-27
-27
-31
-32
-30
-32
-29
-32
-31
-28
-28
-29
-31
-27
-28
-30
-29
-29
-29
-29
-32
-31
-31
-31
-28
-28
-30
-33
-29
-28
-29
-29
-27
-22
-26
-24
-24
-29
-21
-18
-19
-17
-11
-16
-14
-10
-13
-8
-5
-6
-5
-4
-5
-7
-6
-8
-6
-6
-9
-8
-6
-10
-9
-13
-12
-10
-19
-16
-10
-14
-12
-11
-16
-11
-12
-15
-9
-11
-13
-13
-12
-14
-13
-14
-12
-10
-14
-12
-12
-13
-11
-7
-14
-15
-17
-17
-15
-14
-11
-12
-16
-14
-12
-14
-14
-14
-17
-17
-15
-15
-15
-14
-16
-18
-15
-19
-15
-14
-16
-16
-10
-11
-11
-11
-14
-13
-11
-6
-6
-8
-9
-7
-7
-12
-12
-9
-15
-20
-19
-19
-16
-13
-16
-20
-17
-16
-21
-16
-11
-20
-16
-16
-16
-15
-15
-13
-15
-14
-15
-16
-19
-22
-20
-22
-25
-18
-17
-18
-17
-14
-19
-18
-20
-18
-19
-18
-16
-18
-20
-21
-21
-18
-15
-15
-14
-13
-17
-17
-18
-16
-19
-18
-18
-17
-15
-18
-16
-17
-13
-16
-9
-11
-14
-17
-17
-13
-19
-15
-12
-12
-12
-9
-11
-10
-11
-7
-8
-9
-9
-7
-4
-8
-5
-8
-7
-10
-14
-13
-11
-15
-14
-14
-17
-15
-22
-20
-16
-19
-17
-13
-14
-3
0
-12
-11
-11
0
4
2
-4
-7
-1
-1
0
1
-5
-7
-8
-3
1
0
-4
-5
-4
-2
-1
-7
-7
-8
-1
-2
-2
0
0
-2
3
6
4
4
0
4
7
8
7
2
1
1
1
-5
-5
-5
-11
-15
-17
-15
-16
-18
-17
-15
-18
-16
-20
-10
-2
-4
-4
-1
-2
1
4
5
1
-3
-7
-11
-5
-6
-7
-14
-18
-12
-6
-4
-10
-11
-8
-13
-5
-5
-10
-7
-9
-5
-3
-6
-9
-5
-11
-10
-6
-7
-7
-6
-8
-8
-13
-12
-10
-15
-18
-18
-19
-26
-25
-27
-22
-10
-11
-27
-34
-21
-14
-11
-9
-15
-22
-17
-9
-6
-7
-11
-14
-21
-17
-13
-13
-22
-27
-24
-26
-16
-9
-15
-20
-16
-12
-6
-3
-8
-15
-12
-13
-8
-7
-10
-13
-14
-7
-9
-11
-11
-13
-14
-11
-13
-12
-8
-9
-12
-11
-9
-6
-11
-9
-10
-3
-2
-10
-12
-11
-9
-10
-7
-7
-10
-17
-17
-18
-12
-15
-15
-21
-21
-15
-17
-18
-13
-1
-4
-6
-3
1
9
16
13
2
3
3
6
9
7
1
-5
-2
7
9
7
6
-1
-2
4
4
4
2
1
-2
-3
2
-4
-1
-7
-6
-2
0
-2
-9
5
5
1
2
0
-7
-12
-4
-8
-10
-11
-13
-20
-13
-8
-11
-14
-10
-14
-15
-8
-6
-1
-5
2
-1
-2
1
3
0
-2
-1
-10
-14
-14
-10
-4
-10
-15
-19
-8
-5
-1
0
-1
-4
-1
12
14
17
22
17
3
3
12
8
-1
-1
-6
-11
-9
-8
-16
-18
-7
-6
-10
-12
-10
-4
1
9
5
0
-2
5
13
21
17
3
1
4
15
19
9
-11
-18
-10
-3
-4
-6
-9
-12
-2
8
3
4
13
16
14
12
10
3
11
22
12
0
0
-1
4
11
10
-5
-8
2
4
12
12
6
-2
2
8
7
9
13
15
9
1
0
5
13
15
7
3
-2
-5
-3
5
-4
-9
-14
-11
-6
-4
2
1
-3
0
6
4
8
7
3
-1
0
-4
-10
-2
0
-10
-18
-11
-16
-13
-5
-4
-9
-6
2
2
4
8
8
-2
-1
2
3
5
8
-1
-10
-8
-4
-5
1
-1
-4
-10
-10
-5
-1
7
0
-6
-4
6
6
8
8
6
4
7
8
5
9
4
5
14
15
5
5
14
12
11
15
14
7
13
20
18
17
13
7
7
18
19
19
17
16
17
16
18
18
16
13
10
6
15
14
7
5
8
8
10
9
4
12
18
25
18
13
12
12
13
18
11
0
-3
-2
8
6
1
-9
-4
7
7
4
4
9
13
16
13
7
5
11
14
13
3
-2
2
7
15
17
1
-7
2
15
22
16
1
-3
7
16
14
4
-6
-7
1
7
3
-4
-7
-9
-4
8
2
-3
-2
5
11
10
4
4
6
5
2
-3
2
9
3
-8
-8
-2
3
7
6
-10
-9
1
11
14
4
-5
-13
-6
3
9
-5
-5
-14
-16
0
2
1
-9
-6
-10
-3
5
2
-5
5
10
8
18
16
7
11
17
11
9
2
4
9
14
10
-3
-5
0
2
1
1
-5
-11
-6
0
2
4
5
2
2
11
12
7
3
12
9
1
10
7
1
-2
0
3
0
2
4
4
0
4
-5
-4
8
6
5
-2
-7
-9
-2
1
-5
-13
-13
-6
-2
1
2
-5
-4
6
12
17
17
13
15
33
33
27
29
20
22
37
39
26
17
16
23
23
23
19
-1
-4
7
15
13
8
-1
-8
2
15
14
9
10
9
16
25
17
12
8
15
24
27
19
8
5
11
19
14
7
-4
-13
-11
1
6
-3
-13
-18
-9
0
3
0
-15
-17
-13
-1
10
4
-12
-19
-12
-1
7
2
-13
-21
-19
-10
-10
-17
-32
-50
-42
-31
-30
-41
-36
-40
-46
-40
-29
-35
-52
-46
-42
-42
-39
-39
-41
-38
-36
-49
-59
-56
-43
-37
-31
-41
-59
-59
-32
-22
-17
-12
-22
-21
-3
16
25
34
39
31
42
69
73
64
65
65
59
59
66
60
45
44
37
26
24
16
0
-3
6
-4
-14
-9
-12
-10
-4
2
3
9
14
20
39
62
60
56
71
75
88
103
108
92
80
87
83
83
81
63
36
35
26
12
7
-7
-25
-38
-35
-35
-46
-51
-50
-56
-56
-49
-51
-47
-43
-41
-37
-30
-26
-31
-27
-24
-25
-37
-37
-38
-47
-48
-59
-82
-98
-102
-121
-125
-134
-144
-162
-169
-186
-219
-228
-234
-224
-180
-119
-74
-64
-77
-82
7
161
227
172
134
171
216
271
340
345
238
148
159
213
240
195
107
26
-7
8
28
23
-34
-110
-126
-96
-82
-91
-109
-126
-131
-103
-73
-77
-73
-57
-30
-8
22
20
7
18
55
88
92
78
46
38
51
75
95
73
5
-34
-10
23
9
-24
-47
-97
-129
-100
-59
-26
-27
-73
-126
-95
-23
28
46
27
-19
-22
42
103
123
106
76
35
59
123
138
111
77
50
30
47
70
52
18
0
-12
-20
-21
-26
-49
-49
-56
-72
-81
-84
-85
-77
-57
-74
-109
-119
-110
-106
-92
-94
-128
-161
-173
-164
-154
-143
-150
-179
-206
-210
-192
-174
-191
-228
-249
-207
-113
-14
20
-23
-74
-12
159
274
251
197
186
215
276
371
404
305
178
145
210
263
229
135
40
-8
-9
14
20
-45
-138
-163
-128
-106
-119
-139
-161
-164
-128
-92
-95
-102
-89
-59
-19
20
26
-5
-2
38
89
118
108
74
55
64
102
141
129
53
-10
1
49
79
75
36
-37
-67
-21
36
47
4
-45
-65
-41
-6
11
5
-14
-41
-37
3
17
10
11
11
2
18
38
34
28
40
46
33
25
22
25
31
32
18
-15
-37
-46
-39
-37
-48
-83
-123
-143
-149
-132
-131
-155
-206
-237
-241
-229
-222
-213
-240
-298
-323
-306
-287
-302
-282
-161
2
4
-170
-203
56
313
315
227
221
227
223
364
574
552
313
141
194
334
374
302
173
30
-63
-28
73
61
-88
-207
-208
-183
-168
-149
-170
-227
-231
-172
-134
-128
-132
-116
-69
-8
29
17
11
40
100
170
202
183
150
114
120
206
279
209
58
22
95
133
109
91
40
-65
-81
0
46
-18
-92
-120
-108
-81
-64
-62
-81
-104
-102
-57
-21
-27
-29
7
27
31
51
76
69
85
130
127
88
67
72
74
71
60
15
-41
-66
-58
-46
-69
-127
-182
-196
-194
-198
-200
-224
-277
-306
-288
-267
-273
-285
-300
-344
-364
-342
-314
-322
-238
-23
98
-91
-271
-40
365
432
263
252
293
257
305
562
679
442
145
129
323
418
326
188
68
-62
-109
10
90
-63
-261
-281
-202
-191
-205
-200
-237
-282
-242
-163
-123
-143
-154
-98
-19
21
21
30
56
91
153
209
215
181
136
120
178
284
254
87
10
75
104
115
152
77
-115
-178
-32
100
59
-100
-218
-186
-66
-10
-24
-67
-144
-176
-68
74
59
-26
-31
18
61
117
145
105
76
120
163
147
111
68
55
93
95
31
-40
-89
-102
-74
-44
-107
-223
-278
-265
-220
-184
-224
-327
-383
-347
-308
-267
-244
-306
-413
-433
-367
-297
-281
-194
3
74
-147
-285
51
502
498
248
232
336
334
391
637
721
442
120
130
382
482
321
123
34
-49
-99
4
93
-70
-306
-318
-195
-172
-224
-235
-229
-247
-233
-175
-112
-122
-145
-84
23
49
7
22
95
155
179
211
230
195
132
129
232
329
223
21
-8
111
165
118
74
15
-100
-159
-44
84
7
-187
-251
-156
-78
-79
-83
-104
-171
-179
-65
31
7
-43
-24
31
74
110
122
117
121
153
179
158
104
86
110
120
88
20
-48
-92
-89
-54
-71
-158
-244
-274
-247
-215
-221
-281
-356
-373
-346
-308
-298
-312
-361
-417
-441
-412
-356
-312
-155
73
54
-260
-298
190
597
482
250
262
342
344
490
760
752
369
58
185
502
532
271
66
-7
-97
-104
57
83
-178
-400
-339
-186
-169
-237
-266
-262
-257
-228
-149
-84
-123
-158
-54
88
87
20
50
126
182
230
273
258
191
128
162
317
384
198
-28
9
152
148
115
127
9
-199
-206
5
125
-5
-216
-290
-191
-94
-67
-70
-124
-236
-248
-93
42
-4
-73
-47
-17
18
93
136
103
82
128
157
132
86
54
89
117
63
-20
-65
-94
-101
-67
-63
-168
-281
-289
-251
-210
-211
-288
-393
-403
-337
-306
-311
-326
-398
-505
-519
-429
-312
-116
68
-38
-366
-339
184
601
502
236
190
306
402
542
763
764
414
84
203
552
597
305
72
18
-32
-58
33
76
-131
-371
-368
-202
-160
-286
-345
-277
-231
-251
-212
-143
-163
-164
-42
88
64
-9
19
125
232
282
285
256
208
155
214
390
446
242
10
18
177
226
143
115
58
-127
-236
-48
150
30
-211
-278
-207
-138
-80
-43
-91
-198
-237
-143
-13
28
-33
-60
-9
40
61
110
151
133
121
142
149
112
94
107
135
118
28
-68
-89
-58
-45
-72
-136
-228
-306
-286
-204
-174
-252
-381
-418
-362
-326
-346
-319
-290
-403
-561
-523
-362
-302
-202
36
59
-303
-424
94
647
598
258
173
310
394
519
788
857
480
48
116
525
649
365
75
-18
-80
-100
14
83
-118
-390
-422
-259
-181
-274
-343
-303
-265
-283
-242
-153
-151
-184
-95
57
73
3
12
116
220
277
310
306
240
160
203
389
483
305
47
22
163
215
142
71
28
-76
-180
-102
56
20
-168
-223
-152
-131
-138
-80
-53
-125
-154
-89
-29
-26
-3
43
57
33
27
84
157
174
151
149
127
82
75
147
165
73
-23
-64
-67
-55
-45
-75
-148
-234
-263
-223
-155
-166
-266
-341
-341
-304
-292
-294
-292
-316
-400
-485
-479
-381
-373
-374
-132
127
-75
-464
-271
390
668
395
178
239
342
410
652
890
740
257
7
322
699
609
241
30
-29
-73
-8
142
70
-239
-434
-350
-175
-148
-246
-310
-299
-292
-272
-168
-91
-159
-194
-51
69
29
-6
67
155
208
261
297
272
201
171
291
451
414
180
40
137
243
197
107
74
21
-99
-156
-26
87
-45
-249
-255
-145
-122
-137
-102
-126
-193
-173
-99
-66
-38
6
5
-23
7
89
147
168
157
150
149
132
114
157
206
134
10
-18
-2
-17
-29
-38
-93
-203
-272
-245
-179
-166
-251
-345
-360
-332
-302
-289
-294
-318
-366
-421
-436
-395
-370
-444
-455
-161
157
9
-424
-367
250
654
481
209
190
291
399
627
879
784
322
-1
222
662
714
354
12
-78
-26
70
165
108
-160
-402
-381
-157
-21
-134
-320
-363
-289
-180
-93
-79
-177
-220
-84
77
88
37
42
80
143
250
338
293
174
120
223
394
424
244
72
83
184
203
149
91
-10
-164
-210
-84
75
35
-197
-313
-216
-104
-60
-2
-24
-177
-242
-77
98
120
56
-30
-66
8
154
216
164
108
70
70
133
196
177
91
24
26
52
40
-25
-71
-57
-92
-176
-192
-172
-213
-272
-247
-227
-300
-372
-350
-287
-267
-317
-390
-446
-444
-423
-419
-445
-382
-92
122
-143
-522
-252
449
656
296
86
222
356
441
665
869
670
165
-31
372
801
640
144
-57
11
47
86
176
69
-268
-443
-272
-29
-20
-234
-380
-319
-196
-154
-126
-121
-194
-194
-27
91
24
-23
59
120
144
232
296
223
122
135
277
408
345
126
39
162
243
175
103
78
-18
-140
-143
-40
6
-166
-320
-187
-31
-135
-245
-145
-41
-79
-67
0
-23
-1
96
151
140
116
95
116
226
309
226
127
125
146
189
230
175
48
-33
-11
32
70
28
-126
-212
-164
-135
-155
-171
-221
-331
-372
-272
-203
-250
-332
-369
-334
-309
-330
-333
-323
-394
-519
-496
-347
-164
52
58
-313
-502
-3
630
602
193
69
246
419
564
724
744
451
65
90
568
831
466
4
-47
76
118
165
186
-15
-293
-315
-112
37
-47
-268
-342
-230
-134
-129
-112
-123
-196
-157
44
99
-38
-77
30
129
171
206
199
122
60
102
285
425
255
-57
-85
167
289
156
8
-34
-106
-193
-120
48
50
-143
-281
-206
-81
-53
-45
-7
-46
-133
-109
41
124
110
62
16
36
98
159
177
163
145
107
85
129
159
145
114
60
40
35
29
1
-10
-17
-86
-155
-160
-150
-185
-216
-225
-254
-301
-299
-276
-297
-312
-303
-328
-407
-431
-409
-424
-512
-405
-6
202
-195
-653
-332
445
695
322
31
100
269
440
709
891
656
129
-64
396
928
813
242
-77
22
202
304
334
168
-144
-315
-168
98
129
-117
-337
-307
-157
-72
-62
-135
-255
-242
-49
79
7
-88
-67
-2
93
218
244
117
6
59
250
404
338
105
-21
94
255
261
172
73
-20
-94
-84
30
80
-84
-224
-143
-44
-108
-172
-84
-17
-38
-60
-78
-60
33
118
105
43
29
52
88
170
223
173
87
25
73
196
228
125
11
-8
15
34
96
81
-65
-190
-183
-96
-82
-151
-245
-304
-310
-281
-261
-266
-346
-417
-394
-361
-398
-420
-424
-525
-645
-534
-149
109
-97
-576
-599
63
655
520
55
-63
165
411
654
847
732
293
-7
245
802
977
517
-3
-45
211
363
380
286
7
-287
-274
32
206
28
-282
-386
-253
-106
-70
-109
-187
-249
-201
-58
7
-59
-100
-42
43
108
134
117
87
90
147
267
341
230
31
25
241
365
238
43
-4
28
18
13
84
46
-167
-213
-51
-2
-108
-119
-29
-38
-92
-82
-46
33
117
105
22
-7
47
119
210
274
173
44
60
173
278
296
196
45
8
111
203
191
103
-31
-109
-84
-27
-13
-84
-205
-299
-288
-217
-224
-301
-349
-362
-345
-328
-359
-413
-414
-404
-509
-597
-524
-282
-10
-7
-392
-635
-185
510
583
130
-94
119
397
572
709
755
508
120
135
678
1049
692
117
26
267
380
364
333
153
-157
-259
-25
205
103
-241
-397
-258
-102
-99
-157
-217
-292
-260
-91
-16
-110
-181
-120
-10
70
94
69
43
48
75
188
331
255
4
-39
202
362
253
75
20
38
31
21
87
86
-78
-137
-38
14
-46
-68
-12
-43
-81
-55
-18
10
19
19
-2
-19
-1
52
119
150
63
22
97
163
173
163
171
126
68
91
166
203
134
-20
-73
-4
37
-34
-144
-178
-197
-255
-288
-258
-249
-345
-428
-350
-267
-371
-504
-468
-359
-444
-586
-552
-353
-96
-25
-289
-529
-253
331
509
207
-21
104
369
541
621
669
552
277
199
545
911
718
226
81
285
417
366
282
167
-30
-133
-16
145
84
-183
-319
-204
-79
-105
-191
-238
-267
-219
-93
-77
-174
-205
-120
-37
6
26
29
6
6
39
142
261
195
2
-33
170
321
201
27
27
93
55
-25
24
99
-40
-168
-70
33
-35
-112
-64
-23
-36
-48
-78
-46
55
75
-9
-41
25
82
96
135
124
83
98
139
180
201
177
116
97
152
174
124
77
24
-24
-11
6
-41
-142
-217
-238
-233
-223
-269
-341
-391
-418
-369
-289
-312
-422
-456
-389
-387
-446
-457
-462
-521
-367
1
76
-349
-625
-165
504
572
105
-141
127
453
564
631
695
498
141
169
694
1016
669
115
6
289
481
447
305
116
-79
-143
50
240
121
-166
-286
-205
-95
-47
-63
-178
-276
-202
-86
-103
-176
-141
-51
-52
-87
-57
22
39
-17
-9
114
179
78
-46
28
226
248
86
-9
66
122
45
18
117
95
-121
-205
15
167
12
-145
-131
-43
41
107
86
-34
-68
38
158
216
168
56
41
146
276
296
196
87
87
205
292
238
155
85
44
55
127
153
30
-111
-154
-99
-46
-99
-214
-279
-276
-276
-323
-349
-327
-316
-333
-388
-419
-350
-269
-309
-396
-395
-365
-443
-511
-425
-171
66
-55
-479
-580
-7
576
483
4
-147
112
415
609
676
610
340
91
260
771
972
528
12
26
366
538
458
266
45
-103
-37
179
268
80
-219
-283
-114
-2
-51
-125
-192
-264
-240
-115
-78
-177
-232
-185
-114
-87
-89
-108
-87
-49
-27
15
54
8
-64
15
161
139
-9
-32
98
153
68
7
63
70
-47
-73
68
156
27
-106
-67
59
144
144
77
-10
4
124
221
237
188
87
52
155
308
329
195
65
62
177
292
255
109
5
4
85
139
102
-30
-147
-142
-67
-29
-67
-168
-279
-295
-220
-170
-236
-329
-342
-304
-288
-282
-254
-260
-324
-349
-287
-259
-344
-447
-428
-377
-232
13
1
-391
-581
-73
543
475
-20
-171
150
481
565
574
583
423
182
270
727
945
576
128
118
404
554
478
308
137
25
45
159
223
108
-111
-199
-133
-64
-69
-120
-221
-311
-252
-156
-206
-296
-255
-168
-196
-261
-206
-93
-84
-161
-170
-53
40
-30
-117
-37
116
105
-20
-3
137
168
45
-17
98
180
72
12
149
188
35
-7
120
193
159
124
92
61
117
211
226
166
77
43
116
235
227
100
20
24
75
145
167
89
-23
-79
-17
89
102
-18
-139
-125
-60
-61
-67
-62
-122
-221
-233
-159
-128
-178
-244
-245
-228
-268
-279
-184
-146
-264
-349
-289
-231
-287
-344
-384
-451
-455
-221
54
-55
-497
-590
-4
546
382
-118
-181
199
497
564
575
535
358
225
409
799
891
514
144
199
484
594
488
303
120
24
107
254
228
18
-151
-168
-126
-104
-107
-159
-277
-350
-275
-197
-241
-313
-289
-221
-221
-268
-246
-161
-114
-144
-166
-75
12
-34
-93
15
174
136
-4
21
201
260
137
71
186
261
179
160
241
246
172
176
239
224
184
177
165
143
143
143
112
89
73
54
46
43
19
11
2
-35
-51
-12
10
-34
-55
-32
-22
-34
-35
-30
-37
-40
-57
-57
-29
-27
-91
-139
-117
-82
-95
-148
-190
-197
-174
-188
-213
-213
-231
-286
-287
-220
-236
-345
-401
-398
-395
-382
-271
-95
-96
-354
-506
-147
383
410
-8
-196
69
426
586
565
443
327
314
423
624
746
602
309
192
333
513
535
359
110
20
134
212
117
-1
-42
-91
-172
-193
-144
-141
-222
-310
-296
-228
-265
-356
-307
-169
-172
-303
-336
-212
-76
-59
-146
-179
-73
40
20
-13
83
168
101
31
133
283
262
106
84
243
318
223
140
179
229
212
183
185
202
173
101
70
143
193
99
-22
-15
65
68
13
-14
-17
-31
-46
-33
4
13
-32
-73
-38
13
9
-15
-22
-23
-25
-13
3
-16
-49
-63
-63
-56
-60
-88
-128
-157
-148
-123
-152
-209
-228
-184
-175
-240
-260
-216
-222
-306
-345
-323
-332
-385
-390
-238
-56
-127
-414
-409
51
395
214
-137
-120
221
494
504
372
311
332
353
416
567
607
395
187
229
399
452
353
188
58
71
160
161
37
-66
-86
-76
-110
-172
-204
-176
-170
-224
-271
-275
-269
-258
-207
-182
-222
-266
-238
-169
-110
-81
-103
-110
-74
-19
1
36
90
94
73
67
99
146
196
193
132
84
95
149
173
146
163
179
90
30
138
283
237
66
16
93
173
175
115
59
24
20
32
70
89
5
-95
-69
29
61
5
-60
-79
-52
14
30
-24
-61
-40
-24
-33
-30
-2
-20
-75
-110
-101
-64
-47
-86
-148
-183
-178
-147
-128
-152
-200
-233
-245
-228
-170
-144
-232
-323
-327
-286
-279
-225
-40
25
-207
-447
-233
289
456
94
-231
-84
301
495
437
287
164
160
288
442
475
357
227
188
214
246
270
293
216
50
-11
86
145
55
-23
7
3
-107
-177
-116
-36
-55
-144
-213
-233
-203
-132
-81
-115
-212
-242
-155
-76
-76
-110
-113
-88
-73
-64
-54
-8
26
21
4
4
13
36
67
96
79
37
38
77
102
95
122
162
104
24
83
188
167
65
53
100
90
46
53
82
61
10
-20
1
49
35
-30
-41
20
28
-18
-39
-17
12
27
11
-42
-54
-4
23
-14
-51
-57
-60
-60
-57
-64
-75
-84
-87
-106
-115
-101
-84
-96
-112
-115
-110
-99
-88
-79
-91
-99
-87
-72
-70
-74
-74
-62
-52
-67
-96
-118
-117
-105
-102
-58
-17
-52
-131
-129
-18
74
67
-7
-44
-2
80
147
144
87
41
53
115
158
140
86
63
84
110
102
67
40
49
56
37
12
0
8
5
3
2
8
3
-29
-35
-3
36
22
-18
-41
-35
-4
20
22
9
-3
-8
-16
-4
30
42
34
13
-14
-14
26
74
78
29
-18
-14
30
55
44
17
-12
-34
-17
14
22
-6
-38
-29
-8
-8
-25
-19
9
8
-32
-52
-22
17
25
14
-3
-13
-11
18
57
52
4
-21
-2
41
52
45
20
-16
-24
22
53
23
-17
-9
10
-6
-18
-5
17
4
-30
-45
-17
-1
-22
-30
-22
-26
-53
-61
-47
-21
-27
-57
-74
-67
-40
-38
-58
-72
-48
-30
-55
-75
-53
-27
-42
-71
-75
-62
-60
-87
-101
-89
-81
-92
-109
-104
-91
-82
-91
-91
-80
-73
-69
-61
-46
-45
-57
-38
-7
-10
-32
-29
14
27
-2
-13
30
67
56
24
36
86
106
81
67
84
116
117
111
125
136
109
82
100
134
139
110
74
60
80
95
83
53
22
10
26
36
14
-18
-27
-30
-35
-30
-30
-51
-81
-82
-58
-47
-53
-77
-90
-83
-73
-68
-57
-48
-59
-73
-68
-40
-23
-6
-3
-36
-60
-32
32
57
16
-20
-22
14
44
69
61
22
4
29
86
101
76
50
46
55
68
74
87
77
55
34
35
50
60
60
37
21
16
23
20
30
36
16
-17
-23
2
21
-4
-26
-33
-44
-54
-58
-40
-33
-64
-112
-113
-75
-76
-108
-113
-103
-117
-142
-136
-106
-90
-105
-144
-151
-118
-72
-76
-105
-105
-80
-65
-63
-55
-41
-31
-27
-19
1
25
19
21
42
63
71
68
74
84
90
92
105
113
102
87
80
98
113
92
48
36
60
75
55
30
19
19
5
-7
6
19
2
-36
-51
-27
0
-8
-35
-48
-35
-27
-26
-17
-11
-29
-59
-55
-27
-7
-24
-55
-59
-32
-20
-39
-43
-30
-29
-41
-34
-11
-5
-18
-22
-6
14
22
22
21
28
26
21
37
55
49
33
28
52
66
62
53
49
59
66
58
49
59
74
57
24
28
51
64
38
8
8
14
7
-6
-6
-11
-27
-41
-30
-34
-59
-78
-58
-32
-61
-112
-105
-55
-39
-75
-96
-81
-55
-52
-61
-48
-40
-58
-76
-41
2
-8
-43
-40
-2
19
1
-2
27
35
12
0
20
40
44
22
5
16
24
20
13
14
12
1
-8
-4
-2
5
3
-10
-14
-9
-3
-13
-14
-8
-3
-10
-22
-17
1
4
-5
-6
2
9
-2
-2
10
21
6
-23
-19
17
23
-11
-29
-11
5
-2
-12
-15
-14
-17
-19
-4
16
2
-16
-17
14
32
16
2
8
29
38
26
18
31
45
32
17
22
36
38
34
38
23
6
4
32
49
37
-2
-35
-11
24
29
-3
-30
-36
-22
-7
-11
-12
-17
-35
-50
-41
-23
-23
-40
-42
-38
-48
-59
-43
-12
-4
-50
-73
-33
-1
0
-17
-12
-5
-17
-11
17
41
33
8
4
13
34
40
37
30
10
-6
-1
9
11
3
-19
-32
-34
-25
-16
-26
-39
-45
-46
-48
-41
-30
-26
-40
-52
-44
-27
-20
-27
-24
-20
-21
-22
-16
0
-1
-13
-15
-2
6
-8
-17
-7
10
4
-26
-38
-21
-6
-14
-32
-37
-27
-22
-32
-30
-9
-3
-26
-40
-26
3
17
5
-11
-11
5
11
21
21
15
2
-4
6
16
22
14
-3
-23
-18
4
11
0
-24
-30
-27
-17
-15
-16
-20
-33
-36
-33
-21
-15
-21
-34
-40
-25
-11
-9
-21
-36
-34
-26
-23
-26
-21
-23
-30
-34
-27
-14
-13
-31
-29
-16
-10
-7
-12
-4
9
9
-1
1
15
24
31
19
5
6
21
26
17
0
1
12
9
-1
-9
-9
-16
-15
-15
-24
-25
-25
-31
-34
-34
-26
-25
-29
-42
-38
-15
-17
-34
-35
-15
-3
-11
-12
-5
-2
-9
-1
23
29
-6
-35
-8
28
32
-10
-33
-19
-2
-3
-11
-10
-15
-27
-35
-24
-5
-5
-22
-34
-15
2
-4
-2
6
16
10
-2
-2
15
26
17
0
-4
5
-2
3
10
14
-5
-35
-30
1
12
-13
-35
-31
-15
-19
-29
-28
-17
-28
-44
-34
-16
-9
-17
-26
-20
-14
-16
-12
-5
-8
-21
-25
-15
0
0
-20
-33
-24
-16
-20
-18
-12
-16
-26
-31
-17
0
-6
-21
-22
-11
-10
-10
-10
-4
-7
-13
-9
1
1
-12
-23
-16
-6
-9
-15
-19
-17
-4
-5
-18
-18
-6
1
-7
-17
-18
-4
0
-14
-15
-12
0
-3
-12
-8
0
1
-3
2
9
5
-3
-5
7
8
-3
-21
-16
6
4
-11
-20
-11
-8
-19
-27
-10
0
-20
-40
-24
3
10
-6
-13
-1
5
11
9
24
30
17
4
9
25
30
23
5
-8
-7
13
20
12
-6
-16
-11
-5
-2
-5
-12
-15
-26
-24
-9
3
0
-18
-25
-20
2
16
3
-18
-14
2
9
5
16
18
12
-1
1
18
40
34
12
5
8
29
27
28
20
0
-9
4
20
16
-10
-24
-19
-8
-4
-27
-34
-27
-27
-29
-36
-26
-23
-36
-44
-33
-21
-19
-23
-31
-23
-15
-13
-17
-15
-10
-10
-18
-13
2
4
-5
-9
-9
-7
0
-2
0
4
2
-11
-4
10
8
-5
-8
4
8
9
-11
-17
-6
10
12
0
-3
-6
-5
-2
12
23
13
1
3
22
26
20
14
13
18
12
18
25
30
23
6
3
10
15
13
9
-1
-16
-19
-13
-9
-4
-19
-29
-29
-27
-26
-23
-15
-18
-24
-32
-24
-6
6
2
-10
-12
4
17
17
17
25
26
19
20
25
34
33
22
4
9
31
40
19
1
6
13
14
10
4
-1
-7
-14
-9
-3
-8
-13
-14
-13
-11
-12
-9
-14
-16
-14
-8
-8
-7
-4
-6
6
4
2
0
1
2
0
9
11
5
2
9
16
15
15
8
12
14
9
10
15
18
16
6
2
9
17
8
-6
-15
-8
6
0
-6
-13
-12
-6
0
4
-3
-13
-17
-10
0
11
9
0
-4
-6
0
3
8
12
-2
-14
-8
4
7
2
-3
-10
-13
-15
-9
-2
0
-16
-35
-29
-16
0
-7
-24
-38
-34
-22
-9
-2
-4
-10
-18
-13
3
15
12
6
0
7
13
21
33
32
20
16
21
29
37
25
8
-5
1
10
17
9
-6
-15
-19
-14
-2
-2
-18
-34
-38
-17
-1
0
-20
-24
-18
-15
-5
-4
-1
-4
-10
-4
4
13
5
2
3
13
23
22
22
19
17
16
28
36
22
14
18
31
30
22
25
20
21
18
15
15
17
13
4
4
12
14
1
-7
2
5
4
-2
-8
3
12
6
-2
3
12
10
8
12
20
17
7
10
27
22
7
11
21
23
9
2
13
15
6
-7
-1
4
-5
-18
-15
-1
-9
-22
-27
-14
-6
-18
-22
-14
-9
-13
-18
-9
3
4
0
-1
0
1
4
10
17
7
-3
6
20
24
15
2
3
11
18
13
2
-4
-6
-8
-11
-9
-6
-16
-30
-35
-23
-17
-18
-26
-38
-25
-21
-24
-28
-26
-27
-31
-26
-18
-17
-28
-36
-21
-7
-9
-20
-20
-12
-5
1
3
2
2
2
8
19
20
9
-2
2
13
16
9
6
9
13
9
9
15
20
7
4
12
18
19
7
6
17
23
14
8
9
15
10
3
16
19
18
15
16
17
13
20
18
20
17
13
10
8
11
13
6
2
1
6
4
1
6
0
-6
-10
-6
0
-3
-14
-12
-6
-6
-6
-2
6
4
-7
-7
2
11
2
-1
3
7
4
7
10
12
5
-1
5
8
14
15
2
-6
-3
-3
-3
-3
-2
-6
-12
-18
-12
4
2
-13
-16
-10
1
1
-7
-10
-3
-2
-10
-8
-5
-6
-15
-20
-14
-7
-10
-20
-23
-16
-9
-21
-26
-15
-6
-17
-27
-22
-9
-13
-20
-22
-14
-13
-23
-25
-23
-18
-20
-24
-23
-18
-16
-19
-23
-16
-11
-14
-16
-14
-13
-13
-15
-9
-11
-15
-11
-1
2
-2
-10
-13
-8
-1
-2
-10
-13
-8
4
3
-6
-7
-1
-6
-9
-7
0
3
-7
-14
-7
0
-7
-3
-3
-7
-15
-8
4
5
3
-7
-8
-13
-14
-6
4
4
-17
-27
-17
-8
-7
-14
-11
-8
-5
-10
-16
-12
-8
-11
-17
-15
-6
-4
-8
-13
-14
-11
-8
-13
-16
-13
-9
-12
-16
-16
-13
-16
-16
-20
-20
-12
-12
-13
-16
-17
-15
-4
-7
-8
-16
-20
-19
-12
-5
-13
-14
-17
-13
-8
-12
-13
-20
-18
-9
-1
1
-5
-12
-14
-7
-8
-17
-9
3
-1
-12
-11
-6
-5
-14
-17
-18
-19
-22
-21
-18
-20
-22
-32
-36
-28
-17
-18
-24
-28
-20
-14
-12
-18
-16
-8
-15
-21
-20
-17
-14
-14
-20
-14
-13
-18
-20
-20
-14
-6
-9
-17
-19
-21
-23
-28
-26
-28
-27
-27
-28
-28
-31
-29
-30
-36
-37
-31
-27
-26
-28
-25
-24
-21
-19
-22
-23
-24
-22
-24
-29
-24
-25
-16
-20
-31
-32
-30
-26
-27
-28
-29
-29
-29
-27
-19
-20
-23
-22
-21
-20
-21
-16
-10
-11
-15
-17
-13
-9
-9
-12
-13
-5
-2
0
-1
1
-7
-8
-1
1
4
3
-7
-9
-5
-13
-16
-13
-13
-11
-16
-21
-20
-19
-19
-23
-19
-13
-14
-20
-12
-10
-13
-24
-30
-24
-22
-19
-22
-22
-24
-16
-18
-23
-30
-32
-24
-28
-20
-18
-20
-23
-25
-19
-11
-12
-18
-15
-9
-6
-5
-6
-4
2
3
2
-3
0
9
12
15
11
4
7
6
7
8
5
5
1
7
10
10
11
6
0
-4
-3
-5
-7
-10
-12
-13
-13
-14
-20
-15
-19
-24
-29
-29
-23
-24
-27
-32
-41
-44
-45
-39
-41
-48
-50
-56
-55
-50
-51
-55
-59
-58
-60
-53
-48
-45
-48
-46
-40
-44
-37
-35
-38
-35
-24
-20
-15
-15
-21
-24
-23
-19
-19
-18
-23
-24
-21
-17
-15
-22
-26
-20
-15
-20
-31
-27
-22
-20
-28
-33
-33
-32
-35
-39
-32
-40
-41
-45
-43
-45
-53
-53
-47
-44
-44
-41
-42
-35
-33
-30
-26
-25
-26
-28
-23
-17
-8
-9
-11
-10
-6
3
7
5
3
2
2
0
0
-1
-4
-5
-13
-15
-8
-9
-9
-15
-16
-20
-22
-21
-15
-13
-13
-6
-12
-14
-6
1
-30
-45
-28
-9
-8
-23
-38
-37
-21
-12
-14
-25
-27
-14
-3
-11
-13
-15
-10
-6
-17
-27
-22
-17
-19
-23
-34
-30
-20
-22
-33
-32
-15
-14
-21
-20
-9
16
67
55
-76
-126
-37
47
5
-82
-102
-58
8
12
-44
-76
-43
29
74
-8
-101
-84
9
37
-23
-67
-62
-17
-13
-48
-67
-12
74
25
-42
-19
18
-27
-75
-55
-30
-26
-63
-85
-91
-94
-79
-83
-83
-87
-101
-120
-123
-123
-132
-95
-62
-85
-83
-49
-7
-1
-14
-36
-8
44
38
3
-61
-77
-30
-14
-55
-76
-55
-43
-59
-66
-41
-40
-40
-43
-30
-34
-32
-9
-19
-38
-18
32
6
-27
-11
-6
-11
17
14
-3
-1
6
4
15
15
4
16
2
21
16
-5
2
0
-8
-8
13
-1
-50
-54
-10
25
-14
-42
-43
-23
-7
-43
-57
-20
5
-29
-63
-39
7
17
-21
-47
-21
28
36
-8
-39
-36
25
53
-13
-41
-4
42
27
-15
-10
4
0
-9
-14
-10
2
22
-14
-49
-34
4
11
-29
-30
-8
-10
-26
-23
-17
-17
-26
-20
-10
-26
-31
-9
4
-17
-23
-2
18
-6
-41
-33
6
22
-3
-25
-13
-4
-2
-10
-23
-17
-14
-17
-21
-17
-23
-28
-34
-36
-19
-16
-34
-45
-55
-57
-51
-34
-21
-44
-69
-58
-41
-47
-49
-43
-52
-43
-31
-34
-53
-58
-48
-41
-24
-22
-33
-53
-62
-45
-24
-26
-39
-40
-44
-40
-31
-42
-53
-40
-31
-35
-41
-47
-47
-55
-55
-44
-34
-37
-54
-59
-51
-42
-30
-45
-52
-37
-29
-37
-44
-33
-33
-45
-44
-27
-16
-30
-48
-45
-34
-25
-17
-24
-31
-46
-39
-18
-20
-35
-44
-30
-18
-27
-35
-38
-38
-43
-37
-28
-38
-45
-45
-40
-35
-26
-19
-24
-32
-36
-25
-17
-19
-24
-25
-21
-12
-10
-10
-11
-9
-6
-5
0
-8
-16
-21
-16
-5
-6
-14
-21
-20
-9
2
-6
-13
-10
-9
-9
-20
-18
-9
-15
-27
-27
-20
-22
-23
-23
-25
-26
-24
-21
-18
-30
-39
-40
-26
-21
-30
-35
-29
-28
-31
-30
-25
-27
-34
-33
-26
-24
-31
-39
-41
-36
-29
-22
-26
-31
-27
-23
-29
-35
-28
-27
-31
-35
-24
-21
-31
-33
-28
-22
-28
-30
-27
-21
-18
-21
-20
-21
-24
-25
-26
-29
-32
-28
-28
-36
-39
-42
-37
-36
-36
-43
-45
-38
-42
-38
-42
-48
-50
-45
-38
-36
-49
-62
-57
-47
-51
-54
-51
-46
-43
-46
-45
-46
-37
-39
-48
-49
-42
-40
-44
-44
-44
-38
-34
-25
-30
-31
-22
-19
-21
-14
-11
-6
-8
-20
-20
-23
-11
-17
-21
-24
-24
-18
-22
-28
-35
-30
-23
-20
-17
-25
-27
-21
-16
-21
-26
-13
-8
-14
-24
-7
-6
-15
-18
-19
-7
-15
-20
-22
-18
-13
-10
-16
-16
-16
-20
-25
-19
-14
-20
-22
-20
-9
-22
-26
-21
-16
-8
-10
-15
-13
-10
-16
-16
-10
-8
-7
-12
-17
-16
-16
-13
-10
-2
-3
-9
-12
-9
-4
-6
-4
-5
-9
-1
4
1
-2
-6
-1
2
4
-6
-13
-13
-12
-11
-14
-9
-9
-13
-13
-13
-15
-15
-17
-20
-21
-17
-17
-23
-26
-27
-30
-32
-32
-31
-36
-34
-32
-38
-42
-39
-36
-39
-44
-48
-40
-38
-46
-47
-35
-31
-37
-45
-42
-43
-44
-50
-47
-41
-41
-42
-52
-43
-39
-35
-32
-37
-28
-25
-27
-24
-23
-22
-18
-16
-12
-13
-15
-9
-9
-6
-8
-5
0
-2
-10
-7
-2
-4
-7
-15
-14
-8
-7
-12
-20
-17
-11
-12
-22
-24
-14
-17
-24
-24
-22
-19
-23
-23
-17
-13
-20
-20
-13
-9
-12
-15
-13
-13
-8
-5
-8
-11
-5
-6
-3
-3
-5
-5
-2
4
4
2
-2
1
2
0
2
6
10
12
13
9
17
21
21
16
11
14
12
11
10
18
15
3
5
6
8
4
1
4
1
5
0
-4
-10
-11
-11
-16
-18
-24
-18
-16
-15
-19
-30
-20
-20
-23
-27
-28
-17
-15
-14
-15
-17
-20
-18
-15
-19
-21
-22
-18
-12
-16
-18
-22
-16
-7
-14
-19
-12
-5
-7
-13
-13
-6
-5
-10
-7
-6
-7
-12
-13
-8
-7
-15
-17
-10
-11
-16
-23
-22
-15
-16
-19
-25
-25
-26
-30
-37
-34
-32
-33
-26
-31
-32
-41
-37
-34
-32
-31
-33
-28
-24
-24
-26
-28
-24
-20
-18
-24
-24
-18
-25
-29
-27
-20
-21
-22
-25
-21
-20
-17
-18
-13
-12
-8
-2
-2
-4
-5
-6
-7
-2
0
0
-3
-3
-5
-4
3
3
-2
-4
-3
-7
-6
-8
-12
-11
-13
-14
-16
-12
-2
-6
-8
-11
-4
-5
-7
-5
-3
4
-1
-5
-2
2
6
3
4
3
6
9
9
5
4
7
4
7
3
5
2
4
7
3
8
7
13
6
2
6
10
9
6
4
5
8
5
-4
-1
7
3
0
-6
-2
-2
-5
-1
0
1
0
-3
1
-2
-5
-6
-4
-3
-11
-19
-9
-5
-6
-14
-10
-5
-14
-11
-15
-19
-12
-12
-10
-12
-6
-6
-13
-19
-14
-10
-6
-8
-9
-8
-16
-12
-12
-15
-12
-12
-13
-15
-19
-18
-16
-12
-13
-17
-14
-9
-14
-15
-16
-15
-12
-11
-11
-16
-16
-15
-15
-14
-19
-13
-14
-17
-24
-19
-21
-20
-22
-23
-21
-20
-20
-24
-24
-25
-23
-20
-16
-14
-14
-14
-8
-9
-15
-13
-12
-8
-12
-16
-16
-11
-9
-10
-12
-15
-17
-17
-13
-13
-13
-16
-10
-6
-10
-11
-5
0
0
2
-4
-1
5
6
11
11
9
8
8
6
4
7
4
5
5
6
6
3
9
7
7
9
10
15
8
5
11
8
11
14
10
9
6
6
10
8
5
8
10
10
5
7
14
14
11
7
7
12
8
4
3
4
5
2
1
0
5
6
8
4
6
11
16
15
12
11
18
19
13
14
20
21
13
11
11
14
15
11
6
1
6
3
-5
-7
-10
-9
-6
-9
-17
-14
-12
-5
-5
-8
-6
-6
-2
-5
-8
-9
-7
-6
-8
-9
-14
-13
-10
-8
-8
-15
-10
-13
-17
-20
-19
-17
-14
-17
-19
-17
-19
-19
-15
-18
-20
-16
-14
-10
-9
-7
-8
-6
1
-3
-7
-3
2
-1
-5
-7
-6
2
0
-1
-2
-3
-2
-2
-2
0
-5
-7
-6
-10
-8
-6
-9
-7
-7
-13
-12
-6
-2
-4
-11
-9
-2
-2
-4
-7
1
5
4
7
10
9
14
8
4
10
13
12
12
13
10
15
16
14
15
12
20
19
25
27
26
25
24
28
27
21
24
27
21
27
26
25
25
25
25
22
17
20
19
19
20
14
11
11
12
10
14
12
13
7
9
12
9
6
2
5
6
12
10
7
6
8
6
7
4
2
7
5
7
3
1
3
3
0
-7
0
6
0
-5
-2
4
4
2
7
8
2
0
4
4
1
0
2
0
-2
-2
-1
-2
1
-4
-7
-7
-4
-1
-7
-11
-9
-5
-5
-3
-9
-7
-2
-7
-7
-7
-9
-8
-10
-9
-13
-14
-8
-10
-11
-14
-11
-9
-12
-12
-13
-11
-9
-9
-11
-6
-6
-3
-3
-4
-4
-8
-8
-7
-4
-2
-8
-5
-3
1
-5
-4
-3
0
6
1
4
7
3
2
7
10
12
7
5
5
3
4
2
3
0
2
-1
-3
0
2
6
6
4
5
5
5
8
7
9
5
4
9
10
13
9
9
10
8
9
12
9
6
5
9
9
5
2
7
10
12
13
8
9
16
15
8
13
11
12
13
13
11
12
12
14
13
14
13
16
14
12
10
9
10
10
9
1
4
1
9
4
7
9
8
9
7
10
6
6
2
2
1
2
2
-4
-2
-4
-4
-4
-1
-6
-4
-3
2
4
-1
2
0
2
3
-1
1
-2
-2
-10
-6
-5
-7
-8
-10
-4
-5
-7
-6
-1
0
-4
-3
-2
-5
0
-2
-3
-9
-9
-3
-10
-12
-12
-12
-12
-10
-8
-6
-10
-11
-11
-14
-9
-3
3
-2
-4
-5
-5
-1
1
0
-4
-1
-2
-5
-4
-7
-3
0
0
-4
-4
-5
-5
-3
-10
-4
-3
-1
-1
-8
-8
-2
-1
4
4
2
10
6
5
9
13
14
10
14
16
16
18
15
14
20
26
21
19
18
20
23
24
27
28
23
23
27
25
21
21
24
25
26
24
22
24
19
20
23
20
26
22
17
22
21
20
18
18
16
20
16
18
20
19
19
16
16
22
17
18
20
21
26
24
22
18
22
26
26
31
29
29
28
29
31
28
25
23
24
23
23
22
20
20
20
19
21
17
14
9
8
13
11
9
10
6
6
13
10
7
1
6
7
7
6
4
6
0
5
1
0
4
6
4
4
9
10
8
3
7
9
9
9
8
7
10
10
11
12
13
12
12
14
16
19
14
15
17
15
17
18
21
17
19
21
19
17
16
17
17
20
17
18
16
17
17
17
20
22
22
19
21
18
15
15
19
21
21
18
20
18
18
21
19
21
21
20
21
23
26
26
29
30
30
33
32
35
36
32
31
31
34
34
32
33
34
31
34
31
36
36
35
35
36
44
42
44
41
42
45
47
46
42
40
37
40
38
41
36
36
37
35
37
38
44
45
49
47
47
50
53
55
58
56
54
61
62
59
51
52
48
45
45
42
46
41
40
37
36
36
35
38
33
29
33
32
32
31
30
28
24
24
24
28
30
23
27
26
25
28
28
33
34
32
34
30
34
36
35
29
31
36
35
37
32
29
27
23
28
27
24
25
23
23
23
22
22
24
25
33
24
25
25
30
30
31
29
27
30
28
30
28
29
22
24
24
27
25
23
23
21
21
20
19
23
25
20
22
22
25
19
17
22
21
26
26
26
24
19
24
26
21
24
26
32
32
30
35
35
38
40
43
44
47
43
44
46
45
47
43
52
47
45
45
44
47
46
43
37
43
39
41
41
44
44
42
42
38
41
42
38
42
43
44
45
38
40
45
44
40
37
38
38
39
38
35
37
43
42
43
42
41
40
38
40
38
40
40
44
40
37
38
37
39
41
35
31
35
33
33
37
34
32
28
26
24
32
34
28
28
26
22
24
26
20
21
26
27
23
22
23
20
26
20
22
25
21
25
23
24
23
23
24
26
24
29
30
27
26
24
22
22
22
21
16
22
23
18
15
11
16
14
7
12
13
9
11
8
11
9
9
8
9
7
8
12
15
13
8
12
16
12
15
12
15
19
22
21
22
21
24
21
19
22
18
21
15
21
20
22
23
24
18
21
