-17
-20
-17
-16
-22
-22
-22
-19
-20
-21
-19
-20
-20
-20
-18
-17
-14
-18
-17
-22
-23
-26
-29
-24
-24
-26
-31
-32
-26
-29
-24
-25
-25
-24
-23
-18
-23
-25
-24
-22
-25
-22
-21
-21
-17
-18
-15
-14
-17
-16
-20
-20
-17
-18
-19
-14
-14
-11
-9
-11
-9
-9
-13
-16
-11
-11
-13
-11
-11
-13
-14
-13
-9
-10
-13
-16
-13
-12
-14
-12
-12
-12
-13
-15
-14
-15
-10
-10
-15
-11
-11
-11
-13
-14
-14
-17
-14
-13
-17
-18
-20
-19
-13
-15
-14
-13
-10
-7
-6
-12
-10
-11
-13
-13
-14
-11
-13
-8
-10
-9
-10
-6
-6
-10
-9
-12
-10
-10
-11
-8
-11
-11
-9
-10
-8
-7
-11
-16
-12
-11
-11
-8
-11
-12
-12
-13
-10
-12
-15
-15
-18
-20
-17
-14
-14
-21
-16
-14
-18
-17
-17
-18
-17
-12
-14
-10
-12
-12
-15
-15
-7
-10
-8
-11
-13
-10
-6
-10
-5
-5
-6
-7
-7
-7
-10
-8
-9
-3
-5
-5
-3
-5
-2
-2
0
-2
-1
-5
-5
-6
-8
-4
-4
-6
-3
-2
-4
-8
-7
-2
-8
-8
-8
-5
-3
-6
-9
-6
-8
-8
-9
-11
-8
-8
-9
-9
-8
-7
-10
-10
-9
-11
-12
-13
-13
-13
-17
-18
-14
-14
-12
-11
-9
-13
-9
-11
-8
-7
-9
-8
-8
-5
-5
-9
-9
-9
-6
-5
-4
-2
-11
-11
-7
-7
-10
-9
-9
-9
-6
-11
-8
-7
-12
-5
-2
-3
-11
-13
-20
-17
-19
-19
-15
-17
-10
-11
-12
-12
-14
-15
-13
-8
-9
-10
-7
-9
-8
-7
-6
-1
2
2
1
2
-3
-5
-5
-3
-2
-3
-1
-4
-2
-1
-4
-5
-7
-5
-5
-4
-8
-10
-4
-6
-10
-10
-11
-8
-6
-2
0
-6
-4
-7
-6
-5
-8
-5
-11
-16
-11
-10
-8
-12
-14
-11
-11
-7
-5
-6
-8
-11
-10
-4
-4
-3
-6
-5
-3
0
0
1
-1
0
-4
-2
-3
-2
-5
-3
-5
-4
-1
0
4
3
0
-1
3
-1
1
2
6
5
3
6
3
3
1
-1
-1
-3
-7
-6
-5
-3
-4
-1
-4
-5
-5
-2
0
-1
-6
-9
-6
-7
-3
-5
-7
-5
-4
-3
-4
-3
-10
-9
-6
-8
-1
-6
-3
-2
-3
-2
-2
2
3
0
3
3
2
4
1
4
2
4
3
-1
4
4
4
4
6
4
7
4
5
7
7
4
7
8
9
6
8
9
8
6
5
6
3
6
5
6
8
11
9
8
6
9
12
6
11
8
8
10
8
5
7
3
6
5
5
4
3
5
1
-2
-1
1
2
0
3
0
-1
2
-2
-3
-2
-1
-4
-3
-2
-3
1
8
3
5
5
1
0
2
5
3
1
8
3
2
1
-1
6
0
1
-1
-3
-3
-2
-5
-2
-1
-6
-5
-7
-8
-6
-2
-7
-7
-2
-4
-2
0
-1
-1
1
-5
-4
-1
-2
-3
-7
-3
-4
-4
-2
-5
-3
-7
-5
-1
-2
1
0
-3
-4
-4
-2
-4
-2
-9
-6
-4
-2
-3
-5
-4
-4
-3
-4
-5
-6
-5
-7
-3
-9
-12
-14
-12
-9
-9
-7
-7
-8
-11
-9
-10
-11
-9
-11
-9
-6
-5
-1
-4
-4
-4
-4
-2
-3
-1
0
-1
0
2
4
4
6
8
6
10
9
7
8
8
5
9
8
7
7
7
5
4
4
3
1
1
3
3
3
0
2
1
0
-4
-2
2
2
1
0
0
-2
-4
-4
-3
-5
-3
-4
-4
-3
-1
-1
1
3
5
5
1
1
5
6
6
5
6
12
13
7
7
9
7
10
12
10
12
10
9
10
9
11
4
4
4
3
9
7
9
10
9
14
10
11
10
12
11
11
13
7
7
7
10
8
2
5
1
4
6
9
8
9
12
13
8
8
5
3
4
3
5
4
1
5
8
5
5
7
7
1
2
0
5
5
5
8
6
7
5
5
6
4
9
5
7
8
4
6
5
6
2
5
1
2
2
4
6
6
6
7
5
7
6
3
8
2
6
7
8
9
4
3
4
6
4
2
2
1
0
5
6
3
2
7
5
7
10
7
9
7
9
10
11
10
14
15
15
18
13
14
15
16
17
14
17
15
15
16
18
21
20
21
26
21
23
21
22
23
19
19
22
23
19
17
19
24
22
20
22
22
25
21
23
22
15
15
16
18
14
15
21
17
18
19
16
21
15
9
14
18
18
20
20
20
15
21
17
19
25
20
21
17
15
16
22
19
24
21
21
19
21
21
19
21
18
19
23
21
21
22
19
22
19
19
18
21
18
16
19
17
18
19
17
16
18
16
17
10
13
16
16
13
14
16
16
11
12
17
12
14
15
13
11
11
6
10
9
9
9
3
5
7
8
7
5
8
6
8
10
10
10
7
3
9
7
5
7
6
6
4
4
2
4
1
3
6
5
9
6
3
3
6
4
4
9
6
6
5
4
8
9
8
8
9
11
14
12
13
17
15
18
16
17
14
13
14
12
15
14
18
13
12
14
17
19
18
14
12
12
16
14
10
15
14
14
13
12
13
13
12
13
16
11
12
15
18
17
13
12
16
11
15
16
13
13
8
12
11
6
5
3
5
6
6
2
1
-1
-3
2
3
-5
-4
1
-2
1
-1
-1
0
-2
0
2
5
4
2
2
2
5
5
5
4
4
3
2
5
4
0
-1
-1
0
-1
-1
-1
-2
-4
-1
-2
-5
-3
-6
-1
-3
0
-1
0
1
-2
0
-4
-2
-3
2
-1
3
7
3
2
1
3
0
2
0
1
-2
2
0
-3
-3
-5
1
-4
-1
2
2
3
4
1
-3
-5
-7
-9
-5
-4
-6
-9
-9
-8
-7
-10
-6
-11
-7
-9
-11
-8
-9
-6
-9
-8
-15
-7
-4
-5
-4
-3
-3
-2
-1
0
-2
-3
-3
-1
0
2
4
4
6
5
7
9
9
12
12
11
20
15
15
17
16
14
16
17
17
23
16
21
18
19
13
16
18
13
9
11
13
13
16
14
12
10
12
11
13
16
12
9
14
11
14
14
12
10
9
12
14
11
5
6
7
5
8
8
5
5
4
10
7
9
11
10
3
3
8
9
5
1
5
6
2
1
8
7
9
4
10
9
5
8
6
10
9
6
7
10
8
7
7
9
12
12
15
12
13
12
16
17
16
15
11
14
16
17
17
11
12
14
14
10
13
10
10
13
11
12
12
12
13
14
7
9
11
8
8
6
11
5
4
4
-2
-2
-4
-7
-5
-6
-5
-7
-11
-10
-6
-4
-2
-3
-1
0
1
3
4
0
-1
4
0
-4
-3
2
-3
-5
-3
-3
-5
-6
-6
-14
-14
-16
-20
-19
-21
-18
-16
-18
-18
-17
-19
-19
-17
-21
-21
-16
-18
-18
-20
-21
-18
-18
-18
-22
-20
-19
-19
-19
-15
-14
-19
-12
-11
-12
-8
-12
-9
-6
-5
-6
-8
-7
-9
-10
-6
-7
-12
-14
-8
-9
-12
-9
-11
-10
-7
-2
-3
-6
-1
1
-2
-2
-1
-4
2
7
5
7
9
9
12
15
16
16
24
27
30
34
37
43
45
45
49
55
54
52
56
59
57
61
63
62
64
63
65
61
57
53
53
50
45
44
40
40
36
31
29
26
19
17
15
11
6
7
1
-5
-6
-7
-9
-10
-10
-17
-17
-23
-29
-37
-37
-43
-45
-50
-52
-54
-58
-60
-64
-66
-66
-70
-64
-64
-65
-66
-66
-68
-73
-70
-69
-76
-77
-77
-79
-77
-80
-79
-73
-74
-74
-70
-69
-63
-58
-57
-54
-53
-51
-49
-49
-44
-44
-44
-42
-41
-43
-48
-59
-61
-68
-71
-75
-73
-63
-55
-27
-2
6
-6
-10
3
35
59
79
82
67
61
73
90
84
71
72
81
77
74
76
60
43
46
52
47
38
39
42
43
37
29
24
17
26
36
40
29
11
2
8
5
2
2
-3
-9
-10
-5
-9
-17
-22
-10
7
4
-8
-7
-8
-7
-3
5
6
0
-1
8
5
-4
-3
0
6
1
0
3
1
0
1
5
0
-7
-3
6
7
-5
-6
0
3
-4
-1
2
-1
-15
-17
-10
-15
-23
-23
-17
-24
-38
-39
-35
-38
-43
-36
-36
-46
-56
-49
-43
-58
-67
-59
-59
-70
-74
-73
-77
-90
-86
-86
-89
-97
-95
-85
-88
-90
-89
-83
-83
-82
-80
-75
-89
-99
-97
-96
-107
-112
-99
-93
-82
-57
-27
-19
-35
-26
3
33
51
65
73
60
59
82
93
85
73
82
89
89
86
85
71
60
66
73
68
54
57
63
60
54
48
41
35
39
49
49
32
14
17
16
6
4
1
-5
-14
-15
-17
-24
-37
-39
-34
-23
-20
-14
-10
-17
-19
-20
-9
-2
7
13
7
-3
-6
-1
2
1
4
3
4
9
6
2
1
2
7
13
19
16
19
18
23
29
26
30
27
31
31
25
19
16
11
8
14
5
-9
-13
-10
-13
-21
-24
-23
-27
-36
-33
-32
-41
-43
-40
-47
-54
-58
-59
-64
-72
-73
-79
-86
-92
-91
-88
-92
-97
-101
-91
-90
-91
-87
-85
-90
-90
-96
-102
-107
-116
-119
-126
-127
-121
-101
-68
-28
-1
-13
-38
-34
11
63
98
104
88
75
88
117
120
106
97
106
119
134
124
98
80
74
84
88
79
69
69
77
86
71
47
43
48
55
62
56
30
6
7
20
11
-8
-23
-21
-17
-23
-23
-37
-64
-78
-53
-36
-49
-63
-50
-40
-50
-34
-12
-18
-38
-12
14
5
-9
-3
3
-12
-7
6
8
3
4
16
19
12
10
23
33
29
28
34
37
32
40
54
49
39
33
39
39
27
30
29
24
8
-2
1
-8
-14
-18
-13
-20
-35
-35
-28
-37
-52
-55
-59
-64
-70
-65
-68
-78
-82
-81
-73
-78
-82
-77
-77
-78
-78
-72
-71
-75
-68
-63
-71
-80
-77
-68
-67
-79
-92
-106
-114
-125
-127
-122
-125
-109
-73
-39
-19
-15
-26
-20
11
66
108
115
104
86
93
115
131
124
110
110
118
133
129
107
94
91
90
92
86
84
84
87
92
87
66
50
58
71
74
68
51
32
18
27
29
17
5
-3
5
0
-8
-11
-37
-51
-47
-31
-27
-52
-62
-51
-50
-61
-48
-31
-29
-21
-5
4
-12
-18
0
13
9
4
12
9
9
17
24
22
12
22
38
36
21
27
42
44
35
37
42
38
34
41
43
31
19
24
31
18
3
-9
-9
-14
-14
-19
-29
-38
-44
-40
-41
-48
-59
-62
-60
-69
-74
-84
-93
-98
-97
-92
-104
-114
-114
-105
-105
-110
-115
-113
-109
-101
-90
-91
-94
-95
-81
-79
-87
-103
-110
-119
-130
-141
-149
-147
-137
-106
-71
-40
-26
-25
-26
-2
56
111
133
114
93
99
140
173
168
142
114
120
152
168
146
113
96
99
109
109
97
78
79
93
96
82
61
52
58
73
82
64
37
24
27
34
25
8
-6
-9
2
7
-2
-24
-45
-47
-24
-25
-37
-53
-65
-63
-54
-46
-47
-46
-37
-9
2
-7
-9
-6
1
24
39
38
31
29
38
38
42
37
32
32
47
48
36
33
42
41
42
47
45
43
46
53
43
42
40
39
30
24
16
3
-5
-3
-14
-29
-43
-50
-47
-60
-69
-82
-93
-98
-105
-106
-105
-116
-122
-117
-116
-120
-123
-124
-121
-122
-117
-119
-134
-135
-122
-111
-110
-115
-115
-106
-105
-100
-97
-112
-130
-138
-131
-134
-144
-142
-131
-113
-91
-50
-13
-11
-26
-5
35
71
108
129
125
114
125
154
158
140
137
144
149
153
158
143
116
106
107
103
89
84
87
84
80
75
63
46
43
52
65
57
37
22
13
6
5
-3
-16
-22
-28
-29
-24
-42
-56
-63
-57
-48
-52
-58
-63
-67
-74
-69
-66
-66
-71
-64
-55
-61
-58
-46
-28
-16
-6
7
15
16
28
51
63
62
57
66
65
64
67
66
60
52
54
65
67
60
56
57
49
47
55
53
43
39
32
25
15
10
1
-7
-16
-25
-32
-42
-52
-65
-81
-95
-98
-105
-109
-112
-115
-119
-124
-130
-128
-134
-130
-124
-122
-126
-133
-136
-133
-131
-129
-122
-124
-128
-127
-128
-128
-117
-118
-145
-161
-153
-147
-164
-180
-177
-169
-147
-102
-44
-24
-44
-46
-10
38
80
121
131
115
107
143
167
153
136
136
139
140
150
157
140
105
94
101
96
78
75
76
79
77
70
60
48
50
58
60
46
23
11
9
14
2
-13
-22
-21
-24
-28
-22
-32
-56
-61
-45
-40
-51
-61
-54
-57
-71
-68
-49
-49
-63
-61
-53
-65
-79
-71
-60
-58
-50
-13
21
32
37
60
67
71
110
159
160
127
121
130
121
94
88
91
87
81
77
78
66
55
61
61
51
45
48
42
28
15
8
1
-11
-23
-30
-44
-57
-68
-76
-97
-115
-124
-121
-122
-136
-143
-146
-138
-139
-144
-143
-149
-153
-149
-153
-155
-163
-164
-156
-164
-176
-178
-164
-156
-147
-135
-151
-179
-190
-184
-180
-185
-158
-83
4
59
69
70
90
134
160
153
178
261
324
283
216
190
163
125
115
140
125
67
55
97
95
25
-26
-22
4
33
66
77
49
40
61
71
51
29
44
67
64
53
38
-10
-54
-65
-54
-51
-70
-93
-96
-77
-70
-106
-134
-126
-86
-71
-85
-64
-37
-43
-55
-18
15
-3
-29
-12
29
31
8
5
26
43
74
126
153
143
138
178
195
166
132
141
167
167
147
111
61
44
72
95
75
43
39
59
75
88
90
63
52
72
93
68
14
-1
-2
-16
-49
-81
-109
-133
-136
-140
-164
-201
-213
-185
-157
-153
-150
-140
-126
-104
-83
-78
-102
-101
-76
-61
-81
-118
-141
-143
-145
-150
-153
-154
-160
-157
-151
-157
-193
-212
-195
-148
-121
-101
-18
137
264
244
187
215
271
296
270
259
315
350
279
161
115
58
-47
-81
-7
35
-31
-85
-39
22
9
-40
-27
51
132
169
190
180
158
127
98
78
63
56
37
8
-22
-65
-117
-184
-226
-199
-136
-109
-126
-96
-35
-9
-37
-46
-2
50
78
74
89
111
77
8
-5
45
38
-25
-54
-16
-5
-63
-107
-88
-51
-54
-32
19
110
198
214
226
234
237
212
216
235
216
201
177
145
84
14
-34
-58
-36
-36
-26
-37
-24
19
18
21
31
59
78
94
107
84
42
-5
-36
-77
-112
-145
-177
-189
-212
-211
-221
-235
-215
-182
-142
-121
-93
-59
-9
26
8
-14
-12
4
-19
-46
-67
-84
-107
-120
-146
-163
-163
-179
-185
-159
-125
-130
-142
-114
-63
-52
-56
-24
126
331
394
301
245
308
339
235
145
181
244
212
134
80
6
-118
-194
-120
-13
-15
-80
-43
93
160
109
56
97
170
209
234
252
224
135
67
40
3
-63
-114
-125
-116
-110
-140
-186
-224
-202
-133
-67
-44
-18
62
146
158
105
97
133
135
79
55
94
81
-17
-86
-58
-31
-101
-175
-143
-65
-61
-90
-59
15
42
48
111
281
349
302
303
330
306
213
161
134
117
83
38
8
-51
-117
-171
-140
-94
-80
-56
-16
66
119
128
124
126
147
154
134
105
65
-2
-75
-127
-182
-237
-282
-299
-302
-300
-278
-253
-215
-175
-128
-71
-38
-31
15
76
79
46
19
3
-10
-54
-117
-148
-162
-194
-217
-207
-196
-190
-187
-180
-165
-148
-136
-106
-52
-28
-18
0
78
246
384
349
253
272
320
265
151
111
151
167
115
66
27
-76
-191
-175
-58
-2
-54
-61
65
196
184
126
143
185
203
215
248
250
172
55
3
-6
-62
-149
-189
-165
-147
-147
-160
-185
-180
-141
-67
3
31
58
130
188
162
117
104
114
88
26
14
25
-33
-118
-121
-80
-102
-175
-170
-84
-31
-47
-32
53
99
86
121
212
312
339
303
328
334
239
129
106
109
64
26
7
21
-15
-91
-125
-90
-35
-25
23
87
140
163
159
170
170
140
97
73
56
1
-78
-154
-209
-260
-302
-320
-317
-309
-287
-244
-209
-176
-140
-98
-46
-21
-3
31
63
47
-12
-33
-36
-71
-120
-174
-198
-208
-237
-256
-241
-218
-214
-189
-143
-103
-80
-68
-39
8
47
32
35
140
326
421
351
263
274
285
180
53
41
102
108
49
17
5
-84
-198
-175
-42
10
-37
-7
154
286
253
163
159
192
183
156
178
193
119
-8
-70
-85
-147
-242
-266
-209
-152
-134
-122
-114
-100
-76
-20
42
71
114
189
236
202
139
121
97
23
-60
-60
-22
-69
-145
-135
-67
-85
-167
-173
-74
-4
-6
35
142
196
156
153
243
351
322
254
285
314
231
99
42
5
-38
-76
-76
-30
-51
-104
-116
-43
3
-11
2
71
184
224
212
184
165
126
53
9
-40
-97
-172
-232
-251
-281
-324
-359
-350
-309
-251
-200
-159
-106
-35
22
53
48
31
41
66
39
-6
-36
-72
-102
-160
-197
-235
-255
-256
-229
-177
-153
-131
-116
-92
-70
-53
-30
-14
18
35
49
106
245
368
338
233
212
264
209
60
-17
36
110
74
2
-24
-50
-129
-161
-74
3
-14
-33
81
254
311
223
166
200
221
174
136
142
121
39
-45
-80
-102
-175
-264
-266
-190
-126
-115
-114
-77
-28
33
64
69
103
171
224
204
162
140
123
55
-38
-83
-71
-94
-171
-178
-107
-68
-115
-155
-97
-7
8
13
100
197
213
183
214
303
354
276
228
259
226
122
31
13
-31
-79
-94
-61
-3
-37
-87
-69
13
40
37
52
116
194
212
204
179
135
65
-3
-45
-99
-165
-219
-249
-261
-281
-306
-315
-299
-254
-174
-121
-93
-54
-5
39
39
12
4
27
31
-21
-57
-70
-107
-154
-209
-234
-239
-254
-259
-215
-142
-121
-127
-118
-92
-74
-68
-51
-10
31
32
50
177
337
355
230
164
224
245
116
-20
-3
86
95
13
-39
-34
-83
-139
-95
10
37
-26
6
180
318
283
174
168
224
208
120
80
81
43
-39
-104
-111
-135
-206
-258
-231
-157
-114
-100
-73
-16
61
104
102
97
143
194
182
121
87
100
72
-34
-129
-128
-113
-176
-235
-186
-86
-73
-119
-101
-2
41
8
38
151
224
195
178
237
339
310
206
198
201
143
36
-27
-49
-70
-101
-110
-33
-2
-46
-72
-22
56
76
66
85
170
224
212
182
160
120
33
-48
-99
-141
-206
-266
-286
-274
-261
-285
-291
-259
-188
-130
-94
-54
-8
41
57
50
33
37
22
-37
-89
-104
-133
-170
-204
-227
-223
-229
-230
-217
-161
-131
-113
-78
-38
3
27
49
46
51
52
21
-13
-25
71
229
281
205
148
171
162
46
-68
-46
61
109
84
85
115
79
-10
-41
5
36
-1
22
164
293
283
178
125
125
100
33
-5
18
25
-14
-52
-58
-81
-132
-174
-183
-118
-47
-31
-24
5
57
81
44
4
38
88
58
5
12
62
38
-77
-144
-109
-82
-152
-195
-120
-14
-4
-52
-29
52
83
38
43
135
187
166
200
293
295
236
157
121
108
39
-42
-67
-27
-26
-43
-34
-30
-35
-44
-12
38
77
87
109
164
197
184
136
90
53
1
-59
-109
-148
-198
-242
-274
-288
-271
-261
-253
-216
-165
-122
-89
-59
-40
-16
3
-2
-5
9
2
-31
-72
-109
-135
-146
-176
-207
-209
-203
-194
-182
-163
-146
-99
-62
-63
-72
-61
-32
-16
-12
10
49
132
260
351
313
216
186
186
139
46
-7
39
100
104
59
18
-28
-78
-85
-40
18
24
41
141
274
317
248
188
182
183
141
104
102
85
19
-67
-110
-135
-163
-197
-205
-177
-120
-60
-30
-22
-5
39
76
75
91
130
153
107
51
52
55
2
-105
-156
-121
-111
-156
-165
-100
-47
-48
-70
-24
41
46
48
106
183
200
169
196
285
288
209
144
115
92
52
3
-31
-30
-40
-58
-35
-22
-15
-17
15
66
95
98
93
127
152
153
125
91
60
15
-37
-92
-142
-203
-254
-273
-274
-263
-236
-220
-200
-165
-125
-92
-75
-56
-27
9
2
-23
-19
-15
-55
-123
-164
-166
-153
-194
-231
-216
-187
-180
-190
-187
-174
-141
-133
-117
-81
-57
-43
-29
-9
1
8
65
227
350
304
183
159
213
195
82
-9
27
115
111
34
-11
-24
-54
-75
-28
46
63
51
104
235
311
264
186
161
179
169
122
91
74
21
-56
-111
-136
-146
-177
-217
-207
-140
-72
-37
-37
-28
15
60
70
84
127
138
96
43
37
49
-4
-111
-177
-144
-109
-140
-180
-148
-78
-48
-71
-71
-19
16
45
91
162
205
193
177
248
307
262
201
127
98
95
71
2
-56
-45
-31
-5
-13
-32
-28
2
40
71
112
115
124
153
182
179
133
84
32
-7
-53
-107
-166
-222
-255
-276
-276
-265
-262
-246
-214
-159
-102
-64
-42
-34
1
14
-7
-28
-30
-55
-99
-134
-160
-152
-174
-230
-261
-251
-231
-227
-207
-165
-126
-98
-93
-96
-85
-68
-50
-29
0
32
145
329
402
294
159
153
201
171
59
25
106
177
139
45
-9
-56
-103
-99
0
95
96
79
147
270
298
202
119
135
186
196
181
167
129
34
-67
-130
-149
-160
-178
-193
-167
-92
-34
-27
-70
-71
-8
44
59
79
145
184
133
57
45
46
-25
-136
-160
-94
-58
-109
-154
-108
-61
-78
-122
-81
-2
33
57
120
210
238
195
216
320
341
277
196
151
144
115
70
5
-14
-24
-25
-8
-20
-38
-41
2
53
101
126
140
163
178
189
170
134
91
47
8
-41
-91
-158
-216
-260
-281
-274
-270
-257
-232
-188
-128
-89
-62
-54
-32
1
8
12
17
20
-21
-81
-131
-143
-140
-182
-235
-251
-231
-219
-220
-209
-173
-126
-110
-121
-129
-116
-79
-40
-12
15
135
345
464
376
207
160
201
190
103
50
121
194
178
74
-29
-106
-177
-178
-77
58
106
92
130
231
289
219
118
103
175
236
250
222
166
74
-45
-144
-184
-183
-178
-197
-197
-128
-54
-52
-126
-143
-57
32
59
88
171
226
167
78
61
72
5
-105
-137
-66
-32
-92
-153
-129
-83
-106
-141
-101
-21
24
39
92
175
220
203
209
321
395
376
277
174
140
121
93
19
-21
-9
18
26
-19
-51
-77
-57
1
66
121
155
183
204
218
194
137
86
49
38
17
-28
-108
-193
-236
-265
-288
-300
-294
-253
-208
-154
-101
-66
-54
-45
-3
28
18
19
42
54
11
-56
-98
-119
-162
-236
-268
-253
-225
-225
-213
-155
-107
-99
-135
-135
-86
-45
-32
-11
75
240
423
485
372
206
161
203
190
100
61
121
197
168
40
-86
-169
-207
-184
-48
88
128
109
138
227
261
193
108
119
212
278
270
221
143
26
-109
-194
-210
-175
-150
-173
-188
-146
-96
-116
-184
-186
-69
55
103
125
173
198
124
39
24
48
8
-73
-83
-22
-12
-99
-190
-171
-115
-111
-123
-72
12
38
34
48
111
161
177
251
382
450
423
309
206
129
104
95
31
1
12
61
57
-16
-101
-133
-101
-39
45
117
174
204
212
219
175
112
59
39
56
49
9
-83
-179
-243
-276
-289
-302
-282
-252
-193
-141
-120
-98
-90
-58
-22
13
34
54
66
43
-2
-55
-78
-96
-145
-199
-213
-183
-166
-177
-189
-172
-147
-154
-182
-171
-96
-41
-15
0
92
294
461
455
287
199
276
363
318
187
153
188
194
107
-14
-96
-170
-182
-116
30
106
65
7
46
171
219
196
166
208
280
301
266
197
108
0
-93
-124
-96
-58
-98
-198
-250
-210
-163
-189
-223
-156
-9
87
116
127
140
91
15
30
114
138
52
-30
-24
-2
-53
-158
-207
-166
-122
-106
-74
-34
-38
-82
-77
4
91
124
215
353
433
432
349
258
157
117
132
141
126
54
7
-20
-50
-117
-167
-141
-75
6
57
101
112
113
127
136
143
141
136
115
75
19
-68
-159
-241
-281
-277
-248
-234
-256
-257
-253
-228
-202
-165
-89
-1
51
55
73
81
37
-49
-111
-81
-12
-22
-104
-174
-190
-198
-239
-275
-242
-162
-115
-125
-153
-140
-122
-116
-93
15
239
449
485
335
207
245
349
362
273
225
242
234
140
8
-93
-160
-185
-129
3
98
60
-23
-30
55
149
177
184
231
302
327
300
219
111
35
-18
-30
-14
10
-31
-153
-258
-270
-213
-186
-194
-149
-33
59
70
64
87
66
23
41
145
213
155
37
-28
-30
-48
-94
-112
-80
-70
-86
-87
-59
-66
-123
-147
-67
63
135
208
297
346
334
285
255
222
206
205
204
178
104
24
-52
-93
-121
-131
-93
-41
-3
-1
5
23
48
71
105
144
155
155
122
73
19
-57
-131
-183
-194
-198
-223
-251
-267
-267
-267
-248
-203
-158
-106
-41
-3
-11
-13
4
13
-11
-59
-72
-50
-51
-131
-205
-210
-174
-169
-202
-195
-146
-116
-144
-185
-178
-114
-86
-97
-74
88
312
401
289
145
163
311
397
348
285
264
234
149
68
17
-32
-94
-106
-17
74
42
-77
-123
-45
90
161
172
185
208
217
199
189
171
136
72
21
19
43
19
-107
-241
-261
-171
-109
-135
-161
-119
-64
-55
-36
34
79
43
6
69
159
145
43
-35
-28
0
-13
-32
-36
-53
-112
-130
-53
28
9
-50
-20
76
148
166
166
169
186
219
246
231
169
108
91
105
108
72
20
-20
-25
2
26
28
9
7
31
55
63
51
29
18
34
51
39
-4
-44
-73
-114
-144
-163
-170
-180
-199
-207
-196
-189
-182
-185
-173
-126
-68
-34
-48
-75
-73
-37
-31
-78
-113
-97
-60
-63
-138
-185
-192
-175
-166
-151
-117
-101
-95
-125
-130
-110
-103
-119
-124
-65
59
208
303
253
107
51
176
343
378
304
224
178
139
107
68
23
-23
-41
7
80
61
-57
-134
-71
59
153
178
160
117
78
86
142
189
168
83
10
-2
36
46
-27
-124
-153
-82
-12
-36
-90
-93
-66
-47
-9
70
105
29
-52
-28
86
135
58
-28
-25
27
43
20
5
2
-22
-37
9
60
29
-62
-71
0
96
196
241
201
129
139
218
276
259
191
147
132
123
84
34
13
-4
5
46
60
13
-49
-57
5
90
120
97
46
20
36
53
47
13
-44
-93
-128
-138
-154
-194
-226
-228
-194
-178
-176
-184
-186
-153
-79
-13
0
-40
-64
-51
-31
-47
-86
-96
-99
-108
-142
-163
-172
-191
-199
-175
-125
-118
-173
-228
-212
-134
-80
-71
14
206
315
167
-32
20
293
453
382
249
204
200
139
82
87
108
50
-35
-34
12
-26
-110
-114
-13
87
106
60
11
12
63
136
187
183
134
66
16
1
34
76
33
-74
-131
-100
-81
-128
-162
-116
-48
-23
-25
-14
-26
-66
-70
15
111
91
-1
-50
-23
14
16
9
22
15
-29
-59
-6
60
39
-1
34
105
129
113
96
86
106
163
207
187
125
75
77
112
114
84
42
34
29
24
39
45
46
39
41
55
54
29
-2
0
34
54
32
-10
-37
-50
-63
-97
-130
-151
-158
-175
-188
-180
-150
-126
-146
-176
-149
-80
-38
-55
-73
-50
-20
-28
-64
-80
-62
-52
-76
-116
-141
-146
-135
-124
-99
-94
-122
-145
-157
-146
-126
-89
-86
-113
-108
-20
138
233
151
-21
-14
215
397
377
255
176
153
134
145
168
136
33
-48
-17
76
69
-54
-133
-73
30
63
49
25
12
33
77
127
136
80
-3
-41
7
111
145
35
-113
-157
-79
-5
-28
-78
-71
-51
-74
-77
-14
18
-32
-85
-39
46
50
-42
-112
-73
15
56
29
-7
-35
-57
-46
38
133
113
13
-17
42
121
161
165
138
101
115
149
149
116
97
87
85
84
80
48
6
2
45
90
86
43
18
36
68
82
76
46
16
8
17
20
5
-7
-37
-78
-114
-121
-120
-146
-166
-164
-146
-138
-128
-128
-132
-125
-90
-40
-38
-71
-87
-51
-34
-60
-87
-96
-68
-72
-103
-131
-126
-104
-96
-90
-74
-75
-93
-103
-111
-100
-76
-67
-94
-99
-70
24
143
161
28
-74
64
319
408
293
154
121
144
181
216
225
148
14
-44
29
113
59
-48
-64
6
41
21
-6
-21
-14
20
76
101
66
2
-40
-8
73
126
90
-34
-113
-66
27
41
-12
-44
-53
-83
-82
-21
38
-14
-117
-124
-23
35
-29
-122
-118
-41
-4
-31
-47
-25
-28
-40
1
77
92
9
-39
25
113
149
137
91
57
80
130
135
86
59
66
68
47
36
35
13
-7
6
44
53
29
13
47
77
88
63
21
1
13
52
66
31
-15
-48
-79
-108
-114
-104
-120
-161
-168
-151
-151
-158
-156
-137
-114
-95
-75
-69
-80
-68
-40
-21
-41
-83
-87
-45
-26
-65
-115
-127
-107
-95
-95
-83
-84
-114
-147
-142
-112
-88
-103
-145
-137
-89
4
117
152
51
-57
45
294
410
293
141
109
167
234
277
270
168
21
-39
55
161
123
-10
-63
-2
48
33
17
19
21
21
40
64
47
1
-13
18
78
101
46
-54
-96
-18
85
90
5
-58
-64
-61
-44
4
36
-19
-121
-136
-39
23
-40
-132
-141
-71
-40
-54
-57
-34
-20
-40
-38
20
69
33
-12
26
101
123
105
80
72
99
132
122
75
62
87
81
43
18
22
12
-7
-6
9
20
-3
-19
0
26
33
26
11
-5
-3
21
29
4
-32
-59
-89
-112
-125
-116
-126
-161
-176
-174
-169
-174
-163
-143
-137
-136
-136
-141
-135
-124
-86
-65
-83
-124
-126
-90
-60
-65
-92
-96
-89
-103
-113
-92
-70
-83
-114
-119
-94
-72
-71
-100
-110
-115
-132
-126
-34
107
154
40
-98
-30
213
374
297
140
79
138
223
267
259
175
65
11
69
152
144
57
-12
0
41
51
15
-21
-14
29
55
33
-14
-43
-14
26
45
48
24
-19
-39
18
93
77
-27
-94
-58
6
17
7
9
-35
-119
-139
-53
18
-38
-126
-129
-57
-25
-55
-66
-34
-6
-28
-41
2
46
22
0
34
71
73
66
78
100
106
114
114
98
75
68
72
64
46
43
51
44
30
21
25
20
15
20
34
41
31
23
22
32
37
21
-18
-36
-27
-36
-67
-94
-87
-91
-128
-151
-146
-127
-125
-125
-125
-143
-164
-160
-124
-108
-119
-128
-118
-113
-119
-114
-87
-70
-77
-104
-109
-91
-76
-76
-85
-95
-92
-89
-100
-121
-103
-76
-89
-134
-151
-130
-124
-124
-63
48
101
7
-113
-26
218
351
242
81
70
168
236
254
243
195
97
41
98
188
173
56
-10
14
46
22
-25
-21
23
35
-6
-54
-66
-17
46
57
38
25
29
5
-21
31
97
73
-32
-71
-7
32
-4
-43
-27
-30
-93
-108
-28
28
-30
-122
-116
-31
1
-36
-55
-22
14
-5
-35
-11
32
21
-22
-11
26
30
16
27
32
79
145
123
33
13
126
226
202
113
46
51
99
141
136
77
-2
-37
4
73
81
32
-21
-44
-28
13
42
13
-36
-50
-29
-32
-51
-58
-53
-73
-115
-122
-109
-113
-139
-151
-154
-166
-180
-172
-143
-140
-155
-155
-128
-108
-113
-113
-94
-79
-85
-95
-91
-83
-81
-84
-91
-105
-120
-130
-130
-112
-96
-112
-154
-158
-136
-124
-117
-103
-65
-9
26
-3
-41
42
198
248
145
58
103
199
251
242
192
128
73
76
138
181
128
13
-30
14
45
12
-20
-12
-1
-15
-25
-23
-4
24
50
45
10
-8
10
36
46
51
43
-6
-62
-63
-4
28
-12
-55
-64
-55
-67
-63
-25
-16
-66
-111
-80
-9
9
-36
-73
-55
-24
-28
-42
-11
42
45
2
3
43
62
68
83
90
76
71
82
78
86
118
110
55
26
52
75
69
55
50
40
23
26
43
49
32
5
-5
19
33
21
0
-22
-28
-26
-13
-17
-34
-48
-67
-89
-95
-89
-93
-116
-132
-127
-136
-142
-134
-116
-121
-143
-142
-120
-110
-115
-104
-77
-59
-75
-101
-105
-80
-58
-67
-92
-95
-81
-73
-89
-95
-85
-83
-84
-89
-80
-71
-92
-128
-135
-117
-109
-115
-97
-30
26
0
-71
-46
120
255
197
55
43
148
231
229
179
132
88
71
93
124
96
21
-15
24
53
2
-52
-45
3
17
-12
-55
-57
-20
16
21
-17
-43
-27
9
15
2
3
-7
-50
-65
-12
24
-10
-52
-41
-13
-37
-75
-40
10
-11
-92
-107
-39
11
-9
-47
-34
-10
-22
-45
-17
27
17
-9
12
50
31
10
67
120
89
44
46
81
110
128
112
67
34
48
85
100
74
30
15
30
56
56
34
21
24
30
15
0
9
24
22
-9
-34
-41
-20
-21
-31
-46
-66
-68
-85
-80
-90
-93
-96
-116
-117
-104
-87
-100
-109
-95
-85
-95
-97
-81
-58
-54
-75
-81
-75
-53
-27
-29
-45
-64
-67
-45
-30
-41
-68
-73
-68
-77
-70
-55
-64
-109
-129
-103
-74
-79
-88
-63
3
47
12
-42
15
161
220
133
46
86
183
223
182
125
91
95
113
118
95
53
28
28
36
23
-20
-37
-16
10
5
-27
-59
-49
6
39
1
-61
-59
7
30
-16
-43
-23
-4
-23
-33
-16
-21
-32
-31
-8
-6
-47
-65
-29
9
-3
-42
-51
-26
-7
-17
-34
-39
-45
-46
-42
-26
4
6
-26
-42
-17
34
65
65
36
11
34
85
110
80
56
58
56
60
76
84
66
50
54
51
48
56
64
49
21
24
30
20
13
26
26
-5
-24
-7
-2
-20
-31
-22
-32
-54
-68
-57
-61
-74
-69
-71
-86
-98
-78
-70
-76
-94
-95
-82
-72
-62
-59
-73
-85
-66
-48
-60
-68
-52
-43
-57
-64
-46
-40
-51
-59
-49
-37
-36
-48
-49
-26
-17
-31
-59
-70
-57
-54
-62
-55
-49
-40
-22
4
14
20
56
92
95
81
89
107
116
114
108
92
76
72
90
92
65
26
19
47
49
19
-13
-18
3
7
-17
-37
-20
10
4
-29
-40
-10
9
2
-13
-18
-18
-12
-12
-16
-18
-12
-9
-15
-16
-7
-5
-23
-29
-16
-10
-36
-47
-18
-1
-30
-60
-57
-43
-36
-32
-31
-49
-73
-69
-48
-34
-34
-35
-32
-26
-8
19
30
25
23
41
56
54
45
44
52
51
53
50
37
36
43
48
43
31
30
19
14
10
9
3
3
13
13
2
-10
-9
-6
-4
-8
-17
-25
-25
-28
-39
-44
-38
-45
-51
-35
-27
-46
-69
-44
-25
-44
-75
-76
-47
-42
-57
-64
-50
-48
-52
-53
-45
-31
-29
-38
-53
-56
-50
-39
-39
-35
-40
-56
-62
-46
-40
-56
-84
-93
-82
-70
-66
-70
-64
-52
-33
-11
-4
3
27
50
69
72
75
88
81
80
96
111
109
91
81
88
92
93
86
69
61
64
69
62
64
63
54
44
43
58
64
49
48
51
42
26
18
26
17
2
-4
-1
-3
-23
-35
-22
-12
-26
-44
-45
-33
-40
-51
-51
-56
-68
-71
-53
-46
-72
-90
-82
-66
-76
-87
-79
-68
-68
-69
-57
-47
-44
-32
-16
-15
-11
4
19
20
20
25
18
10
28
50
46
25
17
36
47
33
16
21
34
36
30
15
11
14
15
18
27
18
5
-12
-1
12
-1
-16
-26
-19
-23
-24
-24
-36
-53
-52
-36
-33
-46
-70
-70
-60
-60
-59
-63
-61
-68
-77
-76
-53
-35
-52
-78
-74
-47
-32
-44
-53
-45
-41
-45
-51
-43
-38
-40
-49
-49
-36
-36
-46
-65
-75
-76
-71
-73
-76
-72
-61
-49
-40
-25
-15
-3
6
29
47
54
62
68
73
82
93
102
90
80
83
94
100
100
95
77
69
72
74
65
56
55
50
45
40
34
29
29
21
22
29
16
1
-9
-10
-13
-11
-9
-7
-26
-32
-23
-19
-30
-40
-33
-31
-42
-60
-49
-34
-39
-55
-56
-47
-60
-70
-55
-39
-52
-64
-56
-52
-57
-46
-29
-28
-37
-30
-8
5
5
10
12
13
15
28
36
29
20
17
28
27
25
24
30
23
10
13
19
21
22
12
6
13
22
24
11
4
5
12
7
3
-3
-14
-17
-20
-21
-28
-38
-48
-50
-51
-51
-54
-66
-70
-69
-64
-59
-65
-71
-75
-67
-67
-67
-69
-70
-64
-66
-51
-40
-39
-43
-43
-41
-44
-45
-46
-45
-53
-53
-42
-42
-48
-61
-63
-56
-59
-70
-74
-71
-74
-80
-73
-61
-54
-40
-13
8
14
23
36
54
78
86
80
79
85
97
109
108
103
99
84
74
77
80
72
56
50
46
33
23
18
24
24
17
20
18
11
3
7
16
15
12
12
15
3
-16
-13
0
9
11
3
-5
-7
-10
-12
-16
-27
-38
-40
-42
-46
-57
-57
-57
-66
-72
-69
-70
-72
-67
-63
-58
-63
-61
-44
-33
-38
-36
-15
-6
-8
-2
6
16
17
17
20
17
23
31
38
38
41
35
30
30
34
38
30
23
20
10
1
5
17
14
4
-6
-11
-6
-5
-13
-13
-14
-23
-36
-37
-29
-28
-37
-47
-43
-42
-46
-52
-43
-41
-50
-52
-56
-54
-63
-64
-57
-58
-70
-67
-57
-59
-61
-59
-59
-62
-70
-59
-52
-50
-47
-53
-54
-56
-56
-48
-43
-45
-49
-51
-54
-57
-54
-58
-58
-65
-73
-65
-61
-52
-52
-46
-39
-21
4
14
16
25
36
49
59
72
82
67
59
61
70
69
61
54
53
45
44
39
45
47
43
39
28
30
35
51
51
49
53
51
47
45
49
50
47
36
26
25
28
25
16
6
10
5
0
-6
-11
-9
-20
-26
-24
-25
-34
-39
-36
-43
-51
-55
-62
-59
-60
-60
-57
-62
-59
-51
-36
-23
-24
-14
-4
0
0
11
14
19
17
13
17
25
27
23
20
14
14
15
24
32
29
23
19
18
23
28
27
26
16
18
20
21
23
12
10
9
0
-8
-16
-16
-10
-16
-28
-32
-33
-38
-48
-51
-45
-50
-60
-65
-54
-53
-57
-69
-77
-78
-75
-70
-74
-77
-81
-84
-86
-85
-77
-71
-76
-80
-78
-65
-69
-67
-64
-59
-54
-60
-59
-58
-56
-47
-41
-44
-45
-44
-36
-37
-39
-40
-41
-43
-54
-59
-51
-49
-46
-41
-39
-34
-25
-10
9
16
22
28
37
44
51
68
65
57
58
66
76
73
67
67
66
63
65
70
70
64
60
65
62
51
51
59
58
48
40
26
22
31
29
16
-1
-10
-8
3
0
-14
-24
-25
-21
-20
-23
-22
-26
-33
-40
-38
-34
-38
-46
-50
-46
-41
-46
-58
-57
-50
-38
-39
-43
-47
-33
-23
-16
-10
-10
-6
1
7
12
21
25
27
30
30
29
41
43
34
32
36
40
34
31
34
31
22
26
26
30
27
23
27
27
25
16
6
8
11
8
4
-9
-19
-22
-32
-34
-41
-42
-48
-53
-52
-52
-56
-65
-68
-71
-69
-71
-81
-78
-81
-86
-87
-85
-78
-78
-80
-77
-73
-66
-69
-68
-69
-70
-64
-63
-52
-52
-50
-58
-58
-51
-43
-39
-38
-32
-33
-31
-33
-24
-23
-29
-25
-21
-21
-24
-23
-16
-17
-21
-16
-16
-18
-14
-3
9
4
8
19
30
37
39
43
46
46
49
50
57
59
55
57
56
56
55
52
53
48
43
42
45
47
44
35
27
26
26
21
21
19
19
16
7
6
4
-3
-8
-15
-9
-6
-19
-25
-21
-18
-18
-21
-24
-19
-22
-21
-11
-19
-27
-27
-24
-22
-21
-25
-25
-23
-17
-16
-9
-4
-10
-9
-6
5
4
6
15
13
12
10
13
21
18
19
24
22
21
19
17
19
15
16
29
27
21
13
11
17
10
3
2
0
-2
2
1
-7
-15
-24
-24
-21
-25
-38
-40
-42
-45
-46
-51
-51
-49
-54
-60
-61
-60
-61
-65
-68
-74
-68
-63
-65
-60
-63
-62
-55
-57
-58
-53
-51
-48
-50
-54
-52
-51
-45
-37
-36
-35
-30
-29
-21
-14
-18
-21
-17
-21
-23
-16
-12
-16
-22
-28
-28
-23
-27
-26
-29
-33
-39
-37
-34
-40
-43
-42
-34
-36
-41
-36
-30
-24
-22
-18
-14
-8
0
10
15
14
21
28
27
27
35
41
37
34
31
32
31
25
31
34
40
39
31
34
36
41
39
37
31
33
42
40
38
30
41
37
30
26
25
23
17
21
20
14
8
6
2
-4
-6
-5
-9
-8
-10
-16
-19
-20
-17
-18
-15
-12
-11
-12
-9
-3
2
-1
2
4
11
21
20
17
13
11
15
17
17
14
10
6
6
4
2
3
-1
-1
3
1
-3
-8
-4
-5
-8
-14
-11
-11
-12
-9
-10
-13
-20
-17
-18
-14
-15
-18
-19
-15
-10
-18
-17
-15
-8
-10
-12
-17
-15
-9
-9
-13
-17
-12
-15
-25
-24
-17
-24
-30
-33
-35
-35
-31
-36
-43
-41
-41
-47
-46
-46
-44
-42
-46
-47
-42
-34
-32
-34
-27
-23
-23
-23
-25
-19
-11
-17
-20
-17
-16
-16
-19
-24
-21
-16
-23
-25
-21
-21
-19
-18
-26
-23
-22
-25
-27
-26
-20
-23
-22
-28
-23
-22
-21
-21
-27
-20
-12
-6
-3
4
5
16
22
31
37
35
39
42
53
57
56
52
48
48
52
50
50
44
37
37
40
38
33
31
31
34
33
35
37
33
26
29
29
32
25
28
27
22
19
19
19
12
13
10
15
10
2
-1
-3
3
2
-3
-4
-3
3
3
0
1
4
4
8
9
9
10
7
3
2
0
4
1
4
8
10
10
5
6
11
8
5
12
18
16
10
12
12
13
15
11
5
1
0
0
-5
-7
-13
-15
-16
-19
-12
-18
-27
-27
-23
-23
-23
-23
-22
-17
-15
-18
-15
-11
-16
-22
-21
-13
-15
-19
-18
-15
-19
-18
-20
-25
-22
-21
-21
-26
-20
-22
-23
-22
-20
-20
-21
-21
-28
-22
-22
-21
-23
-25
-25
-19
-21
-26
-21
-21
-19
-18
-17
-15
-10
-8
-8
-11
-12
-12
-14
-7
-5
-6
-10
-7
-6
-5
-2
-2
-1
-3
-6
-6
-1
4
2
-1
6
5
5
6
14
22
20
21
27
30
34
37
35
33
34
43
47
45
45
51
47
46
51
57
56
51
50
48
50
48
46
43
39
36
35
36
35
29
25
25
25
17
12
15
13
11
17
11
10
13
15
21
20
20
17
20
23
27
29
32
27
23
18
24
24
22
20
11
11
9
4
6
4
1
-2
-4
-1
-3
-7
-6
-2
-3
-2
0
-1
0
-4
-6
-7
-6
-7
-8
-6
-13
-12
-12
-10
-14
-17
-14
-12
-10
-13
-20
-13
-9
-4
-5
-15
-17
-13
-9
-11
-11
-5
-7
-10
-8
-6
-4
-7
-8
-5
-8
-11
-14
-9
-8
-12
-13
-14
-13
-14
-12
-17
-14
-14
-15
-17
-15
-15
-21
-25
-28
-29
-23
-21
-18
-14
-21
-15
-14
-14
-16
-14
-6
-9
-5
-6
-7
0
2
-1
1
-1
2
2
5
8
13
18
22
25
29
30
35
47
50
49
45
46
46
44
47
49
49
53
51
46
43
47
47
47
39
39
41
42
40
36
35
37
37
35
32
29
30
27
27
21
23
29
26
22
14
14
17
12
16
16
8
11
10
13
13
8
9
10
8
8
12
12
10
12
12
4
14
13
9
10
0
6
8
13
8
7
5
5
7
6
8
12
11
11
7
4
2
5
3
-2
-2
-7
-7
-11
-14
-20
-21
-24
-27
-32
-25
-26
-27
-24
-27
-28
-29
-26
-23
-24
-28
-27
-24
-29
-28
-23
-26
-21
-22
-23
-22
-21
-22
-22
-21
-15
-22
-21
-19
-22
-21
-21
-15
-17
-13
-15
-15
-16
-12
-13
-14
-13
-14
-12
-14
-13
-13
-16
-8
-7
-5
-2
-3
-5
-5
-5
-6
-2
-3
-4
-2
-1
-2
-5
-2
-3
-4
-4
-2
2
3
2
-2
3
3
3
7
8
12
6
11
11
13
11
8
9
9
10
10
14
6
7
10
11
10
8
10
5
1
7
5
4
7
8
5
1
5
9
9
8
5
5
8
7
6
3
4
4
1
4
4
6
9
8
11
9
8
13
16
21
21
14
19
19
22
22
24
21
24
24
20
26
24
23
26
24
21
18
15
16
18
15
13
11
8
7
1
4
5
-2
-2
-2
-2
-4
-7
-1
1
-8
-4
-8
-6
-10
-12
-12
-14
-16
-16
-14
-16
-20
-27
-22
-26
-27
-22
-21
-20
-21
-17
-16
-13
-18
-19
-16
-18
-18
-17
-17
-19
-18
-15
-13
-11
-6
-8
-3
1
6
6
7
8
5
12
12
11
8
8
12
7
8
12
7
5
6
4
4
12
8
10
10
10
10
8
10
4
8
12
13
11
14
8
6
7
5
4
0
1
1
2
0
0
-1
2
6
4
5
5
1
3
3
3
3
-6
-10
-4
-2
-3
-5
-7
-4
-5
-1
-4
-2
2
1
0
0
4
6
10
10
13
14
13
17
19
17
22
23
23
27
28
28
26
29
31
32
30
29
30
31
31
28
29
24
22
25
17
15
19
13
14
17
13
11
7
8
5
7
6
9
8
7
10
7
6
4
7
5
-3
-3
-3
-5
-7
-8
-11
-11
-10
-10
-14
-13
-12
-13
-12
-8
-10
-14
-13
-11
-11
-12
-9
-10
-8
-3
-4
-1
-3
-5
-5
-3
3
1
-2
-3
-8
-12
-15
-9
-6
-9
-6
-4
-5
-2
-4
-3
1
4
10
8
8
3
4
9
9
4
3
2
5
7
0
6
8
9
8
8
7
9
5
7
13
13
20
13
11
14
16
15
14
12
7
12
9
7
7
4
3
1
2
-5
-1
2
1
-1
3
4
2
3
0
0
3
1
-3
-2
0
1
0
0
-1
0
2
-1
3
5
4
8
6
11
14
13
15
11
12
13
12
17
15
9
13
13
17
12
10
13
11
12
15
13
15
19
17
16
22
24
23
21
21
22
23
20
15
16
15
14
18
17
16
13
10
13
11
7
8
8
8
9
5
5
9
3
2
0
-3
-5
-6
-6
-8
-8
-10
-5
-4
-5
-4
-4
-4
-2
-2
4
1
-1
3
4
3
-1
1
7
1
4
4
3
6
4
1
2
3
3
3
0
2
3
2
-2
-2
1
-1
-3
-2
-4
2
-3
-3
-5
-3
2
0
-2
-2
-6
0
-5
-6
-5
-8
-8
-5
-3
1
2
1
0
3
7
2
2
7
5
2
5
6
8
7
3
6
11
11
11
13
11
11
8
8
11
11
17
10
11
13
17
17
13
17
12
6
14
10
6
6
4
14
7
2
6
4
1
5
4
3
7
7
10
10
9
9
9
6
11
11
10
12
11
8
5
7
6
2
3
2
1
3
4
5
10
9
5
9
8
15
12
12
16
16
14
12
11
10
16
16
12
9
7
6
9
9
8
5
2
8
10
11
12
8
11
15
12
19
11
14
16
17
15
11
15
12
9
8
8
7
4
4
1
2
-4
-2
0
0
9
8
6
2
7
10
9
6
5
10
8
9
6
4
6
6
3
4
6
5
6
5
6
5
3
1
4
7
5
3
0
0
0
3
-1
0
1
4
0
-3
-2
3
3
2
2
6
3
5
7
4
10
12
12
11
15
15
14
11
13
15
15
16
18
15
20
19
16
22
19
18
19
25
23
23
20
20
17
18
22
21
23
21
24
20
19
17
18
17
18
12
12
14
9
11
6
9
8
5
6
8
4
11
11
3
6
7
9
7
8
12
8
9
11
13
14
11
12
17
15
17
14
11
13
14
12
11
14
14
13
15
17
17
17
18
17
15
20
23
19
21
16
20
25
21
21
22
20
24
25
19
21
19
19
25
21
22
18
20
18
16
16
17
15
13
15
15
18
11
8
7
8
8
6
6
6
1
1
-1
-3
-6
-3
-8
-6
-2
-2
-4
-10
-6
-4
0
-2
-4
-2
-2
-3
-2
1
0
1
5
3
2
2
-1
1
3
0
0
1
1
4
3
3
2
4
2
1
5
3
0
0
3
2
3
1
4
1
5
2
4
6
5
12
8
9
13
14
16
17
16
22
16
18
22
21
17
18
18
18
24
15
19
13
16
18
18
24
20
19
15
16
16
16
12
9
14
12
12
9
10
9
11
11
8
10
11
12
6
2
7
2
1
3
5
5
7
7
1
1
0
0
-2
0
8
2
1
6
9
3
6
7
2
7
10
10
5
5
11
14
11
15
16
12
17
19
20
19
19
20
22
24
21
18
21
22
24
21
20
22
18
17
16
7
15
15
8
11
13
14
11
7
8
8
5
12
7
6
9
7
7
3
-1
-2
-4
-7
-6
-10
-8
-10
-11
-11
-12
-9
-8
-12
-9
-8
-11
-10
-14
-16
-13
-15
-9
-9
-8
-7
-6
-3
3
5
4
4
7
9
11
13
8
11
12
13
14
14
15
12
15
17
19
22
20
20
19
17
19
23
20
18
18
18
22
18
13
15
15
15
13
8
8
5
6
13
10
6
8
9
14
14
10
12
9
12
14
12
9
12
13
13
13
9
4
9
12
11
10
8
10
10
13
11
13
14
15
16
15
12
13
19
18
16
17
16
17
18
21
19
18
22
23
20
19
13
17
20
22
21
18
14
15
17
18
17
18
19
16
19
15
12
11
8
10
11
9
11
13
10
6
6
10
11
10
12
13
13
12
5
13
10
12
9
6
13
13
16
14
14
13
18
17
12
12
12
10
14
12
13
11
12
14
12
8
4
5
10
7
7
7
5
8
10
7
8
7
8
10
2
5
6
4
3
-2
2
5
9
4
1
8
9
5
9
9
7
9
9
9
10
15
18
13
18
18
19
21
18
18
17
17
16
18
17
18
15
15
17
15
16
13
13
16
15
15
19
15
16
10
14
12
12
6
7
9
9
11
7
4
5
10
7
13
11
12
12
12
11
14
20
20
19
16
18
20
19
17
17
18
18
20
17
20
18
19
22
20
22
20
20
20
20
20
26
23
21
18
21
20
24
23
25
17
20
19
13
20
19
21
17
20
16
19
20
17
21
21
18
17
16
14
12
10
10
6
5
9
11
13
16
14
13
11
11
15
11
9
9
7
3
7
11
5
3
6
7
8
9
10
11
12
8
11
13
11
12
9
12
8
6
2
2
1
3
2
2
0
3
2
-1
-3
-7
-6
-2
0
-3
0
0
-1
-2
-2
-1
0
4
2
0
3
2
-3
-3
-2
-5
-4
-3
-7
-10
-10
-10
-13
-9
-11
-11
-11
-5
-7
-10
-13
-11
-7
-9
-11
-9
-10
-14
-10
-12
-14
-12
-13
-10
-9
-11
-7
-4
0
-3
-1
-1
-1
-2
6
4
-2
8
8
8
8
11
5
16
13
12
14
10
10
16
17
16
18
17
18
20
21
23
22
19
20
19
22
21
20
20
20
19
16
17
17
26
20
18
21
19
18
18
19
14
14
11
13
10
10
12
9
14
13
12
12
11
11
11
11
17
12
13
15
11
15
11
12
11
12
14
10
12
10
10
9
12
10
8
10
15
13
8
10
13
13
10
13
10
11
12
11
6
9
12
10
9
11
11
10
14
9
8
9
5
4
8
7
8
9
9
7
9
7
5
7
3
-2
1
0
-3
-1
-2
1
-8
-8
-9
-12
-13
-13
-9
-10
-10
-12
-10
-10
-8
-4
-6
-4
-7
-8
-7
-9
-9
-12
-13
-14
-14
-12
-14
-11
-9
-11
-11
-8
-10
-10
-10
-9
-10
-9
-9
-13
-9
-9
-10
-11
-8
-7
-4
-6
-8
-8
-7
-8
-9
-8
-10
-8
-7
-4
-5
-3
1
1
0
1
1
3
7
3
3
1
2
7
4
3
0
1
7
5
3
4
7
7
7
11
6
4
11
11
5
11
12
10
9
11
9
7
6
7
5
3
-1
-2
2
-3
-6
-4
-2
0
-4
-6
-2
-4
-6
-4
-3
-6
-9
-12
-12
-9
-4
-4
-6
-3
0
-2
-4
-3
-3
-1
-1
1
4
5
9
7
5
6
4
7
4
0
1
3
4
1
1
6
6
5
6
6
6
7
5
3
1
-2
1
-5
-7
-6
-10
-13
-13
-11
-13
-15
-12
-12
-15
-10
-13
-20
-17
-21
-20
-25
-24
-26
-24
-19
-25
-21
-28
-29
-27
-30
-27
-23
-27
-25
-23
-28
-27
-25
-22
-25
-25
-25
-30
-31
-29
-26
-25
-25
-23
-20
-20
-20
-16
-15
-21
-15
-13
-14
-13
-14
-11
-10
-11
-11
-9
-8
-11
-11
-12
-12
-10
-13
-12
-10
-14
-9
-10
-11
-9
-10
-4
-4
-5
-4
-5
-3
-3
-4
-7
-4
-4
-1
-5
-4
-3
-4
-2
-6
-4
-2
-3
0
1
-3
-4
1
0
0
-1
3
4
3
8
6
5
4
8
5
2
-1
1
4
5
4
3
7
6
6
3
0
3
5
5
-2
-6
-5
-6
-7
-9
-9
-6
-12
-11
-8
-10
-11
-13
-12
-11
-13
-14
-14
-19
-18
-17
-15
-16
-20
-19
-18
-14
-17
-14
-15
-18
-15
-12
-10
-9
-8
-9
-10
-10
-12
-10
-12
-12
-10
-15
-15
-16
-15
-19
-22
-25
-25
-20
-21
-22
-22
-24
-19
-23
-21
-20
-25
-22
-21
-20
-23
-24
-28
-28
-28
-33
-33
-31
-30
-32
-30
-35
-35
-35
-35
-32
-31
-32
-36
-35
-35
-32
-29
-29
-30
-30
-31
-33
-30
-26
-35
-36
-35
-32
-33
-34
-30
-35
-31
-31
-32
-30
-28
-27
-28
-29
-29
-26
-19
-18
-18
-17
-18
-16
-16
-15
-14
-19
-16
-18
-13
-15
-18
-17
-17
-9
-12
-9
-6
-8
-8
-4
-1
-3
-2
0
3
-2
0
0
0
0
0
3
3
6
3
6
6
2
4
1
5
1
-1
0
-5
2
1
-2
-6
-3
1
1
-1
0
-3
-3
3
0
0
-2
-2
-8
-3
0
-4
-5
-5
-2
-4
-2
-4
-2
-3
-7
-6
-9
-11
-14
-9
-9
-8
-12
-12
-12
-14
-14
-16
-14
-14
-17
-17
-17
-17
-17
-19
-16
-16
-14
-15
-16
-16
-12
-13
-15
-15
-14
-12
-15
-14
-17
-12
-11
-14
-16
-16
-19
-17
-19
-19
-18
-17
-20
-21
-25
-25
-28
-30
-22
-25
-24
-27
-31
-30
-30
-30
-26
-27
-28
-30
-26
-25
-28
-22
-25
-25
-30
-34
-30
-34
-37
-35
-32
-36
-34
-38
-31
-35
-31
-33
-33
-30
-28
-26
-27
-29
-25
-21
-24
-19
-17
-17
-21
-12
-11
-16
-11
-10
-8
-8
-10
-10
-13
-7
-9
-10
-5
-8
-2
-4
-1
-2
-5
1
-3
-6
1
1
0
5
4
1
-2
0
-1
0
0
1
-1
1
0
1
2
4
5
1
2
4
6
4
7
6
7
6
8
6
5
6
2
4
4
6
3
0
-4
-1
1
2
3
2
-1
-1
-4
-1
-1
-2
0
-1
-4
-9
-7
-7
-6
-7
-8
-7
-8
-8
-12
-13
-12
-10
-11
-11
-12
-9
-11
-15
-10
-11
-12
-13
-17
-17
-16
-14
-16
-15
-19
-17
-18
-19
-9
-15
-14
-12
-13
-13
-12
-12
-13
-12
-12
-10
-10
-13
-12
-8
-14
-14
-13
-12
-15
-17
-17
-17
-14
-19
-16
-16
-17
-17
-20
-20
-23
-24
-26
-26
-27
-31
-29
-33
-31
-29
-30
-28
-27
-29
-28
-29
-27
-25
-29
-26
-22
-23
-23
-21
-20
-20
-18
-18
-17
-14
-16
-12
-16
-15
-13
-15
-12
-14
-15
-7
-6
-5
-2
-4
-1
0
-1
2
1
1
0
2
5
5
4
7
3
4
11
8
9
10
12
10
10
6
12
6
9
11
7
11
8
13
10
11
11
5
9
9
12
11
8
13
14
12
9
12
7
11
6
4
10
5
9
5
4
4
-2
-3
5
1
3
3
3
5
0
4
4
8
5
5
5
3
1
-1
3
7
2
-2
4
0
2
0
5
4
3
2
-1
1
6
3
-2
1
6
2
3
2
4
2
4
4
2
5
5
1
0
-3
-4
-4
-7
-9
-5
-3
-2
-6
-11
-8
-17
-13
-8
-10
-11
-12
-11
-10
-12
-9
-4
-8
-12
-10
-8
-11
-8
-11
-11
-7
-12
-11
-8
-12
-12
-9
-10
-7
-10
-17
-7
-8
-8
-8
-6
-10
-12
-8
-10
-9
-8
-6
-9
-7
-5
-6
-6
-3
-4
-3
-7
-6
-2
-2
-1
1
1
4
2
5
4
6
7
4
11
10
11
10
12
14
18
15
14
18
21
18
23
21
16
20
21
25
23
21
27
25
25
28
29
28
25
30
29
25
25
23
27
22
19
17
17
20
14
13
16
13
16
14
15
15
14
15
13
9
10
7
9
8
9
6
7
9
6
10
9
8
13
15
10
10
14
13
9
12
7
8
10
9
9
6
8
5
7
7
8
12
8
3
3
6
5
0
-3
0
-2
0
4
2
1
1
1
0
4
4
6
6
8
5
6
6
6
4
4
5
5
8
3
1
2
3
5
3
1
1
0
-1
-2
3
3
0
2
1
-3
1
2
1
2
4
0
-2
-1
-2
-1
-1
-3
1
1
-1
-2
-8
-3
0
-6
-6
-4
-3
-3
1
-1
-1
-4
-1
0
-2
1
0
1
-1
3
5
1
2
3
5
1
0
4
7
6
7
11
9
10
7
12
14
9
15
15
15
17
15
14
15
17
20
15
20
17
22
22
19
21
19
15
18
19
22
24
20
22
22
21
20
25
21
17
18
15
14
16
13
12
13
12
10
6
11
11
10
10
13
10
14
12
9
9
5
13
10
8
8
7
10
8
11
8
5
8
10
8
6
2
7
7
5
4
5
7
0
5
5
2
5
4
3
2
3
2
-1
3
-1
3
3
-4
-4
-7
-5
-5
-2
-5
-6
-7
-7
-9
-6
-5
-5
-3
-1
-4
1
2
-4
-1
-3
0
-3
-5
-4
-4
0
-1
-1
-1
-3
0
-2
1
3
3
4
3
0
2
3
2
5
5
7
4
5
-2
1
1
-3
-2
-5
-6
-4
-2
-3
-6
-6
-3
-6
-8
-5
-4
-3
-2
-3
1
0
2
-3
0
1
1
3
3
3
6
6
5
7
8
6
7
4
8
14
14
17
19
18
20
22
19
19
18
17
14
14
12
13
16
13
15
18
21
19
22
23
22
22
19
22
18
18
17
19
18
17
14
15
18
13
16
16
16
18
15
17
17
16
17
17
16
16
13
10
12
16
12
13
9
9
11
10
8
7
6
8
10
4
8
4
5
7
10
7
9
7
2
7
6
7
4
8
7
1
3
2
3
4
1
5
7
0
1
1
0
5
5
3
4
9
5
7
8
7
11
10
11
9
6
8
7
7
5
7
6
6
7
3
4
2
6
5
3
1
0
1
1
1
-2
-2
-1
3
0
-5
2
-1
-4
2
-4
2
-1
2
0
0
3
5
8
8
9
7
7
8
9
5
6
9
8
6
3
3
0
0
0
-4
