-1
2
-5
-5
-5
-3
-5
-6
-6
-7
-5
-4
3
-1
-3
1
1
5
3
7
10
4
-1
-6
-9
-3
-3
-4
-3
-1
-1
0
0
-3
-1
1
1
-1
1
-4
1
3
0
-1
-1
-5
-6
-7
-6
-2
-1
-4
-4
1
-5
0
3
-2
-5
-1
-3
-2
-1
-3
-7
-6
-4
-2
0
2
0
1
-1
1
5
-1
-4
-2
-4
-6
-8
-8
-13
-10
-11
-10
-11
-11
-4
-5
-7
-9
-8
-8
-11
-10
-11
-12
-9
-9
-4
-4
-8
-11
-9
-9
-14
-12
-14
-11
-14
-15
-16
-17
-16
-13
-8
-9
-7
-7
-5
-4
-4
-7
-6
-7
-11
-6
-6
-7
-8
-8
-9
-7
-13
-12
-10
-14
-13
-10
-5
-6
-11
-4
-4
-7
-1
-2
-4
-2
1
-1
0
-1
-6
-4
-1
-1
-4
-4
-7
-4
-2
-7
-7
-6
-6
-10
-5
-8
-6
-7
-13
-12
-10
-14
-14
-8
-11
-6
-7
-6
-4
-7
-6
-6
-7
-10
-5
-4
-5
-8
-6
-6
-10
-5
-2
-4
-6
-9
-13
-8
-11
-9
-8
-7
-8
-12
-10
-15
-11
-12
-12
-6
-6
-10
-7
-5
-4
-4
-8
-3
-10
-6
-5
-5
-3
-2
1
1
0
3
-1
2
1
1
1
0
0
-1
3
2
-1
-1
-4
-2
0
0
0
-8
-6
-9
-5
-8
-5
-4
-3
2
-1
2
4
2
5
0
4
-2
-1
2
-2
0
-5
-3
-6
-6
-9
-10
-10
-5
-8
-11
-11
-12
-15
-11
-12
-14
-8
-15
-13
-13
-9
-10
-9
-9
-7
-6
-4
-4
-4
-7
-6
-2
0
4
1
-1
-2
-1
1
-4
-2
-1
-4
0
1
-1
-6
-6
1
-1
-1
-5
-2
-3
-7
-5
-7
-9
-7
-10
-13
-10
-13
-14
-11
-12
-10
-8
-8
-11
-10
-7
-12
-4
-8
-9
-7
-7
-3
-5
-1
-4
0
-1
-1
2
0
-7
-8
-7
-8
-6
-6
-6
-2
-3
-10
-7
-7
-6
-6
-3
-10
-10
-6
-9
-7
-6
-10
-10
-5
-11
-8
-9
-10
-10
-12
-11
-13
-9
-7
-8
-2
-5
-6
-6
-6
-5
-12
-8
-9
-11
-9
-7
-5
-7
-4
-4
-5
-5
0
0
-2
-1
0
3
1
2
5
7
4
5
5
2
4
5
4
2
3
7
3
2
-1
1
-1
-5
-4
-3
-3
-6
1
-1
-3
-6
-9
-4
-5
-8
-4
-6
-8
-3
-7
-3
-4
-2
0
1
-2
-4
0
1
0
0
-1
-4
-3
-1
0
4
1
5
2
7
9
7
9
14
14
6
12
9
10
9
8
11
11
11
7
4
6
3
7
2
2
6
3
6
9
7
6
5
4
5
6
2
3
2
-2
-2
3
2
-5
-1
-3
-6
-5
-5
-2
-10
-8
-2
1
-4
-2
-1
-3
-1
-1
-2
-5
-5
-5
-2
0
-1
-2
-3
-2
-3
-9
-4
-5
-6
-9
-10
-11
-8
-9
-10
-8
-12
-6
-7
-6
-5
-3
-8
-8
-4
-5
-4
-2
0
-1
2
0
-1
-2
-5
0
-1
1
0
3
3
1
3
6
5
4
-2
-6
3
2
-5
-4
-4
2
5
-1
-1
2
1
-1
-1
-3
-1
-5
-7
-5
-4
-3
-6
-3
-1
-3
-4
-4
-5
-4
-6
0
-6
-5
-4
-8
-5
-4
-3
-4
-3
-1
-3
-3
-5
-4
-3
-4
-3
-6
-3
-3
-1
5
0
-3
1
0
-1
-1
4
-1
1
-2
1
2
3
8
7
10
8
4
1
1
5
2
4
4
1
2
2
-1
1
-2
-4
0
-4
-6
-4
-6
-3
-7
-8
-7
-9
-7
-11
-11
-12
-12
-10
-7
-5
-7
-6
-11
-7
-6
-3
-6
-4
-4
-6
-7
-10
-8
-9
-11
-10
-7
-9
-10
-9
-9
-11
-13
-10
-11
-14
-14
-12
-11
-12
-13
-12
-13
-16
-14
-16
-18
-16
-20
-16
-14
-15
-16
-18
-20
-17
-16
-18
-18
-16
-17
-15
-14
-15
-11
-12
-11
-13
-12
-11
-13
-10
-12
-12
-8
-10
-8
-5
-6
-8
-9
-7
-7
-6
-10
-9
-5
-7
-6
-7
-6
-3
-3
-2
-2
-3
-2
-5
-6
-4
-9
-8
-5
-4
-4
-4
-5
-7
-7
-11
-6
-8
-7
-5
-6
-4
-6
-3
-5
-7
-4
-7
-6
-7
-5
-4
-6
-4
-9
-8
-5
-5
-5
-2
-2
0
-3
-3
0
-2
4
2
1
3
1
1
-4
-1
-3
-2
-3
-3
-2
-4
-7
-6
-2
-10
-12
-5
-6
-6
-8
-4
-6
-8
-4
-4
-6
-6
-10
-8
-4
-3
-2
-5
-7
-5
-4
-5
-5
-5
-5
-4
-7
-6
-1
-4
-3
-4
-5
-5
-2
-2
-3
-6
-11
-12
-7
-8
-10
-8
-10
-13
-8
-8
-11
-12
-14
-19
-18
-22
-25
-20
-22
-17
-18
-25
-22
-26
-21
-24
-24
-24
-27
-26
-28
-28
-27
-28
-25
-22
-28
-24
-22
-23
-25
-25
-26
-21
-26
-23
-24
-26
-23
-28
-20
-23
-24
-25
-20
-22
-21
-20
-18
-18
-18
-18
-17
-18
-21
-19
-20
-20
-21
-20
-18
-20
-15
-13
-13
-14
-17
-16
-19
-19
-16
-13
-16
-18
-13
-14
-16
-15
-17
-23
-21
-16
-15
-21
-21
-16
-13
-16
-14
-14
-11
-9
-8
-4
-6
-6
-4
-3
-5
-3
-5
-5
-4
-8
-3
-5
-3
-2
-5
-3
-2
0
0
0
0
-1
0
-2
-5
-3
-2
-4
-1
-4
2
3
1
-1
-2
1
4
-2
0
3
1
2
-2
-2
1
0
-3
1
-3
-6
-5
-7
-5
-3
-5
-1
-3
-5
0
-4
-2
-1
-5
-5
-10
-10
-4
-4
-4
-1
-4
-8
-7
-7
-9
-9
-8
-8
-10
-13
-11
-11
-13
-16
-14
-16
-15
-18
-23
-21
-21
-21
-23
-21
-21
-22
-23
-24
-20
-19
-18
-21
-20
-22
-26
-27
-30
-33
-36
-39
-35
-38
-33
-35
-36
-32
-28
-29
-31
-31
-30
-27
-28
-25
-23
-23
-24
-24
-25
-23
-24
-23
-20
-19
-23
-22
-21
-21
-22
-21
-19
-19
-17
-17
-16
-18
-17
-22
-20
-22
-21
-20
-18
-18
-20
-17
-20
-20
-20
-18
-20
-19
-15
-17
-17
-19
-21
-15
-14
-15
-12
-9
-11
-11
-16
-13
-14
-14
-9
-11
-13
-9
-14
-13
-10
-14
-8
-11
-12
-11
-6
-6
-10
-9
-10
-8
-8
-9
-11
-9
-8
-11
-10
-13
-14
-15
-12
-14
-15
-12
-15
-13
-16
-16
-14
-16
-11
-13
-12
-11
-16
-10
-14
-18
-12
-14
-15
-13
-10
-7
-10
-16
-15
-15
-17
-17
-18
-20
-21
-22
-18
-23
-22
-20
-25
-20
-25
-30
-33
-30
-27
-27
-27
-25
-24
-24
-27
-25
-24
-23
-23
-25
-28
-28
-34
-32
-35
-36
-31
-32
-35
-32
-34
-33
-37
-37
-35
-36
-34
-34
-34
-37
-34
-33
-31
-37
-37
-33
-31
-33
-33
-35
-35
-34
-31
-29
-28
-21
-21
-19
-17
-19
-20
-23
-23
-23
-26
-20
-21
-22
-21
-21
-23
-23
-20
-19
-19
-25
-26
-21
-24
-24
-21
-22
-24
-22
-26
-28
-23
-23
-19
-22
-25
-21
-24
-24
-16
-19
-20
-20
-17
-14
-15
-13
-12
-11
-14
-12
-11
-13
-14
-12
-10
-8
-10
-7
-3
-8
-12
-14
-11
-13
-12
-13
-13
-19
-19
-19
-16
-11
-13
-11
-11
-7
-5
-3
-5
-4
-4
-7
-4
-6
-5
-4
-5
-5
-6
-7
-11
-6
-7
-6
-6
-11
-11
-10
-8
-12
-12
-8
-12
-11
-15
-14
-15
-19
-18
-17
-16
-19
-23
-20
-21
-20
-19
-18
-20
-19
-18
-18
-19
-26
-26
-30
-30
-32
-35
-35
-42
-41
-41
-38
-38
-39
-41
-37
-39
-37
-36
-39
-37
-39
-38
-38
-36
-38
-37
-40
-41
-47
-43
-40
-41
-39
-39
-41
-39
-36
-36
-35
-33
-37
-32
-29
-28
-34
-33
-39
-40
-36
-43
-37
-39
-39
-39
-41
-42
-40
-42
-38
-39
-38
-38
-38
-39
-37
-35
-35
-31
-37
-34
-32
-38
-33
-33
-32
-30
-33
-30
-25
-29
-31
-28
-29
-28
-24
-28
-30
-24
-28
-26
-27
-22
-23
-19
-17
-14
-17
-14
-11
-17
-13
-13
-11
-11
-9
-5
-8
-9
-7
-6
-2
-1
-3
-1
-7
-9
-3
-8
-1
-1
-4
-4
-6
-4
-4
-6
-2
1
-1
-4
-3
1
0
0
-6
-6
-7
-8
-5
-4
-3
-6
3
0
-2
2
4
-1
1
-3
-6
-4
-5
-5
-4
-9
-6
-3
-11
-11
-10
-11
-13
-14
-10
-11
-14
-17
-12
-15
-18
-17
-15
-14
-14
-16
-18
-16
-17
-11
-14
-14
-16
-16
-11
-12
-13
-15
-17
-21
-24
-23
-22
-22
-27
-32
-38
-36
-35
-39
-38
-40
-39
-41
-43
-43
-37
-35
-33
-31
-33
-38
-35
-40
-37
-36
-39
-35
-32
-34
-37
-33
-35
-38
-37
-35
-34
-37
-38
-36
-38
-35
-36
-38
-36
-32
-35
-33
-32
-31
-33
-36
-34
-33
-35
-32
-33
-31
-31
-32
-28
-27
-23
-21
-20
-19
-21
-15
-16
-14
-12
-9
-9
-14
-12
-16
-11
-13
-16
-13
-14
-10
-8
-12
-12
-9
-12
-13
-9
-12
-12
-10
-10
-14
-12
-11
-14
-10
-11
-6
-8
-4
-7
-9
-5
-8
-7
-8
-7
-6
-11
-11
-10
-16
-13
-15
-16
-13
-10
-10
-10
-12
-10
-10
-7
-8
-10
-9
-8
-4
-3
-3
-6
-3
-1
1
-1
-1
-5
-9
-9
-7
-6
-3
-6
-5
-8
-14
-19
-16
-20
-25
-22
-27
-26
-24
-26
-29
-26
-28
-26
-26
-29
-27
-30
-29
-30
-29
-29
-26
-28
-25
-26
-29
-28
-23
-24
-27
-30
-35
-32
-32
-32
-32
-35
-29
-33
-36
-34
-34
-35
-36
-34
-36
-36
-35
-38
-38
-39
-40
-44
-43
-41
-43
-45
-41
-40
-42
-36
-42
-40
-38
-40
-43
-43
-39
-42
-41
-42
-41
-39
-42
-38
-40
-40
-40
-42
-41
-41
-39
-40
-38
-37
-38
-34
-30
-31
-27
-26
-23
-20
-20
-21
-18
-21
-18
-20
-16
-10
-14
-14
-14
-14
-15
-12
-12
-15
-15
-9
-13
-14
-16
-14
-13
-19
-15
-7
-13
-11
-13
-11
-7
-9
-7
-7
-4
-4
-5
-2
-5
-6
-9
-2
-4
-6
-3
-7
-6
-7
-9
-12
-9
-6
-9
-7
-11
-8
-9
-12
-9
-9
-6
-1
-1
-2
-7
-9
-6
-5
-3
-3
-3
-2
-4
-3
-2
-4
-1
2
4
4
3
1
0
2
6
6
1
-1
-4
-8
-12
-10
-10
-13
-13
-14
-16
-16
-23
-22
-22
-21
-24
-23
-21
-23
-23
-23
-23
-26
-31
-27
-28
-28
-29
-23
-22
-24
-22
-23
-26
-26
-24
-28
-28
-28
-29
-29
-28
-29
-34
-29
-30
-35
-37
-36
-34
-35
-41
-39
-38
-37
-35
-36
-38
-33
-37
-40
-40
-40
-37
-43
-43
-37
-37
-37
-35
-35
-33
-31
-27
-27
-28
-25
-24
-22
-24
-25
-17
-17
-15
-13
-11
-13
-11
-10
-12
-10
-9
-9
-7
-11
-7
-5
-7
-6
-7
-4
-9
-10
-9
-7
-6
-8
-11
-4
-5
-6
-5
-4
-6
-8
-11
-5
-8
-11
-10
-11
-7
-14
-10
-11
-13
-13
-13
-8
-7
-5
0
1
6
3
2
6
4
2
5
5
3
6
4
2
3
2
3
5
4
2
5
4
-1
-2
-2
-5
0
1
-2
-5
-4
-4
-8
-6
-5
-7
-9
-10
-6
-11
-15
-15
-16
-18
-21
-25
-27
-23
-25
-25
-24
-23
-23
-24
-29
-24
-20
-26
-28
-28
-28
-28
-26
-30
-31
-28
-31
-29
-33
-34
-37
-33
-27
-28
-28
-32
-31
-27
-27
-27
-28
-31
-27
-30
-22
-15
-21
-25
-30
-24
-21
-24
-20
-29
-39
-34
-25
-26
-27
-37
-39
-37
-36
-34
-33
-37
-40
-35
-32
-31
-34
-35
-32
-29
-31
-32
-27
-28
-29
-26
-18
-17
-23
-26
-24
-18
-18
-21
-22
-14
-17
-11
-14
-12
-8
-7
-2
-1
-3
-5
-9
-2
1
4
5
1
0
4
6
6
4
-4
-6
-1
6
4
6
4
1
2
7
7
4
0
9
13
12
10
10
4
9
10
9
9
12
7
8
12
7
10
5
3
6
9
6
7
8
7
15
13
9
14
13
10
13
5
13
20
13
12
5
14
16
9
12
11
7
8
9
7
1
1
2
2
-3
-2
-7
-3
-2
-2
-4
-5
-8
-2
2
-1
-5
-9
-12
-5
-5
-6
-10
-18
-18
-16
-15
-15
-15
-19
-15
-11
-10
-4
-3
-9
-10
-9
-12
-2
-8
-13
-11
-14
-16
-14
-16
-21
-21
-21
-22
-29
-31
-31
-32
-33
-30
-32
-33
-33
-31
-32
-31
-37
-32
-30
-31
-26
-31
-27
-30
-28
-29
-29
-34
-36
-27
-29
-33
-30
-30
-33
-24
-20
-16
-19
-16
-19
-22
-12
-11
-14
-16
-15
-10
-7
-3
-5
-8
-2
0
-3
-2
-4
-6
-4
-1
-2
-3
-5
-6
1
0
4
2
6
10
7
8
11
10
11
11
12
20
17
13
14
10
13
15
9
9
10
4
7
14
13
9
10
10
13
14
13
12
11
17
19
21
18
13
17
21
25
27
24
22
24
24
23
20
14
10
10
7
9
6
0
-3
-4
3
2
-1
4
2
4
5
6
9
10
6
4
8
9
9
7
4
4
3
3
4
-3
-3
-3
-4
-4
-5
-8
-9
-6
-2
-8
-10
-3
-3
0
1
1
-2
-1
-1
-2
2
0
-3
-9
-12
-11
-13
-15
-18
-17
-19
-23
-24
-21
-16
-13
-20
-27
-23
-17
-15
-17
-20
-24
-25
-17
-14
-16
-20
-21
-20
-23
-24
-25
-28
-30
-30
-28
-24
-29
-28
-22
-18
-16
-19
-17
-14
-16
-13
-8
-10
-11
-12
-6
-8
-7
-9
-10
-11
-6
-12
-17
-6
-7
-9
-12
-4
-1
-7
-5
5
2
-4
-3
2
4
11
8
2
5
10
17
14
16
15
8
11
24
25
20
14
11
11
18
22
18
15
14
16
22
27
26
21
20
20
22
28
21
21
19
20
18
24
17
12
9
14
17
20
21
18
14
11
12
15
9
4
10
2
2
3
0
4
4
4
2
7
11
12
5
-3
4
11
11
6
-2
-6
-7
-2
1
-11
-17
-14
-15
-9
-10
-10
-16
-14
-6
-2
-13
-13
-11
-6
-3
-9
-7
-12
-14
-10
-5
-11
-21
-17
-18
-12
-15
-19
-17
-15
-11
-2
-7
-10
-10
-10
-2
-3
-16
-19
-14
-9
-13
-20
-20
-20
-21
-19
-12
-17
-23
-20
-13
-9
-13
-16
-20
-16
-6
-5
-10
-9
-13
-5
2
8
5
0
0
9
9
8
9
10
12
9
10
9
6
6
-1
1
6
-3
-7
-2
5
8
4
8
8
8
14
20
22
23
18
22
27
30
29
19
25
28
28
26
21
23
21
18
24
25
21
25
22
12
20
19
22
25
18
22
16
20
27
16
9
12
16
18
23
24
7
2
6
12
13
-3
-18
-19
-23
-16
-14
-24
-33
-30
-19
-11
-1
-5
-5
-2
12
19
16
16
22
27
24
29
30
31
38
41
36
31
37
47
58
56
42
40
44
54
60
57
54
45
39
44
54
46
37
29
24
24
30
29
22
17
21
30
26
30
30
29
32
35
42
38
36
38
45
46
40
34
30
31
28
23
15
6
-5
-11
-15
-22
-28
-34
-45
-47
-53
-54
-53
-52
-59
-64
-60
-57
-54
-54
-53
-60
-56
-56
-41
-38
-45
-46
-46
-48
-50
-57
-59
-63
-66
-78
-79
-80
-93
-103
-107
-102
-104
-115
-134
-151
-173
-193
-184
-138
-74
-31
-41
-84
-94
12
172
218
144
101
140
210
268
330
326
207
127
179
263
264
191
109
50
38
68
87
56
-22
-86
-88
-44
-26
-59
-107
-121
-97
-68
-51
-62
-68
-54
-26
9
28
20
1
16
77
121
105
85
89
101
110
134
154
118
65
43
71
95
86
67
65
58
19
5
38
73
55
15
-10
-9
4
30
44
28
-6
-28
-15
19
49
43
5
-11
1
26
50
54
33
16
3
18
43
51
25
-3
1
5
-5
-9
-11
-21
-43
-51
-56
-72
-86
-78
-85
-101
-121
-139
-142
-142
-139
-142
-147
-165
-183
-183
-159
-145
-167
-210
-218
-208
-228
-227
-160
-34
29
-66
-181
-95
156
277
205
133
157
170
206
358
456
328
126
124
263
325
273
178
90
18
5
58
98
23
-114
-181
-120
-55
-85
-153
-187
-173
-146
-118
-106
-116
-121
-109
-69
-5
18
-36
-56
23
106
99
73
95
106
85
104
168
184
105
32
67
126
163
160
103
52
47
73
112
132
88
1
-29
23
64
45
15
-11
-45
-41
15
27
-13
-18
-12
-25
-7
33
37
12
18
56
51
28
36
52
52
53
47
17
-11
-8
2
-2
-27
-72
-107
-101
-80
-74
-104
-158
-189
-188
-150
-140
-172
-215
-231
-234
-238
-240
-263
-293
-229
-43
46
-100
-260
-122
202
319
205
140
167
180
247
456
571
385
124
119
324
437
349
201
97
18
4
104
183
50
-191
-248
-119
-40
-95
-183
-223
-240
-218
-152
-120
-149
-185
-177
-108
-31
-18
-68
-73
9
86
97
84
105
111
89
121
213
230
123
46
97
174
147
72
35
20
-13
9
69
38
-43
-78
-38
7
19
-13
-56
-67
-27
11
8
-15
-22
-16
3
34
31
9
4
20
46
66
48
-1
1
45
70
47
15
-21
-43
-29
3
1
-56
-117
-130
-106
-83
-94
-143
-190
-204
-191
-173
-184
-215
-239
-223
-204
-226
-263
-262
-250
-279
-296
-234
-59
90
0
-215
-159
220
448
290
140
224
318
312
437
621
515
206
118
336
521
416
186
103
115
65
33
119
135
-100
-295
-176
20
-42
-225
-251
-170
-153
-170
-135
-108
-138
-170
-102
30
60
-40
-85
27
161
163
104
111
148
139
116
197
292
212
34
15
170
222
90
-8
13
0
-85
-37
105
42
-138
-163
-57
14
1
-15
-50
-79
-39
17
41
42
25
-12
-9
63
99
54
41
62
68
71
69
51
41
45
58
40
20
-14
-43
-43
-27
-44
-101
-141
-151
-163
-158
-148
-187
-255
-250
-223
-218
-239
-266
-261
-254
-239
-238
-247
-271
-288
-280
-246
-240
-201
-32
109
-31
-240
-60
345
431
205
149
290
332
306
441
576
426
158
133
376
499
314
103
91
114
18
5
142
103
-181
-295
-97
42
-97
-247
-203
-130
-155
-170
-110
-78
-131
-156
-41
65
15
-69
-22
118
158
109
104
141
160
139
145
207
236
142
31
83
218
189
25
-30
27
8
-71
-36
54
9
-90
-114
-64
-12
16
1
-26
-12
20
21
45
104
121
71
44
109
156
143
140
143
138
126
116
109
133
133
84
35
32
45
5
-37
-36
-38
-93
-144
-144
-132
-154
-196
-209
-199
-215
-259
-266
-238
-230
-240
-249
-261
-267
-231
-204
-248
-303
-299
-281
-300
-246
-21
158
-30
-341
-211
298
528
270
66
181
303
296
433
647
532
135
8
331
610
464
115
4
83
87
71
163
151
-132
-348
-180
87
26
-222
-297
-191
-142
-145
-119
-101
-150
-193
-123
12
42
-55
-112
-17
119
145
83
53
91
121
114
149
222
157
-2
-17
155
225
42
-106
-38
24
-19
21
93
-11
-168
-139
35
133
59
-74
-115
-11
94
87
38
42
31
-11
51
165
131
22
40
110
131
115
97
76
65
94
126
88
23
-26
-19
20
35
-31
-135
-166
-142
-118
-107
-137
-227
-280
-250
-197
-190
-247
-294
-283
-250
-241
-262
-271
-276
-326
-365
-320
-229
-66
79
-17
-298
-245
250
559
321
71
184
364
374
451
653
605
256
71
328
677
589
184
28
163
177
79
154
231
-48
-358
-213
119
64
-254
-338
-176
-121
-204
-196
-117
-149
-256
-195
3
32
-133
-188
-18
116
83
30
58
87
59
70
175
240
146
-20
-28
164
247
79
-77
-32
22
-70
-84
6
4
-72
-99
-83
-69
-34
5
24
19
12
-28
-11
112
179
99
25
58
98
118
179
168
94
61
78
107
132
126
77
-4
-18
19
21
-15
-63
-109
-128
-139
-153
-181
-193
-199
-244
-252
-227
-250
-294
-300
-258
-220
-262
-302
-283
-246
-264
-332
-358
-307
-292
-268
-65
137
-37
-374
-211
373
583
258
37
214
423
416
488
675
599
232
72
409
771
595
140
19
188
216
136
211
228
-82
-334
-146
155
85
-215
-295
-172
-117
-160
-140
-78
-135
-235
-156
17
20
-110
-114
20
91
78
69
94
97
102
138
203
238
157
28
42
204
252
95
-30
-4
21
-24
-5
78
43
-120
-183
-76
41
48
-21
-77
-78
-29
30
71
88
58
14
22
106
186
172
124
130
155
151
153
167
170
140
113
98
88
61
13
-17
-11
-19
-87
-162
-176
-154
-158
-192
-221
-254
-287
-282
-249
-239
-266
-284
-288
-300
-301
-264
-216
-226
-274
-304
-303
-302
-316
-302
-278
-172
9
41
-191
-325
6
469
467
147
51
253
410
459
573
635
438
154
192
543
698
405
70
90
229
180
123
192
123
-182
-297
-50
134
-55
-317
-300
-156
-140
-187
-158
-142
-228
-261
-104
38
-47
-180
-122
33
83
53
68
100
76
49
111
232
260
134
-10
44
223
253
101
0
38
57
-11
-18
41
26
-51
-82
-60
-5
34
10
-10
27
65
30
39
140
208
133
71
124
190
191
185
187
163
142
115
126
182
174
81
11
38
74
29
-26
-32
-46
-94
-130
-120
-129
-172
-199
-203
-188
-193
-245
-293
-274
-215
-203
-256
-330
-339
-253
-177
-228
-352
-391
-361
-348
-362
-247
0
82
-191
-462
-193
415
612
248
-12
149
386
459
589
729
570
167
62
463
856
674
136
-67
162
308
210
167
174
-59
-343
-235
114
135
-227
-451
-315
-134
-157
-241
-220
-205
-297
-304
-110
8
-133
-263
-135
70
82
-22
-11
79
101
53
106
221
204
34
-17
170
295
154
-20
16
104
66
-9
24
50
-53
-63
27
47
-3
-21
2
32
68
69
22
29
119
169
113
57
99
154
158
167
144
103
98
83
89
182
197
64
-60
-4
115
99
11
-41
-75
-121
-123
-44
-13
-114
-242
-282
-205
-121
-159
-237
-268
-280
-288
-264
-217
-207
-252
-307
-315
-269
-232
-280
-381
-405
-347
-227
-35
85
-102
-394
-221
366
625
325
33
146
401
533
632
720
598
283
156
473
858
730
220
-16
183
342
287
224
160
-87
-304
-163
133
96
-253
-451
-333
-173
-168
-218
-244
-319
-393
-282
-77
-51
-213
-290
-176
-45
13
25
11
-24
-25
55
167
227
172
43
18
151
263
200
84
74
104
77
51
73
78
2
-88
-21
113
71
-79
-110
-1
108
92
13
-42
-1
85
104
90
87
62
3
24
174
213
40
-49
27
116
134
84
28
-7
-25
4
50
58
-17
-143
-151
-34
11
-99
-209
-198
-171
-176
-169
-192
-264
-314
-289
-212
-214
-306
-352
-318
-261
-249
-267
-321
-404
-432
-341
-257
-219
-108
14
-98
-349
-181
393
643
294
-27
157
524
620
592
655
624
369
191
460
861
753
225
-23
202
395
289
167
132
-46
-255
-193
50
78
-198
-430
-387
-214
-145
-216
-288
-316
-311
-240
-151
-125
-184
-204
-151
-66
7
30
18
7
40
100
162
228
215
99
54
197
342
261
91
73
155
154
108
120
133
11
-76
30
136
70
-62
-84
13
80
35
-32
-20
41
39
7
32
69
43
0
66
127
70
12
43
76
91
100
86
27
-13
17
60
51
-8
-58
-70
-66
-67
-84
-123
-157
-181
-191
-185
-217
-278
-270
-215
-231
-325
-370
-305
-237
-291
-365
-315
-263
-340
-433
-368
-282
-345
-411
-205
98
15
-357
-333
233
608
340
-10
123
458
525
471
601
673
419
147
307
734
787
336
-28
98
341
315
165
110
16
-209
-254
-30
110
-99
-405
-441
-252
-125
-187
-297
-314
-299
-305
-255
-143
-94
-187
-270
-194
-17
66
-6
-72
-12
75
101
130
181
150
62
98
260
291
144
47
117
195
153
88
83
53
-15
68
168
101
-31
-63
21
112
140
71
-35
-50
52
128
99
36
7
-23
10
114
126
46
-7
-17
30
123
132
16
-71
-25
49
45
24
-6
-80
-110
-54
-2
-51
-134
-163
-171
-174
-159
-178
-216
-258
-291
-277
-251
-258
-284
-305
-324
-319
-291
-268
-318
-387
-392
-356
-310
-177
23
2
-288
-360
75
527
440
73
17
294
484
514
581
631
446
159
223
636
825
475
31
28
280
355
241
162
60
-154
-251
-71
123
6
-302
-442
-317
-151
-145
-239
-321
-355
-345
-271
-160
-130
-229
-315
-253
-88
1
-41
-98
-84
-29
29
117
184
119
6
41
218
288
173
89
138
184
130
109
166
159
22
-54
114
263
123
-73
-45
120
182
103
19
-16
13
55
82
103
72
-38
-99
16
167
116
-51
-87
-6
60
100
87
20
-54
-69
8
80
79
-25
-136
-120
-32
2
-57
-131
-185
-212
-185
-126
-149
-232
-264
-262
-246
-233
-229
-258
-305
-304
-254
-212
-239
-320
-357
-312
-279
-299
-238
-23
74
-156
-359
-84
402
495
169
-19
174
423
497
518
592
499
222
140
478
821
635
138
-22
228
385
297
213
164
-45
-248
-133
158
171
-162
-419
-336
-141
-102
-176
-232
-289
-365
-337
-174
-85
-202
-322
-271
-140
-89
-87
-58
-42
-82
-82
45
175
133
-8
7
192
275
165
86
160
218
145
114
197
208
75
-9
126
269
173
9
7
118
170
136
82
27
11
46
80
94
64
-29
-88
-29
90
95
-40
-130
-92
17
106
71
-49
-114
-70
20
72
73
11
-112
-142
-37
68
39
-107
-209
-195
-123
-79
-120
-195
-240
-269
-256
-200
-160
-208
-301
-325
-256
-180
-199
-293
-348
-342
-337
-335
-220
10
61
-238
-462
-116
447
518
103
-122
135
436
498
514
582
477
191
141
535
882
660
133
-20
266
456
383
274
184
-35
-207
-47
232
204
-148
-406
-337
-119
-39
-141
-277
-359
-371
-306
-194
-139
-215
-318
-323
-219
-100
-46
-80
-137
-141
-68
53
143
119
29
28
149
249
219
159
174
196
170
171
237
247
146
114
188
216
145
91
123
156
126
64
29
44
67
54
17
-6
-26
-45
-25
29
21
-55
-79
-44
-10
20
48
8
-78
-74
15
74
51
-3
-37
-56
-39
9
29
-32
-124
-159
-113
-75
-114
-176
-184
-172
-203
-239
-230
-182
-206
-287
-307
-231
-183
-245
-301
-265
-224
-268
-350
-343
-276
-204
-83
4
-111
-305
-190
230
454
250
-6
64
319
471
517
531
442
235
167
419
729
655
245
-9
127
348
384
286
144
-71
-218
-90
165
181
-111
-368
-368
-220
-98
-72
-170
-367
-468
-337
-122
-74
-198
-302
-291
-230
-143
-26
27
-45
-157
-145
33
213
202
47
-14
108
226
213
177
209
212
117
76
183
283
190
45
92
195
141
42
75
171
145
35
-22
25
105
119
42
-43
-46
-12
1
23
64
9
-102
-103
16
110
80
-29
-102
-59
54
98
46
-9
-49
-78
-56
24
60
-36
-173
-182
-81
-18
-64
-158
-201
-177
-148
-133
-128
-160
-220
-237
-177
-109
-136
-225
-260
-211
-171
-199
-260
-308
-321
-291
-135
64
16
-292
-391
3
431
374
40
-42
170
362
451
524
507
305
109
231
589
724
426
51
28
260
395
345
220
45
-144
-138
82
226
71
-231
-370
-253
-73
-17
-110
-270
-370
-339
-197
-64
-73
-204
-305
-278
-132
8
32
-67
-143
-121
-17
100
159
107
-8
-19
110
214
193
137
112
104
102
146
212
187
69
9
75
208
210
85
8
53
135
144
108
56
19
20
63
85
48
-19
-40
-3
47
56
-25
-96
-55
35
49
-4
-62
-82
-55
-3
42
37
-45
-148
-139
-5
86
18
-127
-183
-121
-38
-10
-44
-117
-183
-191
-143
-66
-46
-144
-262
-259
-149
-85
-128
-196
-217
-215
-221
-232
-214
-237
-311
-329
-159
63
-13
-326
-362
61
393
254
-23
1
215
321
362
466
481
270
78
221
572
673
355
20
36
262
366
309
196
30
-134
-127
82
243
104
-217
-385
-238
7
62
-96
-271
-311
-242
-141
-55
-38
-153
-279
-254
-84
63
41
-86
-160
-121
-12
108
156
76
-41
-32
101
211
209
145
90
47
80
194
245
153
22
34
160
216
139
61
68
111
123
109
71
46
55
71
60
21
1
-6
-6
9
32
-7
-86
-98
-16
56
31
-72
-126
-72
25
66
33
-37
-115
-113
7
113
65
-72
-159
-109
-9
43
6
-107
-191
-175
-95
-50
-74
-155
-237
-245
-164
-103
-133
-210
-249
-219
-174
-181
-215
-253
-290
-296
-267
-173
-42
-21
-195
-330
-126
252
338
75
-109
47
297
359
335
345
288
155
138
354
552
437
111
-22
153
339
322
176
41
-55
-58
74
177
95
-114
-222
-164
-52
14
-18
-142
-271
-267
-133
-16
-49
-179
-243
-192
-109
-70
-46
-22
-73
-161
-146
24
160
86
-74
-83
64
157
117
95
146
126
39
69
204
243
107
-5
51
130
120
111
116
62
-10
2
91
151
108
-10
-77
-5
112
115
34
-19
-30
-25
25
92
63
-35
-62
-17
25
52
59
4
-60
-39
31
48
19
-31
-64
-47
-10
3
-38
-90
-106
-102
-78
-57
-91
-175
-213
-152
-103
-150
-209
-211
-193
-187
-178
-163
-166
-194
-202
-164
-153
-187
-232
-247
-231
-221
-181
-92
-35
-141
-295
-191
159
291
60
-161
-53
216
323
278
232
190
124
129
266
413
369
146
-12
68
251
311
207
46
-68
-44
85
150
79
-51
-128
-139
-98
-10
30
-78
-227
-230
-106
-28
-80
-158
-172
-134
-111
-115
-100
-53
-43
-102
-138
-67
46
38
-57
-69
37
98
24
-26
61
137
68
-22
22
124
120
43
23
58
72
58
56
70
74
42
10
29
91
95
24
-22
9
41
41
41
31
5
-11
-4
13
29
42
21
-27
-45
-4
33
31
9
-26
-62
-48
8
32
-4
-51
-67
-68
-43
-2
-15
-70
-106
-95
-70
-56
-52
-52
-105
-157
-149
-101
-69
-101
-146
-166
-166
-154
-132
-108
-126
-200
-252
-230
-182
-193
-240
-202
-95
-93
-249
-298
-80
165
120
-118
-202
-17
223
282
181
60
35
124
241
282
242
170
106
83
122
215
251
179
32
-41
37
174
184
41
-78
-63
9
31
6
-29
-73
-103
-92
-66
-67
-92
-95
-98
-115
-121
-103
-66
-53
-75
-113
-106
-40
2
-39
-86
-44
10
-13
-52
-19
35
17
-32
-42
6
55
60
16
-41
-26
55
104
67
3
-3
47
66
45
29
36
23
-4
-3
23
29
-2
-21
-14
-1
2
5
18
23
8
-5
8
39
49
42
35
20
5
18
41
55
46
9
-21
-10
31
46
3
-54
-53
-12
-10
-57
-78
-57
-56
-88
-97
-88
-99
-117
-129
-129
-124
-128
-138
-147
-137
-129
-145
-163
-172
-158
-161
-180
-184
-157
-105
-86
-116
-154
-123
-39
28
40
5
-37
-31
71
192
187
58
-10
77
206
222
139
74
77
119
137
133
119
96
77
62
70
93
83
50
35
50
44
15
2
21
35
8
-17
-21
-7
-1
-11
-16
-8
-11
-35
-45
-23
-7
-31
-47
-47
-44
-53
-66
-58
-44
-42
-75
-102
-90
-53
-43
-66
-76
-70
-64
-61
-49
-29
-14
-26
-59
-54
-6
29
8
-27
-11
22
24
5
18
50
56
24
9
40
74
90
75
50
46
63
77
89
84
60
28
8
30
75
69
4
-41
-16
23
20
-24
-44
-33
-44
-71
-67
-33
-37
-94
-113
-80
-56
-74
-110
-100
-76
-81
-110
-106
-83
-82
-90
-91
-79
-79
-88
-84
-66
-56
-58
-65
-56
-53
-61
-70
-71
-68
-82
-95
-81
-41
-27
-67
-112
-86
-11
23
-8
-50
-46
-7
40
67
57
25
16
47
88
106
88
57
65
99
119
103
82
79
97
117
107
84
61
80
103
104
84
55
33
31
55
72
48
-1
-23
-13
15
4
-33
-49
-43
-35
-43
-53
-55
-55
-50
-46
-53
-50
-53
-52
-45
-31
-26
-37
-44
-36
-16
-8
-15
-28
-28
-17
-3
5
-3
-11
-6
9
18
13
13
26
32
23
21
35
41
21
13
33
54
37
11
26
44
33
15
12
28
12
-11
2
19
3
-27
-24
0
-7
-27
-32
-21
-28
-45
-35
-18
-28
-52
-55
-38
-37
-43
-28
-19
-36
-61
-56
-33
-26
-32
-57
-74
-77
-46
-20
-33
-63
-70
-50
-41
-57
-52
-34
-38
-65
-80
-47
-18
-34
-60
-53
-27
-6
-17
-29
-21
3
20
14
5
9
31
42
40
31
34
35
44
56
42
30
21
32
35
21
15
17
15
3
-4
-1
1
-6
-16
-12
2
-5
-10
2
11
0
-16
-2
14
12
8
3
5
9
22
28
22
13
8
18
29
35
28
25
25
34
25
13
11
19
34
21
0
-11
4
15
3
-6
-3
2
-7
-18
3
13
-5
-23
-16
-2
-8
-26
-25
-7
-16
-30
-37
-29
-16
-32
-39
-28
-20
-32
-41
-25
-14
-30
-37
-27
-22
-26
-31
-35
-35
-26
-22
-17
-35
-44
-35
-25
-26
-41
-46
-43
-37
-35
-35
-35
-44
-47
-41
-36
-42
-52
-50
-51
-50
-46
-45
-42
-47
-52
-44
-30
-29
-31
-31
-21
-13
-10
-3
4
-2
-1
4
14
7
6
24
28
17
3
17
52
54
26
4
25
46
44
19
14
38
38
21
16
41
47
30
12
15
31
33
17
13
23
30
13
-1
10
33
34
10
-10
0
22
23
9
3
3
-2
-13
-11
8
11
-7
-23
-20
-16
-21
-6
9
-1
-18
-22
-1
25
25
4
1
7
9
12
28
33
8
-15
-1
17
25
11
-5
-5
-5
2
2
3
-10
-18
-15
-3
-3
-13
-17
-12
-10
-8
-16
-17
-17
-19
-13
-5
-13
-28
-27
-12
-1
0
-5
-15
-20
-13
1
10
10
-13
-30
-28
-9
11
-5
-28
-38
-39
-28
-15
-4
-15
-41
-52
-30
1
-6
-25
-38
-34
-18
-12
-9
-15
-26
-36
-38
-15
-7
-27
-44
-42
-23
-11
-16
-27
-32
-30
-23
-18
-19
-17
-23
-29
-28
-19
-2
-6
-29
-39
-28
-7
-4
-20
-34
-32
-24
-23
-23
-25
-30
-33
-30
-22
-11
-15
-30
-33
-19
1
1
-16
-27
-21
-5
6
-1
-16
-19
-10
1
-3
-11
-5
-6
-9
-7
4
12
5
1
-2
9
19
20
6
6
12
10
10
9
7
0
-2
8
6
-11
-15
-2
10
1
-14
-13
-1
1
-6
-3
0
-6
-12
-7
10
11
6
2
1
9
11
18
24
20
12
10
19
37
34
22
14
8
11
14
18
18
-2
-15
-7
13
16
2
-12
-17
-4
-3
-11
-18
-15
-17
-24
-23
-7
-7
-22
-26
-24
-21
-15
-14
-16
-27
-32
-23
-15
-13
-14
-15
-13
-13
-14
-11
-6
-7
-13
-10
-5
-11
-14
-17
-9
-1
-14
-33
-32
-11
-2
-16
-34
-30
-21
-23
-31
-22
-11
-16
-30
-36
-13
5
-10
-35
-32
-15
-3
-14
-25
-20
-14
-23
-29
-21
-9
-17
-32
-36
-21
-16
-23
-23
-20
-23
-31
-25
-5
-4
-23
-37
-26
-2
-1
-20
-26
-17
-16
-20
-14
-2
-12
-22
-25
-13
-1
-4
-18
-25
-14
-5
0
-7
-6
-2
1
-3
-3
13
10
5
4
12
19
10
11
23
29
19
5
13
28
25
7
6
20
22
9
0
7
9
7
2
10
11
4
-5
2
7
2
-10
-10
-4
5
3
-4
-5
-10
0
6
2
-8
-8
0
-10
-19
-15
-4
-10
-21
-30
-26
-12
-7
-14
-32
-30
-22
-20
-21
-14
-12
-23
-29
-17
-8
-2
-4
-6
-9
-6
-4
-2
7
4
-3
-11
-4
6
13
6
-3
-4
-2
-2
-4
-5
-11
-12
-19
-27
-22
-15
-18
-33
-38
-38
-31
-25
-29
-31
-37
-45
-36
-21
-16
-26
-43
-38
-24
-19
-25
-21
-16
-22
-24
-16
-7
-5
-7
-20
-17
-13
-6
-5
-4
-5
-11
-16
-11
-2
2
-6
-18
-14
-9
-5
-3
-8
-14
-10
-10
-6
-8
-10
-7
-4
5
5
1
-3
2
13
14
9
0
-1
11
19
22
19
10
9
13
26
35
27
16
11
19
30
28
19
16
21
23
19
16
18
25
21
5
3
19
26
19
5
6
16
16
17
12
13
13
9
15
20
20
16
22
26
31
34
35
34
36
40
42
44
38
35
41
39
37
35
29
32
29
22
26
26
17
5
3
10
14
1
-12
-18
-12
-3
-9
-22
-20
-11
-10
-10
-14
-5
-6
-11
-7
0
8
7
5
1
3
12
20
16
9
9
21
27
25
20
21
25
29
30
31
22
22
19
28
33
21
12
10
17
11
6
4
5
1
-4
-1
5
1
-14
-19
-10
-1
3
2
-5
-8
-4
13
22
14
6
8
12
20
20
21
20
9
0
4
19
14
4
-5
-7
-10
-5
1
-3
-8
-12
-9
-3
-3
-3
-8
-17
-16
-8
-2
0
-6
-4
3
0
-2
6
9
14
15
21
22
22
30
36
46
39
40
47
56
58
58
56
53
48
51
61
70
61
50
50
58
62
56
53
47
46
42
39
42
37
25
15
26
38
27
16
11
22
32
28
15
18
23
15
11
20
20
18
17
16
24
25
24
23
25
31
41
45
45
42
38
43
47
54
52
44
40
41
47
48
48
45
49
53
48
44
42
49
49
42
43
50
45
40
42
49
48
45
45
41
37
35
40
43
40
32
25
34
40
31
15
13
22
17
4
1
9
9
-4
-14
-3
5
1
-12
-14
-1
-6
-8
-7
-6
-5
-12
-14
-6
-1
-10
-10
-8
2
5
5
4
5
16
20
11
17
20
20
26
27
32
32
30
31
36
35
35
34
35
38
40
33
33
36
34
30
32
32
32
28
30
32
25
23
24
22
19
9
10
13
11
8
5
6
12
15
10
8
15
20
17
11
20
26
21
13
12
29
33
31
31
33
39
46
46
44
45
48
52
51
54
57
57
50
54
55
58
66
65
60
66
61
58
63
63
58
57
65
66
67
56
60
71
70
67
61
65
69
65
59
58
59
58
55
56
53
55
52
47
49
45
40
37
35
35
33
34
32
32
30
30
31
30
27
27
27
22
19
20
18
15
15
14
16
19
15
14
14
11
20
13
14
18
20
24
25
29
26
28
29
28
28
26
28
27
22
24
22
24
26
27
24
19
19
24
21
20
14
17
15
11
8
10
7
4
7
1
3
8
9
13
10
5
4
8
10
10
5
4
8
11
9
12
15
14
12
11
18
24
27
24
15
18
24
24
25
24
22
22
16
18
23
26
21
25
29
32
33
28
31
39
42
36
39
43
44
47
44
48
50
42
54
54
61
65
58
61
61
64
65
64
60
56
54
56
56
51
44
44
44
46
43
43
43
35
30
32
39
41
32
22
24
31
34
29
29
30
23
23
30
33
40
31
26
33
43
46
35
39
41
40
41
45
48
42
39
41
46
46
43
40
40
47
43
39
44
43
38
28
28
31
27
24
20
18
11
5
7
8
7
3
-2
-2
0
11
6
-2
-2
-1
-3
0
8
8
2
-12
-6
7
6
1
-2
3
0
0
4
7
7
5
3
8
18
14
9
10
14
12
13
16
13
14
8
6
13
16
9
6
10
12
10
6
7
13
15
14
13
17
23
22
23
33
33
33
33
38
44
47
46
41
44
47
44
45
46
41
34
33
42
47
39
32
33
40
33
27
30
33
32
28
25
31
35
31
27
25
27
25
26
29
34
32
33
35
36
35
34
34
37
39
43
45
38
36
43
50
48
46
51
52
52
54
50
56
56
56
54
54
60
56
53
51
54
54
47
46
49
50
47
43
41
43
42
39
39
40
40
32
31
28
28
24
23
21
19
14
15
18
21
20
20
18
17
19
19
17
14
16
13
10
9
11
15
7
6
5
5
3
1
-1
-5
-2
-8
-10
-8
-11
-12
-15
-12
-6
-10
-11
-7
-5
-3
-4
-7
1
1
-5
0
7
11
10
10
15
22
23
19
23
26
26
19
25
32
32
31
24
23
31
29
22
24
20
16
17
16
13
11
15
12
13
11
4
5
5
2
0
-1
4
5
1
-3
0
3
-4
-3
-7
-9
-10
-2
-4
-9
-8
-8
0
5
4
5
9
8
13
14
17
14
15
20
26
32
30
26
28
34
36
41
43
45
40
43
44
43
46
40
40
37
42
41
41
41
38
40
39
43
45
47
44
40
39
40
34
35
32
23
28
26
29
30
24
20
18
15
14
18
13
12
9
6
2
1
2
1
-6
-11
-7
-7
1
2
3
-2
-1
-1
8
10
6
5
3
5
6
10
5
4
0
4
11
10
8
7
10
8
11
11
11
14
6
1
-2
6
6
0
-5
-3
-1
-11
-11
-17
-10
-8
-15
-13
-15
-14
-13
-17
-20
-27
-30
-30
-33
-31
-34
-39
-43
-45
-42
-36
-40
-47
-50
-43
-38
-39
-41
-41
-39
-40
-36
-33
-28
-28
-32
-29
-22
-13
-10
-19
-18
-12
-7
-3
-5
-2
-3
-6
0
0
1
-2
-3
-2
1
6
7
7
8
7
6
9
7
13
12
6
10
9
10
5
7
12
9
11
7
1
1
4
0
-4
-3
-1
-2
-3
-2
-2
-2
-3
4
2
4
9
7
5
7
16
37
19
-24
-33
-2
24
18
-8
-23
-12
21
39
14
-7
1
25
38
35
21
9
21
42
44
31
22
18
26
33
31
24
23
19
25
25
21
23
22
23
18
21
22
19
19
16
13
9
8
8
8
5
2
-5
5
54
106
52
-54
-80
-29
32
7
-56
-106
-90
24
88
40
-50
-71
-2
28
-3
-78
-109
-83
-57
-79
-113
-94
-49
-21
-37
-62
-57
-47
-28
-18
-20
-26
-12
7
-17
-55
-53
-17
-8
-26
-32
-25
-23
-28
-43
-48
-19
22
14
-11
-22
5
29
3
-19
-7
31
47
30
4
-21
-13
18
23
-2
-14
-8
-17
-29
-31
-15
-12
-18
-12
-10
-12
-22
-25
-24
-23
-3
12
8
-8
-24
-23
-10
17
14
-11
-13
-3
-1
-16
-15
-6
7
17
22
12
-6
-16
-3
10
23
31
33
20
9
15
30
38
40
48
42
40
39
20
13
16
31
41
36
27
15
0
-5
13
24
10
7
13
11
2
-18
-31
-24
-1
12
0
-7
-10
-10
-17
-22
-18
-7
3
-3
-5
-9
-13
-13
-3
3
3
2
-2
-5
-10
-11
-5
3
11
11
-4
-6
1
7
4
-1
-1
-6
-7
-8
-2
-4
-5
-7
-5
-7
-12
-13
-18
-21
-17
-11
-8
-9
-13
-8
-7
-12
-14
-14
-6
-5
-9
-18
-14
-15
-16
-22
-28
-32
-23
-24
-29
-27
-29
-29
-25
-24
-35
-37
-31
-22
-21
-28
-30
-20
-20
-19
-20
-19
-14
-8
-11
-16
-17
-16
-6
-1
-1
2
2
0
-1
-1
-1
2
4
6
4
6
10
8
2
-1
9
13
13
8
4
3
5
13
6
3
7
5
2
-2
-7
-8
-5
-5
0
-4
-6
-7
-6
-9
-6
2
2
3
1
-7
-10
-4
-3
4
4
3
4
1
-3
-7
2
5
1
1
4
12
9
1
2
8
17
19
15
14
13
13
16
15
20
24
26
25
21
10
8
18
25
21
12
9
16
25
26
16
13
14
22
27
17
2
-2
1
2
11
11
5
-1
-4
-5
-1
-11
-6
-1
3
-2
-12
-14
-15
-11
-10
-12
-14
-13
-13
-22
-23
-29
-30
-20
-16
-17
-24
-24
-25
-19
-15
-18
-15
-18
-11
-12
-16
-19
-19
-18
-8
0
-2
-4
-6
-7
-2
2
-2
-1
1
4
10
6
7
1
9
15
8
0
-6
0
0
1
-5
-5
-1
1
-2
-14
-17
-18
-10
-6
-7
-12
-12
-5
-1
-6
-16
-14
-11
-8
-6
-12
-15
-9
-7
-5
-8
-14
-15
-11
-16
-13
-9
-12
-15
-20
-15
-9
-6
-12
-11
-7
-2
1
-3
-5
-8
-10
-9
-11
-13
-10
-3
2
4
1
2
13
13
14
1
3
11
17
14
12
13
12
13
8
11
12
15
13
15
11
10
13
12
11
7
8
4
1
4
2
2
-1
-2
-4
-4
-4
1
-1
-8
-6
-8
-1
-2
1
-1
-1
5
2
6
6
5
1
2
-3
0
4
5
8
13
9
9
14
14
14
9
10
15
8
5
1
-5
-1
4
3
1
-7
-5
-6
-8
-6
-15
-10
-7
-11
-8
-7
-16
-10
-7
-2
0
-9
-10
-7
-8
-10
-15
-14
-12
-13
-16
-19
-10
-13
-10
-4
-8
-8
-3
-4
-9
-8
-5
0
0
1
-1
1
1
4
-1
-2
-6
-2
-3
-11
-5
-7
-3
-3
0
3
2
0
-2
-9
-7
2
2
-3
-5
-3
-2
1
0
0
8
9
8
13
4
7
7
7
5
6
8
9
10
-1
2
5
6
9
12
7
5
10
13
12
9
11
10
15
13
10
6
8
12
12
16
13
16
17
16
16
17
19
24
25
22
19
20
21
20
22
21
17
17
18
16
15
14
14
11
8
8
10
8
11
17
14
8
10
12
13
13
13
12
8
8
12
13
16
9
8
10
7
13
11
5
7
4
2
5
9
7
8
4
0
0
-1
0
-3
-5
2
6
5
5
6
7
5
2
4
4
2
6
6
6
-1
-1
7
8
7
-3
-4
3
3
1
0
2
3
8
7
9
12
8
9
9
3
2
4
3
12
4
-5
-11
-13
-2
-7
-6
-6
-9
-5
-11
-11
-8
-6
-9
-12
-9
-13
-10
-9
-11
-9
-9
-12
-8
-5
-10
-9
-7
-4
-8
-5
-5
-6
-4
-5
-8
-8
-6
-1
-1
0
-3
-1
-1
0
5
5
8
6
1
4
6
10
8
7
10
3
5
9
9
4
4
7
7
12
12
12
9
16
14
11
14
11
13
14
13
12
10
15
16
10
11
13
9
8
6
3
3
2
3
2
2
3
7
4
9
8
6
9
6
7
11
11
12
12
12
12
11
14
13
11
11
10
10
9
5
10
10
13
13
8
6
13
13
12
9
5
9
12
11
13
16
15
16
13
13
13
14
13
10
6
5
2
2
6
5
1
-1
2
2
1
3
6
7
3
3
4
2
2
2
-6
1
2
5
4
1
4
4
0
0
5
4
5
5
4
6
2
5
4
4
5
6
8
8
5
1
4
3
2
-5
-3
-3
-2
0
-6
-7
-6
-3
-1
-7
-4
-8
-3
-2
-3
-11
-14
-12
-14
-9
-10
-10
-9
-11
-8
-4
-8
-3
-3
0
2
2
-2
-4
5
3
6
-1
0
2
1
6
6
7
5
6
10
14
8
3
6
11
10
5
8
13
11
11
13
5
1
1
5
3
1
0
4
1
4
6
5
9
10
8
4
1
0
-1
4
8
4
4
4
3
0
1
2
0
0
2
2
5
8
2
5
7
6
6
1
0
1
0
-2
1
-2
-2
-3
-2
-2
3
2
0
3
1
5
3
6
4
5
2
4
5
7
1
-3
-3
-1
3
-1
-8
-3
-1
-8
-3
-3
-3
0
2
-1
-1
1
1
1
0
-2
4
4
-4
-3
-1
-4
-4
-9
-6
-6
-4
-2
-4
-5
-6
-3
-4
-4
-5
-2
2
4
-1
2
0
1
0
2
2
-1
2
0
0
2
6
9
3
1
1
-3
-1
-1
1
0
0
-1
5
5
1
-1
7
5
8
6
3
3
7
7
7
9
10
9
4
5
5
6
3
1
-1
5
4
-1
-1
-2
1
2
-1
0
-3
-5
-3
-5
-5
-10
-2
-3
-8
-10
-11
-3
-6
-6
-8
-8
-9
-3
-6
-13
-12
-10
-4
-4
-2
-3
-6
0
5
7
1
3
7
6
2
6
2
1
4
3
11
6
6
6
8
10
9
9
4
0
4
6
4
5
-2
-1
3
4
4
3
-2
-4
-3
-4
-8
0
-3
-2
-1
-7
-5
-6
-5
-13
-12
-10
-9
-9
-7
-12
-8
-5
-5
-3
-5
-2
-4
-11
-9
-5
-12
-6
-12
-9
-11
-12
-8
-5
-5
-9
-5
5
3
-3
-4
1
0
-4
-3
-8
-2
1
-2
-3
-5
-6
-6
-1
-2
-3
-3
-1
-7
-7
-1
-5
2
-3
-1
-5
-8
-2
-1
3
0
1
-2
5
-4
-6
-3
-9
-11
-14
-10
-7
-6
-7
-13
-9
-9
-7
-7
-7
-8
-9
-6
-7
-4
-3
-4
-9
-8
-9
-5
-3
0
-2
-1
-1
1
-2
-9
-3
-2
-3
-3
-1
-4
-10
-11
-9
-9
-7
-6
-11
-7
-7
-10
-10
-12
-11
-10
-11
-12
-10
-11
-8
-3
-7
-8
-9
-12
-7
-7
-11
-11
-4
-1
-4
-7
-7
-7
-7
-6
-3
-4
-4
-3
-1
-2
-5
-3
-5
-2
-6
-10
-8
-5
-8
-5
-5
-8
-4
-8
-8
-10
-11
-10
-13
-9
-7
-7
-8
-6
-7
-4
-6
-9
-5
-12
-8
-3
-4
-5
-11
-7
-3
-3
-5
-9
-10
-3
1
-7
-8
-11
-12
-7
-8
-3
-6
-6
-7
-6
-5
-6
-7
-7
-7
-6
-7
-11
-11
-9
-8
-10
-8
-10
-12
-7
-10
-12
-10
-9
-12
-9
-11
-10
-5
-9
-9
-11
-14
-12
-9
-11
-8
-6
-6
-1
-6
-9
-9
-14
-13
-13
-15
-14
-14
-15
-14
-17
-18
-20
-13
-13
-18
-19
-22
-20
-23
-22
-24
-21
-21
-26
-28
-29
-27
-24
-30
-26
-21
-21
-16
-23
-30
-27
-23
-23
-23
-23
-22
-23
-19
-19
-19
-15
-15
-15
-17
-19
-19
-20
-20
-21
-23
-20
-22
-17
-21
-20
-22
-22
-18
-14
-17
-20
-16
-17
-21
-24
-21
-22
-17
-17
-16
-16
-13
-13
-13
-12
-12
-10
-16
-18
-14
-13
-14
-10
-16
-17
-17
-19
-18
-17
-21
-20
-17
-13
-16
-17
-12
-15
-13
-11
-10
-9
-8
-8
-9
-10
-11
-8
-4
-6
-7
-9
-10
-9
-7
-5
-10
-9
-8
-8
-5
-12
-10
-9
-5
-7
-8
-7
-11
-12
-4
-1
-3
-3
-2
-4
-7
-3
-5
-4
-5
-8
-8
-7
-7
-11
-6
-9
-7
-7
-6
-11
-9
-4
-11
-6
-6
-5
-1
-3
-4
-3
-5
-2
0
-8
-7
-11
-11
-11
-13
-11
-13
-8
-11
-13
-9
-12
-12
-6
-4
-9
-8
-5
-2
2
-2
0
-2
-7
-5
-6
-4
-3
-9
-4
-6
-11
-9
-6
-5
-7
-7
-4
-6
-8
-12
-9
-5
-7
-3
-6
-7
-2
-5
-10
-10
-6
-4
-1
-5
-7
-2
-2
-5
-6
-8
-8
-9
-8
-10
-9
-6
-11
-10
-10
-9
-15
-14
-10
-6
-9
-8
-10
-10
-10
-9
-7
-7
-10
-12
-8
-12
-8
-10
-9
-11
-10
-8
-10
-12
-17
-20
-17
-18
-16
-12
-9
-11
-10
-7
-7
-4
-9
-8
-11
-7
-2
-8
-7
-10
-13
-8
-3
-7
-7
-6
-1
-7
-11
-9
-15
-10
-9
-7
-6
-6
-7
-4
-5
-4
-2
-1
-1
-1
