4
2
1
3
7
6
7
6
2
2
1
3
2
2
-2
-1
-2
-1
3
2
1
4
3
2
3
2
2
1
4
1
3
2
5
7
10
7
1
8
7
7
7
10
11
4
6
8
7
9
6
5
4
5
9
6
5
9
9
6
6
7
2
4
6
6
3
5
6
7
3
-1
6
6
4
6
5
3
3
2
4
6
9
11
8
10
11
9
14
16
11
13
15
15
16
19
17
18
18
20
21
20
24
22
22
22
21
23
23
20
20
18
18
21
16
16
16
16
18
17
13
11
14
10
9
12
7
6
3
4
4
6
8
5
3
3
5
6
7
5
8
5
2
-3
-4
-3
-2
1
-4
-3
-2
-4
-2
6
4
5
8
7
6
6
5
8
4
6
0
-5
-3
-7
-6
-7
-7
-5
-8
-11
-12
-8
-10
-15
-10
-11
-9
-6
-7
-10
-10
-9
-9
-10
-13
-14
-17
-14
-13
-17
-17
-15
-16
-18
-17
-18
-18
-19
-18
-16
-16
-15
-15
-19
-12
-16
-14
-18
-11
-8
-9
-9
-11
-5
-10
-11
-9
-6
-10
-5
-3
-6
-8
-7
-4
-3
-2
-4
-3
0
-1
-1
-1
-3
-2
-3
-3
-2
-5
-2
0
3
0
-2
2
0
-1
-3
0
1
3
2
3
8
6
4
8
3
5
2
2
4
2
0
6
6
3
4
6
6
6
3
4
5
3
1
-1
0
-5
1
1
3
3
6
2
4
1
0
2
0
2
5
0
0
1
2
0
2
-6
0
1
-5
-2
-2
-1
-9
-13
-12
-10
-8
-8
-7
-9
-10
-12
-6
-5
-4
-4
-5
-5
-7
-5
-5
-5
-3
-5
-4
-6
-10
-9
-8
-9
-7
-5
-8
-8
-3
-6
-4
5
1
2
4
5
3
4
-2
-3
-3
-1
1
-1
0
-8
-4
-9
-5
-6
-8
-3
-5
-1
-5
-1
-2
0
3
-1
-1
-4
-1
-1
-6
-6
-4
-5
-3
-3
-6
-5
-9
-6
-6
-7
-4
-4
-6
-4
-6
-3
0
-2
0
0
-2
4
1
-1
5
1
-1
-3
2
6
3
3
9
6
1
1
4
6
8
8
8
4
1
2
3
5
6
0
1
5
-1
-1
-1
-2
-8
-5
-3
-4
-4
-4
-5
2
-1
0
1
2
2
5
6
5
6
3
6
5
5
0
4
-3
2
2
-1
3
2
-2
0
0
-1
-1
1
0
-2
1
2
-1
1
0
-1
-3
0
2
1
4
3
-1
-4
0
-2
-1
-4
-5
-1
-4
-3
-5
-5
-6
-7
-9
-10
-4
-4
-7
1
-1
-3
-4
-3
-1
-5
-2
-5
0
-2
2
2
-1
1
1
1
1
0
0
6
4
4
5
3
0
1
-1
-6
-1
1
-1
-2
2
4
-3
-1
-1
2
5
2
8
8
3
3
10
8
10
11
8
9
10
6
3
3
4
7
6
4
4
4
4
4
3
1
4
8
6
6
8
7
5
0
-3
-1
2
-2
0
-1
-5
-5
-8
-5
-6
-10
-6
-14
-9
-11
-8
-5
-8
-5
-9
-5
-3
-4
1
1
5
5
3
-1
3
3
0
7
4
3
-1
0
-2
-3
-3
-2
2
0
3
-1
3
5
1
1
5
3
0
5
4
-3
-3
3
1
1
-1
0
1
-1
1
5
4
-1
2
0
-1
-4
-6
-2
1
1
-3
-3
0
3
4
6
5
4
9
8
7
8
12
11
11
14
10
7
13
14
12
14
12
11
11
12
13
12
8
10
11
16
16
15
15
19
19
22
21
19
17
13
9
9
12
8
9
8
9
6
8
5
3
8
5
11
5
6
6
10
10
8
6
5
7
4
7
7
7
5
8
5
9
13
8
4
4
6
4
7
2
5
7
5
4
4
1
0
1
1
-2
-1
0
-3
-3
-1
-3
-8
-7
-9
-7
-5
-4
-2
-2
-4
-6
-6
-8
-5
-6
-9
-7
-2
-5
-6
-8
-4
-6
-3
-4
-4
-1
-8
-5
-1
-2
-3
-4
-7
-7
-6
-8
-11
-11
-8
-7
-6
-3
-1
-3
-4
2
-1
-5
-4
-6
-8
-7
-6
-5
-3
-1
-8
-6
-3
-6
-7
-5
-3
-3
-2
-4
0
-1
1
-1
-1
0
-2
1
-1
6
8
9
8
6
11
7
5
9
7
7
10
6
5
9
10
8
7
6
7
9
6
6
5
8
7
6
10
9
6
7
6
3
4
3
0
7
5
3
3
9
5
3
1
0
7
5
2
5
6
5
6
7
10
6
8
10
11
7
6
6
4
9
8
8
4
5
5
4
5
2
4
0
7
1
0
0
-4
2
4
3
0
5
6
3
4
8
7
4
4
7
3
1
2
0
1
-2
-1
-4
-7
-8
-6
-5
-9
-3
-7
-10
-7
-7
-11
-10
-9
-10
-4
-7
-8
-6
-12
-9
-10
-7
-15
-11
-11
-16
-12
-14
-14
-16
-17
-15
-14
-10
-14
-14
-10
-14
-13
-12
-15
-10
-16
-12
-13
-12
-15
-14
-11
-14
-7
-9
-11
-9
-10
-12
-7
-7
-2
-3
-5
-5
-4
-4
-4
-4
-10
-6
-10
-8
-6
-8
-7
-9
-7
-8
-7
-3
-6
-4
-7
-8
-6
-7
-8
-9
-4
-3
-1
-6
-6
-4
-4
-5
-2
-4
-7
-3
-6
-6
-5
-5
-4
-7
-7
-10
-11
-11
-12
-12
-12
-13
-14
-12
-14
-13
-9
-11
-13
-11
-13
-11
-10
-6
-5
-7
-6
-6
-5
-1
-5
-4
-5
-2
3
-5
0
0
2
-4
0
2
-1
0
-2
-1
-2
1
-3
-4
-7
-4
-2
-2
1
-2
-5
-4
-3
-4
-5
-3
-7
-8
-5
-9
-5
-8
-6
-7
-11
-14
-11
-15
-12
-9
-12
-8
-13
-11
-12
-8
-11
-9
-7
-13
-14
-12
-10
-11
-16
-16
-10
-15
-12
-13
-13
-8
-11
-10
-10
-12
-15
-6
-10
-6
-5
-6
-5
-3
-4
-3
-1
-4
-5
-11
-9
-15
-12
-10
-9
-11
-12
-8
-14
-13
-13
-17
-11
-11
-11
-11
-7
-7
-10
-18
-13
-12
-12
-13
-10
-4
-8
-10
-10
-2
-6
-3
0
-2
1
4
5
5
6
5
7
5
9
7
10
11
7
8
6
4
1
3
1
0
-3
-9
-4
-7
-7
-2
-5
-5
-2
1
1
1
0
0
4
0
-1
2
-2
0
-2
-6
-3
-5
-11
-10
-11
-13
-10
-9
-3
-4
-7
-5
-1
1
2
5
0
2
-1
-1
6
7
3
-2
5
8
4
2
5
8
3
5
3
5
7
0
-4
0
2
-1
-6
1
1
-4
-2
2
-2
-5
-3
-2
-5
-2
-3
-1
-2
-9
-6
-7
-13
-9
-8
-15
-15
-13
-14
-17
-14
-11
-9
-14
-9
-9
-17
-17
-7
-14
-12
-10
-14
-16
-13
-14
-15
-16
-15
-8
-17
-10
-7
-17
-17
-13
-7
-8
-13
-9
-2
-15
-22
-4
-6
-20
-17
-6
-16
-23
-13
-8
-18
-27
-9
-15
-25
-17
-3
-14
-19
-12
-17
-15
-13
-13
-17
-14
-19
-8
-9
-19
-9
-8
-9
-18
-10
-6
-6
-9
-10
-3
-5
-11
-13
0
-2
-12
-5
4
-4
-8
-1
-3
-6
-3
-2
-6
-6
-3
0
-10
-11
-1
-6
-8
-8
-4
-8
-7
-7
-10
-8
-6
-6
-5
2
-3
0
-3
-1
2
3
4
5
5
3
8
10
8
11
9
2
5
1
-3
3
8
-1
-7
7
13
-9
-6
13
3
-10
3
12
2
-7
7
10
2
-4
4
7
-3
-3
6
7
3
7
1
5
2
0
5
3
-6
-3
1
-4
-9
-7
-4
-6
-10
0
2
-5
0
2
7
7
1
0
4
12
-5
2
13
4
-1
0
11
7
-4
4
6
3
-1
2
6
4
-4
-10
3
1
-8
-2
15
-1
-9
8
12
-16
-5
13
-1
-6
0
3
-5
-13
-4
5
-7
-6
8
1
-12
-5
10
4
-11
1
24
5
-13
2
16
5
-7
14
15
1
-1
12
11
1
-1
14
16
1
8
25
15
-1
6
27
8
2
14
20
8
3
4
20
17
-3
7
20
8
-6
21
19
7
11
25
10
0
25
20
-4
4
22
17
3
-2
28
29
-10
11
36
5
-13
26
29
-10
7
23
11
-1
19
20
8
12
12
18
9
10
12
16
12
21
18
16
16
25
19
6
11
30
13
0
22
25
13
4
23
29
8
3
26
14
15
11
15
24
12
8
15
16
-1
8
7
15
13
7
7
6
5
14
7
11
8
1
18
13
11
13
19
3
12
12
9
3
6
21
4
-2
19
11
6
1
15
13
5
8
21
15
-3
16
1
9
-4
17
19
3
24
-1
8
14
13
0
22
9
3
10
15
14
0
18
12
19
1
19
12
15
5
15
13
7
21
14
15
4
24
10
17
13
23
4
16
20
16
10
13
21
9
6
8
12
0
13
6
12
3
13
11
12
5
17
3
10
11
22
12
18
32
13
19
22
33
13
18
32
24
17
21
29
19
13
24
28
17
18
31
23
25
22
28
21
27
29
21
29
28
22
34
26
17
23
35
19
29
32
30
12
35
32
20
27
31
26
23
38
31
18
36
33
19
19
36
18
11
26
26
16
12
38
11
8
35
19
5
14
39
6
0
33
26
2
12
41
8
8
26
27
9
3
32
27
0
14
46
11
-7
33
32
-5
16
22
7
-6
19
9
-5
0
20
7
-12
13
16
-17
5
19
-6
-3
9
6
-3
10
17
2
3
21
-2
11
13
11
10
8
17
22
6
12
25
8
13
15
21
13
14
15
19
12
9
20
20
13
7
19
19
7
15
25
23
12
30
30
22
21
39
24
14
35
31
21
28
42
22
19
32
28
24
28
28
25
31
23
28
24
30
23
21
30
25
14
26
26
18
21
31
22
23
30
31
27
25
35
12
38
31
23
30
46
11
28
38
27
14
33
40
17
24
35
34
17
27
34
38
10
32
29
30
4
37
36
21
25
26
24
19
24
27
34
14
14
39
24
1
17
30
9
6
28
19
9
17
17
24
8
18
30
12
19
23
12
9
31
11
4
22
28
1
15
27
16
10
19
24
7
17
14
24
25
0
15
43
8
4
33
28
-14
19
46
-10
-1
41
12
-21
20
36
-15
0
39
8
-23
23
41
-11
-10
53
0
-12
44
19
-11
35
42
-8
27
27
15
19
33
20
24
13
18
22
21
15
17
40
15
19
31
28
22
31
25
29
29
22
25
40
17
24
39
30
12
43
24
19
20
33
16
17
39
27
14
29
33
28
32
27
21
44
19
18
39
35
17
39
36
25
30
22
25
33
18
21
32
28
38
14
30
45
29
16
43
34
24
33
38
20
39
47
13
41
52
27
13
54
38
20
24
60
24
21
46
9
25
29
3
26
32
3
12
37
6
12
20
14
-1
19
11
5
6
33
-7
-3
39
3
-11
20
31
-3
4
30
6
-1
29
14
-13
25
40
-30
14
58
-16
-7
58
6
-24
49
26
-26
24
35
-8
2
37
-11
7
16
-1
5
11
2
-12
32
-2
-16
22
24
-21
-4
44
-12
-7
12
22
-9
-5
14
21
5
-9
30
4
25
9
-4
29
31
-22
21
41
2
0
34
41
-1
12
35
18
19
7
35
21
32
12
17
64
7
-1
41
56
-21
13
40
33
7
-10
71
33
-19
12
91
10
-15
68
56
12
-5
64
48
-5
-2
86
35
-30
50
66
15
-7
49
56
21
-7
61
65
7
13
58
75
-6
8
74
63
-15
16
92
36
-27
48
84
26
-4
43
81
19
-19
62
91
-26
-6
94
43
-28
35
72
19
-11
37
57
-5
1
44
28
15
-4
21
51
3
-14
43
49
-13
-8
53
36
-21
4
57
34
-23
7
74
9
-30
16
53
-1
-23
7
73
-12
-51
63
56
-48
-13
79
16
-62
19
78
-27
-24
28
52
-26
-15
27
42
-36
-23
55
21
-51
-10
71
-20
-34
16
69
-27
-44
59
58
-61
-2
88
5
-53
40
67
-21
-34
67
49
-44
6
84
13
-32
35
71
-18
-25
76
35
-42
12
81
4
-59
69
64
-49
6
71
18
-25
40
33
32
-30
35
55
-5
-40
57
57
-45
-1
68
19
-74
38
73
-30
-12
75
49
-42
57
60
22
5
45
78
15
-10
85
65
-24
43
95
20
-12
68
72
-22
35
88
15
-10
64
65
-37
50
77
11
-4
76
34
-26
72
54
-14
36
64
16
2
37
67
-16
27
64
28
-14
54
52
-16
37
49
26
0
51
53
8
-5
75
29
-37
47
61
-33
0
63
7
-22
26
41
9
-6
19
53
-12
5
37
9
2
7
31
2
-1
19
13
-6
0
10
14
-7
-11
22
9
-21
5
24
-9
-7
1
17
-8
-10
-1
12
3
-23
10
23
-4
-23
30
16
-25
-3
28
11
-42
17
24
-24
-17
26
-18
11
-11
-15
32
4
-36
21
41
-22
-36
65
8
-31
15
41
14
-41
57
32
-14
4
71
-3
-5
44
46
-9
31
20
47
9
-27
72
11
-20
30
49
-24
18
23
1
19
15
-7
45
-12
16
25
16
17
32
0
26
59
-10
17
38
34
10
5
45
36
-7
9
68
9
-5
42
53
-5
2
77
18
-21
57
67
-13
-3
98
30
-45
66
77
-28
14
69
18
-6
36
33
7
3
37
9
10
12
-5
29
19
-12
30
15
14
5
6
36
-8
12
-5
36
2
4
8
21
-11
9
19
-6
4
-4
18
-10
-10
-4
27
-35
-9
-10
19
-20
-44
27
7
-41
6
17
-31
6
5
-13
2
4
-10
-5
-10
-4
-21
6
-28
-11
8
-23
-5
-12
8
-23
-20
15
-7
-42
20
-20
-9
-22
9
-17
-5
-9
-18
-3
-4
-19
5
-13
-15
24
-27
-16
42
-18
-26
24
13
-13
11
-6
6
14
-21
23
10
-10
5
-8
9
-1
-17
27
-6
-6
15
14
-10
6
33
-18
-9
52
-7
-28
22
26
-15
-8
34
15
-7
4
45
3
-17
29
45
-25
11
63
-11
-5
41
19
-23
22
44
-24
11
39
11
-3
16
43
-2
12
24
22
18
15
5
41
11
1
35
31
2
20
35
10
-13
33
40
-31
13
65
-9
-32
46
62
-49
1
73
16
-51
65
27
-19
4
41
-1
-9
29
17
-7
22
13
3
15
2
16
-22
25
-3
13
-17
19
12
-17
19
0
10
-15
19
1
-28
19
-4
-33
4
11
-16
-38
18
15
-58
6
10
-32
-21
-1
5
-45
-19
18
-19
-59
26
19
-66
-11
47
-36
-50
37
24
-61
-9
52
-23
-56
52
18
-74
19
23
-31
-21
43
-26
-13
18
-4
-41
19
-4
-8
-28
26
-2
-26
-1
12
-4
-13
-5
19
-16
-1
14
20
-23
0
54
-22
-35
51
17
-49
-10
66
-37
-38
41
14
-60
24
50
-71
-2
73
-30
-47
66
22
-51
17
63
-23
-21
45
38
-41
16
56
-6
5
17
54
-7
-3
46
49
-30
21
72
-18
8
64
25
-8
33
51
3
-10
46
31
-22
13
45
-11
-3
36
12
-1
-10
75
-28
-33
67
7
-42
32
35
-11
-22
57
-5
-18
9
54
-35
-21
67
-19
-20
27
23
-30
6
28
-24
-11
24
-5
-19
10
22
-30
-10
31
-32
-2
-14
2
-16
-5
-29
-7
-4
-39
13
-23
-32
-12
12
-37
-21
20
-11
-60
19
27
-59
-16
44
-23
-53
34
11
-64
-19
56
-68
-41
34
-15
-70
9
30
-54
-25
35
-4
-67
21
31
-60
-15
59
-50
-23
21
3
-40
-6
10
-15
-35
13
-3
-10
-24
29
-14
-28
24
4
-32
0
10
-9
-16
2
-9
0
-11
-26
11
4
-41
5
25
-36
-17
36
-20
-25
28
1
-19
-3
28
-28
-7
27
-1
-33
18
10
-18
-15
22
7
-49
6
53
-59
-20
59
-14
-59
59
23
-42
10
63
-39
-39
101
-41
-25
49
19
-38
23
25
-17
-13
56
-30
-21
56
-37
-7
45
-9
-30
56
-14
-15
27
19
-17
29
23
-35
35
35
-44
19
23
-2
-38
53
-7
-20
36
-21
4
15
10
-21
41
-10
-16
47
-17
-1
36
-12
0
6
1
-2
-8
0
7
-10
-6
-13
-4
-18
4
-12
-31
27
-11
-33
9
-5
-12
-32
6
9
-60
19
14
-33
-27
26
3
-39
5
-5
-17
-14
1
-20
10
-4
-21
27
-20
-17
-9
42
-42
-22
67
-25
-46
56
15
-66
38
8
-28
26
6
-24
22
9
-21
6
20
-6
-17
12
0
-13
-13
10
-10
-24
-4
6
-30
-31
16
-40
-3
-12
4
-45
18
4
-32
5
9
-15
-6
13
-6
-11
0
12
-25
-9
36
-46
-9
32
-35
-8
-1
27
-39
3
16
4
-43
46
-15
-23
28
7
-32
-1
64
-70
13
32
-14
-34
41
-9
-31
6
32
-41
-15
47
-16
-31
18
44
-56
10
36
-20
-46
66
-25
-26
37
6
-25
2
38
-46
39
-13
-3
12
13
-23
7
59
-76
41
10
13
-39
36
-3
5
-4
-19
61
-65
22
-3
-6
-27
24
-23
-23
18
-15
-23
21
-32
-3
16
-25
-27
6
-14
-27
-19
-14
-3
-50
10
-27
-13
-36
-20
2
-35
-31
-1
0
-56
5
-21
-19
-30
-10
-23
-16
-13
-56
12
-45
-22
-25
-17
-61
37
-56
-54
27
-27
-67
26
-16
-34
-21
3
-20
-47
3
-33
-29
-40
-1
-56
-31
-13
-41
-39
5
-40
-44
20
-34
-42
-8
-12
-39
-5
-43
6
-34
-24
-28
-26
10
-54
-32
8
-5
-97
19
-6
-67
-37
22
-58
-33
11
-43
-34
-17
6
-51
-28
5
-16
-65
19
-3
-48
-20
37
-40
-46
29
-33
-38
-1
8
-25
-26
7
40
-63
-22
57
-12
-77
42
32
-61
-3
26
-9
-35
-12
7
21
-61
4
61
-102
17
64
-59
-77
99
-30
-78
14
59
-64
-32
47
-9
-43
-1
30
-20
-39
19
53
-101
10
56
-46
-70
54
16
-62
-40
73
3
-100
18
71
-76
-61
77
8
-104
44
7
-13
-45
20
-9
-14
-10
-39
2
-3
-45
-29
37
-68
-10
6
-46
3
-25
-16
-24
-9
-6
-29
2
-25
-26
-16
23
-57
-23
49
-69
-40
38
-46
-58
11
-45
-18
-22
-48
-21
-2
-60
-55
61
-75
-65
36
-16
-78
-35
58
-64
-54
32
44
-151
38
50
-98
-37
43
-8
-116
4
6
-24
-93
32
-11
-67
6
-30
2
-43
-16
-7
-21
-2
-34
-5
17
-50
-23
67
-40
-71
75
-5
-101
44
31
-88
4
29
-67
4
-12
-9
-47
-13
38
-50
-32
41
-29
-33
-9
-15
15
-59
-25
59
-96
-61
103
-79
-121
101
20
-133
12
30
-7
-57
-35
44
16
-110
12
50
-69
-58
44
10
-101
45
21
-83
-18
72
-61
-6
5
5
29
-39
-36
74
-18
-78
41
77
-107
-40
110
-27
-126
44
83
-102
-102
139
-59
-123
101
-21
-99
83
-11
-64
43
-12
-52
27
-24
-17
-5
7
-52
1
32
-71
-8
21
-13
-63
-29
35
-46
-71
48
-21
-72
27
4
-56
-24
50
-63
-33
36
-53
-44
28
-5
-79
19
-13
-7
-36
-9
16
-82
64
-17
-101
74
24
-110
2
53
-61
-76
46
-14
-104
7
36
-100
-14
70
-66
-87
99
-21
-148
88
24
-136
2
75
-141
-46
58
-54
-77
13
10
-91
-9
16
-62
-4
-8
-16
10
5
-39
5
16
-15
-44
14
36
-68
-47
45
37
-149
-8
115
-107
-98
105
-27
-147
46
61
-121
-4
64
-58
-23
5
-8
-41
4
-15
-42
46
-22
-74
13
47
-65
-67
69
31
-126
24
90
-98
-46
77
1
-91
28
70
-79
-43
95
-7
-72
59
34
-38
42
25
-8
31
20
-19
33
19
-38
-21
15
-38
-74
15
7
-69
-27
41
-36
-53
36
23
-30
35
46
-3
-3
55
22
-17
48
13
-27
8
7
-10
-28
-17
-12
-38
-7
-8
-49
6
-19
-54
-21
16
-44
-36
13
-14
-32
-14
12
-32
-1
0
-7
-8
-9
-9
-6
16
-9
-30
2
8
-45
-16
27
-50
-34
-2
-29
-30
-55
-20
-4
-66
-30
14
-59
-54
12
-15
-35
-9
-7
-1
-33
-20
2
-20
-33
-2
-17
-8
-51
-41
-3
-39
-44
-4
11
-44
-27
5
-25
-44
0
-8
-43
-32
-7
-19
-44
-12
8
-14
-2
15
1
-26
10
1
-11
-4
-20
-36
-6
-19
-43
-14
-11
-40
-45
-4
13
-60
-23
44
-14
-50
27
23
-57
-8
32
-4
-5
1
-27
15
10
-50
9
23
-67
-12
24
-55
-58
-2
4
-46
-24
31
-36
-47
36
6
-28
28
28
0
10
28
13
-11
36
30
-9
12
28
-14
-4
19
17
-12
-5
20
22
-30
17
59
-21
-8
45
20
9
-5
2
44
-14
-13
46
8
-47
13
31
-17
-37
13
20
-40
0
23
-5
-22
-14
13
15
-18
-1
12
-8
-6
0
26
-6
-17
10
36
-15
-32
25
17
-16
-30
20
15
-58
-28
49
-8
-72
-5
23
-42
-56
5
16
-63
-55
22
-19
-80
-40
-5
-42
-63
-23
-21
-59
-73
-46
-37
-84
-84
-49
-72
-94
-75
-84
-114
-124
-79
-101
-116
-97
-92
-88
-90
-84
-74
-65
-60
-26
4
37
62
82
111
125
141
160
173
175
173
175
163
150
126
97
78
71
25
11
0
-26
-53
-68
-50
-76
-81
-66
-52
-43
-17
13
30
41
75
97
104
137
151
141
148
160
141
127
114
100
70
42
30
8
-24
-48
-58
-67
-83
-90
-99
-99
-88
-104
-79
-73
-77
-57
-35
-41
-50
-27
-27
-42
-36
-22
-52
-52
-30
-52
-62
-35
-38
-60
-51
-41
-53
-75
-66
-66
-75
-79
-75
-79
-92
-92
-85
-96
-81
-101
-118
-109
-100
-105
-105
-101
-132
-162
-165
-184
-237
-239
-243
-192
-2
123
42
-9
105
171
173
283
406
321
264
389
419
264
186
207
159
120
138
103
-54
-178
-183
-170
-178
-200
-204
-195
-193
-179
-121
-100
-116
-76
30
104
125
138
148
134
140
207
237
192
157
144
129
90
49
34
6
-48
-74
-67
-99
-149
-184
-153
-110
-124
-117
-81
-61
-68
-5
59
65
75
141
184
170
167
165
154
156
153
151
139
61
30
20
-7
-49
-73
-76
-98
-94
-79
-84
-104
-109
-75
-47
-52
-37
-18
-38
-43
-27
-26
-56
-68
-54
-62
-79
-87
-91
-114
-120
-117
-113
-120
-138
-123
-112
-122
-121
-96
-104
-124
-99
-90
-113
-118
-95
-91
-120
-118
-129
-184
-206
-198
-234
-249
-209
-76
126
186
76
51
202
282
268
390
496
374
310
440
425
218
126
162
122
64
56
5
-167
-284
-268
-223
-201
-216
-203
-179
-160
-118
-54
5
12
55
174
257
250
232
233
198
195
246
244
157
89
54
-4
-53
-85
-113
-143
-181
-216
-212
-204
-254
-288
-223
-150
-143
-128
-49
-11
-1
53
128
174
208
249
291
302
283
259
245
250
217
175
144
77
-13
-62
-81
-135
-182
-189
-181
-185
-185
-165
-139
-134
-85
-15
20
49
66
68
82
83
70
72
54
19
-24
-55
-99
-155
-184
-193
-208
-222
-212
-222
-241
-218
-177
-151
-144
-112
-88
-87
-89
-90
-86
-93
-109
-132
-143
-152
-179
-207
-245
-277
-296
-325
-266
-31
208
168
-27
24
263
315
283
430
533
384
278
417
433
156
-5
96
158
54
-53
-97
-233
-396
-382
-202
-127
-227
-248
-159
-111
-95
-19
84
108
116
253
372
316
209
196
208
229
271
254
138
-7
-66
-82
-125
-162
-169
-201
-269
-289
-249
-251
-305
-297
-186
-79
-59
-46
-12
5
24
80
196
243
200
188
212
179
124
101
113
153
216
242
165
62
-1
-9
37
74
38
-12
-32
-39
-52
-71
-75
-85
-43
33
56
38
-14
-34
-16
53
117
102
71
17
-32
-56
-65
-83
-146
-177
-173
-199
-251
-307
-338
-330
-277
-209
-187
-198
-201
-173
-127
-98
-64
-42
-33
-31
-57
-66
-84
-116
-117
-145
-203
-266
-279
-319
-366
-322
-133
167
202
-18
-48
217
385
313
374
554
488
266
305
486
338
21
-24
162
159
-102
-226
-196
-293
-454
-338
-63
-118
-340
-294
-80
-42
-81
40
187
158
136
298
399
259
136
206
285
261
198
125
-9
-128
-141
-117
-165
-218
-235
-294
-344
-285
-191
-234
-304
-187
-14
5
-26
48
123
106
137
269
321
243
161
181
219
171
91
48
48
-17
-65
90
137
-23
-104
-5
100
43
60
87
49
63
82
176
154
93
47
45
146
90
54
31
-3
0
-13
43
-11
-87
-112
-133
-73
-81
-122
-169
-182
-152
-184
-178
-177
-188
-177
-155
-120
-103
-106
-116
-109
-67
-16
-28
-31
-22
-58
-67
-70
-48
-75
-147
-182
-216
-216
-281
-340
-329
-363
-267
44
312
139
-180
30
429
454
294
431
631
394
154
337
537
253
-171
-61
249
87
-308
-357
-201
-364
-552
-278
39
-131
-427
-294
58
103
2
126
300
273
203
357
476
315
140
177
296
275
145
8
-129
-176
-177
-218
-230
-203
-258
-427
-418
-192
-134
-290
-300
-49
78
-18
17
183
187
61
127
327
357
205
101
140
182
98
0
9
12
-102
-183
-11
123
-43
-179
-32
129
76
64
154
145
97
111
229
263
156
51
59
169
134
29
8
-22
-52
-69
-5
-7
-84
-123
-138
-71
-35
-84
-132
-124
-80
-94
-106
-84
-88
-121
-136
-89
-48
-88
-149
-159
-100
-68
-111
-116
-78
-85
-125
-120
-86
-107
-172
-179
-139
-145
-222
-275
-256
-295
-347
-276
24
323
259
6
-2
273
400
312
371
537
491
257
224
377
279
-52
-163
75
183
-74
-301
-264
-251
-411
-368
-71
41
-144
-214
-45
97
83
92
222
288
274
305
363
306
161
104
137
190
201
96
-75
-207
-222
-223
-256
-196
-140
-257
-390
-292
-111
-158
-277
-170
29
87
50
113
176
113
51
151
319
325
180
84
103
96
7
-37
-11
-47
-136
-79
62
39
-94
-91
27
95
139
172
152
121
141
151
171
207
170
93
81
103
73
-4
-74
-91
-68
-51
-52
-70
-94
-150
-178
-117
-61
-86
-135
-133
-127
-136
-141
-138
-122
-127
-137
-78
-34
-71
-136
-127
-61
-53
-62
-41
-57
-126
-161
-132
-115
-142
-177
-169
-134
-146
-216
-269
-279
-299
-303
-143
186
394
239
-19
46
340
430
362
412
538
455
229
225
352
251
-60
-146
85
177
-55
-299
-291
-266
-353
-269
-45
28
-120
-219
-116
49
120
118
128
170
253
310
294
208
157
136
107
136
203
149
-93
-260
-205
-145
-182
-193
-170
-235
-344
-288
-149
-138
-204
-173
-37
53
62
64
85
70
59
120
215
253
180
67
24
47
49
-7
-35
-51
-66
21
79
26
-55
-65
-4
76
207
197
110
100
115
147
147
178
129
59
57
46
53
-19
-110
-137
-90
-15
-48
-73
-123
-203
-206
-151
-90
-89
-119
-156
-176
-150
-125
-137
-156
-169
-147
-115
-104
-105
-134
-151
-122
-85
-43
-50
-79
-111
-145
-112
-92
-111
-162
-202
-193
-226
-257
-277
-314
-356
-279
34
307
226
-29
-11
254
338
293
369
495
458
267
237
374
388
137
-73
23
173
86
-104
-172
-203
-288
-304
-165
-43
-59
-158
-215
-107
54
125
77
37
119
228
266
238
238
233
129
56
153
259
153
-50
-118
-93
-99
-80
-79
-167
-283
-267
-167
-137
-155
-153
-144
-154
-86
37
93
53
-2
31
122
195
187
127
114
118
92
70
147
179
72
50
132
174
131
67
19
9
73
76
52
80
67
-4
-49
20
57
24
-3
-21
15
21
-19
-46
-15
9
-41
-23
22
-18
-78
-116
-130
-143
-124
-135
-197
-218
-198
-188
-192
-199
-193
-168
-145
-125
-108
-65
-54
-94
-89
-56
-39
-76
-96
-93
-126
-150
-166
-166
-166
-171
-205
-251
-271
-289
-317
-297
-183
28
203
167
22
44
225
304
260
315
455
452
323
265
335
339
153
0
50
132
58
-71
-131
-180
-245
-289
-257
-174
-143
-176
-221
-189
-89
-22
-22
-24
50
142
162
158
210
258
201
114
125
173
147
78
35
4
-42
-50
-62
-138
-209
-209
-176
-199
-217
-163
-122
-186
-237
-159
-46
-6
-43
-31
33
72
68
75
119
142
102
85
140
224
276
271
230
203
218
232
209
182
141
106
73
39
21
-6
-41
-111
-166
-144
-102
-86
-121
-149
-128
-80
-29
-1
22
33
6
-7
7
46
49
-22
-86
-108
-103
-118
-152
-175
-194
-226
-233
-214
-192
-218
-255
-244
-190
-132
-109
-118
-140
-155
-151
-122
-93
-99
-131
-153
-179
-197
-209
-220
-258
-307
-277
-103
127
182
40
-32
78
198
209
229
335
374
303
240
291
365
282
97
17
70
95
45
-13
-66
-145
-211
-224
-201
-171
-165
-201
-223
-185
-99
-51
-64
-91
-78
-5
70
113
130
144
129
92
76
83
119
135
80
18
34
82
30
-94
-128
-85
-90
-164
-172
-85
-72
-167
-232
-179
-104
-101
-120
-103
-47
-11
-5
-3
25
66
52
41
79
179
289
334
297
250
245
247
225
217
208
185
144
100
77
55
20
-67
-140
-131
-91
-69
-85
-105
-100
-79
-55
-30
13
41
28
-4
9
49
69
26
-46
-86
-87
-80
-94
-120
-147
-180
-196
-185
-176
-182
-187
-187
-173
-131
-101
-88
-96
-111
-106
-83
-61
-64
-63
-45
-62
-96
-113
-112
-137
-183
-203
-211
-214
-201
-117
8
33
-45
-61
52
146
148
168
246
286
263
249
292
344
304
211
167
161
153
129
104
42
-33
-80
-105
-131
-159
-165
-185
-214
-201
-144
-95
-97
-116
-122
-90
-30
19
55
59
56
66
65
59
72
102
97
55
50
88
77
15
-23
-13
-5
-26
-38
-31
-40
-73
-100
-90
-62
-48
-50
-58
-65
-61
-48
-50
-52
-36
-8
7
42
105
165
188
168
157
182
223
228
209
199
200
185
154
131
113
83
25
-28
-36
-8
2
-24
-42
-49
-43
-25
-14
-14
-27
-40
-52
-37
-13
-17
-43
-76
-103
-124
-119
-106
-108
-124
-142
-134
-108
-93
-88
-94
-77
-53
-45
-27
-7
-11
-27
-32
-24
-7
-4
-35
-71
-87
-97
-106
-108
-119
-154
-189
-211
-230
-251
-233
-150
-39
8
-9
-3
62
128
153
176
222
266
278
277
278
291
290
254
192
151
156
153
102
26
-20
-26
-46
-89
-100
-83
-100
-146
-164
-125
-78
-79
-99
-91
-81
-70
-53
-33
-23
-30
-22
-11
-12
-1
29
37
8
5
45
72
57
41
56
63
36
16
28
51
45
11
-12
-9
-1
-11
-37
-49
-44
-49
-72
-79
-63
-56
-52
-32
20
73
93
80
74
108
135
131
140
150
149
139
134
133
124
105
70
51
42
38
25
7
-18
-36
-38
-33
-33
-35
-44
-69
-77
-74
-65
-76
-84
-88
-100
-115
-123
-124
-117
-123
-132
-114
-84
-65
-70
-77
-67
-61
-61
-51
-37
-8
-2
-12
-31
-29
-28
-48
-55
-48
-50
-72
-101
-101
-91
-92
-118
-146
-141
-130
-146
-172
-147
-55
17
36
32
51
99
132
147
165
191
204
204
211
224
238
230
185
137
109
111
107
84
31
6
12
11
-24
-51
-42
-48
-80
-97
-76
-56
-55
-65
-55
-54
-62
-55
-40
-31
-37
-25
-2
0
-6
16
42
40
24
32
43
39
39
55
53
34
16
25
32
25
3
-17
-21
-32
-39
-36
-40
-59
-55
-31
0
8
12
19
24
40
61
89
100
88
73
79
97
108
98
78
55
39
39
45
40
21
1
-12
-11
1
4
2
-4
-14
-22
-13
-1
-4
-19
-49
-69
-71
-62
-64
-77
-83
-88
-94
-94
-93
-103
-121
-113
-90
-83
-77
-66
-69
-76
-76
-65
-59
-63
-53
-41
-42
-52
-49
-28
-29
-45
-42
-30
-26
-41
-52
-52
-50
-69
-91
-105
-120
-144
-174
-180
-134
-51
8
9
3
28
64
91
99
124
163
195
210
216
249
272
253
200
156
147
148
143
121
83
62
40
-6
-40
-43
-54
-100
-133
-138
-115
-94
-92
-93
-93
-83
-62
-46
-35
-24
-4
11
7
26
70
96
69
50
72
92
76
54
69
82
53
15
10
10
-4
-26
-35
-37
-40
-43
-51
-63
-57
-30
-9
5
14
35
54
60
64
76
86
85
82
79
79
64
55
50
40
38
34
29
5
-5
-1
-3
-2
0
4
12
4
-14
-22
-20
-29
-43
-42
-34
-47
-72
-80
-81
-85
-84
-91
-101
-100
-91
-83
-83
-80
-76
-67
-59
-53
-49
-62
-74
-69
-59
-48
-39
-31
-38
-58
-69
-60
-48
-59
-72
-54
-44
-49
-66
-76
-70
-71
-75
-84
-89
-107
-139
-169
-206
-210
-136
-28
27
1
-17
35
92
105
119
159
208
225
226
257
293
298
246
190
164
151
141
121
85
37
6
-12
-45
-77
-92
-99
-118
-145
-137
-97
-64
-60
-66
-55
-33
-27
-9
19
42
63
71
67
73
99
113
82
55
74
88
78
65
66
61
16
-19
-21
-9
-16
-36
-52
-60
-73
-74
-64
-69
-72
-61
-42
-17
-2
6
23
42
48
53
87
101
84
61
71
90
93
79
60
53
41
18
-1
1
-4
-20
-30
-27
-22
-23
-39
-54
-57
-51
-43
-40
-34
-29
-31
-47
-51
-55
-52
-55
-66
-91
-103
-97
-96
-100
-116
-121
-106
-97
-111
-121
-102
-86
-86
-84
-71
-55
-45
-46
-41
-43
-44
-38
-32
-26
-29
-31
-33
-50
-73
-85
-86
-107
-147
-166
-172
-191
-233
-226
-123
5
51
3
1
77
145
153
165
228
286
284
259
281
329
329
251
172
132
123
116
101
52
-3
-31
-50
-92
-120
-104
-89
-124
-156
-129
-63
-25
-44
-63
-47
-22
-10
9
41
67
77
72
70
83
115
123
94
79
97
115
93
78
80
64
21
2
6
5
-8
-27
-39
-56
-74
-72
-77
-104
-118
-110
-101
-88
-73
-39
25
74
93
103
144
175
179
177
186
207
208
180
153
144
121
78
23
-6
-19
-34
-61
-78
-77
-76
-81
-96
-98
-86
-71
-61
-50
-35
-33
-45
-54
-75
-79
-69
-81
-110
-127
-120
-119
-138
-153
-141
-119
-115
-114
-93
-58
-44
-57
-60
-41
-31
-35
-46
-54
-53
-55
-72
-80
-93
-118
-131
-141
-150
-152
-147
-169
-197
-206
-211
-218
-207
-111
39
125
97
54
118
208
245
243
287
343
350
309
296
321
314
236
136
88
82
84
56
2
-67
-117
-135
-152
-170
-171
-156
-153
-173
-166
-107
-52
-58
-88
-68
-8
40
61
80
98
106
96
94
111
129
132
99
72
81
96
68
17
-3
-18
-54
-80
-73
-66
-82
-109
-107
-92
-89
-95
-92
-95
-89
-64
-30
-7
19
73
119
155
192
221
239
239
232
224
230
217
191
163
139
105
61
39
1
-31
-54
-68
-79
-83
-62
-37
-33
-27
-13
10
28
23
19
22
16
-19
-47
-56
-72
-109
-153
-192
-207
-197
-195
-212
-217
-199
-172
-156
-136
-104
-67
-46
-46
-43
-11
7
6
-12
-13
-9
-18
-31
-58
-71
-82
-91
-107
-114
-115
-119
-120
-128
-155
-161
-162
-183
-208
-173
-26
150
223
148
84
144
246
274
268
302
337
310
241
210
221
193
82
-21
-41
-10
-4
-47
-117
-168
-161
-120
-105
-98
-56
-23
-27
-42
10
97
119
70
31
65
113
107
71
57
39
7
-24
-43
-55
-58
-84
-133
-144
-87
-40
-85
-143
-125
-68
-47
-35
13
55
46
33
58
98
123
115
92
73
83
112
102
55
15
-4
-28
-36
13
78
100
74
37
46
89
130
130
112
129
156
173
169
146
115
81
49
39
64
90
61
-6
-46
-34
-9
-9
-44
-77
-89
-83
-76
-81
-78
-89
-122
-151
-161
-139
-120
-129
-146
-149
-112
-84
-86
-105
-116
-102
-74
-51
-31
-20
-29
-51
-70
-67
-51
-58
-81
-88
-77
-63
-67
-103
-151
-161
-126
-89
-77
-100
-109
-120
-155
-179
-100
121
292
226
57
64
232
325
271
230
278
309
227
122
122
153
70
-74
-117
-38
2
-52
-145
-200
-175
-96
-30
-23
-26
-3
18
18
43
116
172
126
42
30
89
97
14
-62
-74
-84
-92
-111
-136
-161
-181
-200
-194
-111
-27
-37
-125
-119
-11
62
50
50
91
98
73
74
123
133
69
5
-14
7
29
16
-45
-101
-101
-73
-63
-54
-46
-12
48
101
145
180
201
172
162
211
262
272
217
154
111
80
62
24
3
-23
-48
-70
-80
-73
-75
-79
-77
-51
-4
25
15
-14
-21
-6
1
-13
-51
-82
-103
-106
-123
-148
-151
-145
-149
-158
-153
-122
-104
-115
-114
-65
-5
14
-11
-45
-47
-26
-7
7
2
-14
-49
-79
-78
-66
-60
-77
-86
-71
-46
-34
-67
-118
-109
-87
-90
-106
-44
141
270
188
21
37
206
292
232
173
228
256
175
70
62
88
37
-46
-45
22
31
-50
-133
-137
-57
28
65
40
-2
8
41
58
60
82
90
41
-14
-3
31
-4
-90
-133
-91
-49
-53
-101
-155
-169
-131
-76
-29
18
34
-17
-64
-17
88
116
52
19
75
104
61
14
6
-9
-49
-49
-15
6
-25
-79
-119
-102
-52
-19
-43
-75
-69
-20
118
193
201
164
122
136
167
223
195
145
79
51
96
50
-8
-78
-78
-70
-57
-26
-75
-86
-88
-48
-4
24
38
-32
-50
-48
-18
-2
-31
-78
-130
-133
-122
-115
-133
-165
-160
-119
-82
-69
-82
-76
-42
-17
-3
24
41
24
-11
-18
-4
16
-7
-51
-91
-99
-97
-105
-113
-125
-105
-91
-93
-83
-66
-39
-54
-92
-95
-71
-81
-141
-107
110
302
219
-5
-54
132
273
228
143
181
242
180
78
48
62
30
-21
-16
51
62
-33
-135
-146
-55
56
103
55
-16
-16
49
94
76
70
79
65
41
34
42
-6
-74
-93
-37
26
2
-94
-167
-154
-86
-6
32
35
20
-26
-49
-7
79
98
20
-26
28
67
-1
-68
-73
-54
-67
-62
-31
-36
-91
-131
-117
-82
-54
-44
-13
29
72
102
99
94
132
202
218
175
130
106
106
110
85
57
44
16
-37
-57
-38
-32
-43
-49
-16
9
9
-17
-32
-8
26
42
34
14
-12
-32
-48
-45
-44
-73
-90
-76
-65
-95
-123
-119
-93
-64
-45
-37
-36
-41
-46
-50
-44
-15
2
-17
-60
-88
-80
-64
-62
-77
-74
-56
-47
-76
-103
-69
-35
-23
-18
-9
-19
-57
-75
-63
-8
-3
-33
-52
-65
-90
-112
-41
141
274
186
18
17
183
297
226
134
177
251
220
100
27
19
8
7
32
48
-8
-97
-137
-92
3
73
76
28
-3
50
124
127
85
91
145
161
120
61
21
-17
-47
-19
35
23
-53
-132
-158
-139
-104
-76
-60
-38
-5
-4
-53
-71
-13
28
15
26
67
56
-31
-61
-9
28
-12
-54
-47
-53
-74
-86
-88
-59
7
68
91
65
41
64
100
126
159
185
164
118
83
57
62
51
34
16
16
0
-66
-99
-75
-25
-10
-3
-5
-22
-34
-23
3
21
34
36
20
1
-14
-30
-46
-55
-54
-71
-90
-84
-90
-107
-114
-85
-62
-80
-87
-78
-69
-72
-79
-87
-80
-52
-50
-80
-111
-116
-97
-70
-44
-30
-45
-66
-70
-62
-31
2
12
-5
-6
15
6
-31
-38
-8
28
30
15
-3
-35
-73
-102
-86
-73
-10
116
167
78
-63
-35
144
253
165
75
150
226
156
23
-4
62
80
71
74
51
-33
-121
-97
6
89
81
31
5
18
52
63
64
62
93
137
130
58
-7
-18
-10
-4
17
29
-16
-98
-146
-131
-98
-74
-54
-37
-14
2
-41
-100
-78
32
112
75
37
59
69
17
-5
61
103
62
16
30
29
-24
-43
3
44
47
34
17
-3
2
18
40
55
80
87
55
17
13
32
47
61
68
62
45
18
-4
-5
28
61
54
26
8
4
-4
-5
7
18
25
19
-10
-51
-61
-42
-46
-59
-69
-73
-85
-109
-114
-124
-105
-74
-59
-81
-100
-70
-48
-54
-52
-31
-26
-31
-36
-37
-25
-11
-20
-39
-34
-21
-20
-39
-40
-32
-26
-21
-2
5
2
0
-10
-8
-13
10
24
-3
-16
-14
-15
-29
-44
-49
-67
-96
-122
-118
-89
6
98
85
-1
-41
73
199
184
103
121
220
215
104
33
57
82
76
69
32
-42
-99
-90
-44
-31
-32
-34
-30
-22
-15
8
14
14
51
114
139
98
57
59
79
78
51
35
19
6
-8
-19
-49
-75
-54
-13
9
-4
-24
-60
-60
2
66
51
1
29
77
46
-9
5
47
28
-5
11
2
-55
-69
-11
19
-13
-21
-1
-7
-17
8
34
23
27
66
77
60
57
72
69
69
86
98
74
48
43
40
29
24
11
-8
-11
-5
-11
-49
-46
-6
6
-16
-38
-36
-42
-49
-40
-33
-35
-40
-39
-43
-46
-42
-43
-42
-34
-25
-39
-55
-57
-51
-51
-49
-38
-29
-28
-41
-52
-68
-64
-32
-9
-19
-42
-47
-34
-32
-43
-33
-14
-5
3
-10
-36
-62
-65
-45
-21
-19
-34
-40
-46
-49
-34
-13
-13
-29
-29
-12
-36
-70
-56
16
91
89
35
14
64
111
88
49
92
172
139
45
9
36
47
37
58
64
28
-1
28
47
18
7
49
93
97
93
79
54
44
63
96
104
89
82
74
48
23
14
16
23
21
8
-10
-32
-47
-49
-21
1
-4
-35
-56
-46
-31
-21
-32
-33
-13
-5
-22
-44
-24
0
-9
-12
11
26
10
1
22
35
25
19
47
64
50
48
52
45
34
50
67
58
37
36
52
39
32
42
53
47
34
36
37
31
38
52
47
38
46
54
46
35
31
37
23
6
9
13
-9
-27
-30
-32
-36
-43
-38
-44
-55
-55
-45
-44
-59
-62
-52
-57
-63
-60
-54
-55
-57
-49
-65
-82
-76
-58
-56
-61
-58
-55
-62
-63
-45
-30
-28
-21
-17
-9
-16
-30
-29
-22
-20
-21
-11
-4
-12
-29
-36
-20
1
2
-9
-22
-38
-52
-58
-63
-67
-60
-49
-27
-7
8
9
3
6
38
75
100
111
111
83
65
90
114
117
104
91
78
61
56
52
40
19
19
34
21
-2
-11
5
9
7
12
22
30
25
23
31
33
30
25
27
33
25
22
22
12
14
18
16
6
-5
2
5
0
5
11
9
-2
1
5
15
18
3
-6
1
8
1
-18
-17
6
17
9
1
18
37
40
50
59
57
54
68
71
74
84
93
90
78
79
93
95
79
72
84
94
75
60
58
66
55
43
40
37
28
27
24
12
10
16
24
11
-3
-4
4
-6
-21
-13
-12
-27
-43
-37
-39
-55
-64
-57
-45
-53
-64
-60
-45
-39
-38
-30
-19
-17
-24
-21
-5
-2
-15
-17
-10
-2
-12
-36
-35
-20
-13
-22
-30
-24
-20
-14
-9
-3
11
16
13
20
31
29
22
24
27
26
24
25
5
-23
-29
-22
-37
-56
-49
-28
-16
-12
-4
-9
-11
6
34
62
74
68
47
38
57
81
81
69
80
85
78
74
71
59
52
57
65
62
43
54
54
49
45
53
67
62
58
57
60
42
30
31
38
41
33
23
16
8
3
6
7
11
8
3
-1
-3
9
17
16
16
18
12
11
19
16
13
9
6
10
15
19
26
23
9
15
35
49
58
63
65
52
46
52
62
53
45
51
57
46
36
36
43
45
39
43
46
45
40
44
50
46
44
50
57
55
49
42
35
26
26
21
17
11
-4
-6
-21
-28
-29
-25
-26
-40
-44
-49
-51
-56
-54
-52
-50
-44
-44
-49
-43
-37
-33
-30
-25
-16
-15
-19
-16
-3
4
-4
-5
8
9
6
6
8
8
1
-2
2
0
-6
-9
-6
-8
-19
-27
-19
-15
-18
-20
-22
-18
-12
-15
-18
-16
-13
-4
-2
-4
-6
-2
-3
-23
-29
-21
-9
11
19
23
17
9
21
40
62
78
72
51
47
65
83
82
77
79
79
77
75
73
71
67
73
77
69
58
58
68
73
69
76
81
75
67
73
82
73
59
50
55
49
40
38
34
27
24
20
18
18
22
15
8
8
12
16
5
2
6
4
6
12
10
13
15
10
7
7
26
36
20
19
37
47
38
38
45
50
41
43
49
48
37
31
33
30
30
33
41
32
27
28
39
34
34
39
35
33
37
49
56
47
44
51
54
48
33
28
28
31
26
10
4
-2
-6
-11
-20
-25
-32
-35
-36
-38
-46
-49
-53
-51
-40
-41
-37
-44
-41
-37
-35
-32
-31
-26
-26
-24
-25
-30
-33
-24
-17
-5
0
-2
1
6
12
22
28
30
21
11
14
15
15
10
-1
-7
-8
-11
-16
-14
-14
-13
-12
-15
-4
1
-1
-8
-7
4
10
4
-5
-10
-10
-16
-14
-5
8
21
31
36
34
38
54
68
77
91
94
94
91
95
98
91
92
92
86
83
81
76
59
53
58
55
48
48
51
52
47
41
43
47
53
54
52
45
42
42
37
36
38
35
25
19
11
11
2
-5
-9
-16
-11
-17
-16
-20
-26
-22
-20
-23
-31
-12
-2
-3
-7
-2
5
6
11
24
23
19
25
30
35
36
41
38
38
42
46
51
55
55
59
55
45
51
54
58
51
42
43
40
35
34
38
34
34
33
33
33
31
23
24
25
22
15
1
2
6
-1
-6
-9
-3
-7
-18
-19
-11
-9
-11
-9
-6
-6
-12
-11
-11
-7
-4
-8
-14
-13
-14
-14
-19
-26
-21
-21
-20
-20
-31
-35
-27
-21
-17
-21
-17
-10
-6
-5
-12
-14
-9
-3
7
7
4
0
0
4
-3
-7
-3
-2
-1
3
10
-6
-16
-9
0
6
0
1
0
-8
-14
-5
-4
-6
-10
-18
-22
-25
-14
-10
2
18
24
23
20
28
41
55
63
65
62
62
66
66
65
65
66
70
66
60
50
47
37
31
34
31
26
17
16
14
15
9
7
10
10
12
10
7
7
17
25
26
24
22
19
16
18
16
20
21
17
8
-7
-11
-11
-13
-10
-2
-2
-2
-3
1
4
5
10
15
21
22
22
19
28
27
28
29
28
33
29
27
21
25
29
24
23
15
14
15
21
22
14
9
12
9
14
22
23
14
3
9
12
8
-5
-9
-9
-9
-11
-16
-22
-27
-27
-25
-28
-31
-26
-25
-27
-27
-25
-25
-22
-21
-18
-19
-18
-20
-20
-19
-19
-18
-26
-30
-28
-30
-39
-41
-40
-32
-32
-35
-40
-41
-35
-36
-36
-37
-29
-21
-16
-15
-23
-21
-7
-9
-6
-7
-9
-14
-19
-22
-17
-11
-12
-11
-14
-7
-8
-10
-15
-9
-3
-3
4
4
3
3
2
-1
-7
-10
-6
-9
-11
-16
-18
-12
-9
1
7
15
10
9
13
18
31
38
43
40
43
41
34
34
46
49
41
37
33
33
23
12
10
9
7
3
0
1
-1
-5
-9
-9
-1
9
10
2
6
4
8
7
7
8
9
9
-2
-1
-4
-4
-6
-6
-5
-1
-6
-9
-5
-1
-1
3
6
6
4
8
14
15
18
14
7
12
13
12
12
7
2
3
3
0
-9
-10
-8
-5
-4
-10
-12
-7
-6
-9
-14
-11
-11
-9
-4
-7
-7
-11
-9
-11
-12
-14
-20
-22
-20
-18
-21
-22
-26
-25
-24
-28
-34
-39
-34
-33
-34
-38
-40
-42
-37
-39
-45
-43
-48
-48
-45
-38
-44
-41
-34
-29
-34
-31
-26
-26
-22
-27
-29
-29
-27
-28
-32
-36
-30
-30
-35
-35
-29
-30
-28
-35
-40
-36
-34
-33
-37
-37
-34
-32
-37
-38
-31
-27
-28
-25
-21
-14
-17
-20
-14
-4
-2
-8
-3
0
-1
-4
-4
-1
0
-4
-9
-15
-16
-18
-20
-20
-23
-18
-14
-7
-3
-2
7
5
12
25
33
30
32
41
42
45
49
45
44
45
41
42
41
40
36
38
34
28
26
30
30
32
28
29
29
23
26
24
24
24
21
21
15
20
17
10
10
5
3
6
-2
-3
-2
-4
-2
-10
-8
-4
-5
-5
-4
-3
-1
-2
-5
-10
-11
-9
-8
-6
-18
-22
-23
-23
-28
-33
-33
-31
-26
-25
-24
-34
-31
-23
-17
-12
-15
-12
-9
-4
-3
-4
-1
2
2
0
2
1
1
1
6
1
-1
-4
-4
-6
-8
-10
-11
-17
-14
-16
-18
-18
-23
-16
-17
-16
-17
-16
-20
-24
-21
-21
-20
-26
-28
-26
-19
-22
-28
-27
-29
-29
-28
-25
-30
-33
-35
-32
-26
-33
-27
-29
-27
-30
-31
-30
-27
-23
-23
-21
-26
-26
-27
-25
-19
-20
-19
-18
-17
-10
-13
-15
-16
-8
-7
-14
-14
-11
-10
-16
-13
-7
-4
-4
-4
-7
-11
-9
-8
-4
0
3
4
4
1
3
7
7
13
10
14
11
7
9
8
13
8
8
10
3
3
2
5
5
8
12
12
6
2
8
9
13
9
10
18
13
8
6
1
8
3
0
-1
-10
-11
-14
-16
-20
-16
-12
-14
-16
-18
-15
-17
-19
-22
-18
-20
-21
-19
-23
-22
-25
-21
-25
-25
-23
-27
-29
-25
-25
-25
-25
-25
-22
-22
-22
-25
-27
-21
-18
-21
-25
-24
-23
-28
-25
-27
-24
-24
-26
-20
-27
-27
-27
-25
-23
-23
-23
-19
-14
-18
-17
-11
-7
-8
-9
-7
-4
-11
-13
-14
-12
-7
-13
-17
-15
-15
-21
-22
-29
-28
-29
-38
-34
-31
-33
-36
-34
-37
-33
-31
-30
-24
-26
-26
-30
-31
-27
-27
-19
-21
-21
-18
-17
-24
-21
-16
-15
-14
-15
-13
-13
-16
-17
-10
-14
-12
-12
-16
-13
-11
-10
-10
-6
-9
-12
-11
-11
-10
-19
-17
-7
-7
-7
-3
-3
1
2
3
2
6
15
18
24
25
18
20
24
22
23
25
22
23
14
13
13
8
6
12
12
6
3
6
2
4
5
11
12
9
12
9
8
7
6
7
1
-1
-1
-7
-10
-13
-10
-10
-16
-17
-19
-21
-21
-20
-23
-21
-22
-19
-20
-24
-24
-25
-31
-29
-30
-29
-32
-38
-41
-42
-43
-43
-44
-45
-42
-42
-43
-42
-37
-33
-34
-31
-32
-31
-30
-31
-23
-20
-23
-20
-22
-18
-17
-20
-18
-16
-15
-12
-13
-14
-12
-11
-14
-13
-16
-15
-9
-15
-15
-17
-15
-15
-16
-14
-8
-12
-15
-20
-17
-16
-16
-10
-12
-11
-11
-7
-9
-15
-20
-16
-17
-18
-17
-23
-19
-24
-21
-22
-21
-25
-25
-16
-23
-18
-20
-24
-22
-18
-19
-22
-20
-24
-20
-20
-18
-17
-15
-18
-21
-17
-14
-7
-7
-6
-8
-9
-10
-4
-5
-9
-7
-2
2
0
-2
2
-1
-2
-4
-7
-4
-5
-9
1
-2
0
7
2
4
6
7
10
8
7
10
11
11
12
12
15
16
16
16
13
17
17
18
16
15
14
10
9
6
5
5
-2
-2
-2
-4
-9
-13
-12
-14
-16
-20
-19
-17
-14
-17
-18
-17
-18
-18
-24
-20
-19
-14
-18
-20
-18
-20
-16
-22
-25
-24
-30
-31
-33
-37
-32
-33
-37
-36
-33
-35
-29
-32
-35
-30
-29
-30
-32
-31
-30
-28
-26
-27
-25
-25
-25
-26
-26
-23
-22
-19
-18
-15
-18
-16
-15
-14
-15
-13
-11
-6
-1
-5
-5
-6
-7
-3
0
1
0
-1
-5
-6
-4
-4
-4
-1
1
-2
-4
-7
-5
-2
-2
-1
2
1
0
-3
0
3
2
3
0
-2
-3
-7
-7
-10
-10
-14
-14
-10
-14
-19
-24
-21
-22
-21
-21
-24
-25
-24
-18
-18
-19
-19
-18
-17
-16
-14
-12
-10
-8
-8
-11
-11
-5
-3
-6
-3
0
2
2
3
4
-2
1
4
3
10
8
5
6
9
9
12
11
15
18
12
15
17
16
14
17
21
20
24
21
19
23
23
20
17
13
16
22
16
16
11
9
12
10
7
6
4
3
2
0
-1
-4
-8
-12
-12
-17
-16
-15
-17
-18
-19
-22
-24
-23
-26
-26
-22
-20
-23
-19
-21
-21
-22
-18
-18
-15
-14
-16
-11
-14
-15
-12
-11
-9
-11
-8
-6
-10
-8
-9
-8
-13
-11
-13
-14
-7
-10
-9
-7
-3
-3
-4
-2
-2
0
-1
2
4
6
10
6
7
4
7
9
0
1
-4
-2
-5
-5
-7
-9
-10
-14
-10
-7
-9
-10
-14
-16
-6
-5
-4
-8
-9
-10
-7
-1
-5
-1
1
1
3
-1
1
-3
-2
-1
1
-6
-2
-5
-5
-5
-10
-6
-10
-7
-8
-8
-11
-8
-7
-12
-8
-5
-8
-5
-2
0
-3
-3
-1
1
4
3
2
0
4
9
7
3
10
10
8
9
7
7
6
6
7
7
10
7
6
10
9
8
5
11
11
6
5
6
7
8
8
4
7
7
4
8
7
6
6
11
9
7
12
15
14
15
11
10
11
8
9
9
8
5
2
2
-1
-2
-4
-2
-3
-1
-3
-9
-7
-6
-2
0
-3
0
-2
3
2
2
4
-1
-1
-3
1
-1
4
8
8
6
1
-2
1
5
7
11
9
8
8
6
9
6
8
7
7
7
7
7
1
2
-1
3
1
-3
-2
-1
-6
-5
-3
-4
-5
-5
-4
-4
-1
1
-4
-1
4
0
2
4
8
8
5
2
4
2
8
6
5
5
2
1
5
3
4
1
-1
-1
-5
-4
0
-2
-4
-2
-2
3
5
7
6
9
12
5
7
9
8
9
9
9
9
7
6
6
5
6
3
-1
-3
0
-4
-7
-4
-6
-5
-3
-5
-4
-5
-3
-2
-6
-2
-4
0
-3
0
1
5
4
0
3
5
8
5
6
6
8
2
-2
-2
1
7
9
10
13
13
8
6
7
9
5
7
6
0
1
1
2
-1
-1
7
6
5
6
8
5
0
-4
-3
-2
0
1
-4
4
2
-1
0
1
3
3
1
2
-1
1
0
3
4
1
4
-2
-2
2
3
2
0
1
-2
2
3
2
6
5
5
8
8
5
4
2
-3
-1
3
-2
-6
-3
-2
-5
-1
-4
-2
-6
-8
-6
-9
-10
-8
-7
-8
-6
-6
-7
-5
-6
-6
-4
3
0
-7
-5
-5
-2
-5
-5
-3
-4
-2
-2
2
-1
2
3
6
7
9
9
6
8
7
9
5
10
9
7
9
8
4
5
5
1
1
-2
-6
-11
-10
-11
-11
-13
-14
-15
-12
-10
-12
-8
-10
-12
-13
-11
-11
-8
-9
-7
-5
-5
-5
-2
0
-2
-4
-8
-3
-2
-4
-5
-5
-7
-6
-5
-4
0
-1
3
-3
-2
3
6
5
8
10
13
15
14
9
8
11
14
16
16
16
16
13
14
14
15
10
11
9
7
9
4
6
10
6
8
7
8
7
5
9
9
11
14
8
13
13
9
16
15
13
11
11
10
11
12
10
10
10
13
15
12
9
11
3
8
9
9
11
10
8
8
7
4
-3
-1
3
-1
-1
-5
-3
-6
-6
-6
-4
-4
1
1
-1
-3
-8
-2
-4
-1
-7
-3
-2
0
2
-1
4
1
8
4
4
9
2
5
9
9
12
8
8
8
8
13
11
14
16
14
11
9
10
14
14
10
8
9
5
6
8
6
3
1
7
5
1
-4
4
4
-1
6
9
6
5
5
5
5
0
0
-2
-6
-4
-9
-4
-3
-5
-5
-5
-3
-4
-3
-2
-2
-3
-1
-1
0
1
2
3
6
8
5
7
8
11
14
9
12
15
15
18
12
16
20
25
26
26
25
27
27
26
26
24
29
27
28
24
22
28
23
19
20
20
19
19
21
22
21
25
20
18
22
19
19
23
23
15
20
19
17
17
16
8
9
12
9
4
-1
-2
-5
-4
-5
-4
-5
-4
-4
-1
-5
-2
-3
-8
-5
-7
-8
-8
-9
-8
-6
-8
-7
-7
-3
-2
-5
2
-4
-7
-5
-9
-9
-8
-10
-8
-10
-9
-4
-3
-7
-5
-7
-6
-2
-2
-5
-3
-1
-2
-1
2
3
1
0
1
2
6
5
1
0
-1
2
3
-4
-2
-2
-4
-5
-7
-9
-9
-11
-9
-13
-13
-10
-10
-8
-11
-5
-12
-9
-11
-9
-8
-7
-3
-7
-8
-5
-1
1
-1
-5
-3
-2
0
1
-4
-5
-4
-3
1
-4
-6
1
1
-2
0
-4
-2
-1
2
7
6
9
10
6
6
9
8
10
8
6
3
4
4
7
1
2
3
8
13
9
8
5
10
12
14
10
14
8
8
11
13
12
7
10
6
8
6
7
3
2
6
7
2
5
8
6
10
11
13
8
12
13
12
15
13
15
16
16
14
12
14
11
10
10
8
11
7
4
4
4
0
-2
1
1
2
2
-1
-3
-5
-6
-6
-3
-2
-3
-4
-6
-4
-6
-7
-6
-9
-5
-2
-1
-5
-6
-2
-3
-4
-2
-3
-6
-7
-6
-8
-9
-10
-7
-5
-5
-7
-3
-1
1
3
-4
-2
-7
-6
-6
-2
2
2
1
-6
-4
-3
-6
-9
-2
-6
-13
-11
-10
-9
-13
-14
-15
-13
-11
-16
-14
-14
-14
-14
-16
-20
-21
-21
-23
-18
-18
-18
-15
-14
-12
-11
-9
-6
-9
-10
-1
2
-2
0
2
4
3
1
1
2
-1
-1
-1
-2
-6
-8
-7
-4
-7
-9
-10
-10
-8
-8
-10
-7
-7
-11
-11
-9
-8
-8
-5
-7
-5
-7
-8
-7
-8
-2
-5
-8
-9
-5
-4
-3
-1
-2
3
0
-6
-2
0
-1
-4
-8
-4
-2
-5
-5
-5
-2
1
-1
-2
-1
-2
-1
0
1
-2
0
1
2
3
0
-1
-1
2
2
3
0
1
1
-1
1
2
1
0
-1
-4
-6
-5
-6
-9
-13
-15
-14
-13
-13
-15
-20
-19
-17
-21
-18
-16
-17
-17
-17
-20
-21
-22
-22
-21
-21
-22
-21
-21
-26
-20
-22
-19
-20
-21
-16
-17
-19
-19
-17
-18
-20
-19
-16
-18
-13
-15
-20
-14
-13
-14
-15
-14
-14
-14
-12
-8
-11
-8
-5
-8
-8
-12
-11
-8
-9
-14
-11
-10
-11
-8
-11
-13
-15
-15
-11
-15
-9
-11
-12
-12
-16
-14
-17
-15
-13
-13
-14
-14
-14
-13
-14
-14
-13
-15
-15
-12
-11
-10
-8
-8
-7
-5
-5
-5
-6
-5
-8
-5
-2
-5
-10
-9
-10
-10
-12
-11
-7
-8
-7
-7
-7
-2
-7
-2
-5
-5
-3
-1
4
3
2
1
2
-4
-4
-4
1
1
3
4
1
6
8
9
7
9
8
12
9
12
10
5
4
4
9
7
2
0
2
0
3
6
8
9
7
5
6
4
4
4
0
1
-7
-4
-2
-4
-5
-4
-8
-4
-6
-5
-7
-6
-6
-11
-3
-3
-7
-8
-8
-4
-10
-11
-10
-12
-11
-10
-12
-10
-17
-14
-18
-20
-13
-17
-16
-18
-14
-16
-14
-14
-18
