-9
-5
-11
-7
-7
-8
-5
-11
-9
-8
-7
-9
-9
-8
-9
-5
-8
-6
-6
-6
-1
-5
-5
-3
-1
-1
0
-4
0
-2
-5
-8
-10
-11
-14
-9
-11
-9
-12
-12
-7
-8
-17
-10
-9
-8
-10
-17
-14
-10
-7
-9
-9
-7
-10
-3
-10
4
13
-17
14
27
-5
11
26
1
4
10
-15
-17
-2
-21
-26
-16
-27
-26
-15
-24
-25
-13
-18
-17
-6
-6
-1
7
2
1
10
4
4
7
3
2
6
0
-2
3
0
2
2
1
2
4
3
5
8
6
6
6
8
6
6
8
7
8
4
9
4
3
1
-1
4
9
4
5
5
3
6
3
-1
0
3
2
-2
0
0
-4
-2
-4
-7
-9
-10
-5
-5
-5
-5
-9
-7
-6
-10
-5
-8
-13
-10
-14
-11
-14
-13
-8
-15
-12
-13
-11
-7
-9
-11
-6
-6
-9
-8
-8
-9
-2
-5
-9
-1
-8
-10
-12
-9
-7
-13
-10
-12
-10
-10
-13
-9
-13
-15
-17
-15
-17
-18
-18
-24
-24
-25
-25
-24
-26
-22
-16
-21
-24
-28
-17
-22
-24
-19
-21
-22
-18
-17
-21
-12
-11
-10
-10
-6
-6
-5
-11
-6
-7
-9
-8
-9
-10
-10
-7
-11
-6
-11
-10
-9
-14
-17
-15
-16
-16
-16
-13
-13
-16
-9
-14
-16
-11
-11
-11
-12
-10
-14
-10
-12
-6
-9
-11
-4
-8
-7
-11
-11
-14
-8
-10
-14
-14
-7
-7
-10
-9
-4
-8
-7
-4
-2
-3
-5
-3
-4
-3
-4
-7
-3
-1
0
2
1
0
5
2
0
6
2
-1
0
-2
-2
-2
-3
-4
-3
0
-2
0
-2
-1
-3
3
3
-1
-1
-3
2
-1
3
3
1
2
4
2
-2
3
-1
4
6
4
5
0
1
3
2
1
-3
-4
-3
-4
-4
-7
-2
-5
-3
0
-5
-2
0
-4
-4
0
2
-1
-4
-1
-2
-4
-3
-8
-6
-9
-7
-8
-7
-2
-4
0
-2
-2
1
0
2
2
1
-1
5
8
3
4
6
6
6
7
6
5
4
5
1
4
4
5
7
3
3
4
2
2
7
4
4
2
4
6
1
4
2
0
0
-3
-4
-3
-6
-5
-4
-5
-4
0
-1
-2
-2
-10
-4
-6
-6
0
-4
-2
0
-2
-1
-2
1
3
2
10
7
3
6
9
5
8
9
8
9
8
10
10
7
5
10
5
0
0
-2
-3
1
-3
-5
-8
-6
-2
-7
-1
-6
-10
-7
-5
-4
-5
0
0
4
6
1
2
4
3
0
0
-3
-1
-5
-9
-9
-11
-11
-14
-13
-12
-11
-7
-8
-7
-6
-2
-4
0
-1
1
4
1
0
1
0
-1
2
0
2
2
0
1
-2
-2
1
1
-4
-3
-2
-6
0
-1
-4
-5
-5
-5
-4
4
3
4
8
4
7
4
8
6
7
8
6
7
4
6
4
0
8
3
4
5
8
6
6
10
6
13
6
8
9
8
9
8
8
1
4
10
2
0
10
1
4
13
2
5
11
7
3
6
4
1
5
1
1
0
5
1
1
4
7
1
0
9
3
1
6
0
-1
5
4
2
5
4
2
-1
0
-3
-5
2
3
1
3
8
-1
0
5
-1
0
3
-4
-4
2
2
2
3
1
0
1
-1
-2
-1
-4
-2
3
3
5
0
-5
0
0
-9
-3
-4
-8
7
-2
-9
-1
1
-9
2
1
-8
4
4
0
5
9
2
8
8
4
7
8
5
8
9
7
11
15
12
12
13
12
8
11
11
4
10
10
7
12
6
1
14
1
1
10
0
-1
11
-1
3
15
-5
4
7
-7
5
7
-6
5
6
-4
7
5
-1
0
2
4
3
3
-2
-4
-6
1
-3
0
7
-1
-2
3
-8
-7
0
-1
-4
-7
-2
-5
-7
-2
-3
-2
2
-10
1
9
-11
0
10
-4
1
7
-6
-2
11
-5
-4
4
-3
-4
4
-4
-3
5
0
4
8
-2
-1
5
-7
-7
1
-2
-5
-2
-4
-3
-1
7
0
3
12
3
0
11
4
6
16
-4
4
8
-8
7
5
-6
6
5
-4
12
8
-2
10
3
9
12
4
12
8
-2
12
8
1
8
6
3
8
0
1
7
-4
1
12
-3
1
8
-2
3
3
2
7
2
3
9
9
11
13
3
3
8
4
9
9
2
8
1
-1
0
-10
2
-4
5
0
-7
0
1
-7
-7
2
-9
-1
5
2
0
3
3
-8
-1
3
-6
3
2
3
6
10
4
6
7
2
7
2
3
13
2
3
17
0
-1
12
-3
1
-1
0
9
4
0
5
1
1
5
-7
-6
-6
-5
-2
-9
-2
2
-2
-1
4
-1
-12
-3
-1
-16
-4
2
-12
-3
2
-10
-6
1
-8
-9
3
-2
-3
8
-2
0
6
0
-4
10
5
-7
7
7
-8
-1
3
-5
4
-3
-6
0
-8
-5
3
-11
0
2
-7
4
3
-9
6
8
-1
-2
-2
-3
-12
-6
-4
-8
5
1
-7
-1
-6
-8
-1
-13
-14
2
-9
-10
6
-17
-10
2
-23
-9
8
-15
-7
5
-15
-2
4
-7
3
9
-6
0
6
-10
-8
4
-1
-4
-3
-1
0
-5
-5
-7
-5
-7
-6
-6
4
-7
-9
8
-2
-4
8
4
-2
13
10
0
13
4
-1
14
2
4
15
2
2
12
1
-2
4
9
9
-3
8
6
-1
12
16
6
13
17
10
20
17
4
14
9
4
16
3
14
17
7
20
22
8
18
18
9
18
7
11
20
8
16
20
16
17
20
26
10
14
25
18
18
24
17
17
22
15
19
23
11
16
16
11
14
14
-1
9
12
4
7
8
15
13
12
14
9
18
15
7
20
14
9
16
13
5
9
10
7
1
9
6
-2
11
8
4
14
10
4
22
17
11
19
12
10
19
12
9
17
11
12
14
-1
3
12
-3
19
14
-3
24
10
-3
28
14
-1
24
17
-1
17
13
3
9
7
8
12
17
8
10
12
19
8
10
6
0
10
4
-3
12
12
0
17
13
9
15
3
6
7
3
6
5
8
5
4
10
8
1
6
4
3
9
-2
8
5
0
15
6
0
12
8
4
14
12
10
13
16
13
12
11
13
15
5
1
10
13
4
15
17
10
18
22
11
14
17
9
12
12
11
19
14
12
18
13
17
15
8
14
12
10
17
6
6
17
6
14
23
12
16
19
18
25
20
19
28
17
20
28
24
24
24
27
23
19
29
19
11
15
12
15
16
13
20
13
8
21
20
5
16
15
8
22
13
10
16
15
10
8
7
7
9
12
18
21
24
24
26
30
20
24
26
19
16
24
20
12
22
25
19
23
22
12
21
22
18
26
27
21
25
29
20
25
26
19
21
18
15
20
22
15
15
22
16
20
19
12
21
14
18
24
19
19
23
26
15
19
21
11
19
15
11
19
17
16
22
14
14
19
23
11
11
23
11
15
17
15
17
21
16
23
25
18
26
18
14
20
19
16
27
23
22
25
21
10
9
19
21
19
26
27
22
20
25
23
20
30
21
22
30
32
27
25
29
30
31
33
30
32
34
39
31
26
33
27
23
31
32
24
25
23
27
26
16
26
26
22
24
18
21
25
13
15
20
11
18
15
15
21
17
21
15
15
19
9
14
21
14
17
22
12
18
20
15
14
20
19
15
16
15
19
14
12
13
7
14
23
16
23
24
15
19
16
18
20
14
21
17
20
29
19
23
33
18
24
28
19
16
18
20
17
27
21
20
28
17
15
19
19
19
20
21
18
17
12
18
17
18
14
15
18
11
20
24
22
20
20
18
15
12
21
18
11
17
11
14
19
14
11
19
16
18
16
13
24
20
13
17
15
17
17
17
15
15
22
20
17
22
22
20
16
16
18
22
16
17
23
18
18
23
25
26
20
18
30
24
24
31
18
20
32
18
18
25
17
25
20
16
30
25
26
25
21
28
26
18
24
21
22
27
22
27
24
20
28
20
22
21
17
22
23
16
23
24
11
22
16
9
14
16
7
15
20
16
15
17
13
7
12
23
15
13
27
19
11
20
15
11
19
13
12
19
16
16
17
14
13
21
11
15
18
15
14
14
12
4
8
18
18
0
10
14
10
16
12
9
12
9
18
14
12
20
18
15
15
14
6
19
8
6
17
2
0
6
5
4
12
14
8
12
13
8
9
6
6
8
0
-2
11
2
3
14
4
7
7
-2
8
-1
-5
12
1
-6
9
-1
-2
6
-5
-3
6
-1
0
4
-2
3
-3
-3
3
-8
5
9
4
11
-4
8
11
3
8
6
6
17
5
3
13
2
6
6
4
10
12
10
9
16
10
11
16
24
16
15
25
11
19
25
15
12
18
19
13
9
12
18
8
15
16
6
10
7
10
8
7
10
8
6
12
16
0
7
6
4
13
7
0
2
11
9
-2
6
18
10
2
15
8
1
7
7
13
-3
-4
6
-6
-7
14
5
-7
-1
-5
-1
2
-14
1
-3
-12
-4
-3
-4
4
3
-6
1
-4
-8
-6
-2
0
-6
-7
-1
-1
-7
1
-5
3
-3
-8
5
-14
-2
13
-9
-11
7
-8
-3
5
-5
2
11
-2
-1
0
0
7
-4
-4
-6
-8
1
-6
4
5
-5
6
5
-3
-4
8
-2
-5
4
-8
-11
-1
-10
-16
-9
-8
-12
-12
-12
-8
-11
-16
-9
-3
-5
-21
-7
-1
-15
-10
-1
-12
-4
9
-10
-1
-7
0
3
-19
5
7
-11
5
2
-7
-4
0
0
0
-1
-4
-8
-8
4
-5
4
2
-2
10
4
3
-1
-9
13
6
1
15
6
-2
9
22
-8
9
13
-4
14
11
0
10
-1
14
6
3
16
5
9
16
5
10
15
2
16
5
4
18
2
3
13
1
13
9
4
6
6
6
-1
0
8
1
12
13
0
6
-6
-13
-14
-4
9
-14
-2
-1
-7
-1
-7
12
-5
-17
1
0
-2
-7
-7
3
-7
-5
10
-7
-4
12
3
1
11
-2
-1
10
-2
0
-6
1
11
-21
1
5
-12
-3
-10
-5
-10
3
0
-21
4
5
-13
6
-3
-2
14
-1
-3
3
-5
2
-2
-8
4
-12
-1
2
-8
2
1
3
-2
-11
6
5
-7
-3
-2
3
-4
-4
-5
-2
1
-10
-6
0
-7
-8
-12
-3
-8
-22
-8
-3
-18
-4
-6
-2
-8
-18
8
-15
-12
8
-10
-14
10
-2
-9
-6
1
-4
-17
4
-8
-18
4
-7
-15
9
-8
-7
7
-7
1
-3
2
8
-6
-5
6
8
-13
-3
12
-2
-4
14
1
-2
16
6
9
16
4
4
13
18
6
1
13
8
16
11
10
19
1
26
3
2
17
-11
15
-1
11
9
-5
18
6
6
9
6
15
-5
-5
4
2
6
-7
2
13
1
11
9
7
6
8
19
1
7
17
4
8
8
9
4
6
6
0
21
2
4
25
6
5
9
19
6
-1
5
4
4
6
9
4
24
10
-2
18
9
3
14
-4
-7
15
8
-4
0
9
3
1
-4
4
-8
2
-1
-13
20
3
-8
4
10
12
-2
-12
6
-14
-12
7
-1
-8
13
6
-2
-2
1
18
-19
-2
8
-14
0
2
12
2
-6
15
-3
12
-1
-13
6
-6
-11
-2
-5
-24
4
2
-7
-6
-7
8
2
2
-13
6
19
10
21
-6
18
8
-2
23
-5
-14
15
6
0
1
13
2
-2
27
-8
5
11
13
14
1
18
16
24
11
24
15
4
27
-7
16
24
7
12
14
24
33
-2
9
24
13
24
15
19
16
32
45
97
90
40
38
3
-15
14
-31
-48
-19
9
95
-39
-35
12
-13
-20
-27
-10
-14
1
13
-3
15
15
18
3
41
110
22
-16
104
96
-13
-9
-15
13
-1
-15
-16
-29
-27
0
-36
-29
-20
-10
-1
-15
-9
8
0
-10
17
3
18
14
21
24
24
32
18
-4
6
27
-2
-6
8
12
7
12
3
1
18
0
-12
1
3
-8
-15
-8
-7
-13
-9
-10
-15
8
-8
10
7
-17
7
-6
0
-21
1
1
35
50
11
6
6
-11
-2
-19
-35
-23
-20
-22
-16
-29
-34
-27
-24
-14
-14
-5
-25
-17
-5
-15
-5
-11
0
4
9
13
6
-1
9
-6
-10
-5
-6
-14
-10
-4
-18
-14
-14
-14
-1
-14
23
26
-11
-11
4
-13
-9
-10
-18
-12
-29
8
3
-22
-1
4
-27
-3
-33
-9
-10
-15
2
-17
-5
-4
-6
-2
-1
7
-8
-4
4
12
4
-20
1
11
-1
-7
11
21
13
19
14
-4
5
-9
1
6
4
10
-13
-14
-2
-2
-22
-23
3
-2
-12
3
5
-9
-3
8
7
-1
-8
-3
-4
-13
-1
6
6
-6
19
2
1
5
2
-12
1
-4
-24
2
-2
1
-14
-6
4
-12
-17
-10
-13
-6
45
56
40
37
48
51
22
16
6
-7
-36
-33
-22
-41
-50
-56
-66
-51
-48
-47
-23
-14
-7
-12
-11
-4
13
5
-7
-2
8
6
-10
-8
-16
-19
-21
-25
-30
-27
-9
-21
-35
-36
-25
-29
-33
-24
-26
-8
-5
10
-7
-3
0
1
10
8
-12
-3
8
-11
-17
-26
-15
-23
-23
-31
-25
-20
-16
-2
-4
-8
-11
-5
-7
-18
-19
-11
-12
-9
12
2
4
5
6
6
1
4
-7
-13
-3
-11
-16
-8
-4
-2
-3
10
20
14
16
3
12
13
-1
-4
-10
-3
-1
8
10
9
7
4
5
13
5
2
-3
-2
0
10
16
19
15
14
22
17
16
27
26
18
12
6
-6
-16
-21
-30
-33
-26
-25
-19
-25
-15
-9
-15
-17
-25
-28
-33
-37
-44
-34
-39
-40
-34
-30
-30
-31
-30
-45
-53
-54
-64
-69
-69
-67
-58
-52
-53
-59
-61
-66
-71
-79
-84
-83
-84
-97
-104
-106
-106
-107
-115
-99
-68
-39
-6
37
86
141
186
223
251
274
284
278
254
220
184
143
98
49
8
-20
-41
-66
-75
-91
-87
-96
-101
-92
-95
-91
-84
-77
-66
-47
-21
21
53
94
135
163
199
224
235
238
229
215
198
167
144
113
77
37
14
-15
-40
-57
-81
-98
-115
-120
-118
-125
-123
-105
-85
-68
-47
-28
1
20
26
33
30
29
16
1
-18
-36
-60
-79
-95
-109
-114
-122
-131
-128
-117
-117
-105
-101
-94
-85
-72
-64
-66
-71
-76
-86
-97
-104
-116
-120
-130
-143
-158
-163
-165
-172
-178
-189
-193
-192
-187
-181
-148
-83
10
104
185
271
365
439
485
502
480
438
373
285
186
81
10
-66
-135
-176
-203
-203
-188
-181
-179
-183
-173
-164
-162
-143
-126
-85
-42
12
80
147
231
296
340
363
361
345
291
225
146
64
-16
-92
-147
-182
-197
-200
-192
-192
-178
-163
-150
-148
-152
-143
-125
-98
-61
-5
63
140
219
277
326
363
376
359
308
252
185
111
45
-21
-69
-101
-125
-134
-130
-127
-113
-109
-110
-107
-107
-99
-82
-65
-44
-14
21
63
97
113
118
111
88
43
-9
-59
-107
-152
-193
-216
-228
-227
-211
-192
-175
-155
-136
-124
-118
-112
-114
-118
-119
-126
-133
-143
-146
-151
-157
-164
-172
-170
-182
-200
-207
-204
-204
-189
-121
0
134
231
324
434
528
588
588
543
480
385
272
138
16
-75
-144
-203
-255
-271
-255
-228
-215
-217
-213
-197
-178
-163
-136
-85
-17
61
145
221
315
399
454
464
436
399
333
242
133
25
-76
-158
-225
-280
-304
-300
-277
-258
-244
-232
-204
-171
-150
-139
-113
-69
-14
58
131
226
322
401
443
462
462
438
387
295
188
85
-6
-78
-143
-189
-208
-199
-182
-159
-127
-94
-57
-40
-26
-7
21
53
81
105
130
159
176
173
156
126
78
21
-50
-117
-173
-215
-238
-256
-255
-232
-202
-174
-144
-118
-102
-83
-70
-63
-56
-46
-43
-42
-41
-45
-59
-84
-109
-148
-192
-229
-252
-269
-273
-264
-258
-253
-239
-219
-197
-161
-72
77
214
323
401
503
607
651
636
577
490
380
248
96
-49
-142
-208
-283
-338
-369
-348
-306
-283
-266
-258
-213
-160
-117
-52
32
132
225
307
378
445
502
512
472
391
306
205
93
-26
-142
-229
-298
-353
-385
-380
-352
-318
-281
-250
-220
-170
-105
-49
-12
39
111
190
256
315
382
439
467
446
393
337
275
185
84
-21
-114
-169
-196
-225
-234
-207
-170
-130
-99
-53
1
58
104
129
163
205
231
238
229
211
184
148
92
27
-38
-92
-147
-199
-234
-244
-242
-232
-213
-190
-156
-121
-93
-72
-52
-30
-19
-7
2
4
5
5
-19
-48
-66
-95
-122
-166
-214
-254
-280
-291
-304
-300
-281
-242
-207
-191
-170
-146
-121
-115
-113
-35
137
313
415
471
573
682
717
652
536
405
255
72
-126
-277
-347
-363
-386
-415
-398
-331
-245
-186
-172
-158
-109
-49
2
71
187
311
413
473
500
522
521
464
339
182
41
-87
-204
-305
-368
-397
-391
-394
-383
-342
-278
-212
-160
-115
-75
-5
86
174
232
286
349
377
370
353
349
337
274
174
77
17
-30
-85
-144
-192
-210
-206
-198
-186
-155
-98
-43
2
60
134
218
284
297
285
270
253
213
145
75
7
-52
-103
-160
-194
-206
-202
-217
-233
-223
-207
-179
-155
-135
-101
-58
-13
24
57
88
101
99
75
38
8
-8
-34
-78
-113
-133
-149
-169
-204
-242
-267
-284
-300
-305
-285
-239
-183
-131
-72
-43
-21
-14
-30
-55
-84
-46
92
288
403
453
532
650
678
578
425
276
119
-76
-263
-384
-398
-361
-341
-327
-290
-230
-156
-113
-109
-112
-71
2
72
162
304
450
536
555
525
479
413
301
129
-38
-162
-259
-318
-345
-346
-313
-272
-267
-278
-247
-179
-119
-63
-3
65
145
247
340
385
390
381
330
252
177
121
88
36
-28
-101
-114
-103
-109
-132
-153
-162
-152
-117
-73
-13
69
153
204
243
277
285
276
224
147
63
10
-17
-47
-61
-67
-80
-99
-122
-148
-172
-182
-186
-197
-175
-123
-60
6
56
86
100
96
65
20
-15
-46
-72
-89
-86
-69
-48
-17
-18
-48
-85
-133
-190
-246
-290
-325
-348
-342
-324
-285
-216
-141
-85
-51
-17
-12
-29
-61
-99
-133
-167
-162
-18
252
475
535
543
633
676
551
323
136
11
-133
-297
-397
-366
-254
-199
-218
-227
-211
-185
-161
-143
-128
-52
84
217
328
470
606
653
578
426
286
175
66
-72
-180
-223
-235
-239
-243
-249
-263
-286
-337
-405
-406
-298
-150
4
165
311
409
470
501
459
351
221
100
-21
-93
-105
-51
11
19
-15
-65
-75
-109
-164
-202
-206
-166
-81
43
169
284
365
379
329
264
200
144
84
24
-31
-42
-15
0
-14
-50
-107
-181
-242
-279
-268
-216
-139
-65
5
81
140
156
132
71
-1
-61
-98
-104
-92
-61
-48
-50
-62
-98
-143
-187
-224
-260
-282
-256
-216
-167
-124
-99
-104
-128
-142
-152
-140
-127
-98
-73
-39
-6
13
6
-51
-135
-233
-314
-388
-365
-130
232
475
501
521
642
673
487
213
58
6
-86
-218
-234
-83
60
26
-110
-200
-246
-287
-327
-327
-253
-99
87
247
381
519
607
554
371
174
70
40
-5
-62
-61
-30
-43
-101
-173
-253
-335
-415
-479
-482
-361
-144
69
229
360
421
393
327
267
198
104
34
28
48
74
127
167
131
11
-135
-238
-299
-308
-284
-220
-104
20
126
208
270
281
231
180
143
123
146
170
170
131
89
33
-49
-125
-195
-242
-264
-250
-203
-115
-21
21
37
32
5
-31
-56
-57
-49
-32
-1
17
34
50
29
-25
-92
-154
-220
-253
-234
-196
-159
-122
-116
-126
-129
-143
-171
-194
-198
-190
-171
-138
-118
-99
-58
-58
-86
-148
-188
-223
-257
-286
-320
-222
46
386
548
528
521
605
603
409
183
111
137
60
-117
-195
-93
-41
-180
-363
-412
-353
-324
-304
-198
-9
170
270
308
358
443
498
441
314
211
205
222
160
56
-11
-72
-215
-392
-485
-478
-434
-408
-370
-276
-120
43
149
219
278
305
269
232
259
323
343
290
219
168
100
-6
-75
-113
-168
-244
-284
-253
-192
-99
-27
3
42
107
172
216
258
282
293
295
269
230
211
179
90
-22
-91
-122
-137
-142
-156
-165
-157
-151
-146
-115
-60
-20
-11
-10
-9
-4
4
2
-27
-50
-57
-75
-83
-63
-66
-92
-118
-147
-177
-179
-146
-115
-74
-39
-39
-56
-66
-80
-123
-171
-214
-242
-242
-204
-169
-125
-59
-35
-56
-90
-100
-146
-215
-271
-338
-366
-236
136
545
698
591
523
590
537
258
20
66
194
119
-71
-90
65
54
-218
-481
-493
-409
-406
-375
-187
95
266
263
221
252
334
363
296
210
210
277
292
202
96
46
-45
-253
-452
-463
-351
-289
-290
-271
-181
-83
-32
-3
60
163
211
193
198
297
395
356
240
175
148
41
-80
-72
-17
-52
-154
-211
-198
-136
-88
-90
-55
37
103
120
151
202
243
271
275
244
248
289
257
142
31
-30
-92
-160
-200
-206
-160
-136
-154
-159
-133
-112
-135
-151
-149
-124
-71
-8
30
74
114
99
45
3
-20
-54
-72
-83
-98
-102
-92
-96
-111
-127
-166
-212
-241
-229
-211
-192
-174
-157
-139
-122
-114
-108
-81
-53
-52
-65
-82
-105
-137
-195
-260
-292
-237
27
401
617
539
410
455
496
326
97
112
291
316
116
-23
58
76
-186
-489
-514
-363
-314
-348
-245
-4
147
98
17
75
222
305
301
318
376
412
366
228
104
68
32
-123
-283
-286
-191
-180
-280
-340
-307
-268
-273
-243
-99
76
157
130
119
198
291
284
202
181
241
246
142
72
115
97
-41
-188
-210
-116
-62
-60
-62
-12
36
2
-46
-19
91
189
252
295
338
376
330
185
45
-8
-21
-63
-117
-112
-85
-95
-179
-265
-270
-252
-248
-230
-146
-46
6
27
38
73
104
109
98
101
122
107
46
-28
-84
-135
-192
-233
-217
-167
-149
-188
-233
-241
-251
-269
-268
-232
-162
-105
-83
-65
-30
-18
-50
-98
-92
-62
-54
-86
-138
-184
-192
-17
303
508
392
206
276
424
346
139
136
325
340
82
-114
-5
87
-148
-439
-399
-152
-105
-225
-220
-52
41
-52
-103
42
250
316
271
268
322
345
288
166
94
131
154
54
-93
-121
-87
-171
-322
-367
-272
-201
-224
-221
-104
26
29
-33
-23
108
243
263
229
275
374
310
103
13
127
190
69
-41
-8
83
46
-80
-144
-106
-71
-143
-157
-42
101
173
174
183
236
287
251
158
103
125
128
62
-4
-19
-21
-88
-184
-223
-185
-172
-225
-258
-213
-160
-144
-128
-85
-11
47
48
44
79
102
61
6
-11
-3
3
-49
-88
-93
-82
-122
-224
-284
-280
-251
-247
-240
-197
-135
-124
-166
-184
-144
-97
-95
-124
-115
-74
-60
-93
-152
-161
-51
222
477
480
313
283
427
458
306
221
342
412
212
-37
-25
115
-2
-336
-444
-255
-139
-253
-332
-198
-69
-137
-226
-75
189
299
244
230
298
344
331
293
267
271
259
164
36
-25
-33
-122
-281
-372
-314
-252
-280
-315
-264
-185
-177
-197
-141
13
162
215
189
210
315
345
231
151
213
297
269
181
167
186
118
-33
-127
-95
-79
-145
-189
-140
-50
-8
12
47
103
145
140
132
151
187
203
186
164
151
132
63
-37
-98
-104
-119
-177
-217
-208
-204
-230
-249
-215
-143
-82
-55
-29
35
90
89
52
30
40
29
-7
-43
-54
-49
-83
-166
-231
-226
-207
-220
-246
-244
-209
-191
-233
-279
-255
-185
-136
-123
-99
-62
-41
-65
-119
-133
-128
-36
236
522
519
281
222
383
445
315
243
362
421
180
-93
-52
128
5
-315
-381
-198
-153
-319
-371
-210
-91
-176
-226
-43
179
211
130
139
235
304
338
335
314
296
242
130
48
76
104
3
-186
-275
-246
-254
-315
-322
-238
-198
-244
-272
-218
-84
24
33
9
86
245
276
177
162
274
350
314
261
303
327
221
49
-10
43
17
-95
-144
-108
-73
-99
-127
-90
-36
-21
-43
-23
47
107
128
134
147
169
165
95
31
22
51
22
-54
-94
-105
-145
-227
-268
-216
-144
-136
-161
-158
-110
-84
-110
-129
-109
-70
-59
-59
-38
-6
-6
-54
-106
-117
-93
-68
-88
-126
-144
-153
-175
-225
-264
-257
-236
-231
-245
-237
-199
-173
-193
-238
-246
-67
285
478
331
127
243
512
523
380
400
560
479
113
-53
150
294
17
-310
-262
-80
-185
-439
-439
-253
-214
-360
-340
-73
90
4
-103
-21
142
242
291
327
363
354
265
174
185
275
283
116
-56
-70
-54
-140
-235
-217
-160
-203
-308
-362
-339
-259
-204
-212
-186
-54
97
97
17
68
214
268
256
310
418
435
322
223
256
322
255
124
94
105
24
-86
-137
-133
-133
-160
-166
-143
-115
-116
-136
-101
-35
29
63
49
46
93
139
143
128
119
77
-9
-69
-74
-47
-33
-68
-123
-164
-186
-183
-194
-214
-228
-227
-185
-147
-120
-113
-143
-176
-178
-153
-91
-52
-56
-77
-97
-89
-76
-51
-33
-68
-110
-138
-168
-155
-131
-123
-159
-206
-227
-188
55
311
288
67
40
278
433
357
301
432
503
294
60
177
399
278
-64
-159
10
40
-171
-297
-200
-152
-284
-367
-207
-23
-56
-182
-203
-99
26
106
145
187
235
227
160
133
228
312
227
73
45
122
103
-3
-52
-41
-69
-168
-267
-293
-245
-187
-207
-253
-202
-76
-50
-134
-137
-2
100
108
147
254
339
302
238
276
367
370
285
250
278
244
147
83
54
23
-25
-86
-125
-143
-170
-206
-202
-167
-119
-84
-79
-95
-70
3
52
68
66
59
46
33
32
54
84
70
-3
-71
-104
-107
-115
-149
-186
-197
-189
-179
-188
-212
-225
-238
-241
-230
-186
-143
-131
-137
-144
-139
-124
-113
-109
-97
-80
-86
-122
-158
-158
-141
-161
-200
-177
31
276
275
58
-13
218
418
381
318
426
520
352
107
158
380
361
64
-99
-7
36
-123
-254
-207
-141
-225
-336
-256
-99
-74
-168
-207
-124
1
83
116
137
191
212
185
173
248
330
273
132
73
120
125
67
41
41
-6
-95
-168
-222
-225
-182
-177
-219
-209
-128
-94
-139
-151
-68
33
76
75
128
202
230
230
252
323
343
304
287
300
296
265
214
173
136
88
38
-15
-67
-125
-151
-152
-140
-120
-113
-140
-155
-139
-103
-63
-21
11
-6
-48
-56
-22
26
50
56
55
29
-16
-45
-36
-26
-49
-78
-89
-88
-91
-103
-135
-167
-175
-182
-206
-218
-213
-204
-214
-244
-230
-193
-171
-174
-173
-158
-173
-210
-213
-182
-148
-150
-139
42
271
268
76
38
264
449
425
379
449
504
339
144
214
399
353
111
-16
31
20
-118
-217
-189
-174
-278
-366
-300
-185
-166
-219
-253
-204
-104
-12
35
61
121
156
139
155
253
347
311
188
147
185
194
170
167
172
122
23
-80
-158
-164
-139
-178
-228
-214
-153
-154
-212
-212
-140
-92
-96
-77
18
124
146
142
178
248
285
281
311
348
350
327
290
278
269
233
186
142
103
56
-2
-50
-79
-86
-119
-178
-204
-175
-157
-173
-171
-119
-85
-113
-138
-101
-33
1
10
29
61
65
32
13
28
30
24
-7
-23
-27
-34
-68
-110
-127
-150
-192
-228
-244
-248
-241
-259
-262
-247
-237
-241
-232
-199
-191
-201
-202
-173
-134
-116
-136
-121
59
266
280
117
102
288
403
342
310
429
513
370
205
276
415
342
120
49
120
92
-34
-118
-126
-157
-263
-327
-273
-191
-169
-224
-298
-309
-231
-115
-63
-31
55
100
51
36
131
248
259
203
204
232
236
218
201
190
173
136
62
-22
-34
-22
-93
-192
-190
-112
-112
-187
-207
-167
-154
-180
-170
-67
39
51
19
44
122
165
183
222
263
296
308
297
288
303
305
275
235
209
190
141
61
0
-20
-45
-100
-138
-138
-145
-176
-201
-201
-202
-214
-224
-212
-169
-121
-93
-73
-45
-17
11
24
21
30
48
48
22
21
26
23
-16
-58
-74
-99
-134
-175
-203
-222
-252
-271
-250
-244
-246
-240
-233
-229
-224
-202
-174
-158
-161
-170
-103
84
232
204
101
153
307
349
303
342
455
473
330
245
338
403
294
141
121
171
129
35
-15
-47
-117
-218
-256
-209
-154
-144
-210
-297
-309
-252
-184
-161
-110
-25
-18
-78
-70
27
108
120
123
172
218
240
235
216
201
194
173
125
94
117
106
-10
-106
-104
-71
-96
-138
-126
-108
-127
-171
-184
-120
-53
-53
-60
-18
31
55
61
84
118
171
212
211
235
261
265
236
210
210
227
205
148
108
95
50
-27
-60
-64
-75
-103
-126
-150
-171
-205
-244
-251
-219
-178
-164
-146
-136
-117
-101
-97
-70
-39
-13
-10
-10
9
10
-7
-27
-23
-17
-33
-62
-87
-111
-150
-189
-202
-191
-195
-207
-209
-207
-218
-225
-218
-209
-197
-105
79
181
120
51
153
293
316
312
396
481
419
300
295
395
404
284
186
195
201
144
89
58
22
-36
-121
-175
-154
-109
-106
-178
-236
-216
-167
-161
-176
-128
-51
-53
-84
-44
40
67
29
24
68
134
190
201
200
205
192
133
76
107
179
161
59
9
40
38
-37
-79
-40
-12
-37
-79
-71
-34
-46
-90
-82
-7
36
23
14
34
57
63
65
78
117
157
161
153
172
194
195
156
121
138
158
120
60
42
39
4
-54
-77
-68
-68
-120
-174
-173
-151
-168
-216
-232
-196
-166
-167
-174
-142
-90
-88
-118
-123
-54
-3
-22
-50
-33
-3
-16
-60
-74
-61
-74
-121
-152
-146
-143
-172
-236
-267
-258
-249
-263
-244
-112
41
82
15
20
136
228
232
264
385
471
430
358
378
425
382
280
244
268
260
199
141
92
47
-11
-72
-104
-91
-67
-115
-191
-207
-150
-117
-154
-165
-114
-74
-86
-84
-21
40
41
24
32
72
107
117
117
138
183
204
176
156
166
165
115
74
94
135
112
57
25
25
28
-5
-21
-7
10
3
-15
-15
5
1
-14
-21
-8
33
59
59
64
76
91
89
84
106
138
146
140
155
176
166
123
81
67
55
31
28
29
14
-34
-87
-118
-118
-120
-134
-153
-157
-162
-180
-195
-199
-180
-167
-170
-162
-126
-92
-88
-104
-101
-78
-73
-82
-83
-68
-71
-90
-114
-116
-118
-144
-174
-199
-207
-208
-205
-203
-167
-66
35
55
28
71
162
192
182
230
324
360
325
309
363
385
325
246
229
222
178
136
110
90
44
-14
-68
-95
-91
-103
-141
-165
-153
-137
-144
-152
-118
-67
-55
-79
-69
-27
4
14
21
50
95
123
116
97
102
124
113
99
120
174
176
115
63
76
92
66
43
63
105
97
62
39
44
44
18
1
26
53
51
29
19
27
32
25
11
28
57
71
74
86
102
101
90
76
92
118
126
123
123
121
99
65
47
34
12
-16
-34
-50
-69
-90
-109
-112
-119
-134
-140
-146
-151
-166
-170
-168
-155
-140
-133
-124
-112
-91
-94
-101
-112
-109
-105
-109
-106
-108
-112
-124
-138
-161
-177
-188
-191
-199
-179
-98
6
56
43
75
148
178
157
190
262
298
283
282
324
349
315
248
219
208
162
109
81
59
23
-20
-57
-84
-94
-106
-153
-188
-188
-173
-161
-161
-140
-109
-98
-97
-72
-30
-5
-11
-6
13
37
67
92
110
120
123
109
70
60
81
76
50
47
81
103
78
43
50
60
40
23
28
45
38
15
15
35
48
30
10
6
3
-5
3
16
24
28
25
22
39
54
51
55
62
74
82
81
78
82
81
74
76
72
61
39
19
7
2
-2
-13
-35
-65
-92
-108
-114
-118
-116
-123
-128
-142
-151
-141
-125
-120
-132
-117
-92
-75
-70
-73
-76
-85
-100
-100
-91
-87
-88
-110
-138
-160
-166
-162
-170
-154
-89
-8
30
35
87
170
201
173
192
251
278
265
268
320
351
318
271
267
264
225
171
129
93
56
20
-12
-34
-40
-57
-102
-138
-144
-140
-160
-183
-179
-144
-127
-122
-100
-62
-37
-35
-30
-12
10
24
33
45
65
103
119
116
112
113
102
61
41
54
75
75
64
66
72
71
57
48
43
26
1
-4
4
6
-3
-10
1
8
4
-1
-3
-15
-22
-17
-4
13
25
25
25
26
42
61
60
48
43
47
47
46
55
60
53
42
28
22
21
1
-20
-34
-47
-64
-83
-97
-105
-112
-127
-136
-136
-130
-136
-146
-142
-128
-121
-123
-111
-96
-99
-114
-121
-113
-106
-112
-112
-103
-103
-117
-128
-136
-138
-130
-81
-6
37
57
100
165
190
187
215
252
254
230
241
282
300
279
256
253
240
203
163
143
119
76
35
9
-13
-24
-39
-65
-94
-91
-93
-110
-122
-123
-109
-112
-110
-88
-58
-45
-45
-25
9
27
35
42
52
69
72
80
80
91
109
108
90
83
88
80
63
54
73
93
89
76
78
84
71
55
51
54
43
11
-12
-14
-8
-5
-10
-11
-10
-9
-17
-21
-21
-20
-20
-26
-17
5
20
19
16
18
20
16
12
6
10
4
8
12
18
25
19
14
5
2
-13
-24
-42
-62
-85
-98
-97
-109
-119
-123
-130
-145
-152
-154
-149
-142
-147
-154
-152
-150
-142
-144
-148
-143
-131
-137
-143
-145
-141
-147
-147
-105
-37
10
23
74
140
179
184
201
241
258
240
231
249
258
247
233
235
236
215
187
157
124
89
61
29
12
-9
-29
-51
-60
-53
-51
-68
-89
-94
-92
-97
-110
-101
-86
-76
-72
-54
-24
-1
12
27
44
61
80
88
90
86
87
79
79
91
110
122
114
111
113
125
122
116
109
108
87
71
76
79
63
39
33
26
13
1
-9
-11
-13
-27
-36
-28
-20
-20
-27
-26
-19
-10
-3
-1
-2
4
7
2
-5
-7
-9
-10
-2
8
20
30
29
21
20
15
9
3
0
-13
-31
-45
-61
-84
-98
-109
-124
-142
-153
-160
-171
-187
-193
-200
-198
-195
-194
-191
-187
-180
-177
-173
-174
-166
-151
-153
-153
-121
-63
-19
4
45
112
164
181
203
234
248
237
230
239
242
220
198
187
179
167
142
123
98
70
39
6
-19
-42
-61
-84
-101
-97
-91
-89
-92
-87
-72
-74
-77
-75
-66
-71
-84
-88
-70
-51
-36
-22
0
24
35
49
56
65
68
74
69
66
74
87
89
98
121
137
147
146
138
136
125
106
88
67
43
21
10
-1
-8
-22
-18
-20
-25
-23
-22
-25
-35
-49
-50
-48
-34
-23
-15
0
8
14
19
21
24
17
9
-4
-9
-7
-4
-6
-2
8
15
24
21
18
11
-4
-22
-35
-46
-57
-72
-86
-102
-113
-117
-128
-129
-133
-145
-150
-162
-167
-174
-176
-171
-178
-177
-171
-160
-153
-146
-141
-135
-127
-121
-103
-68
-30
-16
8
64
113
141
159
192
207
205
201
215
219
200
172
146
133
113
95
81
76
58
41
27
7
-11
-41
-76
-95
-100
-101
-105
-104
-93
-87
-81
-77
-70
-60
-59
-67
-74
-72
-76
-74
-67
-56
-47
-37
-18
0
13
28
43
52
57
61
68
78
87
90
95
97
99
102
110
118
111
92
74
43
17
3
-6
-16
-32
-40
-43
-45
-42
-44
-45
-48
-53
-54
-55
-53
-52
-55
-48
-43
-32
-18
-12
-6
2
13
22
32
36
29
24
17
16
19
20
20
19
18
7
1
-5
-17
-37
-54
-72
-86
-103
-115
-129
-134
-141
-151
-149
-151
-145
-138
-129
-128
-127
-122
-122
-124
-113
-114
-107
-103
-92
-82
-79
-59
-37
-9
9
33
60
96
120
134
149
166
173
177
178
177
174
155
132
116
113
99
86
75
66
54
41
23
7
-7
-29
-43
-55
-54
-50
-57
-60
-57
-57
-61
-57
-61
-64
-66
-71
-72
-74
-77
-73
-73
-68
-60
-44
-34
-29
-11
4
19
31
45
60
67
72
76
76
81
82
83
86
88
83
74
47
33
15
0
-7
-24
-31
-37
-44
-53
-60
-62
-69
-68
-70
-72
-70
-68
-60
-58
-47
-39
-31
-24
-19
-7
6
10
11
17
25
21
25
25
23
26
15
10
-1
3
-7
-15
-21
-36
-51
-66
-74
-82
-97
-112
-118
-122
-122
-127
-129
-132
-127
-121
-116
-105
-102
-94
-88
-85
-79
-68
-60
-60
-52
-45
-41
-41
-40
-32
-22
-7
13
29
54
77
86
104
122
132
135
142
143
138
125
110
105
97
89
78
81
84
72
65
54
45
36
23
10
5
-1
-12
-22
-29
-36
-39
-39
-30
-30
-28
-33
-40
-41
-42
-46
-53
-51
-50
-45
-40
-32
-20
-12
-4
6
19
38
50
55
65
70
73
76
73
67
61
54
47
32
19
13
8
-8
-18
-28
-35
-43
-56
-61
-70
-80
-88
-85
-82
-82
-78
-74
-57
-46
-33
-26
-22
-10
1
8
11
18
13
12
11
6
1
-2
-2
-9
-8
-6
-13
-19
-26
-34
-45
-53
-70
-82
-83
-93
-94
-103
-102
-99
-94
-95
-94
-87
-85
-77
-77
-78
-76
-69
-69
-67
-64
-57
-48
-45
-38
-33
-25
-20
-22
-18
-10
-9
-7
-5
1
11
21
31
39
49
62
66
78
83
83
88
85
83
76
74
66
57
54
51
52
48
47
50
51
49
51
44
43
33
26
23
17
17
11
3
-1
-1
-4
-6
-9
-6
2
-1
-4
-5
-6
-7
-3
-4
-1
5
3
12
19
28
34
35
34
32
36
38
31
21
14
8
1
-2
-3
-4
-11
-17
-18
-18
-20
-24
-25
-25
-26
-27
-24
-13
-2
9
10
14
18
23
24
25
33
33
30
25
23
16
7
1
-6
-10
-13
-17
-19
-19
-23
-30
-33
-36
-38
-40
-40
-41
-39
-38
-44
-43
-41
-42
-41
-40
-36
-32
-35
-35
-28
-26
-25
-22
-26
-26
-26
-30
-30
-27
-26
-21
-19
-22
-18
-15
-14
-16
-11
-7
-2
-1
-9
-3
-6
-3
-4
-4
3
0
5
4
7
10
10
13
15
21
26
22
20
21
26
34
43
42
48
63
63
57
58
61
58
57
51
49
47
41
35
36
39
41
31
16
11
4
-1
-2
-13
-16
-17
-16
-15
-19
-19
-16
-16
-14
-10
-7
-6
-2
1
8
7
10
12
13
11
5
3
3
10
8
8
9
13
14
24
28
31
37
30
28
26
27
21
12
10
6
9
1
-3
-2
-9
-9
-8
-5
-1
-1
-3
-7
-6
-5
-3
-5
-2
3
6
9
11
16
22
27
28
32
33
32
26
21
19
20
16
11
9
5
7
0
-7
-5
-10
-14
-23
-21
-25
-38
-36
-37
-35
-33
-34
-32
-30
-25
-22
-15
-8
-1
2
6
8
9
13
15
20
26
26
29
28
30
32
37
37
37
42
43
48
48
48
47
46
46
43
39
43
39
37
39
36
36
33
30
30
21
15
2
-4
-2
-5
-10
-15
-16
-22
-14
-8
-9
-8
-8
-4
-9
-10
-11
-5
-8
-6
-4
-4
0
3
9
6
0
-2
8
15
12
13
16
12
15
17
22
25
27
33
29
32
32
30
26
30
32
29
30
27
28
21
25
24
25
29
26
27
29
26
29
28
25
27
31
30
36
36
33
39
41
42
42
40
40
34
34
32
30
24
24
20
13
12
7
5
-4
-8
-11
-13
-14
-21
-24
-19
-21
-27
-28
-26
-29
-32
-31
-31
-29
-27
-21
-17
-14
-7
-10
-5
4
5
9
8
9
6
4
4
6
7
8
16
16
25
26
33
33
35
34
35
39
37
38
34
36
34
34
31
32
26
19
18
12
10
7
-4
-13
-15
-19
-20
-20
-19
-21
-22
-16
-18
-13
-11
-8
-7
-3
-1
2
9
14
14
14
15
15
21
22
21
29
26
24
22
28
29
29
35
31
33
32
30
32
34
31
32
36
36
36
36
37
37
40
37
35
35
37
36
37
37
39
40
40
48
50
60
61
63
68
64
66
66
61
58
50
46
41
34
27
24
19
17
13
7
6
1
0
-4
-8
-11
-9
-10
-11
-11
-13
-9
-11
-9
-5
-3
-3
-5
0
3
5
4
9
11
6
4
7
12
13
9
14
14
15
17
16
20
20
22
21
27
31
26
26
23
24
26
27
25
27
28
30
21
20
23
20
19
12
13
8
7
2
-4
-4
-3
-6
-11
-15
-16
-10
-9
-15
-13
-9
-11
-10
-9
-13
-11
-9
-2
3
7
8
5
10
12
14
13
18
17
17
19
18
25
18
18
19
20
22
25
25
23
20
21
23
16
15
15
17
16
14
14
17
14
10
13
12
18
18
17
21
26
35
39
34
34
35
40
34
35
40
33
21
16
17
9
11
7
8
7
-1
3
-2
-2
-5
-11
-8
-5
-2
-10
-13
-14
-12
-13
-14
-10
-10
-8
-9
-6
-3
0
0
4
4
0
1
2
2
7
8
9
10
6
17
18
18
20
22
27
28
29
32
29
33
31
29
31
34
36
33
34
34
33
35
30
31
25
22
20
17
19
16
12
4
1
-2
0
-1
-2
0
-1
-4
-2
1
1
2
-2
2
1
3
3
6
7
8
8
11
14
17
19
21
23
26
26
23
25
28
32
34
29
33
34
31
25
24
25
28
25
23
25
22
19
18
19
16
15
15
13
16
18
20
21
22
20
21
22
19
19
15
12
11
10
11
3
-2
-4
-6
-4
-7
-11
-8
-7
-13
-12
-18
-25
-20
-24
-26
-25
-25
-33
-32
-31
-30
-27
-27
-30
-29
-20
-16
-18
-15
-12
-12
-11
-11
-10
-6
-5
-3
0
3
5
7
11
14
22
21
25
25
23
27
25
23
22
25
19
24
22
21
20
14
19
18
18
19
21
19
15
14
13
13
8
2
2
0
-3
-6
-2
0
-3
-9
-7
-4
-9
-2
-4
3
9
6
12
12
11
9
14
15
19
20
19
26
27
29
30
26
30
28
23
25
24
24
22
18
11
13
10
8
9
10
12
12
16
16
18
18
17
20
22
14
20
19
21
24
15
16
15
16
9
-1
2
-5
-3
-4
-11
-8
-11
-11
-13
-9
-11
-14
-12
-14
-11
-10
-13
-16
-13
-21
-26
-23
-22
-21
-20
-22
-24
-27
-25
-24
-27
-22
-23
-23
-27
-21
-20
-17
-12
-17
-22
-15
-4
-5
0
4
5
1
3
8
7
9
11
13
15
19
18
17
15
17
20
16
16
18
16
13
12
10
9
7
9
10
6
5
0
-3
-3
-6
-8
-7
-7
-9
-4
-7
-2
-5
1
-2
-1
4
5
8
5
9
4
11
11
10
15
17
17
20
23
21
25
27
23
26
29
26
25
22
23
21
23
29
25
23
28
27
25
29
29
32
29
26
31
33
32
29
29
32
26
30
27
27
27
24
23
22
20
17
13
7
6
0
-6
-10
-11
-16
-22
-25
-29
-27
-28
-31
-33
-32
-33
-31
-30
-30
-29
-31
-33
-28
-30
-25
-23
-25
-25
-25
-19
-18
-17
-18
-18
-14
-18
-20
-13
-12
-15
-8
-12
-6
-7
-9
-7
-4
-1
1
4
5
13
12
16
17
12
10
11
11
10
7
9
9
6
10
11
10
6
11
8
5
0
1
-1
-4
-2
0
-5
-9
-10
-12
-11
-23
-18
-17
-17
-14
-20
-21
-20
-21
-22
-18
-17
-13
-11
-1
-2
-2
0
-1
7
4
8
10
9
13
12
13
14
13
17
15
17
17
13
14
11
10
10
12
14
13
10
16
20
16
23
25
23
20
20
18
17
13
5
9
5
1
3
3
-2
-6
-10
-14
-16
-25
-25
-24
-28
-28
-28
-28
-32
-31
-31
-31
-28
-24
-25
-30
-27
-24
-26
-20
-21
-17
-15
-17
-14
-17
-12
-14
-16
-13
-11
-11
-10
-8
-13
-11
-8
-8
-1
-2
-3
-7
-11
-9
-8
-4
-6
-5
-5
-5
-1
0
-2
-3
-4
-5
-3
1
0
1
-4
-4
-1
-3
-3
-5
3
-3
-7
-2
-3
-2
-6
-4
-6
-10
-9
-6
-5
-8
-8
-10
-7
-12
-12
-14
-13
-15
-14
-13
-14
-7
-5
-8
-8
-10
-8
-5
-6
-2
2
3
4
3
8
7
8
3
4
4
7
5
4
5
8
6
4
5
7
10
7
10
9
10
8
10
9
5
4
-1
-5
-5
-9
-7
-12
-15
-12
-14
-16
-17
-19
-26
-27
-30
-38
-43
-42
-43
-44
-42
-44
-40
-39
-43
-44
-44
-45
-45
-43
-40
-39
-36
-32
-32
-29
-28
-27
-25
-24
-22
-19
-24
-19
-16
-18
-16
-18
-18
-20
-20
-17
-14
-14
-16
-15
-20
-23
-23
-22
-21
-22
-21
-20
-23
-20
-19
-19
-19
-22
-15
-16
-15
-16
-13
-13
-15
-15
-20
-17
-16
-12
-16
-15
-13
-12
-11
-14
-14
-13
-13
-14
-11
-8
-9
-9
-13
-12
-12
-11
-7
-9
-11
-7
-11
-13
-13
-8
-4
-9
-9
-6
-5
-1
-3
-3
-2
3
3
5
6
9
11
12
12
13
17
16
14
15
15
16
17
14
13
10
12
11
9
9
7
5
4
-2
-5
-6
-11
-12
-13
-18
-17
-18
-23
-27
-31
-34
-34
-42
-48
-43
-46
-44
-47
-45
-47
-49
-45
-45
-43
-38
-43
-42
-41
-39
-42
-36
-36
-37
-30
-32
-33
-28
-29
-26
-22
-22
-24
-20
-17
-16
-18
-13
-10
-15
-14
-15
-21
-22
-21
-23
-20
-18
-19
-18
-11
-17
-20
-21
-21
-16
-21
-17
-17
-22
-23
-21
-22
-24
-26
-26
-25
-29
-25
-22
-20
-24
-24
-22
-21
-19
-21
-19
-18
-21
-20
-17
-20
-19
-17
-15
-16
-14
-12
-13
-9
-7
-13
-11
-3
-3
-5
-4
-2
-5
-10
-6
-8
-4
-3
-6
-4
-6
-2
-3
-2
5
2
2
3
4
4
7
11
10
8
8
8
7
3
3
4
3
1
1
1
0
-1
-4
-6
-7
-6
-15
-18
-18
-19
-18
-19
-21
-21
-26
-26
-24
-29
-26
-24
-28
-27
-27
-24
-26
-29
-33
-28
-30
-29
-26
-27
-22
-23
-22
-22
-23
-22
-19
-10
-13
-12
-7
-8
-9
-10
-9
-16
-16
-15
-19
-21
-23
-16
-22
-23
-17
-17
-19
-16
-17
-17
-17
-17
-16
-21
-17
-20
-19
-20
-23
-24
-25
-25
-23
-25
-31
-30
-30
-32
-33
-33
-33
-32
-31
-34
-34
-36
-37
-36
-33
-38
-35
-31
-29
-31
-34
-35
-34
-33
-26
-27
-28
-25
-24
-27
-21
-21
-25
-24
-25
-25
-26
-21
-20
-16
-15
-15
-16
-14
-7
-10
-10
-8
-5
-5
-5
-2
0
-1
3
2
-4
-7
-4
1
-2
-2
-6
-9
-5
-12
-10
-7
-14
-15
-16
-20
-20
-18
-20
-20
-20
-19
-23
-22
-20
-24
-22
-21
-19
-20
-20
-23
-24
-23
-23
-19
-21
-20
-18
-18
-19
-18
-16
-18
-18
-17
-15
-13
-8
-11
-12
-11
-16
-9
-10
-11
-4
-7
-5
-4
-3
-2
-6
-5
-4
-3
-5
-3
-3
-1
-1
0
-5
-4
-4
-5
-5
-8
-10
-12
-11
-11
-10
-9
-10
-17
-16
-14
-16
-15
-20
-17
-13
-20
-22
-21
-26
-26
-25
-24
-26
-22
-21
-20
-20
-23
-24
-32
-29
-30
-29
-32
-31
-31
-30
-31
-32
-31
-34
-34
-31
-35
-34
-27
-25
-28
-27
-24
-24
-24
-20
-16
-19
-18
-17
-18
-13
-17
-21
-18
-20
-21
-22
-17
-20
-21
-21
-22
-24
-22
-25
-24
-23
-27
-21
-28
-25
-22
-24
-24
-30
-27
-28
-27
-29
-28
-27
-27
-28
-30
-29
-25
-27
-31
-27
-29
-29
-26
-30
-28
-28
-25
-26
-24
-21
-24
-21
-26
-22
-21
-18
-21
-16
-16
-18
-19
-19
-12
-11
-17
-13
-8
-8
-8
-10
-8
-11
-7
-8
-11
-10
-7
-7
-4
-5
-8
-4
-5
-3
-3
-3
-9
-8
-9
-10
-16
-17
-16
-17
-16
-19
-25
-26
-24
-23
-25
-31
-24
-26
-29
-27
-28
-31
-30
-28
-32
-27
-27
-28
-27
-28
-30
-27
-24
-21
-21
-21
-19
-19
-17
-15
-13
-17
-13
-13
-13
-7
-8
-11
-13
-10
-11
-8
-9
-8
-4
-5
-5
-2
-7
-5
-3
-6
-3
1
-7
-12
-11
-12
-14
-16
-18
-21
-18
-20
-24
-19
-19
-24
-25
-26
-23
-20
-25
-22
-26
-26
-27
-29
-30
-27
-26
-31
-28
-24
-24
-28
-22
-19
-22
-24
-23
-24
-19
-21
-21
-19
-18
-14
-12
-12
-10
-7
-11
-9
-6
-3
-4
-2
-3
-1
-7
-10
-5
-5
-6
-4
-11
-5
-7
-8
-4
-7
-4
-7
-11
-10
-9
-14
-10
-12
-12
-16
-11
-12
-16
-18
-19
-15
-21
-18
-20
-20
-18
-20
-21
-20
-18
-18
-19
-18
-21
-24
-18
-19
-23
-18
-17
-17
-15
-14
-14
-17
-7
-13
-15
-12
-12
-10
-13
-6
-15
-12
-11
-14
-10
-7
-6
-9
-5
-9
-7
-4
-8
-4
-2
-5
-6
-4
-6
-7
-3
-1
-7
-5
-2
-5
-8
-8
-10
-9
-10
-10
-9
-8
-11
-12
-12
-12
-12
-15
-13
-13
-12
-14
-13
-16
-11
-15
-11
-15
-18
-9
-14
-21
-22
-20
-19
-21
-21
-23
-25
-21
-24
-25
-26
-25
-29
-25
-27
-25
-22
-18
-21
-22
-21
-21
-19
-17
-18
-15
-15
-15
-15
-15
-12
-11
-14
-13
-11
-14
-13
-11
-16
-8
-8
-11
-12
-11
-15
-16
-14
-13
-14
-18
-13
-17
-16
-15
-19
-19
-18
-17
-17
-16
-17
-19
-20
-19
-23
-20
-19
-21
-19
-23
-23
-20
-22
-20
-19
-19
-20
-17
-19
-20
-15
-13
-16
-16
-10
-12
-11
-9
-9
-5
-5
-2
1
-1
5
2
8
4
4
6
4
3
-3
4
-1
0
4
5
2
4
8
6
7
5
5
8
7
3
7
1
4
4
1
-1
-2
1
-1
4
4
-2
0
1
5
3
1
2
2
1
-1
3
4
0
-1
-4
-5
-3
-2
-3
-4
-5
-7
-7
-4
-5
-8
-7
-8
-10
-8
-5
-7
-5
-6
-9
-6
-8
-9
-9
-5
-8
-9
-8
-8
-13
-13
-14
-14
-12
-12
-14
-14
-12
-10
-15
-13
-9
-13
-10
-13
-15
-21
-18
-19
-18
-20
-21
-20
-27
-29
-31
-35
-30
-29
-27
-27
-24
-19
-23
-25
-29
-23
-22
-21
-23
-27
-24
-22
-19
-16
-16
-13
-14
-10
-9
-8
-11
-10
-9
-7
-10
-11
-9
-7
-6
-4
-6
-6
-2
-6
-6
-6
-11
-15
-9
-11
-13
-12
-13
-14
-12
-8
-6
-6
-7
-7
-5
-7
-3
-3
-1
6
4
1
5
5
10
6
6
5
3
5
1
-3
-3
-2
1
3
1
0
-2
2
1
-1
-2
-3
-4
-5
-7
-7
-6
-8
-12
-15
-18
-20
-20
-21
-18
-23
-19
-18
-16
-20
-20
-20
-27
-20
-19
-19
-22
-22
-25
-24
-18
-16
-15
-15
-16
-13
-15
-15
-18
-15
-16
-14
-15
-13
-7
-10
-12
-16
-19
-21
-18
-22
-22
-20
-22
-23
-18
-16
-19
-16
-18
-19
-22
-25
-19
-18
-19
-21
-20
-20
-19
-19
-23
-23
-23
-24
-22
-23
-25
-20
-13
-14
