-14
-12
-18
-17
-17
-14
-18
-23
-19
-22
-23
-17
-18
-18
-21
-13
-13
-17
-12
-12
-12
-9
-9
-8
-3
-6
-7
-9
-12
-14
-16
-14
-19
-21
-19
-23
-23
-21
-20
-20
-17
-20
-19
-23
-19
-16
-17
-15
-19
-18
-18
-15
-16
-19
-19
-18
-17
-21
-15
-17
-15
-10
-13
-13
-14
-12
-17
-15
-13
-13
-14
-12
-8
-9
-8
-9
-4
-7
-9
-5
-3
-4
-2
-3
-7
-4
-4
-7
-6
-5
-12
-10
-11
-10
-9
-12
-14
-14
-10
-9
-10
-8
-6
-5
-5
-8
-9
-8
-10
-7
-1
-4
-1
-4
-5
-2
-3
0
1
2
3
5
7
5
1
0
2
4
1
4
4
1
2
3
2
4
2
3
3
2
0
1
0
-1
-4
-10
-8
-8
-5
-5
-7
-4
-4
-2
-7
-7
-5
-4
0
-4
-8
-6
-8
-8
-9
-6
-8
-8
-10
-11
-11
-9
-9
-13
-7
-10
-9
-10
-16
-17
-16
-17
-13
-14
-18
-15
-17
-18
-18
-16
-19
-15
-16
-19
-16
-20
-21
-19
-23
-19
-17
-19
-22
-22
-24
-28
-25
-26
-28
-30
-25
-26
-22
-29
-26
-23
-20
-24
-29
-30
-30
-26
-25
-21
-22
-22
-26
-21
-23
-26
-20
-20
-23
-24
-20
-16
-20
-22
-21
-20
-20
-23
-19
-17
-19
-20
-19
-16
-17
-18
-13
-12
-20
-18
-16
-20
-16
-18
-15
-15
-20
-21
-25
-20
-20
-21
-18
-14
-19
-20
-16
-15
-17
-16
-18
-19
-18
-17
-15
-18
-17
-20
-18
-19
-14
-14
-14
-12
-13
-12
-15
-13
-9
-8
-9
-10
-8
0
-4
-1
-6
-2
4
-2
-5
-5
1
-3
-3
-7
-8
-7
-10
-7
-3
-7
-8
-6
-1
-1
-1
0
-2
2
-2
-1
-1
1
-1
-1
2
-2
-7
-5
-6
-7
-3
-7
-7
-6
-4
-4
-9
-5
-1
-3
-2
-1
-3
-5
-13
-11
-11
-15
-15
-12
-15
-22
-19
-24
-23
-24
-25
-20
-21
-23
-27
-21
-25
-26
-29
-26
-23
-24
-19
-25
-24
-22
-21
-24
-24
-23
-20
-24
-26
-22
-25
-31
-32
-28
-29
-30
-32
-30
-31
-29
-28
-30
-29
-29
-27
-26
-29
-31
-29
-25
-29
-25
-27
-28
-25
-29
-31
-31
-33
-29
-29
-31
-28
-27
-29
-26
-25
-21
-21
-21
-24
-27
-20
-24
-20
-17
-20
-21
-16
-15
-16
-13
-12
-14
-10
-15
-13
-10
-12
-7
-5
0
3
1
4
3
1
3
3
4
1
11
5
6
9
4
4
3
-1
2
3
-2
-1
-2
-3
-3
-4
-2
1
-3
-4
-4
-1
1
4
8
3
3
4
1
5
4
5
2
5
-1
-1
0
-5
-3
-3
0
-5
-2
-4
-2
-3
-4
-9
-11
-12
-10
-11
-15
-13
-15
-17
-16
-14
-19
-16
-16
-17
-14
-15
-17
-18
-17
-17
-15
-19
-20
-13
-16
-19
-17
-18
-18
-20
-22
-26
-25
-22
-23
-26
-25
-24
-26
-27
-23
-29
-23
-24
-28
-23
-22
-21
-22
-20
-15
-17
-16
-11
-12
-12
-12
-11
-11
-13
-18
-18
-16
-15
-17
-17
-14
-16
-15
-15
-18
-18
-16
-11
-15
-13
-12
-15
-15
-15
-17
-15
-12
-12
-9
-4
-9
-11
-5
-4
-5
-7
-2
-3
-2
-3
-2
3
0
2
0
-1
-3
-2
-4
-6
0
-2
-1
-3
-2
-5
-5
-4
-6
-2
-1
-2
-4
-7
-10
-9
-7
-7
-6
-2
-5
-2
-1
-2
-2
-3
-4
-3
3
4
2
6
10
10
9
7
2
0
0
-2
-6
-4
-6
-2
2
-3
-3
0
-3
4
6
5
8
1
9
6
5
9
10
9
0
2
-1
-4
-6
-4
-10
-12
-12
-9
-11
-14
-11
-15
-14
-14
-12
-16
-12
-13
-12
-10
-11
-13
-10
-10
-7
-6
-5
-2
-4
2
4
2
2
1
3
1
-1
4
1
2
0
1
2
2
1
1
1
-1
-3
-5
-4
-6
-4
-7
-6
-3
-5
-4
-5
-9
-9
-9
-9
-8
-11
-13
-12
-14
-12
-7
-9
-5
-7
-11
-10
-13
-19
-17
-19
-19
-24
-26
-27
-27
-30
-29
-27
-27
-27
-29
-24
-26
-19
-18
-13
-10
-8
-6
-3
-3
-3
-3
-4
-3
-4
-4
-3
-8
-8
-11
-10
-9
-11
-10
-8
-8
-9
-8
-9
-10
-11
-8
-9
-11
-11
-8
-9
-12
-14
-15
-13
-10
-10
-7
-11
-8
-8
-5
-5
-4
-4
-1
-2
-1
0
-1
1
-2
-4
0
-2
0
-2
0
-3
-3
-6
-6
-1
-4
0
1
2
-2
1
-1
-2
-4
3
-2
1
5
-1
1
-1
0
-1
1
0
-1
1
-1
5
0
-5
-1
-6
-8
-10
-16
-17
-15
-15
-18
-19
-20
-14
-12
-15
-13
-14
-15
-10
-5
-5
-6
-3
-6
-5
-4
-5
1
-4
-6
-4
-4
-9
-7
-9
-6
-9
-8
-3
-10
-9
-8
-12
-15
-13
-12
-15
-14
-12
-8
-9
-12
-13
-17
-11
-9
-12
-12
-8
-9
-10
-9
-13
-12
-13
-12
-13
-12
-15
-16
-13
-13
-15
-13
-13
-14
-14
-18
-17
-13
-19
-20
-21
-21
-17
-22
-18
-16
-16
-11
-15
-12
-9
-8
-10
-8
-3
-5
-3
-1
-3
-5
-2
-3
-6
-3
-5
-4
0
-1
-2
-1
-2
0
7
5
3
0
0
2
-3
0
0
2
4
-1
-2
-5
0
1
9
12
12
14
16
16
14
15
15
11
10
12
9
7
2
2
2
2
4
-1
-2
0
-2
1
1
1
2
2
0
-4
-1
-2
-3
1
-3
-7
1
-3
-4
2
3
4
5
8
7
5
5
5
7
7
6
1
-2
-2
2
-5
-4
-7
-12
-12
-9
-3
-7
-6
-8
-9
-6
-10
-12
-5
-4
-6
-3
-1
3
-3
3
0
-1
3
-2
-1
-4
-3
0
-2
-7
-8
-7
-3
-6
-6
-7
-8
-10
-13
-12
-10
-10
-5
-4
-3
-6
-1
2
-2
2
-1
0
0
-1
2
2
1
3
1
4
7
1
4
7
4
-1
1
-3
-3
-5
-2
-4
-5
-5
-5
-3
0
-1
-5
0
0
5
5
5
0
7
5
5
11
12
8
10
14
11
10
14
13
14
13
9
10
12
10
14
16
14
13
9
11
10
5
3
3
6
3
1
-1
2
-1
0
-3
-1
4
6
10
10
11
11
17
16
11
13
10
12
12
8
10
6
6
4
0
2
-1
-2
-5
-5
-3
-4
-6
-8
-8
-6
-8
-7
-8
-6
-7
-5
-2
-7
-5
-7
-7
-1
-4
-4
-1
1
4
2
3
0
1
1
-5
-3
-6
-4
-4
-3
-6
-7
-4
3
-1
-1
2
2
6
6
6
7
10
12
11
10
12
4
9
6
5
5
6
8
10
11
8
11
13
12
12
9
4
11
7
7
10
8
7
6
10
13
5
10
14
13
14
13
18
13
19
20
19
23
18
21
19
17
20
21
22
17
13
17
17
13
15
17
11
13
10
9
7
2
3
0
2
5
7
2
3
8
4
10
7
11
13
10
11
14
18
11
17
11
9
9
8
5
1
-3
-1
4
2
3
5
4
6
8
8
9
3
-1
2
4
1
5
-3
-3
0
2
3
6
7
3
9
4
8
8
7
9
10
11
8
10
10
12
17
16
14
14
15
16
15
17
16
17
15
15
13
15
16
14
12
10
9
8
11
10
9
7
9
11
10
13
17
11
14
15
16
17
18
16
9
15
16
15
15
11
14
9
5
8
8
4
10
15
11
11
14
16
18
13
18
13
9
8
13
13
8
13
12
9
7
10
10
4
13
15
9
11
10
4
3
10
7
5
3
7
5
0
-1
0
-3
-2
7
0
-4
-4
-2
1
-2
-2
1
-1
-5
-7
-2
-1
0
4
-2
-1
-4
-8
-5
-2
-5
-5
-7
-9
-6
-11
-18
-11
-10
-15
-4
-6
-11
-9
-7
-12
-10
-5
-11
-8
-5
-5
-5
-5
-6
2
-3
-4
-1
-2
-2
1
8
6
8
6
6
10
8
6
11
9
7
7
11
11
7
8
14
6
7
13
10
9
9
10
6
13
8
11
14
13
14
16
15
17
11
10
16
11
9
13
10
-1
5
5
0
-1
0
-2
-3
6
3
-6
6
14
4
1
15
8
2
4
14
7
2
13
12
-1
-4
8
8
-9
2
10
-6
-9
6
3
-12
-3
3
-12
-16
5
-4
-13
4
1
-6
1
4
-1
-1
1
-7
-12
0
-5
-14
-10
-9
-22
-19
-3
-15
-17
-6
-8
-17
-11
2
-5
-11
-4
3
-15
-15
-5
-9
-21
-10
-3
-15
-16
-6
-13
-19
-3
-11
-15
-10
-4
-13
-9
5
-9
-9
-6
1
-7
-4
1
-6
-8
-9
-12
-5
-7
-13
-5
-4
-2
-8
2
7
-6
-1
7
3
-4
6
4
-5
3
6
0
1
8
10
10
4
4
3
3
-2
9
16
-1
0
15
2
-7
7
17
0
8
15
5
-1
8
13
-1
3
14
10
-5
5
7
2
-6
11
7
-14
0
13
-6
-4
12
-2
-1
8
2
3
4
6
6
5
5
5
5
-7
-12
2
1
-15
4
14
-16
-11
2
-4
-20
-12
-3
-23
-19
-19
-23
-13
-24
-15
-9
-25
-16
-9
-17
-9
-13
-16
-12
-4
-16
-13
-8
-11
-18
-7
-18
-18
-13
-19
-26
-17
-5
-22
-20
3
-15
-33
-5
-6
-30
-11
-9
-18
-19
-17
-8
-26
-26
-20
-14
-29
-19
-8
-25
-24
-9
-12
-24
-18
-19
-22
-12
-17
-19
-8
-11
-10
-6
-5
-4
-6
-5
-13
-3
-5
0
-2
-11
4
-5
-8
2
2
-14
-6
0
-7
-8
-5
3
-12
-2
-9
3
0
-5
6
4
0
9
5
-10
21
15
1
8
32
4
-10
21
24
-2
-1
32
8
-20
18
27
-11
3
20
13
-8
7
16
-7
-17
19
0
-12
18
4
-10
13
12
-10
7
16
1
-10
19
4
-19
14
4
-15
-3
0
-10
-12
4
-16
-11
2
-22
-4
3
-25
-6
10
-18
-11
18
-22
-10
4
-12
-17
-13
-6
-5
-22
-12
-2
-7
-11
2
0
-4
-8
0
6
-10
-4
2
-7
-13
2
-7
-17
-6
-18
-11
-10
-17
3
-11
-12
1
-4
-25
6
-5
-13
-4
-6
-4
-7
0
-4
-1
4
-15
-5
6
-3
-15
0
-2
-36
-11
5
-39
-12
-5
-9
-21
-5
10
-19
5
5
3
8
1
14
12
3
14
7
-1
22
-6
8
10
-1
5
-3
4
9
3
0
17
4
-4
15
13
-6
13
10
7
5
-1
9
-1
-1
4
-10
2
7
-17
-3
15
-17
-18
14
-13
-13
10
-3
-3
-7
7
-4
-16
15
-4
-13
1
6
-1
-13
16
-7
-2
15
5
-8
9
7
-15
6
8
-7
-15
14
7
-20
-3
13
-3
-10
9
25
3
-13
17
23
-14
-7
21
1
-26
5
24
-24
-4
13
-6
-8
4
2
-22
5
1
-13
2
-6
1
3
-3
5
10
0
-26
40
-13
-26
28
-4
-15
6
-4
-3
5
-27
11
12
-30
7
14
-17
-12
10
-2
-18
7
0
2
-12
17
7
-23
18
17
-31
-1
23
-31
-10
17
-24
-3
-22
12
-21
-8
1
-6
-13
-1
2
-3
-5
11
5
-28
16
-2
-23
-1
-9
7
-34
-19
20
-22
-24
-2
13
-37
-24
21
-3
-42
7
31
-24
-11
36
7
-27
13
23
-19
-18
27
-2
-17
-9
16
4
-35
7
16
-17
-27
27
6
-40
6
34
-13
-26
49
18
-27
22
35
-2
0
36
14
4
11
23
12
1
12
35
17
-9
35
39
-20
27
44
-5
6
52
-4
-2
36
13
-4
17
6
16
-9
-7
25
-7
-17
6
17
-15
-7
0
14
-12
-1
24
25
-19
-3
52
-6
-17
31
34
5
-16
49
40
-48
19
72
-57
-12
74
-15
-41
50
34
-63
19
49
-29
-21
25
-6
-46
-1
22
-33
-28
16
-8
-41
13
17
-32
7
22
-16
-6
26
-11
-11
13
10
-24
-7
34
-21
-44
41
3
-66
18
32
-52
-26
24
-5
-55
3
25
-50
-32
36
-29
-40
14
4
-22
-14
10
13
-33
-7
43
-22
-28
39
6
-53
23
17
-49
-4
22
-36
-28
14
-17
-48
-2
14
-46
-18
28
-26
-16
2
9
-18
11
20
-17
1
34
-24
-1
25
4
-24
-2
16
-16
-28
13
12
-27
16
14
-4
-4
37
4
4
29
9
5
5
10
1
19
4
-12
13
11
-15
9
23
6
-7
16
33
-18
12
36
-12
-12
51
-7
-16
42
11
-17
18
26
-18
16
-2
-2
15
-14
-8
14
-18
-18
21
-40
-18
13
-26
-6
8
-6
-14
-15
19
11
-9
-3
35
5
-14
24
41
-12
17
14
26
5
-18
36
-10
-11
32
6
-10
41
3
-14
30
16
-4
12
28
6
10
4
14
0
12
-4
4
8
6
-6
-17
18
-7
-6
7
11
-5
8
-4
26
9
6
7
28
-6
-5
30
-5
-12
17
-11
-11
15
-6
-4
8
4
-8
4
20
-8
-6
11
9
-15
10
22
-10
2
35
3
-4
31
24
-10
24
12
5
6
-3
7
8
-4
-7
13
1
-16
-2
15
-17
5
15
1
3
12
32
-3
20
39
-2
22
16
11
17
13
8
23
19
4
8
17
2
-6
19
0
-20
18
1
-12
16
5
-3
0
20
0
-11
11
-8
-2
-8
18
-6
-4
4
-6
4
-2
1
3
-3
3
-3
6
-12
9
17
-15
21
27
-12
18
19
8
5
1
21
-1
-4
0
19
-3
-25
12
28
-35
7
36
-18
-4
28
4
2
0
16
8
-3
6
23
11
2
11
28
15
-18
42
38
-20
23
50
-19
3
48
-13
-12
34
-2
-9
5
10
-14
-10
12
-1
-12
10
2
7
-3
3
24
-2
-6
35
9
-8
47
5
2
24
23
-1
14
3
9
2
-12
20
6
-23
3
12
-14
-22
24
-15
-13
8
-5
-31
-5
8
-33
-8
12
-12
-31
6
2
-27
-21
19
-20
-30
3
-9
-23
-11
8
-1
-10
-3
11
-3
-17
25
-5
-13
-2
15
-26
0
-6
-23
5
-3
-35
8
15
-20
3
19
-15
12
11
-14
7
17
4
-29
32
5
-22
8
35
-21
-7
22
11
-35
6
10
-43
-3
13
-20
-19
4
-1
-34
2
6
-18
-14
8
-9
-29
-1
6
-26
6
-4
-7
2
2
2
-6
10
19
-15
9
27
-9
8
17
14
-6
-7
36
-8
-11
28
7
-13
19
15
2
-9
26
10
-14
26
12
5
2
33
-2
10
12
19
-2
8
20
10
-6
20
-5
0
14
-7
7
12
3
-4
5
-2
-7
10
1
-16
18
-2
-3
0
0
8
-7
3
10
-17
-5
1
-7
1
-11
28
-17
-8
24
-15
0
22
-20
17
0
-15
5
-11
-6
-11
-3
-8
-17
-17
-10
-21
-16
-13
-5
-10
-23
3
-1
-17
-20
-1
-7
-25
-20
21
-32
-29
20
14
-49
21
16
-18
-3
15
9
-15
2
16
-7
-16
7
-12
-14
-17
15
-20
0
-1
-13
-19
2
-5
-21
-14
8
-4
-36
5
23
-47
-6
23
-9
-49
19
33
-64
-9
53
-23
-37
44
29
-33
-3
57
-5
-42
26
26
-51
-13
19
-23
-38
-16
-6
-38
-24
-9
-1
-27
-8
14
-12
1
9
9
-11
13
7
-13
0
4
14
-6
10
16
-7
-8
-4
11
-20
-6
19
-26
9
12
-22
5
6
0
-17
27
-5
-7
17
4
-14
8
11
-18
2
34
-14
-8
32
-2
-21
7
9
-7
-6
3
3
-10
-4
3
3
12
-12
11
27
-19
7
22
-7
-7
0
1
-7
-16
4
-11
-22
22
-18
-10
13
-14
1
6
13
-16
21
-6
-7
8
4
-11
1
-3
-34
-13
-13
-11
-19
-36
14
-20
-34
8
-3
-32
-5
16
-27
-24
14
-3
-37
2
0
-14
-30
11
1
-41
-8
18
-12
-45
36
-21
-14
-3
8
6
-33
4
8
-13
-27
15
-12
-21
-3
-15
-4
-21
-15
-9
-23
-27
-8
-4
-23
-16
2
-21
-11
-4
-25
-3
-16
-25
-6
1
-36
10
-21
-1
2
-31
4
2
-32
-5
6
-10
-34
25
-12
-36
9
-9
-36
1
2
-34
6
-15
-9
5
-12
12
12
0
14
16
0
17
18
-7
25
21
16
-1
29
12
14
5
32
27
-19
46
27
-20
29
40
-11
18
45
-5
10
43
5
-5
19
33
6
2
40
-1
13
47
3
-17
43
2
-20
40
8
-16
3
34
3
-24
51
-12
-3
13
20
5
3
34
7
-12
18
23
-21
25
25
-7
-11
9
17
-12
-19
49
-7
-18
35
6
-12
14
22
21
-15
17
50
-34
-36
80
-7
-65
49
14
-47
-31
55
-11
-73
45
32
-36
-15
58
-8
-59
51
29
-40
-1
54
-6
-48
30
12
-25
-8
30
46
-34
15
32
0
-42
79
26
-67
42
30
-73
22
47
-40
-23
43
3
-40
-14
27
-20
-37
46
-26
-39
2
-8
-17
-12
11
-16
-6
-1
26
1
-21
-5
47
0
-32
63
41
-43
14
78
-1
-38
36
73
-39
-10
70
3
-74
29
46
-40
-21
105
-51
-47
59
12
-46
26
63
-14
10
45
23
-25
16
49
29
-18
23
61
-35
-2
71
-10
-2
32
20
-1
-20
38
-7
12
17
33
26
-35
37
11
-39
21
41
-28
10
52
-25
-50
31
24
-36
27
81
-41
-31
67
8
-40
60
56
-17
1
46
21
-25
-15
43
-14
-76
30
22
-67
-52
83
2
-61
73
52
-15
-12
81
25
-52
49
40
-40
33
20
-9
-35
-16
11
-14
-27
7
15
-41
-3
46
-6
-40
59
51
-45
26
29
-34
-34
17
33
-38
-24
44
-11
-71
39
47
-57
1
68
-20
-39
54
35
-44
20
66
-4
-18
60
15
4
41
21
12
-6
11
-6
0
4
10
30
-19
17
24
-22
-4
39
19
-21
32
24
-7
27
14
31
18
3
40
23
-31
26
38
-5
26
46
5
-2
59
14
3
62
20
20
36
28
13
-22
41
43
-9
29
71
-9
-18
75
45
-15
50
87
-9
21
72
26
1
24
71
4
-23
39
-9
-52
1
26
-23
-2
8
15
11
4
50
18
29
52
28
34
16
27
16
24
15
-4
19
-21
-39
3
-1
-62
-13
2
-49
-15
12
-35
-47
-18
-5
-32
8
11
-24
8
-3
-5
5
11
-2
15
19
-3
-13
-3
8
-9
6
8
5
-12
-9
21
14
0
46
47
22
46
74
58
63
102
106
100
112
124
100
110
121
112
125
108
94
106
93
82
76
83
83
52
67
65
52
31
53
57
40
45
57
34
34
44
36
34
35
34
29
28
15
23
13
6
-9
1
-4
-29
-14
-19
-44
-39
-22
-46
-69
-44
-49
-75
-75
-46
-91
-102
-68
-83
-95
-95
-99
-104
-115
-97
-90
-113
-109
-93
-116
-118
-102
-116
-162
-169
-169
-212
-223
-142
-18
29
-8
-42
-5
53
110
214
287
257
225
271
315
295
282
273
274
256
255
226
139
68
28
17
56
69
-13
-94
-130
-130
-110
-74
-62
-103
-126
-101
-77
-71
-60
-58
-45
11
50
48
23
21
29
57
144
206
174
125
125
148
193
234
242
205
190
178
152
154
135
83
61
81
47
-6
-46
-87
-109
-96
-57
-62
-106
-129
-123
-113
-80
-26
-35
-46
-34
-16
-9
-5
12
17
29
43
32
-3
-31
-42
-36
-23
-23
-47
-106
-149
-144
-149
-140
-146
-159
-184
-206
-211
-249
-287
-305
-320
-330
-332
-284
-147
-18
-51
-149
-95
56
152
225
321
339
294
303
395
451
420
383
384
370
330
300
246
164
93
84
115
91
-7
-107
-184
-193
-101
-44
-102
-179
-212
-210
-174
-96
-50
-62
-84
-55
9
28
23
36
68
111
154
192
200
120
49
100
193
244
216
156
122
98
92
141
185
119
53
57
55
24
8
-24
-42
-32
-23
-42
-73
-113
-124
-81
-31
3
-4
-34
-58
-17
46
83
97
88
79
70
71
67
54
36
33
34
9
-40
-94
-137
-134
-96
-104
-141
-167
-194
-229
-215
-154
-164
-203
-211
-215
-258
-296
-295
-325
-361
-382
-309
-137
2
-25
-150
-153
40
234
321
369
385
333
318
441
569
563
477
416
405
400
351
274
203
129
87
102
114
20
-143
-252
-236
-118
-56
-110
-211
-269
-263
-198
-81
-20
-61
-112
-93
-14
61
90
81
90
130
181
224
243
205
122
126
227
292
221
97
60
88
109
131
153
99
-39
-74
7
60
37
-24
-65
-74
-59
-41
-28
-40
-68
-66
-18
22
1
-32
-17
29
82
107
94
40
47
101
126
124
89
31
-16
0
38
24
-43
-113
-143
-126
-115
-126
-160
-192
-228
-210
-167
-180
-209
-220
-221
-211
-206
-194
-209
-262
-307
-297
-284
-297
-342
-242
-6
104
-30
-163
-18
207
315
396
452
412
301
315
490
620
574
404
319
328
313
265
236
189
94
23
16
11
-93
-212
-242
-157
-54
-91
-214
-292
-270
-197
-111
-8
6
-108
-188
-101
63
146
126
87
79
84
119
203
265
209
91
105
218
213
88
34
89
108
85
107
105
3
-100
-48
97
140
26
-92
-82
-36
-8
31
52
11
-72
-78
15
84
53
-1
-1
45
89
97
83
83
91
85
97
117
84
15
5
45
55
12
-70
-118
-107
-82
-85
-116
-154
-194
-217
-182
-131
-131
-183
-219
-188
-169
-175
-159
-154
-188
-230
-248
-248
-293
-318
-295
-150
68
89
-116
-250
-43
240
349
348
321
263
197
277
500
624
510
279
197
297
351
294
257
235
110
-17
19
80
-10
-152
-166
-43
24
-89
-231
-254
-183
-109
-39
27
-32
-177
-226
-80
130
164
72
1
12
47
103
218
293
179
6
51
222
240
121
65
95
86
41
77
150
86
-49
-31
97
113
3
-66
-35
4
10
10
18
-33
-103
-76
46
109
36
-63
-76
-6
60
97
94
59
16
-2
44
112
114
32
-22
-2
26
6
-38
-58
-66
-88
-105
-87
-95
-155
-190
-140
-92
-124
-165
-164
-164
-174
-149
-120
-144
-206
-238
-211
-195
-245
-309
-324
-324
-247
-46
59
-103
-287
-142
149
268
255
256
226
156
214
421
567
491
278
197
297
370
351
325
263
117
0
77
195
145
-24
-106
-58
-1
-35
-109
-144
-124
-124
-116
-54
-48
-140
-199
-100
35
43
-27
-70
-46
-13
27
136
204
97
-62
-23
167
239
130
72
106
64
-21
39
197
160
-17
-69
28
79
31
11
26
21
-39
-57
8
50
-6
-44
-2
18
-23
-39
-4
35
47
39
31
34
29
38
76
107
91
35
18
46
69
60
59
41
-27
-66
-44
-18
-36
-72
-114
-137
-138
-125
-116
-120
-141
-185
-194
-147
-140
-189
-217
-182
-171
-215
-249
-267
-312
-330
-313
-222
-52
-5
-156
-296
-149
117
230
227
217
168
114
209
424
558
493
309
222
298
409
442
399
324
198
106
164
269
253
107
-5
-3
38
45
5
-26
-52
-92
-114
-62
-14
-74
-155
-122
-36
-29
-62
-68
-57
-59
-34
50
105
37
-73
-60
92
162
89
50
66
25
-31
38
160
147
10
-67
-8
64
72
70
82
32
-44
-35
65
131
95
20
-13
3
29
64
75
60
23
-13
5
69
95
60
27
32
52
62
68
79
75
36
2
16
52
50
-10
-44
-39
-64
-99
-100
-78
-95
-133
-143
-132
-134
-150
-144
-125
-110
-136
-157
-154
-148
-158
-171
-177
-212
-286
-328
-311
-246
-120
-43
-132
-302
-249
-17
143
174
187
156
73
108
321
515
522
401
288
263
318
423
503
491
349
178
148
256
335
286
184
95
25
-6
17
49
45
-19
-117
-151
-117
-108
-149
-148
-118
-151
-197
-164
-115
-134
-163
-107
-36
-62
-155
-148
-33
23
-23
-47
9
8
-68
-40
104
148
42
-34
21
94
95
117
167
152
78
57
130
200
192
138
95
97
108
115
116
110
78
34
15
57
86
49
-4
-8
20
18
10
22
27
-4
-20
-4
28
19
-14
-24
-19
-34
-45
-32
-23
-48
-84
-80
-75
-93
-114
-94
-89
-117
-144
-141
-110
-104
-134
-145
-128
-143
-176
-173
-151
-179
-215
-217
-218
-235
-235
-176
-97
-72
-125
-157
-85
33
96
132
156
138
131
190
288
339
343
313
250
219
265
327
334
289
218
144
123
156
184
157
97
44
-4
-27
-1
23
3
-47
-100
-119
-100
-80
-72
-82
-103
-144
-152
-110
-69
-88
-101
-67
-72
-114
-98
-27
-8
-39
-54
-29
-19
-32
-21
22
50
25
-7
6
41
54
56
85
98
64
44
81
131
150
139
120
111
127
140
135
134
131
104
72
72
89
85
41
11
11
10
4
-4
-2
-20
-56
-69
-30
5
-12
-57
-64
-59
-61
-48
-22
-22
-61
-87
-82
-59
-36
-31
-43
-64
-79
-82
-68
-42
-34
-51
-65
-62
-61
-59
-54
-49
-43
-43
-53
-56
-52
-54
-48
-40
-41
-63
-91
-99
-92
-82
-76
-75
-76
-84
-90
-75
-36
-2
3
-2
5
22
39
64
99
103
85
76
81
88
95
96
96
78
65
67
55
49
53
65
59
35
23
23
23
31
36
31
30
13
-10
-7
16
32
25
7
2
3
-2
3
28
41
23
-2
-6
15
33
36
29
20
21
3
-2
17
19
6
-6
-4
-14
-37
-41
-32
-36
-50
-58
-56
-50
-42
-29
-24
-17
-24
-11
2
15
28
40
46
43
45
55
69
81
88
83
78
69
71
69
82
88
76
52
35
29
26
30
29
21
-2
-25
-29
-25
-19
-23
-29
-38
-57
-63
-43
-14
-13
-29
-38
-36
-24
-7
8
0
-15
-18
-7
5
10
10
-4
-20
-24
-19
-13
-18
-29
-41
-54
-57
-53
-53
-66
-81
-89
-85
-82
-88
-94
-92
-94
-105
-113
-104
-93
-95
-95
-88
-79
-71
-65
-56
-36
-13
-2
-3
5
29
47
63
79
91
87
79
94
119
139
127
100
93
106
111
108
99
87
66
45
46
57
52
28
11
5
-1
-3
-7
-12
-21
-32
-40
-35
-26
-31
-33
-31
-40
-35
-34
-39
-40
-39
-35
-33
-39
-40
-39
-30
-20
-16
-19
-17
-22
-31
-22
-11
7
3
-15
-26
-16
-14
-7
4
1
-7
-23
-16
-4
12
14
8
11
13
18
25
45
59
50
27
39
66
69
60
58
55
47
38
38
46
44
17
-3
-1
-2
-10
-17
-20
-30
-35
-38
-44
-42
-46
-55
-60
-54
-50
-53
-59
-59
-58
-59
-56
-43
-32
-37
-46
-49
-40
-27
-32
-41
-37
-29
-26
-24
-16
-11
-16
-19
-8
-6
-2
-4
3
14
18
17
4
6
19
31
29
30
23
17
16
24
45
43
40
31
21
17
25
34
38
41
28
16
20
34
35
29
25
22
13
1
5
16
17
-2
-14
-12
-17
-23
-26
-20
-14
-27
-37
-31
-33
-30
-24
-25
-35
-41
-42
-28
-16
-19
-22
-24
-20
-27
-17
0
12
11
-3
-2
11
24
32
40
39
29
18
25
41
48
38
30
29
26
27
29
29
18
14
12
17
14
10
10
-2
-5
-1
2
-3
-14
-18
-8
-5
-7
-21
-19
-12
-7
-7
-2
-2
-9
-11
-7
8
5
4
-2
-5
-1
0
-2
-5
-2
-8
-10
-6
-4
-4
-12
-19
-14
-14
-8
-9
-10
-10
-14
-11
-4
3
-9
-10
2
7
5
5
11
12
7
19
28
21
19
23
26
29
26
25
21
18
21
26
26
13
-2
-3
8
6
3
-3
-11
-20
-19
-4
6
-1
-12
-18
-24
-20
-9
-9
-13
-18
-30
-26
-18
-5
-10
-17
-18
-12
-2
-1
6
10
9
-2
-2
15
27
28
16
8
6
6
17
31
29
15
4
3
5
11
22
16
-2
-16
-14
-8
-3
-4
-5
-6
-13
-11
-6
3
7
2
6
11
8
4
14
28
28
17
8
7
10
15
19
16
11
1
-11
-8
-4
1
-3
-9
-15
-23
-22
-14
-8
-9
-20
-31
-27
-16
-11
-9
-12
-12
-14
-15
-7
-2
-3
-2
-1
4
10
13
11
10
10
10
12
7
8
4
7
9
4
-5
-14
-10
-4
-8
-11
-12
-16
-18
2
13
12
-1
-11
-5
6
17
14
19
11
5
11
20
32
22
6
6
11
16
17
17
9
-3
-5
3
10
7
-3
-8
-7
-3
-7
1
0
-7
-10
-12
-1
6
0
-10
-7
-10
-10
-8
-3
2
-2
-8
-7
2
2
0
16
18
9
1
8
17
20
20
25
28
18
17
21
24
24
20
12
11
10
9
11
14
5
-8
-10
-6
-8
-9
-18
-22
-20
-19
-20
-19
-19
-17
-22
-18
-9
-10
-9
-6
4
3
2
4
5
6
10
22
24
17
10
8
15
22
22
20
17
3
-2
9
18
10
-5
-5
-1
-5
-1
4
6
-6
-16
-8
3
-3
-4
-6
-13
-11
-8
-5
-4
-6
-7
-6
-3
-2
-11
-12
-6
-6
-6
-10
-9
-12
-11
-4
0
-5
-14
-16
-19
-11
-4
-9
-10
-9
-9
-10
-4
-2
-6
-12
-3
7
6
-5
-8
-1
1
2
1
-1
-6
-13
-12
-6
-1
1
-9
-13
-13
-10
0
9
7
3
4
12
13
17
20
18
21
16
16
13
11
17
21
16
8
2
-4
-7
-7
-9
-14
-27
-37
-27
-23
-24
-24
-32
-30
-27
-18
-11
-10
-9
-9
-3
7
13
14
17
15
14
24
22
30
28
18
21
20
24
26
23
16
14
15
11
14
10
5
1
-2
-3
-1
-3
-10
-17
-19
-18
-19
-27
-29
-24
-30
-28
-28
-27
-26
-30
-25
-21
-13
-13
-13
-18
-12
-9
-5
-4
-10
-10
-7
-5
-6
-9
-16
-19
-13
-9
-10
-6
-16
-21
-19
-15
-9
-9
-13
-24
-26
-22
-17
-9
-10
-13
-18
-14
-11
-2
2
-3
5
7
5
6
5
3
5
8
11
6
-5
-8
-7
-8
-7
-10
-11
-16
-23
-25
-19
-15
-18
-30
-34
-26
-20
-17
-18
-20
-24
-29
-29
-19
-12
-17
-22
-20
-16
-13
-10
-5
-4
-2
-3
-7
0
3
4
9
8
5
0
3
10
14
7
7
7
6
5
-1
5
-1
-5
-6
-2
-4
-17
-18
-13
-9
-8
-8
-10
-15
-20
-12
-6
-5
-3
-4
-5
-10
-6
-7
-2
4
-1
-7
-6
-6
-9
2
3
4
-5
-10
-14
-20
-15
-8
-8
-15
-27
-23
-15
-7
-4
-1
-2
-12
-11
1
13
17
10
2
3
7
13
15
21
18
11
7
7
10
16
11
11
9
3
-2
3
6
-1
-2
-6
-9
-15
-17
-15
-14
-15
-18
-17
-15
-10
-12
-9
0
1
-2
6
8
3
3
11
13
12
13
20
17
9
16
21
18
14
15
17
19
20
22
12
13
11
12
13
12
11
2
0
2
3
4
-2
-4
-8
-4
5
3
-5
-8
-16
-12
1
1
-3
-14
-16
-15
-8
4
4
-6
-9
-7
2
8
6
4
3
3
-1
0
6
9
4
7
2
1
-1
-3
3
3
5
5
1
-8
-5
2
7
7
-1
-2
0
1
9
13
14
14
10
15
17
15
16
15
10
13
17
13
8
5
4
8
11
10
7
6
-1
-7
-4
1
-2
-6
-12
-10
-7
-4
2
4
4
1
5
5
4
7
6
8
7
9
8
5
4
4
2
2
-4
-4
-8
-12
-3
-5
-9
-7
-7
-7
-4
-1
1
0
2
-2
6
8
11
14
16
18
10
10
15
20
18
16
11
7
1
-1
9
3
1
-5
-6
4
3
1
0
0
-5
-4
5
10
8
3
0
-1
2
3
1
4
0
-4
0
-2
4
1
-7
-2
2
2
-4
-9
-8
0
6
4
4
-4
-8
-7
-4
3
4
1
-10
-5
-1
0
4
4
4
0
4
6
7
13
10
8
13
19
15
10
11
13
14
12
15
12
7
5
7
6
10
9
6
5
5
9
10
11
9
7
8
5
11
13
11
13
2
5
2
2
12
11
8
1
0
4
10
10
0
5
1
3
3
4
4
-1
1
4
3
0
1
0
-3
-2
2
-2
-4
-9
-12
-15
-13
-9
-10
-16
-18
-12
-3
1
1
-6
-11
-9
-1
1
3
-3
-9
-9
-4
1
4
1
-5
-9
-2
3
3
6
4
2
-3
0
5
1
-3
-7
-11
-10
-16
-18
-14
-16
-17
-17
-14
-10
-10
-10
-7
2
6
0
-4
1
2
0
8
9
7
3
0
6
8
8
13
8
6
-1
5
6
1
-3
-8
-7
-12
-9
-6
-10
-11
-14
-18
-18
-19
-17
-17
-19
-20
-23
-22
-14
-16
-12
-12
-14
-15
-10
-6
-3
1
-2
-6
-10
-5
-4
-1
-4
-3
-8
-7
-8
-14
-10
-10
-12
-11
-12
-15
-14
-13
-12
-12
-13
-12
-16
-16
-17
-14
-17
-20
-20
-18
-21
-22
-19
-20
-14
-18
-15
-15
-11
-14
-21
-18
-17
-17
-17
-12
-13
-7
-10
-8
-9
-12
-5
-7
-10
-12
-14
-10
-7
-2
2
1
-1
-7
-1
0
2
-3
-4
1
1
2
5
3
2
7
3
9
13
13
12
12
12
12
11
8
5
0
2
2
-4
-6
-5
-4
-12
-9
-13
-6
39
38
-3
-34
-43
-83
-101
-71
-41
-45
-31
-12
-21
-39
-27
-21
-20
-9
7
19
13
21
14
3
8
14
16
12
17
14
6
4
4
-3
-3
-8
-30
66
97
48
-6
4
-42
-76
-13
60
67
90
108
64
-20
-55
-66
-71
-46
-8
-15
-26
-24
-59
-86
-54
-14
-20
-10
5
-2
-31
-20
-19
-22
-12
5
6
37
64
67
54
36
8
-23
-24
-12
-5
-4
-5
15
19
1
-21
-8
40
53
29
32
28
-23
-55
-41
-36
-48
-37
-32
-48
-55
-30
-21
-20
10
21
-1
6
34
22
24
56
71
39
32
32
20
7
49
56
44
58
64
8
-25
-14
-14
-36
-15
8
-23
-50
-40
-41
-61
-50
-12
-19
-32
-25
-21
-40
-34
-2
-8
15
26
12
-19
1
11
4
10
34
3
-15
-13
-11
-18
13
20
8
4
8
-33
-27
-11
-18
-28
1
21
2
-7
-2
-7
-33
-21
1
7
-7
49
48
11
-11
0
-17
-15
11
18
-2
-15
-30
-48
-59
-31
-11
-6
7
27
8
-8
8
23
-6
12
30
19
7
20
25
-4
-1
3
1
-10
6
5
-16
-14
6
-29
-32
-24
-30
-23
-38
-14
-2
-19
-14
22
3
-10
9
10
7
-6
23
1
-7
-7
7
-6
27
35
-3
6
18
1
-21
-3
20
-4
3
17
8
-2
-3
-3
16
-11
-17
27
-10
-30
26
11
-18
15
4
-16
-10
13
-1
-6
4
19
-27
-13
-8
7
-5
-2
-8
3
25
-56
15
23
-26
-10
40
5
-45
21
-32
-11
-22
3
-28
-30
6
-30
-39
11
6
-42
16
13
9
-37
42
57
-28
8
30
25
10
-2
21
56
4
3
56
40
13
-5
52
18
-50
34
56
-24
-24
46
-1
-54
-7
52
-35
-21
35
-4
-20
-44
31
25
-39
-7
46
-5
-67
22
51
-64
30
28
-1
19
16
-9
29
2
-17
38
30
10
-18
31
47
-46
30
89
-32
-15
79
25
-87
33
53
-52
21
25
57
-4
-18
56
32
-4
53
64
-17
30
70
-29
5
102
-20
-5
71
65
-40
10
77
-2
-31
46
71
-17
-18
57
38
-7
8
30
1
0
-42
29
18
-22
-51
30
15
-52
0
59
-32
-46
65
-9
-56
61
60
-77
14
98
-77
-16
108
12
-59
52
102
-94
-14
157
-6
-105
122
91
-127
6
146
-36
-87
77
73
-101
11
65
24
-39
15
83
7
-90
76
68
-62
3
43
8
-55
-24
52
-5
-69
9
72
-83
-12
25
4
-55
36
38
-32
-14
41
-29
-11
12
27
-47
-18
53
-24
-37
53
3
-72
16
26
-23
-61
27
-11
-49
-36
64
-28
-69
29
75
-89
-15
105
-25
-57
58
37
-9
-30
50
10
4
33
21
3
51
-3
16
45
-3
2
35
0
33
17
13
-8
34
28
-5
-1
51
20
-25
4
14
-4
-41
38
32
-7
-38
31
8
-11
-2
24
34
-26
-1
15
33
-6
-50
61
-18
-33
-18
61
-5
-79
97
48
-89
27
79
-17
-34
28
68
-1
-32
59
60
-71
-3
74
16
-53
10
70
-11
-44
2
44
-50
-25
61
-23
-24
31
5
-33
23
-1
0
0
-14
27
-17
-8
-3
-9
-34
29
-15
-4
0
-2
-37
16
-6
-48
12
2
-20
-14
44
-8
-50
33
9
-57
20
8
-55
2
22
-59
-20
36
-53
-24
11
0
8
-30
9
52
-26
-4
52
27
4
14
-2
39
-4
-59
84
-17
-39
61
-20
6
30
-31
37
43
3
-45
85
1
-26
25
26
7
-44
20
15
-7
-25
6
-9
-3
32
-15
-28
43
13
-56
26
74
-39
-29
61
35
-42
17
45
-3
-6
16
10
19
7
-12
15
51
-43
-6
73
-23
-57
71
-26
-23
32
-4
-29
61
10
-54
48
82
-74
-9
120
-47
-49
116
10
-51
60
66
-76
32
73
-55
22
9
29
0
-54
23
37
-43
-33
52
29
-51
-13
71
-17
-54
57
21
-34
-28
58
-54
-23
28
31
-73
-9
87
-49
-85
65
70
-120
-45
153
-39
-141
60
112
-124
-61
163
16
-157
55
119
-105
-58
92
47
-86
-33
99
-15
-85
19
73
-48
-70
87
52
-89
-19
79
-14
-37
-12
44
6
-76
-19
66
-15
-54
18
22
4
-42
-6
60
-30
-28
29
26
-46
-3
34
-4
-23
32
18
-17
-19
48
14
-64
51
52
-96
-16
88
-22
-95
58
63
-103
-42
84
-25
-82
-13
51
-18
-104
51
28
-89
0
46
-42
-33
52
-47
-48
32
9
-58
-36
44
-19
-90
37
46
-72
-27
103
-4
-30
23
47
15
-30
49
86
-56
8
83
-21
-17
58
42
-33
1
103
-30
-43
70
52
-61
13
93
10
-63
32
58
-19
-40
56
34
-58
0
31
-16
-56
50
6
-32
30
-9
-34
6
-5
4
-20
24
-4
-14
-10
-15
52
-45
5
74
5
-10
17
51
-7
-3
59
-9
24
38
-40
12
20
-22
-24
48
29
-40
-16
55
-5
-79
56
53
-12
-54
85
33
-49
13
55
26
-41
24
37
-36
-4
-3
53
-28
-39
47
-7
-79
12
32
-45
-14
-6
2
-8
-77
-15
49
-23
-96
64
60
-114
-48
88
-6
-95
36
89
-82
-55
67
1
-54
3
51
-3
-35
21
36
-37
7
43
37
-49
38
70
-53
-4
115
-42
8
41
-12
17
-2
-12
20
29
-12
-12
28
-24
-26
-6
8
22
7
-9
45
-18
16
14
22
23
8
7
25
28
-2
4
20
45
5
-12
37
39
-53
20
55
4
-48
63
16
-62
49
-11
-4
34
-42
34
50
-34
14
51
-5
5
41
10
-15
84
-27
1
70
-7
-34
70
42
-63
22
86
-15
-80
111
41
-88
33
79
-21
-37
22
68
-15
-67
78
55
-104
3
81
-28
-87
49
51
-112
11
53
-61
-9
-1
50
-42
-41
59
19
-65
34
62
-54
-27
69
7
-39
-5
63
-20
-41
41
38
-36
-9
93
-20
-63
92
46
-103
50
75
-35
-68
85
36
-62
-5
113
-32
-48
59
27
-8
-30
31
25
-20
-56
62
10
-53
14
22
1
-19
-1
22
1
-27
20
25
-28
9
45
-34
-3
67
-43
-64
86
-18
-89
49
37
-49
-36
25
2
-5
-42
41
26
-24
-29
14
86
-100
-21
112
-25
-64
34
69
-55
-74
89
42
-84
-10
120
-9
-108
90
84
-87
-24
128
12
-131
67
102
-80
-24
92
28
-47
-1
69
0
-42
10
64
-24
-35
31
39
-35
0
34
13
-9
-14
31
4
-4
-6
12
25
-12
7
6
18
15
-3
17
12
16
-3
18
21
-7
5
55
-29
-11
70
-3
-42
59
31
-69
32
37
-54
-2
17
33
-59
3
52
-35
-49
74
22
-74
12
54
-51
-51
83
-21
-95
38
61
-76
-47
97
6
-93
16
86
-18
-89
47
100
-40
-124
105
101
-187
-13
169
-49
-157
83
93
-111
-68
106
15
-124
25
79
-72
-55
61
8
-47
2
52
-22
-25
7
44
15
-63
43
47
-50
3
27
40
-33
-33
80
13
-67
42
-8
6
-33
44
-2
-40
45
-3
-65
64
43
-62
4
66
-7
-62
43
40
-25
-36
51
45
-77
8
65
-35
-28
36
49
-40
-36
55
31
-59
23
82
-23
-14
25
23
9
-47
54
44
-28
-18
40
20
-42
-23
85
-47
-31
45
20
-30
0
51
-21
-27
81
1
-61
50
61
-41
-27
105
0
-67
57
66
-55
9
61
-2
-15
-3
36
-3
-69
37
34
-44
-15
32
36
-50
-19
72
-20
-44
15
33
-26
-46
30
-3
-41
12
-16
-29
15
-29
-48
10
25
-32
-70
73
4
-102
20
83
-74
-38
57
26
-70
-34
98
-48
-54
68
8
-55
-26
71
-45
-70
63
37
-76
-13
92
-43
-69
66
20
-74
12
27
-20
-42
15
-4
-34
-9
26
-22
-17
-3
17
-14
-48
43
13
-39
-32
61
-33
-84
46
1
-26
-42
17
13
-81
17
33
-48
-10
20
11
-65
28
19
-44
-3
40
-33
-30
38
8
-40
-5
61
-38
-31
60
-3
-71
42
36
-60
-35
70
-10
-76
57
31
-35
-32
36
16
-51
-4
53
-31
0
13
-11
36
-40
0
34
-10
-19
12
15
-36
-7
12
-26
-1
5
-5
-22
3
13
-38
4
15
1
-9
3
17
3
13
16
20
22
21
18
38
-7
22
15
3
15
9
-15
11
6
-11
-14
20
12
-6
21
-3
20
-4
20
16
6
47
10
23
21
14
30
-16
14
42
6
-34
30
38
-46
-32
46
37
-66
17
45
-11
-39
4
36
-22
-44
34
27
-40
-23
16
20
-43
-2
36
-3
-46
17
30
-62
25
19
-14
-17
11
17
-34
-16
4
-3
-29
-28
13
16
-54
-1
39
-39
-20
30
-15
-22
12
-10
-8
30
-43
27
22
-47
18
41
-72
18
52
-45
-30
37
19
-52
16
37
-36
-2
13
-5
-3
12
1
-14
14
0
-45
14
12
-55
9
47
-27
-14
25
0
-16
-7
32
4
-50
25
13
-51
-7
61
-37
-49
72
3
-66
33
48
-52
-11
57
-29
-43
47
19
-61
29
67
-51
-19
83
18
-57
31
70
-12
-49
62
66
-57
-26
112
-8
-78
43
88
-78
-61
94
11
-86
-17
90
-16
-91
38
119
-75
-68
110
39
-122
23
105
-53
-90
57
47
-111
-27
89
-46
-79
57
12
-48
-15
41
-6
-30
26
11
7
10
-4
26
17
-31
13
56
-48
-25
42
4
-64
9
35
-27
-38
21
4
-27
-18
21
1
-26
10
-12
-18
-1
-17
-9
24
-10
-54
39
35
-103
10
71
-54
-68
63
-22
-65
-4
30
-38
-34
30
0
-40
1
17
-1
-44
15
33
-22
-25
22
27
-41
-24
28
11
-49
-29
13
-2
-33
-53
52
23
-82
3
68
16
-101
47
95
-85
-53
98
-3
-91
21
57
-46
-48
53
21
-66
1
50
-24
-48
20
59
-66
-42
82
-25
-64
12
46
-20
-24
9
40
-8
-43
21
37
-20
-33
50
-9
-50
16
11
-26
0
-11
-10
-30
21
-6
-34
27
21
-22
1
61
-10
-19
20
27
-19
-15
56
-17
-23
14
20
-25
-22
51
16
-49
27
54
-22
-63
69
58
-110
1
105
-73
-90
57
28
-94
-40
70
-19
-78
15
56
-19
-54
18
51
-29
-47
21
28
-61
-32
30
19
-53
-23
70
-11
-51
34
21
-25
1
35
-13
-26
11
27
-26
-27
44
9
-60
-4
34
-28
-64
5
22
-37
-62
8
16
-50
-18
-2
48
-25
-38
38
10
-44
-20
21
10
-34
-30
20
-14
-70
-9
37
-68
-42
44
-33
-65
24
30
-67
-30
40
-2
-60
-31
47
-12
-87
26
45
-50
-45
67
-6
-54
31
30
-34
6
42
-18
-12
28
1
-9
3
14
3
-6
6
18
14
7
-1
20
36
-17
15
52
-9
-11
13
24
-18
-3
29
3
-28
16
-3
-24
-5
5
-17
-29
-6
6
-43
-29
24
-5
-42
17
34
-22
-20
41
38
-44
26
52
-27
2
34
14
-7
2
33
6
3
0
23
-2
-24
17
9
-38
23
0
-7
-2
28
23
-18
22
43
10
-25
70
22
-21
10
48
26
-50
19
49
-42
-55
43
10
-49
-9
54
-20
-58
42
29
-38
-4
56
9
-54
30
30
-53
-12
11
14
-56
-7
36
-24
-41
26
29
-38
10
23
4
-32
8
-19
-3
-5
-40
25
-6
-33
-16
14
-13
-5
12
12
14
3
-28
24
-12
-39
3
25
-46
-15
14
-4
-42
11
8
-31
11
-18
-16
9
-18
-50
28
-7
-72
8
11
-35
-52
22
-8
-45
-16
3
3
-45
-17
16
-11
-30
21
4
8
-16
17
7
-21
-19
15
-1
-17
-9
19
-29
-15
9
8
-8
1
20
-6
-10
-5
17
-5
-2
20
16
2
-5
26
12
-5
-3
21
-5
-12
-5
-4
-15
-15
-7
-14
6
-7
-20
-21
-9
0
-27
3
39
-29
-12
34
6
-17
5
33
15
-15
28
31
8
-23
27
52
-37
-2
51
-1
-50
16
21
-52
-1
37
3
-30
17
10
-7
22
16
4
39
25
-9
17
33
-3
-20
54
22
-29
19
31
-7
-10
28
23
-4
15
10
-16
-4
3
-21
-20
23
-16
-25
42
9
-32
23
18
20
-9
40
12
-10
19
21
6
14
7
23
15
1
1
19
-3
-34
19
18
-33
-16
22
-11
-49
13
27
-27
-30
40
18
-39
5
57
-9
-6
28
16
-8
-8
12
-7
2
-20
0
6
-29
-10
5
-32
14
-1
-15
7
26
-3
30
30
14
9
11
24
8
-3
24
10
-17
19
17
-12
14
-2
24
17
-1
16
10
-3
10
10
16
11
-4
19
10
-1
26
17
7
21
12
-4
36
0
-14
27
10
-11
7
41
-4
-2
45
34
-10
19
66
4
-7
40
12
-13
18
18
-3
-8
8
27
-14
17
17
16
-1
15
9
-21
0
2
15
-4
11
37
0
-5
27
22
8
4
52
12
-5
21
26
-16
-8
33
-1
-12
14
12
-2
-3
9
18
20
26
-1
40
27
-1
20
28
2
-5
27
4
6
1
1
4
9
5
11
14
10
-8
13
37
-9
21
16
23
-5
14
29
5
-11
14
13
-24
-21
26
-12
-31
17
15
-14
-12
17
22
-13
-15
49
19
-50
11
45
-27
-29
40
18
-27
-10
24
-6
-9
-20
29
22
-38
10
33
-24
-28
33
4
0
13
22
2
-1
19
16
-12
23
14
-18
7
29
-16
-28
27
28
-32
5
42
-4
-31
14
40
-15
-17
30
16
-23
-5
29
-2
-5
20
37
13
-9
30
34
-25
9
54
-7
-7
34
23
-20
2
33
16
-13
13
29
1
-26
30
31
-22
4
42
-1
1
26
9
-1
-9
27
2
-1
32
-3
4
19
8
9
13
24
8
22
7
8
14
11
15
18
13
11
15
4
8
18
2
10
4
13
27
-3
-10
25
0
-24
19
32
-11
-15
20
8
-15
9
24
21
5
21
26
17
14
12
32
23
19
26
22
3
12
10
0
7
12
-14
-11
14
-7
-23
-1
0
-7
-10
-3
-5
-15
1
4
-6
10
18
0
4
21
-3
-10
-7
3
-6
-15
1
12
-22
-21
-9
-10
-29
2
-19
-8
-1
-19
-6
-4
-1
-13
5
2
-3
-11
13
-2
-1
4
-4
2
16
6
-8
9
12
6
-3
18
31
-8
1
28
15
-4
5
21
-2
-8
24
9
-10
3
13
-12
-4
4
14
-4
-11
28
2
-12
20
5
14
-12
27
29
-15
17
28
14
8
31
25
7
0
29
25
-6
11
38
-16
-21
26
-2
-31
-1
7
-12
-28
9
1
-1
-2
22
16
-2
16
17
1
24
8
8
28
4
11
15
14
2
-9
25
16
-16
6
10
-8
-7
7
6
5
20
-5
28
34
0
17
44
3
1
26
13
1
-4
7
2
3
-10
14
14
-24
-11
17
-17
-35
2
8
-27
-20
11
10
-29
-17
23
8
-23
-3
32
8
-28
15
32
-23
-4
22
-5
-13
-2
4
-16
-9
-6
1
4
-26
7
9
-18
-4
23
-1
-23
14
11
-1
8
13
10
-2
6
1
10
1
-19
-4
0
5
-25
-6
30
-30
-31
33
-7
-26
15
13
-2
-3
8
8
12
12
11
16
11
1
-7
0
11
-13
-16
18
-1
-14
12
5
4
-5
8
16
-13
-1
21
-9
-12
4
2
-5
0
15
9
1
-1
8
13
-1
7
8
-6
-5
7
-4
-9
0
6
-3
-9
14
6
-7
13
14
-5
3
20
7
4
15
4
-9
-2
16
5
-7
18
13
-10
1
33
-4
-7
25
19
-6
0
8
-1
-15
-17
8
4
-19
-12
9
-7
-25
-1
18
-8
-5
23
18
-6
5
44
23
-1
30
43
-5
5
33
10
7
19
17
12
4
2
12
-4
-8
8
3
-8
9
7
-5
2
15
8
-6
10
25
-8
-4
17
4
0
4
26
9
-4
19
19
-4
-6
13
5
-16
4
17
-8
-11
6
-1
-18
4
-1
0
-7
-8
6
-14
-14
8
6
-18
11
14
-8
-13
4
-1
-14
-5
-3
1
-9
-10
4
-4
-18
0
10
5
-2
20
13
-9
10
11
-10
13
18
3
11
11
7
7
1
12
6
-11
0
-1
-4
-15
-10
-7
-12
-17
-4
-3
-20
-12
-5
-8
-10
5
-1
-6
9
6
13
-1
13
20
1
3
19
15
-10
6
23
-3
-10
6
-2
-9
-4
0
7
-6
-9
4
1
-2
-4
-4
14
-4
-9
7
20
-1
-2
17
13
-5
0
7
3
-1
-6
-3
-8
-5
-6
4
-6
-6
-5
-8
-5
-1
-6
-19
-6
-5
-15
-10
-6
-6
-18
-16
-1
-8
-10
-4
2
-3
-12
0
-6
-1
1
6
-2
-6
3
-1
-10
5
9
-3
7
3
3
-3
-4
3
9
1
3
15
7
-1
2
16
6
-1
9
15
0
-1
7
7
0
-8
6
2
-10
-3
7
-6
-16
6
12
-9
-5
10
1
-9
0
2
5
-8
-3
14
-13
-12
5
-4
-16
5
12
-7
4
16
2
-3
6
10
-4
-6
8
2
-9
5
7
-3
-1
11
16
6
6
9
6
-2
9
10
2
15
7
-10
4
16
3
-6
15
16
-4
-3
17
6
-8
12
23
3
-1
17
8
-6
7
11
4
-5
10
13
2
-3
13
15
-1
5
19
8
-3
6
10
-1
-8
-7
4
-5
-13
-6
1
-10
-12
0
10
1
1
13
14
5
4
17
7
3
7
11
5
-5
1
-3
-16
-9
4
-9
-21
-13
-4
-14
-19
0
-4
-15
-11
-1
-3
-14
-4
7
-3
-7
3
3
-7
1
1
-3
-4
-4
-5
-11
-13
-6
-6
-16
-8
-3
-11
-7
-8
-10
-10
-8
0
-6
-2
-2
0
5
1
-4
-3
2
-9
-10
6
-6
-13
-4
-5
-16
-5
2
-12
-12
-2
-10
-17
-11
-8
-6
-10
-9
-8
-15
-14
-14
-18
-13
-14
-16
-12
-11
-20
-25
-15
-12
-21
-9
-12
-20
-17
-19
-21
-19
-18
-18
-20
-13
-17
-22
-17
-22
-16
-21
-16
-14
-16
-17
-13
-10
-15
-14
-16
-14
-20
-17
-15
-21
-16
-11
-8
-19
-23
-10
-16
-24
-10
-9
-17
-19
-11
-8
-14
-12
-5
-7
-16
-13
-9
-15
-18
-7
-7
-18
-22
-12
-14
-33
-20
-11
-23
-21
-19
-13
-19
-19
-13
-11
-13
-12
-7
-9
-4
-4
-3
-4
-6
-6
-4
0
-2
-3
-3
-6
-5
-8
-5
-7
-15
-12
-10
-15
-16
-13
-11
-7
-10
-8
-9
-5
-10
-6
-4
-7
-4
2
-3
-9
-4
-4
-5
-13
-9
-4
-10
-11
-8
-10
-8
-10
-2
1
-8
-11
-10
-5
-6
-11
-1
-10
-16
-10
-8
-9
-9
-5
-3
-7
-4
2
1
-9
-15
-2
21
13
-9
-7
3
10
8
0
-4
-8
2
4
-13
-14
-1
-9
-24
-24
-17
-15
-14
-18
-21
-22
-15
-14
-14
-18
-15
-8
-5
-17
-18
-6
-12
-20
-15
-12
-20
-22
-16
-16
-23
-22
-12
-18
-26
-24
-15
-23
-32
-26
-17
-18
-20
-24
-23
-17
-20
-19
-20
-16
-15
-13
-15
-17
-17
-12
-13
-16
-18
-15
-17
-21
-20
-15
-15
-20
-23
-21
-17
-18
-15
-13
-11
-16
-10
-6
-15
-14
1
-4
-18
-9
-5
-12
-15
-6
-8
-12
-7
-6
-5
-7
-3
1
-5
-9
-3
-1
-9
-16
-10
-12
-12
-11
-9
-18
-17
-12
-17
-16
-11
-12
-15
-18
-20
-26
-19
-16
-18
-18
-17
-15
-15
-16
-15
-17
-19
-10
-8
-15
-7
0
-9
-8
0
2
-6
-1
1
-2
-5
-11
-5
-4
-11
-10
-5
-8
-9
-15
-9
-6
-15
-14
-14
-17
-29
-22
-19
-26
-24
-16
-18
-23
-16
-11
-17
-27
-11
-14
-19
-14
-14
-19
-25
-20
-21
-25
-24
-21
-24
-29
-24
-22
-21
-25
-28
-27
-23
-25
-20
-19
-24
-28
-18
-17
-28
-22
-19
-20
-19
-17
-16
-17
-17
-18
-18
-17
-24
-22
-22
-23
-31
-30
-26
-31
-32
-31
-28
-35
-34
-40
-39
-37
-34
-35
-34
-28
-27
-24
-24
-26
-19
-20
-25
-22
-24
-24
-20
-16
-16
-16
-13
-15
-16
-14
-13
-18
-20
-14
-15
-12
-17
-19
-16
-19
-18
-15
-19
-16
-21
-14
-12
-18
-14
-9
-11
-18
-11
-11
-14
-9
-8
-10
-9
-7
-9
-11
-14
-12
-14
-10
-13
-10
-7
-10
-11
-12
-12
-11
-11
-7
-14
-10
-9
-16
-13
-13
-9
-16
-12
-8
-16
-15
-11
-13
-13
-13
-7
-6
-16
-12
-2
-11
-10
-6
-7
-15
-9
-7
-16
-17
-21
-14
-18
-22
-19
-16
-15
-19
-20
-21
-17
-16
-17
-17
-22
-18
-19
-18
-19
-21
-20
-20
-23
-21
-23
-17
-19
-22
-23
-23
-23
-23
-22
-21
-26
-23
-21
-29
-29
-29
-31
-39
-33
-32
-32
-34
-34
-31
-39
-38
-37
-41
-36
-35
-32
-28
-32
-33
-35
-32
-32
-29
-24
-24
-27
-28
-27
-28
-30
-36
-34
-33
-39
-38
-36
-34
-40
-43
-36
-35
-40
-35
-33
-36
-31
-27
-33
-30
-20
-22
-22
-19
-15
-17
-16
-12
-14
-12
-13
-4
-8
-12
-8
-8
-10
-10
-8
-8
-4
-12
-7
-8
-11
-4
-10
-14
-11
-8
-9
-13
-8
-4
-8
-11
-11
-11
-14
-14
-12
-8
-11
-16
-14
-12
-11
-14
-11
-13
-14
-10
-11
-11
-8
-8
-10
-11
-10
-12
-9
-9
-12
-13
-9
-13
-12
-16
-18
-15
-12
-11
-15
-13
-12
-12
-16
-11
-10
-8
-10
-9
-14
-17
-11
-15
-14
-14
-21
-15
-16
-19
-17
-11
-11
-13
-16
-15
-19
-23
-21
-22
-24
-25
-20
-21
-23
-18
-21
-22
-24
-18
-18
-22
-24
-21
-18
-23
-22
-17
-24
-22
-16
-17
-22
-21
-16
-17
-18
-23
-16
-26
-28
-26
-28
-34
-35
-36
-39
-38
-38
-38
-38
-38
-39
-40
-35
-30
-32
-30
-29
-32
-30
-25
-24
-31
-33
-26
-30
-31
-31
-29
-30
-37
-32
-29
-26
-26
-28
-24
-24
-20
-23
-22
-25
-19
-17
-18
-16
-14
-16
-21
-13
-12
-15
-15
-15
-13
-13
-14
-10
-9
-10
-8
-11
-11
-11
-7
-2
-5
-8
-2
-8
-8
-16
-6
-5
-8
-7
-12
-8
-10
-8
-11
-11
-14
-9
-12
-13
-10
-10
-6
-6
-5
-3
-3
2
5
1
1
2
4
2
0
8
3
-1
5
5
-3
-4
-2
-5
-5
-1
-2
-4
-6
-6
-7
-10
-8
-10
-12
-9
-11
-9
-5
-6
-5
-10
-8
-11
-13
-9
-7
-5
-11
-11
-9
-11
-9
-11
-12
-13
-14
-15
-18
-18
-16
-14
-19
-22
-20
-23
-24
-23
-24
-24
-25
-26
-26
-24
-24
-25
-25
-18
-20
-23
-23
-23
-20
-20
-26
-30
-31
-33
-27
-29
-29
-22
-24
-29
-26
-22
-28
-33
-24
-21
-29
-29
-27
-27
-28
-34
-33
-38
-36
-38
-37
-35
-35
-33
-36
-36
-36
-33
-29
-28
-29
-28
-31
-24
-21
-24
-24
-19
-19
-19
-19
-12
-16
-13
-17
-17
-8
-20
-18
-15
-17
-20
-14
-11
-12
-12
-6
-4
-6
-7
-4
-5
-4
0
3
1
3
4
2
9
7
7
6
9
9
3
1
4
2
-1
-1
-5
-1
-2
-1
-4
-5
-5
-5
-3
-4
-4
0
0
0
-2
-1
1
-7
-5
-8
-6
-7
-7
-5
-8
-7
-8
-8
-6
-7
-3
-8
-7
-6
-3
-6
-6
-2
-7
-9
-6
-4
-4
-4
-5
-5
-1
-5
1
0
3
8
4
1
4
4
-4
-2
-3
-2
-3
-8
-12
-9
-15
-16
-17
-22
-24
-24
-25
-24
-21
-20
-23
-21
-18
-21
-20
-19
-17
-16
-17
-15
-18
-22
-17
-18
-17
-21
-23
-22
-22
-26
-24
-22
-24
-20
-19
-23
-23
-18
-17
-20
-22
-16
-20
-20
-18
-16
-17
-15
-18
-22
-18
-22
-17
-20
-24
-20
-24
-24
-25
-22
-20
-27
-29
-22
-22
-21
-22
-22
-17
-16
-12
-12
-12
-11
-8
-4
-4
2
1
1
-1
-1
3
-2
-1
-2
-2
-5
-5
-9
-7
-7
-6
-4
-7
-6
-8
-7
-8
-5
-2
-3
-2
-3
-4
3
0
-1
1
1
1
0
5
6
3
5
3
0
1
3
3
6
1
-3
3
-1
2
1
5
2
1
4
1
1
2
4
8
13
12
10
13
11
6
10
6
6
0
0
4
4
6
2
2
3
-2
-7
-8
-8
-7
-14
-11
-10
-9
-12
-10
-3
-5
-9
-9
-8
-9
-6
-7
-8
-10
-6
-7
-14
-11
-12
-15
-15
-19
-20
-21
-16
-20
-19
-19
-16
-21
-19
-19
-23
-21
-19
-18
-22
-22
-24
-26
-24
-24
-26
-24
-24
-22
-21
-22
-19
-19
-20
-21
-21
-22
-20
-17
-21
-18
-15
-17
-18
-20
-20
-22
-18
-24
-19
-19
-18
-16
-17
-13
-16
-15
-19
-17
-16
-18
-19
-16
-16
-15
-13
-15
-10
-10
-10
-5
-6
-8
-5
-4
-15
-12
-16
-15
-15
-21
-12
-12
-12
-14
-12
-13
-7
-7
-11
-8
-3
-2
-2
-4
-6
0
-2
-3
-4
1
3
3
7
8
7
12
17
13
14
12
7
8
9
5
3
7
5
7
1
1
1
0
0
0
1
2
0
0
-1
-2
0
2
-1
1
-2
-2
-5
-2
0
-4
-2
-2
-4
-3
-2
-8
-8
-9
-10
-13
-14
-15
-8
-6
-10
-5
-9
-6
-2
-3
-3
-3
-9
-8
-6
-10
-11
-13
-12
-17
-18
-17
-16
-15
-14
-16
-17
-18
-17
-15
-16
-17
-14
-15
-14
-13
-13
-14
-18
-16
-15
-17
-21
-21
-21
-24
-24
-24
-28
-28
-29
-26
-23
-23
-27
-23
-21
-27
-23
-30
-25
-22
-21
-22
-23
-21
-24
-25
-24
-18
