-1
5
2
1
5
4
2
0
0
1
-3
-3
-3
-6
-4
3
0
-1
-2
-5
-2
3
3
5
7
6
8
7
5
5
8
7
6
7
6
9
11
8
7
8
8
8
4
5
5
10
10
7
10
10
12
12
14
13
11
11
15
15
13
12
6
7
11
12
9
8
9
9
9
10
11
9
7
5
9
9
12
14
14
15
14
12
12
15
12
12
14
11
11
9
14
16
13
14
13
12
18
14
16
17
17
15
16
20
16
20
18
17
15
17
10
13
9
9
11
7
10
13
8
7
6
6
8
4
9
4
5
6
10
1
1
5
3
4
2
-1
1
1
-1
2
1
3
-4
-2
1
5
3
-3
0
-2
-2
-1
-1
-5
-8
-12
-12
-8
-10
-11
-7
-7
-5
-2
-4
-6
-8
-3
-1
-4
-4
-3
4
-2
-4
0
-2
0
-4
-3
1
-3
0
5
-2
-6
-5
-3
-1
0
-4
1
0
-3
-1
1
0
-5
-9
-4
-5
-5
-3
3
3
3
8
6
6
9
6
6
4
4
6
5
6
4
2
2
3
4
3
4
2
3
5
3
2
1
2
3
5
8
7
6
8
6
9
7
10
4
4
4
-1
5
2
3
-2
4
4
2
5
4
9
0
5
6
2
6
4
3
2
-1
-1
-2
-1
3
5
7
8
7
4
7
12
9
11
8
12
10
4
6
8
5
7
7
3
4
2
3
3
3
-2
-1
1
-2
-2
-3
-4
-6
-4
-6
-4
-4
-4
-5
-2
-4
-7
-8
-6
-4
-6
-2
-4
-7
-14
-11
-9
-9
-12
-9
-11
-13
-8
-15
-10
-10
-12
-10
-4
-7
-9
-9
-6
-7
-11
-11
-9
-10
-9
-8
-8
-9
-8
-9
-7
-7
-7
-9
-8
-3
-5
-10
-9
-4
-7
-8
-4
-3
-8
-10
-5
-11
-4
-2
-3
1
-4
2
0
2
5
7
3
6
4
4
6
3
3
6
6
9
5
2
6
5
3
4
7
2
4
4
2
2
3
2
5
6
7
9
9
11
15
16
14
17
18
17
21
18
13
13
16
13
14
16
15
14
13
14
15
16
15
16
14
14
11
9
6
7
7
3
2
5
7
5
6
5
4
6
5
4
6
2
3
-1
-2
1
3
2
5
6
-4
-3
-5
-6
-6
-12
-2
-1
0
-5
-3
-8
-5
-5
-10
-9
-9
-11
-14
-12
-16
-12
-12
-12
-13
-12
-15
-16
-20
-17
-14
-16
-12
-10
-12
-14
-14
-13
-13
-14
-13
-14
-10
-13
-14
-17
-16
-13
-14
-16
-14
-16
-14
-13
-13
-11
-8
-7
-12
-6
-8
-11
-11
-9
-10
-11
-6
-7
-9
-6
-5
-9
-9
-7
-7
-1
0
-2
0
-1
0
-2
-1
0
1
-1
0
2
-5
-5
0
2
2
4
4
5
10
6
3
9
14
11
14
13
12
13
12
15
17
16
11
12
11
10
11
8
10
11
12
9
14
16
14
12
12
11
16
15
14
17
15
12
13
14
11
10
13
15
15
12
10
8
8
10
9
7
7
5
5
7
3
2
6
2
-2
4
3
1
5
-1
3
4
4
3
3
3
1
0
-2
-4
-3
-11
-8
-4
-4
-2
-5
-7
-9
-10
-10
-2
-1
-6
-9
-7
-7
-11
-5
-8
-7
-10
-7
-10
-9
-10
-11
-10
-11
-10
-12
-14
-17
-15
-14
-16
-17
-16
-18
-15
-14
-12
-11
-14
-10
-11
-11
-9
-6
-7
-7
-5
-6
-9
-9
-3
-7
-6
-6
-4
-3
0
6
2
3
7
9
8
6
7
9
9
13
13
8
12
11
11
14
14
10
15
14
15
17
13
14
17
15
22
18
18
21
20
23
22
19
19
17
18
19
19
20
15
25
23
19
17
15
20
20
19
20
21
18
21
21
17
21
20
19
18
19
22
20
24
17
14
17
17
16
17
15
18
21
19
17
18
21
18
20
20
18
18
18
20
19
19
21
15
10
16
12
14
12
11
14
13
13
12
12
9
8
8
10
7
7
6
3
4
5
6
2
6
6
5
3
3
1
-2
1
0
-3
-2
-4
-5
0
-1
1
-2
-1
0
5
4
2
7
3
8
12
7
7
4
3
6
1
2
0
1
0
-3
-4
-2
0
-1
-1
-1
1
-1
-3
-2
-3
-5
-1
-2
0
-6
-2
2
1
2
1
-4
1
7
6
8
13
11
11
15
14
15
14
16
19
20
22
18
18
23
19
17
17
24
21
23
23
24
23
22
21
21
23
22
21
22
20
21
24
21
20
22
21
24
24
29
27
26
32
29
28
23
21
26
21
22
22
25
27
22
26
23
22
20
24
26
23
22
23
22
25
26
29
31
25
26
25
24
19
19
17
17
21
18
17
15
12
13
15
12
13
14
7
9
6
3
7
7
8
6
5
2
6
13
12
9
7
4
3
2
8
3
-4
-3
-4
-3
2
1
3
5
1
7
6
10
6
7
11
9
5
2
5
3
5
3
6
1
0
0
1
7
8
5
14
14
17
16
10
13
11
17
17
14
11
12
14
15
15
18
23
19
19
18
20
21
19
21
18
19
17
19
20
22
20
16
24
18
19
24
24
22
23
28
28
29
31
29
32
32
32
32
36
34
37
35
37
34
33
29
25
27
24
30
24
28
29
26
31
25
28
29
28
30
27
26
25
27
24
22
19
22
21
19
19
21
17
16
14
20
26
23
20
10
16
22
25
21
17
15
14
19
19
18
16
23
20
20
17
23
14
14
13
14
22
10
5
1
8
9
4
-4
-1
7
8
-1
-9
0
8
9
-5
-6
10
12
7
2
5
7
8
5
1
5
6
13
11
3
3
11
9
9
10
11
19
20
18
17
18
27
26
25
30
36
45
39
40
44
51
57
52
59
64
67
70
73
75
74
78
75
76
74
76
75
71
71
66
60
59
55
51
46
41
33
28
26
18
15
16
4
5
3
-1
1
-1
4
-3
-1
1
2
-3
1
-2
-11
-1
-1
-10
-13
-3
-1
-16
-18
-13
-11
-14
-20
-20
-20
-18
-13
-28
-26
-20
-21
-25
-30
-11
-18
-29
-10
-4
-11
-15
-3
0
4
1
-4
7
24
11
-5
6
26
21
12
14
12
17
20
4
-2
11
17
14
0
-2
13
15
-3
-12
0
11
6
-7
-6
9
6
1
-10
-1
3
-4
-8
-5
7
24
32
33
45
60
71
83
84
99
111
113
116
126
125
122
118
119
119
115
121
113
104
96
90
86
80
72
60
53
45
36
33
29
19
12
8
10
5
4
4
4
4
6
9
11
15
17
22
20
28
33
34
39
38
40
43
47
48
50
50
51
49
51
44
44
41
33
28
24
16
11
3
0
3
-5
-8
-5
-7
-1
3
15
5
3
13
15
18
0
5
13
18
-1
-7
-1
19
1
-24
-13
16
-11
-29
-10
-8
-24
-26
-15
-23
-25
-5
-20
-53
-36
3
-9
-49
-44
-3
-10
-34
-33
-21
-14
-9
-18
-33
-22
-11
-6
-28
-37
-23
-15
-22
-25
-38
-22
-7
-11
-31
-19
-12
0
-6
-16
-16
-7
1
1
-4
13
35
40
31
37
68
84
85
87
102
112
119
127
124
127
126
130
129
126
125
123
112
105
101
96
90
79
77
67
63
55
49
44
31
22
23
21
18
9
6
6
8
15
17
12
18
21
23
23
32
35
38
34
37
47
44
55
54
51
56
63
69
63
58
60
57
52
46
46
43
36
31
26
22
19
18
23
10
17
21
10
4
16
-2
8
21
-6
-4
7
10
-5
-16
11
8
-25
-28
-11
3
-31
-24
-23
-12
-14
-43
-32
-1
-28
-68
-24
3
-43
-70
-21
-21
-54
-50
-39
-28
-50
-47
-46
-37
-51
-56
-33
-38
-48
-56
-42
-32
-42
-47
-48
-36
-24
-39
-47
-31
-27
-27
-17
-32
-31
-6
-15
-43
-28
-14
-10
-16
10
18
14
17
29
53
54
65
80
84
87
100
110
112
109
113
114
118
123
111
115
104
98
94
96
93
77
76
69
63
52
41
36
31
26
23
20
17
9
5
1
5
14
12
13
13
12
16
20
34
33
35
40
53
49
47
58
64
59
60
68
78
72
57
57
54
61
55
52
51
49
45
31
32
31
38
11
18
23
35
12
9
1
15
38
-13
13
18
10
2
20
-24
11
22
-13
-22
13
11
-18
-31
-20
17
-15
-51
-23
6
-28
-40
-47
-19
-28
-33
-52
-47
-21
-28
-51
-68
-23
-16
-44
-69
-29
-4
-59
-65
-37
-34
-58
-58
-56
-41
-50
-59
-67
-46
-55
-55
-48
-47
-49
-37
-45
-52
-45
-39
-45
-47
-42
-36
-15
-4
1
-7
0
20
39
41
42
57
74
87
84
90
105
110
104
108
110
120
113
102
93
88
93
90
89
69
65
67
54
46
39
29
28
16
8
10
6
3
-4
-4
0
7
6
6
8
8
15
25
20
19
29
22
21
34
37
24
32
47
45
39
49
65
54
35
43
61
63
35
35
57
53
42
34
37
35
60
17
40
36
47
35
11
32
22
61
15
-16
21
58
3
-31
25
10
9
-17
-29
20
-16
-24
-6
-22
-27
-7
-21
-62
-34
-37
-47
-51
-54
-63
-39
-63
-80
-45
-51
-80
-80
-44
-57
-81
-69
-58
-41
-67
-84
-59
-49
-63
-70
-61
-68
-56
-35
-76
-79
-57
-42
-57
-63
-55
-43
-46
-52
-50
-52
-52
-55
-56
-47
-37
-15
-11
-24
-9
1
16
29
33
42
57
61
72
85
92
86
81
97
103
103
99
87
91
83
80
80
71
61
45
34
24
20
25
14
2
-1
4
1
4
-5
-15
-11
-9
-2
1
4
0
4
5
16
6
17
43
6
-12
39
52
20
13
33
44
41
28
47
35
33
48
45
26
51
55
36
22
36
47
44
15
29
51
23
23
48
3
11
50
-4
4
10
13
14
-18
-26
-6
22
-10
-36
-29
-10
18
-53
-58
-21
13
-52
-55
-48
-34
-33
-56
-82
-52
-46
-56
-46
-84
-73
-33
-67
-82
-43
-52
-67
-61
-62
-41
-48
-94
-77
-23
-49
-101
-61
-35
-47
-77
-61
-47
-40
-70
-58
-61
-50
-45
-57
-68
-51
-34
-60
-79
-56
-48
-66
-73
-31
-5
-26
-57
-18
29
20
8
23
52
64
58
62
81
95
88
72
84
109
108
87
74
71
73
69
67
52
49
41
28
14
21
12
3
-10
-3
-1
-2
-6
-19
-12
-23
-9
1
-4
-1
-11
-23
7
11
-3
-12
16
11
-11
12
25
4
14
22
12
21
43
44
17
21
32
48
37
24
47
37
15
46
38
16
25
23
25
1
26
41
-5
-16
21
17
6
-8
9
38
-23
-40
12
38
-51
-28
6
-16
-41
-12
-62
-32
-24
-49
-75
-26
-41
-86
-63
-38
-64
-78
-72
-26
-50
-103
-78
-24
-65
-101
-86
-43
-37
-64
-96
-53
-28
-46
-74
-90
-32
-13
-70
-104
-41
-27
-38
-98
-72
-35
-31
-69
-89
-49
-17
-57
-94
-53
-19
-63
-84
-68
-42
-21
-15
-35
-32
2
27
22
13
43
82
62
48
77
119
103
78
82
110
123
103
78
88
101
81
63
68
71
58
41
22
28
31
20
4
1
5
14
8
-9
8
-9
-11
-10
25
16
-34
4
22
-16
-18
27
7
-15
3
25
0
5
28
34
8
-7
35
51
18
10
22
40
36
43
10
47
50
19
36
25
42
24
20
21
55
12
17
21
25
3
6
14
27
5
-25
14
10
-13
-32
-3
17
-37
-64
6
2
-31
-58
-41
-26
-7
-29
-71
-64
-11
-37
-73
-61
-32
-47
-45
-63
-61
-36
-43
-75
-34
-25
-85
-69
6
-53
-87
-50
0
-58
-85
-36
-14
-65
-88
-25
-9
-70
-74
-27
-7
-51
-68
-42
-21
-36
-72
-55
-30
-29
-73
-79
-49
23
-6
-54
-25
34
30
2
20
73
72
53
46
88
114
89
69
91
119
113
85
93
103
89
58
65
81
76
42
30
37
36
30
17
16
2
27
11
-4
16
7
1
-4
-6
10
17
19
-3
-12
17
28
-14
-4
21
9
0
4
19
24
20
-2
23
27
36
30
30
30
24
31
64
27
-2
62
67
-10
11
80
25
-2
2
45
27
5
1
2
14
15
-20
-21
19
-14
-1
-15
-31
-4
13
2
-73
-51
23
4
-90
-76
-8
16
-80
-86
-18
-1
-90
-74
-29
-36
-56
-78
-55
-24
-35
-113
-71
15
-23
-159
-38
30
-40
-97
-35
-18
-52
-39
-38
-27
-72
-45
9
-49
-105
-3
0
-78
-53
-22
-25
-29
-51
-63
-23
-29
-47
-77
-48
-31
-35
-32
-4
-2
-14
-7
28
38
53
72
65
67
91
113
98
98
109
111
95
106
106
98
93
75
61
70
93
52
32
25
37
23
14
4
9
29
-8
15
16
-10
20
18
-31
-3
41
17
-13
-7
13
11
-5
-7
23
26
-4
-19
11
55
19
-6
14
44
41
34
13
15
57
53
12
31
55
54
21
-10
18
68
40
-35
4
51
47
-20
-55
53
78
-76
-59
72
69
-91
-51
52
7
-56
0
-9
-52
36
-14
-96
-33
38
-42
-70
-66
2
-34
-48
-69
-58
-26
-2
-72
-96
14
-14
-107
-64
23
-35
-103
-53
1
-80
-87
-30
-40
-80
-37
-5
-95
-74
4
-11
-110
-65
17
-5
-83
-76
-42
-14
-27
-94
-68
8
-20
-74
-89
-53
-5
-54
-102
-50
65
31
-77
-40
86
81
14
41
99
121
86
67
107
158
126
85
106
140
141
101
67
83
99
73
61
61
64
35
14
-5
17
11
-2
-17
-7
2
-19
-9
-6
-15
-46
-6
51
-17
-51
11
36
-23
-51
28
41
4
-10
-7
6
21
38
-3
-28
22
94
20
-46
34
57
31
13
-14
35
99
23
-79
-26
141
24
-127
7
150
-39
-116
49
64
-38
-68
29
19
-45
-1
-13
-93
26
-19
-38
-17
2
-100
-15
38
-100
-116
64
0
-143
-100
33
-32
-107
-81
-48
-50
-91
-41
-72
-115
-77
4
-84
-114
-24
-55
-56
-33
-129
-87
75
-72
-158
-73
18
-29
-128
-81
26
-13
-137
-42
35
-80
-122
-11
3
-78
-101
-21
-32
-102
-95
-41
-41
-32
5
-13
-35
14
31
36
49
81
113
93
94
117
158
133
121
134
165
161
119
127
131
102
71
87
103
82
50
37
29
33
17
1
10
-8
-3
-23
-6
-18
-26
-46
-7
-10
-27
-12
-11
-3
-44
-44
25
31
-35
-20
23
-8
-23
34
13
-12
5
69
33
-26
19
82
16
-39
28
90
29
-73
4
54
-15
-41
-13
25
7
-46
-83
52
22
-116
-72
64
4
-148
-25
20
-92
-37
-17
-115
-64
36
-11
-192
-124
46
73
-200
-249
51
90
-191
-227
-75
59
-24
-270
-165
43
12
-202
-219
-33
23
-99
-170
-74
-52
-83
-51
-98
-149
-31
-16
-126
-142
-73
-21
-77
-150
-120
-11
-74
-112
-126
-71
-36
-70
-141
-96
-28
-77
-136
-96
-73
-14
-3
-20
-57
-28
59
58
27
62
155
125
49
95
201
171
122
128
161
184
151
128
117
129
121
89
104
118
82
31
23
21
15
21
18
-28
-33
-37
-37
-27
-40
-53
-36
-31
-15
-26
-50
-25
-3
-38
-52
19
41
-3
-39
-27
16
53
23
-1
42
74
32
4
49
89
55
10
30
63
66
36
-12
12
34
16
-7
0
3
-32
-44
-63
-13
-10
-48
-78
-42
-25
-43
-80
-32
-11
-94
-57
-9
-56
-87
-71
-25
-83
-115
-66
-21
-106
-162
-74
-28
-97
-109
-115
-89
-81
-101
-141
-80
-78
-121
-98
-117
-115
-96
-93
-135
-116
-103
-114
-96
-113
-152
-79
-82
-93
-94
-74
-109
-77
-68
-125
-111
-53
-76
-142
-99
-69
-109
-122
-105
-56
-3
6
-25
-25
7
57
77
83
129
158
117
114
173
199
160
171
195
188
184
171
162
154
147
112
117
136
109
54
39
36
30
4
10
8
-28
-53
-51
-42
-53
-63
-63
-49
-53
-73
-48
-30
-47
-41
-35
2
21
2
-1
17
5
23
66
75
50
37
59
85
84
76
95
87
65
62
54
72
69
26
13
39
47
1
-49
-2
18
-66
-75
11
39
-113
-134
8
-2
-120
-116
24
-17
-147
-130
-11
16
-135
-172
-15
4
-171
-119
-65
-107
-44
-93
-188
-77
-18
-143
-206
-79
-70
-131
-166
-124
-89
-91
-172
-181
-55
-72
-174
-147
-96
-100
-125
-132
-132
-90
-92
-147
-152
-118
-100
-139
-177
-131
-97
-127
-187
-148
-129
-135
-77
-7
-16
-82
-58
47
100
80
86
165
157
100
141
237
239
183
188
204
220
204
173
176
183
156
125
150
151
86
43
53
48
32
39
20
-36
-68
-50
-33
-68
-62
-44
-80
-109
-98
-72
-77
-63
-61
-79
-46
-10
-28
-54
-20
28
22
26
69
99
74
50
81
131
162
150
118
111
126
115
97
127
138
79
33
54
69
25
4
-3
3
-25
-41
-27
-39
-101
-95
-14
8
-20
-45
-71
-4
14
-40
-42
17
-4
-119
-83
-54
-80
-109
-86
-103
-139
-146
-139
-122
-140
-156
-114
-111
-138
-137
-115
-112
-115
-105
-81
-101
-115
-139
-99
-104
-121
-128
-120
-130
-129
-168
-175
-149
-137
-205
-221
-162
-138
-230
-264
-194
-120
-77
-48
-67
-115
-70
59
113
81
155
191
135
119
222
305
278
233
232
262
262
243
238
234
207
179
181
193
159
84
56
65
67
40
45
9
-59
-105
-71
-50
-73
-89
-100
-146
-162
-127
-95
-103
-119
-124
-120
-102
-72
-60
-80
-69
-32
-7
10
27
36
32
56
99
130
154
156
134
127
162
200
207
185
162
145
126
131
129
109
71
44
16
-5
-1
-26
-57
-80
-100
-98
-85
-97
-124
-144
-156
-140
-103
-76
-137
-183
-114
-42
-128
-150
-44
-26
-142
-150
-76
-49
-63
-137
-163
-63
-19
-125
-188
-108
-32
-138
-202
-114
-63
-162
-222
-197
-116
-121
-184
-229
-174
-165
-197
-220
-199
-172
-192
-239
-230
-202
-214
-224
-210
-113
-1
-21
-142
-136
47
172
136
114
206
221
158
186
316
388
312
245
246
273
283
292
269
229
204
190
174
157
117
96
75
48
25
31
16
-65
-128
-79
-46
-83
-122
-120
-149
-188
-162
-106
-101
-131
-147
-147
-129
-70
-29
-59
-73
-40
-13
6
43
77
65
67
106
150
172
185
194
178
196
231
234
228
205
187
170
164
175
145
98
62
41
22
16
0
-49
-86
-89
-99
-109
-94
-103
-148
-169
-150
-125
-111
-126
-146
-118
-111
-146
-91
-69
-116
-106
-25
-70
-133
-58
-29
-104
-85
-18
-36
-112
-98
-83
-80
-100
-102
-128
-161
-164
-154
-158
-178
-198
-235
-223
-200
-209
-234
-234
-235
-245
-260
-244
-237
-218
-130
-5
-51
-184
-129
100
209
133
126
226
236
184
236
389
432
356
279
294
338
358
334
315
300
251
207
213
200
151
120
114
67
23
34
16
-74
-105
-39
-40
-119
-139
-126
-162
-195
-163
-112
-138
-177
-171
-176
-153
-88
-60
-89
-115
-89
-42
-4
36
54
45
51
77
118
176
223
210
189
202
234
246
247
263
241
209
197
191
164
146
126
100
75
56
26
-20
-45
-57
-61
-76
-85
-111
-156
-169
-151
-121
-108
-118
-138
-168
-167
-135
-100
-92
-94
-113
-146
-136
-73
-84
-150
-103
-43
-102
-131
-69
-86
-126
-88
-72
-107
-119
-146
-174
-151
-133
-138
-184
-215
-241
-240
-241
-220
-208
-256
-294
-293
-294
-303
-251
-99
-6
-102
-260
-183
110
233
132
93
205
230
177
245
418
471
351
267
301
374
394
369
338
293
253
241
236
209
170
141
108
60
41
47
8
-83
-105
-38
-43
-135
-164
-151
-177
-190
-135
-100
-156
-198
-188
-170
-136
-62
-44
-120
-154
-106
-42
-1
34
48
19
21
66
117
182
228
212
178
204
240
253
271
295
277
220
213
216
188
163
164
142
90
59
25
-14
-44
-45
-50
-78
-90
-129
-179
-181
-142
-125
-142
-148
-159
-187
-183
-143
-112
-103
-128
-144
-129
-120
-118
-99
-83
-85
-94
-123
-109
-66
-74
-114
-111
-85
-99
-144
-154
-119
-116
-155
-188
-174
-167
-186
-217
-222
-203
-218
-253
-268
-251
-261
-272
-200
-42
-15
-187
-263
-45
196
180
72
124
209
190
201
339
458
407
275
251
324
400
421
375
319
263
237
248
260
234
195
166
103
45
63
89
17
-63
-44
-16
-86
-137
-119
-133
-172
-138
-93
-130
-183
-177
-168
-165
-97
-34
-77
-151
-139
-73
-21
22
50
24
8
22
79
157
223
219
172
193
243
258
272
326
324
261
230
239
230
217
223
190
128
86
66
35
14
14
-13
-57
-75
-97
-132
-142
-119
-113
-139
-160
-169
-186
-185
-152
-138
-137
-137
-154
-172
-148
-108
-105
-112
-107
-108
-115
-115
-93
-73
-83
-83
-105
-147
-140
-110
-106
-124
-125
-142
-180
-204
-192
-187
-186
-197
-236
-273
-274
-267
-276
-249
-83
10
-152
-315
-166
154
243
101
58
165
193
172
282
456
476
317
207
266
390
447
421
344
268
227
232
260
248
211
190
130
40
31
91
64
-34
-42
8
-47
-140
-132
-104
-141
-147
-94
-114
-183
-189
-148
-150
-123
-37
-48
-162
-178
-86
-22
-4
32
27
-31
-38
41
108
164
219
173
98
135
251
313
307
308
276
219
242
290
267
252
250
189
118
103
122
80
33
27
6
-34
-51
-69
-113
-113
-81
-87
-129
-152
-161
-176
-146
-98
-103
-137
-154
-164
-164
-117
-72
-80
-121
-127
-120
-115
-73
-35
-56
-96
-107
-121
-117
-113
-99
-119
-127
-154
-191
-202
-176
-171
-214
-233
-233
-240
-273
-265
-251
-261
-271
-163
-10
-52
-245
-232
64
264
158
74
178
220
157
242
465
518
340
238
293
352
389
437
443
320
175
179
279
283
189
159
152
56
-34
31
95
3
-90
-55
-52
-149
-155
-93
-124
-200
-149
-100
-169
-213
-143
-122
-164
-100
-28
-91
-184
-108
6
9
4
41
37
-10
24
120
190
229
208
139
129
211
308
336
336
289
194
192
272
299
264
243
197
107
62
105
128
65
33
-1
-59
-71
-50
-61
-95
-94
-88
-125
-154
-129
-132
-143
-109
-89
-119
-142
-131
-128
-116
-80
-58
-79
-103
-102
-98
-66
-22
-21
-67
-83
-78
-86
-79
-55
-70
-137
-166
-151
-154
-174
-188
-207
-231
-229
-246
-271
-292
-279
-281
-258
-96
-6
-163
-315
-111
203
215
50
122
279
198
132
344
586
504
256
234
392
460
413
412
454
362
188
182
324
347
218
139
115
43
7
63
57
-34
-63
-54
-145
-200
-110
-90
-209
-233
-137
-148
-260
-235
-129
-152
-188
-118
-76
-156
-182
-91
-21
-21
-2
4
-41
-37
31
154
218
215
134
99
183
282
341
367
348
250
187
253
351
350
291
236
147
93
118
148
124
60
9
-53
-88
-62
-53
-89
-113
-114
-138
-168
-164
-153
-156
-146
-135
-151
-160
-148
-139
-138
-110
-88
-99
-115
-111
-110
-94
-57
-26
-67
-100
-96
-85
-75
-80
-86
-116
-147
-153
-159
-165
-168
-186
-214
-234
-248
-246
-258
-275
-283
-292
-283
-187
-46
-60
-232
-226
60
247
136
67
223
296
188
217
462
576
397
243
335
458
442
382
401
419
306
198
247
308
253
164
133
101
39
30
32
-34
-63
-31
-72
-184
-172
-94
-141
-226
-176
-107
-191
-266
-186
-127
-162
-153
-96
-122
-175
-134
-51
-31
-34
-5
-23
-40
-2
58
89
184
226
135
87
162
282
341
356
334
230
170
273
324
304
309
238
102
48
116
167
99
45
1
-88
-100
-51
-55
-96
-108
-131
-180
-179
-134
-143
-175
-156
-139
-169
-178
-149
-154
-152
-118
-111
-132
-135
-129
-133
-109
-51
-43
-96
-116
-104
-101
-94
-78
-92
-127
-149
-174
-189
-187
-163
-174
-240
-255
-259
-294
-293
-279
-277
-288
-181
-33
-108
-309
-189
166
248
59
41
263
283
143
261
551
580
331
222
380
511
457
401
453
416
256
197
301
360
267
167
126
55
20
77
62
-38
-53
-19
-118
-228
-131
-44
-164
-251
-153
-112
-221
-249
-138
-117
-167
-124
-77
-140
-170
-87
-21
-11
11
16
-34
-37
35
101
122
218
239
119
84
194
330
381
379
321
204
182
300
344
318
309
198
42
22
123
165
84
22
-47
-136
-125
-61
-64
-103
-109
-158
-216
-185
-131
-147
-179
-148
-140
-182
-179
-140
-154
-155
-114
-111
-140
-153
-144
-146
-129
-63
-71
-124
-152
-159
-154
-118
-85
-107
-161
-197
-210
-219
-184
-153
-192
-260
-284
-291
-303
-282
-273
-299
-306
-161
-21
-135
-314
-164
171
229
48
76
292
261
124
279
576
574
316
228
381
473
418
405
451
386
218
170
274
316
237
159
92
2
-11
43
13
-67
-67
-62
-187
-262
-138
-69
-208
-268
-163
-147
-253
-243
-132
-138
-174
-111
-78
-141
-141
-74
-38
-19
37
41
-29
-17
44
80
128
250
268
123
89
181
291
388
409
329
177
152
268
300
311
332
201
19
3
95
144
101
45
-51
-152
-118
-58
-74
-77
-86
-158
-213
-164
-112
-138
-154
-119
-127
-167
-142
-118
-149
-133
-83
-99
-122
-124
-142
-159
-131
-58
-54
-113
-149
-178
-194
-145
-106
-127
-168
-220
-254
-243
-198
-174
-206
-248
-268
-316
-341
-293
-258
-290
-243
-76
-43
-221
-283
-16
243
173
59
195
315
200
160
409
618
495
292
303
415
430
396
438
454
325
180
173
242
239
187
129
28
-57
-41
-17
-79
-118
-72
-121
-267
-270
-147
-155
-270
-241
-158
-199
-264
-197
-131
-165
-143
-70
-81
-128
-90
-37
-22
20
70
46
3
31
73
83
185
285
217
121
149
233
291
343
370
281
172
204
249
237
273
262
127
19
29
58
40
26
12
-68
-127
-101
-105
-124
-95
-93
-145
-162
-132
-146
-166
-125
-93
-127
-141
-108
-130
-154
-118
-99
-116
-111
-108
-145
-166
-131
-88
-110
-124
-129
-169
-201
-179
-154
-146
-162
-209
-249
-263
-254
-232
-226
-224
-258
-336
-355
-327
-313
-270
-117
10
-92
-279
-174
134
240
166
242
353
225
121
355
614
548
390
432
462
322
292
487
580
372
169
200
251
165
107
173
136
-64
-147
-46
-68
-187
-162
-95
-211
-338
-244
-158
-261
-308
-209
-197
-259
-209
-129
-178
-189
-78
-36
-98
-77
4
-4
-24
54
106
71
72
101
91
113
232
297
223
188
169
185
281
383
346
207
151
184
160
164
242
187
36
-31
-39
-32
0
32
-32
-147
-160
-113
-115
-106
-81
-118
-156
-129
-119
-127
-116
-95
-117
-139
-105
-82
-111
-128
-126
-142
-119
-82
-114
-152
-163
-160
-148
-125
-109
-147
-205
-212
-196
-180
-147
-162
-242
-272
-265
-242
-233
-232
-235
-288
-340
-327
-299
-293
-212
-53
10
-112
-204
-58
166
261
287
300
271
265
349
427
469
536
572
460
318
338
430
465
426
333
228
177
169
139
96
73
20
-66
-122
-145
-161
-156
-153
-227
-289
-261
-210
-218
-236
-242
-255
-238
-164
-127
-149
-130
-74
-71
-87
-35
32
34
37
59
60
60
105
139
106
126
217
243
193
179
187
199
247
294
265
190
175
171
131
135
161
133
68
14
-45
-67
-26
6
-41
-107
-113
-105
-107
-97
-76
-80
-78
-74
-98
-109
-82
-51
-67
-100
-85
-82
-94
-102
-118
-142
-142
-120
-122
-167
-183
-173
-172
-170
-165
-174
-195
-210
-219
-227
-219
-192
-212
-243
-250
-254
-249
-245
-234
-247
-288
-295
-292
-296
-280
-143
15
30
-68
-122
-5
206
331
343
313
296
338
394
453
503
522
522
477
387
335
378
443
412
283
187
162
161
137
86
9
-57
-84
-91
-110
-156
-189
-199
-230
-257
-251
-217
-177
-177
-221
-251
-223
-146
-73
-60
-64
-55
-48
-23
8
41
76
94
102
90
85
109
156
183
191
191
203
210
207
200
187
202
230
230
192
147
99
77
86
97
97
61
7
-33
-66
-62
-29
-15
-32
-67
-97
-97
-92
-71
-37
-36
-55
-69
-76
-60
-60
-69
-71
-81
-91
-97
-102
-127
-152
-157
-148
-145
-158
-175
-190
-203
-192
-176
-175
-181
-200
-211
-209
-204
-191
-184
-197
-217
-214
-207
-192
-186
-218
-227
-234
-232
-227
-225
-238
-190
-62
43
40
-40
-50
74
220
310
344
307
272
291
377
445
447
419
397
370
338
324
318
307
281
231
174
123
93
87
71
2
-73
-108
-97
-82
-82
-116
-183
-234
-223
-161
-122
-131
-161
-185
-180
-149
-87
-50
-49
-40
-29
-25
-14
5
29
51
73
86
64
57
89
126
143
147
151
155
156
177
190
183
179
187
183
167
152
136
113
98
104
81
42
9
-7
-8
-16
-29
-53
-64
-65
-66
-64
-50
-47
-68
-78
-50
-23
-54
-40
-26
-61
-57
-36
-60
-61
-43
-57
-111
-152
-112
-111
-129
-128
-132
-170
-148
-132
-162
-134
-163
-175
-141
-124
-149
-196
-188
-163
-138
-134
-156
-174
-179
-154
-135
-155
-176
-186
-190
-189
-184
-161
-99
-15
40
29
-3
4
68
162
250
280
233
182
190
272
341
350
311
255
229
244
276
282
230
165
132
127
136
128
94
43
-2
-33
-28
-21
-32
-39
-70
-102
-113
-106
-80
-74
-78
-78
-86
-94
-89
-52
-29
-24
-20
-33
-39
-35
-17
13
15
17
19
20
38
53
68
77
84
82
92
110
125
129
127
123
115
116
126
123
92
73
81
80
71
55
39
24
19
35
52
48
27
21
3
11
37
-3
12
35
9
-7
-36
-37
-36
-14
-25
-77
-50
-41
-73
-81
-99
-90
-62
-61
-73
-110
-139
-111
-63
-67
-76
-87
-126
-106
-83
-104
-103
-96
-129
-125
-116
-120
-115
-126
-141
-118
-100
-121
-137
-132
-130
-138
-121
-122
-136
-144
-151
-148
-128
-76
-21
13
9
-13
-11
24
89
157
183
171
141
138
170
220
253
249
217
185
173
196
225
213
171
135
116
105
107
97
72
26
-6
-15
-24
-26
-30
-38
-63
-87
-87
-85
-72
-62
-67
-85
-104
-81
-44
-49
-62
-61
-62
-66
-49
-29
-26
-31
-23
-24
-15
4
25
28
4
33
47
61
100
107
104
104
77
66
63
60
64
71
88
95
76
66
72
51
23
16
6
25
49
25
11
17
22
5
-11
-26
2
-11
-37
-31
-28
-15
1
2
-64
-57
-8
-24
-46
-34
-46
-63
-49
-43
-67
-73
-77
-97
-85
-84
-102
-120
-121
-134
-135
-85
-110
-137
-133
-143
-143
-124
-83
-98
-132
-137
-146
-134
-109
-102
-98
-117
-141
-139
-116
-105
-107
-90
-102
-114
-64
-6
33
50
55
53
71
109
156
194
194
181
183
209
233
252
243
211
176
162
180
192
170
129
94
65
53
44
43
8
-39
-74
-83
-66
-52
-54
-72
-105
-116
-95
-89
-79
-70
-60
-61
-81
-71
-50
-45
-41
-38
-23
-14
-2
1
0
14
29
38
40
51
57
59
68
77
85
78
66
75
82
86
87
80
67
60
65
62
59
60
36
23
26
30
41
38
35
7
10
16
41
41
-1
27
-13
5
25
8
6
-27
-42
-42
-15
-19
-44
-83
-53
-62
-85
-72
-81
-89
-127
-95
-93
-109
-112
-133
-115
-126
-120
-91
-112
-117
-122
-145
-101
-74
-96
-123
-129
-110
-83
-97
-90
-63
-89
-112
-109
-84
-89
-89
-75
-89
-79
-81
-98
-108
-102
-65
-5
62
73
67
82
100
118
170
210
208
175
163
208
239
262
250
213
163
128
134
138
129
88
34
5
-5
4
8
-17
-59
-99
-104
-93
-88
-76
-83
-99
-104
-81
-59
-60
-58
-59
-55
-46
-28
-4
-2
-7
16
34
34
34
34
23
26
42
51
61
69
64
61
70
82
78
66
57
48
57
76
82
80
68
56
57
62
68
61
49
29
24
42
44
44
42
42
28
7
-4
-2
8
-30
-46
-21
-13
-17
-26
-51
-78
-87
-92
-89
-102
-91
-103
-109
-72
-83
-107
-113
-152
-156
-132
-121
-112
-104
-96
-112
-106
-114
-120
-96
-132
-96
-88
-110
-91
-95
-82
-89
-88
-119
-120
-98
-117
-129
-116
-127
-154
-156
-143
-154
-140
-70
5
67
105
120
136
146
180
214
241
249
247
271
312
336
328
302
251
210
176
156
149
120
82
52
31
9
-10
-43
-82
-121
-141
-155
-153
-146
-139
-121
-123
-110
-98
-96
-97
-77
-45
-32
-19
4
24
47
82
112
118
98
81
74
79
97
108
116
118
106
93
96
101
93
76
52
41
42
48
63
60
52
44
33
38
32
34
28
17
21
29
38
44
46
45
35
31
19
18
17
9
5
-2
-9
-7
-19
-42
-64
-87
-85
-94
-111
-139
-151
-139
-142
-152
-158
-162
-161
-188
-204
-188
-168
-146
-128
-127
-128
-118
-110
-106
-102
-107
-109
-112
-115
-115
-122
-125
-136
-155
-170
-175
-200
-226
-236
-257
-260
-208
-108
7
88
124
145
181
229
276
320
331
319
326
372
425
441
438
400
336
289
243
205
145
83
47
25
8
-16
-39
-75
-124
-172
-202
-217
-223
-211
-176
-160
-144
-118
-93
-67
-45
-15
-2
4
21
55
96
142
183
202
208
197
182
160
139
122
110
104
104
113
106
101
89
69
47
29
8
-8
-15
-13
1
15
36
43
44
37
30
32
37
47
60
77
90
100
107
113
122
112
95
79
62
43
22
10
-4
-18
-31
-47
-74
-99
-129
-155
-170
-183
-193
-206
-214
-210
-208
-204
-188
-180
-170
-169
-159
-144
-132
-116
-105
-99
-100
-106
-118
-125
-138
-150
-170
-183
-197
-207
-214
-232
-254
-281
-303
-312
-301
-237
-106
20
99
151
205
272
328
368
389
379
361
379
427
458
461
443
414
368
304
231
152
70
4
-40
-71
-109
-136
-148
-161
-183
-215
-241
-269
-278
-255
-223
-199
-164
-106
-49
-2
37
61
74
84
121
152
165
180
208
239
258
263
245
204
161
124
95
59
26
5
-7
-11
-7
-13
-30
-45
-63
-86
-101
-94
-78
-47
-11
26
47
82
111
133
153
162
164
158
160
167
177
183
189
192
177
157
117
69
26
-11
-46
-75
-108
-134
-151
-163
-170
-180
-196
-212
-232
-251
-260
-256
-236
-214
-193
-165
-138
-121
-101
-86
-71
-65
-73
-68
-67
-62
-62
-71
-83
-110
-142
-174
-206
-227
-246
-263
-279
-306
-324
-338
-335
-283
-167
-43
33
89
173
268
341
399
422
415
404
413
428
428
415
409
410
384
321
237
161
82
10
-56
-120
-189
-230
-223
-215
-221
-235
-236
-239
-237
-228
-221
-206
-172
-117
-57
-11
38
98
148
186
205
213
201
198
212
223
221
216
206
187
160
135
95
43
3
-38
-76
-107
-120
-115
-105
-98
-100
-102
-96
-69
-53
-38
-13
7
38
82
122
164
200
232
252
266
260
245
229
220
217
198
179
160
126
95
58
19
-15
-63
-108
-152
-181
-199
-205
-205
-210
-212
-220
-215
-206
-209
-196
-187
-173
-161
-142
-114
-86
-52
-29
-18
-20
-19
-27
-33
-48
-76
-110
-141
-154
-169
-193
-215
-237
-254
-252
-269
-290
-315
-334
-342
-342
-291
-189
-60
52
140
236
340
430
481
498
486
457
436
423
401
376
368
381
362
304
228
146
71
-6
-95
-186
-263
-313
-324
-317
-297
-268
-237
-213
-214
-205
-185
-162
-132
-101
-67
-24
43
121
182
227
258
265
269
253
231
212
193
173
139
111
85
62
39
13
-23
-69
-109
-148
-169
-182
-192
-190
-174
-155
-125
-91
-55
-14
25
60
85
112
142
179
214
243
266
280
294
291
281
266
243
209
168
117
69
24
-14
-46
-83
-112
-139
-161
-177
-189
-206
-212
-213
-219
-220
-217
-206
-189
-166
-141
-119
-107
-86
-72
-64
-55
-51
-46
-43
-46
-51
-58
-69
-83
-108
-145
-170
-197
-223
-244
-264
-279
-285
-281
-283
-288
-299
-299
-305
-316
-292
-213
-97
9
94
202
337
446
501
517
515
505
474
437
382
336
319
316
301
254
207
169
116
29
-72
-153
-222
-283
-337
-364
-359
-323
-266
-218
-199
-171
-122
-80
-60
-50
-37
-14
22
68
117
167
226
274
280
265
256
248
222
171
111
52
9
-16
-42
-71
-84
-97
-114
-142
-165
-170
-176
-178
-191
-193
-163
-123
-75
-28
20
72
120
167
195
220
244
257
259
251
244
248
250
238
205
175
146
108
62
9
-39
-88
-128
-157
-176
-185
-177
-178
-179
-181
-178
-172
-163
-156
-159
-146
-126
-107
-93
-89
-82
-75
-73
-74
-80
-85
-88
-90
-103
-111
-120
-134
-153
-177
-203
-228
-245
-260
-275
-276
-271
-271
-262
-259
-253
-259
-280
-291
-302
-294
-225
-103
8
84
182
334
461
509
525
537
533
488
427
364
322
298
288
261
218
192
184
147
64
-37
-112
-172
-259
-332
-371
-369
-340
-289
-241
-202
-143
-83
-39
-26
-18
13
38
38
50
84
130
181
224
240
251
270
276
248
190
139
93
31
-33
-81
-100
-106
-113
-127
-136
-125
-108
-107
-118
-123
-127
-118
-92
-74
-38
15
71
112
151
192
233
255
267
265
246
234
217
190
162
146
126
103
68
35
17
-6
-34
-64
-96
-122
-147
-170
-185
-190
-186
-179
-172
-160
-149
-128
-111
-109
-110
-118
-122
-130
-139
-140
-135
-129
-123
-122
-114
-110
-107
-116
-139
-168
-203
-223
-252
-273
-286
-291
-289
-278
-267
-261
-255
-257
-272
-287
-307
-322
-291
-209
-100
2
102
236
375
481
539
561
570
548
494
421
351
300
269
232
195
172
161
152
109
39
-25
-97
-174
-264
-346
-372
-382
-368
-341
-290
-223
-144
-72
-22
17
44
64
60
58
67
87
115
141
169
207
248
277
281
266
228
180
116
40
-33
-85
-126
-158
-173
-178
-160
-137
-124
-111
-103
-88
-83
-84
-79
-67
-37
3
40
71
121
173
219
259
278
283
275
250
211
179
149
118
90
57
33
25
14
5
-14
-33
-54
-83
-118
-152
-181
-196
-210
-213
-207
-194
-168
-145
-126
-118
-109
-114
-133
-150
-167
-175
-174
-172
-165
-154
-142
-128
-118
-117
-122
-147
-183
-210
-243
-274
-297
-316
-312
-306
-285
-262
-242
-227
-224
-232
-248
-264
-235
-148
-53
16
99
229
369
462
511
558
589
576
518
446
377
316
253
194
143
108
106
88
51
6
-31
-63
-132
-210
-275
-313
-345
-365
-358
-326
-256
-180
-108
-48
8
64
101
104
104
113
113
116
114
121
149
178
209
223
225
223
200
160
101
42
-12
-66
-125
-166
-179
-175
-164
-145
-120
-81
-46
-23
-6
-1
10
28
34
48
73
100
139
168
200
241
272
286
283
270
243
211
173
129
86
53
29
8
-7
-22
-27
-32
-53
-75
-97
-122
-146
-172
-192
-204
-206
-200
-190
-176
-153
-135
-119
-118
-119
-124
-130
-141
-153
-155
-157
-158
-153
-143
-126
-127
-128
-136
-148
-168
-201
-229
-252
-265
-273
-279
-292
-288
-291
-288
-277
-280
-249
-178
-87
-18
44
149
278
375
437
491
536
551
524
481
436
391
337
273
205
161
145
126
86
33
-3
-35
-92
-162
-222
-260
-294
-328
-352
-343
-305
-244
-189
-145
-88
-24
23
54
71
96
120
114
112
117
133
158
177
193
206
219
216
192
158
120
75
22
-38
-92
-127
-144
-150
-153
-147
-120
-86
-59
-33
-8
13
28
38
40
55
76
94
117
145
177
212
250
273
281
284
274
252
215
174
129
84
43
4
-28
-43
-51
-66
-81
-96
-115
-127
-145
-164
-180
-190
-202
-204
-199
-183
-166
-150
-136
-122
-110
-106
-99
-103
-111
-116
-120
-126
-134
-136
-138
-139
-148
-157
-167
-180
-196
-210
-226
-244
-251
-268
-288
-302
-314
-320
-305
-259
-184
-98
-17
79
195
314
413
479
528
565
563
532
488
438
392
332
268
214
180
159
129
94
54
16
-29
-88
-152
-207
-254
-297
-337
-356
-349
-312
-263
-215
-157
-95
-31
21
59
88
115
123
118
109
108
118
138
151
167
189
201
207
196
174
142
97
42
-18
-73
-119
-153
-170
-176
-162
-143
-116
-79
-37
-8
18
42
55
70
82
90
102
118
144
167
193
220
247
264
272
274
264
239
201
155
106
64
20
-18
-53
-77
-87
-97
-106
-112
-115
-122
-124
-141
-153
-165
-171
-176
-178
-171
-160
-147
-135
-116
-102
-88
-79
-72
-78
-90
-94
-104
-111
-123
-138
-152
-159
-168
-171
-182
-194
-202
-216
-218
-227
-240
-252
-269
-281
-282
-285
-247
-176
-88
-9
73
185
306
397
465
520
551
559
531
494
448
401
347
278
220
180
155
129
94
60
31
-5
-57
-108
-157
-199
-238
-283
-315
-317
-301
-266
-230
-192
-126
-61
-6
35
74
104
120
123
117
104
107
108
109
124
128
142
156
159
149
134
109
69
23
-26
-68
-105
-135
-158
-160
-146
-130
-103
-68
-27
5
41
66
84
98
107
116
116
126
134
146
168
191
207
230
241
243
237
215
184
147
101
54
7
-37
-75
-101
-118
-136
-144
-145
-148
-148
-155
-155
-153
-159
-168
-172
-174
-176
-171
-163
-153
-141
-121
-105
-96
-87
-82
-78
-80
-88
-94
-106
-118
-130
-137
-147
-157
-168
-174
-175
-178
-184
-199
-207
-230
-247
-259
-264
-247
-196
-121
-54
18
122
235
330
406
471
520
539
529
504
468
424
374
311
251
203
172
147
116
91
61
40
8
-38
-79
-125
-166
-215
-259
-283
-285
-279
-256
-225
-187
-127
-74
-23
23
62
93
107
112
109
111
111
114
115
116
127
136
146
148
143
134
114
88
60
26
-5
-34
-63
-83
-93
-90
-83
-64
-37
-2
36
58
82
102
115
124
126
128
128
134
139
144
155
171
185
194
195
186
174
152
126
90
46
7
-41
-90
-122
-147
-163
-171
-179
-177
-172
-161
-150
-143
-138
-138
-141
-147
-153
-159
-158
-152
-145
-134
-121
-109
-93
-81
-72
-65
-64
-70
-85
-104
-125
-148
-165
-180
-196
-205
-206
-216
-222
-225
-224
-221
-215
-183
-138
-79
-15
48
135
222
302
373
428
480
505
512
491
466
433
386
333
273
225
183
145
106
74
46
21
-5
-40
-68
-100
-139
-172
-201
-222
-224
-222
-211
-191
-160
-119
-74
-29
13
54
79
103
117
127
137
134
137
132
132
134
134
133
128
119
110
99
89
69
46
25
-1
-22
-39
-47
-47
-43
-33
-16
1
23
54
76
92
107
117
126
135
140
146
148
154
155
154
166
167
168
169
152
136
117
92
64
30
-10
-51
-87
-122
-148
-162
-171
-181
-176
-170
-161
-149
-138
-134
-131
-125
-134
-142
-144
-144
-147
-149
-146
-140
-129
-119
-114
-107
-100
-100
-107
-109
-117
-135
-149
-168
-180
-193
-207
-219
-233
-238
-244
-245
-227
-191
-136
-75
-19
48
137
228
304
363
412
452
470
466
446
421
391
344
289
235
196
169
131
92
65
44
21
-8
-45
-75
-108
-138
-174
-208
-221
-229
-229
-218
-200
-168
-126
-78
-38
6
46
74
96
109
120
123
126
122
119
121
119
122
124
122
116
114
101
90
77
55
32
9
-9
-26
-38
-43
-44
-30
-10
7
30
51
70
94
109
121
126
127
129
129
127
130
132
140
148
153
157
163
161
153
136
113
81
53
15
-23
-55
-90
-120
-135
-144
-154
-151
-145
-135
-123
-114
-108
-112
-109
-110
-121
-124
-127
-136
-139
-136
-136
-126
-120
-109
-103
-101
-100
-103
-109
-118
-137
-151
-168
-180
-183
-185
-189
-195
-199
-201
-201
-199
-178
-133
-78
-37
14
86
175
250
302
356
405
429
433
426
408
380
340
289
230
188
151
112
72
39
16
-2
-25
-49
-66
-84
-108
-134
-158
-173
-182
-192
-196
-191
-174
-141
-105
-68
-29
11
46
72
92
105
117
122
110
99
91
85
74
65
68
65
61
59
60
59
50
41
28
16
6
-4
-13
-21
-18
-12
-2
17
36
56
74
90
106
118
132
132
128
126
123
123
125
122
122
121
118
113
108
101
89
72
53
29
0
-28
-56
-85
-110
-127
-143
-151
-153
-147
-138
-126
-116
-105
-94
-87
-87
-90
-100
-109
-122
-134
-139
-148
-147
-143
-145
-138
-128
-127
-118
-116
-121
-118
-123
-137
-145
-154
-158
-169
-177
-185
-191
-185
-180
-157
-118
-68
-14
43
114
184
243
294
340
376
388
389
381
352
328
287
243
198
158
127
88
60
35
14
-3
-19
-43
-61
-83
-103
-130
-153
-169
-181
-188
-189
-186
-174
-147
-116
-82
-47
-12
21
44
63
77
89
89
83
80
68
59
53
46
44
44
47
53
55
56
57
52
43
39
27
12
3
-3
-11
-15
-5
5
17
29
43
57
69
81
90
97
103
105
103
109
109
111
113
112
113
108
100
96
83
68
58
31
10
-15
-42
-70
-93
-116
-131
-147
-150
-152
-145
-135
-126
-112
-108
-103
-105
-105
-112
-115
-123
-134
-137
-142
-142
-138
-136
-133
-127
-117
-114
-113
-116
-113
-111
-112
-118
-123
-134
-143
-155
-171
-174
-167
-149
-114
-62
-18
42
107
177
238
287
332
363
376
374
363
340
314
281
239
198
165
132
100
76
54
31
20
-2
-18
-32
-55
-74
-100
-126
-142
-156
-167
-173
-172
-157
-137
-117
-85
-53
-24
14
34
55
71
79
87
88
82
76
65
55
52
44
46
43
41
45
49
46
44
44
35
29
22
12
-1
-4
-8
-12
-15
-6
3
13
23
37
52
63
72
83
91
100
103
102
106
103
101
100
96
88
81
72
64
49
37
15
-13
-39
-62
-87
-114
-134
-147
-161
-162
-161
-155
-144
-135
-125
-123
-121
-117
-122
-125
-129
-138
-140
-145
-145
-146
-146
-145
-140
-132
-126
-120
-119
-116
-115
-115
-118
-124
-132
-140
-155
-166
-177
-169
-153
-122
-80
-36
22
85
156
212
263
305
336
354
355
343
315
288
250
205
165
130
106
79
57
44
33
21
6
-10
-25
-41
-61
-87
-108
-128
-139
-154
-159
-164
-152
-131
-111
-90
-57
-25
2
28
47
69
81
87
91
85
78
69
61
52
46
44
46
42
43
44
48
50
53
48
43
39
30
23
10
3
-4
-4
-9
-5
-2
6
20
30
46
57
68
77
85
91
92
94
94
93
94
85
83
78
68
58
44
33
11
-5
-29
-55
-80
-99
-116
-132
-142
-157
-155
-151
-142
-134
-127
-126
-122
-122
-119
-121
-127
-131
-138
-137
-139
-141
-141
-136
-128
-126
-116
-107
-104
-104
-104
-106
-106
-103
-112
-124
-130
-149
-159
-159
-149
-130
-97
-57
-15
41
95
156
205
251
287
308
321
325
313
291
262
228
193
161
131
99
83
59
42
36
27
17
1
-16
-34
-55
-75
-94
-110
-126
-138
-142
-145
-135
-121
-103
-82
-63
-34
-10
15
32
49
58
69
71
72
71
61
55
45
46
39
45
44
48
53
53
65
66
68
67
63
54
43
33
27
16
9
2
-4
1
9
16
29
42
53
70
81
94
103
106
117
112
110
107
98
84
74
62
47
36
20
4
-20
-32
-51
-68
-85
-105
-119
-130
-137
-137
-134
-132
-128
-125
-122
-115
-113
-113
-117
-117
-122
-126
-131
-133
-130
-128
-127
-130
-118
-107
-97
-94
-85
-76
-70
-62
-63
-65
-61
-63
-67
-79
-91
-92
-93
-86
-71
-47
-23
12
51
93
131
169
203
225
241
246
240
228
208
181
151
126
103
83
64
50
44
40
38
36
26
21
11
0
-12
-35
-49
-67
-86
-94
-102
-104
-107
-94
-80
-65
-51
-28
-8
5
24
36
45
50
47
42
39
33
27
28
29
33
40
49
62
69
79
86
92
92
85
79
66
48
42
31
21
13
6
8
11
20
31
41
51
66
79
89
97
105
103
99
90
77
63
52
44
32
25
15
6
-5
-12
-23
-33
-44
-60
-70
-80
-89
-95
-100
-100
-103
-104
-104
-102
-104
-97
-94
-95
-93
-94
-94
-92
-94
-91
-85
-85
-78
-76
-70
-61
-62
-61
-55
-53
-53
-56
-54
-55
-51
-56
-57
-65
-74
-74
-77
-74
-67
-52
-30
-4
31
63
99
133
167
191
210
224
229
229
218
201
180
158
133
111
89
79
64
58
49
47
46
36
29
17
9
-10
-28
-47
-67
-83
-99
-111
-112
-102
-96
-83
-66
-41
-23
-2
11
24
36
45
50
50
46
43
44
48
54
60
65
74
81
87
87
85
82
84
72
58
47
33
23
7
1
-5
-11
-3
3
6
21
35
48
62
66
73
79
75
71
59
48
42
31
21
18
6
-1
-7
-10
-19
-28
-36
-48
-56
-66
-76
-85
-96
-102
-110
-111
-115
-115
-112
-114
-106
-108
-105
-97
-92
-86
-88
-83
-79
-75
-72
-64
-62
-54
-42
-43
-39
-37
-37
-36
-40
-40
-40
-47
-48
-52
-54
-57
-59
-60
-65
-60
-56
-45
-32
-20
4
25
51
76
96
115
129
141
151
152
146
141
131
116
104
93
83
70
60
55
47
39
34
26
18
11
-3
-13
-28
-40
-50
-64
-70
-75
-76
-72
-65
-60
-51
-36
-25
-13
-2
11
21
29
38
41
48
56
54
54
63
58
61
68
66
63
57
54
53
52
47
45
33
30
25
18
19
16
16
17
25
33
34
38
43
50
55
60
58
60
58
50
44
37
30
21
12
-1
-10
-15
-22
-27
-31
-39
-46
-51
-60
-57
-62
-64
-69
-70
-72
-71
-72
-73
-71
-70
-65
-59
-55
-44
-38
-36
-33
-30
-24
-22
-24
-24
-23
-31
-33
-31
-33
-33
-32
-31
-25
-23
-24
-21
-15
-9
-8
-12
-5
-4
-6
-7
-2
1
7
7
13
24
30
41
44
52
55
56
59
59
62
56
58
62
55
56
54
54
54
49
49
48
45
41
35
31
26
26
16
13
14
12
9
13
14
11
13
15
15
12
12
6
12
8
13
12
13
17
18
15
14
15
12
12
12
13
10
8
13
14
12
16
22
26
29
33
35
35
34
35
38
37
37
38
32
35
35
31
29
19
14
9
6
-4
-10
-18
-24
-32
-41
-48
-51
-60
-63
-61
-59
-57
-52
-45
-43
-37
-28
-23
-25
-24
-19
-17
-15
-18
-22
-20
-20
-22
-19
-17
-14
-14
-17
-14
-17
-18
-22
-26
-31
-32
-34
-37
-36
-35
-28
-26
-26
-23
-9
-5
1
4
2
8
19
24
22
23
26
30
34
30
32
38
37
36
34
31
34
31
30
22
23
25
21
20
19
17
19
22
21
19
22
21
21
18
13
17
15
18
14
14
21
25
27
25
25
26
34
31
31
31
34
31
27
22
26
30
24
20
19
28
19
16
19
25
20
14
17
27
29
26
35
37
44
45
42
42
40
43
41
43
38
33
35
32
27
24
23
25
21
8
3
4
-1
-15
-28
-26
-29
-40
-42
-45
-40
-30
-34
-38
-29
-17
-17
-22
-18
-11
-9
-11
-14
-6
1
-3
-11
-8
-3
-4
-7
-3
2
-4
-6
2
5
-4
-19
-15
-4
-13
-31
-25
-7
-14
-23
-16
2
2
-2
5
20
29
27
28
40
41
35
35
36
36
26
20
22
22
16
14
25
23
15
16
19
22
19
14
17
19
13
9
21
13
-2
1
9
2
-9
-8
3
1
-7
-7
3
7
-2
1
9
13
4
9
20
18
10
20
31
18
12
24
25
17
17
25
30
17
16
31
33
24
24
37
39
34
39
49
45
44
53
54
51
48
53
47
45
42
37
30
26
30
25
20
18
18
7
3
6
9
-8
-21
-15
-20
-26
-29
-30
-32
-42
-41
-30
-22
-22
-14
-9
-9
-6
-6
-8
-6
-4
-16
-18
-11
-15
-11
-14
-14
-4
-8
-7
-6
-7
-11
-11
-10
-20
-25
-21
-19
-23
-25
-21
-9
-13
-12
-2
3
1
4
11
15
11
16
20
19
16
18
25
18
15
20
17
9
12
17
11
10
10
5
4
8
6
5
-1
1
0
-9
-11
-8
-3
-12
-12
-5
-4
-4
-4
-3
-3
1
4
5
5
2
-1
1
-1
0
-4
-4
-1
3
8
13
19
20
24
25
29
30
28
23
26
27
30
35
37
35
38
42
43
54
51
56
51
54
59
55
53
54
50
45
36
36
33
32
30
28
24
20
15
10
8
-1
-5
-11
-11
-19
-19
-20
-26
-23
-26
-19
-19
-14
-10
-7
-4
-4
3
0
-4
-6
-6
-11
-18
-19
-23
-25
-23
-25
-22
-22
-19
-19
-14
-8
-11
-14
-10
-7
-11
-10
-8
-8
-15
-14
-13
-12
-7
-7
-1
-1
0
7
14
14
11
15
17
16
9
6
5
0
-2
-6
-9
-6
-8
-9
-5
-5
0
1
-2
-2
-7
-5
-3
-9
-7
-11
-12
-12
-10
-13
-10
-8
-11
-7
-8
-9
-8
-4
-1
-1
1
6
7
17
12
17
20
18
19
19
23
23
25
23
26
28
32
32
37
37
42
45
44
43
44
47
48
45
41
48
47
49
51
46
44
47
45
40
36
35
34
29
23
21
14
14
11
5
-2
-4
-9
-13
-13
-13
-16
-22
-22
-23
-25
-22
-22
-17
-15
-15
-10
-6
-9
-11
-10
-11
-8
-13
-8
-6
-7
-6
-11
-6
0
-1
2
-2
-3
1
-5
-6
-4
-6
-6
-3
-2
1
-3
2
3
4
10
5
8
8
7
13
10
11
9
15
20
18
15
15
12
10
10
4
-3
-7
-9
-10
-11
-16
-16
-14
-14
-7
-10
-13
-12
-11
-7
-13
-9
-15
-21
-25
-25
-22
-19
-17
-15
-13
-12
-7
-5
0
6
4
9
13
10
13
20
19
16
16
16
11
14
15
13
12
8
10
9
9
7
11
12
14
22
24
31
32
32
37
39
37
36
36
34
25
26
22
20
22
18
18
15
12
12
9
8
0
-8
-10
-21
-24
-29
-34
-34
-38
-35
-35
-33
-33
-28
-26
-23
-19
-20
-17
-18
-10
-12
-12
-11
-9
-10
-9
-13
-14
-10
-9
-10
-6
-4
-11
-8
-9
-8
-10
-9
-6
-9
-8
-7
-7
-5
-5
-5
-4
-2
-3
-1
-2
0
8
7
3
5
16
7
9
10
6
3
1
-3
-5
-10
-11
-16
-13
-12
-11
-10
-15
-14
-13
-12
-14
-11
-16
-13
-15
-14
-19
-20
-20
-15
-17
-18
-13
-11
-7
-10
-8
-2
1
1
2
5
6
4
4
3
6
6
10
12
7
11
6
7
10
12
19
20
19
23
25
29
28
30
31
33
34
30
32
30
29
29
28
26
25
26
24
25
24
20
20
19
14
14
13
2
-1
-7
-13
-15
-14
-18
-17
-20
-19
-19
-17
-12
-10
-9
-7
-3
-1
0
0
-1
-1
1
0
-3
-7
-5
-10
-9
-7
-12
-6
-1
-2
2
4
5
8
10
11
8
7
6
8
7
2
3
5
5
6
6
11
12
13
8
12
7
2
7
2
5
9
-1
-3
-4
-4
-6
-6
-10
-14
-12
-13
-10
-10
-7
-7
-9
-6
-5
-5
-9
-8
-6
-10
-7
-9
-7
-11
-12
-6
-8
-6
-8
-4
-5
-5
2
0
-1
-2
1
1
0
7
4
8
9
8
9
8
9
13
11
9
7
3
8
11
14
14
16
22
22
25
29
28
26
23
26
25
20
18
21
21
17
12
11
11
8
5
1
1
-3
-4
-11
-14
-14
-20
-21
-19
-21
-18
-19
-17
-21
-18
-15
-14
-11
-9
-10
-6
-4
-7
-6
-5
-5
-7
-7
-8
-6
-9
-8
-4
-5
-2
-1
-2
3
4
4
8
6
9
12
10
11
17
16
13
17
16
14
15
15
11
13
13
13
8
7
8
7
4
1
0
-5
-9
-5
-8
-10
-15
-14
-16
-17
-13
-11
-4
-4
-2
-6
-3
-4
-11
-10
-10
-11
-6
-7
-9
-10
-9
-5
-4
-2
-1
1
4
3
4
5
5
6
7
7
7
3
6
9
8
4
2
6
6
9
10
8
11
17
18
20
28
29
32
34
36
34
33
35
31
29
31
27
23
26
24
22
20
17
18
16
12
11
4
3
0
-5
-6
-12
-8
-10
-14
-13
-16
-17
-19
-26
-26
-21
-23
-21
-24
-22
-22
-16
-14
-5
-5
-4
-2
-4
-2
-3
1
0
4
0
2
6
6
1
7
8
7
10
12
11
7
14
9
16
13
9
11
10
11
10
8
9
10
9
11
10
14
10
9
7
6
7
1
1
1
-3
-5
-9
-5
-8
-9
-3
-4
-4
-3
-4
-2
-10
-4
-5
-9
-10
-9
0
-3
-3
-1
3
1
4
8
10
13
17
18
20
18
17
19
12
12
10
8
10
9
9
8
8
8
9
13
15
18
17
16
21
23
23
25
23
26
25
29
31
32
30
30
32
32
26
27
32
28
24
22
21
14
17
14
10
5
3
3
-2
-4
-3
-9
-8
-8
-9
-9
-17
-12
-14
-13
-15
-13
-14
-10
-10
-10
-4
-5
-1
5
4
4
1
10
9
7
7
7
8
6
8
8
11
12
11
10
14
12
14
13
17
17
19
19
18
17
17
17
16
16
16
17
14
8
13
8
8
10
6
10
3
2
0
-4
-5
-2
-5
-8
-5
-8
-8
-6
-6
-2
-2
0
1
0
-2
2
-1
-3
5
-1
3
4
3
2
7
7
12
13
10
15
15
14
18
16
20
16
16
15
12
17
16
19
18
17
15
18
19
20
21
19
24
24
26
23
26
29
25
25
25
23
18
17
21
19
19
19
14
14
18
13
11
9
7
6
4
4
5
1
-3
-3
-5
-10
-10
-11
-13
-15
-10
-13
-20
-17
-17
-18
-15
-13
-11
-17
-12
-9
-9
-13
-13
-8
-6
-5
-8
-7
-5
-5
-1
-1
-1
-2
3
2
2
0
5
10
11
16
13
11
13
15
11
15
11
11
9
6
7
6
4
6
6
-1
-1
0
-4
-2
-5
-9
-12
-12
-9
-10
-10
-12
-11
-8
-9
-9
-7
-6
-5
-5
-4
-5
0
1
3
3
3
6
7
11
9
7
11
12
11
15
19
18
20
20
21
25
26
28
32
34
28
29
32
30
32
35
32
34
38
37
40
39
37
35
39
36
32
29
35
33
27
28
32
31
31
30
24
27
26
21
19
