4.150607  -1.402113  -0.333711  3.576888  5.156460  1.613200  2.114646  1.131136  -0.795419  -0.020103  0.372022  0.216506  
4.300626  0.359737  -0.850697  1.214136  3.512300  3.059637  2.091147  -0.545949  0.134811  0.121492  0.321093  0.088843  
4.907914  2.245660  3.557516  4.929624  4.634085  -0.625314  -0.236918  0.871811  0.137168  -0.786233  -0.281880  0.020448  
5.671395  -0.711807  0.103392  2.963987  2.943952  -0.755506  1.295064  1.043978  0.302689  -0.567837  -0.453438  -0.000133  
4.753464  -1.734495  0.758166  4.227946  2.749970  0.550304  3.047444  2.301789  -0.195259  -0.731659  -0.070266  0.143184  
2.136673  1.470436  2.120879  1.400762  2.327255  1.470368  1.790485  0.769135  0.934507  0.336120  0.266296  0.074110  
5.271949  2.988454  2.861057  2.731435  2.480615  -0.527982  -0.292961  -0.644981  -0.561453  -0.375772  -0.104807  -0.017746  
-1.216251  -0.620230  4.982748  2.800369  -1.235944  0.667393  2.485562  0.348103  0.146701  0.341410  0.344476  0.010447  
3.036140  0.520957  1.043179  2.532696  3.896891  1.682132  1.536424  0.711871  0.573609  -0.117977  0.081169  0.130804  
3.538084  0.385719  1.243265  1.995968  2.337157  1.055208  2.614996  1.737175  0.302789  -0.711664  -0.138705  0.110127  
3.253007  2.857562  3.540571  2.686671  2.827129  0.882211  0.955201  -0.068285  0.146967  -0.197214  0.126916  0.001569  
6.344061  0.038105  -0.026413  2.060451  1.930658  -2.100747  -0.531095  0.064463  0.609548  -0.284794  -0.430059  -0.036727  
0.899014  -1.214431  3.203390  5.463050  1.686173  0.754411  0.950133  1.289278  1.250589  0.160514  0.087491  0.090925  
1.847736  1.200202  2.157998  1.163114  1.460910  0.493314  1.641515  0.587695  0.590533  0.244619  0.259659  0.055150  
0.824300  -0.425800  3.450610  0.212487  1.441840  1.074086  0.286687  0.392978  0.224539  0.194543  0.275785  0.022099  
-0.442999  -0.317981  4.114524  1.563850  -1.263622  0.603960  2.702324  1.151766  0.030238  0.296831  0.243712  -0.007350  
5.290099  -1.785906  -1.457883  3.725807  4.621339  1.243444  1.851912  0.904456  0.093049  -0.390340  0.030835  0.161099  
5.131181  0.613986  0.152640  1.461279  2.715798  1.694460  2.809128  0.773770  -0.185607  0.771104  0.484181  0.060970  
5.095146  2.414335  3.186659  4.380796  3.793136  -0.325251  -0.541747  -0.071339  0.239517  -0.678909  -0.290247  -0.025281  
5.873461  -0.010917  -0.619742  2.130089  3.097595  -0.200821  0.796885  0.100136  0.599048  -0.279926  -0.357888  -0.018771  
5.318702  -2.549077  -0.366775  4.040539  2.812217  1.235316  2.455233  0.904107  -0.456769  -0.579035  0.044665  0.147336  
2.413790  1.460463  2.088304  1.766926  2.441860  0.601116  1.042041  0.887531  0.935665  0.106466  0.136050  0.054518  
5.959742  2.327710  1.521678  -0.393149  3.200235  0.128245  -0.868763  -0.487716  -0.020781  -0.392000  -0.163764  -0.023226  
-0.626126  -0.843393  4.250051  3.500188  -0.677022  -0.553200  1.987302  0.862482  0.043395  0.042039  0.364168  0.048119  
2.976660  1.500138  2.081949  1.618525  2.738308  1.658232  2.189463  0.406958  -0.016151  -0.042021  0.237718  0.101991  
4.545889  0.587217  1.526731  1.898282  1.379619  0.353560  2.540695  0.691662  -0.514675  -0.303567  0.191234  0.077959  
1.969876  1.433022  2.143831  1.347394  1.956980  1.083609  1.159000  0.060371  0.680613  0.178366  0.245717  0.057174  
6.202578  2.154748  1.306935  2.052517  2.154128  -1.652137  -1.678872  -1.576007  0.036687  -0.239469  -0.399871  -0.116125  
2.172854  -0.733058  2.935570  4.360301  1.385169  1.440063  2.583936  1.263603  0.255852  -0.053635  0.159331  0.129006  
2.419018  1.414474  2.370285  1.377922  1.260774  -0.073611  0.560671  -0.407830  0.161965  0.073926  0.185050  0.031160  
0.373655  -0.802682  -0.226770  -0.428272  0.486601  0.178962  0.472551  0.250626  0.240377  0.119999  -0.027004  -0.078357  
0.125582  0.013715  4.041506  1.517472  -1.114818  0.419073  1.852559  0.240849  -0.420360  0.162137  0.113404  -0.023763  
